280000 10000000 58720 35
111 60
142 72
158 83
173 91
199 101
218 111
232 119
242 125
0 128
255 130
250 134
255 134
250 132
240 128
232 126
216 126
189 107
166 78
152 64
138 66
119 70
95 62
76 42
62 29
50 25
39 29
29 29
23 23
21 13
25 11
31 17
41 25
52 31
68 35
85 39
105 48
126 62
146 76
167 83
187 91
205 101
220 109
236 121
246 126
253 130
255 132
257 132
253 132
246 130
238 126
224 119
207 111
189 101
173 93
152 83
130 74
111 62
91 50
74 42
58 37
42 29
33 21
27 17
25 15
23 17
27 17
35 19
44 23
58 31
74 39
91 46
113 56
132 66
154 78
173 89
195 101
216 117
226 123
228 117
236 111
251 115
257 125
255 132
250 128
244 125
236 119
222 117
205 115
185 107
166 95
146 80
125 68
103 60
83 50
68 41
52 31
41 23
29 17
25 15
23 15
23 15
27 15
37 19
48 27
0 35
78 42
97 48
109 58
11 68
158 80
177 91
197 99
214 109
228 115
240 123
0 128
255 132
257 134
255 130
250 128
236 126
230 125
214 117
199 107
181 97
162 87
140 78
119 68
99 58
82 46
64 39
48 31
39 25
29 21
25 17
21 15
25 15
31 19
39 25
56 37
68 44
76 39
91 33
119 42
146 66
167 87
183 95
201 97
218 103
234 117
246 132
251 138
255 134
255 128
253 128
248 130
238 128
224 119
208 107
195 99
175 93
154 87
132 76
115 64
95 52
68 44
58 37
44 31
35 21
27 17
23 15
21 15
25 17
33 19
42 23
54 29
70 37
89 46
109 54
128 64
150 72
171 83
189 97
207 107
222 113
236 119
246 125
253 132
257 134
255 134
253 132
246 128
236 125
222 119
207 111
189 103
169 93
150 82
128 72
109 64
91 56
78 52
54 41
33 21
23 5
23 3
25 9
23 15
25 15
33 15
46 19
62 31
78 44
95 54
113 60
134 64
156 76
175 89
191 99
210 107
228 113
238 119
248 125
253 130
255 132
255 134
251 130
242 126
232 123
218 117
201 109
183 99
162 87
144 78
123 70
103 60
82 48
66 39
52 33
41 27
29 21
23 17
23 15
25 17
29 19
37 23
48 27
64 33
80 42
99 52
119 60
140 70
162 80
179 91
199 101
216 111
230 117
242 125
251 130
255 134
257 136
255 136
250 132
242 130
234 134
212 123
185 95
167 72
156 68
140 74
119 72
95 58
78 39
64 29
50 31
39 35
29 27
23 15
21 7
27 11
31 21
39 27
52 27
68 31
87 39
105 52
125 66
146 76
167 83
187 91
205 101
220 113
234 123
246 126
251 126
255 128
257 132
253 134
183 132
238 125
224 117
210 111
187 105
171 95
144 83
130 72
111 60
91 52
74 44
58 37
44 29
33 23
27 17
23 17
21 15
25 15
35 17
46 25
58 33
74 39
91 46
111 56
132 68
154 80
173 91
195 103
214 117
218 115
226 111
240 109
253 119
259 130
255 134
250 130
246 123
238 121
222 121
205 117
185 105
167 91
146 80
126 72
105 62
85 52
68 41
52 29
41 23
31 21
17 19
23 17
23 13
29 15
37 19
48 27
62 35
78 41
95 46
117 56
138 70
158 82
177 89
197 99
214 105
228 115
240 123
250 128
255 132
257 132
253 132
250 130
242 128
230 121
216 113
199 107
181 99
160 89
140 78
121 68
101 58
82 48
64 41
50 31
39 25
29 21
25 17
23 17
25 17
29 19
42 27
56 41
60 37
72 27
95 29
123 48
146 72
164 87
183 91
201 93
220 105
234 121
244 132
251 134
255 130
257 128
253 130
248 132
240 128
224 119
210 107
193 99
175 93
156 87
136 78
115 64
95 54
78 46
60 39
46 33
35 23
27 17
23 13
21 13
25 15
33 19
42 23
54 27
70 35
89 44
109 56
128 64
148 74
169 83
187 93
207 105
222 115
236 121
246 126
253 130
255 132
257 132
253 134
246 130
236 125
222 117
208 111
189 103
169 93
150 83
130 72
111 66
95 62
74 54
48 35
31 13
27 3
27 7
25 15
23 17
25 13
35 13
48 21
60 35
78 46
93 52
113 58
134 64
154 76
173 89
193 99
208 105
224 109
238 117
248 125
253 128
259 132
257 134
251 132
244 128
232 125
218 119
203 111
183 99
164 89
144 78
123 68
103 60
83 50
66 39
52 31
41 25
31 21
23 15
23 13
25 17
29 19
37 21
48 25
64 33
80 41
99 50
119 58
140 70
162 82
179 93
199 101
214 109
230 117
242 125
250 130
255 130
257 134
257 136
251 134
244 134
232 134
208 115
185 87
173 76
160 78
140 80
117 70
95 52
80 37
66 35
50 37
37 35
27 25
23 13
21 9
23 13
31 21
39 25
52 27
68 31
85 41
105 54
125 66
146 74
166 82
185 91
203 101
220 113
234 121
246 125
251 128
255 130
257 132
255 134
248 130
238 126
224 119
208 111
191 105
171 95
154 83
132 72
111 62
91 52
74 42
58 37
46 31
33 25
27 17
23 17
23 17
27 17
33 19
42 23
56 29
72 37
91 46
111 56
130 68
152 78
173 89
197 107
208 115
214 109
226 105
244 111
255 123
257 132
255 134
251 128
248 123
238 123
222 123
205 117
185 103
167 89
146 80
126 72
103 60
85 50
70 41
54 31
41 25
31 21
25 17
23 13
23 13
29 17
35 21
46 25
62 33
78 39
95 48
115 58
136 68
156 78
175 87
197 99
214 107
228 117
240 121
248 125
255 130
250 132
255 132
251 130
244 128
232 123
216 117
199 107
181 99
162 89
142 80
121 68
99 56
82 48
66 39
50 33
37 27
29 21
25 17
23 17
23 15
29 19
44 33
54 41
56 31
70 19
99 29
125 54
144 80
160 87
181 87
203 93
220 109
234 126
242 132
250 130
255 126
257 128
253 134
248 134
238 128
226 115
212 109
195 103
175 97
156 89
136 76
115 64
95 54
78 48
60 41
46 31
35 23
29 17
23 15
23 17
25 17
33 19
41 21
54 29
68 35
89 46
109 56
126 64
146 74
167 83
189 95
207 107
220 115
236 119
246 123
253 128
255 132
255 132
253 130
246 126
236 125
224 119
208 113
191 105
171 95
152 85
130 76
113 68
97 64
70 48
44 27
33 9
31 5
29 13
23 17
21 13
27 9
37 15
48 27
60 39
74 44
93 48
115 54
134 66
154 78
173 89
191 95
210 103
224 111
238 121
248 126
3 132
255 132
255 130
251 130
173 128
232 125
218 115
203 107
185 99
166 91
144 82
125 70
105 60
85 50
66 41
52 33
33 27
31 21
17 19
21 17
15 15
29 17
37 21
46 27
62 33
80 41
99 50
119 60
138 70
160 80
179 89
197 99
216 111
230 117
242 125
250 128
255 132
257 134
255 134
251 134
248 140
228 128
205 103
189 83
177 80
164 85
140 83
117 68
97 52
82 39
64 39
50 39
39 35
27 21
23 11
23 9
25 15
31 21
39 23
50 23
68 27
85 41
103 54
123 64
144 72
166 80
185 91
203 103
218 113
234 121
244 123
251 126
255 128
259 134
255 134
248 130
238 123
226 119
210 113
193 105
173 95
154 83
132 72
113 64
93 54
74 44
58 37
44 29
35 23
27 19
21 15
23 13
27 17
33 21
42 27
56 33
72 39
91 46
111 56
130 68
152 78
175 93
195 105
203 107
212 103
230 103
246 113
255 126
255 132
253 132
251 126
248 125
238 126
222 125
205 115
189 103
167 91
148 82
126 74
105 62
87 50
68 39
54 31
41 25
31 21
25 17
21 13
23 13
27 15
35 21
46 27
60 33
78 39
95 46
115 56
136 68
156 80
175 87
195 97
212 107
228 115
240 123
248 126
255 128
250 132
255 134
251 132
242 126
232 121
216 115
201 109
181 99
162 87
142 78
123 70
101 58
83 48
66 39
50 33
31 25
31 21
25 17
23 17
25 17
31 21
44 33
46 31
54 19
74 17
101 35
125 60
142 78
160 83
181 83
205 95
220 113
232 128
242 132
250 128
255 126
257 130
253 134
248 132
240 125
226 115
212 109
195 103
177 99
156 87
134 74
115 62
95 54
78 48
60 41
46 31
37 23
29 19
23 17
21 17
25 15
31 17
41 21
52 27
68 37
87 44
107 54
126 64
148 76
167 83
187 95
205 105
220 113
234 119
244 125
251 128
257 130
257 134
253 134
248 128
238 125
224 119
208 113
191 105
171 95
152 85
130 76
115 70
93 62
66 44
44 21
37 9
33 11
29 17
21 17
19 11
27 11
37 17
46 27
58 37
74 41
95 48
113 56
132 68
152 80
171 87
193 97
210 103
224 111
238 121
248 126
255 130
257 130
255 130
253 130
236 128
234 125
218 119
203 109
185 99
166 91
146 80
123 68
103 58
85 48
64 41
52 35
41 27
31 21
25 17
21 15
23 15
29 17
35 21
48 25
62 31
80 41
99 52
117 60
138 70
158 78
179 91
199 101
214 111
228 117
242 123
250 128
255 134
257 134
255 134
253 138
246 140
222 123
203 97
191 82
181 85
164 91
138 83
117 66
99 48
82 42
66 44
50 42
37 33
29 19
23 11
21 13
23 19
29 21
39 19
50 21
66 29
83 41
105 56
123 64
144 70
166 80
185 93
203 105
218 113
232 119
244 123
251 126
255 132
255 134
253 132
248 128
238 125
226 119
210 113
193 107
175 97
154 83
134 74
113 64
93 54
76 46
60 37
44 29
35 21
27 17
23 17
23 17
27 17
33 19
42 23
56 31
72 39
87 46
109 56
130 66
152 80
177 97
193 107
199 103
212 97
232 101
248 117
253 130
255 132
253 128
253 126
248 128
236 130
222 125
207 115
187 101
167 89
148 82
126 74
107 62
87 50
70 37
54 31
42 27
31 23
25 15
23 13
25 13
29 17
35 23
46 27
60 31
13 39
93 46
113 56
11 68
156 78
175 80
193 97
205 107
228 115
240 123
248 126
3 130
250 132
255 132
250 132
242 126
232 121
218 115
203 109
181 99
164 89
144 78
123 68
101 60
82 50
66 41
52 31
39 25
29 19
25 17
23 19
25 19
33 27
41 33
42 25
52 15
76 19
101 39
123 64
140 76
160 80
181 83
201 97
220 117
232 126
242 128
250 126
255 128
250 132
253 134
248 132
240 123
228 117
212 111
195 105
177 99
158 87
136 74
117 64
97 54
78 48
60 39
46 29
37 23
29 19
23 17
23 15
25 15
31 17
41 23
54 29
68 37
85 42
107 52
126 64
146 74
167 85
187 95
205 103
220 113
234 121
244 125
251 128
257 132
255 132
251 130
248 128
238 126
224 121
208 113
191 103
173 95
154 85
132 78
117 74
91 60
64 39
48 19
41 11
35 13
27 17
21 15
21 11
27 11
37 17
46 29
58 37
74 41
91 44
111 52
132 66
152 80
171 87
191 93
208 101
224 111
238 121
248 126
255 130
257 130
255 130
251 130
244 130
234 125
220 117
203 107
185 99
167 91
146 82
125 70
103 56
85 48
70 41
54 35
41 27
33 21
17 17
23 15
23 15
27 17
35 19
48 25
62 31
78 39
93 48
109 58
13 68
160 80
171 91
197 101
214 109
228 117
242 123
0 128
255 125
257 134
255 134
255 142
244 140
220 117
205 93
197 85
183 91
164 93
138 82
117 60
101 48
83 46
64 46
48 41
39 29
29 17
25 13
21 15
23 17
29 19
39 19
50 23
66 31
83 42
103 54
123 62
144 70
164 80
183 93
203 103
218 113
232 119
244 123
250 126
255 130
257 132
255 134
248 130
238 125
226 119
210 113
193 105
175 95
154 85
134 74
113 64
93 56
76 44
58 35
44 27
37 23
29 19
23 17
23 13
27 15
33 17
42 25
56 31
72 39
89 46
109 56
130 66
154 80
177 99
187 103
195 97
212 95
234 105
248 121
253 130
253 130
255 126
255 126
250 128
236 130
222 125
207 115
189 101
169 91
148 83
126 74
107 62
87 48
70 39
54 33
42 29
33 23
25 17
23 13
23 15
27 19
35 23
44 27
58 29
74 37
95 48
115 58
134 66
156 76
175 87
195 99
210 107
226 117
240 123
248 126
253 130
257 132
255 132
251 132
244 128
232 123
218 115
201 109
183 99
164 87
144 80
125 72
103 62
83 50
66 41
52 33
41 27
31 23
25 19
23 17
25 19
35 29
37 31
39 19
52 11
78 21
103 46
123 66
140 74
160 78
181 83
201 99
218 117
230 126
240 126
250 125
255 126
257 132
253 136
248 130
240 121
228 115
214 113
197 109
177 99
158 85
138 74
119 66
97 56
78 48
62 39
48 29
37 23
27 17
23 17
21 15
25 15
31 15
41 21
54 29
70 37
85 46
105 54
126 62
146 74
166 83
185 93
205 103
220 111
234 119
244 125
251 128
257 132
257 134
253 132
246 128
238 126
224 119
208 111
191 103
173 95
154 87
136 82
119 78
87 56
64 35
50 19
42 15
35 17
27 17
21 13
23 9
29 11
37 21
44 29
56 37
72 41
91 44
111 56
130 68
150 78
138 85
191 91
208 101
224 111
238 123
248 128
253 130
257 132
257 132
251 132
246 130
234 125
220 117
205 109
187 101
167 93
146 83
125 70
105 58
87 48
68 41
52 35
41 25
31 21
25 17
21 15
23 15
29 17
37 21
48 27
62 33
78 39
97 50
117 60
136 70
158 80
177 87
197 99
214 107
228 117
240 121
250 128
255 132
257 134
257 136
257 144
240 134
218 109
207 89
199 89
185 97
162 95
138 80
119 60
103 50
85 48
66 48
48 39
37 25
29 15
25 13
21 15
23 17
29 17
39 17
50 23
66 33
83 44
103 54
123 60
142 70
164 80
183 93
201 103
216 111
232 115
244 125
251 130
255 132
255 134
255 132
250 128
240 126
226 119
210 113
195 105
175 95
156 85
134 76
115 64
95 56
76 46
60 37
46 29
37 25
27 21
21 17
21 13
25 13
33 19
42 25
54 31
72 37
89 44
109 56
128 68
154 82
173 97
183 97
195 91
214 95
236 109
248 123
251 130
253 130
257 126
255 128
248 134
236 132
222 121
207 109
189 99
171 91
150 85
126 74
109 60
89 48
70 41
54 33
42 29
33 21
25 15
21 13
23 15
27 19
35 23
44 25
58 29
76 37
93 46
113 58
132 66
154 76
173 85
193 97
208 105
226 113
240 123
248 128
253 130
257 132
255 132
251 132
244 128
232 123
218 117
203 107
185 99
164 89
144 80
125 70
103 58
85 50
68 42
52 35
39 27
31 21
25 17
23 17
29 23
35 31
33 23
37 9
56 7
82 27
103 50
119 66
138 70
160 74
181 85
201 105
216 119
230 125
242 123
0 123
253 128
255 134
253 136
250 130
240 121
228 117
214 113
197 109
177 97
160 85
138 76
117 66
97 56
80 46
64 39
48 29
37 25
27 19
23 15
23 15
25 15
29 17
39 21
52 27
5 35
78 44
103 54
125 62
146 74
166 83
185 93
203 103
220 113
234 121
244 126
1 128
255 130
250 132
253 132
248 132
238 126
224 121
210 113
193 105
173 95
156 87
138 83
115 74
83 50
64 29
54 19
46 19
35 23
25 19
21 13
23 9
29 15
35 23
44 31
56 35
72 37
89 42
109 54
130 68
150 80
169 83
189 91
208 101
224 115
236 123
246 126
253 128
257 132
257 132
251 134
246 130
236 125
220 117
205 109
185 101
167 91
148 80
126 70
107 60
87 52
68 42
54 33
41 25
33 21
25 19
23 15
23 15
27 17
35 21
46 27
60 33
78 41
95 48
117 58
136 70
158 80
177 89
197 99
214 107
228 117
240 123
250 128
255 132
257 134
259 142
253 142
236 125
220 105
212 95
203 99
185 103
162 93
138 74
123 60
103 56
85 54
64 48
48 37
37 21
29 17
25 17
21 17
23 17
29 13
39 15
50 23
66 35
82 42
101 50
123 60
142 70
162 82
183 95
201 103
218 109
232 117
242 123
1 130
255 125
255 125
253 130
177 128
240 126
226 123
212 113
195 103
177 95
156 85
134 76
115 66
95 56
78 46
60 37
46 29
37 25
29 21
23 17
21 15
25 15
31 19
42 25
54 31
70 37
87 44
107 56
130 68
156 87
167 93
177 87
195 87
218 97
236 113
246 126
251 130
255 128
257 126
255 132
248 134
238 130
224 121
208 111
189 101
169 93
150 85
128 72
109 58
89 48
72 41
56 35
44 29
33 23
27 17
23 15
23 17
27 19
35 21
44 25
58 29
74 39
93 46
111 56
132 66
154 76
173 87
193 97
210 105
226 113
238 121
248 126
253 130
255 132
255 130
251 130
244 128
234 125
218 117
203 109
185 99
166 91
144 80
125 70
103 60
85 48
64 33
52 33
33 27
31 23
25 19
23 17
29 25
31 27
29 13
37 3
60 13
83 37
93 56
117 64
13 66
162 64
183 89
199 109
214 117
228 119
242 119
0 125
253 132
255 136
253 134
250 126
240 123
228 119
214 117
197 109
177 95
160 83
140 76
119 70
97 60
80 48
64 37
50 31
37 27
27 23
23 17
23 13
25 13
29 17
39 21
52 27
68 35
85 42
103 52
125 62
144 74
166 83
185 93
203 101
218 109
234 119
246 126
251 130
255 132
257 132
253 132
248 130
238 126
226 121
210 113
193 105
175 97
158 91
138 85
109 68
82 42
66 25
58 23
48 25
35 25
25 17
21 9
25 11
29 19
33 25
42 27
56 31
74 37
89 44
109 56
128 66
150 76
169 83
189 91
207 103
224 113
236 121
248 125
3 128
250 132
257 134
251 132
242 128
236 123
220 117
203 111
187 101
167 91
148 80
128 70
107 62
87 50
70 41
54 33
42 27
33 23
25 17
23 15
23 13
27 15
35 19
46 25
60 33
78 41
95 46
115 58
136 68
156 80
177 89
195 99
212 109
226 117
240 123
250 128
255 134
259 140
261 148
248 136
232 113
224 99
218 103
203 107
181 105
160 87
142 70
123 62
105 60
83 58
64 46
50 31
39 19
31 17
25 19
21 19
23 15
29 11
37 15
52 27
66 37
82 44
101 50
121 58
142 70
162 83
181 95
201 103
216 109
230 117
242 123
250 130
255 132
257 132
253 130
250 128
240 126
228 121
212 115
195 105
177 95
158 85
134 76
115 66
97 56
78 46
60 39
44 29
37 23
29 19
25 19
21 17
17 17
33 19
35 23
54 29
70 37
87 46
109 56
132 72
152 83
160 83
177 82
193 87
222 103
234 117
244 125
251 126
257 128
259 132
255 136
248 136
238 128
222 119
208 109
189 103
169 93
150 83
128 70
109 58
89 50
72 42
56 33
44 25
35 19
29 19
23 17
23 15
27 17
35 19
44 23
58 31
74 39
91 46
113 56
132 64
152 76
173 85
193 97
208 105
224 113
240 121
248 128
3 132
257 132
255 132
251 132
244 130
232 125
218 117
203 109
185 101
166 91
146 80
125 70
105 60
85 50
68 42
52 33
41 29
31 21
25 17
27 25
27 27
21 17
25 1
42 3
64 23
82 44
97 56
117 56
138 60
162 76
181 97
199 111
214 113
228 113
242 117
250 126
253 134
255 134
255 130
250 125
242 125
230 123
214 117
199 109
179 95
160 85
140 78
121 70
99 58
80 46
64 37
48 29
37 27
27 21
21 13
23 13
25 15
31 19
39 23
52 29
68 35
85 42
103 52
123 62
144 72
166 82
183 91
203 101
218 111
224 117
246 125
1 128
255 130
250 132
255 134
248 132
238 126
218 121
212 113
195 107
177 99
162 95
125 82
103 58
83 31
72 29
60 29
46 29
33 23
25 13
23 9
25 13
29 21
33 25
39 25
56 29
9 37
89 48
107 56
128 64
150 72
169 82
189 93
207 105
222 113
236 121
246 125
253 128
257 134
257 134
251 132
246 128
234 123
222 117
207 111
187 103
167 91
148 80
126 70
109 62
89 54
70 42
54 35
42 27
33 21
25 19
21 15
23 13
29 17
35 21
46 27
60 33
76 41
95 48
115 56
134 68
158 80
175 91
195 99
212 107
228 117
240 125
250 130
255 134
263 144
257 142
240 123
232 105
230 103
222 113
203 115
179 101
162 83
144 70
125 70
103 68
82 58
66 42
50 29
39 21
29 19
23 21
21 15
23 11
29 11
39 19
50 29
64 37
80 39
99 46
121 58
142 74
162 85
179 91
201 99
216 109
230 117
242 125
250 128
255 130
257 130
255 130
250 130
240 126
228 121
212 113
197 105
177 95
158 87
136 78
117 66
95 54
78 44
62 37
48 31
37 25
29 21
23 17
21 15
17 15
31 19
35 25
54 31
70 39
87 46
111 60
130 74
142 78
156 72
179 76
205 91
222 109
234 121
244 123
253 125
259 128
257 134
253 138
248 134
238 128
224 119
208 111
191 103
171 95
150 83
130 70
109 60
91 52
74 44
56 37
44 27
35 21
27 19
23 17
23 17
27 17
33 17
44 23
58 31
72 39
91 46
111 54
132 64
154 78
173 89
191 99
210 105
224 113
238 121
248 126
253 130
255 132
255 132
253 130
244 128
234 125
220 117
205 109
185 101
167 91
146 82
125 70
107 60
85 50
68 41
52 33
41 27
33 25
29 25
27 29
19 19
17 1
27 0
48 11
64 33
80 46
95 48
117 50
140 64
160 82
179 101
197 107
212 107
228 111
242 119
250 130
253 134
255 130
253 126
250 125
244 126
230 126
214 119
199 107
181 95
162 87
140 80
119 70
99 58
80 46
64 37
48 31
39 27
29 21
23 17
21 13
25 13
31 17
39 21
52 25
68 33
83 42
101 52
123 60
144 70
166 83
183 93
201 103
218 111
232 119
244 125
251 128
255 132
257 132
255 132
248 130
240 126
226 121
212 115
197 109
181 105
156 95
125 72
103 50
89 37
76 35
60 35
44 29
35 19
29 13
25 13
25 19
27 23
33 23
41 21
54 25
72 35
87 46
105 56
126 62
150 70
169 82
189 95
207 105
222 113
236 119
246 125
253 130
255 132
255 132
251 130
246 126
236 123
222 119
207 111
189 101
169 91
150 82
128 72
109 62
89 50
70 41
56 33
42 25
33 21
27 19
23 15
23 15
27 15
35 19
44 25
58 31
76 41
93 48
113 56
134 68
156 78
175 87
195 99
210 107
228 117
240 125
250 130
259 140
259 146
248 130
240 111
238 107
234 117
220 121
201 113
181 95
166 80
146 78
125 76
103 68
82 52
66 37
52 29
39 27
29 25
23 17
21 9
25 9
29 15
37 21
48 27
64 31
82 39
101 48
121 62
140 74
162 82
179 89
199 99
216 109
230 119
242 125
250 126
255 130
257 132
253 132
250 130
240 126
228 121
212 113
197 105
179 97
160 89
138 78
117 66
97 56
80 46
62 41
48 33
37 25
29 17
25 17
21 15
25 17
31 17
42 23
54 29
68 37
89 48
113 66
125 72
134 68
156 68
183 80
207 97
220 113
232 119
244 121
255 125
259 134
257 140
253 138
248 132
238 125
224 119
208 115
189 105
171 93
152 82
130 70
111 60
91 52
74 44
58 37
44 27
33 21
27 19
23 17
21 15
27 15
33 19
44 25
58 31
72 39
91 46
111 56
130 66
152 78
171 85
191 97
208 105
224 113
236 119
248 126
253 132
257 134
257 132
251 130
246 128
234 125
220 117
203 109
187 99
167 91
146 83
125 72
107 60
87 50
70 42
54 37
41 29
33 25
33 31
21 23
11 3
17 0
35 1
52 25
62 39
76 41
95 42
119 52
140 70
158 87
177 99
197 101
212 103
228 113
240 125
248 132
253 132
255 128
253 126
250 126
242 128
232 125
216 117
199 105
181 97
162 89
140 80
119 70
101 56
82 46
64 39
48 31
39 23
31 21
25 17
21 13
23 15
31 19
39 23
50 29
64 33
83 41
103 50
123 64
142 72
164 82
183 91
201 101
218 111
232 119
244 125
251 128
255 130
255 132
253 132
250 130
240 128
228 123
212 115
201 113
179 107
148 87
125 64
109 48
95 42
78 42
58 37
44 27
37 17
29 15
25 19
23 21
25 19
33 19
42 21
54 29
70 39
87 46
107 52
128 62
148 72
169 83
187 95
207 95
220 111
236 119
248 126
3 125
255 132
255 132
255 132
248 130
236 125
222 119
208 111
189 101
167 93
150 82
128 64
109 62
89 52
70 42
56 35
44 29
33 23
25 17
23 13
23 15
29 17
35 21
44 27
60 31
76 39
95 48
113 58
134 68
154 78
175 87
193 97
212 107
226 117
240 125
253 134
259 144
251 134
244 115
246 107
246 117
236 126
218 123
199 107
183 91
167 85
148 87
125 82
103 66
83 48
68 35
52 31
39 29
29 23
23 13
21 9
23 11
29 17
37 23
48 27
64 31
80 39
99 48
119 62
140 72
160 80
181 89
199 99
214 109
230 119
242 125
250 126
255 130
257 132
255 134
250 132
240 126
228 121
214 115
197 109
179 97
160 87
138 78
119 68
97 56
80 46
62 39
48 31
37 25
27 17
23 15
23 15
25 17
31 17
33 21
54 29
70 41
91 54
107 62
115 60
134 56
162 68
187 87
205 103
218 111
232 115
246 119
255 128
257 138
257 140
253 134
248 126
238 123
224 121
208 115
189 103
171 89
154 80
132 72
93 64
93 54
74 44
58 35
46 29
33 25
27 19
23 17
23 15
25 15
33 17
44 23
56 31
72 37
89 44
111 54
130 66
152 76
171 85
191 95
208 105
224 115
236 123
246 126
253 128
257 132
257 134
251 132
244 128
234 123
222 117
205 109
185 101
167 91
148 82
128 70
107 60
87 52
70 44
56 37
42 29
37 31
27 29
13 11
11 0
23 0
39 13
50 31
60 37
76 35
97 41
119 56
138 76
156 89
175 93
195 95
212 103
228 117
238 126
248 128
253 126
255 126
255 130
251 132
242 128
230 123
216 115
201 107
183 101
162 91
142 80
109 66
101 54
78 46
64 41
48 33
39 23
29 19
25 17
21 15
25 15
31 17
39 21
48 25
64 33
83 41
103 52
121 62
142 72
162 82
183 93
201 103
216 113
230 117
242 123
251 128
255 132
257 134
255 132
250 130
242 126
228 123
214 119
201 115
173 93
146 80
126 58
113 52
95 48
78 46
60 37
46 25
37 19
31 21
25 23
21 21
17 19
31 17
41 21
54 29
70 39
87 44
107 50
126 60
148 72
167 85
187 95
207 103
222 111
236 119
246 126
251 130
255 132
257 132
253 132
246 128
236 125
222 119
207 109
189 101
169 93
150 82
130 72
111 62
89 50
72 41
56 35
44 29
33 23
25 17
23 15
23 17
27 19
33 21
37 25
58 31
13 39
93 48
111 58
132 66
156 78
175 87
193 99
210 107
226 115
240 125
255 140
253 140
244 121
248 109
253 115
248 128
232 130
216 119
203 101
187 91
167 91
146 89
125 78
103 60
83 44
66 37
52 35
39 29
29 21
23 11
23 9
25 15
27 21
35 23
48 25
64 29
80 41
99 54
117 62
138 70
160 78
179 89
197 99
214 109
230 119
242 123
250 126
255 128
259 132
255 134
250 132
240 126
230 121
214 113
199 107
179 97
160 87
138 78
117 66
99 58
80 46
64 39
48 31
39 25
29 21
23 17
23 15
25 17
31 19
41 23
52 31
72 42
89 56
97 56
113 52
5 56
166 70
187 91
201 103
218 109
234 113
246 121
3 130
250 138
257 138
255 132
248 128
238 125
218 121
210 115
193 103
173 91
154 82
132 72
109 64
93 54
76 44
60 37
46 29
35 23
27 19
21 17
21 13
25 13
33 17
44 23
56 31
72 39
89 42
109 54
130 66
150 78
169 87
189 93
208 103
224 113
236 121
246 126
253 130
257 132
255 132
251 130
246 128
236 125
220 119
205 109
187 99
169 93
150 82
126 72
105 60
89 50
72 44
56 39
44 37
37 35
21 21
11 0
13 0
27 3
39 21
48 31
58 31
76 31
97 42
119 62
136 80
156 83
173 83
195 93
212 107
226 119
238 126
248 126
255 126
257 128
255 132
250 134
244 128
232 121
216 113
201 107
183 101
162 91
142 80
121 66
101 54
83 48
66 42
50 33
37 25
31 19
25 17
23 15
23 17
29 17
37 21
50 25
64 33
82 42
101 52
121 62
140 70
125 80
173 91
201 103
216 113
230 119
242 123
1 128
255 132
257 134
250 134
250 130
234 128
228 125
218 123
197 115
169 93
146 72
132 60
117 56
93 54
76 46
60 35
48 25
39 23
31 25
25 23
21 17
17 15
33 17
41 23
52 29
68 33
87 41
107 50
126 62
146 74
167 83
187 95
207 103
220 111
234 119
246 125
253 128
255 130
257 130
253 130
246 130
236 125
222 117
207 109
191 103
171 95
150 85
128 72
111 62
91 52
72 44
56 37
44 29
33 21
27 17
21 13
21 13
27 15
35 19
44 25
56 29
74 37
93 46
111 58
130 66
154 76
175 87
193 99
210 109
224 117
244 130
251 140
246 128
244 113
251 111
253 123
246 132
232 128
218 113
205 103
187 97
167 97
146 91
125 74
105 58
83 44
66 39
52 35
41 29
31 21
23 13
21 11
25 15
29 19
37 23
46 25
62 31
80 39
99 50
117 60
138 68
158 78
179 89
197 101
214 109
230 117
240 121
250 125
255 130
257 132
255 134
250 130
242 126
230 121
216 115
199 107
181 99
160 87
138 76
119 68
99 58
80 48
62 39
48 31
37 23
29 19
25 17
23 15
25 17
31 17
41 23
56 33
74 48
83 50
91 46
113 44
142 56
166 78
183 93
201 101
218 105
234 113
246 126
251 134
255 138
257 134
255 132
248 128
238 126
224 123
208 111
193 101
173 89
154 83
132 76
113 64
93 54
76 42
60 37
44 31
35 25
27 19
23 15
23 13
25 15
31 17
42 21
56 29
72 39
89 46
109 56
130 64
150 76
169 85
189 95
207 103
222 113
236 121
246 125
253 128
257 132
257 134
251 132
246 128
236 123
222 119
205 111
187 101
169 93
150 85
128 74
107 62
89 52
72 44
56 39
46 39
33 31
17 9
11 0
19 0
29 11
37 25
44 29
58 27
76 33
97 48
117 66
134 78
154 82
173 83
195 93
212 109
226 119
238 123
248 123
255 125
257 130
255 134
250 134
244 126
232 119
218 115
201 109
181 101
164 89
144 78
123 66
101 58
82 48
66 41
52 33
39 25
29 19
25 15
23 15
25 17
29 17
37 21
50 25
64 35
82 42
101 52
121 62
140 70
162 80
181 91
201 101
216 111
230 117
242 123
251 128
255 132
257 134
255 134
250 130
242 128
232 126
220 126
193 111
166 87
150 70
134 62
119 60
97 56
76 44
60 31
50 25
41 25
31 27
23 23
21 15
25 13
33 17
41 25
52 31
68 35
85 39
105 48
125 60
146 74
167 85
187 93
205 101
220 111
234 121
244 126
253 130
257 132
255 132
251 132
248 128
236 125
224 119
207 111
191 103
171 93
152 83
130 72
111 62
91 52
74 44
56 35
42 27
33 21
27 17
23 17
21 15
27 15
35 19
44 25
56 33
74 39
91 46
111 56
130 66
150 76
171 85
193 99
210 109
226 119
244 134
246 132
242 119
248 111
255 119
255 132
244 134
232 125
218 111
207 103
189 103
167 99
146 87
126 72
105 56
85 48
68 42
52 35
41 25
31 17
25 13
21 13
23 15
29 17
37 21
48 25
62 33
78 42
97 52
117 60
136 68
158 78
177 87
197 99
214 111
228 117
240 123
250 126
255 132
257 134
255 134
250 132
242 126
228 123
216 115
199 109
181 99
160 87
138 76
121 68
101 58
82 48
64 39
50 31
31 25
29 19
23 15
23 15
25 17
31 19
31 23
56 35
9 46
78 46
83 41
117 44
144 60
166 80
181 95
199 99
218 105
236 115
246 126
251 136
255 136
257 134
255 130
248 128
238 126
226 123
210 113
193 101
175 91
156 85
134 78
115 66
95 54
76 44
60 37
46 31
37 25
27 19
23 15
23 13
27 15
31 17
41 21
56 29
72 35
87 42
109 54
128 64
148 76
169 85
189 95
207 105
222 115
236 121
246 126
251 128
255 130
255 132
253 132
246 128
236 125
222 119
207 111
189 103
169 91
150 82
128 74
109 62
87 52
72 42
60 42
48 42
27 27
13 1
15 0
25 1
31 19
35 27
42 23
58 23
78 31
95 52
115 68
125 74
154 74
175 82
187 95
210 111
226 121
238 121
248 121
3 125
255 125
253 134
250 130
175 125
234 121
218 119
201 111
183 101
164 89
144 78
123 68
101 58
83 50
68 41
52 33
39 25
31 19
25 17
23 15
25 15
29 15
37 21
50 25
64 33
80 41
99 46
119 58
17 72
126 83
171 93
199 101
216 109
232 119
242 125
0 128
255 130
251 134
255 134
250 132
244 130
236 132
216 123
187 103
167 82
154 72
138 68
119 66
95 56
78 42
62 33
50 29
39 29
29 27
23 21
23 13
25 13
31 19
39 25
52 29
68 33
85 39
105 50
125 64
146 74
166 83
185 93
205 101
220 113
234 121
244 126
253 130
255 132
255 132
253 132
248 130
238 126
224 119
208 111
191 103
173 95
152 83
130 72
111 60
93 52
76 44
58 37
44 27
35 21
27 19
23 17
21 15
25 13
35 17
44 23
56 31
72 37
91 46
111 58
5 68
144 78
173 87
193 97
208 109
228 123
240 132
238 123
242 109
251 111
259 125
255 136
244 132
234 119
222 109
208 107
189 111
167 103
146 85
125 68
107 56
85 52
68 44
52 35
41 23
31 15
17 15
21 15
15 17
29 17
37 19
46 23
60 33
78 42
97 50
109 58
134 66
158 78
177 89
195 99
214 109
228 115
240 123
250 128
255 132
255 134
255 132
250 130
242 126
230 123
216 115
199 107
181 97
162 87
140 78
121 70
101 60
82 48
64 39
50 31
39 27
29 21
25 17
23 15
25 17
31 21
41 27
58 39
64 41
74 37
91 35
119 46
144 64
164 82
181 91
199 97
218 103
236 117
246 132
1 136
255 134
257 132
255 130
240 130
238 126
224 119
212 111
195 101
156 95
156 85
136 76
115 64
95 54
76 44
60 37
46 31
37 25
27 17
21 13
23 13
25 17
33 19
41 23
54 29
70 35
87 44
107 54
126 62
150 74
169 85
189 97
205 105
222 113
236 121
246 125
253 130
255 132
257 132
253 132
246 128
236 125
222 119
207 111
189 103
169 93
150 83
130 74
111 64
89 54
72 42
62 44
44 39
23 15
13 0
19 0
27 9
29 25
33 25
39 19
60 23
78 37
95 56
109 66
0 68
154 72
175 83
193 99
203 111
224 117
238 119
246 121
3 126
250 132
257 136
251 132
244 126
234 121
220 119
203 113
183 103
164 89
144 78
123 68
103 60
83 50
68 41
52 31
41 25
31 21
25 17
23 15
23 15
29 15
37 21
48 29
64 35
80 41
93 48
111 58
15 70
160 82
179 91
199 99
216 109
230 117
242 125
250 128
255 130
257 134
255 132
250 132
246 132
236 134
210 119
187 95
171 80
158 76
140 74
117 68
95 54
80 41
64 33
50 33
37 31
29 25
25 17
23 13
25 13
29 19
39 23
52 27
66 31
83 39
105 50
126 64
144 74
166 83
185 91
205 103
220 113
234 121
244 125
251 128
255 130
255 132
253 132
248 130
238 126
224 121
208 113
191 103
173 95
154 85
132 74
111 62
91 52
74 44
58 37
44 29
33 21
27 17
23 13
23 13
25 15
33 19
44 25
56 31
72 39
91 46
111 56
130 68
152 76
171 85
191 97
210 111
230 126
234 126
236 113
246 107
257 117
259 132
253 136
244 126
236 117
218 113
207 115
189 111
156 99
130 82
126 68
99 58
87 54
68 44
52 33
33 21
31 17
25 17
23 17
23 15
29 15
37 17
46 25
60 33
76 41
97 50
109 58
134 68
156 78
177 80
195 97
212 107
228 115
240 123
248 128
255 130
257 132
253 132
251 132
244 128
230 123
216 115
201 107
181 99
162 87
142 78
121 68
101 58
82 48
64 41
50 33
39 27
29 21
25 17
23 15
25 17
31 21
44 29
54 37
58 35
70 29
95 33
121 48
142 68
162 82
181 89
201 97
220 109
234 121
244 130
251 134
255 132
255 130
253 130
248 130
240 126
226 119
212 111
195 101
175 95
156 87
136 76
115 64
95 54
78 46
60 39
46 31
35 23
27 17
23 13
23 15
25 17
31 19
41 21
54 27
70 35
87 44
107 54
126 64
148 74
167 85
187 95
205 105
222 113
236 119
246 126
253 130
255 132
257 132
253 132
246 128
238 126
224 121
208 113
189 103
171 93
152 83
130 74
111 64
89 54
76 48
62 46
39 29
21 5
19 0
25 3
27 17
27 23
33 19
42 15
60 23
78 42
95 58
111 64
132 64
154 72
173 85
191 99
207 107
224 113
238 117
248 123
253 130
257 134
255 134
251 132
244 126
232 121
220 119
205 113
185 101
164 89
144 80
125 70
105 62
83 50
68 41
52 31
41 25
31 21
23 17
21 15
25 15
29 17
37 21
48 25
62 31
80 41
99 50
117 62
138 70
160 80
179 89
197 99
214 109
230 117
242 123
250 128
255 132
257 134
257 134
251 134
248 136
232 132
207 113
185 91
175 80
162 80
140 78
117 68
97 52
80 41
66 37
50 37
39 33
27 23
23 15
23 13
23 17
29 21
37 21
52 25
68 31
83 39
103 52
125 64
146 74
166 82
183 91
203 101
220 111
234 121
244 126
251 128
255 132
257 134
253 132
248 130
238 125
224 119
210 113
193 103
173 95
154 83
132 74
113 64
93 54
76 44
60 37
44 29
35 23
27 17
21 15
23 17
27 17
33 17
42 21
56 29
74 39
89 46
109 56
130 66
150 76
171 87
191 97
214 115
228 126
228 117
236 105
250 107
259 123
257 136
251 134
246 125
236 117
224 117
207 117
189 111
167 95
148 80
126 68
105 60
87 54
70 42
54 31
41 21
31 19
25 19
23 17
23 15
27 11
35 17
48 27
60 37
76 42
95 48
117 56
136 68
156 80
175 89
195 97
212 105
228 115
238 121
250 126
255 132
257 134
253 132
250 128
244 126
232 125
216 119
201 109
183 97
164 89
142 80
121 68
101 58
83 48
66 39
50 33
41 25
31 21
25 17
23 15
25 17
33 23
44 33
48 35
56 27
72 25
97 35
123 54
142 70
160 82
181 87
201 97
218 111
232 123
242 130
251 130
255 130
255 130
255 132
248 132
238 126
226 117
212 109
197 103
175 97
156 85
136 76
117 64
97 56
78 48
60 39
46 31
37 23
29 19
23 15
21 13
25 15
31 17
41 21
52 27
70 35
87 46
107 54
126 64
148 74
169 83
187 95
205 105
220 111
234 119
246 125
251 128
255 130
257 132
255 134
248 132
236 126
224 119
208 113
191 105
171 95
150 85
130 74
111 64
91 54
78 54
58 46
35 23
21 0
21 0
25 7
27 21
27 23
31 15
44 15
60 25
78 46
93 60
111 62
130 62
152 70
173 87
191 101
208 107
224 111
238 115
248 123
253 130
255 134
257 134
253 130
244 128
232 125
220 119
205 111
185 101
166 89
146 80
125 70
103 60
85 48
68 41
54 33
41 27
31 21
25 17
21 15
23 13
29 17
37 23
48 27
62 31
80 41
97 50
117 60
138 68
160 80
179 89
197 99
214 109
230 119
242 125
250 128
253 130
259 134
257 136
253 136
248 138
226 126
205 107
191 91
177 83
162 82
140 78
119 66
99 52
82 44
66 41
50 39
37 31
29 21
23 13
23 15
25 19
29 19
39 21
50 23
68 29
83 41
103 52
123 62
144 72
166 82
183 91
203 103
218 111
232 117
244 123
251 128
255 130
257 132
255 134
248 130
238 126
226 121
210 113
193 105
175 95
154 83
134 74
113 64
93 52
76 44
60 37
46 29
35 23
27 17
23 13
23 15
27 17
33 19
42 23
56 29
72 39
89 46
109 56
128 68
150 78
169 87
189 99
214 117
222 123
226 111
236 101
251 109
261 130
257 140
251 134
244 123
238 117
224 121
207 121
187 109
169 93
150 78
126 68
105 60
87 52
70 41
56 31
41 23
31 19
25 19
23 17
23 17
27 15
35 19
46 25
60 33
76 41
95 46
115 56
134 66
156 80
175 89
195 99
212 107
228 115
238 121
248 125
255 130
257 132
255 132
251 130
244 128
232 125
216 117
199 107
183 97
164 91
142 82
123 70
103 58
83 48
66 41
50 33
31 27
29 21
25 17
23 17
25 17
33 23
42 33
46 31
52 15
9 21
99 37
115 58
15 74
158 80
173 85
203 97
218 113
224 125
242 130
1 128
255 128
255 130
253 134
248 130
240 126
218 117
212 109
195 103
177 95
158 87
138 76
117 64
97 56
78 48
62 41
46 33
35 23
27 17
25 17
23 15
25 17
31 17
41 21
54 27
68 35
85 42
105 52
126 64
146 74
167 83
187 93
205 103
220 113
234 119
246 126
253 130
255 132
255 132
253 132
248 130
238 126
224 119
208 111
191 103
171 93
154 87
132 78
111 68
93 58
80 56
56 42
33 17
25 0
25 1
25 13
23 21
25 17
33 13
44 17
60 31
76 46
91 56
111 56
130 60
152 72
171 87
189 101
208 107
224 109
238 117
248 126
253 132
257 134
257 132
251 130
244 126
234 125
220 119
205 111
185 99
166 89
146 80
125 70
107 60
87 52
68 41
54 33
41 27
33 21
25 17
21 15
15 15
27 17
35 19
46 23
62 31
64 41
97 50
117 60
136 68
158 80
177 91
197 101
214 109
228 117
242 123
250 128
255 130
257 134
257 134
255 136
248 138
224 125
205 105
193 91
181 87
162 85
140 78
117 66
99 52
83 44
66 42
50 39
37 31
29 21
23 13
23 15
25 19
29 21
37 21
50 23
66 29
83 42
101 52
123 62
19 70
164 80
179 91
201 101
218 113
224 119
242 123
0 125
255 130
251 134
251 134
246 128
238 123
228 121
212 115
193 107
173 95
156 83
126 74
115 66
93 56
76 44
60 35
44 27
35 21
27 19
23 17
23 15
25 17
33 17
35 23
56 31
72 39
89 46
109 54
128 64
150 76
169 87
191 101
212 117
218 117
224 105
238 101
253 115
253 134
255 140
250 132
246 121
238 119
226 123
207 121
187 109
169 91
150 78
128 70
107 64
87 54
70 41
56 29
42 21
31 19
27 21
23 19
23 15
27 15
33 19
46 25
60 35
76 41
93 46
115 56
134 66
156 80
175 89
193 97
210 105
226 113
238 119
248 126
255 132
257 132
255 132
251 130
244 128
234 125
218 119
201 107
183 99
164 89
144 80
123 70
101 58
83 46
68 41
52 33
39 27
31 21
25 15
23 15
27 19
35 29
41 33
42 27
52 19
76 23
99 41
121 60
138 72
158 76
181 83
201 97
216 113
232 125
242 128
0 128
255 128
250 132
250 134
248 132
240 125
228 117
214 111
197 105
179 97
158 87
138 76
117 64
97 54
80 48
62 41
46 31
37 23
29 17
23 17
21 15
25 15
31 17
41 21
52 27
68 35
85 44
105 54
125 64
144 72
167 82
187 95
205 105
220 113
232 117
244 123
253 130
257 134
255 134
253 132
248 128
238 125
224 121
208 113
193 103
173 95
154 85
130 74
113 64
97 60
78 56
52 37
31 9
27 0
29 5
27 21
23 23
25 15
33 11
46 19
58 35
74 48
91 52
111 54
130 60
150 74
171 89
189 101
208 105
222 107
236 115
248 125
253 132
257 134
257 132
253 130
246 126
234 126
220 119
205 109
187 99
166 87
146 80
126 72
107 62
87 50
68 41
54 31
41 27
31 23
25 17
23 15
25 13
29 17
35 21
46 25
62 31
78 39
93 48
115 58
11 68
158 78
177 89
197 99
212 107
228 117
240 123
248 128
3 130
255 130
251 136
259 144
242 138
220 119
203 99
189 91
181 91
162 89
138 78
119 62
101 52
83 48
66 44
50 39
39 27
29 17
25 13
23 15
23 19
29 19
37 19
50 23
66 33
83 35
101 54
121 58
19 70
164 82
183 93
201 105
216 111
232 117
242 125
251 130
255 134
257 134
253 132
248 128
240 125
226 121
212 113
193 105
175 95
156 83
134 72
115 64
95 56
76 46
60 35
46 29
37 25
27 21
23 17
23 15
27 15
31 19
41 23
54 29
72 37
89 44
107 56
128 66
150 76
169 87
193 105
208 117
214 111
224 99
240 103
255 121
259 136
255 138
251 128
246 119
240 121
226 125
208 123
189 107
169 89
150 78
128 72
109 68
87 54
70 41
56 29
42 25
33 23
25 19
23 15
23 13
27 15
33 19
44 27
60 33
76 41
91 46
113 56
132 68
154 78
173 87
193 95
212 105
226 115
238 123
248 126
3 130
250 132
251 134
250 132
242 126
232 121
220 117
203 111
175 101
164 91
144 80
123 70
103 58
83 48
68 41
52 33
31 27
31 21
25 17
23 17
25 19
37 29
39 29
39 21
52 17
78 25
101 42
121 60
13 70
160 76
181 83
201 99
216 115
230 125
240 125
250 126
255 128
255 134
253 134
248 130
240 125
228 117
212 111
197 105
179 97
160 89
138 78
117 66
97 56
82 48
64 39
48 31
37 21
29 19
23 17
21 15
23 15
31 17
41 21
52 27
68 35
83 42
103 50
125 60
146 72
166 83
185 93
205 103
220 111
234 119
244 125
251 130
257 132
257 132
253 132
248 130
240 126
226 121
208 113
193 105
173 95
154 83
134 76
113 66
99 66
76 56
50 31
33 5
31 1
29 13
25 21
21 19
25 11
35 9
46 21
58 39
72 48
89 48
109 50
130 60
150 76
171 91
189 99
208 103
224 107
236 117
248 128
253 132
255 132
255 130
253 128
246 128
234 126
220 119
205 109
187 99
167 91
146 82
125 70
107 60
87 50
70 41
54 33
42 27
33 23
25 17
21 13
23 15
29 17
35 21
46 25
60 31
78 39
97 48
115 58
134 68
156 76
179 87
197 101
212 109
228 117
240 123
250 128
255 134
257 136
257 138
257 142
242 134
220 117
207 99
199 93
183 93
162 89
138 78
121 64
103 52
83 48
68 44
50 39
39 29
29 19
23 15
21 15
23 17
29 17
39 19
50 23
66 33
82 42
101 52
121 60
142 68
164 82
183 93
201 103
216 111
232 117
244 123
250 128
255 132
255 132
255 132
250 128
240 125
226 119
212 113
195 105
175 95
158 85
136 76
117 66
95 56
76 44
60 35
48 29
37 25
27 19
21 15
23 13
27 17
33 19
41 23
54 29
70 35
87 44
107 52
128 66
150 78
169 89
193 107
205 113
212 103
224 97
244 107
255 126
257 136
253 132
253 125
248 123
238 126
224 128
207 121
189 105
169 87
152 82
130 76
109 68
87 52
72 37
56 29
44 27
33 25
25 19
23 13
25 13
27 15
33 21
44 25
58 31
74 37
93 46
111 58
132 68
154 76
173 87
193 97
208 107
226 115
238 123
248 126
253 130
257 132
255 132
251 132
244 126
234 123
220 117
203 109
185 99
166 89
144 80
125 70
105 62
83 52
66 41
54 33
41 29
31 23
25 19
23 19
27 21
35 29
33 25
37 17
54 15
78 27
99 44
119 58
136 68
160 76
181 87
201 101
216 115
230 123
240 125
250 126
255 130
257 134
253 134
248 128
240 123
230 117
214 115
197 107
179 97
160 85
140 74
119 66
99 58
80 50
64 39
48 31
37 23
29 19
23 17
23 15
25 15
29 15
41 21
52 27
66 35
83 42
105 52
125 62
144 72
164 82
185 91
205 103
220 113
232 121
244 125
251 130
255 134
255 134
253 132
248 130
240 126
226 119
208 111
193 103
175 95
156 87
134 76
115 68
99 66
74 54
48 27
35 5
31 3
31 13
25 21
21 19
23 9
35 11
44 23
58 39
72 46
89 48
109 52
128 62
150 76
169 89
189 97
207 101
222 107
236 117
246 126
253 132
257 132
255 130
253 130
246 130
236 125
220 117
207 109
189 101
167 95
148 83
126 72
107 60
89 50
70 42
54 33
41 27
33 21
25 17
21 17
23 15
27 17
35 21
46 25
58 33
76 39
95 46
117 60
136 70
156 80
175 87
195 99
212 109
226 115
240 123
251 128
255 134
257 136
259 138
255 142
240 132
220 113
208 97
201 95
185 95
162 87
140 76
123 64
105 56
85 50
66 46
50 39
39 27
31 19
23 17
21 15
23 15
29 15
37 17
48 23
64 31
82 41
101 50
121 60
142 68
164 82
183 93
201 103
216 111
230 117
244 123
250 128
255 132
255 132
255 130
250 128
240 125
226 121
212 115
197 105
177 97
156 85
134 74
115 64
97 56
78 46
60 37
46 29
37 23
29 21
23 17
23 15
25 15
31 17
41 23
52 29
70 37
87 44
107 54
126 64
148 74
171 89
193 109
201 111
210 99
226 95
246 109
255 130
255 138
255 132
253 125
248 123
238 126
224 126
208 117
191 103
169 87
150 82
130 76
111 68
82 52
72 39
56 31
44 27
33 25
25 19
23 15
23 11
27 15
33 21
42 25
58 29
76 37
93 46
111 56
132 66
154 78
173 87
187 95
208 97
224 113
240 123
248 128
3 130
250 132
257 132
251 132
244 128
234 123
220 117
205 111
185 101
166 91
146 80
126 72
105 60
85 50
68 41
54 33
41 27
31 21
25 17
25 17
29 23
33 27
29 21
37 11
56 15
80 31
99 48
117 60
136 68
160 76
181 87
199 103
214 115
228 121
240 123
250 126
255 130
255 134
253 134
250 128
240 123
230 117
214 113
199 109
179 99
160 87
140 76
119 68
99 60
80 48
64 39
48 29
39 23
29 19
23 17
23 15
25 15
29 17
39 21
52 29
68 37
83 44
103 50
123 62
144 72
166 83
183 93
203 101
218 111
232 119
244 123
251 126
257 130
257 134
255 134
248 130
240 126
218 121
210 115
193 105
175 97
156 87
134 78
117 68
99 66
64 48
48 21
37 3
35 7
31 19
25 23
21 17
25 9
35 13
46 27
56 41
70 44
87 44
109 48
130 62
142 78
132 87
187 93
207 97
224 107
236 121
246 126
3 132
257 132
257 132
251 132
246 130
236 126
218 119
205 109
189 99
169 91
150 83
128 72
107 58
87 48
72 42
56 37
42 29
33 23
27 17
23 17
23 17
27 17
35 19
46 25
58 31
76 37
95 46
115 58
134 70
156 78
175 87
195 99
212 107
226 115
240 121
250 128
255 134
257 136
261 142
255 140
236 128
220 109
212 97
201 97
185 97
162 89
140 76
123 62
105 56
85 52
66 46
52 37
31 25
31 19
25 19
21 17
15 15
29 15
37 17
48 23
62 33
80 41
99 50
121 60
140 70
162 82
181 93
199 103
216 109
230 117
244 123
251 130
255 132
257 132
255 132
250 130
240 126
226 121
212 113
197 105
177 97
158 87
136 76
117 66
97 56
78 46
60 37
46 31
37 23
27 17
23 17
21 15
25 17
31 19
41 23
54 29
68 35
87 44
107 54
126 64
146 76
169 91
191 107
199 105
208 95
228 97
246 113
255 132
257 138
255 132
253 125
250 125
240 128
224 128
208 109
191 103
156 89
152 82
130 76
111 64
91 50
74 39
58 33
44 29
33 25
27 19
23 15
23 13
25 17
33 21
44 25
58 31
74 37
91 46
111 56
130 66
152 76
171 85
191 97
208 107
224 115
238 123
248 126
253 130
255 130
255 132
251 132
246 128
234 123
220 117
205 111
185 101
166 91
146 80
126 68
97 60
85 50
68 42
54 35
42 29
31 23
25 19
25 19
29 25
31 27
27 19
35 9
56 15
80 31
99 48
115 58
134 66
158 74
179 85
199 105
214 117
228 121
240 123
250 126
255 132
255 136
253 134
250 128
242 123
230 119
214 115
199 109
179 99
162 87
140 78
121 68
99 60
80 48
64 37
50 31
39 27
29 21
23 17
23 13
25 13
29 17
39 21
52 29
66 35
82 42
101 50
123 60
144 74
164 83
183 91
201 101
218 109
232 119
242 125
250 128
257 132
257 134
253 134
248 132
240 126
228 121
212 115
193 107
175 95
156 85
136 76
117 72
99 68
70 44
48 19
39 5
37 11
31 23
23 21
21 13
25 7
35 13
44 27
56 39
70 42
87 44
107 48
128 62
150 78
167 87
187 91
207 99
222 109
236 121
246 128
253 130
257 130
257 132
251 130
175 128
236 125
218 119
207 109
187 99
169 91
150 83
128 74
109 62
89 50
72 41
56 35
42 27
33 21
25 15
23 13
23 13
27 15
33 19
44 23
60 31
76 39
95 48
113 58
9 68
154 78
175 80
195 99
212 109
226 117
240 123
248 126
255 132
259 136
263 144
251 142
234 125
222 107
214 101
203 99
183 99
162 89
142 74
125 64
107 58
85 56
66 48
52 35
39 25
31 19
25 17
21 17
23 15
27 13
37 17
48 25
62 33
80 41
99 50
119 58
140 68
160 80
181 93
199 103
214 111
230 117
242 123
251 128
255 132
255 132
253 130
250 128
240 126
228 121
212 113
197 105
179 97
158 87
136 78
117 66
99 56
78 44
62 37
48 31
37 25
29 19
23 15
21 15
25 15
31 17
39 21
52 29
68 37
85 42
105 54
126 64
146 76
171 95
189 107
197 101
208 91
228 95
248 117
253 134
253 136
255 128
255 123
250 126
240 132
224 128
210 117
193 101
173 89
152 83
130 76
111 64
91 50
72 37
58 31
44 29
35 25
27 19
23 13
23 13
27 17
33 21
42 25
56 29
74 37
91 46
111 58
130 66
152 76
171 85
193 95
208 107
222 113
236 121
248 125
253 130
255 132
257 134
250 132
183 128
234 123
220 117
205 109
187 101
166 91
146 78
126 70
107 62
87 52
68 42
54 33
42 27
31 23
27 21
25 21
31 27
29 25
27 17
35 9
58 15
80 31
97 46
115 58
136 66
158 74
179 89
197 105
212 115
226 119
242 123
250 128
253 132
255 134
255 132
250 128
242 125
230 121
216 115
201 109
181 97
162 85
140 76
121 70
101 60
82 48
64 39
50 31
39 25
29 21
23 15
23 13
23 15
29 17
39 21
52 27
66 35
83 42
103 52
121 62
142 72
164 82
183 93
201 101
218 111
232 117
244 125
251 128
255 132
257 132
253 132
250 130
240 126
228 123
212 115
195 105
175 95
156 87
136 78
119 76
97 68
68 41
50 15
42 9
37 17
29 25
21 21
21 9
25 7
35 15
44 29
54 37
70 39
87 42
107 50
126 64
146 80
167 87
187 93
205 99
220 107
236 121
246 128
253 130
255 130
257 132
253 132
248 132
236 126
222 119
207 109
189 99
169 93
152 83
128 72
109 60
89 50
72 42
56 37
42 29
31 23
25 15
23 15
23 15
27 17
33 19
46 25
60 33
74 39
93 48
113 56
134 68
156 80
173 89
193 99
210 107
226 117
240 123
248 128
255 134
259 138
263 146
250 138
234 121
222 107
216 103
205 103
183 99
162 89
144 74
125 64
105 58
85 56
68 50
52 37
41 25
31 17
25 17
21 17
23 15
27 13
37 15
48 23
62 33
80 41
99 48
119 58
140 68
160 80
179 89
197 99
216 109
230 117
242 123
250 128
255 132
257 134
255 132
250 130
242 126
228 121
214 115
197 105
179 95
160 87
138 80
117 66
97 54
82 46
64 39
48 31
37 25
29 19
23 15
21 15
25 15
31 17
41 21
52 27
68 35
85 44
105 56
125 66
146 76
171 93
187 105
195 97
208 89
230 97
248 119
253 134
255 136
255 126
255 125
251 126
240 132
226 130
210 117
193 101
173 91
154 85
130 76
111 64
91 50
74 41
58 35
44 29
35 25
27 19
23 15
21 13
27 17
33 19
42 25
56 29
72 39
91 46
109 56
130 64
150 74
171 83
191 95
208 105
222 113
236 121
246 125
253 130
257 134
255 134
251 132
246 128
234 123
220 117
205 109
189 101
169 91
146 82
126 70
107 60
87 52
70 42
54 33
41 27
33 23
25 19
25 21
31 27
27 23
25 13
37 7
58 17
80 35
95 48
113 56
134 62
160 74
179 89
197 105
212 115
228 117
240 121
250 126
253 132
255 132
253 130
251 128
242 125
230 121
216 115
201 109
183 97
162 87
140 78
121 68
101 58
83 48
64 41
50 31
39 25
29 21
25 17
21 15
25 13
29 17
39 21
50 25
66 33
82 41
101 50
121 60
142 70
164 80
181 89
201 99
216 109
232 119
242 123
251 126
255 132
257 134
255 134
250 130
240 126
220 121
212 115
195 107
175 97
156 85
136 78
121 78
97 66
68 39
50 15
37 9
39 19
29 25
21 19
21 9
25 7
35 19
42 33
54 39
70 39
87 41
105 48
126 64
146 78
166 85
187 91
205 97
222 109
234 121
246 128
251 128
255 130
257 132
253 132
246 128
236 125
226 117
208 111
189 105
169 95
150 83
130 72
109 62
89 52
72 42
56 35
42 27
33 21
25 17
23 15
23 15
27 17
33 19
44 23
58 31
76 39
91 46
111 56
134 66
154 78
173 87
193 97
210 107
226 115
238 123
248 126
255 130
261 138
261 146
248 136
232 119
226 105
218 103
205 103
183 99
164 87
144 74
126 66
105 60
87 56
68 48
52 37
41 25
29 19
25 17
21 17
21 15
27 13
35 17
48 23
62 33
78 41
93 46
119 58
140 68
160 82
171 91
197 101
210 109
230 117
242 125
250 130
255 130
255 130
255 130
250 130
242 126
230 123
214 115
197 105
179 97
160 89
140 80
119 68
97 56
82 46
64 39
48 33
37 25
29 19
25 15
23 15
23 17
31 19
41 23
52 27
68 35
83 44
105 54
0 64
146 76
169 93
181 93
193 91
210 89
230 101
248 123
3 134
255 134
255 126
255 125
250 130
240 134
226 128
208 115
193 99
175 91
154 85
132 78
111 64
93 50
74 41
58 35
44 31
33 25
27 17
23 13
23 15
25 17
33 21
42 25
56 29
72 35
89 44
109 56
130 64
150 74
169 82
189 93
208 105
224 115
236 121
248 125
253 128
257 134
255 134
251 132
244 126
234 123
222 117
207 111
189 105
169 93
148 82
126 72
107 62
89 52
70 44
54 35
42 27
33 23
27 21
27 23
27 27
23 19
25 9
39 7
58 17
78 35
95 50
113 56
134 62
158 72
179 91
197 107
210 113
226 115
240 121
250 128
253 134
255 134
255 130
251 126
236 125
232 123
216 117
201 107
183 97
164 87
142 80
121 68
103 60
83 48
66 39
50 31
39 25
31 19
25 15
21 15
25 15
29 17
37 15
50 27
1 33
78 42
99 50
113 60
15 70
162 82
173 91
199 99
216 109
232 119
244 125
251 130
255 132
257 134
255 134
248 130
240 126
228 121
212 115
195 105
177 97
158 89
138 82
123 80
95 64
66 35
50 13
46 13
41 23
29 25
21 17
21 5
25 7
35 19
44 33
54 39
68 37
87 39
107 50
125 64
146 78
166 83
185 89
205 95
220 109
236 123
244 128
251 126
255 126
257 132
253 136
246 134
236 126
224 117
208 111
191 103
171 95
150 83
130 72
111 62
91 52
72 44
56 35
44 29
33 23
25 17
21 15
15 15
27 19
33 19
37 23
58 29
11 39
91 48
111 56
132 66
152 76
173 87
191 97
208 107
224 115
238 123
248 126
255 132
261 140
261 144
246 134
234 117
228 107
220 105
205 107
185 101
164 87
146 76
126 68
105 64
83 54
68 44
54 35
41 25
31 19
25 17
21 17
23 13
27 13
35 17
48 25
62 33
78 42
97 48
119 58
138 70
158 82
177 91
197 99
214 107
228 115
242 123
248 128
253 130
257 132
255 132
248 128
240 125
230 121
216 117
199 109
179 99
162 89
140 80
111 68
99 58
82 48
64 39
48 31
31 25
29 21
25 17
23 15
25 15
29 17
39 23
50 27
68 35
78 44
103 54
125 64
148 78
169 97
179 97
189 85
210 85
234 105
246 126
251 136
253 130
250 125
255 126
251 132
240 134
224 126
208 111
195 99
175 93
154 89
132 78
113 62
93 50
76 41
60 37
44 31
35 23
27 17
23 13
23 15
25 17
33 19
37 25
56 29
7 35
89 44
111 56
128 66
150 76
169 83
189 95
207 105
222 115
236 121
246 125
253 128
257 132
255 134
251 132
246 128
236 123
220 117
207 111
189 103
169 93
148 83
128 70
107 60
89 52
72 44
54 37
42 27
35 23
27 21
29 25
27 27
21 17
23 5
39 5
58 17
78 35
95 50
113 56
134 62
158 74
179 91
195 107
212 115
226 117
240 119
248 126
253 132
255 134
253 130
251 126
244 125
232 123
216 117
203 107
185 99
164 89
142 80
123 70
103 60
83 48
66 39
50 31
39 25
31 21
25 17
21 13
23 13
29 15
39 21
50 29
64 33
82 41
101 50
119 60
140 70
162 82
181 91
199 101
214 111
230 117
242 125
0 128
255 130
250 132
255 134
250 132
158 128
220 123
214 115
197 107
177 99
158 89
140 83
123 80
93 58
66 31
52 13
48 15
41 25
29 25
23 15
21 5
27 9
35 21
42 33
52 37
68 35
85 39
105 50
125 66
144 76
166 82
185 89
205 99
220 111
234 123
246 126
251 126
255 128
257 132
253 136
248 134
236 126
224 117
208 111
191 105
171 95
152 83
132 72
111 62
91 54
74 44
58 35
44 29
35 23
27 19
21 15
21 13
27 17
35 19
44 25
58 29
74 37
91 46
111 56
130 66
152 76
173 87
191 97
208 105
226 113
240 123
248 128
255 132
263 140
261 144
246 132
234 115
228 105
220 105
207 107
185 103
164 87
146 74
128 68
109 64
85 58
68 46
54 33
41 25
31 21
25 19
21 15
23 13
29 13
35 17
46 25
62 33
78 39
97 46
117 58
138 70
158 82
177 89
195 99
214 105
228 115
240 123
250 126
255 130
257 132
255 132
250 130
242 126
230 123
216 115
199 107
179 97
162 87
140 80
121 70
99 58
82 48
64 39
50 33
39 27
29 21
25 15
21 15
25 15
29 17
39 21
52 29
66 35
83 42
103 52
123 64
148 80
169 95
177 91
191 83
212 89
234 109
246 128
250 134
255 128
257 126
255 128
250 136
240 134
226 125
210 109
195 99
175 95
154 89
132 78
113 62
93 48
76 42
60 39
46 33
35 25
27 17
23 13
23 13
25 17
33 19
41 23
56 29
70 37
87 46
109 56
128 64
148 74
169 83
189 95
207 105
222 113
236 119
244 123
251 126
257 130
257 134
251 134
246 128
238 125
222 119
207 113
189 103
169 93
150 83
128 72
107 62
89 52
72 44
56 37
42 29
33 23
27 21
29 25
25 25
19 15
23 5
41 7
60 23
76 39
93 48
113 54
134 62
158 76
177 91
195 105
210 111
226 113
238 119
248 126
253 132
255 132
253 128
251 126
246 125
232 125
218 117
201 107
185 99
166 89
144 82
123 70
103 58
83 48
66 39
50 33
39 27
31 21
25 15
21 13
23 13
31 17
39 23
48 27
64 33
80 41
99 48
121 60
140 72
160 80
179 89
199 99
216 109
230 117
242 123
250 128
253 130
257 130
255 134
250 132
242 128
230 123
214 115
199 107
179 99
158 89
142 85
123 78
91 54
68 27
56 15
48 19
31 27
29 25
23 15
23 9
27 13
33 23
41 33
52 35
68 33
78 39
105 52
125 66
144 74
166 80
185 87
203 97
220 111
234 121
244 126
251 126
257 130
257 132
253 134
248 132
238 125
224 117
208 111
191 103
171 93
152 82
132 70
111 62
93 54
74 46
58 37
44 29
35 25
27 19
23 15
23 13
27 15
33 19
42 23
56 31
74 37
91 46
111 56
130 64
152 74
173 87
191 99
208 107
224 115
238 121
248 126
255 134
263 144
257 142
244 128
234 113
230 107
222 109
205 109
185 101
166 85
148 74
128 70
109 68
87 60
68 44
54 33
42 25
31 23
23 21
21 17
23 13
27 13
35 19
46 25
62 33
78 39
97 48
117 56
136 68
158 80
177 89
197 99
212 107
228 117
240 123
250 128
253 132
257 132
255 132
250 130
242 128
230 121
216 115
201 109
181 99
162 87
140 78
121 68
99 56
82 46
66 39
50 33
39 25
29 21
23 17
23 15
25 15
29 19
39 23
50 27
66 33
83 42
103 54
123 64
146 80
167 95
175 89
189 82
214 89
234 111
246 128
250 132
253 126
257 125
257 128
250 134
240 134
226 125
212 111
195 101
175 95
154 89
134 78
115 64
93 48
76 41
60 37
46 33
35 25
27 17
23 13
23 15
27 17
31 19
41 23
54 29
70 37
87 46
107 54
128 64
148 74
167 82
187 93
207 103
222 115
236 121
246 125
251 128
255 132
257 134
253 132
246 130
236 125
224 119
208 113
189 105
169 93
150 82
130 72
109 62
89 52
72 42
56 35
44 29
33 23
29 21
31 29
25 25
17 13
23 1
42 7
60 23
76 39
91 48
111 54
134 62
156 76
175 93
195 105
210 111
226 115
238 119
248 126
253 132
255 134
253 130
250 126
244 125
234 125
218 119
203 109
183 97
166 87
146 82
123 74
103 60
83 48
68 39
52 33
39 27
31 21
25 17
23 13
23 13
29 15
35 19
48 27
64 35
80 41
99 48
119 60
140 70
160 82
179 89
199 99
214 109
230 119
240 125
250 128
255 132
257 134
253 132
250 130
234 126
230 123
214 115
199 107
179 99
160 89
144 87
121 78
89 52
68 25
58 15
52 23
41 31
27 25
21 13
23 5
27 11
33 25
41 33
52 33
66 31
85 37
103 52
123 66
142 74
166 80
185 87
203 101
220 113
232 121
244 125
1 125
255 130
255 126
253 134
248 130
238 125
224 117
210 111
193 105
173 97
154 85
132 74
113 62
93 52
68 46
58 39
44 29
35 21
27 19
23 17
23 15
27 15
33 17
42 21
56 29
72 37
91 46
111 56
125 64
150 74
171 83
191 97
208 107
224 115
238 123
248 128
257 134
263 146
253 142
242 125
236 111
232 109
222 111
205 111
185 101
167 85
148 76
128 70
109 68
87 60
70 46
54 33
42 25
31 21
25 19
21 17
23 11
27 11
35 17
46 25
60 33
78 39
95 48
115 56
136 68
158 80
175 89
195 97
212 105
228 115
240 125
248 128
253 130
255 130
257 132
251 132
242 128
230 123
216 115
201 107
181 97
162 89
142 80
121 68
101 58
82 48
64 41
50 33
39 25
29 19
25 15
21 13
25 17
29 19
37 21
50 17
3 35
83 44
101 54
123 64
148 82
164 93
171 85
187 80
212 87
234 111
246 130
250 132
253 126
257 125
257 130
251 138
240 136
226 123
212 109
195 101
175 97
156 89
134 76
115 62
95 48
76 42
60 37
46 33
37 23
27 17
23 13
23 13
25 17
31 17
41 23
54 29
70 35
87 44
105 54
126 64
148 72
167 83
187 93
205 103
222 113
234 121
246 125
251 130
255 132
257 134
253 130
246 128
238 125
224 119
208 113
189 103
171 93
152 83
130 74
111 64
89 52
72 42
58 35
44 29
35 25
29 23
29 25
21 21
17 7
23 1
42 9
62 25
76 39
89 46
111 50
1 62
156 78
175 93
191 103
210 107
226 113
238 119
246 126
3 125
255 132
255 128
251 126
236 125
234 125
220 119
201 109
185 99
167 89
146 82
125 72
103 60
85 48
68 39
52 33
41 29
29 21
25 15
23 13
23 15
27 15
37 21
50 27
62 33
78 41
97 48
119 60
138 70
158 80
177 89
197 99
216 109
230 119
240 123
250 126
255 130
257 132
255 134
250 130
242 126
230 123
216 117
197 109
179 99
160 89
146 89
119 78
87 50
70 25
60 19
52 27
39 31
29 23
21 11
23 7
27 15
33 25
41 33
50 31
66 31
83 39
101 52
123 64
144 74
164 80
183 87
203 99
220 111
234 121
244 126
1 128
255 130
250 134
253 134
248 130
240 126
224 119
210 111
193 105
173 95
154 85
134 74
113 62
93 54
76 44
58 37
44 29
35 23
27 17
23 17
23 17
27 17
33 19
42 23
56 31
72 39
89 46
109 54
128 66
150 74
171 85
191 99
208 107
224 115
236 121
248 128
257 136
263 144
251 138
242 123
238 111
234 111
222 115
205 111
185 99
167 85
150 78
128 74
109 70
89 60
72 44
54 33
42 25
33 23
25 21
19 15
21 9
27 11
35 17
46 25
58 33
78 39
97 46
117 58
134 70
156 80
177 89
195 99
212 107
226 115
238 121
248 126
5 130
250 132
255 132
251 130
171 126
232 121
218 117
201 109
181 99
162 89
142 78
123 68
101 60
83 50
66 41
50 31
33 25
29 21
25 17
21 15
25 15
29 17
37 21
50 27
66 35
82 44
99 52
123 64
148 83
162 91
169 82
189 78
214 91
234 115
244 130
248 130
253 125
257 125
257 134
250 140
240 134
228 121
214 109
197 103
175 99
156 91
136 76
115 62
95 52
76 42
62 37
48 31
37 25
27 17
23 15
23 17
27 19
31 21
41 21
54 25
70 35
85 42
105 52
126 62
148 72
167 83
187 95
205 103
220 111
234 121
244 126
251 128
255 130
257 132
255 132
246 130
236 126
224 119
210 111
191 103
171 95
152 83
130 74
111 64
91 52
72 41
58 33
44 29
35 27
29 25
29 27
21 19
15 7
23 1
42 9
60 25
74 39
89 46
109 50
134 60
156 78
173 93
191 101
208 107
224 111
238 119
248 126
253 132
255 132
255 130
251 128
244 126
234 123
218 117
205 109
185 99
166 91
146 82
126 72
105 60
85 48
68 41
52 31
41 25
31 21
25 17
23 15
23 15
29 17
37 21
46 25
62 33
78 41
97 50
117 58
138 70
158 80
177 89
197 97
212 105
230 117
242 125
250 130
255 132
257 132
255 132
250 132
242 128
230 123
214 115
199 107
179 97
164 91
146 93
117 76
87 44
72 23
64 21
52 31
39 33
27 21
23 9
23 7
27 17
31 29
39 31
50 27
66 29
85 39
103 54
121 66
142 72
164 78
183 85
203 101
218 115
232 121
242 123
251 126
255 128
257 134
255 134
248 130
238 125
226 119
210 115
193 105
173 95
154 83
134 74
113 64
93 54
76 46
60 37
46 29
35 21
29 19
23 15
23 15
25 15
33 19
42 23
56 31
72 37
89 46
109 56
128 64
150 74
169 83
189 95
208 107
222 115
236 121
248 126
259 138
261 144
251 136
242 119
238 109
236 111
222 115
205 111
187 99
169 85
152 78
130 74
109 68
87 56
70 42
54 31
41 25
33 23
25 21
21 15
21 11
27 13
35 19
44 27
60 33
76 37
95 44
113 56
134 68
154 80
175 87
195 95
212 107
226 117
240 123
248 128
253 130
257 132
255 132
251 132
244 128
232 123
216 115
201 107
183 99
164 91
142 80
123 68
103 58
83 48
68 41
52 35
39 27
31 21
25 17
23 15
25 15
29 19
37 21
48 27
64 33
82 42
101 52
121 66
146 83
158 85
169 76
191 76
216 93
234 117
244 130
250 130
255 125
259 126
257 136
251 140
240 134
226 121
212 109
197 103
177 99
156 91
136 76
117 60
95 50
78 44
60 39
48 31
39 25
29 19
23 15
21 17
25 17
33 19
41 23
52 27
68 35
85 44
105 54
125 62
146 72
167 83
185 95
203 103
218 109
236 119
246 126
251 130
255 132
257 132
253 132
248 130
238 126
224 119
208 111
191 103
171 95
152 83
130 74
111 62
93 54
74 46
58 37
44 29
35 25
33 27
27 29
17 19
15 5
27 1
42 9
60 27
72 39
89 44
111 50
125 62
156 78
173 95
191 103
207 103
226 111
240 121
248 128
251 132
255 130
257 130
251 130
244 128
232 125
220 117
205 109
187 101
166 91
146 83
126 72
105 60
85 48
68 39
54 33
42 29
31 21
25 15
23 13
25 15
29 17
35 21
48 25
62 31
78 37
95 46
119 60
138 70
158 82
177 89
197 97
214 109
228 117
240 125
248 128
255 130
257 134
255 134
250 130
242 126
232 123
216 117
199 109
181 101
164 95
146 93
117 74
87 42
72 23
64 23
52 31
39 31
27 19
23 9
25 9
27 17
31 29
39 31
50 29
66 31
83 41
101 54
121 66
142 72
162 78
183 87
201 99
218 113
232 121
242 123
251 125
255 130
257 134
253 132
248 130
240 125
226 119
210 113
195 105
175 97
156 85
134 74
113 64
95 54
76 44
60 37
46 29
35 21
27 19
23 17
21 15
25 15
33 17
42 25
56 31
70 39
87 44
109 54
128 66
148 76
167 85
189 93
208 105
222 115
236 123
248 128
259 138
261 144
250 134
242 119
240 111
236 113
224 117
207 113
187 99
169 87
152 80
130 76
109 68
87 56
72 42
56 33
42 27
31 23
25 19
21 13
23 13
27 13
35 19
44 25
58 31
76 37
95 48
113 58
134 68
154 78
175 87
193 97
203 107
224 115
238 121
248 126
3 130
255 125
255 132
251 130
236 126
234 123
218 117
201 109
183 99
164 89
144 80
123 70
103 60
83 48
68 41
52 31
31 25
31 21
25 17
23 15
23 13
29 17
37 21
48 27
64 33
80 42
99 50
123 66
146 83
158 85
167 76
191 76
216 95
234 121
242 132
248 128
255 123
259 126
257 136
251 140
240 134
228 121
212 109
197 105
177 99
156 89
136 76
119 62
97 52
80 46
62 41
48 33
37 23
29 17
23 15
21 15
25 17
31 19
39 21
52 27
68 35
85 44
105 54
125 62
144 70
166 82
185 93
205 105
218 113
234 119
246 125
253 130
255 132
255 134
255 132
248 128
238 125
224 119
208 111
191 103
173 95
154 83
132 74
113 64
91 54
74 44
60 37
46 31
35 27
31 27
27 27
17 15
15 1
27 1
42 13
58 27
72 37
89 42
111 48
132 62
156 80
173 93
191 101
207 105
224 111
236 119
246 126
251 130
255 130
255 130
251 128
244 126
234 125
220 119
205 109
187 99
167 89
146 82
126 72
107 60
87 50
70 42
54 35
41 29
31 21
25 17
23 13
23 13
29 17
35 21
46 25
62 31
76 39
95 48
115 56
13 68
158 80
177 91
195 101
212 109
228 117
240 125
250 128
253 130
257 132
255 134
250 130
242 128
232 123
216 117
201 109
181 99
166 95
126 91
117 70
89 41
74 23
66 27
54 35
39 33
27 19
23 9
25 9
27 19
31 27
39 27
50 25
66 29
82 41
101 52
121 64
142 70
164 78
181 87
201 101
218 111
232 119
242 123
250 125
255 128
257 132
255 136
248 130
240 125
228 119
212 113
195 107
175 95
156 85
134 74
115 64
95 56
76 46
60 37
46 29
37 23
27 19
23 17
23 15
25 15
31 17
41 23
54 29
70 37
87 44
107 52
128 66
148 76
167 85
187 93
208 105
222 115
236 123
246 128
259 138
259 142
248 130
242 117
242 111
238 115
224 119
205 111
187 97
171 85
154 82
130 78
109 68
89 54
72 42
56 35
42 29
31 23
25 19
23 15
21 11
27 13
35 19
46 25
58 31
11 37
93 44
113 56
132 68
154 78
173 87
195 97
210 107
224 115
238 123
248 126
255 130
257 132
255 132
251 130
244 126
234 123
218 115
201 107
185 101
166 91
144 80
123 68
105 58
85 52
66 42
52 33
39 25
31 19
25 17
23 17
23 15
29 17
37 21
48 25
62 33
82 42
99 52
121 66
144 83
154 80
167 72
193 78
216 99
232 119
242 126
250 126
255 125
257 128
257 138
251 140
242 132
228 121
214 111
197 105
179 101
158 89
136 76
117 60
97 52
80 48
62 41
48 31
39 21
29 17
23 15
23 17
25 17
31 17
41 21
52 27
68 35
85 44
105 54
125 62
144 72
166 83
185 93
203 103
220 111
234 117
244 125
1 130
255 125
257 132
251 132
185 132
238 126
224 119
210 113
193 103
173 95
154 85
132 74
113 62
93 52
68 44
58 39
46 31
37 27
33 29
23 25
13 11
17 1
31 3
44 17
56 29
72 39
89 42
111 50
125 64
152 80
171 91
189 99
208 105
222 111
236 121
246 128
251 130
255 128
255 126
253 128
248 130
236 126
220 119
207 109
189 101
167 93
148 83
126 72
107 60
87 48
70 41
54 33
42 27
31 21
17 15
21 13
23 13
27 17
37 21
46 25
60 31
78 39
95 48
115 58
136 68
158 80
175 89
195 99
212 105
228 115
240 123
250 128
253 130
257 132
255 132
250 130
244 126
232 123
218 117
201 111
181 101
167 97
146 91
115 68
89 39
76 25
68 29
54 35
37 31
27 15
25 7
25 11
27 23
29 27
37 25
50 25
66 29
82 42
99 54
119 62
142 68
162 76
181 89
199 101
216 111
230 119
242 121
251 125
255 132
257 136
255 134
248 130
240 125
228 121
212 115
193 105
160 95
158 85
136 76
115 66
95 56
76 44
60 35
48 29
37 25
27 19
23 15
23 13
25 15
31 19
33 23
54 29
70 35
87 42
107 52
126 64
148 74
167 83
187 93
205 103
222 113
236 123
248 130
9 142
257 140
248 130
244 117
242 113
238 115
224 117
205 109
189 97
171 87
154 82
132 78
109 70
89 54
72 41
58 33
42 29
31 25
25 17
21 13
23 9
27 13
33 19
44 23
60 31
74 37
91 44
113 56
134 68
154 78
173 87
191 95
210 105
226 115
238 123
248 126
253 128
257 132
257 134
251 132
244 128
234 123
218 117
203 109
185 101
166 91
144 82
123 70
103 58
85 50
68 42
52 35
39 25
31 19
27 19
23 17
23 17
29 15
37 19
48 25
62 33
78 42
99 52
123 68
142 82
150 78
167 70
193 78
216 101
232 121
238 126
248 125
255 123
259 130
257 140
251 142
242 132
230 119
214 111
197 107
179 101
158 89
138 74
119 60
97 52
80 48
64 41
48 31
37 23
29 17
23 17
21 15
25 17
31 19
39 21
50 27
66 35
83 42
103 52
125 62
144 72
164 83
185 95
203 103
220 111
232 117
244 125
251 128
255 130
255 132
253 130
250 130
240 128
224 121
210 113
193 103
173 95
156 85
132 76
113 64
95 54
76 44
58 37
46 29
39 27
35 31
23 25
13 9
15 0
29 3
44 17
56 31
70 37
87 41
109 50
132 64
150 80
169 91
189 99
208 105
222 111
236 121
246 126
251 130
255 130
255 130
251 128
246 128
234 123
220 115
207 109
189 101
169 93
148 83
128 72
107 60
87 50
70 41
54 33
42 27
33 21
25 17
23 13
23 13
29 17
35 21
44 25
60 29
78 39
95 48
115 58
134 66
156 78
177 89
195 99
210 107
226 113
240 123
250 128
253 132
255 132
255 132
251 132
244 128
232 123
216 117
203 109
183 101
167 101
144 91
113 64
91 37
78 27
68 31
54 37
39 31
29 17
25 9
25 13
27 21
29 29
37 27
48 25
64 29
82 41
99 54
119 62
140 68
162 76
181 87
199 101
216 113
232 119
242 123
250 126
255 132
257 134
255 136
250 130
240 125
228 119
212 115
195 107
177 97
156 83
136 74
117 66
97 58
78 48
62 37
48 29
37 23
27 21
23 17
21 17
25 15
31 17
41 21
54 27
70 37
87 44
105 52
126 62
146 74
167 83
187 95
207 105
220 115
236 121
248 130
259 140
255 138
248 126
244 117
244 115
240 117
224 119
207 111
189 99
173 87
154 83
132 78
111 68
91 54
74 42
58 35
42 29
31 23
25 17
21 13
23 11
25 15
33 17
44 23
58 29
74 37
91 46
113 58
132 68
152 78
173 87
191 95
208 107
224 115
236 121
246 125
253 128
257 132
255 132
251 130
244 126
234 123
222 119
205 111
185 101
166 89
146 80
125 70
105 60
85 50
68 41
54 33
41 27
31 21
25 17
23 17
23 15
29 17
37 21
48 27
62 33
80 42
99 52
123 70
140 82
150 74
167 68
193 78
216 103
230 123
238 126
248 121
255 121
259 130
257 142
250 140
242 130
230 117
216 111
197 107
179 101
158 87
138 72
119 62
99 54
80 50
64 41
50 31
37 23
29 19
23 17
23 17
25 15
31 15
39 19
52 27
66 35
83 42
103 50
123 58
142 70
166 83
185 95
203 103
218 109
232 117
244 125
251 130
255 132
255 132
253 130
248 128
240 126
226 121
210 111
193 103
175 95
156 85
132 74
115 64
95 56
78 48
60 39
46 31
39 29
33 31
21 23
11 9
15 0
29 1
44 17
56 31
68 37
87 41
109 50
130 64
150 78
167 89
191 97
207 103
222 111
234 121
246 126
251 130
255 130
255 128
251 128
246 128
236 125
222 119
207 109
187 101
169 93
150 83
126 72
109 62
87 50
70 41
54 33
41 25
33 21
27 17
23 15
21 13
27 15
35 19
46 25
58 31
76 39
95 48
115 58
132 66
154 76
175 87
195 99
210 105
228 115
240 123
250 128
255 130
250 132
255 134
251 132
244 130
232 123
218 117
203 109
185 101
169 101
142 89
113 62
91 37
80 27
70 35
54 39
39 31
29 15
25 7
25 11
25 23
29 29
37 25
48 21
64 27
82 41
99 54
119 62
140 66
160 74
179 87
197 101
216 111
232 119
242 123
250 126
255 132
257 134
255 134
250 130
240 125
228 119
214 113
197 107
177 97
156 83
136 74
119 66
97 56
78 46
62 37
48 31
37 25
27 19
23 17
23 15
25 17
31 19
39 23
52 29
68 37
85 44
105 54
125 64
146 74
167 85
187 93
203 103
222 113
236 123
248 132
257 138
255 136
248 125
246 119
244 117
238 119
224 119
207 109
189 97
173 89
156 85
134 82
111 70
91 54
74 41
60 35
42 31
33 25
25 17
21 11
21 11
25 13
33 19
44 25
58 29
74 37
91 44
111 56
132 68
152 78
171 87
191 95
208 105
224 115
236 123
246 126
253 128
257 130
257 132
253 134
244 130
234 123
220 115
205 109
187 103
166 93
146 82
126 70
105 60
85 50
70 42
54 33
41 27
31 19
25 17
23 15
25 15
29 19
37 21
48 27
62 33
80 42
97 52
123 72
138 78
146 62
167 64
193 80
218 105
230 123
240 125
248 121
7 123
259 134
257 140
250 140
234 128
230 117
216 111
199 109
179 103
156 89
140 74
119 62
99 52
82 48
66 42
50 33
37 23
29 17
23 17
21 17
15 17
31 17
33 23
50 29
64 35
83 42
103 52
123 62
142 72
164 82
183 91
203 101
218 111
232 119
244 125
251 128
255 130
255 132
253 130
250 128
240 126
226 123
210 113
195 103
175 95
156 85
132 74
113 64
95 54
78 46
60 39
46 33
39 29
35 31
21 21
9 7
17 0
31 3
44 17
56 31
68 37
87 41
111 48
130 64
150 82
167 91
187 97
207 103
220 111
234 121
244 128
251 128
255 128
257 128
253 130
246 130
236 125
222 117
208 111
191 103
169 95
148 83
128 72
109 62
89 52
70 42
56 35
42 27
33 21
25 17
21 15
21 15
27 15
35 19
44 25
60 31
76 39
93 46
113 58
134 66
154 78
175 87
193 97
203 107
226 115
238 123
248 126
3 128
255 130
250 134
250 134
166 130
232 123
218 117
203 111
185 105
169 103
142 89
113 58
93 37
82 31
70 39
52 39
39 29
29 13
25 9
23 13
27 23
29 29
37 23
48 21
64 27
80 42
99 54
117 60
13 64
160 74
181 87
195 103
214 111
230 117
242 121
0 125
255 130
250 134
257 134
250 130
240 125
228 119
210 115
197 109
177 97
158 85
138 74
119 64
97 56
80 46
62 37
48 29
37 23
29 19
23 15
23 15
25 17
31 19
39 21
52 27
68 35
85 42
105 52
125 62
146 72
167 83
187 95
205 103
220 113
236 121
248 130
259 142
251 134
246 123
246 115
248 117
240 123
224 121
208 111
191 99
173 91
156 85
132 80
113 68
91 54
74 41
58 33
42 29
33 25
27 19
21 11
21 9
27 13
33 19
44 27
56 31
72 37
91 44
111 56
1 68
144 78
171 87
189 95
208 103
224 115
238 123
246 126
253 128
255 130
257 132
251 132
244 126
234 121
222 117
207 113
187 103
167 91
148 82
126 72
107 62
85 52
70 41
54 33
41 25
31 21
25 17
23 17
23 15
27 15
35 19
46 25
62 33
76 41
99 52
125 72
134 78
146 68
167 64
195 80
216 107
228 125
238 125
248 119
255 123
259 134
257 144
250 140
242 128
230 117
216 113
199 111
179 101
162 89
140 74
121 64
99 56
82 48
64 41
50 29
39 23
31 19
17 17
23 17
23 17
31 17
31 21
50 27
66 35
82 42
101 50
123 60
142 72
158 82
173 91
201 103
218 111
222 119
242 123
0 128
250 132
257 134
250 132
246 128
240 125
228 121
212 115
193 105
175 95
158 85
136 76
115 66
95 56
78 46
62 39
48 33
39 31
33 29
19 19
11 3
17 0
33 5
44 19
54 29
68 33
87 39
111 50
130 68
150 82
167 89
187 93
207 103
222 113
234 123
244 125
1 128
255 128
255 130
251 130
246 128
236 125
224 119
207 111
189 103
171 95
150 85
128 74
107 60
91 50
72 42
58 37
42 29
33 21
27 17
23 15
23 15
27 15
35 19
44 23
58 31
76 37
93 48
113 58
132 66
154 76
173 87
191 97
212 107
226 115
238 121
248 125
255 130
257 134
255 134
251 132
244 126
234 125
220 119
203 111
185 105
171 103
142 85
113 58
95 37
83 35
70 41
52 39
39 27
31 13
27 11
25 17
25 23
29 25
35 19
48 21
64 29
80 42
97 54
117 60
138 64
160 74
179 89
197 103
214 109
230 113
242 119
250 126
255 134
255 136
255 134
250 128
240 126
228 121
212 115
197 105
179 97
160 87
138 76
119 68
99 58
80 48
62 37
48 31
37 25
29 21
23 17
23 15
25 15
31 17
41 21
50 27
68 33
85 42
103 54
123 62
146 74
167 83
185 95
203 105
220 113
236 123
250 132
255 142
250 132
246 121
248 115
248 119
240 123
224 119
208 111
193 99
175 91
156 85
134 78
113 62
91 54
74 42
58 35
44 31
33 25
25 17
21 11
21 11
27 15
33 21
35 25
56 29
72 37
89 46
109 56
5 66
152 76
171 85
189 95
187 103
222 113
236 119
248 126
253 130
257 134
255 134
251 132
246 128
236 125
222 119
207 111
187 101
167 89
148 82
128 72
107 60
87 50
70 41
56 35
42 29
31 21
25 17
23 15
25 15
27 19
35 19
46 25
62 35
78 42
97 54
121 70
134 72
146 66
167 68
195 83
216 107
228 123
238 121
248 121
257 126
259 136
255 142
250 138
242 126
232 117
216 113
201 111
179 101
162 87
142 76
121 66
99 58
82 50
68 41
50 33
39 25
29 19
25 17
23 17
25 17
29 15
37 19
50 27
64 35
82 42
101 50
121 60
142 70
162 82
181 91
199 101
216 109
232 115
244 123
251 130
255 132
257 134
255 132
248 130
240 126
228 121
212 115
195 105
177 95
158 87
136 78
115 66
95 56
78 46
62 39
48 33
41 31
31 29
17 17
11 3
17 0
31 5
44 21
54 31
68 37
85 41
109 50
130 68
148 82
167 89
185 93
205 101
220 111
234 123
244 126
251 128
255 128
255 128
253 130
248 130
236 126
222 119
208 111
191 103
171 95
152 87
128 72
109 60
91 52
72 44
56 37
42 29
33 21
27 17
23 15
21 15
27 15
33 19
44 23
58 31
74 39
93 46
113 56
132 66
154 78
173 87
193 97
210 107
224 115
238 121
248 126
253 130
255 132
255 132
253 130
246 128
234 125
220 117
205 111
189 107
171 107
140 85
113 54
97 37
87 37
72 42
52 39
39 25
31 13
27 11
25 19
23 25
29 25
37 21
48 21
60 29
80 42
97 54
117 60
138 66
158 76
179 89
199 103
214 111
228 115
242 121
250 126
255 132
255 134
255 132
251 130
240 125
230 121
216 117
199 109
179 99
160 87
138 78
119 68
99 58
80 48
64 39
48 31
39 25
29 19
23 17
23 13
25 15
31 17
39 23
52 25
66 33
85 42
103 54
123 62
144 72
166 82
185 93
203 103
218 113
234 123
250 132
255 138
248 132
246 121
250 115
250 121
240 123
224 119
208 107
195 99
177 93
156 87
134 82
113 70
93 56
76 44
58 35
44 29
35 23
25 17
21 11
21 11
27 15
33 19
42 23
56 27
72 37
91 46
109 58
128 68
150 76
171 85
189 95
207 105
222 113
236 119
246 125
251 128
255 130
257 134
253 132
246 128
234 123
222 117
208 111
187 103
167 93
148 82
128 72
107 62
87 52
70 41
54 33
42 29
33 23
25 17
23 17
23 15
29 17
35 21
46 29
60 33
78 41
