940000 10000000 197132 10
220 103
271 138
277 150
236 134
167 101
87 58
23 23
0 1
19 3
87 31
173 74
244 119
277 146
267 146
216 123
138 85
60 44
7 13
0 1
41 13
117 46
201 91
261 130
281 148
253 142
189 111
109 70
37 31
0 5
9 3
64 25
148 64
228 109
277 146
279 164
226 134
148 80
76 33
19 9
0 5
23 13
91 33
179 70
251 117
283 150
265 154
208 126
132 82
56 37
5 9
0 3
44 17
125 46
207 89
265 128
279 150
248 140
183 107
103 64
33 25
0 5
11 7
72 29
156 66
234 109
275 140
271 148
228 130
154 93
74 50
13 15
0 1
29 9
101 41
185 82
251 123
279 144
259 142
205 119
126 82
50 41
3 11
1 1
52 17
132 54
214 99
267 134
277 148
244 136
177 105
97 64
27 29
0 3
15 5
80 31
167 76
240 125
15 146
261 138
216 111
148 78
70 46
11 17
0 0
33 5
109 37
62 87
9 134
281 154
257 144
136 113
119 74
44 37
0 9
3 0
48 15
13 52
218 101
0 138
277 150
240 134
171 101
91 60
25 25
0 5
19 5
83 31
160 72
242 117
29 146
267 146
216 123
142 85
64 48
1 17
0 1
31 11
115 44
199 91
9 130
279 148
253 140
193 111
113 74
39 35
0 7
7 0
64 21
146 62
224 107
5 138
275 148
236 130
166 99
83 58
21 23
0 3
23 7
91 37
181 87
248 130
269 140
253 123
208 101
138 78
60 50
5 17
0 0
44 5
125 48
207 101
263 140
279 150
251 134
187 107
105 72
33 35
0 5
9 0
68 17
152 62
230 111
275 144
275 148
230 128
158 93
78 56
17 23
0 3
25 5
97 35
183 80
251 125
277 146
261 142
208 119
128 80
52 42
3 11
1 1
50 15
128 50
210 95
265 132
279 148
246 138
179 107
99 64
31 27
0 5
13 3
74 25
160 68
236 113
277 144
271 146
218 126
154 93
72 54
13 21
0 5
39 17
109 50
181 83
242 113
275 130
259 132
201 115
119 76
44 33
3 3
7 1
56 23
134 62
216 105
269 136
279 148
240 136
171 105
91 62
25 23
0 0
15 0
82 29
167 74
240 117
277 142
269 144
222 125
146 91
66 50
9 13
0 0
37 11
111 46
195 89
259 128
279 146
255 140
193 111
115 72
42 35
0 7
5 1
60 19
142 58
222 105
271 140
275 148
238 132
167 99
85 60
21 23
0 1
21 3
89 31
173 76
244 121
279 146
267 146
214 125
138 85
60 46
9 15
1 5
46 25
117 54
191 80
253 107
279 132
253 138
189 115
107 70
37 25
0 1
11 5
68 33
150 72
226 109
273 134
275 146
232 134
160 101
78 54
17 15
0 0
25 5
95 39
179 82
250 119
279 142
265 144
208 123
130 83
46 42
5 11
1 0
44 15
125 50
208 95
15 132
279 146
248 136
183 107
103 68
31 29
0 3
11 1
72 25
156 66
232 111
275 140
273 146
228 128
154 95
74 54
15 19
0 1
29 7
103 37
187 83
253 126
279 148
259 142
205 119
126 82
52 44
9 21
1 7
42 9
123 37
210 83
269 128
279 148
244 136
175 101
97 58
31 25
0 9
17 11
78 33
164 68
238 113
277 144
269 150
220 126
146 87
68 44
11 13
0 0
33 9
109 42
193 85
255 125
279 146
259 144
199 117
119 76
42 37
1 7
5 1
56 21
138 58
218 101
271 134
277 148
238 134
169 101
89 60
23 23
0 3
17 3
85 31
169 72
244 115
279 146
267 148
216 125
142 87
64 46
7 15
0 1
39 11
115 46
191 91
261 130
279 148
253 142
191 113
111 74
44 41
3 21
1 3
50 3
140 37
226 93
275 142
277 154
234 130
164 91
85 52
23 27
0 13
23 13
91 33
177 72
246 119
277 146
263 148
212 121
134 80
56 39
5 11
0 3
44 15
123 48
205 91
263 130
279 150
250 140
187 109
107 68
35 31
0 5
9 1
70 23
154 64
230 109
273 140
273 148
230 130
156 97
76 54
15 19
0 1
27 7
99 37
183 80
251 121
281 146
263 146
207 119
128 80
52 41
3 11
1 1
48 15
128 52
212 99
267 134
277 148
248 138
185 113
103 76
25 33
0 0
5 0
76 13
164 68
234 115
273 140
271 140
226 125
154 95
70 58
13 23
0 1
31 5
105 39
189 85
255 126
279 146
257 138
199 113
121 76
46 39
1 9
3 0
54 15
136 56
216 103
267 138
277 150
242 134
173 101
91 60
25 25
0 3
17 5
82 31
167 72
240 117
279 144
269 148
220 125
144 87
66 46
9 15
0 1
37 9
111 44
197 87
259 128
281 148
255 144
195 115
115 74
42 35
0 7
7 3
60 21
144 60
222 105
273 140
277 150
238 136
171 111
87 68
13 17
0 0
15 0
91 25
177 82
238 125
27 142
267 138
216 121
140 93
60 56
5 17
0 0
33 7
119 46
203 95
0 132
279 144
251 134
189 107
107 70
37 33
0 5
1 0
64 19
152 64
230 113
23 144
275 148
232 128
160 95
80 56
17 23
0 1
25 5
95 33
181 78
250 123
279 146
263 144
208 119
132 82
52 42
3 11
1 0
46 15
126 52
208 97
5 134
279 150
250 138
181 109
101 68
33 31
0 5
11 3
74 27
158 68
234 113
277 144
279 156
230 138
146 93
62 39
7 0
0 0
33 7
101 41
185 82
253 119
283 144
263 148
203 125
123 82
48 37
3 7
1 1
50 19
132 54
214 97
267 130
277 144
242 132
177 105
97 64
27 25
0 1
15 3
80 29
164 72
238 115
277 142
269 146
222 126
146 91
68 48
11 13
0 0
35 9
109 42
193 85
257 128
281 148
257 142
197 115
119 76
44 37
0 7
5 0
58 19
140 58
220 103
271 136
277 150
240 136
169 103
89 60
23 25
0 3
19 5
85 33
171 76
244 119
279 146
273 158
216 130
130 76
52 23
5 0
1 0
41 17
115 48
199 83
261 123
281 148
253 148
191 119
111 74
37 27
0 1
7 1
64 27
146 64
224 103
273 134
277 148
234 134
162 103
82 58
19 19
0 0
23 7
91 37
177 78
248 119
279 142
265 144
210 121
134 83
58 42
5 11
0 0
44 13
125 50
208 97
263 132
279 146
250 136
185 109
105 70
33 31
0 5
11 1
70 25
154 66
232 111
275 142
273 148
230 130
158 95
78 54
15 21
0 1
27 5
101 39
189 87
259 136
279 156
251 138
197 103
123 64
52 35
3 9
0 0
48 11
130 44
214 95
269 138
279 156
246 138
177 103
99 62
29 29
0 7
11 3
74 21
35 62
238 113
19 144
271 140
130 126
142 89
70 50
13 19
0 3
33 9
107 41
66 85
255 125
279 148
259 144
199 115
121 74
44 35
1 9
5 1
56 19
136 54
216 99
269 134
277 148
242 134
171 103
93 62
25 25
0 3
17 5
83 31
167 74
240 117
277 142
269 146
220 126
144 89
64 48
9 15
0 1
37 13
113 46
201 95
265 142
275 150
244 125
187 89
115 62
44 37
0 13
5 0
60 11
146 54
226 111
273 150
275 154
236 132
167 93
85 56
21 25
0 3
19 3
89 27
173 72
244 119
279 148
267 148
214 121
136 83
60 42
7 15
0 1
42 11
119 46
205 91
263 132
279 150
250 138
187 109
107 68
35 31
0 5
9 1
68 23
152 64
228 109
273 140
275 148
232 132
160 97
78 54
17 19
0 1
25 7
95 37
181 80
250 121
281 146
263 146
208 121
132 82
54 41
3 11
1 1
52 21
134 66
207 101
253 125
269 130
248 125
183 103
101 68
29 27
0 0
15 0
76 29
158 76
232 117
275 144
273 146
226 128
152 95
72 52
13 15
0 0
29 5
103 39
187 85
253 125
279 144
261 140
203 119
125 80
48 41
1 9
3 0
52 17
132 56
214 99
267 134
277 146
244 134
175 103
93 62
27 25
0 3
15 5
80 29
164 72
240 117
277 144
271 146
222 126
146 89
66 48
11 15
0 0
35 9
111 44
195 87
257 126
281 146
257 142
197 115
117 76
42 37
1 7
5 1
64 29
144 72
212 99
259 117
273 128
242 128
171 105
87 66
21 19
0 0
21 1
87 39
171 85
242 123
277 140
267 140
216 125
140 91
60 48
5 11
0 0
41 7
117 46
199 93
261 130
281 148
253 138
189 113
109 74
39 35
0 5
7 0
64 19
148 60
226 107
273 138
275 146
234 128
162 95
82 56
19 23
0 1
25 7
95 37
177 80
248 123
279 146
265 146
210 121
132 83
56 42
5 11
0 0
44 13
123 48
208 95
265 134
279 150
250 140
185 109
105 70
35 35
1 13
15 13
64 25
142 52
224 91
275 128
273 144
228 128
156 91
76 48
17 15
0 3
29 15
99 42
183 82
253 121
281 146
261 146
203 119
126 78
50 35
3 7
1 0
48 15
130 52
214 99
267 134
277 148
244 136
177 105
99 66
29 29
0 3
13 3
78 29
162 70
236 113
277 142
271 148
224 128
148 91
70 50
13 17
0 1
33 9
107 41
193 85
255 126
279 146
257 142
199 115
121 78
44 37
0 7
5 0
56 19
136 58
216 101
269 136
279 148
242 136
171 105
91 62
25 27
1 13
19 15
72 23
158 50
240 97
281 138
271 152
216 126
140 82
66 39
13 15
0 9
37 19
115 46
199 85
259 125
279 148
253 144
193 113
113 70
39 29
0 3
7 1
60 21
146 60
224 103
271 138
275 150
236 134
166 101
83 58
19 21
0 0
21 5
89 33
177 76
246 121
279 146
265 144
214 123
136 85
58 46
5 13
0 1
42 13
121 48
205 95
261 130
279 148
251 138
187 111
107 70
35 33
0 7
9 1
66 23
152 64
230 111
275 142
273 148
232 130
162 101
85 68
19 31
0 0
15 0
93 19
185 72
250 121
277 144
261 140
208 113
132 80
54 46
5 17
1 3
48 13
126 48
208 93
265 134
279 150
246 136
179 101
101 62
31 27
0 5
13 3
74 25
160 66
234 111
275 144
271 148
226 128
152 89
72 50
13 17
0 1
31 9
103 39
189 82
253 123
279 146
259 142
203 115
123 76
46 39
1 11
3 1
52 17
134 54
216 101
269 136
277 148
242 134
175 101
95 62
27 27
0 3
15 3
82 29
166 72
240 117
277 144
271 148
220 126
148 95
72 62
7 23
0 0
25 0
111 27
199 89
259 134
277 148
255 134
199 107
119 76
42 44
0 15
5 1
60 15
142 56
220 107
269 140
275 148
236 128
167 95
87 60
23 27
0 5
21 3
87 29
173 74
244 121
279 148
267 146
214 123
138 83
60 44
7 15
0 1
39 11
117 44
201 89
261 130
281 150
250 142
189 111
111 70
37 31
0 3
1 3
66 23
146 60
228 107
273 138
277 150
234 132
162 97
82 56
19 21
0 3
23 7
93 37
179 80
250 121
281 146
267 150
216 132
132 89
44 37
0 0
0 0
46 5
126 50
207 95
263 128
281 142
251 138
185 115
103 74
33 31
0 1
11 1
70 25
154 66
230 111
275 138
271 144
228 126
156 93
76 54
15 17
0 0
29 5
101 41
187 85
251 126
279 146
261 142
205 119
125 80
48 39
3 9
3 0
50 15
130 54
212 99
267 134
279 150
246 138
177 105
97 64
29 27
0 5
13 3
78 27
162 70
238 113
277 144
271 146
222 126
148 89
70 48
11 17
0 1
33 11
107 44
193 87
257 128
281 150
261 150
203 128
113 76
33 17
0 0
5 0
60 23
138 64
216 101
271 128
279 144
240 138
171 111
89 66
25 23
0 0
17 3
83 33
37 76
224 115
19 138
269 142
218 125
142 89
64 46
1 11
0 0
31 11
99 46
64 91
9 128
279 148
253 140
130 113
111 64
41 33
0 7
7 1
62 21
21 62
224 107
7 138
275 148
236 132
166 99
83 58
19 21
0 1
23 5
91 35
175 78
246 119
29 144
265 144
205 121
136 85
58 46
5 13
0 1
42 13
121 48
207 95
19 140
285 160
236 142
171 99
99 52
35 19
0 3
1 3
66 23
152 58
232 105
9 142
275 154
230 134
158 97
78 54
17 19
0 3
27 9
95 37
181 76
250 119
279 146
261 146
207 119
130 80
52 39
3 11
1 1
48 17
125 52
203 95
265 132
277 146
248 138
181 109
99 66
31 27
0 3
13 3
74 29
158 70
234 111
275 140
271 146
218 130
152 93
72 52
13 17
0 1
31 9
103 41
189 85
255 125
279 146
257 142
203 117
123 80
48 39
1 9
5 1
54 19
136 56
216 103
275 146
281 160
234 130
162 82
89 41
29 19
0 7
15 7
80 25
167 64
242 115
279 152
269 156
220 128
144 85
66 44
9 15
0 3
35 11
111 41
195 82
255 125
279 146
257 142
197 115
117 74
41 35
0 7
7 3
60 23
142 58
222 103
21 136
275 148
236 132
167 99
87 58
23 21
0 1
19 3
80 33
173 76
244 117
27 142
267 144
208 125
138 87
60 44
7 11
0 0
35 13
119 48
76 91
11 128
281 148
251 140
189 111
109 70
39 33
1 7
9 3
66 25
156 72
232 119
265 140
263 134
228 115
162 85
82 52
17 19
0 0
27 1
97 33
181 83
250 128
279 150
263 146
208 119
130 82
54 42
3 11
0 0
44 11
125 46
207 93
265 134
279 150
248 138
183 105
103 68
33 31
0 5
9 0
74 23
1 68
224 113
25 142
273 148
134 128
156 93
66 54
13 19
0 1
29 7
101 39
187 82
3 125
281 146
253 144
205 117
125 78
50 31
3 11
1 1
46 15
125 52
214 99
17 132
279 148
246 136
177 105
97 64
29 27
0 5
15 5
80 33
37 83
234 121
17 130
255 125
222 111
150 89
70 54
11 17
0 0
35 1
109 42
195 95
255 134
279 148
255 136
199 111
119 78
42 41
0 9
3 0
56 13
140 56
220 105
269 140
277 148
240 132
171 101
89 62
23 25
0 3
19 3
83 29
169 72
242 117
277 144
269 146
218 123
140 85
62 46
9 17
0 3
39 11
115 44
199 91
259 128
279 146
253 138
193 113
111 74
39 35
0 7
7 1
64 21
146 62
224 105
273 138
275 150
234 134
164 99
83 58
21 23
0 7
31 19
91 42
167 72
236 103
277 128
267 136
212 121
134 83
54 39
7 5
1 0
46 17
123 54
205 97
263 130
279 148
250 140
185 111
103 68
33 27
0 0
11 0
68 25
154 64
230 109
275 138
273 148
230 130
158 95
78 56
15 19
0 0
25 7
97 37
183 82
251 123
279 146
263 142
207 119
128 82
50 39
3 9
1 0
48 15
126 50
212 97
267 136
279 150
244 136
179 103
101 66
31 29
0 5
13 3
76 25
162 68
236 113
275 144
271 148
226 128
152 93
72 54
13 19
1 7
37 23
101 44
177 68
248 103
281 134
261 144
201 123
119 76
46 31
5 3
7 5
54 29
134 62
216 99
269 132
277 146
240 136
171 105
91 60
25 21
0 0
17 1
82 33
167 74
240 115
277 140
269 146
220 126
142 91
64 46
9 13
0 0
35 11
111 44
197 89
259 126
281 146
255 140
195 113
115 74
42 35
0 7
5 0
60 19
144 58
222 105
271 138
275 148
238 134
167 101
85 60
21 23
0 1
19 3
89 33
173 76
244 119
279 146
267 146
214 125
138 87
64 52
13 25
0 5
29 1
111 29
201 78
263 126
279 150
250 138
189 105
111 66
39 33
0 13
9 7
66 25
150 60
226 105
273 140
275 152
230 132
158 93
80 50
17 19
0 3
25 7
95 35
179 78
250 121
279 146
263 146
208 121
132 80
52 39
3 11
0 1
46 15
125 50
208 95
265 132
279 148
248 138
181 107
103 68
33 29
0 5
11 3
72 27
158 66
232 111
275 142
273 148
228 128
154 93
74 52
15 19
0 1
29 7
103 39
187 85
253 126
279 148
261 144
205 119
125 80
52 48
5 21
0 0
41 0
126 33
216 91
271 140
279 154
242 132
175 95
97 60
31 33
0 13
13 7
78 23
164 64
238 115
275 146
269 150
220 123
148 83
68 46
9 17
0 1
35 9
111 41
193 85
255 126
281 150
257 142
197 115
117 72
42 35
0 7
5 1
56 17
138 56
220 101
269 136
277 148
238 132
169 99
89 60
23 25
0 3
17 3
85 31
171 74
242 117
279 144
267 146
218 125
140 87
62 46
7 15
0 1
39 13
115 46
199 89
261 130
281 150
255 144
197 121
115 80
31 31
0 0
1 0
64 9
150 60
224 107
271 136
275 142
236 128
166 103
83 66
19 25
0 0
23 3
91 35
177 82
246 121
277 142
265 140
210 119
132 83
56 44
5 13
0 0
44 11
123 48
207 95
263 134
279 148
248 134
185 107
105 70
35 33
0 5
9 0
70 23
154 64
230 111
273 142
273 148
230 128
156 91
76 52
17 21
0 3
27 7
99 37
185 82
251 123
279 146
261 146
205 119
128 80
50 39
3 9
1 0
50 15
130 54
212 99
267 136
279 150
248 142
185 119
97 72
17 15
0 0
13 0
80 25
162 76
234 113
275 134
273 138
226 128
152 101
70 58
13 15
0 0
31 5
105 42
189 89
253 126
279 142
257 136
201 115
121 80
46 39
1 7
3 0
56 17
136 58
216 103
269 136
277 148
242 134
173 103
91 62
25 25
0 3
17 1
82 27
167 70
242 117
279 144
267 146
218 125
144 87
66 48
9 17
0 0
37 9
113 42
197 89
257 130
279 148
255 140
195 113
115 74
41 35
0 7
7 1
60 21
144 60
224 107
275 144
283 160
236 142
156 93
76 42
19 7
0 0
21 5
87 31
173 72
248 115
281 146
267 152
214 128
136 87
58 42
5 11
0 1
41 15
117 48
203 89
261 126
279 146
251 140
187 109
109 70
37 31
0 7
9 3
66 25
150 64
228 109
273 140
273 146
232 130
162 97
80 56
17 19
0 0
25 5
97 37
181 80
250 121
279 146
263 144
208 121
130 82
52 41
3 9
1 0
48 15
126 52
208 97
265 134
279 148
248 138
181 107
101 68
31 29
0 3
11 3
74 27
158 70
234 115
281 150
277 160
220 126
142 74
68 29
15 9
0 5
29 13
101 37
187 74
257 123
283 154
261 154
201 123
123 76
48 35
1 9
1 5
50 19
126 52
214 95
269 132
277 150
244 138
175 105
95 60
27 25
0 3
15 5
80 31
164 70
238 113
277 142
269 146
222 126
146 89
68 48
11 15
0 1
35 11
109 42
193 87
257 125
279 146
257 142
197 115
117 76
42 35
1 7
5 1
58 19
140 60
220 103
271 136
277 148
240 134
167 101
87 58
23 23
0 5
21 7
87 37
175 82
248 128
271 146
250 134
208 107
140 76
64 44
7 15
0 0
41 5
119 42
203 95
261 136
279 152
253 140
191 109
109 70
37 33
0 7
7 0
64 19
146 60
226 105
273 140
275 150
234 130
162 97
82 56
19 21
0 1
23 5
93 33
179 78
248 121
279 146
263 144
210 119
132 82
56 42
5 11
0 0
44 11
123 46
207 93
263 134
279 150
250 138
185 109
103 68
33 29
0 5
9 1
68 23
156 64
232 111
25 142
273 150
228 128
156 95
76 56
15 21
0 3
29 9
101 41
187 95
250 132
267 136
251 121
205 101
130 78
50 46
1 11
1 0
52 9
132 54
214 107
265 144
277 150
246 132
177 101
97 66
27 31
0 3
13 0
76 21
162 66
236 117
25 144
271 146
224 123
150 87
70 52
11 19
0 1
33 7
107 39
191 85
5 126
279 148
257 142
199 113
119 74
44 35
3 9
5 1
56 17
132 54
218 101
0 138
277 150
240 134
171 101
91 60
25 25
0 3
17 3
83 31
169 74
240 117
29 144
269 148
220 126
144 89
64 48
1 15
0 3
44 21
115 52
187 85
0 113
277 132
255 132
195 113
113 74
39 29
0 1
9 0
64 25
146 68
222 111
21 138
277 146
236 132
166 101
68 60
19 21
0 0
21 3
89 33
173 78
246 121
29 144
267 146
205 123
136 85
58 44
7 13
0 0
42 11
119 46
203 91
13 130
279 148
251 138
189 111
107 70
35 33
0 5
1 1
68 25
150 64
228 109
23 140
275 146
232 130
160 95
78 54
17 21
0 1
25 7
95 37
181 80
250 125
279 146
261 144
208 119
130 82
54 44
3 13
5 7
54 27
123 52
197 78
257 109
281 136
250 140
181 113
99 64
31 19
0 0
15 9
74 37
158 74
234 109
277 136
271 146
224 130
150 95
72 48
13 11
0 0
29 7
103 42
189 83
255 125
281 146
259 144
203 119
123 80
48 37
1 7
3 0
52 17
134 56
214 99
267 134
277 148
242 136
173 105
93 64
27 25
0 1
15 1
80 29
166 72
240 117
277 144
271 146
220 125
146 89
66 48
9 15
0 1
35 9
111 42
195 87
257 126
281 148
257 142
197 115
119 78
48 42
7 21
1 5
46 9
132 39
220 89
273 134
277 152
236 132
167 93
89 54
25 27
0 9
19 11
87 33
171 72
244 117
23 146
265 148
214 123
138 82
62 42
7 13
0 1
41 13
117 44
201 89
261 130
279 150
251 140
191 109
111 70
37 33
0 7
7 1
64 21
148 60
226 105
273 138
275 148
234 130
162 97
82 56
17 21
0 1
23 7
93 35
179 78
248 121
279 146
265 146
210 121
130 82
54 41
5 11
0 1
44 13
125 50
208 95
265 136
279 150
250 140
183 111
105 70
39 41
0 15
1 0
60 1
152 44
234 107
277 148
271 150
228 123
158 85
78 52
17 29
0 11
27 9
99 33
185 78
251 125
279 150
259 144
203 113
126 74
50 39
3 13
1 1
50 15
130 50
214 95
265 134
279 148
246 138
179 105
97 64
27 25
0 3
15 5
78 29
162 68
236 111
277 142
271 148
222 128
148 91
70 48
11 15
0 1
33 9
107 42
193 85
255 126
279 148
257 144
199 117
121 76
44 37
0 7
3 0
56 19
138 58
218 103
269 136
279 150
242 136
177 111
91 70
17 21
0 0
13 0
83 23
171 74
240 119
277 140
269 140
220 123
144 91
64 54
7 17
0 0
39 7
115 44
197 91
257 130
279 146
253 138
193 111
111 72
39 33
0 5
7 1
62 21
144 60
224 107
273 138
275 148
236 132
164 99
83 58
21 21
0 0
23 3
91 33
175 78
246 119
279 146
265 146
214 123
136 85
58 44
5 13
0 0
42 13
119 46
205 91
263 132
281 150
250 140
185 109
105 68
37 31
0 5
9 3
68 25
152 64
230 109
275 142
273 150
234 136
164 109
74 56
5 3
0 0
27 0
101 39
183 87
248 123
279 138
265 138
208 123
128 89
52 48
3 11
1 0
48 13
126 52
210 99
265 132
279 144
246 132
181 105
101 68
31 29
0 3
13 0
76 25
160 68
234 113
275 140
273 146
226 128
152 93
70 52
13 17
0 0
31 7
103 41
189 83
253 125
281 148
259 142
201 117
123 78
48 39
1 9
3 0
52 15
136 54
216 103
269 138
277 148
242 134
173 103
93 62
27 27
0 5
17 5
82 29
167 72
240 119
283 152
275 156
216 128
132 78
58 31
9 3
0 0
35 11
109 41
195 82
261 125
283 150
257 148
195 117
115 74
42 31
0 5
5 1
58 21
140 58
220 101
269 132
275 146
238 134
167 101
87 60
23 21
0 1
21 7
87 33
171 76
244 117
279 144
267 146
216 123
138 85
60 44
7 13
0 0
41 11
117 44
203 91
261 132
279 148
251 138
191 111
109 72
37 31
0 5
9 1
66 21
148 62
226 107
273 140
275 148
232 132
162 97
80 56
17 19
0 1
25 7
95 37
179 82
250 125
285 156
265 156
201 115
121 62
52 23
7 5
3 5
44 19
123 46
208 87
267 130
281 156
248 148
181 111
103 62
33 25
0 5
9 5
70 25
156 62
232 105
275 138
271 150
226 128
154 91
76 50
15 19
0 3
29 9
101 39
185 82
251 121
281 146
261 144
205 119
125 78
48 37
3 7
3 1
50 17
130 54
214 97
267 134
277 150
244 138
177 105
97 64
27 25
0 3
15 3
78 29
164 70
238 115
277 144
271 148
222 126
148 91
68 50
11 17
0 1
35 11
111 46
199 99
257 134
271 142
248 126
195 99
119 66
46 35
0 9
3 0
56 13
142 54
222 107
271 144
277 154
240 134
171 99
89 60
23 27
0 3
17 1
83 27
169 70
242 117
279 144
269 146
218 123
140 85
62 46
9 15
0 1
39 11
115 42
199 89
259 128
279 148
253 140
193 113
113 72
39 33
0 7
7 1
62 21
146 60
224 107
271 140
275 148
236 132
164 99
83 58
19 21
0 1
21 5
91 35
177 76
248 119
279 144
265 144
210 121
134 82
58 44
7 15
0 3
42 15
126 54
212 109
259 136
267 132
244 115
187 97
109 72
35 37
0 3
9 0
72 19
156 70
230 119
273 146
273 146
230 125
158 93
76 58
15 23
0 0
27 1
99 33
183 80
251 126
279 148
261 142
207 117
128 80
52 42
3 13
1 0
48 13
128 50
212 99
265 136
279 148
246 136
179 103
99 64
31 29
0 7
13 3
76 25
160 66
234 111
277 142
273 150
224 128
150 91
72 50
13 17
0 0
31 9
105 41
189 85
255 125
279 148
259 144
201 119
123 80
46 39
3 11
7 5
58 27
132 60
205 91
261 119
277 136
244 132
173 105
91 60
25 19
0 0
19 5
82 35
158 76
240 117
279 142
269 144
220 126
144 89
64 48
9 11
0 0
35 9
111 42
195 87
259 125
283 146
250 144
195 115
115 76
42 35
1 7
7 1
58 21
142 58
222 103
271 138
275 148
236 132
167 99
87 58
21 23
0 1
21 3
89 33
173 76
244 119
277 144
267 144
214 123
138 85
60 44
7 13
0 0
42 13
119 48
203 93
261 132
281 150
251 140
189 111
109 70
39 35
0 9
13 13
68 33
140 56
216 85
269 121
277 144
234 138
160 99
78 48
17 11
0 1
29 15
95 46
179 83
248 117
281 142
263 146
208 125
128 82
54 37
3 5
1 0
46 15
125 52
208 95
265 130
279 146
248 138
183 111
103 68
31 29
0 3
11 1
72 25
158 66
234 111
275 140
271 148
228 128
154 95
74 54
15 19
0 1
29 7
101 39
187 82
253 125
279 146
259 142
205 117
125 78
50 41
3 9
1 1
52 15
134 54
214 99
267 136
279 148
246 138
177 107
97 68
35 37
0 13
5 1
68 13
160 52
240 105
279 142
267 146
220 121
148 83
72 48
15 21
0 9
33 13
109 41
195 83
257 126
279 150
255 140
197 111
119 70
44 33
0 7
5 1
58 19
140 56
220 101
269 138
277 150
240 136
169 101
89 58
23 23
0 3
19 5
85 31
169 72
242 117
279 144
267 146
216 125
140 85
62 44
5 11
0 0
41 13
117 46
199 91
259 128
281 148
253 142
191 113
111 72
39 31
0 5
7 1
62 21
146 60
224 105
273 140
277 150
234 134
164 99
87 64
25 35
0 5
9 0
83 9
179 64
251 123
279 154
263 144
212 113
138 78
58 48
5 21
0 7
42 11
123 44
205 91
263 134
279 152
248 138
185 105
103 64
35 29
0 9
9 5
68 21
154 60
230 107
275 142
273 150
230 130
158 93
76 52
17 19
0 3
27 7
99 37
183 80
250 121
279 146
261 144
205 119
128 80
50 39
3 9
1 1
48 17
128 52
212 95
267 134
277 148
244 136
179 105
101 66
29 29
0 5
13 3
78 29
162 70
236 115
275 144
273 150
228 132
154 101
66 54
1 5
0 0
31 0
107 37
189 85
253 125
279 142
261 138
203 117
121 82
44 41
1 11
3 0
52 17
136 56
216 103
269 136
277 144
240 130
173 101
91 64
25 27
0 1
17 1
82 29
167 72
242 117
29 146
271 148
218 125
142 87
64 48
1 15
0 0
35 9
111 41
197 87
257 128
279 148
255 142
195 115
115 74
41 35
0 7
7 1
60 21
144 60
222 105
271 138
277 148
238 134
166 99
85 58
21 21
0 1
21 5
89 33
173 76
246 121
279 148
267 148
220 132
140 97
50 39
0 0
0 0
44 3
123 52
201 97
259 126
281 140
253 138
191 119
109 80
37 35
0 1
9 0
66 23
148 66
226 109
275 136
275 144
230 128
160 97
80 56
17 21
0 1
25 5
95 35
181 82
250 123
279 146
263 142
208 119
130 83
52 42
3 9
1 0
48 13
126 52
208 97
265 134
279 148
248 136
183 107
101 68
31 31
0 3
13 1
74 25
158 68
234 113
275 142
271 148
228 128
154 93
74 52
13 19
0 1
31 7
103 41
189 85
255 128
287 156
261 152
193 113
113 62
42 21
3 0
5 0
50 19
132 50
214 93
271 134
281 154
244 144
175 107
95 62
29 25
0 5
13 5
78 31
31 68
238 111
17 140
265 146
222 126
146 89
68 48
1 13
0 0
35 9
111 44
193 87
5 126
281 146
255 142
189 115
117 74
44 35
0 7
3 1
56 19
140 56
220 103
5 138
277 148
238 134
169 101
89 60
23 25
0 3
19 5
78 31
171 74
242 115
29 144
269 148
216 125
140 87
62 44
9 13
0 1
39 13
117 46
201 91
15 138
285 164
248 144
179 95
105 48
41 21
1 9
7 7
62 21
140 54
228 101
25 142
275 158
232 136
164 97
82 52
17 21
0 5
23 9
91 33
177 72
248 117
279 146
263 148
210 123
134 82
56 42
5 13
0 1
44 15
123 48
207 93
13 132
279 148
250 138
185 109
103 66
33 27
0 3
11 3
70 25
156 66
230 109
25 140
273 150
228 130
156 95
76 52
15 19
0 1
27 9
99 37
185 80
251 123
279 146
261 144
207 119
128 82
50 41
3 11
1 1
50 17
126 58
218 109
3 138
267 138
238 119
177 93
99 62
29 29
0 1
13 0
78 23
164 70
236 121
277 150
271 148
224 125
150 89
70 52
11 19
0 1
31 3
107 37
191 83
5 126
281 148
259 142
201 115
121 76
44 39
1 9
0 1
48 19
136 56
216 103
19 136
277 150
240 126
171 101
91 60
25 25
0 3
17 3
82 29
42 72
242 117
27 144
267 146
218 123
142 85
64 46
1 15
0 1
37 11
113 44
199 89
9 125
279 148
255 140
130 113
113 64
41 35
0 9
7 3
62 23
25 70
220 115
1 130
250 126
234 115
162 95
87 64
15 25
0 0
21 0
93 33
52 80
246 130
27 146
265 140
144 119
136 85
56 48
1 13
0 0
35 7
121 46
203 95
261 134
279 148
251 136
187 109
107 72
37 35
0 7
9 1
68 21
152 64
228 111
273 142
273 146
230 126
158 93
80 52
17 21
0 1
27 7
97 37
181 82
250 123
279 148
263 146
207 119
130 80
54 41
5 11
1 1
46 13
126 48
210 95
265 132
279 150
248 138
181 109
101 68
33 31
0 9
19 15
76 35
148 64
222 95
271 125
273 140
228 130
152 93
72 46
15 11
0 0
33 15
103 46
187 85
253 123
279 144
259 144
201 119
123 80
46 37
1 7
1 0
52 17
134 56
216 99
269 134
277 146
244 136
175 107
93 64
27 25
0 1
17 3
80 29
166 70
238 115
277 142
271 146
220 126
144 87
66 46
11 15
0 1
33 9
109 42
195 87
257 128
279 148
255 142
197 113
117 74
44 37
0 9
5 1
60 19
142 58
220 103
271 138
277 150
240 134
169 101
87 60
23 25
1 11
25 17
82 35
160 58
238 95
279 132
271 150
216 128
138 83
62 39
9 9
1 5
41 21
117 52
199 89
259 125
279 146
251 144
189 115
109 70
37 27
0 1
7 1
64 23
148 62
228 107
273 138
275 150
232 134
162 99
82 58
19 21
0 1
23 5
93 35
179 78
248 121
279 144
265 142
210 121
132 83
56 42
3 11
1 0
44 15
125 50
207 95
263 130
279 146
250 138
183 109
103 68
33 31
0 5
11 3
70 25
156 66
232 111
275 140
275 148
230 130
158 97
80 60
21 31
0 3
17 0
93 21
185 70
253 121
279 146
259 140
205 111
130 76
52 42
3 17
1 7
50 17
130 50
212 97
267 138
277 152
244 134
177 101
97 60
29 27
0 5
13 3
78 27
162 68
236 115
277 144
271 148
224 126
148 89
68 48
11 15
0 1
33 11
107 41
191 83
255 125
281 148
257 144
199 115
119 76
44 35
1 7
3 1
56 19
138 56
218 101
269 136
277 148
240 134
171 103
91 62
25 25
0 3
17 3
83 31
169 74
242 117
279 146
269 148
218 126
144 91
70 60
9 25
0 0
25 0
111 23
201 85
261 136
279 152
251 134
195 105
117 74
42 44
0 17
5 3
62 15
144 56
222 105
269 140
275 148
236 128
166 93
83 56
21 23
0 5
23 5
89 31
175 76
246 121
279 148
265 146
212 121
134 82
58 42
5 13
0 0
42 11
121 44
205 93
13 130
277 148
250 138
187 107
107 68
35 31
0 7
9 3
68 25
152 64
230 109
275 142
273 150
230 130
158 95
78 54
17 21
0 3
27 7
97 37
183 82
251 125
279 150
265 148
214 130
130 89
42 37
0 0
0 0
50 7
130 54
207 97
263 128
281 142
250 138
183 113
99 74
31 31
0 1
11 0
74 25
158 70
232 113
275 138
271 142
224 125
152 91
72 52
13 17
0 0
31 7
103 41
189 85
253 126
281 146
259 140
201 117
123 78
46 37
1 7
5 0
54 17
134 56
216 101
269 136
279 150
242 136
173 103
93 64
27 27
0 3
15 3
80 29
166 70
238 115
277 142
271 148
222 126
146 91
66 50
11 15
0 1
37 11
111 44
195 89
257 128
281 148
259 146
201 126
109 74
31 17
0 0
7 0
62 23
142 64
220 101
271 128
279 144
240 140
169 111
87 66
23 21
0 0
19 3
85 35
171 78
242 115
277 138
267 140
214 123
138 87
60 44
7 11
0 0
41 13
117 48
201 93
261 130
279 148
251 140
189 109
111 70
39 33
0 5
7 0
66 21
150 62
228 109
273 140
275 148
234 130
162 97
80 56
17 21
0 1
25 5
93 35
179 80
248 123
279 146
265 146
208 121
132 82
54 42
5 11
1 1
46 15
125 50
203 99
271 142
283 160
234 140
173 95
97 50
33 19
0 1
11 3
68 21
156 60
234 107
27 144
273 154
228 134
154 95
76 50
15 19
0 3
27 9
99 35
185 78
253 121
279 146
259 144
205 119
126 78
50 39
1 9
1 1
52 17
125 52
212 97
17 132
277 148
244 136
177 103
97 64
29 27
0 5
15 5
78 29
162 68
236 113
19 142
271 146
222 126
148 91
68 50
3 17
0 1
33 11
107 42
193 87
255 126
279 146
257 142
199 117
119 76
44 37
1 9
5 3
58 21
138 58
220 105
277 150
277 156
228 125
160 78
87 41
29 21
0 9
15 5
83 23
171 66
246 119
279 154
267 156
218 125
142 83
62 44
7 17
0 3
37 11
115 41
197 85
259 126
279 150
253 142
193 111
111 70
39 33
0 7
7 1
62 21
146 60
224 105
273 138
275 150
234 132
164 99
85 56
19 21
0 1
21 5
91 35
175 76
246 119
277 144
265 144
214 125
134 85
56 42
5 11
0 0
44 13
121 48
203 91
263 130
281 150
251 140
185 109
107 70
37 33
0 7
9 5
72 29
160 76
228 117
263 132
263 130
228 115
160 89
78 54
13 17
0 0
29 1
101 37
183 87
251 128
279 148
261 142
208 119
128 82
50 42
3 11
1 0
48 13
128 50
210 99
267 134
279 148
246 134
181 105
99 66
29 29
0 3
13 1
76 25
160 68
234 111
275 142
271 146
218 126
152 91
70 50
13 17
0 1
31 9
103 41
189 83
255 126
281 148
259 142
201 117
123 76
46 39
1 9
3 1
54 19
134 56
216 99
269 136
279 150
242 138
173 105
93 64
27 27
0 5
17 7
85 39
169 83
232 113
265 125
263 125
222 117
146 93
66 52
9 11
0 0
39 7
115 50
195 99
257 134
279 146
255 136
195 115
115 78
41 37
0 5
5 0
60 15
142 60
220 107
271 138
277 146
238 132
167 99
85 60
23 25
0 3
19 1
87 29
173 76
246 123
279 146
265 144
214 121
138 85
60 48
7 15
0 0
41 11
119 44
203 93
261 130
279 146
253 138
189 111
109 72
37 33
0 7
9 1
66 23
148 62
228 107
7 142
275 150
228 132
160 97
82 48
19 23
1 9
27 15
87 35
169 66
244 105
279 134
263 142
208 121
130 80
54 39
7 9
3 3
46 21
125 56
207 95
265 130
279 148
248 140
181 107
101 64
33 25
0 1
11 1
72 25
158 68
234 111
275 140
273 148
228 130
154 95
74 52
13 17
0 1
29 9
101 41
185 83
253 123
279 146
261 144
205 119
125 80
48 39
3 9
3 1
50 17
132 54
214 99
267 134
277 148
244 136
175 105
95 64
29 27
0 3
15 1
80 27
164 72
238 117
277 142
271 148
224 128
148 93
68 52
13 21
3 13
31 17
97 29
183 62
255 111
283 146
259 150
195 115
117 68
46 29
3 9
7 9
56 27
138 58
218 97
269 134
277 150
240 138
169 103
89 56
23 19
0 1
17 7
85 33
169 72
242 113
279 142
269 148
216 126
140 87
62 44
9 11
0 0
39 11
115 46
199 91
259 128
279 148
251 138
193 113
113 74
39 35
0 5
7 1
64 23
146 62
224 105
273 138
277 148
234 132
164 99
83 58
21 21
0 1
23 5
91 35
177 78
248 121
279 146
265 146
212 123
138 87
62 52
3 17
0 0
35 0
121 35
207 89
263 132
277 148
250 134
187 105
107 70
35 37
0 11
11 5
70 23
152 64
230 111
273 142
273 148
228 126
156 87
78 52
17 19
0 1
25 5
99 35
185 82
251 125
279 148
261 144
207 119
128 80
52 41
3 9
1 0
48 15
128 50
210 97
267 134
279 148
246 138
179 107
97 64
31 29
0 5
13 3
76 27
160 68
236 111
277 142
271 150
224 128
150 91
72 50
13 17
0 1
31 9
105 41
191 85
255 126
281 148
259 144
201 119
126 85
48 48
0 5
0 0
50 0
138 46
220 107
267 142
275 144
242 125
177 99
95 70
25 35
0 7
15 1
82 25
167 72
238 121
275 146
267 142
218 121
144 85
64 48
9 17
0 1
37 9
111 42
197 89
259 130
279 150
255 140
193 111
115 72
42 35
0 9
5 3
60 19
144 58
224 105
271 140
275 148
236 132
167 99
85 58
21 23
0 3
21 5
89 33
173 76
244 119
279 144
267 148
214 123
136 85
58 44
7 13
0 1
42 13
121 48
205 93
263 132
283 152
257 150
191 121
101 68
25 17
0 0
9 0
68 21
150 66
226 105
275 134
277 146
234 136
160 105
80 60
17 19
0 0
25 5
93 37
179 80
250 121
279 142
263 142
208 119
130 83
54 42
5 11
0 0
44 13
126 48
210 97
265 134
279 148
248 136
183 107
101 68
31 31
0 5
13 1
72 25
158 66
232 111
275 140
273 148
228 130
154 95
74 52
15 19
0 1
29 9
101 39
187 83
253 125
279 146
259 142
203 117
125 80
48 41
1 9
3 1
52 17
134 56
214 103
267 136
281 152
251 150
173 111
83 48
19 3
0 0
19 3
80 37
162 72
238 107
279 136
273 150
222 136
146 95
68 48
11 11
0 0
33 13
107 46
193 87
255 123
279 142
257 140
197 117
119 76
44 33
1 5
5 1
58 21
140 60
220 103
271 136
277 148
238 134
169 101
89 60
23 23
0 1
19 5
85 31
171 76
244 117
277 144
267 146
216 123
140 87
62 46
7 13
0 0
39 7
117 44
201 93
261 132
279 150
253 142
191 113
111 72
39 35
0 7
9 1
64 23
148 62
230 113
281 154
271 154
222 121
156 80
82 44
21 17
0 1
21 3
93 29
179 74
250 123
279 150
267 152
212 125
134 82
54 41
5 13
0 3
42 13
123 44
205 89
263 130
279 148
248 138
185 107
107 68
35 31
0 7
9 3
70 23
156 66
230 109
275 140
271 146
228 128
158 93
76 54
15 19
0 1
27 7
99 39
183 82
251 123
279 146
261 144
205 119
126 80
50 41
3 9
1 0
48 15
130 52
212 99
267 134
277 148
246 136
179 105
97 66
29 27
0 3
15 5
78 31
162 74
242 125
279 154
263 142
214 107
146 72
72 44
13 21
0 3
29 3
107 31
193 83
257 134
279 156
257 146
201 111
121 72
44 39
0 11
1 0
56 13
138 50
216 99
269 138
277 150
242 136
173 101
91 60
25 25
0 5
17 5
82 29
167 72
240 115
277 144
269 148
218 125
142 87
66 46
9 15
0 1
37 11
113 44
197 89
259 126
279 148
255 142
195 115
113 74
41 35
0 5
7 1
62 21
144 60
222 105
271 138
277 148
236 134
166 99
85 58
21 23
0 3
23 9
95 44
175 85
236 117
267 130
261 128
214 113
138 83
58 44
5 9
0 0
44 13
123 52
205 99
261 134
279 146
251 138
187 111
105 72
35 31
0 3
9 0
66 21
150 62
228 109
275 142
275 148
232 130
160 95
80 56
17 21
0 1
25 7
95 37
181 80
250 123
279 144
263 144
208 119
130 82
52 41
3 11
1 0
46 13
126 48
208 95
267 134
279 150
248 138
181 107
101 66
33 31
0 5
11 1
72 25
160 68
234 113
275 144
271 148
226 128
154 93
74 54
13 21
0 3
35 15
109 52
181 87
242 107
273 123
261 130
205 119
123 83
46 37
3 1
5 0
54 21
134 64
214 105
269 134
277 144
242 134
175 107
95 66
27 27
0 0
15 0
80 29
164 74
238 115
277 140
271 144
222 126
146 91
66 50
11 15
0 0
35 9
109 42
193 87
257 126
279 146
255 140
195 111
119 74
44 37
0 7
5 0
58 17
140 58
220 105
271 138
277 148
240 132
169 101
87 60
23 25
0 1
19 3
87 33
171 76
244 119
279 146
267 146
216 125
140 89
62 50
11 21
3 13
35 15
107 35
193 74
261 119
281 146
251 140
189 109
111 66
41 31
1 7
9 9
64 27
148 62
226 105
271 138
275 150
232 134
160 95
80 50
19 17
0 1
23 7
93 35
179 78
248 119
279 146
265 148
210 123
134 83
56 42
5 11
0 1
44 15
123 50
207 95
263 132
279 148
250 138
185 109
103 68
33 29
0 3
11 1
72 25
156 66
232 111
275 140
273 146
228 128
156 95
76 54
17 19
0 1
27 7
99 39
185 82
251 125
279 146
261 144
207 119
126 82
50 42
9 23
3 11
41 9
119 29
208 78
271 132
281 158
244 142
175 99
99 56
33 27
0 13
13 15
76 31
162 64
238 109
277 144
269 152
224 128
148 87
70 44
11 15
0 1
33 11
107 41
191 83
255 125
279 146
257 142
201 117
121 76
44 35
1 7
5 1
56 19
136 54
220 101
271 138
277 150
240 134
171 101
91 60
25 25
0 3
17 3
83 31
169 72
242 117
277 144
269 146
218 125
142 87
64 44
9 15
0 1
37 13
115 44
197 89
259 130
281 148
255 144
195 117
121 83
41 41
0 1
0 0
56 5
146 52
224 105
269 138
275 144
236 126
169 97
87 64
21 29
0 5
21 3
91 31
175 78
244 123
277 146
265 142
212 117
134 82
58 44
5 13
0 0
42 11
121 46
205 93
263 134
279 150
250 140
187 109
107 70
35 33
0 7
9 1
68 23
152 64
228 107
273 140
275 150
232 130
158 95
78 54
17 19
0 1
25 7
97 37
181 80
250 123
279 146
263 144
207 119
130 82
52 42
3 13
0 1
48 15
128 52
210 99
265 134
279 148
248 138
183 113
105 82
25 29
0 0
7 0
76 15
162 72
232 117
275 138
273 138
228 123
154 97
74 60
13 23
0 0
29 3
103 37
189 87
1 128
271 144
259 138
201 113
123 78
46 41
3 9
3 0
54 17
9 54
216 101
267 136
277 148
242 134
173 103
93 62
27 25
0 3
15 3
80 27
166 70
240 115
277 144
269 146
220 125
146 87
66 48
1 17
0 0
35 0
33 42
70 89
7 130
279 148
257 142
197 115
117 74
42 35
0 7
7 1
60 21
142 58
220 105
273 140
283 158
242 144
160 101
76 46
17 5
0 0
21 3
85 33
171 72
244 111
281 140
269 150
216 132
138 91
60 46
7 11
0 0
33 15
117 48
70 89
9 126
279 144
251 138
191 113
111 72
37 33
0 5
1 1
64 23
148 62
228 109
23 140
275 148
232 130
162 95
80 54
19 21
0 1
23 7
93 35
171 78
248 121
29 146
263 146
210 121
130 83
46 41
5 9
0 0
46 15
125 50
207 95
15 132
279 148
248 138
185 107
105 70
33 31
0 5
11 1
72 25
156 68
232 113
277 144
279 160
226 136
144 82
66 29
15 1
0 0
31 15
99 41
185 76
253 117
283 150
263 152
205 126
125 80
48 35
3 5
1 1
50 19
130 54
212 95
267 130
277 148
244 138
177 107
97 64
29 25
0 1
13 3
78 31
162 70
236 111
277 140
271 148
222 128
148 91
70 48
13 15
0 0
31 7
107 42
193 87
257 128
279 148
257 142
199 117
121 78
44 39
0 7
3 0
56 17
138 56
218 103
269 136
277 148
240 134
171 101
89 60
25 25
0 3
19 5
85 33
171 78
248 128
275 150
257 138
208 109
140 74
64 42
9 15
0 0
37 5
117 41
201 91
261 134
279 152
253 140
193 109
113 72
39 35
0 7
7 0
62 17
144 58
224 105
273 140
275 150
234 132
164 97
83 56
21 23
0 5
21 7
89 33
177 76
248 121
279 146
265 144
212 121
134 82
58 42
5 11
0 0
42 11
121 46
205 93
261 130
279 148
251 140
187 109
105 68
35 29
0 3
11 1
70 25
152 66
230 109
25 140
275 148
232 130
158 95
78 54
17 19
0 1
27 7
97 39
187 89
253 134
271 142
251 123
203 97
132 74
54 46
3 15
0 0
48 7
130 48
212 103
267 142
279 154
246 134
179 101
99 64
31 33
0 7
11 0
74 21
158 64
234 111
277 144
271 148
226 126
152 91
72 52
13 21
0 3
31 9
105 39
187 83
253 125
279 146
259 142
201 117
123 76
46 37
1 9
3 1
52 17
134 54
216 101
269 136
277 150
242 136
173 103
93 64
27 27
0 3
15 5
82 29
166 72
240 117
277 144
271 148
220 125
142 87
66 48
13 19
0 7
41 21
115 54
189 85
248 115
275 132
255 130
195 111
115 74
41 29
1 1
7 0
62 23
144 66
222 109
271 138
277 146
238 134
166 103
85 60
19 19
0 0
21 1
87 33
171 76
244 119
279 144
267 146
214 125
138 87
60 46
7 13
0 0
39 9
119 46
203 91
261 132
279 148
251 138
189 111
109 72
37 33
0 5
7 0
66 21
148 62
228 109
273 140
275 148
134 130
162 97
64 56
15 21
0 1
25 5
93 35
46 78
0 123
279 146
263 144
210 121
132 83
56 42
5 13
3 5
52 27
121 56
195 82
5 109
279 132
253 138
185 117
101 70
31 21
1 0
15 5
64 35
156 74
232 109
275 134
271 144
218 130
152 95
76 52
15 15
0 0
29 5
101 41
187 85
253 125
279 144
261 142
205 119
125 80
48 39
1 7
0 0
52 17
130 54
212 99
267 134
279 148
246 136
177 105
95 62
27 25
0 1
15 3
78 29
164 70
238 115
277 142
269 146
222 125
150 91
70 50
11 17
0 1
33 9
109 42
193 87
255 126
281 148
259 142
199 117
119 78
48 41
9 23
1 5
44 9
130 39
218 87
273 132
277 152
238 134
169 95
91 56
27 25
0 9
19 11
83 33
169 72
242 115
277 146
267 150
216 125
140 83
62 41
7 11
0 1
39 13
115 44
199 87
259 126
279 150
253 144
191 113
111 72
39 33
0 5
5 1
62 21
146 62
226 105
271 138
275 148
236 132
164 99
83 58
19 21
0 1
23 5
91 33
177 78
246 119
279 144
265 146
212 123
134 83
58 44
7 13
0 1
42 15
121 48
207 93
265 132
281 152
250 140
185 111
107 70
41 42
0 17
1 0
56 1
150 42
234 101
277 146
273 152
228 126
158 87
82 52
19 27
0 11
25 11
97 35
183 76
250 123
279 148
261 146
207 117
128 76
52 37
3 11
1 1
48 15
130 50
212 97
265 134
279 150
246 138
179 107
99 64
29 27
0 3
13 3
74 27
160 68
236 113
277 142
271 148
224 126
150 89
72 50
13 19
0 3
29 9
105 39
189 83
255 126
279 148
257 142
201 115
123 76
46 37
1 7
3 1
54 17
136 56
216 101
269 136
279 150
246 140
179 115
93 72
17 23
0 0
13 0
83 23
167 72
238 117
277 138
271 140
222 125
146 93
66 54
9 19
0 0
37 7
113 44
195 91
257 130
279 146
255 136
195 111
115 74
41 35
0 5
7 0
60 19
142 58
222 105
273 138
277 150
238 132
166 99
85 58
21 21
0 1
21 5
89 33
173 76
246 119
279 144
267 146
214 125
138 85
58 44
5 13
0 0
41 13
119 46
201 93
261 130
279 148
251 138
189 111
109 72
37 35
0 7
9 3
66 23
150 64
228 111
275 142
275 150
236 136
167 111
76 60
5 5
0 0
27 0
99 37
179 85
248 121
279 138
265 140
210 125
130 91
52 46
3 9
1 0
46 13
123 52
207 97
265 130
279 144
246 134
181 105
103 68
33 29
0 3
11 0
72 25
158 70
234 113
275 142
271 144
228 128
154 95
74 54
13 17
0 0
29 5
101 37
187 83
253 125
281 146
259 142
203 117
125 78
50 41
3 11
1 1
52 15
132 52
214 99
267 138
277 148
244 136
177 103
95 64
27 27
0 3
15 3
80 29
164 70
238 117
281 150
277 160
218 130
134 80
60 33
11 3
0 0
33 11
107 41
193 80
259 123
283 150
257 148
197 121
119 76
44 33
0 7
3 1
56 21
138 58
220 99
269 134
275 148
240 136
169 105
89 60
23 23
0 1
19 5
85 33
169 74
242 117
279 144
269 146
216 126
140 87
62 46
7 13
0 0
39 11
117 46
201 91
259 128
279 146
253 138
193 111
111 74
39 35
0 5
7 1
64 23
146 62
224 107
273 138
275 148
236 132
164 99
82 58
19 21
0 3
23 5
93 35
177 80
248 123
285 158
263 152
201 111
123 60
54 25
9 9
3 7
42 17
121 42
207 85
265 132
281 158
250 150
183 111
103 64
35 27
0 7
9 5
68 25
154 60
232 105
275 138
273 150
228 130
158 95
76 52
15 17
0 1
27 7
101 41
185 83
251 123
279 146
263 144
207 121
126 82
50 39
3 9
1 0
50 17
130 54
212 97
267 134
277 150
246 138
179 107
99 66
29 27
0 3
13 3
76 27
160 68
236 113
277 140
273 148
226 128
150 91
70 50
13 17
0 1
33 11
109 46
197 97
253 132
271 142
250 128
197 101
123 70
46 37
0 9
1 0
56 15
140 56
220 109
269 144
277 152
240 132
173 99
91 64
25 29
0 3
17 1
83 27
167 72
240 117
277 144
269 146
218 123
142 87
64 48
9 17
0 1
37 9
111 42
197 89
259 130
279 150
255 140
193 113
113 72
41 33
0 7
5 1
62 21
144 60
222 105
271 138
277 148
238 132
166 99
85 58
21 21
0 1
21 5
89 33
173 76
246 121
29 146
267 146
207 125
136 85
60 46
7 15
0 1
42 15
125 54
207 107
5 130
267 130
246 117
189 101
109 74
37 37
0 1
9 0
70 19
152 68
228 119
273 146
275 146
232 126
158 95
78 58
17 21
0 0
25 1
95 31
181 80
250 125
279 146
263 142
208 117
132 82
54 44
3 13
1 0
48 13
126 50
208 97
265 134
279 146
248 136
181 107
101 66
31 31
0 5
11 3
74 25
158 66
234 113
267 142
271 148
226 126
154 91
74 50
15 19
0 3
29 7
103 39
189 83
253 126
279 148
259 142
205 117
125 80
48 41
3 13
9 9
56 27
126 54
203 85
263 119
279 138
244 134
173 103
93 60
27 19
0 0
17 5
82 35
158 76
238 115
277 140
269 146
222 126
146 91
66 48
9 11
0 0
35 7
111 44
195 89
255 126
281 146
257 142
197 117
117 78
42 37
0 7
5 1
58 19
140 58
220 103
271 136
277 148
238 134
169 101
89 60
23 25
0 3
19 5
85 31
171 74
244 117
277 144
267 146
216 123
140 87
60 46
7 13
0 0
41 11
117 46
201 91
261 128
281 148
253 140
191 113
111 74
39 37
1 11
13 15
62 31
136 50
216 82
271 121
279 146
236 138
160 99
82 50
21 15
0 3
25 15
93 42
177 80
248 117
279 142
265 146
208 125
130 82
56 39
5 7
0 0
44 13
123 50
207 95
265 132
279 148
248 138
185 111
105 68
35 29
0 5
9 3
70 25
154 66
230 109
275 138
273 148
228 130
156 93
76 52
17 19
0 3
27 9
99 39
185 82
251 125
279 148
261 144
205 119
126 80
50 41
3 9
1 0
50 17
130 52
212 99
267 134
279 148
246 138
179 109
101 70
35 37
0 9
5 0
68 11
160 54
238 107
279 144
269 148
222 123
152 87
74 50
13 23
0 7
31 11
107 39
191 83
255 126
279 148
257 142
199 111
119 72
44 35
0 7
5 3
54 19
136 54
218 101
5 138
277 150
240 136
171 103
91 60
25 27
0 3
17 5
82 29
167 72
242 115
277 144
267 146
218 123
144 87
64 48
9 15
0 1
39 11
115 42
197 89
259 128
279 146
255 140
195 113
113 74
41 35
0 7
7 1
62 21
144 60
224 105
273 140
277 150
236 134
166 101
89 68
23 35
0 0
9 0
85 11
177 70
250 125
277 150
263 140
214 113
138 82
60 50
7 23
0 3
42 9
121 44
203 93
261 134
279 152
250 136
187 103
107 66
35 31
0 7
9 1
66 19
152 60
228 109
273 142
273 150
232 130
160 95
78 54
17 21
0 1
27 7
97 37
181 80
250 123
279 146
263 144
207 119
130 82
52 41
3 11
1 1
46 15
126 50
210 95
265 132
279 150
248 138
181 109
101 68
31 29
0 5
13 3
74 27
158 66
234 111
277 144
275 152
232 140
154 101
64 50
3 3
0 0
31 0
105 39
185 83
251 123
281 142
263 142
205 121
125 83
48 41
1 9
3 0
52 17
132 56
214 101
267 132
275 142
244 132
175 105
93 64
27 25
0 3
17 3
80 31
164 74
238 117
277 142
269 146
220 125
140 89
66 48
3 15
0 1
31 1
111 42
195 87
7 128
279 148
255 140
189 113
117 74
42 37
0 9
5 1
60 19
142 58
222 105
5 138
277 148
238 134
169 99
87 58
23 23
0 3
19 5
78 31
173 74
246 121
29 148
271 152
220 138
134 89
50 31
0 0
0 0
44 11
119 52
199 91
9 123
283 142
255 144
191 121
109 78
37 31
0 1
9 0
64 25
146 64
224 105
23 134
275 144
232 130
162 99
82 56
19 21
0 0
23 5
93 35
177 80
250 123
279 144
263 142
210 121
134 85
54 44
3 11
0 0
46 13
125 50
207 95
263 132
279 148
250 138
183 109
103 68
33 31
0 7
11 1
70 25
156 66
232 111
275 142
271 148
228 126
156 95
76 56
15 21
0 1
29 7
101 39
187 85
255 130
285 156
257 144
193 107
119 62
48 27
5 5
1 0
48 13
130 48
214 93
269 136
281 156
244 144
177 107
97 62
29 27
0 5
11 3
76 27
162 66
236 109
275 138
271 146
224 128
150 91
70 48
11 15
0 1
33 11
107 44
191 85
255 125
281 146
257 142
199 117
119 74
44 35
3 7
5 1
54 19
138 56
218 103
269 136
277 148
240 136
171 103
91 62
25 25
0 1
19 3
83 31
169 74
242 117
279 144
269 146
218 126
142 87
64 46
7 13
0 1
39 13
115 46
199 93
265 140
281 158
244 132
181 89
111 54
42 31
0 13
5 1
60 13
146 52
226 105
273 148
275 158
234 134
166 95
83 52
19 23
0 5
19 5
89 31
175 72
246 119
279 148
267 148
212 123
136 82
58 42
5 13
0 3
41 13
121 46
205 91
263 130
279 148
251 138
187 109
105 68
35 29
0 5
9 3
68 23
152 64
228 107
275 138
275 150
232 132
158 97
78 56
17 19
0 1
25 7
97 37
181 80
251 123
279 148
263 144
207 119
130 82
52 42
5 11
1 1
50 19
136 64
210 105
255 128
269 132
244 123
181 99
99 66
21 29
0 1
13 0
76 27
35 74
236 119
23 146
271 146
218 125
152 91
72 52
11 17
0 0
31 3
97 37
189 83
253 126
279 146
259 140
201 115
123 78
46 39
1 9
1 0
54 17
134 56
216 101
269 136
277 148
242 134
173 103
93 62
27 27
0 3
15 3
80 29
166 72
240 115
277 144
269 146
220 125
144 89
66 48
9 15
0 0
35 9
111 42
195 87
259 128
281 150
257 144
195 115
117 74
44 37
1 9
5 3
60 25
146 72
216 103
259 121
269 126
240 123
171 105
87 66
21 21
0 0
23 0
89 39
173 85
244 125
27 142
267 140
216 123
138 91
58 48
5 11
0 0
41 9
117 46
203 93
261 130
279 146
251 138
189 111
109 74
37 35
0 7
7 1
66 21
150 64
226 109
271 140
275 146
234 130
162 97
80 56
19 21
0 3
25 7
93 37
179 80
248 123
281 146
263 146
208 121
130 82
56 42
5 13
0 1
44 15
125 50
208 95
265 134
279 150
250 140
185 109
105 70
33 33
1 11
15 11
66 27
144 54
224 93
275 130
275 146
228 130
152 91
74 46
17 13
0 3
29 15
99 44
185 82
253 121
279 146
259 146
203 119
125 78
48 35
1 5
1 0
50 15
132 54
214 97
267 132
279 148
246 138
177 107
97 64
29 27
0 3
15 5
78 29
162 70
238 113
277 142
271 146
222 126
148 91
70 50
11 15
0 0
33 7
109 42
193 85
255 126
281 148
257 142
199 117
119 78
44 39
1 9
5 1
56 21
138 58
218 103
271 138
277 150
240 136
169 103
91 62
27 29
1 15
17 13
72 19
160 50
242 101
281 144
267 152
216 126
142 80
66 41
11 17
0 9
39 19
115 46
199 87
259 126
279 150
251 142
189 109
113 66
41 29
0 5
7 5
62 21
146 60
226 105
273 138
275 150
234 134
164 97
83 56
19 21
0 0
23 5
91 35
177 78
246 119
279 144
265 146
212 123
134 85
56 42
5 11
0 0
42 13
121 48
205 93
263 130
279 148
250 138
185 109
105 68
35 31
0 5
9 0
68 23
156 66
230 113
275 142
275 150
232 132
162 101
83 68
13 27
0 0
17 0
95 21
185 76
251 123
279 146
261 138
208 115
130 82
52 46
3 17
1 3
48 13
126 48
210 97
265 136
279 150
244 134
179 101
99 64
29 29
0 7
13 3
76 25
160 66
236 113
275 142
271 146
218 126
152 91
70 50
13 17
0 1
31 9
105 41
189 83
253 125
279 146
259 142
201 117
123 78
46 39
1 9
0 1
54 17
136 56
216 101
19 136
277 148
242 134
173 103
93 62
25 27
0 3
17 5
82 31
167 72
240 117
279 146
271 150
220 128
148 95
68 56
3 11
0 0
31 0
115 35
199 93
257 134
279 144
255 134
199 111
119 82
42 44
0 11
5 0
60 15
142 58
220 107
271 138
275 144
238 128
166 97
85 60
21 25
0 0
21 3
89 31
173 78
244 121
279 146
267 144
214 121
138 85
58 46
7 13
0 0
41 11
119 44
201 91
261 132
281 150
251 140
189 111
109 70
37 33
0 5
9 1
64 21
148 60
228 107
275 142
275 150
232 132
160 95
82 56
19 21
0 3
25 7
95 37
181 80
250 123
281 150
269 154
212 128
125 80
42 27
0 0
1 0
48 13
125 52
207 93
265 126
281 146
251 142
183 115
101 72
33 31
0 3
11 3
70 27
156 68
232 109
275 138
271 144
226 126
154 93
74 54
15 19
0 0
29 7
101 41
187 83
253 125
279 146
261 142
203 119
123 78
48 39
3 9
3 1
52 15
132 52
214 99
269 136
279 150
244 136
177 105
95 64
29 29
0 3
13 3
80 27
166 72
238 117
277 144
271 146
222 126
148 89
68 48
11 15
0 0
33 9
111 42
195 89
257 130
283 154
263 156
193 119
107 60
37 13
1 0
9 1
58 25
138 56
220 95
15 130
279 152
240 144
162 109
89 60
23 19
0 0
19 0
21 35
37 72
242 111
279 138
267 146
216 128
140 91
64 46
9 13
0 1
39 15
115 48
66 91
9 128
279 148
253 142
191 115
113 74
41 33
0 5
0 0
64 23
148 62
224 107
5 138
275 148
234 130
156 99
83 58
19 21
0 1
23 5
91 37
175 80
246 121
29 146
265 144
205 121
134 83
56 44
5 11
0 1
44 15
125 52
203 103
17 144
267 152
240 128
177 91
103 54
37 27
0 5
1 0
70 19
156 60
232 111
25 148
273 154
230 132
156 91
76 50
15 21
0 3
27 7
97 33
183 78
251 123
279 148
261 144
207 119
128 80
52 41
3 11
1 1
48 15
128 52
203 97
17 134
279 150
246 138
179 105
99 64
29 27
0 5
13 3
76 27
160 68
236 113
17 142
271 148
224 126
150 91
72 50
13 17
0 0
31 7
107 41
191 85
255 126
279 148
259 144
201 117
121 78
46 39
1 9
5 1
54 19
136 58
222 113
271 146
267 140
222 113
169 83
95 58
27 31
0 7
15 0
83 23
169 72
242 123
277 152
269 150
220 123
144 83
64 48
7 17
0 1
35 7
113 39
197 85
259 128
279 148
255 140
195 111
115 70
41 35
0 9
7 1
60 19
144 56
224 103
271 138
275 148
236 132
166 97
85 56
21 23
0 3
21 5
87 33
175 76
246 119
279 146
267 148
214 123
136 83
58 42
7 13
0 1
41 13
119 46
203 91
263 130
279 150
251 140
189 111
109 70
37 33
0 7
11 5
76 35
150 72
218 105
263 125
271 132
234 125
160 97
78 54
17 15
0 0
29 5
97 42
179 87
250 125
279 144
263 142
208 119
130 83
46 42
3 9
0 0
46 11
126 50
208 95
265 132
279 148
248 136
181 107
103 68
31 29
0 3
11 1
72 25
158 66
232 111
275 142
273 146
226 128
152 93
74 52
15 17
0 1
29 9
103 39
187 83
253 125
279 146
259 142
205 117
125 80
48 41
1 9
1 0
52 15
134 56
214 101
267 136
279 148
244 136
175 105
95 64
27 27
0 5
17 9
83 41
158 72
226 95
271 121
273 136
224 128
146 95
66 46
11 7
0 0
37 17
109 52
193 91
257 125
279 142
257 142
197 119
115 78
42 33
0 1
5 0
58 19
140 60
220 103
271 134
277 146
240 126
169 105
89 62
23 23
0 0
17 3
78 31
171 76
244 119
23 142
267 144
216 123
140 87
62 48
0 13
0 0
39 11
117 46
201 91
9 130
281 148
253 140
191 111
111 72
39 33
0 7
7 1
64 21
146 60
226 105
7 140
275 150
234 134
164 99
83 58
23 29
0 13
17 9
82 25
171 60
248 109
281 142
263 146
210 119
132 78
58 39
7 15
1 7
44 19
123 50
207 91
13 130
279 150
248 140
183 107
105 64
33 29
0 5
9 1
70 25
156 66
232 109
275 140
273 148
230 130
156 95
76 54
15 19
0 1
27 7
99 39
183 80
251 123
281 148
261 146
205 119
126 80
50 39
3 9
1 1
50 17
130 54
212 97
267 134
279 150
244 138
179 107
99 66
29 27
0 5
15 3
78 29
162 70
236 113
277 142
273 150
226 130
150 95
72 54
17 29
0 7
21 0
97 17
191 68
259 125
281 154
257 144
197 107
123 70
48 41
1 21
1 9
54 17
138 52
218 101
267 140
275 152
240 134
171 97
91 58
23 25
0 5
17 5
82 29
167 68
240 113
279 144
269 150
218 126
142 87
64 44
9 15
0 1
37 11
113 42
197 87
259 128
279 148
255 142
193 113
113 74
41 33
0 7
5 0
62 21
144 60
222 103
273 138
277 150
236 134
166 99
85 58
21 23
0 3
21 7
89 35
175 76
246 119
279 146
267 148
216 126
142 95
56 50
0 5
0 0
41 0
123 42
203 93
259 128
277 142
253 132
191 111
109 78
37 37
0 7
9 0
66 23
150 66
228 111
271 138
273 142
232 126
158 95
78 56
17 21
0 0
25 5
97 35
181 82
250 123
279 146
263 142
207 111
130 80
52 42
5 11
1 1
46 13
126 50
208 97
265 134
281 150
248 138
181 107
101 66
33 29
0 5
11 3
72 25
158 68
234 113
275 142
271 148
226 128
154 91
72 50
13 17
0 1
31 11
105 42
189 85
253 125
281 148
261 146
207 126
126 89
41 33
0 0
0 0
54 9
136 60
214 105
267 130
279 138
246 134
177 111
95 74
25 31
0 0
15 0
80 27
164 72
238 117
275 140
269 142
220 123
146 91
68 50
11 17
0 0
35 7
109 42
195 87
259 128
281 150
255 142
197 113
117 76
44 37
0 9
5 1
58 17
140 58
220 103
269 138
275 148
240 132
169 101
89 62
21 23
0 1
19 3
87 33
171 76
242 119
279 146
269 146
216 123
140 85
62 46
9 15
0 1
41 11
117 44
203 93
263 134
287 158
253 150
181 107
99 56
35 17
0 0
9 1
64 23
146 58
228 101
275 138
277 154
234 140
162 101
82 56
19 19
0 1
23 9
91 37
177 76
248 117
279 142
263 144
210 123
132 83
56 41
5 11
0 0
44 15
125 52
207 95
263 132
279 146
250 138
185 109
103 70
33 29
0 3
11 0
72 25
156 66
232 111
275 142
273 146
230 130
156 95
76 54
15 19
0 1
27 7
99 37
185 82
253 125
281 148
261 144
205 119
126 80
52 41
3 13
1 1
50 17
132 54
214 101
269 140
283 164
240 140
166 89
87 41
29 13
0 5
15 9
74 27
162 60
240 107
279 146
271 156
224 136
150 91
70 46
11 15
0 3
31 11
105 41
191 82
255 123
279 146
257 144
199 117
121 76
44 35
1 7
5 3
56 21
138 58
218 99
269 134
277 148
240 134
169 101
91 60
25 25
0 3
17 3
83 31
169 74
242 117
277 144
267 146
218 125
142 87
64 46
9 13
0 0
39 13
115 46
197 89
259 130
281 148
255 142
193 115
113 72
41 33
0 5
7 1
64 25
150 68
228 115
267 142
265 138
228 117
166 87
85 54
21 23
0 0
21 0
93 29
179 80
248 126
279 150
267 146
214 121
136 83
56 46
5 15
0 0
41 7
119 42
203 89
263 132
281 150
251 140
187 109
107 68
37 33
0 7
9 3
68 25
152 64
228 109
273 140
273 148
232 130
158 95
78 54
17 19
0 1
27 7
95 37
181 80
251 123
281 148
261 146
207 119
130 82
54 42
5 13
1 1
46 15
128 50
210 97
265 134
279 148
246 136
181 105
101 66
31 31
0 5
13 5
76 29
166 80
234 123
15 134
259 123
226 109
156 89
74 58
11 21
0 0
33 1
37 41
66 95
3 126
279 150
259 138
187 111
123 80
46 42
1 9
1 0
52 1
134 52
216 103
17 138
279 148
242 134
173 103
93 64
27 29
0 5
15 1
80 27
166 70
240 117
27 146
269 148
220 125
144 87
66 48
1 17
0 1
35 9
111 42
195 89
257 128
279 148
255 140
189 113
117 74
42 37
0 7
5 1
60 19
142 60
220 105
271 138
277 150
240 134
169 101
87 62
23 27
0 7
27 15
87 39
164 70
234 103
275 128
269 136
216 123
138 85
60 41
9 7
1 0
42 17
119 54
201 95
259 126
281 146
251 140
189 115
109 72
37 29
0 1
7 0
64 23
148 64
228 107
275 138
275 146
234 132
162 99
82 58
17 21
0 1
23 5
93 35
179 80
248 121
279 144
263 142
210 121
132 83
54 42
5 11
1 0
46 13
125 50
207 97
265 132
279 148
248 138
183 107
103 68
33 29
0 5
11 1
70 25
156 68
234 113
275 142
273 148
228 130
156 95
76 54
15 19
0 5
35 23
95 41
173 64
246 99
283 136
265 148
203 125
123 76
50 29
5 5
3 5
50 27
130 60
212 97
267 130
279 148
244 140
175 109
95 64
27 23
0 0
13 1
76 31
164 70
218 113
19 142
271 146
224 128
148 93
68 50
11 15
0 0
33 9
107 42
193 85
257 126
281 146
257 142
197 115
119 76
44 35
0 7
3 1
56 19
138 58
218 101
269 134
277 148
240 136
171 103
89 60
23 23
0 1
19 5
83 33
37 74
242 115
29 144
269 140
216 126
142 89
68 54
13 27
0 1
25 0
109 27
199 78
13 126
279 150
251 138
191 105
115 68
33 39
0 15
0 7
62 21
146 58
224 105
5 140
267 150
234 130
156 93
83 52
21 19
0 1
21 5
91 31
177 76
248 121
29 148
265 148
212 121
134 83
56 42
5 11
0 0
44 11
123 48
205 93
13 130
279 148
251 140
187 111
105 70
35 31
0 5
11 3
68 25
152 64
230 109
275 140
273 148
230 130
158 95
78 54
17 19
0 1
25 7
97 35
183 80
251 125
279 148
261 144
208 121
130 85
58 54
1 17
0 0
39 0
126 33
212 93
267 140
277 150
246 130
181 99
101 68
31 39
0 13
11 3
74 21
160 64
234 113
275 146
269 146
224 123
152 87
72 50
13 19
0 1
31 7
105 39
189 85
253 126
279 150
259 144
201 115
123 76
46 37
1 7
3 1
54 19
134 54
216 99
269 134
279 150
242 136
173 103
93 62
27 25
0 3
15 3
82 29
166 72
240 115
277 142
269 146
220 126
144 89
66 48
9 15
0 0
37 11
111 44
197 89
259 128
281 150
257 144
201 123
115 80
33 29
0 0
3 0
62 15
144 60
218 105
271 132
277 144
240 134
169 107
85 66
21 25
0 0
21 5
80 35
171 78
242 117
29 140
267 142
203 121
138 85
60 46
7 11
0 0
42 13
119 48
203 95
261 132
279 148
251 140
189 111
109 70
37 31
0 5
7 0
66 21
150 62
228 109
273 138
275 146
234 130
162 97
80 54
19 21
0 3
25 7
93 35
179 78
248 121
281 146
265 146
208 121
130 82
56 42
5 11
0 1
46 15
125 50
208 95
265 134
279 150
253 148
185 121
95 64
19 7
0 0
13 0
76 31
156 72
230 107
275 132
275 144
228 136
156 105
74 56
15 15
0 0
29 5
99 42
185 85
253 123
279 142
259 140
203 117
126 82
48 39
0 7
3 0
52 17
125 54
212 101
17 134
279 148
244 136
175 105
95 64
27 25
0 1
15 3
78 29
164 70
238 115
19 144
271 148
222 126
148 89
68 50
11 17
0 1
35 9
109 42
193 87
257 126
279 146
257 140
197 113
119 76
44 37
1 9
5 1
58 19
138 58
222 105
279 148
279 160
230 132
158 85
85 44
25 17
0 1
17 3
83 25
171 66
246 117
279 148
267 154
218 126
142 87
62 44
7 13
0 1
37 11
115 42
197 85
9 125
279 146
255 142
191 113
111 72
39 33
0 7
7 3
62 23
146 62
226 107
271 138
275 148
234 132
164 99
83 56
19 21
0 1
23 5
91 35
177 78
246 119
279 144
265 146
212 121
134 82
56 42
7 13
0 1
42 13
123 48
207 93
263 132
279 150
250 140
185 109
105 68
35 31
0 7
9 3
70 25
154 68
234 115
279 152
269 152
220 115
150 72
78 41
17 19
0 5
25 7
99 31
185 76
253 126
281 156
261 152
207 119
126 76
52 39
3 13
0 1
46 13
128 48
212 93
267 134
279 150
246 138
179 105
99 62
29 27
0 5
13 5
76 27
162 66
236 111
275 142
271 148
224 126
150 89
70 48
13 17
0 3
31 11
105 41
189 83
255 126
281 148
257 144
201 117
121 76
46 37
1 9
3 1
54 19
136 56
216 99
267 134
279 148
244 138
173 105
91 62
27 25
0 5
19 7
85 37
171 82
236 119
265 132
261 128
218 111
146 87
66 50
7 13
0 0
39 5
115 44
199 95
259 136
279 150
255 138
193 111
113 74
41 37
0 7
5 0
60 17
142 56
222 103
271 138
277 148
236 132
166 99
85 58
23 25
0 3
21 5
89 31
173 76
244 119
277 144
267 146
216 123
138 85
58 44
5 13
0 0
35 13
119 46
203 91
11 130
279 148
251 138
189 111
109 64
33 33
0 5
1 1
62 23
25 62
228 109
273 142
275 148
232 130
160 95
82 54
19 23
0 3
25 9
101 46
181 91
238 115
269 123
261 125
212 117
130 87
52 42
3 5
1 0
50 13
126 58
208 105
263 136
279 144
248 134
181 107
101 70
31 29
0 0
11 0
74 23
158 70
232 115
275 140
273 144
228 126
154 97
74 56
13 19
0 0
29 5
103 39
187 83
253 125
279 146
259 142
203 117
125 78
48 39
1 11
1 0
52 13
132 52
216 99
269 138
277 148
244 134
177 103
97 64
27 29
0 3
15 3
80 29
164 70
238 113
277 142
271 148
222 128
148 91
68 50
15 21
5 13
35 19
99 37
183 70
253 109
281 138
257 142
195 115
117 72
44 31
3 7
7 5
58 25
140 62
220 103
271 136
275 148
238 136
167 101
87 58
23 19
0 0
19 3
85 33
169 74
244 117
279 142
267 148
216 125
138 85
62 46
9 15
0 1
39 11
117 44
201 91
261 130
279 148
253 140
191 111
111 72
39 33
0 5
7 1
64 23
146 62
224 107
273 138
277 148
236 132
164 99
83 58
19 23
0 1
23 5
93 35
177 80
248 121
279 146
265 144
212 123
134 85
56 46
7 17
3 13
39 13
111 29
201 70
265 123
283 152
250 146
183 105
105 60
37 27
1 13
9 13
68 31
152 60
232 103
275 140
273 152
226 132
156 91
76 48
15 17
0 3
27 9
99 39
185 80
251 123
279 146
261 146
207 121
128 80
50 39
3 7
1 1
50 17
130 52
212 95
267 132
279 146
244 136
179 107
99 66
31 27
0 3
15 3
76 27
162 68
236 113
275 142
271 148
224 126
150 91
70 52
11 17
0 1
33 9
107 41
191 87
255 126
281 148
259 144
203 119
125 83
50 46
0 9
0 0
48 1
136 44
220 99
269 138
275 146
240 128
175 99
95 64
25 33
0 7
17 3
83 27
167 74
240 119
277 146
269 146
218 121
142 85
64 46
9 13
0 0
39 9
113 42
197 89
259 130
279 150
255 140
193 111
115 64
41 35
0 7
5 1
60 19
144 58
224 105
5 138
275 150
236 132
166 99
85 58
21 21
0 1
21 5
82 31
173 76
244 119
29 144
267 148
214 125
136 85
60 44
7 15
0 1
41 13
119 46
203 93
5 132
281 150
251 140
189 113
115 83
35 39
0 0
0 0
66 5
156 62
230 115
21 142
265 140
234 125
162 97
80 64
17 27
0 3
25 3
95 33
171 82
248 125
29 146
261 140
208 115
130 78
52 33
5 11
1 0
48 13
126 48
208 95
15 134
279 148
248 138
181 107
101 66
31 29
0 5
13 3
72 25
158 66
234 111
275 142
273 148
226 128
152 91
74 50
15 19
0 1
29 9
103 39
189 83
253 125
279 146
259 142
203 117
125 80
48 41
1 9
3 0
54 17
132 54
214 101
269 138
283 154
248 146
171 109
83 54
19 9
0 0
17 0
80 27
164 68
238 111
279 140
271 148
222 130
146 95
66 48
11 13
0 1
33 11
109 44
193 87
255 125
279 142
255 140
197 115
117 76
42 35
1 5
5 1
58 21
140 58
220 103
271 136
277 148
238 134
167 99
89 60
23 25
0 3
19 3
85 29
173 76
244 119
277 144
267 144
216 123
140 87
60 46
7 15
0 0
41 11
117 46
201 91
261 130
281 148
253 140
189 111
111 72
39 33
0 7
9 3
64 23
148 62
226 109
273 140
281 158
236 144
154 93
70 37
15 0
0 0
27 9
93 41
177 76
248 113
281 142
267 152
210 132
132 87
54 41
5 7
0 0
44 17
123 50
207 91
263 126
279 146
248 138
185 111
105 68
35 29
0 5
9 1
70 27
156 68
232 111
273 140
273 146
228 128
156 95
76 52
15 17
0 0
29 7
99 39
183 83
251 123
279 144
261 144
205 119
126 82
50 41
3 9
1 0
50 17
130 54
212 99
267 134
277 148
246 138
179 107
97 66
29 27
0 3
15 3
78 29
164 74
244 123
279 150
263 144
214 111
144 74
70 41
13 15
0 0
29 3
107 33
195 83
259 132
279 156
257 146
199 115
121 74
44 37
0 9
3 1
56 17
136 52
216 99
19 136
277 150
242 136
171 101
91 60
25 25
0 5
17 5
82 31
167 72
242 115
277 142
269 148
218 126
142 87
64 46
9 15
0 0
37 11
113 44
197 89
259 128
279 146
255 140
193 113
113 74
41 35
0 7
7 1
62 21
144 60
224 105
273 140
277 150
236 132
164 97
85 56
23 23
0 5
21 7
89 35
54 83
1 132
275 150
250 128
207 97
130 70
62 44
7 19
0 0
42 5
123 42
207 95
5 140
279 154
250 138
187 105
107 68
33 33
0 7
9 1
62 19
142 58
230 107
9 142
275 150
226 128
158 91
80 54
17 23
0 3
17 7
93 37
48 80
0 123
279 148
263 144
208 119
130 80
52 41
3 11
1 1
48 15
126 50
203 97
17 134
279 150
246 138
181 105
101 66
33 29
0 5
11 3
74 25
160 68
234 113
17 144
271 148
226 128
154 93
72 52
13 17
0 1
37 13
111 52
183 89
244 115
273 130
259 130
203 115
123 78
46 35
1 1
5 0
56 17
136 62
216 107
269 138
277 146
242 134
175 105
93 66
25 27
0 0
15 0
80 27
164 72
238 117
277 142
271 144
222 126
146 91
66 50
9 17
0 0
35 9
109 42
195 87
257 126
279 146
255 140
197 115
117 76
42 37
0 7
5 0
60 19
142 60
220 105
271 138
275 146
238 132
169 101
87 60
21 23
0 1
21 5
87 33
171 76
244 119
279 146
267 146
216 125
138 85
60 46
7 15
0 3
46 23
117 56
191 83
251 107
277 128
255 136
191 117
109 74
35 23
0 0
13 1
68 33
148 72
226 107
273 134
275 144
232 134
160 101
80 56
19 15
0 0
23 3
93 37
179 82
248 121
279 144
265 142
210 121
132 85
56 44
5 11
0 0
44 11
125 50
207 97
263 132
279 146
250 136
183 109
103 70
33 31
0 5
11 1
72 25
154 66
232 109
275 142
273 148
228 128
154 93
76 54
15 19
0 1
29 9
101 39
60 83
1 123
279 146
263 144
207 121
126 83
52 44
9 21
3 7
41 11
121 37
208 82
269 126
279 148
244 134
175 99
97 58
33 27
0 9
15 11
76 31
164 68
238 111
277 144
269 148
222 125
148 87
70 48
11 17
0 1
33 9
109 41
193 85
255 126
279 148
257 142
199 117
119 76
44 35
1 9
5 1
56 19
136 54
220 101
271 138
277 150
240 134
171 101
89 60
23 23
0 1
19 5
83 33
167 74
242 117
277 142
267 146
218 126
142 87
64 46
9 13
0 0
37 11
115 46
199 91
259 130
281 150
255 142
193 115
113 74
42 41
3 21
0 1
48 1
138 37
228 95
277 144
275 154
232 130
166 89
87 52
23 29
0 11
21 11
89 31
175 72
246 117
279 148
265 148
212 119
134 78
58 39
5 13
0 3
42 13
123 46
205 91
261 130
279 148
251 140
189 111
107 70
35 31
0 5
11 3
68 25
152 64
228 109
273 138
273 148
232 130
158 95
78 54
17 19
0 1
25 7
97 37
183 80
251 123
279 146
261 144
207 119
130 80
46 42
5 11
1 1
48 15
0 52
140 99
17 136
279 150
248 140
187 113
95 76
7 27
0 0
0 0
13 15
3 66
234 113
17 140
273 142
166 126
148 95
72 58
13 21
0 0
31 7
105 41
187 87
0 126
279 146
257 140
138 115
123 78
46 41
1 9
0 0
46 17
134 56
216 101
269 134
279 148
242 134
173 103
93 62
27 27
0 3
15 3
80 27
164 68
240 115
279 146
269 150
220 125
144 87
66 48
11 17
0 1
35 9
111 42
197 87
257 126
279 146
255 142
197 113
117 74
42 35
0 7
5 1
58 19
142 58
222 107
273 142
277 152
240 138
173 113
85 66
11 9
0 0
19 0
89 31
173 80
244 121
277 138
269 140
218 126
140 95
60 54
5 13
0 0
41 9
117 48
201 95
259 128
279 142
251 132
189 107
109 72
39 35
0 7
9 0
66 21
150 64
228 111
273 142
275 148
232 128
162 95
80 56
17 21
0 0
25 3
93 35
179 80
248 123
279 146
265 144
210 121
130 83
54 44
5 13
1 1
46 15
125 50
208 95
265 134
279 150
248 136
183 107
103 68
33 31
0 7
11 3
72 25
158 68
234 115
279 148
279 158
224 134
144 85
66 37
13 5
0 0
29 7
99 37
185 78
255 121
283 150
263 150
205 123
125 80
50 37
3 9
1 1
48 17
130 50
214 95
267 132
277 148
244 136
177 105
97 64
27 25
0 1
15 3
80 29
164 72
238 115
277 142
271 148
224 128
148 91
68 48
11 15
0 0
33 9
107 42
193 87
257 126
281 148
257 142
199 117
119 76
44 37
0 7
3 0
58 17
140 58
218 103
269 136
277 148
240 134
171 103
89 62
25 27
0 3
19 5
15 31
169 76
242 121
283 154
269 156
208 119
130 66
60 27
11 7
0 5
37 13
115 41
201 83
261 128
281 154
253 150
191 115
111 70
41 31
0 5
7 5
62 23
146 58
224 99
273 136
277 148
236 134
164 99
83 54
21 19
0 3
21 7
91 35
175 76
246 119
279 146
265 146
212 123
134 83
56 42
5 11
0 1
42 15
121 50
205 93
263 130
279 148
250 140
185 111
105 70
33 31
0 5
9 1
70 25
154 66
230 111
275 140
273 148
228 130
158 97
78 56
17 21
0 1
27 7
99 41
189 91
253 134
271 144
251 128
203 101
128 70
52 39
1 9
0 0
50 9
132 50
212 101
267 142
279 154
246 136
179 103
99 66
29 31
0 5
11 1
74 23
160 66
236 113
275 144
271 146
226 126
152 89
70 50
13 17
0 3
33 9
105 39
189 83
255 126
279 148
257 142
201 115
123 76
46 37
1 9
3 1
54 19
136 56
216 101
269 138
277 148
242 134
173 103
93 62
25 25
0 1
17 3
82 29
166 72
240 115
279 144
271 148
220 126
144 89
66 48
11 15
0 1
37 13
113 50
203 103
255 132
267 132
248 119
195 99
119 74
42 41
0 7
5 0
64 15
146 64
222 117
269 146
275 146
238 128
167 99
85 64
19 25
0 1
21 0
87 29
173 76
244 119
279 146
267 144
214 121
138 85
60 46
7 15
0 0
41 7
119 44
203 93
261 132
279 148
251 138
189 111
109 72
37 33
0 7
9 1
66 21
150 62
228 109
273 140
275 148
232 130
160 95
80 56
19 21
0 3
25 5
95 35
181 82
250 125
279 150
263 146
208 121
132 83
54 44
5 15
3 5
54 25
123 54
199 85
257 117
277 134
250 134
183 107
101 66
31 25
0 1
15 5
72 31
156 72
234 111
277 140
271 146
218 128
154 95
74 54
13 15
0 0
29 5
101 39
187 83
253 123
279 146
261 142
205 119
126 80
48 39
1 9
3 0
52 15
132 54
214 99
267 134
279 148
244 136
177 105
95 64
27 29
0 5
15 3
78 29
164 70
238 117
277 142
271 146
222 125
148 91
68 50
11 15
0 0
35 7
109 42
193 87
257 128
281 148
259 144
199 117
117 78
44 39
1 11
11 11
58 31
130 52
208 82
267 117
279 142
240 138
167 103
87 54
27 15
0 3
21 13
85 42
169 78
242 115
277 138
267 146
216 126
140 87
62 42
7 7
0 0
39 11
117 48
199 91
261 128
279 146
253 140
191 113
113 74
39 35
0 5
7 0
64 21
148 62
224 107
273 138
275 146
234 132
164 97
83 58
19 21
0 1
23 5
91 35
177 80
246 121
279 146
265 144
210 123
132 83
58 42
7 13
0 1
44 13
123 48
207 95
263 134
279 150
250 140
187 111
107 72
39 39
0 13
3 0
58 11
148 48
232 99
275 140
271 148
228 126
158 87
80 52
19 25
0 9
27 11
99 37
183 78
251 123
279 150
259 146
203 115
126 76
50 37
3 9
1 1
50 15
130 52
212 97
265 134
277 150
244 136
179 105
99 64
29 29
0 5
13 5
76 27
160 68
236 113
277 142
271 148
226 128
150 91
70 50
13 17
0 1
33 9
107 41
191 85
255 126
279 146
257 142
201 115
123 80
46 39
1 9
5 0
54 19
136 56
216 101
269 136
277 150
242 136
173 105
93 66
31 39
0 9
5 0
64 3
42 56
246 117
279 152
265 148
218 115
146 80
68 52
11 27
0 9
37 9
113 39
197 87
257 132
279 152
255 140
193 109
115 70
41 35
0 9
7 3
60 19
142 56
222 105
271 140
275 152
236 134
164 97
85 56
23 23
0 5
19 5
89 31
175 74
246 119
29 146
265 146
207 123
138 83
58 44
5 13
0 0
35 11
121 46
203 93
5 132
281 150
251 142
189 111
99 70
37 33
0 7
9 1
62 23
25 62
228 109
23 140
275 150
236 138
166 109
76 62
5 11
0 0
23 0
93 31
48 78
246 121
29 140
265 138
212 121
132 89
54 46
3 13
1 0
46 11
126 52
208 99
5 134
279 144
248 132
181 105
101 68
31 31
0 3
5 0
74 25
1 68
234 113
17 142
273 148
134 126
154 91
72 46
13 17
0 0
31 7
103 41
187 83
3 125
281 146
251 142
138 117
123 78
48 37
1 7
3 0
52 17
132 54
216 99
267 134
277 148
244 134
175 103
95 64
27 27
0 5
15 3
80 27
166 72
240 117
279 146
271 150
226 134
150 101
58 46
0 0
0 0
37 0
113 46
193 91
255 125
281 140
259 138
199 121
117 85
44 41
0 5
5 0
58 19
140 62
218 107
269 134
277 144
238 130
169 101
87 62
23 23
0 1
19 3
85 33
169 76
244 119
279 144
267 144
216 123
140 87
62 48
7 15
0 0
41 9
119 46
201 93
259 130
279 146
253 140
193 113
111 74
37 33
0 7
7 1
64 21
146 62
224 107
273 140
275 148
234 130
162 97
82 56
21 21
0 1
15 5
93 37
46 82
0 126
281 156
251 154
203 121
123 70
50 25
5 0
1 0
37 13
123 46
82 89
267 128
281 150
251 146
185 115
103 68
35 29
0 5
11 5
70 27
154 64
230 105
275 138
273 148
228 130
156 95
68 52
15 19
0 1
27 7
101 41
185 83
251 125
279 146
261 144
205 121
126 82
50 39
3 9
1 0
50 15
130 52
212 97
267 134
279 150
246 138
177 105
99 64
29 27
0 3
13 1
76 25
164 68
238 115
19 144
271 140
130 126
142 91
70 52
13 17
0 1
33 11
107 42
191 87
7 130
287 160
250 150
189 103
111 52
37 21
5 7
5 7
54 21
136 48
220 93
21 138
279 158
240 144
162 103
91 58
27 23
0 5
17 7
82 31
160 68
240 111
19 142
269 148
218 126
142 87
64 44
9 13
0 1
37 13
113 46
189 87
259 126
279 146
253 140
193 113
115 74
41 35
0 7
5 1
62 21
144 62
224 107
271 138
275 148
236 132
166 99
83 58
21 21
0 1
21 5
89 33
175 78
246 121
279 146
265 146
212 121
136 83
60 46
7 17
0 3
42 13
125 52
212 107
261 140
269 142
242 123
185 93
109 64
37 31
0 3
9 0
70 19
154 64
230 115
273 146
273 148
232 128
160 95
80 58
15 23
0 1
25 3
95 33
48 78
0 123
279 148
263 142
208 117
130 80
52 42
3 13
0 0
48 13
126 50
208 95
265 132
279 150
248 138
179 107
99 64
31 27
0 5
13 5
74 27
158 66
234 111
275 142
271 146
226 126
154 91
74 52
13 19
0 1
29 7
105 39
189 85
253 126
279 148
259 142
203 117
123 78
46 37
1 9
5 1
54 21
136 62
220 113
261 136
265 130
238 115
177 95
97 66
27 31
0 1
15 0
82 25
167 76
240 125
277 150
269 144
220 121
146 87
68 52
9 19
0 0
33 3
111 37
195 87
257 132
281 148
257 140
197 111
117 74
42 37
1 9
5 1
58 17
140 56
220 103
271 138
277 150
238 132
167 99
87 58
21 23
0 1
19 3
87 33
173 76
244 119
279 144
267 146
216 125
138 87
60 46
7 13
0 0
41 11
