250000 10000000 52428 40
251 130
246 126
236 125
224 121
212 113
197 105
179 95
162 87
144 80
126 72
109 62
91 52
74 42
60 35
48 29
37 23
31 21
25 17
23 15
25 17
29 19
35 23
44 27
54 31
70 39
87 50
105 62
113 62
125 56
146 60
173 74
191 93
205 105
216 111
232 111
244 119
0 130
255 140
255 138
255 132
251 130
238 128
236 126
224 121
210 111
197 101
179 93
162 87
144 80
126 70
109 60
91 50
74 44
60 37
48 31
31 25
29 19
25 15
23 15
23 15
27 15
1 19
35 23
54 29
5 35
83 35
101 50
117 58
11 68
154 78
173 87
189 95
203 95
220 113
224 119
242 126
0 128
253 130
255 125
255 134
251 132
179 130
236 125
218 119
212 109
197 107
179 99
164 91
148 87
126 83
93 62
78 35
68 21
62 25
46 33
31 31
29 19
25 9
25 9
23 21
27 27
33 25
39 21
54 23
0 33
82 44
99 54
117 58
9 62
154 74
173 85
189 99
207 105
220 111
224 117
242 123
0 128
255 132
257 134
255 132
251 130
238 128
236 125
218 121
212 113
197 105
179 95
164 87
140 78
126 70
109 60
91 52
76 44
60 39
48 31
37 25
31 21
17 17
23 15
23 15
27 17
33 17
31 23
54 29
68 37
83 42
99 50
111 60
136 70
158 82
171 99
189 107
195 99
210 95
228 101
244 117
0 128
251 130
255 126
250 126
255 130
238 132
236 130
218 123
212 113
195 105
179 99
164 91
144 82
125 70
107 58
91 50
74 44
60 39
48 29
37 21
31 17
25 17
23 15
23 17
27 17
33 19
35 25
52 29
68 37
83 42
99 52
109 58
136 68
154 78
173 87
189 97
205 105
220 111
232 119
242 125
250 128
253 130
255 132
255 132
253 132
246 130
236 125
218 119
212 111
197 105
181 99
164 91
144 82
126 72
109 62
91 54
76 46
66 48
50 42
29 19
19 0
21 0
25 9
27 21
27 23
31 15
44 15
56 25
70 42
83 54
99 56
117 56
136 64
154 78
171 89
187 95
205 99
218 105
232 115
242 125
251 132
255 132
257 130
255 130
251 132
246 130
238 126
226 119
212 111
197 103
181 97
164 89
144 82
126 70
107 60
91 52
74 44
60 37
48 29
39 25
31 21
25 17
23 15
25 15
27 17
33 19
42 23
54 27
68 35
82 42
99 50
117 58
136 68
154 80
171 87
189 95
207 105
220 115
234 125
246 134
246 132
244 123
248 117
253 119
253 126
246 128
236 125
226 115
214 109
199 107
181 103
164 95
144 82
126 70
109 60
91 54
74 46
60 37
46 27
37 21
31 17
25 17
25 17
23 17
27 17
33 19
42 25
54 31
68 37
82 42
99 50
117 58
136 68
154 78
171 85
189 95
205 103
218 111
230 119
242 123
250 128
253 132
255 132
255 132
253 132
248 130
238 125
224 119
212 111
197 107
181 99
162 89
144 78
128 70
111 64
91 56
74 46
60 39
50 33
39 27
31 25
25 21
29 27
23 23
15 5
23 0
41 5
58 27
70 42
82 44
97 42
119 52
138 70
154 85
171 95
189 97
205 99
218 107
232 119
242 126
248 128
253 126
255 126
255 130
251 132
246 130
238 125
224 117
212 111
197 107
181 101
164 91
144 80
126 70
109 60
91 54
76 46
60 37
48 31
39 23
31 21
25 17
23 17
25 15
27 17
33 19
42 25
54 29
66 35
83 41
99 48
117 58
136 70
154 80
171 87
189 95
205 105
220 113
232 119
242 125
250 128
255 132
257 134
261 140
257 142
240 130
226 113
218 101
214 101
199 103
179 99
162 85
146 74
128 66
111 64
93 60
76 50
62 39
48 29
39 25
29 23
23 19
21 15
21 9
27 11
33 19
42 27
54 31
68 35
82 41
99 50
117 60
134 70
154 78
171 85
189 93
205 103
218 111
232 119
242 125
248 126
253 130
255 132
255 134
251 132
246 128
238 123
226 117
212 111
199 107
181 99
164 87
146 80
126 70
109 62
91 54
76 44
60 35
48 29
39 25
31 21
27 19
25 17
23 15
27 17
33 21
48 33
58 42
62 37
70 25
91 27
119 46
138 72
154 82
169 83
189 85
207 99
220 115
234 130
242 132
248 126
253 125
255 130
255 136
251 134
244 126
236 119
226 115
212 115
197 107
179 95
166 85
148 80
126 72
109 64
91 54
76 44
62 37
48 31
37 25
29 21
25 17
23 13
23 13
25 15
33 19
42 23
54 29
68 35
83 44
99 52
117 60
134 68
154 78
171 85
189 95
203 103
218 109
232 117
242 125
250 128
253 130
257 132
255 134
251 132
246 128
238 125
230 125
220 126
199 117
171 95
154 74
142 64
128 62
109 60
89 52
76 41
62 33
52 29
39 31
31 29
25 21
23 15
21 11
29 17
33 23
41 25
52 25
66 31
83 41
99 50
117 62
134 68
154 76
171 83
187 95
205 103
218 113
232 117
242 123
248 126
253 128
255 132
255 134
251 132
246 128
238 125
226 121
212 115
197 109
181 97
164 89
146 80
126 70
109 60
93 52
76 44
62 37
48 31
39 25
31 19
25 17
21 15
23 15
27 17
35 21
42 27
52 31
68 37
83 44
99 56
121 70
136 80
144 72
160 64
183 74
207 97
222 117
230 123
240 119
250 119
257 128
259 140
255 142
251 132
246 125
238 121
226 123
212 119
195 107
181 93
164 85
144 78
126 74
109 64
91 52
76 42
60 37
48 31
39 27
31 21
25 17
21 13
23 13
29 17
33 23
41 25
52 27
68 33
83 42
99 50
115 60
134 66
154 76
171 85
187 95
205 103
220 111
234 119
242 125
248 128
253 130
257 134
255 134
251 132
246 130
238 125
226 119
214 113
199 107
181 99
166 91
148 85
132 80
109 68
83 46
66 29
58 23
50 25
39 25
29 21
25 13
23 9
27 15
29 23
33 25
41 25
52 27
68 33
82 42
97 52
115 58
134 64
154 72
171 83
189 97
205 107
218 113
232 117
242 123
250 128
255 132
255 134
255 132
251 128
248 128
238 126
226 121
212 113
199 103
181 97
164 89
144 80
126 70
109 58
95 54
78 48
60 41
48 31
39 25
31 21
25 19
23 17
23 15
27 15
33 19
41 23
54 29
68 35
82 41
97 48
119 60
136 70
154 82
171 89
189 99
203 117
216 119
218 105
232 99
248 109
7 130
257 138
253 134
251 125
250 123
240 126
218 128
212 121
199 107
181 93
164 85
144 82
126 74
109 60
91 46
76 39
62 37
48 33
39 27
31 21
25 17
23 15
23 17
27 17
33 21
42 23
54 27
66 35
82 42
99 50
117 58
134 66
152 78
169 85
189 95
205 103
218 111
230 117
240 123
250 126
253 130
257 132
255 132
251 132
246 128
238 125
226 119
212 113
197 105
183 99
166 89
146 80
128 72
111 64
93 54
78 46
66 44
54 42
33 27
19 9
19 0
23 3
27 13
27 17
29 15
42 19
56 27
68 39
82 48
99 54
117 60
134 66
152 76
169 87
187 97
203 101
218 105
230 113
242 123
250 128
253 132
257 130
255 132
253 132
248 130
238 126
224 119
212 111
199 105
181 97
166 91
146 82
128 70
109 62
93 54
76 46
62 39
48 33
39 25
31 19
25 17
23 17
23 15
27 15
33 17
41 23
52 27
66 35
82 42
99 50
117 60
134 68
152 76
171 85
189 95
205 105
218 113
224 119
242 125
3 134
259 146
251 134
244 117
246 107
248 117
240 128
218 126
212 113
197 97
183 91
166 91
148 91
128 80
109 62
91 48
76 42
60 41
46 35
37 23
31 15
25 11
23 15
23 17
25 17
33 17
42 19
52 27
66 35
82 44
97 50
115 56
134 64
154 78
171 89
187 97
203 103
218 109
232 117
242 125
250 130
253 130
255 130
255 132
253 132
246 130
236 125
226 119
214 113
199 107
181 99
164 89
148 82
128 72
109 62
91 54
76 44
62 37
50 33
39 27
31 23
27 21
31 25
27 25
19 15
21 5
37 5
54 19
68 33
80 41
97 46
117 54
136 66
154 82
171 93
187 99
203 103
218 109
230 115
240 123
0 126
253 128
255 130
255 130
251 130
246 130
238 125
226 121
214 113
197 107
181 99
166 89
146 80
126 70
109 60
93 52
76 44
62 37
48 29
39 25
31 19
25 19
23 15
21 13
27 17
33 21
42 23
52 29
66 35
82 42
99 52
115 60
134 68
152 76
169 85
187 95
205 103
218 111
232 119
240 125
250 128
255 130
257 134
257 134
253 134
250 136
242 136
220 117
203 93
193 83
183 89
167 93
146 85
126 68
111 54
95 50
80 52
62 46
46 33
37 19
33 15
25 17
21 19
21 17
27 13
33 13
41 19
50 27
66 35
82 41
99 46
115 56
134 68
154 80
169 87
187 93
205 101
218 111
230 119
240 125
248 126
253 128
255 132
255 134
251 132
246 130
238 125
226 119
214 113
199 107
183 99
166 89
146 80
126 68
111 60
93 52
78 46
62 39
48 31
39 25
31 21
25 19
23 15
23 15
27 17
33 23
42 27
60 39
66 41
72 37
87 35
111 44
136 60
154 78
169 87
185 91
205 97
222 111
232 123
242 130
248 128
253 128
257 130
255 136
251 134
246 130
238 123
226 117
212 113
197 107
181 97
166 87
146 80
128 72
111 64
93 54
78 46
62 37
48 29
39 23
31 23
25 19
23 15
23 13
27 15
33 19
41 23
52 29
66 35
82 41
97 48
115 58
134 68
152 76
169 83
187 93
205 103
218 111
230 117
240 121
250 126
255 132
255 134
255 132
251 130
248 128
238 128
228 123
214 117
201 109
189 111
166 99
136 72
119 48
109 42
97 50
78 50
52 39
48 25
41 17
31 21
19 25
23 23
23 19
27 13
33 15
33 23
52 31
66 35
80 39
97 44
115 56
134 68
152 80
169 85
185 91
205 101
218 113
222 121
240 125
0 126
255 130
255 125
253 132
253 130
240 128
238 125
218 119
212 109
199 107
183 99
166 89
146 80
128 72
111 62
93 54
76 42
62 37
50 31
39 27
31 21
25 15
23 15
23 15
27 17
33 21
41 21
52 27
66 35
82 44
99 52
119 64
138 78
148 82
158 76
177 76
205 91
220 109
230 119
240 121
250 121
257 128
259 134
255 138
253 136
248 128
238 123
226 119
214 115
197 107
181 97
164 85
144 76
126 68
111 62
95 56
78 46
62 37
50 31
39 27
31 23
25 19
23 15
21 13
25 17
33 19
41 21
52 29
64 33
80 41
97 48
117 58
134 70
152 78
169 83
187 93
203 103
216 111
230 117
242 123
250 126
253 130
255 132
255 132
253 132
248 130
238 125
226 119
214 113
201 107
183 99
166 91
148 82
128 74
113 68
99 68
74 50
50 23
41 7
39 9
35 19
25 23
21 17
23 7
29 9
35 21
42 33
52 37
64 33
80 35
97 46
115 60
132 72
150 76
169 82
187 89
203 103
216 113
230 119
242 121
250 125
253 128
255 132
255 134
253 132
246 128
238 125
226 121
214 115
199 107
181 99
164 87
148 78
130 72
111 64
93 54
78 44
62 37
50 31
39 25
31 21
25 15
23 15
23 15
25 17
33 19
42 25
52 29
66 35
82 42
97 50
115 60
134 68
152 78
169 87
189 99
208 111
220 119
224 117
230 111
244 111
253 121
257 130
255 132
251 128
250 126
240 125
230 125
214 121
199 111
181 99
166 89
148 82
128 74
109 64
91 52
78 42
62 35
48 31
39 25
31 19
25 15
23 13
23 15
27 21
33 23
41 25
52 27
66 35
82 42
97 50
115 58
132 66
152 76
169 85
187 95
203 103
218 111
230 117
240 123
248 126
253 130
257 132
255 132
251 132
246 128
238 125
228 121
214 115
199 107
183 99
166 91
148 82
128 74
111 64
95 54
78 44
62 39
50 33
42 33
37 35
19 19
11 0
17 0
29 5
35 23
41 29
48 25
66 25
85 39
101 56
115 70
132 74
152 74
169 83
187 95
201 107
216 113
230 115
240 117
248 123
253 130
257 134
257 134
251 130
248 126
240 126
228 123
214 117
199 109
183 99
166 91
148 82
128 72
109 62
95 52
78 46
62 39
48 31
41 25
31 19
27 17
23 15
23 15
27 15
33 19
41 23
52 27
64 35
82 41
97 48
115 56
134 68
152 78
169 85
187 95
203 103
218 113
232 121
242 126
251 130
261 140
257 142
246 130
242 117
244 111
240 117
228 121
212 113
197 101
183 93
169 89
150 87
128 80
111 66
95 52
78 44
62 41
48 33
37 25
31 17
25 13
23 13
23 15
27 17
33 19
41 21
52 25
66 33
82 42
97 52
115 58
132 68
152 76
169 85
185 95
203 103
216 109
230 117
240 123
250 126
255 130
255 132
255 132
253 130
248 128
238 126
228 121
214 115
199 107
183 97
166 91
148 83
128 74
111 64
95 54
78 44
62 39
50 33
41 29
31 23
25 17
23 17
23 17
33 27
33 29
31 15
41 5
62 13
83 35
99 56
113 62
125 62
152 66
171 82
189 101
203 113
216 115
228 113
240 119
248 126
3 134
255 134
255 128
251 125
248 126
238 126
228 123
212 113
201 103
185 97
167 91
146 83
128 72
113 62
95 54
78 46
62 39
48 31
41 25
31 19
25 17
23 15
23 15
27 17
33 17
41 23
52 29
64 35
80 41
95 48
115 56
132 66
150 76
167 83
187 91
205 103
218 111
230 119
240 123
250 128
253 132
255 132
255 134
255 134
251 134
244 138
224 126
205 107
191 91
181 85
167 83
148 80
128 70
111 58
97 50
80 48
64 46
50 39
39 29
31 19
25 15
23 15
23 17
25 15
31 13
41 17
52 25
66 35
80 42
97 48
115 56
132 66
152 78
167 85
185 95
201 101
216 107
230 117
242 125
248 128
253 130
257 130
255 130
253 132
248 130
240 126
228 121
216 113
199 107
183 99
166 89
148 80
130 74
111 64
93 54
78 44
64 37
50 33
39 27
31 21
25 17
23 15
23 15
27 17
31 19
41 25
52 29
66 37
85 52
97 58
103 48
123 44
150 58
171 82
187 101
201 105
216 105
230 109
244 123
250 136
253 138
255 134
255 128
251 128
248 130
238 130
226 123
214 109
199 101
185 97
166 93
148 83
130 72
111 60
95 52
78 46
64 41
50 33
39 23
31 17
25 17
23 17
23 17
25 15
31 17
41 21
52 29
64 35
80 41
97 48
113 56
132 66
150 76
169 87
187 95
203 103
216 111
230 117
240 123
248 128
253 130
255 130
255 132
253 132
248 130
238 125
228 121
216 117
201 111
189 107
171 103
142 83
117 60
103 44
95 41
82 44
62 41
48 29
39 19
33 15
29 21
23 23
23 21
25 15
33 15
41 21
50 29
64 37
78 41
95 44
115 46
7 66
150 76
169 85
187 95
203 103
216 109
230 117
242 125
0 130
253 130
255 130
255 125
253 132
246 130
238 125
220 119
210 113
201 107
183 99
166 91
148 82
128 72
111 64
95 54
78 46
62 39
48 31
39 23
33 21
27 19
23 17
23 15
27 15
33 19
33 25
46 29
64 35
80 41
93 50
115 60
132 70
154 82
173 99
173 99
191 87
208 85
230 101
244 123
248 132
1 128
250 125
259 130
255 136
248 140
238 132
228 121
214 111
199 105
181 99
166 91
148 82
128 70
111 60
95 54
80 48
64 41
48 31
39 25
33 21
27 17
23 15
21 13
27 17
33 19
41 23
52 27
64 33
80 41
95 48
113 56
132 66
152 76
169 85
185 95
203 101
216 109
230 117
240 123
248 125
253 128
257 132
257 134
253 134
248 130
240 125
228 123
214 117
199 109
183 99
167 91
148 82
130 74
113 66
101 62
82 56
56 39
39 17
33 7
33 11
27 15
21 15
21 9
29 11
35 17
42 27
50 33
64 37
80 41
97 46
113 58
130 68
150 76
167 82
185 89
201 99
216 109
230 117
240 123
248 125
253 128
255 132
255 134
253 132
248 128
240 125
228 119
214 113
201 107
185 99
167 91
148 82
128 72
111 64
95 54
78 46
62 37
50 29
41 25
31 21
25 17
21 15
23 13
27 15
31 17
39 21
52 29
66 35
80 42
95 50
113 56
130 66
152 76
169 87
187 95
203 105
216 111
234 125
244 134
236 126
234 111
1 109
250 123
255 136
246 134
238 123
230 113
218 111
203 113
185 109
166 95
148 78
130 68
113 64
93 58
76 48
62 35
50 25
41 23
31 23
25 19
23 15
23 13
27 17
33 21
33 25
48 29
3 33
80 41
95 48
109 58
5 68
142 76
167 83
185 91
203 103
216 111
228 117
240 121
248 125
3 128
250 132
255 134
253 132
248 128
240 125
228 121
214 115
201 107
185 99
167 89
148 82
130 72
113 64
95 56
78 44
64 39
50 31
42 29
41 33
25 27
13 9
13 0
23 0
33 11
41 21
50 29
64 31
80 37
99 48
117 62
132 74
150 80
167 83
185 91
201 103
214 113
228 119
238 119
248 123
253 126
255 132
255 132
253 130
248 128
240 125
228 121
214 115
199 107
185 99
167 89
148 82
130 72
111 62
95 54
78 46
64 39
50 33
41 27
31 21
25 17
23 15
25 15
27 17
31 19
33 23
52 27
64 35
80 41
95 48
109 56
132 66
150 74
167 83
187 93
203 105
216 111
230 117
240 123
250 128
253 132
257 134
261 144
253 142
238 121
228 103
226 101
218 111
203 115
181 103
166 83
152 74
134 74
115 72
95 64
76 48
64 33
50 27
41 27
31 27
25 19
23 11
23 9
27 15
31 21
41 25
52 27
64 31
80 39
95 50
115 60
130 68
150 76
167 82
185 93
201 103
216 111
228 117
240 121
248 126
251 130
255 130
257 132
253 132
248 130
238 126
228 119
216 115
201 109
185 101
166 91
148 82
130 72
113 64
95 54
78 46
64 39
50 31
41 25
31 21
27 19
25 17
25 17
29 23
37 29
37 27
41 19
56 17
78 27
97 44
113 58
128 66
150 70
169 80
189 95
203 109
216 115
228 117
240 119
250 125
253 132
253 134
253 130
253 126
248 126
238 126
228 123
216 115
201 107
183 97
167 89
150 82
132 74
113 64
95 54
78 44
64 39
50 33
39 27
31 19
27 15
23 15
23 15
25 17
31 19
41 21
50 27
64 33
78 39
95 48
115 58
130 68
150 76
167 83
185 95
201 103
214 111
228 117
240 121
248 126
253 130
257 132
257 134
253 132
248 130
240 126
232 126
220 128
197 113
171 83
160 68
150 66
134 72
113 70
95 54
78 39
66 33
54 35
41 37
31 29
25 19
23 11
23 11
25 17
31 23
41 23
50 23
64 29
80 39
95 50
113 58
130 64
150 72
167 83
185 95
201 103
216 109
230 117
240 123
248 128
253 130
255 132
257 134
251 132
248 128
240 125
230 121
216 115
201 107
185 99
167 93
150 83
130 74
113 62
95 54
80 46
64 39
50 31
41 25
33 21
27 17
23 15
23 15
27 17
33 21
41 25
52 29
66 37
85 50
99 60
105 56
119 50
144 56
169 76
187 91
199 103
214 107
230 111
242 121
250 130
253 138
255 138
257 132
253 128
246 126
238 126
228 123
214 115
199 103
185 95
167 91
150 85
130 74
113 64
95 54
78 46
64 39
50 33
41 25
31 19
27 17
21 15
21 15
27 17
31 19
41 21
50 25
64 33
78 39
95 46
113 56
132 68
150 78
167 85
185 93
201 101
216 111
230 117
240 123
248 126
253 128
255 132
255 132
253 132
248 128
240 126
230 123
216 117
201 109
185 101
169 93
154 91
134 85
105 60
83 33
74 25
66 31
54 37
39 31
31 17
27 9
25 11
25 21
25 27
29 23
39 17
52 21
64 35
78 44
93 50
111 54
130 58
150 72
166 85
183 95
201 103
216 107
228 115
238 123
248 128
253 134
255 132
255 132
253 130
250 130
240 128
228 123
216 113
201 107
185 99
167 91
150 82
130 74
113 64
95 54
80 48
64 39
50 33
41 27
31 21
25 17
21 13
23 13
27 17
31 21
39 25
50 29
64 35
80 42
95 50
113 60
132 68
152 80
175 95
183 99
191 95
207 93
226 101
240 117
248 128
251 130
255 128
257 128
255 132
250 136
240 132
228 123
216 111
203 107
185 101
166 93
148 82
130 70
113 60
95 52
78 46
64 39
50 31
41 25
33 21
27 19
23 17
23 17
25 15
31 19
41 23
50 29
64 35
78 41
93 46
113 56
130 66
150 76
167 83
185 93
201 101
216 111
228 117
240 123
248 126
253 130
255 132
255 132
253 132
248 130
240 126
228 121
216 115
203 109
185 101
167 91
150 82
132 74
113 64
95 56
80 48
72 50
50 42
29 15
21 0
25 0
27 13
25 23
23 19
29 11
42 13
54 27
64 42
78 48
93 48
113 52
132 64
148 78
166 87
183 93
201 97
214 105
228 115
238 125
248 130
253 128
255 128
255 128
255 132
248 132
240 126
228 119
216 113
203 109
185 101
166 91
150 82
132 72
113 64
95 56
80 46
64 39
52 31
41 25
31 19
25 15
25 15
23 17
25 17
31 19
41 23
50 29
64 35
78 41
95 48
113 58
130 66
148 76
167 85
185 95
201 103
216 111
234 125
244 132
242 128
242 119
248 113
257 121
255 128
248 132
238 125
228 115
218 111
205 111
185 107
167 97
150 82
132 72
113 64
95 56
78 48
64 39
50 29
41 23
31 19
27 19
23 17
23 15
25 15
31 17
41 23
50 29
62 33
80 41
95 48
111 58
130 66
148 74
167 83
185 93
201 103
214 109
228 117
240 121
248 126
253 130
255 130
255 132
253 132
248 130
240 126
230 123
216 117
201 109
185 101
167 91
152 82
132 74
115 64
95 54
80 46
66 39
52 35
41 29
33 23
31 25
27 29
17 17
13 0
25 0
41 9
54 31
62 39
76 39
95 41
115 54
132 72
150 87
166 91
183 91
199 95
216 107
228 121
238 125
246 125
253 123
257 128
255 132
253 134
248 130
240 123
230 119
216 117
201 111
185 101
167 91
150 80
130 72
113 64
97 56
80 46
64 37
50 31
41 25
33 21
27 17
23 17
21 15
25 15
31 17
41 23
50 29
64 33
78 41
95 48
113 56
130 64
150 74
167 83
183 93
199 101
216 109
230 119
240 125
248 128
253 132
259 138
263 146
253 140
238 123
232 109
226 105
218 109
201 109
183 99
167 85
152 78
134 74
115 62
95 62
80 48
64 37
52 29
39 25
31 23
25 17
21 13
21 11
25 13
31 19
31 23
48 27
62 31
80 39
95 50
113 60
128 66
140 74
167 83
183 93
199 103
216 111
228 117
240 121
248 126
3 130
255 125
257 132
250 132
248 128
240 126
222 123
216 117
201 107
185 101
167 91
150 83
130 72
113 62
97 56
80 48
64 39
46 33
35 27
33 21
19 19
23 17
23 17
27 17
33 21
37 33
50 37
52 25
3 17
93 29
117 52
7 74
148 80
166 78
185 85
203 101
216 119
226 125
238 123
248 123
3 126
255 134
255 138
251 132
248 125
240 121
228 121
216 117
203 109
185 99
169 89
150 82
130 74
113 66
97 56
80 46
64 37
52 31
33 27
33 21
17 17
21 13
25 13
27 17
31 19
31 19
50 25
64 35
78 41
95 48
111 56
130 64
150 74
166 83
183 93
201 101
216 109
228 117
238 121
248 126
253 130
255 134
255 134
253 132
250 132
242 128
234 128
222 128
189 111
173 89
162 74
150 72
134 70
113 66
95 54
80 41
66 35
54 35
42 35
31 27
25 17
21 11
23 13
27 19
29 23
39 21
50 23
62 29
78 41
93 50
111 58
130 64
148 72
166 82
183 93
201 105
214 111
228 115
238 121
248 126
253 132
255 134
255 132
253 130
248 128
240 126
228 123
216 117
203 107
187 99
167 91
148 82
132 72
115 66
97 56
80 46
64 39
52 33
41 27
33 21
27 19
23 17
23 17
25 17
31 19
33 23
50 29
64 35
78 41
99 54
117 70
125 70
136 58
158 60
185 80
203 103
214 115
226 117
240 115
250 123
255 136
255 142
255 138
253 130
248 125
240 125
220 123
216 117
201 107
185 95
169 87
150 82
132 76
115 66
95 54
80 44
66 39
52 35
33 29
31 21
17 15
25 15
23 17
25 19
29 19
39 21
50 27
62 35
76 41
93 48
111 56
1 64
140 74
166 85
185 95
201 103
214 109
228 115
240 121
248 126
3 130
255 132
257 132
253 132
248 128
240 126
230 123
218 117
203 111
187 103
171 95
158 93
134 83
105 62
85 41
76 29
68 31
54 31
41 27
31 17
27 11
27 15
25 21
25 23
31 21
33 21
50 25
62 31
76 41
93 50
111 56
125 62
146 72
167 83
183 93
201 103
214 109
228 115
240 121
248 126
251 130
255 130
255 132
253 132
248 130
240 126
230 121
216 113
203 107
185 99
169 91
150 82
134 72
115 66
97 56
80 48
66 41
52 33
41 27
33 21
27 17
23 15
23 15
25 15
31 17
39 21
48 27
62 33
78 41
95 48
113 58
130 66
148 76
167 87
189 103
201 111
205 101
218 93
238 103
250 123
253 136
253 134
255 126
255 125
251 128
242 134
230 132
216 119
203 105
187 95
167 93
150 87
130 74
113 60
95 48
80 44
66 41
52 35
41 25
33 17
27 15
23 17
23 19
25 17
31 17
39 21
48 27
62 35
78 42
93 48
111 56
128 64
148 76
166 85
183 93
201 101
214 109
228 117
240 123
246 126
251 128
257 132
257 134
253 134
248 128
240 123
232 121
216 117
203 111
185 101
169 91
152 83
132 76
115 66
97 58
85 52
70 48
46 35
21 15
25 3
27 3
25 11
21 15
23 13
31 13
42 19
52 29
64 39
78 46
93 48
111 54
130 64
146 76
166 85
181 91
199 97
214 105
228 115
238 123
246 128
251 130
257 130
257 132
253 134
248 130
242 126
230 121
216 115
201 109
187 101
169 91
150 82
132 72
113 62
97 56
82 48
66 42
50 31
41 25
35 21
27 19
23 17
23 15
25 15
31 17
39 21
48 25
64 33
78 41
93 48
111 56
128 64
148 74
167 85
183 93
201 103
214 111
228 117
244 128
251 140
248 134
244 117
250 109
255 119
251 132
240 132
228 119
218 105
205 101
189 105
169 103
150 89
132 70
115 58
97 54
80 52
62 44
50 29
42 21
33 17
27 19
23 17
23 15
25 13
31 15
39 19
50 29
64 37
76 41
91 44
111 54
130 66
148 78
166 85
183 91
199 99
214 109
228 119
238 123
246 126
253 128
255 130
255 130
253 132
250 130
242 126
230 123
216 117
203 109
187 101
169 93
150 83
132 72
115 64
97 56
80 48
62 31
37 33
35 29
35 27
33 29
25 25
15 11
15 0
27 1
39 9
48 27
62 35
68 39
93 42
113 54
7 70
148 83
164 89
181 91
199 97
214 109
226 117
236 123
246 123
3 125
255 128
255 132
253 132
250 130
234 125
230 121
218 115
203 109
187 101
169 91
152 82
132 74
99 66
97 56
80 46
64 39
52 33
41 27
33 23
25 17
21 15
23 15
25 17
31 19
39 21
50 27
62 33
78 39
93 46
111 56
128 64
148 74
164 82
183 91
201 103
216 111
228 117
238 121
248 126
253 132
255 136
255 136
259 142
250 140
230 119
218 99
214 95
207 103
189 107
167 95
150 76
134 64
119 64
99 64
80 56
64 42
52 27
41 21
33 23
27 23
21 17
21 11
25 11
31 15
39 25
48 31
62 33
76 39
93 44
111 56
128 68
146 76
166 82
183 91
199 101
214 111
226 117
238 121
246 125
253 128
255 130
255 132
255 132
250 130
240 126
228 121
216 115
205 109
187 101
169 93
150 83
132 74
115 64
97 54
80 46
68 41
52 35
42 27
33 21
27 19
25 17
23 17
27 19
35 25
42 31
44 29
50 23
70 23
93 35
113 52
128 66
146 72
166 78
185 89
201 105
214 115
226 119
238 123
248 125
253 128
255 134
255 134
253 132
248 126
240 123
230 121
216 117
203 109
187 99
167 89
152 82
134 76
115 68
97 56
80 46
66 39
52 33
41 29
31 21
25 17
23 13
23 13
25 15
31 17
39 21
50 27
62 33
78 41
93 48
111 58
128 66
148 74
166 83
183 93
199 99
214 107
228 117
238 123
248 126
253 130
255 132
257 134
253 134
250 132
242 128
232 123
222 121
208 123
181 105
158 76
144 60
134 60
119 66
97 60
80 46
66 33
54 27
44 29
33 29
27 23
23 15
23 11
25 15
29 21
39 25
48 27
60 29
76 35
93 46
111 58
128 64
146 72
166 82
183 93
199 103
214 109
226 117
238 119
246 125
251 130
255 130
255 132
253 130
248 126
242 125
232 123
218 117
203 109
187 99
171 91
152 85
132 76
115 66
97 54
82 46
66 39
52 33
41 27
33 21
27 17
23 17
23 15
25 17
31 19
39 23
48 27
62 31
80 42
101 60
113 66
119 60
136 56
162 66
183 83
199 101
212 109
226 111
240 115
250 126
253 134
255 138
257 136
253 132
248 126
242 126
230 126
216 119
201 107
185 95
169 89
152 83
132 76
115 64
97 54
82 46
66 39
52 35
42 29
33 23
27 19
23 17
23 15
25 17
31 19
39 21
48 25
62 31
78 39
93 48
109 56
128 64
146 72
166 82
183 93
199 101
212 109
226 115
240 123
246 128
251 130
255 132
257 134
253 132
248 130
242 126
230 123
218 117
203 109
189 101
171 95
154 87
138 85
117 76
89 48
70 25
62 19
56 25
44 33
33 27
25 13
23 5
25 13
29 23
31 29
37 25
48 21
62 27
76 41
91 52
109 58
128 62
146 68
156 80
183 93
199 105
214 111
228 115
238 121
246 126
253 130
257 134
255 132
253 132
248 128
242 126
232 123
218 117
203 107
187 101
169 93
152 83
134 76
117 64
99 54
82 46
66 39
52 33
42 27
33 21
27 17
23 15
23 15
25 15
29 17
39 21
50 27
64 35
78 42
91 48
111 54
130 68
150 78
169 91
187 101
193 103
203 97
220 99
238 109
248 123
251 128
253 128
255 126
255 128
251 132
242 134
230 128
216 117
203 107
187 99
169 95
152 87
132 72
117 60
97 52
82 46
66 41
52 33
42 25
33 21
27 17
23 15
23 17
25 17
31 17
37 19
48 25
62 33
78 41
91 48
111 54
128 64
146 74
164 83
183 91
199 101
214 109
226 117
236 121
248 126
253 130
255 132
255 134
253 132
250 130
242 126
230 123
216 115
205 109
187 101
169 93
152 83
134 74
117 64
99 58
82 48
70 46
58 46
37 29
23 5
19 0
23 1
25 15
27 21
29 17
39 13
50 21
64 37
76 50
91 54
109 54
128 60
146 72
162 83
181 95
199 99
212 103
226 111
238 121
248 128
251 130
255 130
257 130
255 132
248 132
240 126
230 121
218 115
205 109
187 103
169 93
152 82
134 72
117 64
97 58
80 48
66 41
54 33
41 25
31 19
27 17
25 17
23 15
25 17
31 17
39 19
48 25
62 33
76 41
91 48
111 56
128 66
146 76
164 83
183 93
199 101
214 109
228 119
246 132
248 134
244 126
246 117
253 117
255 125
250 130
238 126
230 117
220 109
207 107
189 107
171 99
154 87
134 74
117 64
97 56
80 48
66 39
52 31
41 25
31 19
27 17
23 17
23 15
25 15
31 17
39 21
48 27
60 33
76 39
93 46
109 54
126 66
146 74
164 82
183 91
199 101
214 109
226 117
238 121
248 126
251 130
255 132
255 132
253 132
250 130
242 126
230 121
218 117
203 109
187 103
169 91
152 83
134 74
117 66
99 58
82 48
66 41
52 33
42 27
35 25
29 23
29 29
23 25
15 9
19 0
35 3
50 23
64 39
76 41
91 41
111 46
130 64
148 82
164 93
181 93
197 95
212 103
228 117
238 126
246 128
251 126
255 126
257 130
253 134
250 132
240 125
230 119
218 113
203 107
189 103
171 95
154 83
134 74
115 66
99 56
82 48
66 41
52 31
42 23
33 19
27 17
23 17
23 15
25 13
31 17
39 23
48 29
60 33
76 39
93 46
109 56
126 66
146 74
164 83
181 91
199 101
212 109
226 117
238 123
246 126
3 130
250 134
257 140
259 146
242 132
230 113
224 103
218 105
207 107
187 103
169 89
152 78
136 72
119 70
99 64
82 52
66 41
52 31
41 25
33 23
25 19
21 13
21 9
25 11
31 17
39 23
48 27
60 31
76 37
91 46
109 56
126 64
146 72
166 83
183 93
197 101
212 111
226 115
238 121
246 125
251 128
255 130
255 132
255 132
248 130
240 126
232 123
218 117
203 109
187 101
171 93
154 83
134 74
115 64
99 56
82 48
66 41
54 33
42 27
35 23
27 19
23 17
23 15
25 17
31 21
42 31
52 41
56 33
64 21
83 23
111 42
130 66
146 80
162 82
181 83
201 95
216 115
226 126
236 126
246 123
253 125
255 130
255 136
253 136
248 126
240 121
230 119
218 117
203 111
187 101
171 89
154 82
134 76
117 68
99 58
83 48
66 39
52 33
42 27
33 23
27 19
23 15
23 13
25 15
29 17
39 21
48 27
62 33
76 39
91 48
109 56
128 64
146 74
164 83
179 91
199 99
214 109
226 117
236 121
246 126
253 128
255 132
255 134
253 132
250 130
242 128
234 126
226 128
203 117
177 95
162 76
150 70
136 68
117 66
97 56
82 44
68 35
56 33
44 33
35 29
25 21
23 13
23 13
25 17
29 19
37 21
48 23
60 27
76 37
91 46
109 54
126 62
146 70
166 82
181 93
199 101
214 109
226 115
236 121
246 126
253 130
255 132
255 132
253 130
250 128
242 126
232 123
218 117
205 109
189 101
171 93
154 83
134 74
117 66
99 56
82 48
66 41
52 33
42 27
35 23
27 19
23 15
23 15
25 15
29 17
39 21
48 27
60 33
76 39
93 50
117 68
126 76
134 64
154 58
179 72
201 97
214 115
224 117
236 113
250 117
255 130
255 140
255 140
253 132
250 126
242 125
230 125
216 121
205 109
187 97
171 89
152 83
134 76
117 66
99 56
82 44
66 39
54 35
42 29
33 23
25 17
23 15
23 15
25 15
29 17
37 19
48 25
62 33
76 41
91 46
109 54
128 64
146 74
162 83
181 93
199 99
212 109
226 115
236 121
246 126
253 130
255 132
255 132
255 132
250 130
242 126
232 123
220 117
205 109
189 103
171 95
160 93
140 87
111 68
87 46
76 31
68 29
56 31
42 29
31 19
27 9
27 11
25 19
25 25
29 23
37 21
48 23
60 31
74 39
91 48
109 54
126 62
144 70
164 82
181 93
199 103
212 109
226 113
238 121
246 126
251 130
255 132
257 132
253 130
248 130
242 128
230 123
218 117
205 109
187 99
171 91
154 83
136 74
117 66
99 56
82 46
68 39
54 35
42 29
33 23
27 19
25 15
23 15
25 17
29 17
37 21
48 27
60 33
76 39
91 48
111 56
126 64
146 74
164 83
183 97
203 115
207 109
214 95
230 97
250 115
255 134
255 138
253 130
255 125
251 126
244 134
232 132
218 121
205 107
187 95
171 91
152 87
132 76
117 62
99 52
82 44
68 41
54 35
42 27
33 19
27 17
23 17
21 15
25 15
31 17
39 21
48 27
60 33
76 39
91 46
109 54
126 64
146 72
164 83
181 91
197 99
212 107
226 115
238 123
246 126
251 130
255 132
257 132
253 132
250 130
242 126
230 121
218 115
205 109
189 101
171 93
156 85
136 76
117 68
99 58
85 54
74 54
52 42
31 21
23 3
25 1
25 9
23 15
23 15
29 13
39 15
50 25
62 37
76 44
91 48
109 52
126 60
144 72
164 85
179 93
197 99
212 103
226 113
238 123
246 128
251 130
255 130
257 130
253 132
250 130
240 126
232 121
218 115
205 109
187 101
171 93
154 85
136 74
117 64
99 56
82 48
68 41
54 35
42 27
33 23
27 19
23 17
23 15
25 15
29 19
37 21
48 25
60 31
76 39
91 46
109 56
126 64
146 74
164 83
181 93
197 101
212 109
226 117
238 125
251 136
251 136
246 123
246 111
253 115
253 128
244 134
230 125
218 111
207 103
191 103
173 103
154 93
134 76
117 60
99 52
83 50
66 44
52 33
42 21
33 17
27 17
23 19
23 17
25 15
29 15
39 21
48 29
60 35
76 41
91 46
109 54
126 64
144 74
164 83
181 89
197 97
212 107
226 115
236 121
246 123
253 128
257 132
257 134
253 132
250 130
242 126
232 121
218 117
205 107
189 101
173 95
154 85
134 76
117 66
101 56
83 50
68 41
54 33
44 27
35 27
33 27
27 27
15 15
13 1
23 0
37 9
50 23
60 33
74 37
91 41
111 52
128 68
146 80
162 87
179 91
199 95
214 107
224 117
236 123
246 125
251 126
255 128
255 134
253 132
250 130
242 126
232 121
218 117
205 111
189 103
171 93
154 82
134 74
119 66
99 56
83 48
66 39
54 31
42 25
35 23
27 19
21 15
23 13
25 15
29 17
37 23
48 27
60 31
74 39
91 46
109 54
126 64
144 72
164 82
181 91
197 101
212 109
226 115
238 123
246 126
253 132
255 134
255 132
259 142
253 144
234 126
220 103
214 93
207 101
193 107
171 99
152 80
136 66
121 62
103 62
83 58
66 44
52 31
42 23
33 21
25 21
23 19
23 13
25 11
29 13
37 21
48 29
60 33
74 37
91 42
109 54
126 66
144 74
164 82
181 91
197 99
212 107
226 115
236 121
246 125
251 128
255 132
255 132
253 132
250 130
242 126
232 123
218 115
207 109
191 103
171 95
154 85
134 76
119 68
101 56
82 48
68 41
54 33
42 27
35 23
27 19
23 17
23 17
27 17
33 21
42 31
46 31
50 25
66 23
87 31
109 48
126 62
142 72
162 78
181 87
199 101
214 115
226 123
236 123
246 125
251 128
255 132
255 134
253 132
250 126
242 123
230 121
218 117
205 111
189 103
171 93
154 83
136 76
119 68
99 58
82 46
68 37
56 33
42 29
33 23
27 17
25 15
23 13
25 15
29 19
37 21
48 25
60 31
74 39
91 46
109 56
126 64
144 72
164 82
181 91
197 101
212 109
224 115
238 121
246 125
251 128
255 132
257 134
255 134
250 132
242 128
232 125
222 123
212 125
187 109
160 80
146 60
136 60
121 66
101 64
82 48
68 33
56 27
44 29
35 31
29 27
23 17
23 11
23 11
29 17
37 25
46 27
58 29
74 33
91 44
109 58
126 68
144 72
162 80
181 89
197 101
212 111
226 117
236 121
246 125
251 130
255 132
257 134
253 132
250 130
242 126
232 121
220 117
207 109
189 101
171 93
154 85
136 76
119 66
99 56
83 48
68 42
54 35
42 27
33 21
29 19
23 17
23 15
25 15
31 17
37 21
48 25
60 33
76 41
97 56
111 64
117 60
132 58
158 66
181 82
197 99
210 109
224 111
238 115
248 125
253 132
255 136
255 136
255 132
250 128
242 126
232 123
220 117
205 107
189 97
171 87
154 83
136 76
117 66
99 54
83 46
70 42
54 37
42 27
33 21
27 17
25 15
23 15
25 15
29 17
37 19
48 23
60 31
74 39
91 46
109 56
126 64
144 72
162 83
179 93
197 101
212 109
224 113
236 121
246 126
251 130
257 132
257 132
255 132
250 130
242 126
232 123
220 117
207 111
189 103
173 95
156 87
140 85
121 78
91 54
72 29
64 19
56 25
46 33
33 29
25 15
23 5
25 11
29 23
31 29
37 27
46 21
60 25
76 39
89 50
105 56
125 60
144 66
162 78
179 89
195 101
212 107
226 113
238 119
246 126
251 130
255 132
255 132
255 130
250 128
242 126
234 125
220 119
205 109
189 101
173 95
156 85
136 76
119 66
101 56
83 48
68 41
54 35
44 27
35 23
27 19
23 15
21 17
25 17
31 17
39 21
46 25
60 33
74 41
89 46
109 56
126 66
146 76
166 87
187 103
193 103
201 99
216 97
234 107
248 121
251 130
253 130
255 128
255 126
251 130
244 132
232 128
218 119
205 107
189 101
171 93
154 85
136 76
117 64
99 54
83 48
68 41
54 35
44 27
35 21
27 17
23 15
23 13
25 17
31 19
37 21
46 25
60 31
76 39
91 46
107 54
126 62
144 72
162 82
179 91
195 97
212 105
226 115
236 123
246 126
251 130
255 132
257 134
253 132
250 130
244 126
232 121
218 115
207 109
191 103
173 95
156 85
136 76
119 68
101 60
85 50
72 46
60 46
41 33
23 7
19 0
25 1
27 17
25 23
27 19
37 13
48 19
64 35
76 48
89 54
107 52
125 58
144 68
162 83
177 95
197 99
212 101
224 109
236 119
242 128
1 130
255 130
255 128
253 128
251 132
181 130
232 125
218 115
207 107
191 103
173 97
146 87
136 74
119 64
101 56
80 48
68 41
56 31
44 27
35 23
27 19
23 17
23 15
25 17
29 17
37 19
46 25
60 31
11 37
91 46
107 54
1 64
140 66
164 83
179 91
197 101
212 109
228 117
242 130
248 134
244 126
242 117
1 117
255 123
251 130
240 126
224 119
222 111
208 109
193 109
173 93
154 87
136 74
119 66
99 58
82 50
68 33
54 31
44 25
33 21
19 17
23 17
23 15
25 15
29 15
37 21
48 27
60 33
11 39
89 44
107 54
0 64
140 66
130 82
171 91
195 97
197 107
226 115
238 123
246 126
251 128
255 130
255 132
255 134
250 130
242 126
232 123
220 117
207 111
191 103
173 93
156 85
138 76
119 68
101 58
83 48
70 42
56 35
42 29
33 23
27 17
29 25
27 29
15 11
17 0
33 0
50 19
62 39
72 44
87 41
109 44
128 60
146 80
162 89
179 93
197 95
210 103
224 115
236 123
244 126
251 126
253 126
255 130
253 132
250 132
244 128
232 121
220 115
207 111
189 105
173 95
156 85
136 74
119 66
99 58
83 48
70 41
54 31
44 25
35 21
29 19
25 17
23 15
25 15
29 17
37 21
46 27
58 31
72 35
91 44
109 56
125 66
142 74
162 82
181 91
195 101
210 109
224 115
238 123
246 126
251 130
257 132
261 140
259 142
246 132
232 117
224 105
220 103
208 107
189 103
171 91
156 78
140 72
121 68
101 64
85 54
70 42
56 31
42 27
33 25
27 21
23 17
21 11
23 11
29 15
37 23
46 27
58 31
74 37
91 44
107 56
125 66
142 72
162 82
179 91
195 99
210 107
224 113
236 121
246 125
251 128
255 130
257 132
255 132
250 130
242 126
232 123
220 117
207 109
189 101
171 93
156 83
138 76
119 68
101 60
85 50
68 41
56 35
44 29
35 23
27 19
23 17
23 17
25 19
29 21
41 27
52 39
54 35
62 21
83 23
107 41
126 64
144 78
160 82
179 83
199 93
214 111
226 125
236 128
246 125
251 125
255 130
255 134
253 134
250 130
242 123
232 119
218 117
207 113
191 105
173 95
156 83
138 76
119 68
101 58
85 50
70 41
54 33
42 27
35 23
29 19
23 17
23 15
25 15
29 17
37 21
46 25
58 31
74 37
89 46
107 56
125 64
142 72
162 82
179 91
195 99
210 107
224 115
236 121
246 125
251 128
255 132
257 134
255 134
251 130
246 128
236 126
228 130
207 119
181 97
164 78
154 70
140 70
119 68
99 56
83 44
70 37
58 35
44 35
35 31
27 23
23 15
23 13
25 17
29 21
35 23
46 23
58 27
74 35
89 46
107 54
125 62
144 70
162 82
177 91
195 99
212 109
226 115
236 121
244 125
251 128
257 132
257 134
253 132
250 128
244 126
234 125
220 119
207 111
191 101
173 93
156 85
136 78
119 68
101 58
83 50
70 41
54 35
44 29
35 23
29 19
25 17
23 15
25 17
29 19
37 23
46 27
60 33
74 41
91 50
113 66
125 72
132 64
150 58
177 72
199 95
212 113
222 117
236 115
246 119
255 130
257 140
255 142
253 132
250 125
242 123
234 125
218 121
205 109
191 97
173 89
156 85
136 78
119 68
101 58
85 46
70 41
54 37
44 31
35 23
27 17
23 13
23 15
25 17
29 19
37 21
46 23
58 29
72 37
89 46
107 54
125 64
142 72
160 82
179 91
197 101
210 109
224 115
236 121
246 125
251 130
255 134
255 134
255 134
251 130
244 128
232 125
220 117
207 111
193 105
175 99
160 93
142 87
115 70
91 48
78 33
68 29
58 31
44 29
33 21
27 13
25 13
25 19
25 23
29 21
37 21
46 23
60 29
72 39
85 44
107 52
125 60
142 70
160 82
179 91
197 99
210 105
224 113
236 121
246 126
251 132
255 132
255 132
255 132
250 130
242 128
232 123
220 117
207 109
191 103
173 95
154 85
138 76
121 66
103 58
83 50
70 42
56 35
44 29
35 23
27 17
23 15
23 17
25 17
29 17
37 21
46 25
60 33
74 41
89 48
107 56
125 64
142 74
162 83
179 97
201 113
205 107
212 95
230 97
248 117
255 134
255 138
253 128
255 123
251 126
244 132
234 132
222 123
207 107
191 99
173 93
156 87
136 80
119 64
101 52
83 44
70 41
56 37
44 29
35 21
29 15
23 15
21 17
25 19
29 19
37 21
46 25
58 31
72 39
89 44
107 52
125 62
142 72
162 82
179 91
195 99
210 107
224 115
236 121
246 126
251 130
255 130
257 132
255 132
250 130
244 128
232 123
220 117
208 111
191 103
173 95
158 85
138 78
121 68
101 58
89 52
78 54
56 42
33 23
23 5
25 3
27 11
23 17
21 15
27 13
39 15
50 27
60 39
72 44
89 48
107 52
125 62
142 72
160 83
177 89
195 95
210 103
224 113
236 123
244 126
251 128
255 130
257 132
253 134
250 132
242 126
232 121
222 115
208 111
191 105
173 95
158 85
138 76
119 68
101 58
83 48
70 41
56 35
44 29
35 23
27 19
23 15
23 15
25 17
29 19
37 21
46 25
58 31
74 39
89 48
107 56
125 62
142 72
162 82
179 91
195 101
210 109
224 117
238 125
251 138
248 136
244 119
248 109
255 117
253 132
242 134
232 125
222 109
210 105
193 107
175 103
156 91
138 76
121 62
101 56
85 52
68 44
56 35
44 23
35 19
27 19
23 19
23 17
25 15
29 17
37 19
44 25
58 31
74 41
89 46
105 52
123 62
142 72
162 82
179 91
193 97
210 105
224 115
236 123
244 126
251 128
255 130
257 132
255 132
250 132
244 128
234 123
220 117
207 109
191 103
175 95
156 85
138 78
121 68
103 60
85 52
70 44
56 37
44 31
37 27
33 29
27 27
15 13
13 1
23 1
37 9
48 23
58 33
72 37
89 41
109 52
126 66
144 80
160 85
177 89
195 95
210 107
224 117
234 123
244 123
251 125
255 128
255 134
253 134
250 128
244 126
234 123
220 119
207 111
191 105
175 95
156 85
138 76
119 68
103 58
85 48
70 41
54 33
44 27
37 23
29 19
23 17
21 15
25 17
29 19
35 23
46 25
58 31
74 37
89 46
105 54
125 62
142 72
160 82
177 91
195 99
212 107
224 115
236 121
246 125
251 128
255 130
257 134
259 142
255 144
236 126
222 103
216 95
208 103
193 109
173 99
154 80
138 66
123 64
105 66
85 60
68 44
54 31
44 23
35 23
27 25
21 19
21 13
25 9
29 13
35 21
44 25
60 31
74 37
89 44
105 54
125 64
142 74
160 82
177 89
195 97
210 107
222 113
236 121
244 125
251 128
255 130
255 134
253 132
251 130
244 126
232 125
220 119
208 111
191 103
173 93
158 85
138 78
121 68
103 58
85 50
70 42
56 35
44 29
35 25
27 19
25 15
23 17
25 19
33 23
41 31
44 29
48 23
64 21
87 31
107 48
125 64
140 70
158 74
179 83
199 101
212 115
224 121
234 123
246 123
251 128
253 134
255 134
253 130
250 126
244 123
232 123
220 119
207 113
193 103
175 93
156 85
138 78
121 70
103 60
85 48
70 41
56 35
44 29
35 23
29 17
25 17
23 17
25 17
29 17
37 21
46 25
58 31
72 39
87 46
105 52
125 64
142 72
160 82
177 89
195 99
210 107
224 115
236 123
246 126
251 130
255 132
255 132
253 132
251 132
244 130
234 126
224 123
214 125
189 109
162 82
148 62
138 62
125 68
103 64
83 48
70 35
60 29
46 31
35 33
27 27
23 17
23 11
23 15
27 17
35 21
44 23
58 27
72 35
89 46
105 56
123 64
142 70
160 78
177 89
195 101
208 109
222 111
236 119
244 125
251 130
255 134
257 132
255 132
250 130
244 128
234 123
222 119
208 111
193 101
173 95
156 85
140 76
121 68
103 58
85 50
72 42
56 37
44 29
35 23
29 19
25 17
23 15
23 13
29 17
37 23
46 27
60 33
74 41
95 56
109 64
115 60
130 56
154 62
179 80
197 99
208 109
222 111
238 113
248 125
253 136
255 140
255 136
255 132
251 128
242 126
232 125
220 119
207 109
191 101
175 93
158 87
138 80
121 68
103 58
85 48
70 41
56 35
44 29
35 23
29 19
25 17
21 17
15 17
29 17
37 21
46 25
56 31
72 37
87 44
105 54
123 62
140 72
160 82
177 89
195 99
210 107
224 113
236 121
246 126
251 130
255 130
257 132
255 134
251 132
242 128
234 125
222 119
208 113
191 105
175 97
158 87
144 87
123 78
91 52
74 27
66 19
60 29
46 35
35 27
27 15
25 9
25 15
27 25
29 27
35 23
44 19
58 25
72 39
87 50
103 56
123 60
15 66
160 78
177 91
193 101
193 105
224 111
236 117
244 126
0 132
255 134
257 132
255 130
250 130
173 126
234 125
222 119
208 109
191 101
175 93
158 87
138 78
121 68
103 60
87 50
70 44
56 37
44 29
37 23
29 21
23 17
23 15
25 15
29 17
37 21
37 25
58 31
72 37
87 46
105 54
123 62
17 74
164 87
181 101
187 103
199 97
216 95
234 107
246 121
1 128
253 130
250 128
257 128
253 132
244 134
234 130
220 119
203 109
193 103
175 97
156 89
138 76
121 64
103 54
85 50
70 44
54 35
44 25
37 21
29 21
23 19
21 17
17 15
29 17
37 21
37 27
58 31
9 39
87 44
105 52
123 60
17 72
125 82
177 89
193 97
187 107
224 115
236 121
244 125
1 128
253 130
250 134
251 134
250 130
173 126
234 123
222 119
208 113
191 105
175 95
158 87
138 78
121 68
105 60
87 52
76 48
60 48
41 33
25 7
21 0
17 0
25 17
25 21
27 17
35 11
46 17
62 35
66 48
85 52
103 52
123 58
142 70
156 83
175 93
193 97
208 93
224 109
234 121
244 126
1 130
255 128
250 130
255 132
251 134
244 132
234 125
222 115
208 109
191 103
175 95
158 87
138 76
121 66
103 58
87 50
70 44
56 35
44 29
35 25
29 21
23 17
23 15
25 15
29 17
37 21
46 27
58 33
72 39
87 46
105 54
123 62
142 72
156 82
177 89
195 99
212 109
226 119
242 130
246 132
242 126
246 119
253 119
255 126
251 130
242 126
232 119
222 113
210 111
195 109
175 103
158 89
140 76
123 66
103 60
85 52
68 42
56 31
46 25
37 21
29 19
23 15
23 13
25 13
29 17
35 21
46 27
56 31
70 35
87 42
105 54
123 64
140 72
158 80
175 87
195 97
210 107
224 115
234 119
244 123
251 128
255 132
255 132
255 132
251 130
244 128
234 123
222 117
208 111
193 105
175 95
158 85
140 78
121 70
103 58
87 50
72 42
58 35
44 29
37 25
29 23
31 29
23 23
13 5
17 0
35 1
48 23
60 37
70 41
85 39
107 44
125 60
142 80
158 89
175 91
195 95
208 103
222 115
234 123
244 126
250 126
255 126
255 130
255 134
251 132
244 128
234 121
222 115
208 111
193 107
175 97
158 85
140 76
123 68
103 60
85 52
72 42
56 33
44 27
35 23
29 19
25 15
23 15
23 15
27 17
35 21
44 25
56 29
72 37
87 44
105 54
123 62
140 70
160 80
177 89
193 99
208 107
222 113
236 121
246 126
251 130
255 134
261 140
259 142
244 132
232 117
228 107
222 107
210 109
191 105
173 93
158 82
142 76
125 72
103 66
85 54
72 41
58 33
44 29
35 25
27 21
23 15
21 11
23 11
29 15
37 21
46 27
56 31
72 35
89 44
105 54
123 64
140 72
158 80
177 87
193 97
208 107
222 113
236 119
244 123
250 126
255 130
257 132
255 134
250 132
244 128
234 123
222 119
208 113
191 103
175 93
158 85
140 78
121 68
103 58
87 50
72 41
58 35
44 29
35 23
29 19
25 19
23 17
25 17
29 19
41 29
50 39
50 31
58 17
82 21
107 42
125 66
140 78
156 78
177 80
195 93
210 111
222 125
234 126
244 123
251 123
255 130
255 136
253 134
250 128
242 121
234 119
222 117
208 113
193 103
177 95
160 85
138 78
121 70
103 62
87 50
70 41
56 35
44 29
35 25
29 19
23 15
21 13
25 15
29 17
35 21
44 25
56 29
72 35
87 44
103 54
121 62
140 70
158 78
177 89
193 99
208 107
222 113
236 119
244 125
250 128
255 132
257 134
255 132
251 130
244 128
238 128
230 130
207 117
181 95
167 78
156 72
142 72
121 68
103 58
87 46
72 39
58 35
46 33
37 29
29 23
23 17
21 15
23 17
27 19
35 21
44 21
56 27
72 35
87 44
103 54
121 60
140 68
160 80
175 89
193 99
208 107
222 113
234 119
244 125
250 128
255 130
257 132
255 134
250 130
244 128
236 125
222 119
208 111
193 103
177 95
160 87
140 80
121 70
103 58
87 50
72 42
56 35
44 29
37 23
29 19
23 17
21 15
25 17
29 17
35 19
44 23
58 31
72 41
87 50
109 66
121 68
130 60
148 56
175 74
197 97
210 113
220 115
234 113
246 119
253 130
250 140
255 140
253 132
251 126
244 125
232 125
222 121
207 111
191 99
177 91
160 85
140 80
121 70
105 58
87 48
72 42
56 35
44 29
35 23
27 17
23 13
23 15
25 17
29 17
35 19
44 23
58 31
72 39
85 44
103 52
121 60
140 70
158 80
175 87
193 97
208 107
222 115
234 121
244 125
251 128
255 132
255 132
255 132
251 130
246 128
234 125
222 119
208 113
195 107
179 101
164 97
142 87
115 66
93 44
82 33
72 31
60 35
44 31
35 21
29 13
27 13
25 19
25 25
27 21
33 19
44 21
56 29
70 41
85 46
103 50
123 56
140 68
158 80
175 89
193 99
208 105
222 111
234 117
244 125
251 130
255 134
255 134
255 132
251 130
244 130
234 125
222 117
208 111
193 103
177 95
158 87
140 78
123 68
105 60
87 50
70 42
58 37
46 29
37 23
29 19
25 15
23 15
25 15
27 15
35 21
46 25
56 31
72 39
87 46
105 54
123 64
140 74
158 82
179 97
195 107
201 101
212 91
230 99
248 117
253 134
253 136
255 128
257 125
253 130
246 136
234 132
220 119
210 107
193 101
175 97
158 89
140 80
123 66
103 54
87 48
70 42
56 37
46 29
37 21
29 17
25 17
23 17
25 17
27 15
35 17
44 23
56 31
70 37
85 42
103 50
121 58
140 68
158 80
177 91
193 99
208 105
222 113
236 121
244 126
250 130
253 130
257 130
255 132
251 132
244 128
234 123
222 117
208 111
193 105
177 97
160 87
140 78
123 70
105 62
89 56
80 54
56 41
35 21
27 7
29 5
25 11
23 17
21 15
27 13
37 15
48 25
58 35
70 42
87 46
105 52
121 60
138 72
158 82
175 89
193 95
207 103
222 111
234 119
244 125
250 126
255 128
257 132
255 134
251 132
244 128
234 123
224 119
208 113
193 105
175 95
160 85
140 76
123 68
103 58
87 50
72 42
56 35
44 29
35 23
29 19
25 17
21 15
23 15
27 15
35 17
46 27
56 33
70 37
87 44
105 50
123 62
140 70
158 80
177 89
193 97
208 107
222 115
238 126
250 138
246 132
244 115
250 109
257 121
253 134
244 134
234 121
224 109
212 105
195 107
177 105
160 93
140 78
123 64
103 56
87 52
72 44
56 35
44 23
35 19
27 17
25 17
23 17
23 15
27 15
35 21
44 27
56 33
70 37
87 42
103 50
121 60
140 70
158 80
175 89
193 97
208 107
222 115
234 121
244 126
250 128
255 132
255 134
255 134
250 132
181 128
234 125
222 119
208 113
193 95
162 95
160 80
140 80
115 68
105 60
87 52
72 42
56 35
46 31
33 29
37 33
17 27
13 13
13 1
25 1
31 13
44 25
56 29
70 31
87 39
107 52
123 66
140 76
158 82
175 87
193 95
208 105
222 115
232 119
242 121
250 123
255 128
250 134
255 134
251 130
246 126
236 123
224 119
208 115
193 105
177 93
158 83
140 76
123 68
107 60
89 52
72 42
56 35
46 29
37 25
29 19
23 15
21 13
23 15
29 17
35 19
44 23
58 29
72 39
85 44
103 52
121 62
140 70
158 80
175 89
193 97
208 105
222 113
234 119
244 125
251 128
255 132
257 136
259 144
250 140
234 119
224 101
220 101
212 107
195 109
175 97
160 82
142 72
125 70
107 68
87 60
70 44
58 31
46 25
35 25
27 23
23 17
21 9
23 11
27 15
35 23
44 25
56 29
70 35
85 42
103 52
123 62
140 72
158 80
175 87
193 97
208 107
222 115
232 119
242 123
251 126
255 132
255 132
255 132
251 130
244 126
234 123
222 119
210 113
195 105
177 95
160 85
140 78
123 70
105 58
87 50
72 42
58 35
46 29
37 23
29 19
23 17
23 17
25 19
33 25
41 33
39 27
46 19
64 19
85 33
105 48
121 62
13 70
158 76
177 78
195 101
189 113
222 119
232 119
244 121
251 128
253 134
253 134
253 130
251 128
244 126
234 123
222 119
210 111
195 101
177 95
160 87
140 80
123 70
105 58
89 50
72 42
58 37
46 31
37 23
29 19
23 15
21 15
23 15
29 17
35 19
37 25
56 29
7 37
85 44
103 52
121 60
138 70
158 80
171 80
191 97
208 107
222 113
224 119
242 123
1 128
255 134
255 134
255 134
251 132
246 130
234 126
218 125
216 125
189 107
166 78
152 62
142 66
126 72
101 66
85 50
72 33
60 29
48 35
37 35
19 25
23 13
23 11
23 15
25 21
33 23
44 21
56 23
70 31
85 42
103 54
121 62
140 70
158 78
175 89
191 99
208 107
222 113
234 119
244 125
0 128
255 132
255 132
255 132
251 130
236 128
234 125
224 119
210 111
195 103
177 95
160 87
142 78
123 70
105 58
87 48
74 42
58 37
46 29
37 23
29 19
25 17
23 17
23 17
27 17
35 19
44 25
58 31
72 41
93 56
103 60
109 54
128 52
156 62
177 83
193 99
205 105
220 107
236 113
246 123
253 134
255 138
255 134
255 130
251 128
244 128
232 126
222 119
208 109
193 101
175 93
160 87
142 80
123 70
105 58
87 50
72 42
58 37
46 31
37 23
29 19
25 17
23 15
23 15
29 15
35 19
37 25
56 31
7 37
85 42
103 52
121 62
138 70
158 80
175 87
193 95
208 105
220 113
234 119
244 125
250 128
253 130
257 132
255 132
251 132
244 128
236 123
222 119
210 113
195 107
177 99
162 91
148 91
123 78
93 48
78 29
72 25
62 33
48 35
35 25
29 13
25 11
25 17
25 25
27 25
33 21
44 21
56 27
70 39
83 48
101 52
119 56
138 64
158 78
175 91
191 99
207 103
222 109
236 119
244 126
250 130
253 130
255 130
253 130
251 132
244 130
234 125
224 117
210 109
195 103
177 97
160 89
142 78
123 68
105 58
87 50
72 44
58 37
46 31
37 25
29 19
25 17
23 15
25 17
29 17
35 21
44 25
56 29
70 37
85 44
103 54
121 62
140 72
164 87
179 99
185 97
195 91
216 93
236 107
246 125
248 130
253 128
257 126
257 128
253 134
246 134
236 128
224 117
210 109
193 103
177 97
160 87
140 76
123 64
105 56
87 52
74 44
58 37
44 25
37 21
29 19
23 17
23 17
25 15
29 17
35 19
44 25
54 29
70 37
85 44
101 52
119 60
138 70
158 80
175 89
191 97
207 105
222 113
234 119
244 125
250 128
255 130
257 134
255 134
250 130
244 126
234 123
224 119
210 113
195 105
179 97
162 87
142 80
123 70
105 62
89 52
78 50
62 48
39 27
25 3
25 0
27 9
25 19
23 21
25 13
35 9
46 19
58 37
70 46
83 48
101 48
121 54
140 70
156 83
173 91
189 93
208 99
222 111
234 121
242 126
250 128
255 128
257 130
255 132
251 132
246 130
236 125
224 117
210 111
195 105
177 97
160 87
142 76
125 68
105 58
89 52
74 42
58 37
46 29
37 25
29 21
23 17
23 15
25 17
27 17
33 19
44 23
56 29
70 37
85 44
101 52
121 62
138 70
158 80
173 89
191 97
208 107
224 117
238 128
240 128
240 121
248 117
255 119
257 126
251 130
244 126
236 119
224 115
212 111
197 111
179 103
160 89
142 76
125 68
105 60
87 54
72 42
58 33
46 25
37 21
29 19
23 17
21 13
25 13
29 17
35 21
44 25
56 31
70 37
85 42
101 52
119 60
138 70
156 78
173 85
191 97
207 105
222 113
234 119
242 123
250 126
255 132
255 134
255 132
251 130
246 128
236 125
222 119
210 113
197 105
177 97
160 87
142 80
125 72
107 62
89 52
72 42
60 37
46 31
37 27
33 25
29 29
19 21
13 1
19 0
35 5
48 25
56 37
68 37
83 35
103 44
123 62
140 80
156 87
173 87
191 91
208 103
220 115
232 123
242 123
250 123
255 126
255 132
255 134
251 134
244 128
236 123
222 117
210 115
195 107
177 97
160 85
142 76
125 70
105 60
87 50
74 42
60 37
46 31
37 25
29 19
25 17
23 15
23 15
27 17
35 19
44 23
56 29
68 35
85 42
103 52
121 62
138 70
156 78
173 87
191 97
207 103
220 111
234 119
244 125
251 130
257 136
263 144
257 142
244 128
234 115
230 107
224 109
210 111
193 105
175 91
162 82
144 78
126 74
107 68
89 54
74 42
60 35
46 29
35 27
27 21
23 13
21 11
23 9
27 15
35 21
44 25
54 29
70 35
85 44
101 52
119 62
136 68
156 76
175 85
191 97
207 107
220 113
232 119
244 123
250 128
253 132
255 132
255 132
251 130
244 126
236 123
224 119
210 111
197 105
179 97
160 87
142 80
125 70
107 60
89 52
74 44
58 37
46 29
37 23
29 19
25 17
23 17
25 17
29 19
41 31
46 37
46 23
58 11
82 23
105 46
123 68
136 74
154 74
175 80
195 97
208 113
220 123
232 121
244 119
250 123
253 130
255 136
253 132
251 128
244 123
236 121
224 119
210 115
195 105
177 93
162 85
142 78
125 70
107 62
89 52
74 42
58 35
46 31
37 25
29 21
25 15
21 15
23 15
27 17
33 21
42 23
56 29
70 35
85 44
101 52
119 60
136 70
158 78
173 87
191 97
207 103
220 111
234 117
244 125
250 130
255 132
257 132
255 134
253 132
246 130
240 132
230 130
207 115
183 93
169 80
160 76
144 76
123 70
103 58
89 46
76 41
60 39
48 37
37 29
29 21
23 15
21 11
25 15
29 19
33 21
42 21
54 25
70 35
85 44
101 52
119 60
138 66
158 78
173 89
191 99
207 105
220 111
234 117
242 125
250 128
253 130
255 132
255 132
251 130
244 128
236 123
224 117
212 111
195 105
179 97
162 87
144 80
123 70
107 60
89 52
72 44
58 37
46 29
37 23
31 21
25 17
23 17
25 15
29 17
35 19
44 25
56 31
70 39
89 52
105 64
113 60
126 52
150 56
175 76
193 99
207 109
220 111
234 111
246 119
251 134
255 140
255 138
253 130
251 126
246 126
236 126
222 121
208 111
187 99
179 93
162 87
142 80
123 68
107 58
89 48
74 44
58 39
46 33
37 25
29 19
23 15
21 15
25 17
27 17
35 17
42 21
54 29
70 37
83 44
101 52
119 60
138 70
156 80
173 89
189 97
207 105
220 111
232 117
244 125
251 130
255 132
255 132
255 132
251 132
246 130
236 126
224 121
210 113
197 107
181 101
167 101
142 87
115 64
97 44
85 37
74 37
60 37
46 29
37 21
31 13
25 15
23 19
23 21
29 21
35 19
42 21
56 29
68 39
83 44
99 48
119 56
138 68
156 78
173 89
191 97
207 105
220 111
234 119
242 125
251 128
255 132
257 132
255 132
251 132
246 128
234 125
224 117
210 111
197 105
179 99
162 89
142 78
125 70
107 62
89 54
72 44
60 35
46 29
37 25
29 21
25 17
23 15
25 15
27 17
33 19
44 25
56 29
70 37
83 44
101 52
119 60
140 72
158 83
179 101
189 105
197 95
212 89
232 101
246 123
251 134
253 132
255 125
257 125
253 130
246 138
236 132
224 121
210 109
195 103
179 99
160 91
140 78
125 66
107 54
87 48
74 46
60 39
46 31
37 23
29 17
25 17
23 19
25 17
27 17
33 17
42 21
54 27
70 37
83 44
101 50
119 58
136 70
156 80
173 89
191 97
207 105
220 111
232 119
242 125
250 126
253 130
257 132
255 134
251 132
246 128
236 125
224 119
210 113
195 105
179 97
162 87
144 80
126 70
109 64
95 60
78 54
54 37
37 17
31 5
29 7
27 15
23 17
21 13
27 11
37 15
46 27
56 39
68 42
83 44
101 48
119 60
136 70
154 80
171 85
189 91
205 99
220 109
234 119
244 125
250 128
253 130
257 130
255 132
251 132
246 128
236 125
224 117
210 113
195 105
177 97
162 87
144 78
125 70
107 60
89 52
74 42
60 37
46 29
37 23
29 21
25 17
23 15
23 15
27 17
35 21
42 23
54 29
68 35
85 44
101 52
119 62
136 68
156 78
175 89
191 99
207 107
220 113
238 126
246 136
242 126
242 111
251 109
257 123
253 136
244 132
234 121
226 111
214 111
197 111
179 105
160 91
142 74
126 66
107 62
87 56
72 44
60 33
46 25
37 21
31 21
25 19
23 15
23 13
29 15
35 21
42 27
54 31
68 35
83 41
99 48
119 60
136 70
156 78
173 85
189 95
205 103
220 113
234 121
242 125
250 126
255 130
257 134
255 134
251 132
246 128
236 123
224 119
212 113
197 107
179 97
162 89
144 80
125 72
107 62
91 54
74 44
60 37
48 31
41 29
35 31
23 23
13 7
15 0
25 1
35 13
42 25
52 27
68 31
85 39
103 52
119 66
11 76
156 80
173 87
189 95
205 97
220 115
224 119
242 121
0 125
253 128
255 125
255 125
251 128
173 125
234 125
218 123
210 115
195 107
179 95
162 80
144 80
125 72
107 60
89 50
74 42
60 35
46 29
39 23
31 19
17 17
21 15
15 13
29 17
35 21
35 25
54 29
68 35
83 42
101 50
119 60
136 70
156 78
173 87
189 97
207 105
220 115
234 121
242 126
0 128
255 134
259 138
261 148
248 136
234 113
220 101
224 105
214 115
197 113
177 97
162 82
146 74
126 72
109 70
91 60
74 44
58 31
46 27
37 27
29 23
25 17
23 11
23 11
27 15
33 21
42 25
54 29
68 33
83 42
101 52
119 62
136 70
156 78
173 87
189 95
205 105
220 111
232 115
242 123
250 128
255 132
257 134
255 132
251 130
246 128
238 126
224 121
210 113
195 105
179 97
162 89
142 80
125 70
109 60
91 52
74 42
60 37
48 33
39 27
29 21
25 17
23 15
27 17
35 29
35 31
33 21
44 13
64 17
85 35
101 50
117 60
136 64
156 72
175 85
193 101
207 113
220 115
232 117
242 121
250 128
253 134
255 134
253 130
251 126
246 125
236 123
226 119
212 113
197 105
179 97
162 89
142 80
126 72
109 62
91 54
74 44
60 37
46 29
39 27
29 21
23 17
23 15
25 15
27 17
33 19
42 23
54 29
68 35
83 42
99 50
117 58
138 68
156 80
171 87
191 95
207 105
220 113
232 119
242 125
250 128
253 132
255 132
255 132
251 132
246 130
236 126
230 130
212 123
187 97
169 74
160 68
146 74
128 78
107 66
89 48
76 37
62 37
48 39
39 35
29 23
25 13
23 11
23 17
25 21
33 21
42 19
54 23
68 33
83 44
101 52
119 60
136 68
154 76
171 87
189 99
207 107
220 113
232 117
242 123
250 128
255 132
255 134
255 132
251 130
246 126
236 125
224 121
212 115
197 107
179 97
162 89
144 80
126 72
109 62
91 52
74 44
60 37
48 31
37 25
31 21
25 17
23 17
25 17
29 17
35 19
44 25
54 31
72 42
87 52
95 54
107 48
128 50
154 64
173 83
189 97
205 103
220 107
234 115
244 126
251 136
253 136
255 130
255 130
253 132
246 132
234 126
224 117
212 109
197 103
179 97
162 89
144 80
126 70
107 60
89 52
76 46
60 39
48 31
37 23
31 19
25 17
23 17
23 15
27 15
33 17
42 21
52 27
68 35
83 42
101 52
119 60
136 68
156 78
173 87
191 97
205 105
218 111
232 117
242 125
251 130
253 132
257 132
255 134
253 132
246 130
236 125
226 119
212 113
197 105
179 97
166 95
150 91
123 74
95 46
83 29
76 33
64 39
48 37
35 23
29 11
27 11
25 21
25 25
25 23
33 17
42 17
54 27
3 37
82 46
99 50
109 54
7 64
154 76
171 89
189 95
203 93
220 109
224 119
242 126
0 130
253 130
255 130
255 132
251 132
246 130
236 125
226 119
212 111
197 105
179 99
162 89
144 80
125 70
107 60
91 52
76 44
60 37
46 29
37 23
29 19
25 17
23 17
23 17
27 15
33 19
42 25
54 29
68 37
83 44
101 52
117 60
138 72
162 89
173 97
179 91
195 87
216 95
234 111
242 125
248 130
253 126
257 126
259 132
253 138
246 134
238 126
226 119
212 113
195 107
179 99
164 89
144 78
125 68
107 58
91 52
76 44
60 37
46 27
37 23
31 19
25 17
23 15
23 13
27 15
33 19
42 25
54 29
66 33
83 41
99 50
119 60
136 70
154 80
171 89
189 97
205 105
220 113
232 119
242 125
250 128
253 130
257 132
255 134
251 130
246 128
238 125
226 121
212 113
197 105
181 99
164 89
144 80
126 70
109 62
95 56
82 58
58 46
37 19
29 0
29 1
29 15
25 21
21 17
27 7
35 9
44 25
56 39
66 46
82 44
99 46
117 54
136 70
154 82
171 87
187 89
205 99
220 111
232 121
242 125
250 128
255 130
255 132
255 134
251 134
246 128
238 125
226 119
212 113
195 105
179 97
164 87
146 80
126 70
107 62
91 52
76 44
60 37
48 29
39 25
29 21
23 15
21 13
25 13
29 17
35 21
42 25
54 29
68 37
83 44
101 52
117 62
136 70
154 78
171 87
189 97
207 107
226 121
236 128
234 123
238 115
250 115
257 123
255 130
250 130
246 125
238 121
228 119
214 117
199 111
181 103
164 89
144 80
126 70
107 64
89 54
74 42
58 33
48 27
39 25
31 21
25 19
23 15
25 13
29 17
33 21
42 25
54 29
66 33
83 42
99 52
119 62
136 68
154 78
171 85
189 97
205 105
220 113
232 119
242 123
250 126
253 132
255 132
255 132
251 130
246 128
238 125
224 121
212 113
197 105
181 97
162 89
144 78
126 70
109 62
93 54
76 46
60 41
48 33
39 27
35 31
27 31
15 13
11 0
21 0
35 9
46 27
54 35
66 33
83 33
103 46
121 66
136 80
154 83
171 83
189 91
205 101
218 113
232 121
242 121
250 123
253 126
255 132
255 134
253 132
248 126
238 123
226 119
212 115
197 107
179 97
162 87
146 80
126 72
109 62
91 52
74 41
60 35
48 31
37 25
29 19
25 15
25 15
23 17
27 19
33 19
42 23
54 29
68 37
82 42
99 50
119 60
136 68
154 78
171 87
189 97
205 105
220 113
232 119
242 126
251 132
257 138
261 144
253 140
242 123
238 111
236 111
228 115
212 115
195 105
179 93
166 83
148 82
128 78
109 70
91 54
74 41
60 35
48 33
37 27
29 19
25 13
23 11
23 15
27 17
33 19
42 25
54 27
68 35
82 41
99 52
117 60
134 70
154 78
171 85
189 97
205 105
218 113
232 117
242 123
250 126
255 130
255 132
255 132
253 130
246 130
236 126
226 121
212 113
197 107
181 99
164 89
146 80
126 68
109 58
91 52
76 44
62 39
48 31
39 25
31 21
27 19
23 17
23 17
29 21
39 33
39 29
42 15
58 11
82 25
103 50
119 66
132 68
152 70
173 80
191 99
205 113
216 117
232 117
242 119
250 126
253 132
255 136
255 132
251 126
246 125
236 125
226 123
212 115
197 105
181 97
164 87
146 82
126 72
109 62
91 52
76 42
62 37
48 33
37 25
31 19
25 15
23 17
25 17
27 19
33 19
42 23
54 27
66 35
83 42
99 50
117 58
134 68
154 78
171 87
189 95
205 103
218 111
234 119
242 125
250 128
253 132
257 134
257 134
253 134
248 132
244 134
228 128
205 113
187 91
177 82
166 80
148 80
126 72
107 58
91 46
78 42
64 42
48 39
39 29
31 19
25 15
23 15
23 17
25 17
33 17
41 19
54 25
66 33
82 42
99 48
117 58
134 66
156 78
171 89
189 99
205 105
218 111
232 119
242 125
248 128
3 130
255 130
255 125
253 132
183 130
238 126
226 119
214 115
197 107
181 99
164 91
146 80
126 70
107 60
91 52
76 44
62 39
48 31
37 25
31 19
25 17
23 17
23 17
27 19
33 21
42 23
54 29
68 37
87 52
101 62
109 54
125 46
150 58
173 83
189 101
203 107
218 107
234 111
244 123
250 134
253 140
255 136
255 130
251 128
246 128
236 128
224 121
212 109
197 101
181 95
164 91
146 82
126 70
109 58
93 52
76 46
60 39
48 31
39 23
31 17
25 17
23 17
23 17
27 15
33 15
41 21
54 29
68 37
82 42
99 48
117 58
136 68
154 80
171 87
187 95
205 93
220 111
224 119
240 123
248 126
3 130
250 132
255 134
251 130
240 128
240 126
220 123
212 115
199 109
187 105
169 103
125 83
115 60
101 44
91 41
78 41
60 37
46 27
39 19
33 17
27 19
23 21
23 21
27 17
33 17
42 23
52 29
66 37
82 41
99 48
117 56
134 66
154 78
171 85
189 93
205 103
218 113
232 119
240 125
250 128
253 130
255 132
255 132
251 130
248 128
238 125
226 119
212 113
199 107
181 99
164 89
144 78
126 68
111 62
93 54
76 46
60 37
48 29
39 25
33 23
25 19
23 15
23 15
27 15
33 19
42 23
54 29
68 37
82 42
99 50
117 60
136 70
158 85
175 99
181 95
193 83
212 87
234 109
244 128
248 134
251 128
257 125
259 130
255 138
248 140
238 130
218 119
212 109
197 105
181 103
162 93
144 78
126 66
109 58
91 52
76 46
62 37
50 29
39 23
31 19
25 19
25 19
23 17
27 17
33 17
42 23
54 31
66 37
82 42
97 48
117 58
134 68
154 78
169 87
189 95
205 103
218 111
230 119
242 123
250 128
255 130
255 134
255 132
251 130
248 128
238 126
218 121
214 115
199 107
183 99
164 89
146 82
130 74
113 68
99 66
76 50
52 33
31 15
35 9
33 13
27 17
21 15
15 11
29 11
35 19
44 29
52 35
66 37
82 41
99 50
117 60
132 70
152 78
169 83
189 93
205 101
216 111
230 117
242 121
250 126
253 130
255 132
255 134
253 132
246 128
236 125
224 117
212 113
199 107
181 99
164 87
146 78
128 70
111 62
91 56
76 46
62 37
48 31
39 27
29 21
25 19
23 15
23 15
27 15
33 19
42 25
52 29
66 35
82 42
99 50
117 60
134 70
154 78
171 87
189 97
205 105
220 115
238 130
240 132
238 117
244 107
255 115
259 130
253 136
244 130
236 119
228 113
216 115
201 115
181 107
164 89
146 76
128 68
109 64
91 56
76 44
60 33
48 25
37 23
29 21
27 19
23 17
23 15
25 15
33 19
42 25
52 29
66 33
82 41
99 48
115 58
132 68
152 76
171 85
187 95
203 105
218 113
232 117
242 123
248 126
253 130
257 134
257 132
251 130
246 126
238 123
228 121
214 115
197 107
181 97
166 89
146 82
128 72
109 64
93 54
78 44
62 39
50 35
42 33
35 33
19 17
11 1
17 0
27 5
35 15
41 25
52 27
66 31
83 39
101 52
117 66
134 74
152 78
171 83
187 95
201 103
216 111
230 117
242 121
248 125
253 128
257 132
255 134
253 132
246 128
238 125
228 121
212 115
199 105
181 97
166 89
146 82
126 72
109 62
93 52
76 44
62 39
48 31
39 25
31 19
25 17
23 15
21 15
27 17
33 19
41 23
52 29
66 35
82 42
99 50
115 60
132 66
152 74
171 85
189 97
205 105
218 111
232 119
242 125
250 130
255 134
261 142
257 146
244 126
234 107
234 103
230 113
216 119
197 109
179 93
166 82
150 80
128 80
109 72
91 58
76 42
62 33
48 29
39 27
31 23
25 15
23 9
23 11
27 17
33 21
41 25
52 25
66 33
82 42
97 50
115 60
134 68
154 76
169 85
187 95
203 103
218 111
230 117
242 123
248 126
255 130
255 132
255 130
251 130
248 128
238 126
226 121
212 115
199 107
183 99
166 91
146 82
126 70
111 62
93 52
76 44
62 37
48 31
39 25
31 21
27 17
23 17
27 21
33 29
29 25
29 11
42 9
66 21
83 39
99 52
113 58
134 62
156 74
173 87
187 103
203 109
218 113
232 117
240 123
248 130
253 132
255 132
255 128
251 126
246 126
238 125
226 121
214 113
199 105
181 97
164 89
148 82
128 72
111 62
93 52
76 44
62 39
48 31
39 25
31 19
25 15
21 13
23 15
29 17
33 21
41 23
54 27
66 37
82 44
97 52
115 60
134 68
152 78
169 85
185 93
205 103
220 113
230 119
240 123
250 128
255 132
257 134
255 134
253 132
248 130
242 130
232 134
208 119
187 89
175 74
166 76
150 82
128 80
109 62
91 46
80 41
64 42
50 41
37 31
31 19
27 13
23 15
23 19
25 21
33 19
41 19
52 25
66 35
80 42
97 50
117 56
134 66
152 78
169 87
187 95
205 103
218 111
230 117
240 123
248 128
253 130
255 130
255 130
253 130
248 130
238 128
226 119
214 113
199 107
183 99
166 89
146 80
128 70
111 62
91 52
76 44
64 37
50 31
39 25
31 21
25 17
23 15
25 17
27 17
33 19
41 23
54 31
74 44
83 52
89 48
105 44
128 52
154 68
171 85
185 95
203 99
218 105
232 117
244 128
250 134
253 134
255 132
255 130
251 132
246 132
236 126
226 117
214 111
199 105
181 99
164 89
146 78
130 70
111 64
93 56
76 46
62 39
50 31
39 25
31 21
25 17
23 15
23 13
25 15
33 17
42 23
52 29
66 35
82 41
99 48
115 60
132 70
152 76
169 85
187 93
203 101
216 109
230 117
242 125
250 128
253 130
255 132
257 134
253 132
248 132
238 126
226 121
214 115
201 109
185 101
171 103
148 91
119 64
99 39
89 33
80 39
64 42
48 33
37 19
33 13
29 19
25 25
23 25
25 19
33 15
41 19
52 29
64 37
80 42
97 44
115 54
132 64
152 76
169 87
187 93
203 101
216 109
230 119
240 125
248 128
253 128
257 130
255 134
251 132
246 128
238 125
228 119
214 115
199 107
181 99
166 89
146 82
128 72
109 62
91 52
76 44
62 39
48 33
39 25
31 21
25 19
23 15
23 15
27 15
31 19
41 25
52 31
64 35
82 42
99 50
117 62
138 76
158 89
164 89
175 83
195 83
216 97
232 115
240 125
246 125
251 123
259 128
259 136
253 140
248 134
238 125
228 117
214 113
197 107
181 99
166 89
146 78
128 68
111 62
93 54
78 46
62 37
48 29
39 25
31 21
25 19
23 17
23 15
27 15
33 17
41 23
52 27
66 33
82 39
99 48
115 58
132 66
152 74
169 83
189 95
203 103
216 111
230 115
242 123
250 128
253 132
257 132
257 134
253 132
246 128
238 125
228 121
214 115
199 107
183 99
166 91
148 82
128 74
111 64
95 58
82 58
54 37
37 11
33 1
33 9
29 21
21 21
21 13
27 7
35 15
42 29
52 37
64 39
80 39
97 44
115 56
132 70
150 78
169 82
187 89
203 99
216 111
230 119
240 125
248 125
253 126
257 132
257 136
251 134
246 128
238 123
228 121
214 115
199 107
183 97
166 87
146 80
128 72
111 62
93 54
78 44
62 37
48 31
39 25
33 21
27 17
23 15
23 13
27 15
31 17
41 21
52 27
66 33
82 41
97 48
115 58
134 68
154 80
169 87
187 97
205 107
226 123
230 125
230 117
238 111
251 115
257 126
255 132
251 130
248 123
240 121
230 121
214 119
197 113
183 101
167 89
148 80
128 74
109 64
93 52
68 42
62 33
48 29
39 25
31 21
25 17
23 13
23 15
27 17
33 19
41 23
50 25
66 33
82 41
97 50
115 58
7 66
152 76
169 83
187 95
203 103
218 111
222 117
240 123
0 128
253 130
255 125
255 132
251 130
248 128
238 125
218 121
214 115
199 107
183 99
166 91
148 82
128 72
111 62
95 54
78 46
62 39
50 33
35 29
39 33
25 25
9 0
13 0
27 0
37 17
41 29
50 31
64 27
83 33
99 50
115 68
132 78
150 78
169 80
185 89
203 105
216 115
228 119
240 119
248 121
253 128
255 132
257 134
253 132
248 128
238 125
228 121
214 115
199 109
183 99
166 89
148 80
125 64
111 62
93 52
78 44
64 39
46 31
31 25
33 19
19 15
23 15
23 15
25 17
33 19
33 21
52 27
1 33
80 35
97 50
115 58
7 68
152 76
167 85
187 95
203 105
216 113
230 119
240 125
0 130
251 140
259 140
248 130
244 117
244 111
240 115
220 117
214 115
199 105
183 93
167 87
150 83
130 80
111 68
93 54
76 42
64 37
50 33
31 27
29 19
25 13
23 11
23 13
25 17
31 19
33 23
52 27
66 35
80 42
95 50
115 56
9 62
152 76
169 85
185 95
203 103
216 111
230 117
240 123
0 126
253 130
255 125
255 132
253 130
240 128
238 125
220 119
210 113
201 107
183 99
166 91
146 82
128 70
111 64
95 54
76 44
64 39
46 33
33 27
31 23
27 19
23 19
23 17
31 25
35 31
33 19
41 7
60 11
82 33
101 54
115 64
130 64
152 68
171 82
189 101
203 113
216 115
228 113
240 117
248 126
253 134
255 134
255 130
251 126
248 126
238 126
228 123
214 115
199 103
183 95
166 89
148 83
128 76
111 64
93 50
78 42
64 39
48 33
39 25
31 19
27 15
23 15
23 17
25 17
31 17
41 21
52 27
64 35
80 42
97 48
115 58
132 68
150 76
167 85
187 95
203 103
216 109
230 117
242 123
250 128
253 130
257 132
257 134
255 134
250 136
246 138
224 125
205 105
191 89
181 83
169 85
148 83
126 72
111 58
95 48
82 46
64 44
50 37
39 27
31 19
25 17
21 17
21 17
25 15
31 15
41 19
52 25
64 35
80 42
97 48
115 56
132 66
150 76
167 85
187 95
203 101
216 109
230 117
240 123
248 128
251 128
255 130
255 130
253 132
248 128
238 125
228 119
214 115
199 107
183 99
166 91
148 82
128 72
111 62
95 54
80 46
62 39
48 31
41 25
33 21
27 19
23 17
23 15
27 17
33 21
41 25
50 29
68 39
85 54
93 52
101 42
125 42
152 62
171 87
187 101
201 101
216 101
232 111
242 125
248 136
253 136
255 130
257 128
253 130
246 134
238 130
226 121
214 111
199 103
183 99
166 91
148 82
128 70
111 60
95 52
78 46
64 41
48 31
41 23
33 19
25 17
23 17
23 15
27 15
33 17
41 21
50 25
66 35
82 42
97 50
113 56
132 66
152 78
167 85
185 93
203 101
218 109
230 119
240 125
248 126
253 128
257 132
255 134
251 132
248 130
240 126
228 121
216 115
201 109
191 109
167 99
138 76
119 56
109 48
95 46
80 46
60 37
48 27
41 19
35 19
27 23
23 21
23 17
27 15
33 17
39 23
50 29
64 35
80 39
95 44
113 54
130 64
152 78
169 85
185 93
201 99
218 111
230 121
240 125
248 126
253 128
257 132
255 134
251 132
248 128
238 125
228 119
214 113
201 107
185 101
167 91
148 80
130 70
111 62
95 54
78 46
62 39
50 31
41 25
31 21
25 15
23 15
25 15
27 17
31 19
41 23
52 27
66 35
80 41
97 50
115 60
132 70
156 87
169 95
175 83
191 80
216 91
234 113
240 130
246 130
251 123
257 125
259 134
255 142
248 138
238 126
220 117
210 111
199 109
183 103
166 91
146 76
130 66
111 60
95 56
78 48
62 37
50 29
41 25
31 21
17 21
23 17
23 13
25 13
29 15
41 21
52 31
64 37
78 41
95 48
115 56
7 70
150 78
132 85
185 91
203 101
216 111
228 119
234 123
248 126
3 128
255 125
255 132
253 132
248 130
240 125
220 119
210 115
201 107
183 99
167 91
150 83
132 74
117 70
99 66
64 48
52 27
42 15
41 13
33 19
17 19
21 11
23 9
29 13
33 21
33 29
52 33
64 35
80 39
95 48
113 60
130 68
140 74
166 80
185 89
203 103
216 113
230 117
240 121
0 126
253 130
255 134
255 134
253 130
248 128
238 125
218 121
216 115
201 107
183 99
166 89
148 80
130 72
113 64
95 54
76 44
62 37
50 29
41 25
33 23
25 19
23 17
23 15
27 17
31 19
33 23
50 27
64 33
80 39
95 48
113 58
132 68
150 76
167 85
187 95
203 105
220 117
232 128
232 121
236 107
248 107
257 121
257 134
253 138
246 126
240 119
230 117
218 121
201 119
183 105
166 87
148 78
130 72
111 66
93 56
78 42
64 33
50 29
39 25
31 23
27 17
23 15
23 13
25 17
31 19
39 23
52 27
64 33
80 41
95 48
115 56
132 66
150 74
167 83
185 93
203 103
216 109
228 117
240 123
248 128
253 130
255 132
255 132
253 132
248 130
238 125
228 121
216 115
199 107
183 97
167 89
152 83
130 76
113 66
95 56
80 48
66 42
54 39
46 39
29 27
15 9
13 0
19 0
27 9
33 19
39 21
50 23
66 29
82 42
97 56
115 66
130 70
150 72
169 82
185 97
201 105
214 109
228 113
240 117
248 125
253 130
255 132
257 132
253 130
248 128
238 126
228 121
216 115
201 107
185 99
166 89
148 83
130 74
113 64
95 52
78 44
64 37
50 31
41 25
33 21
27 17
23 15
23 15
27 17
33 19
41 23
50 27
64 33
80 41
95 48
113 58
130 66
150 76
167 83
185 95
201 103
216 111
230 117
242 123
248 128
255 134
261 144
253 138
242 119
238 105
240 111
232 123
216 123
199 109
183 91
169 85
152 85
130 83
111 70
95 54
80 41
64 37
48 33
39 27
31 19
25 13
23 11
21 13
27 17
31 19
41 19
50 23
66 33
80 42
95 50
113 58
130 64
150 74
167 85
183 95
201 103
216 109
228 115
240 121
248 126
255 130
257 134
257 134
253 132
248 128
240 126
228 123
214 115
201 107
185 99
167 91
148 82
130 72
113 64
95 54
78 46
64 39
50 33
41 27
33 23
27 21
23 19
29 23
29 27
23 17
29 9
44 9
66 23
82 39
93 48
111 52
132 58
154 74
169 89
185 101
201 105
214 107
230 115
240 123
246 128
251 130
255 130
255 130
253 130
248 128
240 126
228 121
216 113
201 105
185 101
167 93
150 83
130 72
113 62
95 52
78 44
64 39
50 31
41 25
33 21
27 17
23 17
23 15
25 17
31 19
39 21
50 27
64 33
80 41
95 48
113 56
130 66
148 76
167 83
185 95
201 103
216 109
228 117
240 123
248 126
255 130
257 134
255 136
253 134
250 130
246 136
230 132
205 109
189 83
181 78
169 83
152 87
128 76
111 58
97 46
82 44
66 46
52 42
41 31
33 17
25 13
21 15
21 17
25 17
31 15
41 17
50 25
64 35
78 42
95 48
113 54
132 66
150 76
166 85
185 93
201 101
216 109
230 117
238 123
248 126
253 130
255 130
255 132
253 132
250 130
240 126
228 121
214 113
201 105
185 101
167 93
148 83
130 72
115 62
95 54
78 46
64 39
50 31
41 25
33 21
25 17
23 17
23 15
27 17
31 17
41 23
54 33
70 44
76 46
83 31
105 39
130 52
142 70
167 85
183 91
201 97
216 105
232 119
242 128
248 132
3 132
255 130
