1000000 10000000 209715 10
35 31
0 3
9 3
80 27
173 74
251 121
285 150
263 148
197 117
111 72
33 27
0 1
9 1
80 27
173 74
251 121
283 148
263 146
197 117
111 70
33 27
0 3
11 3
80 31
173 76
253 121
285 150
263 150
199 121
115 78
41 39
0 7
0 0
70 9
171 58
255 115
285 150
261 146
197 111
113 68
37 31
0 11
9 9
78 31
173 72
251 119
283 150
261 150
197 117
111 70
33 25
0 0
9 1
80 29
173 74
251 119
285 148
263 148
197 117
113 74
35 31
0 3
9 1
80 29
173 72
253 121
285 150
263 148
197 117
113 72
35 29
0 1
9 1
78 27
173 74
251 121
285 150
261 148
199 117
113 72
35 31
0 3
9 1
80 27
173 74
251 123
285 148
263 148
199 119
113 72
33 29
0 3
13 5
85 41
46 82
240 109
17 125
263 130
201 117
111 78
33 31
0 0
11 0
80 29
173 83
251 128
285 150
263 142
197 113
111 66
33 33
0 1
0 0
78 21
48 62
1 121
285 150
261 146
199 115
115 74
35 31
0 3
1 1
80 27
173 72
250 119
283 150
263 148
199 117
113 72
33 27
0 1
9 1
78 27
173 72
251 119
285 148
263 146
199 117
113 72
35 31
0 3
9 1
78 29
173 74
251 121
285 150
263 146
199 117
113 72
35 29
0 3
9 1
80 29
177 80
255 130
279 150
253 136
193 103
113 62
35 25
0 1
7 0
80 23
175 72
253 123
285 154
263 152
199 119
113 72
33 29
0 3
9 1
78 27
171 70
251 117
283 148
265 148
199 119
113 74
35 29
0 1
9 1
78 29
171 74
250 119
283 148
263 148
201 119
115 74
35 29
0 1
9 0
78 27
171 74
250 121
283 148
265 148
201 121
113 76
35 31
0 1
9 0
78 27
171 72
251 121
285 150
263 148
199 119
113 74
37 31
0 3
9 1
78 29
173 74
1 123
285 152
267 154
205 130
111 78
23 15
0 0
7 0
80 27
171 80
250 121
283 140
265 140
203 121
115 83
35 37
0 0
9 0
78 25
169 76
248 125
283 148
263 142
201 115
113 74
35 33
0 3
9 0
78 25
169 72
250 119
285 150
265 148
199 117
113 72
35 29
0 3
9 1
76 25
171 72
251 119
285 148
263 148
201 117
115 74
35 31
0 3
0 0
78 25
46 64
0 121
283 148
263 148
201 119
115 72
37 29
0 3
1 1
76 29
171 72
250 119
285 150
265 150
203 123
119 82
39 39
0 1
0 0
70 9
171 62
251 119
283 150
261 144
201 111
117 70
39 35
0 11
7 7
76 27
169 70
250 119
285 152
263 150
199 117
115 70
37 27
0 1
7 1
76 27
171 70
251 117
285 148
265 150
201 121
115 74
37 29
0 3
9 3
76 29
169 72
250 119
285 148
263 148
201 119
115 74
37 29
0 1
9 1
76 29
171 72
250 119
285 148
263 146
201 119
115 72
39 31
0 3
7 0
76 27
171 74
251 121
285 150
265 148
201 119
117 76
37 33
0 5
13 9
80 41
164 70
234 99
21 125
267 138
203 125
115 80
35 27
0 0
11 0
78 35
169 83
250 123
285 144
265 142
199 119
115 78
35 33
0 0
7 0
74 21
169 72
250 123
285 150
263 146
201 117
117 74
37 33
0 5
7 1
76 27
169 70
250 119
283 148
265 148
201 117
115 72
37 29
0 3
7 1
76 27
169 70
250 119
285 150
265 150
201 121
115 76
37 31
0 3
7 1
74 27
169 70
250 117
285 148
265 148
201 119
117 74
39 31
0 3
9 3
78 31
177 83
248 126
275 142
255 132
201 105
117 68
37 31
0 1
7 0
76 21
171 72
251 125
285 156
265 152
203 119
117 74
37 31
0 5
7 0
74 23
167 68
248 115
283 148
265 148
203 119
117 74
37 31
0 3
7 1
74 27
169 72
250 119
285 148
265 148
201 119
117 72
39 31
0 3
7 1
76 27
169 70
250 119
283 148
265 148
201 119
117 74
37 31
0 1
9 1
76 29
169 72
248 117
285 148
265 150
203 121
115 74
39 31
0 1
9 0
74 27
167 72
250 119
285 150
271 158
203 130
107 68
27 9
0 0
9 0
76 31
167 76
248 115
285 140
267 144
205 126
117 85
37 35
0 0
7 0
11 25
41 74
248 119
33 144
265 140
203 117
117 78
37 35
0 3
0 0
74 25
167 72
248 121
35 150
265 148
203 119
115 72
39 31
0 3
0 1
72 25
164 70
250 119
285 150
265 150
203 121
119 74
39 31
0 1
7 0
74 25
167 68
250 119
281 150
265 150
203 121
119 76
37 31
0 1
7 1
74 29
167 72
248 119
285 150
267 150
207 126
125 87
37 37
0 0
0 0
72 13
169 66
248 119
283 146
265 142
205 115
119 78
41 39
0 11
7 3
72 23
167 70
248 121
283 152
263 148
203 117
117 70
37 29
0 1
7 0
76 25
167 70
248 117
283 148
267 150
203 123
117 76
37 31
0 1
7 0
74 27
167 70
248 117
283 146
265 148
203 121
117 76
37 31
0 1
7 0
74 27
166 70
248 119
285 148
265 148
203 119
119 76
39 33
0 3
5 0
72 25
167 70
248 119
283 150
265 150
205 121
119 76
39 33
0 5
13 11
74 35
158 62
238 95
281 128
269 144
205 126
115 78
37 25
0 0
9 1
74 35
166 80
246 119
285 142
265 144
203 123
117 78
37 31
0 0
5 0
72 21
167 72
248 121
283 148
265 146
205 119
119 78
39 37
0 5
5 0
72 23
167 70
248 119
283 148
265 146
205 119
119 76
39 35
0 3
5 0
74 23
167 70
248 119
283 150
267 150
205 121
119 76
39 33
0 3
5 0
72 25
166 70
248 119
285 150
267 150
205 121
119 76
39 33
0 5
7 3
76 33
171 82
244 123
273 138
259 130
205 107
121 74
39 33
0 0
5 0
74 19
169 72
250 126
283 154
267 150
205 119
119 76
39 33
0 3
5 0
72 21
166 66
246 117
283 150
267 150
205 119
119 74
41 31
0 3
7 1
72 27
166 70
248 117
285 148
267 150
203 121
119 76
41 31
0 3
5 0
72 25
166 70
248 117
285 148
267 148
205 121
119 76
41 35
0 5
5 1
72 25
166 72
248 119
283 148
267 148
205 121
119 76
39 31
0 3
7 3
72 27
166 70
248 119
287 152
273 162
201 126
107 62
31 7
0 0
9 0
74 31
164 70
248 111
285 142
269 152
207 130
119 85
39 33
0 0
5 0
70 27
166 72
246 117
283 144
267 144
205 121
121 80
39 35
0 1
5 0
70 23
166 70
248 121
283 148
265 146
205 119
121 78
39 35
0 3
5 0
72 23
166 68
246 117
283 146
267 148
205 121
119 76
41 33
0 5
5 1
70 25
166 68
246 117
283 148
265 146
205 119
121 76
41 35
0 5
5 1
72 25
166 70
246 119
283 150
269 152
210 128
125 87
33 33
0 0
0 0
72 13
166 66
246 117
283 144
267 144
208 119
121 80
41 39
0 9
5 1
70 25
164 68
246 119
283 150
265 148
205 119
121 74
41 33
0 3
5 1
70 25
166 68
246 117
283 148
267 148
205 121
121 76
41 33
0 3
5 0
70 25
166 68
246 117
285 148
267 150
207 121
121 76
41 31
0 1
7 0
70 25
164 70
246 115
285 148
267 150
205 123
121 78
41 31
0 3
5 0
70 25
164 70
248 117
283 148
267 150
207 121
123 78
41 35
0 9
9 11
66 27
152 52
238 93
285 134
271 152
207 128
119 78
41 25
0 0
9 1
72 35
164 76
244 115
283 142
267 148
207 125
119 82
39 33
0 0
5 0
70 23
164 70
246 119
283 146
267 146
207 121
121 80
41 37
0 3
3 0
70 21
164 70
246 119
283 148
267 146
207 119
123 78
41 35
0 5
5 0
70 23
164 68
246 117
283 146
267 148
207 121
123 78
41 35
0 5
5 1
70 25
164 68
246 117
285 148
267 150
207 121
121 76
42 35
0 5
7 3
76 33
166 78
238 113
273 132
263 132
208 113
123 78
41 35
0 1
5 0
72 21
164 72
246 123
283 152
267 148
207 119
121 78
39 35
0 3
3 0
70 21
162 66
244 115
283 148
269 150
207 121
121 76
41 33
0 5
5 1
70 25
162 68
244 115
283 146
267 150
203 123
121 78
41 31
0 3
5 1
68 25
162 68
246 115
35 146
267 150
203 123
121 78
42 33
0 3
5 0
62 25
164 68
244 115
285 146
269 150
208 123
121 78
42 33
0 3
5 1
70 25
164 70
244 117
287 154
273 162
201 123
109 58
37 11
0 0
7 3
68 29
160 64
246 107
287 144
271 156
207 130
121 82
42 31
0 1
3 0
66 27
162 70
246 115
283 144
267 146
208 123
123 80
42 35
0 1
5 0
68 23
162 68
244 117
285 146
269 148
207 123
123 78
41 35
0 3
3 0
68 21
162 66
246 115
285 148
267 150
207 121
123 78
44 35
0 7
3 1
68 23
162 68
244 117
283 148
267 148
207 121
123 78
42 35
0 5
3 1
70 25
164 68
246 117
283 150
269 152
216 132
125 87
33 31
0 0
0 0
72 15
164 68
242 115
281 142
269 144
210 123
125 83
42 41
0 7
3 0
68 21
160 66
244 117
283 148
267 148
207 117
123 76
42 35
0 7
3 1
66 21
162 66
244 115
283 150
267 150
208 121
123 76
42 33
0 5
3 1
68 23
162 66
244 115
283 146
269 150
208 123
125 78
42 35
0 3
3 1
68 23
160 68
244 115
283 146
269 150
208 123
123 76
42 33
0 5
5 1
68 25
162 66
246 115
283 148
269 150
208 125
125 82
44 39
0 15
7 11
58 19
150 46
240 93
285 138
271 152
208 126
123 76
44 27
0 3
5 5
68 33
160 72
244 113
283 142
269 150
208 126
123 80
41 31
0 0
3 0
66 25
160 68
244 115
283 146
269 148
208 125
123 80
42 37
0 3
3 0
66 21
35 66
238 117
33 148
265 150
208 123
125 80
5 37
0 5
1 0
66 21
37 66
236 115
33 148
265 150
208 123
125 80
0 35
0 5
3 0
68 23
35 66
234 115
33 146
269 150
210 125
125 82
35 37
0 7
7 5
76 35
160 74
232 109
23 128
267 134
212 117
125 80
31 35
0 0
5 0
62 23
1 74
242 123
33 148
269 146
203 121
123 80
41 37
0 3
3 0
66 19
160 66
234 115
33 146
271 148
210 123
125 80
35 35
0 5
3 0
66 23
160 66
234 115
33 146
269 150
208 123
123 78
44 35
0 3
3 0
66 19
160 64
236 115
33 148
269 150
208 123
126 80
37 35
0 5
1 0
66 21
160 68
236 115
33 146
269 148
210 123
126 82
37 37
0 5
3 0
68 23
35 70
244 117
39 156
269 160
193 115
113 56
41 15
0 1
5 5
64 25
158 60
244 105
287 146
271 160
208 134
125 82
44 29
0 1
1 0
64 25
156 68
234 113
33 142
269 146
203 125
126 82
44 35
0 3
1 0
66 21
158 68
244 115
283 146
269 150
210 123
125 82
44 37
0 3
3 0
66 21
160 66
242 115
283 146
269 148
210 123
126 80
44 35
0 5
3 0
66 21
158 64
242 113
283 146
271 152
210 125
125 80
44 37
0 5
3 0
66 23
160 68
234 115
33 148
273 154
218 136
123 85
33 27
0 0
1 0
68 17
160 68
238 113
283 140
273 146
214 126
126 87
44 41
0 7
3 0
66 21
156 66
240 115
283 146
269 146
210 121
125 78
44 37
0 5
3 0
64 21
158 64
242 115
283 148
269 148
210 121
126 80
44 35
0 5
1 0
64 21
158 64
242 115
283 146
269 148
210 123
126 82
44 37
0 5
3 0
66 21
158 64
242 115
283 146
271 150
212 125
126 82
44 37
0 5
3 0
66 21
158 66
242 115
283 148
271 150
212 125
126 82
46 41
1 17
1 7
54 9
148 41
236 97
37 146
271 156
208 125
126 74
46 29
0 5
3 7
64 29
158 66
240 109
33 144
269 152
210 128
125 82
37 31
0 0
1 0
64 23
156 68
240 111
35 144
271 150
210 126
126 82
44 37
0 3
1 0
64 21
156 66
234 115
33 146
269 140
210 123
126 82
44 37
0 3
3 0
64 21
158 66
242 115
283 146
271 148
212 123
126 82
44 37
0 5
3 0
64 21
158 64
242 115
283 148
271 152
212 125
126 82
46 37
0 7
7 5
70 33
152 68
230 103
275 128
269 138
212 121
126 82
42 35
0 0
3 0
66 23
158 72
242 119
283 148
271 148
210 123
126 82
44 39
0 5
1 0
62 17
158 62
242 115
283 148
271 150
212 123
128 82
46 39
0 7
3 0
64 21
158 64
240 113
283 146
269 150
210 123
128 80
46 37
0 5
1 0
64 21
156 62
242 113
283 148
271 152
212 125
128 82
46 37
0 5
1 1
62 21
156 64
242 113
283 146
271 150
212 126
128 82
46 37
0 5
1 1
64 23
158 66
244 119
287 158
269 154
203 113
119 58
46 21
1 5
3 5
62 23
156 56
242 107
287 150
271 160
212 130
126 80
46 31
0 3
1 1
62 25
156 64
240 109
281 142
269 148
210 125
130 82
46 37
0 3
1 0
64 21
158 68
240 115
281 146
269 148
212 123
128 82
46 37
0 3
3 0
64 21
156 64
240 113
283 146
271 150
212 125
126 82
46 35
0 5
3 1
64 23
156 64
240 113
283 146
271 152
212 125
128 80
48 37
0 7
1 0
62 21
156 64
240 117
285 150
275 160
216 134
123 82
37 23
0 0
1 0
64 19
156 66
238 109
281 138
273 148
216 130
128 89
46 41
0 5
1 0
64 21
154 66
238 115
281 142
271 146
212 123
128 82
46 37
0 3
1 0
62 19
156 64
240 115
283 146
271 150
212 125
128 80
48 39
0 7
1 0
62 19
156 64
240 113
283 146
271 150
212 123
128 80
46 35
0 3
3 0
64 21
154 64
238 111
283 144
273 150
214 126
128 82
46 35
0 3
1 0
62 21
156 66
240 113
283 146
271 150
214 125
128 85
50 46
3 19
0 0
50 3
148 39
240 101
285 148
271 156
210 123
128 72
50 31
1 11
3 11
62 29
154 64
240 107
283 144
271 152
212 128
128 80
46 33
0 1
1 0
62 23
154 66
238 111
281 140
271 148
214 128
130 85
46 39
0 3
1 0
62 21
154 66
238 115
281 144
271 148
214 125
128 82
48 37
0 5
1 0
62 19
156 64
240 115
281 148
269 150
214 125
130 83
48 41
0 7
1 0
62 21
154 64
240 115
281 146
271 150
214 125
130 82
48 41
0 11
7 9
64 29
146 62
226 97
279 128
273 144
214 126
128 82
44 33
0 0
3 0
64 25
154 70
238 115
283 144
271 148
214 125
130 85
48 39
0 5
0 0
60 17
154 64
238 115
281 146
273 148
214 125
130 83
48 39
0 7
1 0
62 19
154 64
238 113
283 146
273 150
214 125
130 82
48 37
0 7
1 0
60 21
154 62
238 111
283 144
271 152
214 126
130 82
46 37
0 5
1 0
60 21
154 62
238 113
283 146
271 152
214 126
130 82
48 37
0 7
1 0
62 23
154 66
244 121
285 158
263 148
205 107
126 60
50 29
0 9
1 3
60 17
154 54
240 109
285 152
271 160
212 130
130 78
48 33
0 5
0 3
60 21
152 60
238 105
281 140
271 150
214 126
132 83
48 37
0 3
1 0
62 21
154 64
238 113
281 144
271 148
216 125
132 83
48 41
0 5
1 0
62 19
154 64
238 113
281 144
273 148
214 125
130 82
48 37
0 7
1 0
60 21
152 62
238 111
283 146
271 152
214 126
130 82
50 39
0 7
1 0
60 21
154 64
240 113
285 150
279 162
216 134
123 78
39 23
0 0
1 0
60 19
154 62
238 107
283 140
273 150
218 130
132 89
48 41
0 3
1 0
60 21
152 66
236 113
281 142
271 146
214 123
130 83
48 37
0 5
1 0
60 19
152 64
238 113
283 144
265 150
214 126
130 83
48 39
0 7
0 0
58 17
27 60
238 111
283 146
273 152
214 126
130 82
50 39
0 7
0 0
60 21
152 62
238 111
281 146
271 150
216 126
132 83
48 39
0 3
1 0
60 19
154 64
238 113
283 146
273 152
216 128
132 85
54 48
1 19
0 0
48 0
146 41
240 103
285 152
273 156
214 123
132 74
52 35
1 13
1 9
58 25
152 58
238 107
283 146
271 154
214 128
132 80
48 33
0 3
0 0
60 23
152 62
238 109
281 142
271 150
216 128
132 85
48 39
0 5
0 0
60 19
152 64
236 111
281 142
273 150
216 126
132 83
50 39
0 7
0 0
50 19
152 62
236 111
31 144
265 152
216 126
132 85
50 41
0 7
0 0
60 19
152 62
236 113
281 144
273 150
216 126
132 85
50 42
0 11
7 11
58 27
140 56
226 93
279 126
275 142
187 128
130 83
48 33
1 0
3 0
60 25
150 70
236 115
31 142
265 148
214 126
130 85
50 39
0 3
0 0
58 15
150 60
236 111
31 144
265 150
216 126
132 85
46 41
0 9
1 0
58 19
150 62
236 111
31 144
265 150
216 126
132 83
50 39
0 5
1 0
60 21
150 62
236 109
283 144
273 152
216 128
132 85
50 39
0 7
0 0
58 19
148 60
236 109
283 146
273 152
216 126
134 83
50 41
0 7
0 1
58 21
152 64
242 121
283 156
263 144
207 105
130 64
52 33
0 11
0 1
58 13
152 54
238 109
283 152
273 160
216 130
132 80
48 33
0 7
0 3
56 19
150 58
236 105
283 142
273 152
216 128
134 85
52 37
0 5
0 0
58 21
150 62
236 109
281 142
271 148
216 126
134 83
52 39
0 5
0 0
58 19
150 62
236 111
281 144
271 150
216 126
134 83
50 39
0 5
0 0
58 19
150 62
236 109
281 144
273 150
218 126
134 85
50 39
0 5
0 0
58 19
150 64
238 113
285 150
279 162
214 132
123 76
42 23
0 0
1 0
58 19
148 60
234 105
283 138
275 150
218 132
134 91
50 41
0 5
0 0
58 21
148 66
234 111
279 138
273 146
218 126
134 87
46 41
0 5
1 0
58 17
148 62
234 111
281 144
273 150
216 126
132 83
52 39
0 7
0 0
58 17
148 60
236 109
281 146
273 152
216 126
134 82
52 39
0 9
0 1
56 19
150 62
236 109
281 144
273 150
218 126
134 83
52 39
0 5
0 0
58 19
150 62
236 111
281 144
275 152
218 128
136 87
56 50
0 15
0 0
46 0
146 42
238 107
283 150
273 154
216 121
136 76
54 39
1 15
0 9
56 21
148 56
234 105
281 144
271 154
216 128
134 80
52 33
0 5
0 0
56 21
150 62
236 109
281 144
273 152
218 130
134 83
52 39
0 7
0 0
56 21
148 62
234 109
281 142
275 150
218 128
134 85
52 39
0 7
0 0
56 17
148 60
236 111
281 146
273 150
218 126
134 83
52 41
0 7
0 0
56 17
150 60
236 111
281 146
273 152
220 128
136 85
54 42
3 13
5 9
54 23
138 52
226 93
279 130
275 146
218 126
134 83
52 35
1 3
1 0
58 25
148 66
234 111
281 142
273 150
218 128
134 85
52 39
0 3
0 0
56 17
146 60
234 111
281 142
273 150
220 126
136 87
52 42
0 7
0 0
48 17
148 62
232 111
281 144
275 150
218 126
136 85
52 42
0 7
0 0
56 17
146 60
232 109
281 144
275 150
220 126
136 85
52 41
0 7
0 0
56 19
146 60
234 107
281 142
275 152
218 130
136 85
54 41
1 7
0 0
56 19
148 64
242 123
279 152
261 138
210 103
136 70
56 41
0 15
0 0
54 9
150 52
236 111
281 154
273 158
218 126
136 80
52 37
0 9
0 1
54 15
146 54
232 103
281 144
275 154
220 130
136 85
54 39
0 7
0 1
54 21
146 60
234 107
281 142
273 150
218 128
136 85
54 39
0 5
0 0
56 19
146 60
232 107
283 142
275 150
220 130
136 87
54 41
0 5
0 0
56 19
146 62
232 111
281 142
275 150
220 128
136 87
54 41
0 7
0 0
56 19
148 62
234 113
287 152
279 164
214 128
126 74
48 25
0 0
0 0
54 17
144 56
234 103
33 142
265 154
126 134
138 91
54 42
0 5
0 0
46 19
144 60
232 107
31 140
267 148
220 128
128 87
52 33
0 5
0 0
48 17
146 60
232 109
33 144
267 152
189 128
136 87
52 41
0 7
0 0
56 17
140 58
232 107
31 142
267 150
220 126
138 85
54 41
0 7
0 0
54 17
146 58
232 107
31 142
275 150
220 128
138 87
54 42
0 9
0 0
56 19
146 60
232 109
31 142
275 150
220 130
140 93
60 54
0 11
0 0
46 0
21 46
236 109
31 152
273 150
220 121
138 80
56 42
1 17
0 7
54 17
144 54
232 105
281 146
273 154
218 128
136 80
54 37
0 7
0 0
54 17
146 58
232 107
281 144
275 152
220 130
138 87
54 41
0 5
0 0
54 17
146 60
232 109
279 142
275 150
220 128
138 87
54 41
0 7
0 0
54 17
144 58
232 107
281 144
275 152
220 128
138 87
54 41
1 9
0 0
52 17
144 56
234 107
281 144
275 152
220 128
140 89
56 44
5 17
1 9
46 17
132 46
226 89
281 130
275 148
220 130
138 85
56 37
3 5
1 1
54 25
144 64
230 107
281 140
275 150
220 130
136 89
52 39
0 3
0 0
54 15
144 60
232 109
281 142
275 148
222 128
140 89
56 44
0 9
0 0
52 15
144 58
232 109
279 144
275 150
220 126
138 85
54 41
0 7
0 0
52 17
146 58
232 109
279 144
275 152
222 128
138 87
54 41
0 7
0 0
52 15
142 56
228 107
31 144
267 152
191 130
130 87
56 42
1 9
0 1
52 19
140 64
238 121
25 146
263 134
214 105
140 76
58 44
0 15
0 0
54 5
146 52
236 113
31 154
275 158
220 126
140 82
56 41
0 11
0 1
52 15
142 52
230 101
281 142
275 154
222 130
138 85
56 39
1 7
0 1
52 19
142 58
232 103
281 142
275 152
220 130
138 87
56 41
1 7
0 0
52 17
144 58
232 107
279 140
275 150
222 130
140 89
56 42
0 7
0 0
52 17
142 60
230 107
281 142
275 152
222 130
140 87
56 42
1 9
0 0
52 19
144 60
232 109
287 152
279 160
212 126
128 72
52 25
3 0
0 0
50 17
142 54
232 101
283 142
277 154
222 136
140 91
56 42
0 7
0 0
52 19
142 60
230 105
279 138
273 146
222 128
140 89
56 42
1 7
0 0
54 15
142 58
230 109
279 142
277 150
222 130
138 87
56 42
1 9
0 0
52 17
142 58
230 107
281 142
275 152
222 128
140 87
56 41
1 7
0 0
52 13
142 56
232 109
281 146
275 152
222 130
142 87
58 44
1 9
0 0
50 15
144 56
232 109
279 144
275 154
224 130
144 93
60 56
0 9
0 0
46 0
144 46
232 109
281 150
275 150
222 123
142 83
60 46
1 17
0 5
52 15
142 52
230 105
279 146
275 154
220 126
140 83
58 41
1 9
0 1
52 15
142 56
230 105
279 142
275 152
222 130
140 87
56 41
0 7
0 0
50 15
140 56
230 107
279 142
275 152
224 130
140 87
56 41
1 9
0 0
52 17
142 58
230 105
281 142
277 152
224 130
140 87
56 42
1 7
0 0
50 15
142 56
232 107
281 144
277 154
224 130
142 91
60 48
9 19
0 7
42 13
130 41
226 89
281 132
277 152
222 130
140 83
58 37
3 7
0 1
52 25
142 64
228 105
279 138
277 152
224 134
140 91
56 41
1 1
0 0
52 17
140 60
228 107
281 140
277 150
224 130
142 91
58 44
1 9
0 0
50 15
142 58
230 107
279 142
275 150
224 128
142 87
56 42
1 9
0 0
52 17
140 58
230 107
279 142
275 150
224 128
142 89
58 44
1 9
0 0
52 15
142 58
228 107
279 144
277 152
224 130
142 89
56 42
1 9
0 0
50 17
146 66
232 119
271 140
263 130
220 107
146 82
60 48
0 15
0 0
50 5
144 54
232 115
279 154
275 154
224 126
142 83
56 42
0 11
0 0
50 13
140 52
228 103
279 142
277 152
224 130
142 89
58 42
1 9
0 1
50 17
140 56
228 105
279 140
275 152
224 130
142 87
58 42
1 9
0 0
50 15
140 56
230 105
281 144
275 152
224 128
142 87
58 42
1 9
0 0
50 15
140 56
228 105
279 142
275 150
224 128
144 89
58 44
1 9
0 0
50 15
142 60
230 113
287 156
277 160
214 125
132 72
54 27
3 1
0 0
48 13
138 50
230 101
283 142
279 158
224 136
142 91
58 42
3 9
0 0
48 17
138 54
228 101
279 140
275 150
224 130
142 91
58 42
1 7
0 0
50 17
140 58
228 107
277 140
277 150
226 130
142 91
58 44
1 7
0 0
50 15
138 56
228 105
279 142
277 152
226 130
142 89
58 44
3 11
0 0
48 17
140 56
228 107
279 142
277 152
224 130
144 89
60 44
1 9
0 0
50 15
140 56
228 107
279 144
277 154
226 134
150 101
60 54
0 3
0 0
46 0
142 50
230 111
277 146
275 146
226 123
146 89
60 52
1 19
0 1
48 3
138 50
228 105
279 146
275 154
224 126
142 82
60 41
3 11
0 1
48 15
138 54
228 103
279 144
277 154
224 132
142 87
58 41
3 9
0 0
48 17
138 54
228 103
279 142
277 152
224 132
144 89
58 42
1 9
0 0
48 17
138 58
226 105
279 142
277 152
226 132
144 89
58 42
3 9
0 0
50 17
138 56
228 107
279 142
277 152
226 134
146 93
62 48
9 21
0 3
37 7
130 39
226 89
281 136
277 152
224 128
144 83
62 39
5 9
0 5
48 21
138 58
228 103
279 140
275 154
226 134
142 89
58 41
1 3
0 0
50 15
140 60
226 105
279 142
277 152
226 132
144 93
58 46
3 9
0 0
48 15
138 56
228 105
13 140
277 150
226 128
146 91
60 46
1 11
0 0
48 13
138 56
226 105
11 140
277 150
228 130
144 89
58 44
1 9
0 0
48 15
128 56
226 105
13 140
279 152
226 132
144 91
60 44
3 11
0 1
50 19
144 68
218 113
19 125
267 126
224 113
146 85
62 50
1 11
0 0
48 7
140 56
228 111
279 150
277 154
226 128
144 87
60 44
1 13
0 0
46 11
138 50
226 101
279 142
277 154
228 132
144 89
60 42
1 11
0 0
48 15
136 54
226 101
279 140
279 154
226 134
144 89
60 42
3 9
0 0
48 17
136 56
226 103
279 140
277 152
226 132
144 91
60 44
1 9
0 0
48 13
136 54
228 105
279 142
277 152
226 132
146 91
60 46
3 9
0 0
48 15
138 58
230 111
285 156
273 156
216 123
138 74
58 31
5 3
0 0
46 13
136 50
228 101
281 144
279 158
226 136
144 91
62 42
3 9
0 0
46 15
136 54
226 101
279 138
275 150
226 130
146 87
60 42
3 9
0 0
48 17
125 56
226 105
13 140
277 152
226 130
146 89
60 44
1 9
0 0
46 15
136 56
226 105
279 140
279 152
228 132
146 93
60 44
3 9
0 0
46 15
136 54
224 103
279 142
277 150
226 130
146 89
62 44
3 11
0 0
46 15
138 56
226 105
279 144
277 154
230 134
152 103
60 52
0 0
0 0
44 0
140 52
226 111
275 144
279 146
230 126
150 93
62 56
1 21
0 0
46 9
136 52
224 105
277 146
277 152
226 126
144 83
62 42
5 13
0 1
46 15
136 52
226 103
279 144
277 154
228 132
146 89
62 42
3 11
0 0
37 13
136 52
224 103
11 140
277 152
134 134
148 91
60 44
3 9
0 0
46 15
126 54
224 103
27 140
279 152
228 132
146 91
62 44
3 9
0 0
46 13
136 54
226 103
29 144
279 154
228 134
148 93
66 52
1 21
0 0
35 3
128 37
224 89
279 138
277 154
226 130
148 85
64 42
5 11
0 3
46 21
136 56
224 103
277 140
277 152
228 134
146 91
60 42
3 5
0 0
46 15
134 54
224 101
277 138
279 150
228 132
148 93
62 46
3 9
0 0
46 15
134 54
224 103
277 140
277 152
228 132
146 91
62 44
3 9
0 0
44 13
136 54
224 103
11 140
279 152
228 134
148 93
62 46
3 9
0 0
46 13
136 54
224 103
277 140
279 152
230 132
148 93
62 46
3 11
0 0
48 19
140 68
222 109
267 128
269 130
228 119
150 91
62 52
1 11
0 0
46 7
138 56
226 113
277 150
277 150
228 126
148 89
62 48
1 15
0 0
44 7
136 48
224 103
277 144
277 154
230 130
148 91
62 46
3 13
0 0
44 13
136 52
224 103
277 140
277 152
230 132
148 91
62 44
3 9
0 0
46 13
134 52
224 101
277 138
279 152
230 132
148 91
62 44
5 11
0 0
37 15
134 54
220 105
11 142
277 152
228 132
148 93
62 46
3 11
0 0
46 15
3 56
228 111
31 152
271 152
218 119
142 76
64 37
5 9
0 0
42 9
134 48
226 101
13 144
279 158
230 136
148 91
64 44
3 11
0 1
44 13
132 48
222 97
29 138
277 152
230 134
148 91
64 44
5 9
0 0
44 15
134 54
224 103
27 140
277 150
230 132
148 91
60 44
5 9
0 0
46 15
132 54
224 103
277 140
279 152
230 132
148 93
62 44
3 7
0 0
44 13
134 54
222 101
277 140
279 152
230 134
148 93
64 46
3 11
0 0
44 17
134 54
224 105
277 142
279 152
232 138
156 107
60 52
0 0
0 0
44 0
136 52
224 109
275 142
279 144
232 126
152 95
64 56
3 17
0 0
44 7
134 50
222 103
277 142
277 150
230 128
148 87
62 44
3 11
0 0
46 13
134 52
222 103
277 142
279 154
230 134
150 91
64 46
3 11
0 0
42 13
132 52
222 101
277 140
277 150
230 132
152 91
64 46
3 11
0 0
44 13
134 54
222 103
277 140
279 152
230 132
150 93
62 46
3 9
0 0
46 15
132 54
222 103
277 140
279 154
230 136
150 97
70 54
7 21
0 0
33 0
125 33
224 89
279 138
277 152
228 128
152 87
68 46
7 15
0 5
44 19
132 54
222 99
277 140
277 154
230 134
148 91
64 44
3 7
0 0
44 13
132 54
222 101
277 136
279 152
232 136
150 95
64 46
3 9
0 0
44 13
132 54
220 101
277 140
279 150
136 130
150 93
64 46
5 11
0 0
44 13
132 52
222 103
27 142
279 152
230 132
152 93
64 48
5 13
0 0
44 11
132 52
222 103
277 142
279 152
232 132
152 93
64 48
3 13
0 0
46 19
136 66
216 103
265 123
273 130
232 123
154 97
64 52
3 9
0 0
46 9
134 56
222 111
277 146
279 152
230 128
150 91
64 50
3 13
0 0
42 7
132 50
222 103
277 144
279 152
232 130
152 91
64 46
3 13
0 0
44 11
132 50
220 101
277 140
279 152
232 134
150 93
64 44
5 9
0 0
44 15
130 54
220 101
277 138
279 154
232 136
150 93
66 46
5 9
0 0
42 13
130 52
222 101
277 140
279 152
230 130
150 91
68 48
7 15
0 1
42 15
134 56
228 113
279 152
271 152
220 119
146 76
66 37
5 9
0 0
42 9
132 44
222 97
279 142
281 160
232 140
150 93
64 44
5 11
0 0
41 13
130 48
220 95
277 134
279 150
232 134
152 95
66 46
5 11
0 0
42 15
130 54
220 101
277 138
279 150
232 132
152 93
64 46
5 9
0 0
42 11
130 52
220 101
277 140
279 152
232 134
152 95
64 46
3 9
0 0
44 13
130 52
220 101
277 138
279 150
232 134
152 95
66 48
5 13
0 0
42 13
130 52
222 103
277 142
279 154
234 138
156 107
60 48
0 0
0 0
42 1
134 54
220 107
275 138
279 144
236 128
154 99
68 58
3 19
0 0
42 7
130 50
220 103
273 140
279 150
232 128
152 91
66 48
5 13
0 0
42 11
130 48
218 99
277 142
281 156
230 134
150 91
68 46
5 13
0 0
41 13
130 50
220 97
275 138
279 152
232 134
152 93
66 48
5 11
0 0
42 13
130 50
220 99
277 138
279 152
232 134
154 95
68 48
5 11
0 0
42 13
130 52
220 99
277 138
281 152
234 138
154 99
74 58
9 21
0 0
29 0
125 35
222 91
277 140
279 152
230 130
154 87
70 46
7 17
0 5
41 15
130 50
220 97
275 140
277 154
230 134
152 91
66 42
7 9
0 0
41 13
128 50
220 99
277 140
279 152
234 136
154 95
66 48
5 9
0 0
42 13
128 52
218 99
275 136
279 152
232 134
152 95
66 48
5 11
0 0
41 11
128 50
220 101
275 138
279 152
234 136
154 95
68 50
5 13
0 0
42 11
128 50
218 101
275 140
279 152
234 134
154 95
66 46
0 13
0 1
46 23
132 64
212 99
13 119
275 130
236 126
156 99
66 52
3 7
0 0
37 9
130 58
220 111
17 140
279 150
232 128
154 93
68 52
5 15
0 0
41 5
128 46
220 101
25 142
279 154
232 132
154 91
68 48
5 15
0 0
41 11
128 48
218 99
17 138
279 152
232 132
156 93
68 48
5 13
0 0
41 11
128 50
218 99
275 138
279 152
234 134
154 93
68 48
7 13
0 0
41 13
126 48
218 97
277 138
281 154
232 136
154 95
68 48
7 13
0 0
41 13
130 56
226 111
275 146
269 144
224 117
152 80
70 42
5 11
0 0
39 7
128 46
222 101
277 144
279 158
234 136
154 93
66 46
5 11
0 0
41 13
126 50
216 95
275 136
281 152
234 136
154 95
68 46
7 11
0 0
41 13
126 50
218 99
275 138
279 150
232 134
154 95
70 50
7 13
0 0
41 11
128 50
218 101
275 138
279 152
234 132
154 95
68 48
0 13
0 0
41 11
126 50
218 99
1 138
250 152
236 134
156 97
68 48
7 13
0 0
33 13
128 52
218 101
9 138
281 154
238 144
158 107
60 44
0 0
0 0
42 3
128 54
216 103
25 136
281 146
236 132
158 103
70 60
7 17
0 0
39 7
126 50
216 103
273 140
279 150
234 130
156 93
68 50
5 13
0 0
41 9
126 48
218 99
275 140
281 154
236 136
156 95
68 48
7 13
0 0
41 13
126 48
218 97
275 138
279 152
234 134
154 95
70 48
7 13
0 0
39 9
126 48
218 99
275 140
279 152
234 134
156 95
70 50
5 13
0 0
41 11
126 52
216 99
275 138
281 154
236 138
158 101
76 60
7 19
0 0
31 0
123 35
218 91
275 138
279 152
234 130
158 91
72 50
9 19
0 5
39 15
125 48
218 97
17 138
277 152
234 132
156 93
62 48
7 11
0 0
33 11
3 50
216 99
275 138
279 152
236 134
156 95
70 50
7 11
0 0
39 11
126 50
216 99
275 138
279 150
236 134
156 95
68 50
7 13
0 0
39 11
126 50
216 101
275 138
281 152
236 134
156 95
70 50
7 13
0 0
39 11
126 48
216 99
275 136
281 152
236 138
156 97
70 52
9 15
0 1
44 23
126 62
207 91
263 115
279 130
240 130
158 103
64 54
5 5
0 0
42 9
126 58
216 107
25 140
281 148
236 132
156 97
68 54
7 15
0 0
39 5
125 46
216 99
275 140
281 152
236 134
156 93
70 50
9 15
0 0
37 11
125 46
216 97
275 140
281 154
236 136
156 95
70 48
7 13
0 0
39 11
125 48
216 97
273 136
281 150
236 134
158 97
70 50
7 13
0 0
39 11
125 50
216 99
275 138
281 152
236 134
158 95
72 50
9 15
0 0
39 11
128 54
224 111
265 146
269 146
218 119
156 82
64 44
7 15
0 0
37 5
126 44
218 99
1 140
250 158
236 136
158 93
72 48
7 15
0 1
37 11
123 44
214 91
275 136
281 154
236 138
156 97
70 48
9 13
0 0
37 13
125 50
214 97
275 134
279 152
236 136
158 97
72 50
7 11
0 0
31 11
125 50
146 99
25 138
279 152
236 134
158 97
64 52
9 15
0 0
37 11
125 48
214 97
25 138
281 154
236 136
158 97
70 48
9 13
0 0
39 13
125 50
214 99
275 140
281 154
242 148
158 107
60 42
0 0
0 0
41 5
126 54
214 101
273 130
283 144
240 134
160 105
72 60
7 17
0 0
37 5
125 50
214 101
273 138
279 146
236 128
158 95
72 52
7 15
0 0
39 7
125 48
214 99
23 140
281 152
236 134
158 95
62 50
7 13
0 0
37 9
123 46
89 97
25 138
250 152
236 136
158 95
72 48
9 15
0 0
37 11
125 48
216 97
273 138
281 152
236 136
158 97
72 50
9 13
0 0
37 11
125 50
214 99
273 136
281 152
240 136
164 105
78 64
7 19
0 0
29 0
123 35
216 91
275 138
279 152
236 130
160 91
74 52
9 19
0 5
37 13
123 46
214 97
273 138
279 154
236 136
158 95
72 48
9 13
0 0
37 9
123 46
216 95
275 136
281 152
238 138
160 99
72 52
9 13
0 0
37 11
123 48
214 97
273 136
281 150
236 136
158 97
72 48
9 13
0 0
37 11
123 48
214 97
275 138
281 152
173 136
158 97
64 46
9 11
0 0
37 9
123 48
214 99
25 138
281 152
236 134
156 97
74 54
11 17
0 1
42 21
123 58
205 87
263 115
279 134
240 132
160 103
72 52
7 7
0 0
39 9
125 56
214 107
23 138
281 148
234 125
158 99
64 56
9 15
0 0
35 5
121 44
214 97
275 140
281 154
238 134
158 95
72 52
11 17
0 1
35 9
121 44
214 95
273 138
279 152
236 134
160 97
74 50
9 13
0 0
37 11
123 48
214 97
273 138
281 152
236 136
160 99
74 52
7 13
0 0
37 11
121 48
212 95
275 136
283 152
238 138
160 99
74 52
11 15
0 1
37 13
125 52
220 109
269 140
269 140
230 119
160 85
74 48
9 15
0 0
37 3
125 44
216 101
275 144
281 158
238 136
160 97
74 50
7 17
0 0
35 7
121 42
212 93
273 134
281 152
238 138
160 97
72 50
9 13
0 0
35 13
123 48
212 95
273 136
281 154
238 138
160 99
74 50
9 13
0 0
35 9
121 48
212 97
23 138
250 152
238 136
160 99
66 52
9 13
0 0
37 11
123 48
212 99
273 138
281 152
240 136
160 99
74 52
11 15
0 0
37 11
123 48
212 97
273 138
283 154
244 150
160 107
62 42
1 0
0 0
39 9
123 54
210 99
273 130
283 144
240 138
162 107
74 60
9 17
0 0
35 7
121 48
212 99
271 136
281 146
238 130
162 97
74 54
9 15
0 0
37 7
123 46
212 99
273 138
281 152
238 134
160 97
74 52
9 15
0 0
35 9
121 46
212 93
273 134
283 154
238 138
160 99
74 50
11 13
0 0
35 11
119 46
212 95
273 134
281 152
238 138
160 99
74 52
9 13
0 0
37 11
121 48
212 97
273 138
283 154
240 138
166 107
78 64
5 17
0 0
27 0
119 33
214 93
273 138
279 150
238 130
164 95
76 54
11 21
0 5
35 11
119 42
210 91
273 138
281 156
238 138
160 95
76 48
11 13
0 0
35 11
119 44
212 91
273 134
283 154
238 138
162 101
76 52
9 13
0 0
33 9
121 46
212 95
273 134
281 152
240 138
162 99
76 52
11 15
0 0
35 9
119 46
210 95
273 136
283 154
238 138
162 99
74 52
11 15
0 0
35 11
119 48
212 95
275 138
283 154
238 138
162 99
76 54
11 17
0 3
41 21
117 52
201 82
263 111
281 134
244 138
162 107
74 54
9 7
0 0
37 13
121 58
210 105
271 136
281 146
240 132
162 101
74 56
9 15
0 0
35 5
119 46
210 99
273 138
283 152
240 134
162 97
74 52
11 17
0 0
33 9
119 42
212 93
273 138
281 154
238 136
162 97
76 50
11 15
0 0
33 9
119 44
210 91
273 134
283 154
240 140
162 101
76 52
11 15
0 0
35 9
119 46
210 93
273 134
281 152
240 138
162 101
76 54
11 15
0 0
35 11
123 52
218 107
269 140
271 142
232 121
162 85
78 48
9 15
0 0
35 5
121 42
214 97
273 142
281 158
240 138
164 97
76 52
9 17
0 0
33 7
119 42
210 93
21 126
281 152
240 138
164 99
76 52
11 17
0 0
35 11
119 46
208 93
21 126
283 152
240 140
162 101
76 52
11 13
0 0
35 9
119 48
210 95
273 134
283 150
240 136
164 101
76 56
11 15
0 0
33 7
119 46
210 95
271 136
281 150
240 136
164 99
78 54
11 17
0 0
35 9
119 48
210 97
271 138
285 158
248 152
162 107
64 41
1 0
0 0
37 9
119 52
207 95
271 128
283 144
244 142
164 111
76 62
11 15
0 0
33 7
117 48
208 97
269 134
281 146
240 132
164 99
76 56
11 17
0 0
35 7
119 44
210 95
273 138
283 152
240 136
164 97
76 54
11 15
0 0
33 7
117 44
208 93
271 136
283 152
240 138
164 99
76 50
11 15
0 0
33 11
117 46
210 95
273 136
283 154
240 138
164 101
76 54
11 15
0 0
33 9
119 46
210 95
271 136
283 154
242 142
169 109
83 68
7 19
0 0
25 0
117 33
210 91
271 136
281 150
242 132
166 97
80 54
13 23
0 5
33 11
117 44
208 93
21 136
281 154
240 138
164 97
76 48
11 13
0 0
33 9
117 44
210 91
271 134
283 152
240 138
164 101
78 52
13 15
0 0
33 11
117 46
210 93
271 134
281 152
242 136
166 101
78 54
11 15
0 0
33 9
117 46
208 95
271 134
283 152
240 138
164 99
78 52
13 17
0 0
33 9
117 46
208 93
273 136
283 152
242 138
166 101
78 56
13 17
0 3
39 21
115 50
197 80
261 111
281 134
244 138
166 109
76 54
11 9
0 0
35 11
117 56
208 103
271 134
281 146
242 134
164 103
76 58
11 15
0 0
33 3
115 42
208 95
273 136
283 152
242 138
164 101
78 56
13 19
0 0
31 9
115 42
208 91
271 134
283 152
242 136
164 97
78 52
5 15
0 0
31 7
115 42
210 93
21 136
283 154
242 138
166 99
62 52
3 15
0 0
33 11
117 46
208 95
271 134
283 154
242 140
166 103
78 56
13 17
0 0
33 9
121 50
214 105
265 138
271 142
234 121
166 89
82 52
11 17
0 0
31 1
119 41
212 95
271 142
283 156
171 138
167 101
62 56
7 19
0 0
31 7
117 41
207 91
21 134
250 152
242 138
166 99
64 54
13 17
0 0
33 9
117 46
208 95
271 134
283 152
242 140
166 103
78 54
13 15
0 0
31 7
115 42
83 93
21 128
251 154
242 138
166 99
62 54
13 17
0 0
31 9
115 42
208 93
21 136
281 152
242 140
166 101
80 54
13 17
0 0
31 9
117 44
208 95
271 136
285 156
248 152
162 103
68 41
3 0
0 0
35 9
117 52
205 93
269 128
285 146
246 142
166 111
78 62
11 15
0 0
31 5
113 44
207 95
271 134
281 146
240 132
166 97
80 56
13 19
0 0
31 5
115 42
208 95
271 138
283 154
242 138
166 99
80 54
13 17
0 0
31 7
115 42
207 91
269 134
283 150
244 138
166 103
80 56
13 15
0 0
31 7
113 44
207 93
19 126
283 152
242 138
166 101
64 56
15 17
0 0
31 9
48 44
207 91
273 136
285 156
244 142
171 109
85 66
7 19
0 0
23 0
115 33
208 89
269 134
281 148
244 132
169 99
82 58
13 21
0 3
31 9
115 42
205 91
19 136
251 154
242 138
166 99
64 52
5 15
0 0
31 9
31 42
82 91
21 126
251 152
244 140
166 101
64 54
13 17
0 0
29 7
113 44
207 91
21 126
283 150
242 138
167 103
66 56
13 17
0 0
29 7
115 42
207 93
19 136
283 152
244 138
167 101
64 56
13 17
0 0
31 9
113 44
207 93
21 134
283 154
244 138
167 101
82 56
15 19
0 5
37 23
109 48
187 78
263 111
283 138
246 140
167 109
80 54
13 9
0 0
33 11
115 54
205 99
269 134
283 146
244 136
167 103
80 58
13 15
0 0
31 3
113 42
207 95
19 138
283 152
244 136
167 103
64 58
13 19
0 0
31 7
113 41
207 91
271 134
283 152
242 136
166 99
82 54
13 19
0 0
29 7
113 42
207 93
269 134
283 154
244 140
167 103
82 56
13 17
0 0
29 7
113 44
207 91
269 134
283 152
244 140
167 103
80 54
15 15
0 0
33 11
117 52
208 101
263 134
273 140
238 123
167 91
82 52
13 17
0 0
29 1
115 41
208 95
271 140
283 156
244 140
167 101
80 54
13 17
0 0
29 7
113 41
205 89
269 132
283 152
244 140
167 103
80 56
13 17
0 0
29 9
113 44
205 93
269 132
283 152
244 140
167 103
82 56
13 17
0 0
29 7
111 41
205 91
271 136
283 154
244 140
169 103
82 56
15 19
0 0
27 7
111 42
207 91
271 136
283 154
244 140
169 103
82 56
15 19
0 0
29 9
113 44
205 91
269 134
287 158
250 154
164 107
70 41
5 0
0 0
33 9
113 52
203 93
269 126
285 146
246 142
169 113
82 62
15 17
0 0
29 5
111 44
205 95
15 126
283 148
244 136
167 101
68 60
15 19
0 0
29 3
113 42
207 93
19 136
283 154
244 138
169 101
66 56
13 19
0 0
29 5
113 41
205 89
269 132
283 152
246 140
167 103
66 54
13 15
0 0
29 9
111 42
80 89
269 132
283 154
244 142
169 103
82 56
15 17
0 0
29 7
111 42
207 91
271 134
283 154
246 144
175 113
87 68
7 19
0 0
21 0
111 29
207 89
269 136
281 150
246 132
171 99
85 58
17 25
0 3
29 7
111 41
203 89
267 134
283 154
244 140
169 99
82 52
13 17
0 0
29 9
111 41
205 89
269 132
283 152
246 142
169 105
82 56
15 17
0 0
29 7
111 42
205 89
269 132
283 152
244 140
169 103
83 56
15 19
0 0
29 7
111 42
205 91
267 132
283 150
246 140
171 105
83 58
13 17
0 0
29 7
111 44
203 91
269 134
283 152
244 138
171 105
83 60
15 21
0 5
33 21
105 44
191 74
261 111
283 138
248 140
169 111
82 56
15 11
0 0
31 11
33 52
203 99
17 125
251 146
236 138
169 105
66 60
13 15
0 0
21 3
111 42
203 93
269 134
283 150
246 136
171 103
83 60
15 21
0 0
27 5
111 41
203 91
269 134
283 152
246 138
171 101
83 56
15 19
0 0
27 5
109 39
203 89
269 132
283 154
244 140
171 103
83 56
15 17
0 0
29 9
111 42
203 91
267 132
283 152
246 140
171 107
83 58
15 19
0 0
31 11
115 52
205 103
259 130
273 136
242 123
171 95
83 56
15 17
0 0
29 0
111 39
205 95
269 140
283 156
246 138
171 101
83 58
15 21
0 1
25 3
109 37
203 87
267 134
283 154
246 140
171 103
83 56
15 19
0 0
25 5
111 41
205 91
267 134
283 152
246 140
171 105
83 58
15 17
0 0
27 7
109 42
203 89
267 132
283 152
246 140
171 103
83 56
15 17
0 0
29 9
109 42
203 89
269 132
283 152
246 140
171 105
85 58
15 19
0 0
27 5
109 41
205 91
269 136
289 162
251 152
166 105
74 41
7 0
0 0
29 9
109 48
201 87
267 123
285 146
250 144
173 115
83 64
15 15
0 0
27 5
107 46
201 93
267 130
283 146
246 136
171 105
83 62
17 21
0 0
27 3
109 39
203 91
269 136
283 154
246 138
173 103
85 58
17 19
0 0
25 5
109 39
203 87
269 134
283 154
246 140
171 103
85 56
17 19
0 0
27 7
109 41
203 89
267 132
283 152
248 142
171 105
85 58
17 19
0 0
27 7
109 42
201 89
267 132
285 152
250 144
177 115
87 68
9 17
0 0
21 0
109 31
203 87
267 134
281 148
248 134
175 103
87 64
17 27
0 3
27 7
107 39
201 89
267 134
283 152
246 138
171 101
83 54
15 17
0 0
27 5
111 41
201 89
267 134
283 154
248 142
171 105
85 58
15 19
0 0
25 5
107 39
201 89
267 132
283 152
248 140
173 105
85 58
15 19
0 0
27 7
109 42
201 89
267 130
283 150
248 140
173 107
85 60
15 19
0 0
27 7
107 42
201 89
267 132
285 152
248 142
173 107
85 60
17 21
0 5
31 19
99 41
189 70
261 109
287 142
250 146
171 111
83 56
17 11
0 0
27 11
107 50
201 95
267 128
283 146
246 140
171 109
83 62
15 17
0 0
25 1
107 39
201 89
267 134
283 152
248 138
173 105
87 60
17 21
0 0
27 5
107 39
201 89
267 132
283 154
248 140
173 103
85 56
17 19
0 0
25 7
107 41
201 89
267 132
283 152
248 140
175 107
87 60
17 21
0 0
27 7
107 42
201 91
265 132
283 152
248 140
173 105
85 60
17 21
0 0
29 11
113 50
203 99
1 130
273 138
242 126
171 97
80 58
15 19
0 0
27 0
109 39
203 95
17 140
283 156
248 140
173 105
85 60
15 21
0 1
25 5
105 35
199 85
267 132
283 154
248 142
173 105
87 58
17 21
0 1
27 7
107 41
199 87
267 130
285 152
248 142
173 107
85 58
17 17
0 0
27 7
105 42
199 89
265 130
283 150
248 140
173 105
87 58
19 19
0 0
25 7
105 41
199 89
267 132
283 152
248 142
173 105
87 60
17 21
0 0
25 5
107 41
201 87
265 130
291 162
251 154
167 105
76 41
11 0
0 0
29 11
105 46
197 85
267 123
287 148
251 146
175 117
85 64
17 15
0 0
25 5
105 42
197 89
265 128
283 146
248 138
175 107
87 62
17 21
0 0
25 5
103 41
199 89
267 132
283 152
248 140
175 103
87 60
17 21
0 0
25 3
105 37
199 85
267 132
285 154
248 142
173 105
87 58
17 19
0 0
25 7
105 39
199 87
265 130
285 152
248 142
175 107
87 60
19 19
0 0
17 7
103 41
199 87
267 132
285 156
250 146
181 117
89 70
9 15
0 0
19 0
107 31
201 87
265 132
283 148
250 136
177 105
89 66
17 29
0 3
23 3
105 37
201 87
15 134
251 152
248 138
175 93
87 58
17 21
0 1
25 5
105 37
199 85
17 132
250 156
248 144
175 107
87 58
17 19
0 0
23 5
105 39
199 87
17 130
283 152
248 142
175 105
87 60
19 21
0 0
23 5
105 41
199 87
267 130
285 152
248 142
175 107
89 60
17 19
0 0
25 5
105 39
199 87
265 128
285 152
250 144
175 109
89 62
19 21
0 7
27 19
95 39
185 66
261 107
285 142
251 146
175 113
87 56
19 11
0 0
27 13
103 50
197 93
265 126
283 146
248 140
175 109
89 64
17 19
0 0
23 1
105 39
197 91
265 132
283 150
250 138
177 105
87 62
17 21
0 0
25 5
103 39
197 87
265 130
285 152
250 140
175 107
87 60
19 21
0 0
25 5
103 37
197 83
265 128
285 152
250 144
175 107
89 60
19 21
0 1
23 7
103 41
197 87
267 130
283 152
248 142
177 107
89 62
19 21
0 1
25 9
111 50
191 95
255 126
273 136
246 126
177 99
82 58
17 19
0 0
17 1
39 39
199 91
265 138
285 156
250 142
177 105
87 60
17 21
0 0
23 1
103 33
197 85
265 132
283 154
250 142
177 105
89 60
19 21
0 1
23 5
41 39
197 85
15 128
251 152
250 142
177 99
89 60
19 19
0 0
15 3
105 39
72 87
15 132
250 152
250 142
177 109
82 62
19 21
0 0
23 5
103 39
197 87
265 130
285 152
250 142
177 107
89 60
19 21
0 0
21 3
105 41
199 89
265 134
289 164
251 154
169 101
80 41
15 0
0 0
25 9
101 42
195 82
267 123
287 150
251 148
177 115
91 64
19 19
0 0
23 5
101 42
195 89
263 126
283 146
250 138
175 107
89 62
19 21
0 0
23 5
101 39
195 87
265 132
285 152
250 142
175 105
91 60
19 21
0 0
23 5
101 37
197 85
265 130
283 152
250 142
177 107
91 60
19 21
0 0
23 3
101 37
70 83
15 128
253 154
251 144
177 109
89 62
19 21
0 0
23 7
101 39
195 85
265 130
285 152
253 148
185 119
89 68
9 13
0 0
19 0
105 31
197 87
263 132
283 148
251 136
179 107
93 68
19 27
0 1
23 3
103 37
195 87
263 132
283 152
250 138
177 103
89 58
19 19
0 0
15 5
101 39
195 85
13 130
285 152
250 144
177 107
89 60
19 19
0 0
23 5
101 37
195 83
13 128
285 152
251 144
177 107
89 60
21 19
0 0
23 7
101 39
195 85
265 130
283 152
250 142
177 107
91 62
19 19
0 0
21 5
93 39
195 85
265 130
285 152
251 144
179 109
91 64
21 23
0 9
23 15
91 31
183 64
11 109
287 146
251 148
173 109
82 56
21 13
0 0
23 13
101 48
195 87
263 126
285 148
250 142
177 109
89 62
19 17
0 0
21 1
99 37
195 89
265 132
283 150
250 142
179 109
91 64
19 23
0 0
21 3
101 37
195 85
263 130
285 152
251 142
179 107
91 60
19 19
0 0
21 3
101 37
195 85
263 130
285 152
251 142
177 109
91 62
21 23
0 0
21 3
99 37
195 85
265 132
285 154
250 142
179 107
93 62
21 23
0 1
23 9
109 48
195 93
253 123
273 134
250 128
181 103
93 64
17 21
0 0
23 0
103 37
195 91
263 134
283 152
250 138
179 105
91 62
21 23
0 0
21 1
99 33
68 82
5 130
285 154
251 142
171 105
91 60
21 23
0 1
21 5
99 37
62 83
13 128
283 152
251 142
171 107
91 60
19 19
0 0
21 5
99 39
195 83
15 130
283 152
251 144
171 109
93 62
21 21
0 0
21 5
31 39
64 85
263 128
285 150
251 142
179 109
91 62
21 21
0 0
21 5
99 37
193 83
265 132
291 164
251 154
169 101
82 39
19 3
0 0
21 11
97 41
193 78
265 121
287 152
253 152
179 117
93 64
21 17
0 0
21 5
99 41
191 83
263 125
283 144
251 140
181 111
93 66
21 23
0 0
21 3
99 39
193 87
263 130
285 150
251 140
179 109
91 62
21 23
0 1
21 5
97 37
193 83
265 130
285 152
251 142
179 107
91 62
21 21
0 0
21 5
99 35
193 83
265 130
285 152
251 144
181 109
93 62
21 23
0 0
21 5
99 37
193 85
263 130
285 154
255 148
185 119
89 66
9 13
0 0
19 0
101 33
193 85
261 128
283 148
253 138
181 109
95 70
21 29
0 1
15 1
99 35
193 85
13 132
251 152
251 138
181 105
93 60
21 21
0 0
21 5
99 37
193 83
263 130
285 152
253 144
179 109
93 62
21 21
0 0
21 5
97 35
191 82
263 128
285 152
251 144
179 109
93 60
21 19
0 0
21 5
99 37
193 83
263 128
285 152
251 144
179 109
93 62
21 21
0 0
19 5
99 37
193 85
263 128
283 150
253 142
181 109
95 66
23 25
0 11
21 13
87 27
181 60
261 109
287 148
253 150
179 111
91 56
23 13
0 1
23 13
97 44
191 85
263 125
285 150
251 146
179 113
93 64
21 19
0 0
19 3
97 39
191 85
261 126
285 148
253 142
181 111
93 66
21 21
0 0
21 3
97 37
191 85
261 128
283 150
251 142
181 109
93 64
21 21
0 0
19 3
97 35
191 83
263 128
285 150
251 142
181 111
95 64
21 23
0 0
19 3
95 35
193 83
263 130
285 154
253 142
181 107
95 62
23 23
0 3
23 11
105 48
187 87
251 119
277 134
251 130
183 105
95 64
19 19
0 0
21 0
101 37
193 91
11 136
285 152
253 140
175 109
93 64
21 23
0 0
19 1
95 33
189 82
261 128
285 152
253 142
181 107
95 60
23 23
0 3
19 5
97 35
191 83
263 128
285 152
251 144
181 107
95 62
23 21
0 0
19 3
95 35
193 83
263 128
283 152
251 142
181 109
95 64
23 23
0 0
19 5
97 37
191 83
261 128
285 152
253 144
181 111
93 64
23 21
0 1
19 5
97 37
191 83
263 130
291 164
251 152
171 99
85 41
21 5
0 0
21 11
95 39
189 78
265 123
287 152
253 152
181 117
95 66
23 19
0 0
17 3
95 37
189 83
259 123
283 144
253 142
183 113
95 66
23 21
0 0
19 3
97 39
189 85
261 128
283 148
253 142
183 111
95 66
23 23
0 0
19 3
95 35
191 83
261 128
285 150
253 144
183 111
95 64
23 23
0 0
19 3
95 35
191 82
261 128
285 150
253 142
183 109
95 64
21 21
0 0
21 5
97 37
189 83
263 130
285 154
257 152
187 121
91 68
11 11
0 0
17 0
97 31
189 83
259 125
285 144
255 140
185 113
97 72
23 29
0 1
19 1
95 33
189 83
261 130
283 150
253 140
183 107
97 64
23 25
0 0
19 3
95 35
189 82
261 128
283 152
253 142
183 109
95 64
23 23
0 0
19 3
95 33
189 80
3 126
285 152
253 144
173 109
97 62
23 23
0 1
19 5
95 35
189 82
3 126
285 152
253 144
183 111
97 62
23 21
0 0
17 3
95 35
191 83
263 128
285 152
253 144
183 109
99 66
27 29
0 13
17 9
83 21
181 58
261 111
287 150
253 150
181 109
95 54
25 15
0 3
19 15
95 44
189 82
261 121
285 148
253 146
181 115
95 62
23 15
0 0
17 3
93 39
189 83
261 126
285 148
253 142
185 113
97 68
23 25
0 0
17 1
95 35
189 83
259 128
283 150
253 142
185 109
97 66
23 25
0 0
19 1
95 37
189 83
259 128
285 152
255 144
183 111
95 66
23 21
0 0
19 3
95 35
187 82
261 126
285 152
255 146
183 113
97 66
25 25
0 3
23 11
99 46
183 85
250 115
279 132
253 130
185 107
97 66
21 21
0 0
19 0
97 37
191 89
259 132
283 150
255 140
185 111
97 68
23 25
0 0
17 0
93 31
187 82
1 126
281 150
255 142
185 109
97 64
15 25
0 1
15 3
93 35
64 82
259 126
285 152
253 144
183 109
97 64
25 23
0 1
17 5
93 35
189 82
261 128
285 152
253 144
185 111
97 66
23 21
0 0
19 3
95 37
189 83
1 126
281 142
255 144
185 113
97 66
15 23
0 0
17 3
95 37
187 83
5 132
291 164
251 150
173 97
89 42
23 9
0 0
17 9
91 35
187 76
263 123
287 154
255 154
185 117
97 64
25 19
0 0
15 3
93 37
187 82
259 123
283 146
255 142
185 113
99 68
25 23
0 0
17 1
93 35
187 83
259 128
283 150
255 142
185 111
97 66
23 25
0 0
17 1
93 33
187 80
259 126
285 152
255 144
185 111
97 64
25 23
0 1
17 5
93 35
187 80
261 126
285 152
255 144
185 111
99 66
25 25
0 1
15 3
93 35
189 82
261 130
285 154
259 152
189 121
93 68
13 13
0 0
17 0
95 33
187 82
0 125
250 144
250 140
189 115
99 72
25 29
0 0
17 3
21 35
60 82
9 128
285 142
253 140
185 107
97 64
25 23
0 0
17 3
93 33
187 80
1 126
281 150
255 146
187 113
99 66
25 25
0 0
17 3
91 33
187 82
251 125
285 150
255 142
185 113
99 64
25 23
0 0
15 1
91 33
187 82
261 128
287 152
255 146
187 113
99 66
25 25
0 1
15 5
91 33
187 80
259 126
285 152
255 146
187 113
101 68
29 31
0 13
13 7
82 19
179 58
259 113
287 152
257 152
185 113
99 60
27 17
0 3
17 11
91 42
185 80
259 121
285 148
255 146
185 115
97 64
25 19
0 0
17 3
91 35
185 82
261 125
285 150
255 144
185 111
101 68
27 25
0 0
15 1
91 31
187 82
1 126
250 142
255 142
187 109
101 66
25 25
0 1
15 1
93 33
187 82
259 128
283 152
255 144
187 111
99 66
25 25
0 0
17 1
91 33
185 80
259 126
285 152
257 146
187 113
99 64
27 25
0 5
23 13
95 44
179 80
248 111
279 134
257 136
189 111
97 66
23 21
0 0
19 1
93 39
187 89
9 132
250 150
255 140
187 111
99 68
17 29
0 0
15 0
91 31
185 80
9 126
281 150
255 142
187 111
93 66
25 25
0 1
17 3
91 33
185 78
257 126
285 152
255 144
185 109
101 66
27 25
0 1
15 3
91 31
185 80
259 126
285 152
255 144
187 111
101 66
25 23
0 0
15 1
91 33
185 80
259 126
285 150
257 146
187 113
93 66
27 25
0 0
17 3
91 35
185 82
11 130
289 162
251 146
177 97
93 44
27 11
0 1
15 9
85 33
60 72
11 121
287 156
257 154
187 119
101 64
27 19
0 0
15 3
89 37
185 80
257 121
283 144
257 142
189 115
101 70
27 25
0 0
17 1
89 35
185 82
257 125
285 148
257 142
187 113
101 68
25 25
0 0
15 0
89 33
183 80
257 125
285 150
257 144
187 113
101 68
27 27
0 1
15 1
89 33
185 78
259 126
283 150
257 144
189 113
101 66
27 27
0 1
15 3
89 33
185 80
257 126
287 152
263 154
193 125
93 68
13 11
0 0
17 0
91 33
183 82
255 123
285 142
259 142
191 117
103 76
27 29
0 0
17 1
89 33
183 82
257 126
285 148
257 138
189 109
101 68
27 27
0 1
15 1
89 31
183 80
259 126
285 152
257 146
189 113
101 66
27 25
0 1
15 1
89 31
183 78
257 125
285 150
257 144
189 113
101 66
29 25
0 1
15 3
19 33
58 80
7 125
281 142
257 146
189 115
93 68
27 25
0 1
15 3
89 33
183 80
7 125
285 150
257 144
189 115
95 70
33 37
0 15
1 5
78 15
52 56
9 109
287 154
257 150
187 111
95 58
29 19
0 5
17 13
89 41
183 78
257 121
285 148
257 150
189 117
101 66
25 19
0 0
15 1
89 35
181 78
259 123
285 150
257 146
189 115
103 68
29 25
0 1
15 3
87 33
183 80
257 125
285 150
257 144
189 113
103 68
27 25
0 0
13 0
89 31
185 80
257 126
283 152
257 144
191 113
103 68
27 27
0 1
15 1
87 31
183 78
259 125
285 152
259 146
191 115
103 68
29 27
0 5
21 13
91 42
173 76
248 109
281 134
259 138
189 111
101 66
27 19
0 0
17 0
91 37
183 85
257 128
285 148
257 142
189 115
101 72
27 27
0 0
15 0
87 31
183 80
257 126
285 148
257 142
191 111
105 70
27 29
0 1
15 1
87 31
183 78
257 125
285 152
257 146
189 113
103 66
27 25
0 1
15 3
87 33
183 78
257 125
285 150
257 146
189 113
103 66
29 27
0 1
13 1
87 31
183 78
257 125
283 150
259 146
191 115
103 68
27 25
0 0
15 3
89 35
183 82
259 130
289 162
251 146
177 95
97 46
31 15
0 3
15 9
85 29
181 70
259 121
287 156
259 156
189 119
103 66
29 21
0 0
13 5
85 33
179 74
257 117
285 146
259 146
189 115
105 68
29 25
0 0
13 3
87 35
181 80
257 125
285 148
259 144
191 115
103 70
27 25
0 0
13 0
87 33
181 80
255 125
285 150
259 144
191 115
103 70
29 27
0 1
13 3
85 31
179 76
257 123
287 152
259 148
189 115
105 68
29 27
0 3
13 3
87 33
181 78
257 125
287 154
265 156
193 123
97 66
17 11
0 0
15 0
89 29
181 80
255 123
285 144
261 142
193 119
105 78
29 31
0 1
15 0
85 31
54 80
1 125
283 150
257 142
187 111
95 66
29 25
0 1
15 1
80 31
56 80
7 126
250 150
259 146
191 113
105 68
29 27
0 1
13 1
85 29
181 76
257 123
285 150
259 146
191 115
105 68
29 25
0 0
15 3
85 33
181 78
255 123
285 150
259 146
191 115
105 70
29 25
0 0
13 1
85 33
181 78
255 123
285 150
259 146
193 117
107 72
35 35
0 15
7 1
74 11
173 54
259 113
287 154
257 150
189 111
105 60
33 21
0 7
15 13
85 37
181 76
257 119
285 148
259 150
191 117
105 66
29 21
0 0
11 1
85 35
179 80
255 121
287 148
261 148
193 119
105 72
29 27
0 0
13 1
85 31
179 78
255 123
285 148
259 144
191 115
107 70
29 27
0 1
13 1
85 31
179 78
257 125
285 152
259 146
191 115
105 68
31 27
0 3
13 3
85 31
181 78
255 125
283 150
259 146
193 117
107 70
31 27
0 3
21 11
87 41
171 76
246 109
281 134
261 138
193 115
103 70
29 23
0 0
15 1
85 35
179 83
255 125
285 148
261 144
193 117
105 72
29 27
0 0
11 0
85 29
179 78
255 125
283 150
259 144
193 115
107 70
29 27
0 0
13 1
85 31
179 78
255 125
285 150
259 146
193 115
105 68
29 25
0 0
13 1
85 31
179 78
255 123
285 150
259 146
191 113
107 68
31 27
0 3
13 3
83 31
181 78
255 123
285 150
259 146
193 115
107 70
31 27
0 1
13 3
85 33
179 78
9 132
289 162
251 144
173 93
101 46
31 15
0 5
13 9
68 29
54 68
9 119
283 156
251 156
130 121
105 66
31 21
0 0
11 5
83 33
46 76
5 119
285 146
251 146
191 115
99 68
31 27
0 1
11 3
83 33
181 78
5 123
283 150
259 146
193 115
107 70
31 27
0 0
13 1
83 31
179 78
255 123
285 150
259 146
193 115
107 70
29 27
0 1
13 1
83 31
179 78
255 123
285 152
259 146
193 117
107 70
31 27
0 1
13 3
83 31
179 78
255 125
287 154
267 156
195 125
99 68
21 13
0 0
13 0
85 29
177 78
253 121
285 144
263 144
195 119
109 76
31 31
0 1
13 0
83 29
177 76
253 123
285 150
259 144
193 115
107 70
31 29
0 3
13 3
83 29
177 76
255 125
285 152
259 148
193 115
107 68
31 27
0 1
9 0
83 27
179 76
255 125
285 152
259 146
195 117
109 72
31 29
0 1
11 0
83 29
179 76
255 123
283 150
259 144
195 115
109 72
29 27
0 0
13 1
83 33
177 78
253 125
285 152
261 148
195 117
107 72
35 37
0 13
3 0
70 7
173 52
250 113
287 154
261 152
193 113
109 62
33 25
0 9
11 13
83 35
177 74
255 119
283 150
259 148
193 117
109 68
31 23
0 0
11 1
83 31
177 76
255 121
285 150
261 148
195 119
109 72
33 27
0 0
11 1
82 29
177 76
255 123
285 148
261 148
195 117
109 72
31 27
0 0
11 1
83 29
177 76
255 125
285 150
261 146
195 115
109 72
31 29
0 1
11 1
83 31
177 76
255 123
285 150
261 146
195 117
109 70
31 27
0 5
19 15
83 41
167 72
244 107
283 134
263 140
195 117
107 68
31 21
0 0
13 3
83 35
177 82
255 125
285 148
261 144
193 117
107 72
31 27
0 0
11 0
82 27
177 76
255 125
285 150
261 146
195 115
109 72
31 31
0 1
11 1
82 29
175 74
3 123
285 150
261 146
195 115
109 62
33 29
0 3
11 3
82 29
177 76
253 123
285 150
261 148
195 117
111 70
33 27
0 1
11 1
82 29
177 74
253 121
285 150
261 148
195 119
109 72
33 27
0 1
13 3
83 31
52 78
1 132
251 162
253 142
185 95
105 50
35 21
0 7
11 7
80 27
177 68
0 121
287 158
263 158
195 121
109 68
31 23
0 1
9 3
82 31
175 72
253 117
283 146
261 146
197 119
111 74
33 29
0 1
11 1
82 31
177 78
253 123
283 148
259 144
197 117
111 74
31 29
0 1
11 1
82 29
177 78
253 125
285 150
261 146
197 117
109 72
31 27
0 1
11 1
82 31
175 76
251 121
285 150
263 148
197 119
109 72
33 29
0 3
11 3
82 29
177 76
255 123
287 154
269 158
187 123
101 66
23 11
0 0
13 0
82 29
175 76
1 117
287 144
265 146
191 123
111 80
33 33
0 1
3 1
80 31
173 78
251 121
283 146
261 142
197 115
109 72
31 27
0 0
13 1
82 29
175 76
253 123
285 152
261 148
197 117
109 72
33 29
0 1
3 1
3 27
50 68
3 123
285 150
261 144
134 115
111 72
31 31
0 3
1 1
78 29
175 76
3 123
283 150
261 146
197 117
111 70
33 29
0 1
11 3
80 29
175 76
251 121
285 150
261 146
197 117
113 76
39 41
0 15
1 0
70 7
171 52
255 117
287 156
261 152
193 111
111 62
37 27
0 9
9 11
80 31
173 70
253 117
285 150
261 152
195 119
111 68
33 23
0 0
9 3
80 31
175 76
251 121
285 148
263 148
197 121
111 74
33 29
0 0
9 0
80 27
175 76
253 121
287 150
263 146
197 117
111 74
35 31
0 3
1 1
80 27
50 74
1 121
283 148
263 148
197 117
109 64
35 31
0 5
11 3
80 29
175 76
253 123
285 150
261 146
199 119
113 74
33 31
0 5
19 13
80 37
164 68
242 103
283 132
265 142
199 119
109 74
33 23
0 0
13 1
80 35
173 82
251 125
285 148
263 146
197 117
111 72
35 29
0 0
9 0
78 25
175 74
253 123
285 150
261 146
134 117
111 72
31 31
0 3
1 1
80 29
173 74
1 123
285 150
263 146
197 115
111 70
35 31
0 5
9 3
80 29
173 74
251 121
285 150
263 148
197 119
111 72
35 29
0 3
9 1
80 27
173 72
251 119
283 148
263 150
199 119
113 74
35 31
0 3
9 1
80 29
173 76
257 132
285 160
253 140
187 97
109 54
37 25
0 7
7 3
76 23
48 66
5 121
287 158
263 158
197 121
113 68
33 23
0 3
9 5
78 29
171 70
251 115
283 146
263 150
199 119
113 72
35 25
0 1
9 1
80 31
173 76
253 121
285 148
263 148
199 119
113 74
35 29
0 1
9 0
78 27
173 74
251 123
283 148
263 146
199 119
113 74
33 31
0 1
9 0
80 29
173 76
251 121
285 148
265 146
199 121
113 76
35 31
0 3
9 1
78 29
173 76
251 123
289 154
271 158
197 123
103 66
25 11
0 0
11 0
80 29
171 74
251 117
287 146
265 148
201 125
113 80
35 33
0 0
7 0
78 27
17 76
1 121
283 146
255 142
199 117
113 76
35 33
0 3
1 0
78 27
171 74
250 121
285 150
263 146
199 117
113 72
35 31
0 5
9 3
78 27
171 72
251 121
283 152
263 150
197 117
115 72
37 31
0 3
9 3
78 27
173 74
251 121
283 148
263 146
201 119
115 76
35 31
0 3
1 1
78 29
48 76
1 121
283 150
265 148
201 121
115 78
41 41
0 13
0 0
66 5
169 52
255 117
287 156
261 150
199 113
117 66
39 31
0 11
9 9
76 29
171 68
251 117
283 150
261 150
199 119
113 70
35 25
0 0
9 1
78 29
171 72
250 117
285 146
265 150
201 123
115 76
35 29
0 0
9 1
76 29
171 74
250 119
285 146
263 146
199 119
115 74
35 31
0 3
9 0
76 27
171 72
251 121
285 150
263 148
199 119
115 74
37 31
0 3
7 0
78 27
171 74
251 121
285 150
263 148
201 119
115 76
37 33
0 5
15 11
76 35
160 66
240 103
283 132
267 142
201 121
111 74
35 25
0 0
11 1
78 33
171 80
250 123
285 146
263 144
199 117
115 76
37 33
0 1
7 0
76 25
171 74
250 123
285 150
263 146
201 117
115 74
37 33
0 3
7 0
78 25
171 70
250 121
283 148
265 148
201 119
115 76
35 31
0 3
9 1
76 27
169 72
250 119
285 150
265 148
201 119
115 72
37 29
0 3
9 1
76 29
171 72
251 119
285 150
265 150
201 119
115 74
37 31
0 3
9 3
76 29
171 76
255 130
285 158
255 138
191 97
113 58
39 29
0 9
7 3
76 21
171 66
251 121
285 156
263 156
201 121
115 70
35 27
0 3
7 3
74 25
169 68
250 115
285 146
263 150
201 121
115 74
37 29
0 1
7 1
74 27
169 72
251 119
285 150
263 148
201 119
117 76
37 31
0 1
7 0
76 25
171 70
251 121
285 150
263 146
201 119
117 76
37 31
0 3
7 1
76 27
169 72
250 119
285 150
265 150
201 123
115 76
37 31
0 3
9 1
76 27
169 72
251 121
289 154
271 160
199 125
105 66
29 13
0 0
9 0
76 27
167 70
250 115
287 144
267 150
203 125
117 82
37 33
0 0
7 0
76 29
169 76
248 121
283 146
265 144
201 119
115 78
37 33
0 1
7 0
76 25
169 74
250 121
285 150
265 148
201 119
115 74
37 31
0 3
9 1
74 27
167 72
250 119
285 150
263 148
203 119
117 74
39 31
0 3
7 1
76 27
169 72
250 119
285 148
265 148
203 119
117 74
37 31
0 1
7 0
76 27
169 74
248 119
285 148
267 150
205 123
117 80
42 44
0 11
0 0
64 3
166 52
251 115
285 154
263 148
201 113
117 68
41 33
0 13
7 9
74 29
167 68
250 117
283 150
263 150
201 119
117 70
37 27
0 1
7 1
74 29
169 72
248 115
285 146
265 150
203 123
117 78
37 31
0 1
7 0
74 27
167 74
248 119
283 148
265 148
203 121
115 76
37 31
0 1
9 1
74 27
167 72
250 119
285 150
265 148
201 119
117 74
39 31
0 3
7 1
74 25
169 72
250 119
285 150
265 150
203 121
119 76
39 35
0 9
15 13
70 31
158 62
240 101
283 134
267 144
203 121
115 74
37 25
0 0
11 1
76 33
167 78
246 117
285 144
267 148
203 123
115 80
37 31
0 0
7 0
74 25
166 72
250 119
285 146
265 146
203 119
119 78
39 33
0 3
5 0
72 25
169 70
250 121
285 150
265 148
203 119
119 76
39 33
0 5
7 1
74 25
167 72
248 119
283 148
267 150
203 123
117 74
37 31
0 1
7 1
74 27
166 70
248 117
287 150
267 152
203 123
117 76
39 31
0 3
7 1
74 27
169 74
253 130
283 158
255 138
193 97
117 60
41 31
0 9
3 1
72 19
169 64
251 119
285 156
265 156
203 123
119 72
37 27
0 3
5 3
72 25
167 66
248 113
283 146
265 150
203 123
119 76
39 29
0 1
7 1
72 27
166 70
248 117
285 148
265 148
203 121
117 76
39 31
0 3
7 0
72 25
167 70
248 117
283 146
265 146
205 121
119 78
41 35
0 5
7 1
74 25
167 72
248 119
283 148
265 150
205 121
117 78
39 33
0 3
7 0
74 25
167 72
250 121
289 154
273 160
201 126
107 68
31 15
0 0
7 0
72 25
164 66
248 113
287 146
269 152
205 126
119 82
39 33
0 3
5 1
70 27
166 72
248 117
283 144
265 144
205 119
119 78
39 33
0 1
5 0
64 25
39 72
248 121
33 148
267 148
205 121
117 74
39 33
0 5
7 1
72 27
9 70
248 117
35 148
267 150
203 121
117 76
39 31
0 3
0 1
72 25
41 68
248 119
33 148
265 148
205 121
121 76
41 35
0 3
5 0
64 25
166 70
248 117
35 148
267 150
205 123
121 80
44 44
0 11
0 0
62 1
31 52
0 115
285 152
265 152
205 115
113 70
42 35
0 11
5 9
70 27
41 64
248 115
33 148
265 150
203 121
119 72
39 29
0 1
5 1
72 25
164 72
248 117
283 146
267 148
205 123
121 78
39 33
0 1
5 0
72 25
166 70
246 117
283 146
267 148
205 121
119 78
39 33
0 1
7 1
72 27
166 72
246 117
285 148
267 148
205 123
119 78
41 33
0 3
5 0
70 25
166 70
248 119
285 148
267 150
205 121
119 78
42 35
1 11
11 11
66 29
154 58
240 99
283 132
269 146
205 123
119 76
39 27
0 0
7 1
74 33
166 78
246 119
283 144
267 146
205 123
119 80
39 33
0 0
5 0
70 23
164 70
246 117
285 148
267 148
205 123
119 78
41 35
0 3
5 0
70 23
166 70
246 119
283 150
265 148
205 119
121 76
41 33
0 3
5 0
64 25
41 70
242 119
33 146
267 148
207 121
119 78
41 35
0 3
5 0
72 25
164 68
246 117
283 146
267 148
207 121
121 78
41 35
0 3
7 1
72 27
166 74
251 130
281 154
255 136
197 99
119 62
44 33
0 9
3 0
70 17
167 62
250 119
285 158
267 156
205 121
121 72
39 29
0 5
5 3
70 25
166 66
244 113
283 146
267 150
207 123
121 78
41 31
0 1
5 1
70 25
164 70
246 115
283 146
267 150
205 123
119 76
41 33
0 3
5 0
70 23
166 70
246 119
285 150
267 148
207 121
121 78
41 35
0 5
5 0
70 23
7 68
246 117
33 148
267 148
140 123
121 78
41 35
0 3
5 0
1 25
41 72
242 121
37 156
265 162
201 125
109 68
33 15
0 0
7 0
70 25
158 66
246 111
37 144
271 152
207 128
121 82
41 33
0 3
3 0
68 25
164 70
246 117
283 146
267 146
207 121
121 80
41 35
0 3
3 0
70 23
164 70
244 119
283 148
269 148
207 121
121 78
41 35
0 5
5 0
70 25
164 68
246 117
283 148
267 150
207 121
123 76
42 35
0 5
3 0
68 23
164 68
246 117
285 148
267 150
207 121
121 78
42 35
0 5
3 1
68 25
164 68
246 117
33 148
267 150
203 123
125 82
46 46
0 9
0 0
62 0
31 54
248 117
33 152
267 148
207 115
125 74
42 37
0 13
5 7
68 25
162 64
244 113
281 148
267 152
207 123
121 74
41 29
0 3
5 3
68 23
162 64
246 113
285 148
267 152
207 123
123 78
42 33
0 3
3 1
68 25
164 68
246 115
33 146
267 148
207 123
123 78
42 33
0 1
5 0
68 25
162 68
244 115
283 146
269 148
208 123
123 80
42 35
0 3
5 0
68 25
162 70
244 117
285 148
269 150
207 123
123 78
44 37
1 13
9 11
62 25
150 56
234 97
33 136
269 148
207 123
121 76
42 29
0 0
5 1
70 29
164 74
244 117
283 144
269 148
208 125
123 82
41 33
0 0
3 0
68 21
162 68
244 115
283 146
269 146
208 121
123 80
42 37
0 5
3 0
68 23
162 68
244 117
283 148
267 148
207 119
123 78
42 37
0 5
3 0
68 23
162 68
244 117
283 148
267 148
208 123
125 80
42 35
0 5
3 0
70 23
162 68
244 117
283 148
269 150
208 123
123 80
42 35
0 5
3 0
68 25
164 74
250 130
279 152
257 134
201 97
125 66
46 37
0 11
1 1
68 15
164 62
246 119
285 158
267 156
207 121
125 74
42 33
0 7
1 3
66 21
160 62
244 111
283 146
269 152
210 123
125 80
0 33
0 5
3 1
68 25
37 68
236 113
33 146
269 150
208 123
123 78
42 33
0 3
5 0
66 25
162 68
244 115
283 146
269 150
208 123
123 78
44 35
0 5
5 0
66 25
160 68
236 117
33 148
265 150
208 123
125 80
0 35
0 3
3 0
68 23
162 70
246 119
289 154
273 158
203 125
115 68
37 17
0 0
5 0
68 25
160 66
242 109
287 144
271 152
210 128
123 83
42 35
0 3
3 0
64 23
158 68
242 113
283 142
267 146
208 121
125 80
44 37
0 5
3 0
66 23
160 68
244 117
283 148
267 148
208 119
125 78
42 37
0 5
3 0
68 21
160 66
242 115
283 146
271 150
208 125
125 80
42 33
0 3
5 0
68 23
160 66
242 115
283 146
269 150
208 123
125 80
44 35
0 5
3 0
66 21
160 66
246 117
283 150
269 152
210 125
128 85
50 50
0 9
0 0
58 0
160 50
248 115
283 152
267 150
208 115
126 74
46 39
0 15
3 5
66 21
158 60
242 111
283 150
269 152
208 123
125 76
44 31
0 5
3 3
66 25
3 64
234 113
33 146
269 152
208 125
125 78
5 33
0 3
1 0
66 21
160 68
244 115
283 148
269 148
210 123
125 80
44 37
0 5
3 0
66 21
158 64
242 115
283 146
271 150
210 125
125 80
44 35
0 5
5 1
66 25
158 66
242 113
285 146
271 150
210 125
125 80
44 39
1 13
7 11
60 23
148 54
236 97
285 136
271 148
208 125
123 76
44 29
0 3
5 1
66 29
158 70
244 115
283 144
269 148
208 125
123 80
42 33
0 1
3 0
66 21
158 68
242 115
283 146
271 148
210 125
125 82
42 35
0 3
3 0
66 23
158 66
242 115
283 146
269 148
208 123
125 78
44 35
0 7
3 0
64 21
158 66
242 115
283 148
269 150
210 123
126 80
44 35
0 5
3 0
66 23
158 66
242 115
283 146
271 152
210 126
126 82
44 37
0 7
5 1
66 25
162 72
246 126
277 148
259 134
203 101
126 68
46 37
0 9
1 0
64 13
160 58
244 117
283 156
269 158
210 123
126 76
44 35
0 7
1 1
64 19
158 60
242 109
283 144
269 152
212 125
126 80
44 33
0 3
3 0
64 23
158 66
240 111
283 142
271 148
210 125
126 82
44 37
0 5
1 0
66 23
158 66
242 115
283 146
271 150
210 125
126 80
44 35
0 5
3 0
64 21
158 64
242 113
283 146
269 148
210 123
128 80
44 39
0 7
1 0
66 23
160 68
244 119
289 156
273 160
205 123
117 68
41 19
0 0
3 0
62 19
156 62
242 109
285 144
273 154
212 130
126 85
44 37
0 3
3 0
62 23
154 64
240 109
283 144
271 148
210 125
126 82
46 37
0 5
1 0
64 23
158 66
242 115
283 146
269 148
210 123
128 80
46 37
0 5
3 0
64 21
158 66
242 115
281 146
271 148
212 125
128 82
44 37
0 5
3 0
64 21
156 64
240 113
283 146
271 152
212 125
126 80
46 37
0 5
3 0
64 21
158 66
242 113
283 146
271 150
210 125
132 89
52 50
0 7
0 0
58 0
160 52
244 117
281 152
267 146
212 115
130 78
48 42
0 15
1 3
64 19
158 60
240 113
281 148
269 150
212 123
126 76
44 33
0 5
3 1
64 23
156 62
240 111
283 144
271 152
210 126
125 80
46 35
0 5
1 0
62 21
156 64
242 113
283 146
269 150
212 125
126 80
46 35
0 5
3 0
64 23
158 66
240 115
283 146
271 150
212 126
126 82
44 35
0 3
3 0
64 23
156 68
240 115
283 146
271 152
212 125
128 83
48 41
3 15
5 9
56 19
144 50
236 95
285 136
271 150
210 125
126 76
46 31
0 3
3 3
62 25
156 68
240 113
283 144
269 150
212 126
126 82
44 35
0 0
1 0
64 19
156 66
240 113
283 144
271 148
212 126
128 83
46 37
0 5
1 0
62 19
156 64
240 111
283 144
271 150
212 126
128 83
48 39
0 5
1 0
62 21
156 64
240 113
281 146
271 150
212 125
128 82
46 37
0 5
1 0
62 21
156 64
240 115
283 146
271 150
214 125
128 83
46 41
0 5
3 0
64 23
158 72
244 126
275 144
259 130
208 101
130 72
48 41
0 9
0 0
62 11
158 60
242 119
283 156
271 156
212 123
126 74
46 33
0 9
1 3
60 19
156 58
240 109
283 148
271 154
214 126
128 80
48 33
0 5
1 0
62 21
156 64
238 111
281 144
271 150
212 126
128 82
44 35
0 3
1 0
62 21
154 66
240 113
283 144
273 150
214 126
128 82
46 37
0 5
1 0
60 21
154 64
240 113
283 146
271 150
212 125
130 82
48 37
0 9
1 1
62 23
156 66
242 117
289 158
271 160
205 123
119 66
42 21
0 0
3 0
60 21
154 60
240 107
285 142
273 154
214 132
128 87
46 37
0 3
1 0
62 23
154 66
238 111
283 142
271 148
214 125
128 83
46 37
0 3
1 0
62 21
154 66
240 115
283 146
271 150
212 123
128 82
48 39
0 5
0 0
60 19
156 64
240 113
283 146
271 150
214 125
130 82
48 37
0 5
1 0
62 21
154 64
238 111
283 144
271 150
214 126
130 82
48 37
0 5
1 0
62 21
154 64
238 111
283 146
265 152
214 128
134 93
52 50
0 5
0 0
46 0
156 52
234 115
31 150
271 146
216 117
132 80
50 44
0 17
0 3
60 17
29 58
238 113
31 150
265 152
212 121
128 76
48 35
0 7
1 1
60 21
154 60
238 111
33 146
271 154
214 128
130 82
48 35
0 5
1 0
60 21
152 62
240 111
31 144
271 152
214 126
130 83
48 37
0 5
1 0
60 21
154 64
238 113
281 144
271 150
216 126
130 83
48 39
0 5
1 0
62 21
154 64
238 113
283 146
273 150
214 126
130 83
50 42
5 17
3 7
52 15
142 46
234 95
283 136
273 150
212 125
128 78
50 33
1 5
3 3
60 27
152 66
238 111
281 144
269 148
214 125
130 83
48 39
0 3
0 0
60 19
154 64
238 113
281 144
271 148
216 125
130 83
48 39
0 5
0 0
60 19
154 62
238 111
281 144
271 148
216 125
130 83
48 37
0 5
1 0
60 21
152 62
238 111
281 146
271 152
214 126
130 83
50 39
0 7
1 0
60 19
152 62
238 111
31 146
271 152
216 126
130 83
48 37
0 5
1 1
60 23
158 72
242 123
273 140
261 130
212 107
134 76
50 41
0 9
0 0
60 13
154 60
238 117
283 154
271 154
214 123
130 78
50 37
0 11
0 1
50 15
152 54
238 107
33 146
271 152
214 126
132 80
46 37
0 7
0 0
60 21
152 62
238 109
281 144
271 150
214 126
132 83
50 39
0 5
0 0
60 19
154 64
238 113
281 146
273 150
216 126
132 83
48 39
0 5
1 0
60 19
150 60
238 111
283 146
273 154
216 126
132 83
50 39
0 7
1 1
60 21
152 62
240 113
281 154
273 158
207 121
123 68
46 23
0 0
1 0
56 19
150 58
238 105
33 142
265 154
218 132
132 87
48 37
0 5
0 0
50 21
25 64
236 109
281 138
273 146
216 126
130 83
50 39
0 5
1 0
58 19
150 64
238 113
281 146
273 150
214 126
132 83
50 39
0 5
0 0
58 17
152 62
236 111
281 146
273 152
216 126
132 83
50 39
0 5
0 0
58 17
152 60
238 113
281 146
273 150
216 126
132 85
50 39
0 7
0 0
58 17
152 62
238 111
283 148
273 154
216 128
138 93
52 50
0 1
0 0
46 0
27 52
240 115
31 150
271 148
216 119
136 82
52 46
0 17
0 3
58 15
150 56
236 111
21 148
271 152
216 123
132 78
50 35
0 5
1 1
58 21
150 62
236 109
281 142
275 152
218 128
132 83
50 37
0 5
1 0
58 21
150 62
236 109
31 144
265 150
216 126
132 83
50 31
0 5
0 0
58 17
152 62
236 111
281 146
273 150
216 126
132 83
52 41
0 7
0 0
58 19
150 62
236 111
281 146
273 152
216 126
134 85
54 44
5 17
0 5
48 13
140 46
232 95
283 136
273 148
216 126
134 82
52 37
1 7
1 5
58 27
150 64
236 109
281 144
273 152
214 126
132 83
50 37
0 3
0 0
58 19
150 62
236 111
281 144
273 150
218 128
134 87
50 41
0 7
0 0
58 19
148 60
232 107
283 142
275 152
216 128
132 85
50 39
0 5
1 0
58 19
148 60
236 109
281 144
273 150
218 126
132 83
52 39
0 5
0 0
58 19
150 62
236 111
281 144
271 148
218 126
136 85
52 42
0 9
0 0
50 21
156 72
236 123
21 138
261 126
152 105
138 80
52 44
0 9
0 0
58 9
152 60
236 119
31 154
273 154
218 123
134 80
46 31
0 9
0 0
48 17
148 56
234 105
281 146
273 152
218 128
134 82
52 37
0 7
0 1
56 19
148 60
236 109
281 144
273 150
218 126
134 85
52 41
0 7
0 0
56 19
148 60
234 109
281 144
273 152
218 128
134 85
52 39
0 5
0 0
56 19
148 62
234 109
281 144
275 152
218 128
134 85
52 41
0 7
0 0
56 19
150 60
240 115
281 158
271 158
208 119
126 68
50 25
1 3
0 0
54 15
148 54
236 103
283 146
275 156
218 134
134 87
52 39
0 3
0 0
56 21
148 62
232 107
279 138
275 148
220 130
134 87
50 41
0 5
0 0
56 17
146 62
234 109
281 142
273 150
218 128
134 85
52 41
0 7
0 0
56 17
148 60
236 111
281 146
273 152
218 126
136 85
54 42
0 9
0 0
56 17
148 60
234 111
281 142
273 148
220 126
136 85
52 41
0 5
0 0
58 19
148 62
234 111
281 144
275 152
220 130
140 97
52 50
0 0
0 0
52 0
150 54
236 115
279 148
273 146
220 119
138 85
54 48
0 15
0 0
56 13
148 56
234 111
279 148
273 152
218 123
134 80
52 37
0 7
0 0
56 17
148 58
234 107
281 144
275 154
220 128
136 85
52 39
0 5
0 0
56 17
146 58
234 105
281 142
275 152
125 128
