700000 10000000 146800 14
263 140
236 130
189 109
134 80
80 52
37 31
13 13
13 7
39 15
83 37
140 64
193 93
238 117
263 132
265 138
244 132
203 115
150 89
93 58
46 33
19 15
11 11
29 15
70 31
123 56
179 83
226 113
7 132
251 140
251 134
154 121
167 97
111 70
60 41
25 19
9 9
23 11
58 27
107 50
166 80
220 117
0 134
255 126
250 115
220 107
185 101
128 83
64 50
31 19
13 3
19 9
46 27
91 48
146 70
201 91
242 115
265 136
263 144
240 132
195 107
142 80
87 54
42 33
15 15
11 5
35 13
78 33
130 62
185 91
232 115
261 130
267 138
250 134
210 119
158 93
103 64
54 37
21 19
11 9
25 13
62 27
115 52
169 80
220 107
255 128
267 138
255 134
224 123
173 101
119 74
66 46
29 23
11 9
19 9
50 23
99 44
156 72
208 99
248 125
17 138
263 140
240 136
195 121
130 83
68 42
29 11
13 0
15 5
31 17
82 35
138 58
197 89
240 121
263 140
265 144
244 132
207 115
152 89
95 64
46 37
17 15
9 5
29 9
68 29
123 56
177 83
226 109
259 128
267 138
253 136
216 121
167 95
111 68
60 41
23 19
11 9
21 11
54 25
105 46
162 76
214 103
251 126
267 136
259 136
230 126
183 105
126 78
74 50
33 25
11 11
17 9
44 19
89 39
146 66
193 95
244 121
15 136
263 138
224 130
191 113
144 89
87 60
42 35
1 17
17 15
31 29
70 37
119 42
179 64
232 99
13 134
267 146
240 134
210 111
162 87
105 68
56 48
21 27
11 9
25 7
62 25
113 54
169 83
218 105
253 123
267 134
257 136
224 126
175 103
121 72
68 42
27 23
11 13
17 11
48 21
99 42
154 70
207 101
248 125
265 138
263 136
236 128
191 109
136 82
80 54
39 29
13 13
13 9
39 17
82 37
138 62
193 91
238 117
263 134
265 140
246 134
205 115
152 89
95 62
48 35
19 17
3 9
29 13
68 31
123 56
179 87
232 121
7 138
259 134
181 121
214 105
169 89
113 70
60 42
23 17
11 5
23 9
56 29
107 54
162 80
212 103
251 123
267 138
259 140
228 126
183 103
126 72
76 46
33 25
11 13
15 7
44 17
91 39
146 68
201 99
242 123
265 134
265 136
240 130
197 113
144 85
87 56
44 29
17 13
11 7
33 15
74 33
130 58
185 87
232 113
259 132
267 140
250 136
212 119
160 95
103 66
56 39
21 19
9 9
25 11
60 25
113 50
169 80
220 109
253 126
267 138
257 138
224 126
175 95
125 82
64 58
21 21
0 0
13 0
50 11
101 50
29 78
205 97
248 113
19 125
265 146
236 140
191 115
128 80
82 48
37 29
11 15
13 11
37 13
80 29
136 56
193 93
238 121
13 136
267 138
248 130
207 117
152 93
97 64
48 35
17 13
11 5
29 13
68 31
121 54
177 82
224 109
0 130
267 138
253 136
218 121
169 97
113 68
62 42
27 23
11 11
21 11
54 23
105 46
162 76
212 103
250 125
267 136
261 138
232 126
183 105
128 78
76 50
35 27
13 13
17 13
48 29
89 46
136 60
189 80
238 105
267 128
265 140
240 130
197 107
146 82
93 58
44 39
15 21
11 11
33 13
74 31
126 60
183 87
230 113
261 128
267 136
250 130
214 119
162 97
105 68
56 39
23 17
11 9
25 13
60 27
113 48
169 76
218 103
253 126
267 140
257 138
226 125
175 101
121 74
70 48
31 27
11 11
17 9
48 19
97 42
152 70
203 97
248 121
267 136
263 140
236 130
191 109
138 82
83 56
39 31
13 13
13 7
37 15
82 37
3 64
191 93
236 119
13 136
271 152
246 142
195 105
144 68
95 44
52 33
19 23
9 11
27 5
68 21
123 54
179 91
224 119
5 132
267 134
250 132
220 123
167 103
111 70
60 37
25 15
11 7
5 13
52 27
103 46
162 72
212 101
250 128
267 140
259 138
232 126
185 105
128 78
76 52
35 27
13 11
15 7
41 17
89 41
144 68
199 95
242 119
265 134
265 140
242 132
199 113
146 85
91 58
42 33
15 15
11 9
33 15
74 33
128 58
183 87
230 113
259 132
267 140
251 136
212 119
164 97
111 74
60 48
15 21
0 0
17 0
60 15
113 46
167 80
216 105
253 123
269 132
259 138
226 130
177 107
123 76
68 44
31 23
11 11
15 11
46 19
95 37
152 64
207 97
244 123
265 136
263 136
238 126
193 111
138 83
83 56
39 29
15 11
11 7
35 15
82 35
136 62
191 91
234 115
261 132
267 138
248 134
207 119
154 91
97 62
50 37
19 17
9 9
27 13
66 29
119 52
175 82
224 111
257 130
267 138
253 136
220 121
169 99
115 64
62 42
25 19
11 9
23 13
54 27
105 52
166 87
208 107
238 109
259 115
261 125
236 126
185 111
128 78
76 42
37 21
15 15
15 19
41 25
85 37
144 60
197 91
240 123
263 138
265 138
242 126
201 109
146 85
91 60
44 33
17 13
11 5
31 13
74 33
126 60
183 87
230 111
259 128
269 138
251 136
212 121
162 91
107 64
58 41
23 21
9 9
23 9
60 25
113 50
167 80
216 107
253 126
267 136
259 138
226 125
179 103
123 76
70 46
31 23
11 9
17 9
46 21
95 42
152 70
207 101
246 126
267 140
269 148
242 140
187 111
126 72
76 37
39 17
17 9
13 9
35 15
80 29
138 58
193 93
236 123
261 138
267 140
248 132
208 117
154 93
97 64
50 35
19 13
11 5
25 11
64 29
121 54
175 82
224 107
255 126
269 138
255 138
220 123
169 97
115 70
64 44
27 23
9 9
19 7
52 21
103 46
160 76
210 103
250 125
267 136
261 138
232 126
187 107
132 80
78 52
35 27
13 11
15 9
41 19
87 39
142 66
199 95
240 121
263 136
265 140
244 132
201 115
148 89
91 60
46 35
19 21
15 21
25 13
60 13
121 33
185 74
232 117
257 136
265 134
251 125
218 117
166 103
107 80
56 46
23 17
9 5
21 11
58 29
109 52
158 76
216 99
251 121
267 138
257 140
226 125
179 101
125 74
72 48
31 29
11 13
17 7
48 19
95 42
150 70
203 99
244 121
265 134
263 136
238 128
195 113
138 85
85 56
41 29
15 11
13 9
37 17
80 35
134 60
189 87
234 115
261 132
267 140
248 134
208 117
156 93
99 64
50 37
19 17
11 7
27 13
66 31
121 56
181 93
224 119
246 125
257 123
251 121
222 117
171 99
113 70
62 39
29 15
15 11
21 17
52 29
103 48
160 74
210 101
248 125
265 138
259 138
232 125
185 103
130 76
78 52
35 29
13 11
15 7
41 17
87 39
142 68
195 93
238 117
263 132
267 140
244 132
201 115
148 87
93 58
46 33
17 15
11 9
31 13
72 31
126 56
181 85
228 113
259 130
267 138
251 132
214 119
164 97
107 68
56 39
23 19
11 11
23 11
58 25
109 48
166 78
216 105
253 126
267 138
259 140
228 128
185 115
126 87
62 44
19 3
7 0
19 1
48 25
91 44
150 66
205 91
246 119
267 142
263 148
238 134
193 109
140 80
83 54
41 33
13 15
11 5
35 11
0 31
134 62
189 91
234 117
261 132
267 138
248 134
207 117
158 93
101 66
50 37
19 17
11 7
27 13
64 29
117 52
173 80
218 107
5 126
267 138
255 136
222 123
171 101
117 72
64 42
27 23
11 9
19 9
50 21
93 42
158 74
210 103
248 125
15 136
263 138
234 128
187 109
125 82
78 52
37 29
15 15
21 21
31 25
76 31
132 48
195 78
240 113
265 134
263 136
242 126
205 109
152 89
95 66
46 41
17 17
11 5
31 11
70 33
123 58
179 83
228 107
259 126
267 138
251 136
214 119
166 95
109 66
58 41
23 21
11 11
23 11
56 25
109 48
164 76
216 105
251 126
267 138
259 136
228 125
181 103
125 76
72 46
31 23
11 9
17 9
44 19
93 41
150 68
203 97
244 121
265 134
263 138
240 130
195 111
140 83
85 54
41 31
17 15
13 9
33 17
78 35
134 62
189 93
234 121
267 146
267 146
238 123
199 93
156 76
105 62
54 42
19 17
9 1
29 3
66 29
119 62
171 89
220 109
255 123
267 136
255 140
220 126
173 99
117 68
66 41
25 19
11 11
19 11
52 21
101 42
158 70
210 103
248 126
265 138
261 136
234 126
187 107
132 82
80 54
37 29
13 11
13 7
41 17
85 39
140 66
195 93
238 117
263 134
265 140
244 134
203 115
150 87
93 58
46 33
17 15
11 9
29 13
70 31
126 56
181 87
228 113
259 130
267 138
251 134
216 123
169 103
117 82
54 44
11 9
1 0
21 0
60 21
107 48
39 74
216 99
253 121
269 140
259 146
228 130
181 107
125 74
70 46
31 25
11 13
15 9
44 17
91 37
148 66
203 97
244 123
265 136
263 136
240 128
197 113
142 87
85 58
41 31
15 13
13 7
33 15
78 33
134 60
189 89
232 115
261 132
267 138
250 134
210 119
158 93
93 64
52 37
21 17
1 7
25 9
64 27
117 52
171 80
218 107
5 128
269 140
250 138
222 125
173 101
119 74
66 46
29 25
11 11
19 11
54 29
105 58
152 76
197 83
240 99
267 123
265 138
234 134
187 109
134 74
82 46
39 31
15 21
13 15
39 17
83 31
138 58
195 95
238 123
263 134
265 132
244 126
205 115
150 91
93 62
46 31
19 13
11 7
29 17
70 33
123 56
179 83
228 109
257 132
267 140
251 136
216 119
166 95
109 68
60 42
25 21
9 9
21 9
56 23
107 48
164 78
214 105
251 123
267 138
261 138
228 126
181 105
126 76
74 48
33 25
11 13
17 9
44 19
91 41
148 68
201 99
244 123
271 142
269 150
232 130
185 99
136 68
87 46
42 31
13 13
9 5
35 9
80 33
132 64
187 95
232 119
261 132
267 136
248 134
210 121
158 93
101 62
52 33
21 15
1 9
25 13
62 25
115 50
173 80
220 109
253 130
267 138
257 134
224 123
173 101
117 72
66 44
29 23
11 11
17 9
50 21
99 44
156 72
208 99
248 123
267 136
261 138
234 128
189 107
134 78
80 52
37 29
13 11
13 7
39 15
85 39
140 66
193 93
238 117
13 134
267 140
236 132
205 115
152 91
95 62
50 41
21 29
5 9
17 0
62 5
123 42
181 87
228 117
257 128
267 130
255 130
220 126
167 107
109 74
60 39
25 17
11 7
21 13
54 27
105 44
164 70
214 101
250 125
267 138
259 138
230 125
183 103
126 78
72 50
33 27
11 11
15 7
44 17
91 41
146 66
201 93
244 119
265 136
265 142
240 130
189 113
144 85
87 58
42 33
0 13
13 7
35 15
76 33
130 60
185 87
232 113
261 132
267 140
248 134
210 119
160 95
103 66
52 39
21 17
11 11
27 15
64 33
121 62
173 89
212 105
244 115
263 123
257 128
224 123
173 101
119 70
68 41
31 21
13 13
19 15
50 25
99 42
154 68
207 99
246 125
265 136
261 136
234 125
189 105
134 80
82 54
37 29
13 11
15 7
39 15
83 39
138 66
193 93
236 115
263 132
265 138
246 134
203 115
152 87
97 58
48 35
17 17
9 9
29 13
70 29
123 54
177 83
224 111
257 130
267 138
253 134
218 121
167 99
111 62
60 42
25 19
11 9
21 11
54 21
105 44
164 76
216 105
251 128
267 138
259 140
236 136
185 119
119 74
62 27
29 3
15 3
17 15
42 25
87 37
148 58
203 93
244 126
265 146
263 144
240 128
197 109
142 85
87 60
42 33
17 11
11 3
33 11
76 33
130 62
187 89
232 113
9 130
267 140
250 136
210 119
156 91
105 64
56 39
17 17
9 7
25 11
62 27
115 52
169 78
220 105
255 126
267 136
255 134
224 123
177 101
121 74
66 46
29 23
11 9
19 9
48 21
97 42
154 70
208 99
248 123
265 136
263 138
238 130
191 109
136 83
82 54
41 33
23 25
13 17
27 9
72 19
136 46
195 85
238 119
261 132
265 132
248 126
208 117
154 97
97 68
48 37
17 13
11 7
27 13
68 33
121 54
175 80
224 105
257 128
267 142
253 138
218 121
169 95
113 68
60 42
25 21
9 9
21 9
54 21
105 46
162 76
212 105
251 125
267 136
259 136
230 126
183 107
128 78
74 48
33 25
11 9
15 9
44 19
89 41
146 66
193 95
242 121
13 136
263 138
242 130
199 113
144 87
87 58
42 33
17 15
3 9
33 15
68 35
130 60
187 91
238 126
1 142
257 130
240 113
203 99
162 89
105 70
37 33
21 13
13 1
27 11
62 37
113 60
167 82
218 101
253 123
267 138
255 140
222 125
175 97
121 68
68 44
29 25
11 11
19 9
48 19
97 42
152 72
207 101
246 123
265 134
263 138
236 128
191 109
136 83
82 54
39 29
13 11
13 7
37 17
82 37
136 62
193 91
236 117
263 132
265 140
248 134
207 117
152 91
97 62
48 37
19 17
11 9
27 11
68 29
123 54
177 85
224 111
257 130
269 140
255 138
224 128
173 109
109 74
50 33
17 3
9 0
23 5
54 23
103 44
162 70
214 97
251 126
267 144
259 144
230 128
183 103
128 76
74 50
33 27
9 9
15 3
42 15
89 39
144 68
199 95
242 119
265 134
265 138
242 132
199 113
146 87
89 58
42 31
15 13
11 7
33 15
74 33
128 56
185 85
230 113
261 130
267 136
251 132
214 121
162 97
105 68
56 39
23 19
11 9
25 13
60 27
113 50
169 80
218 107
253 126
267 136
259 138
226 126
177 103
121 76
70 48
31 27
11 13
19 13
54 33
93 46
142 56
197 74
246 107
269 138
263 146
234 128
191 103
140 76
85 58
41 39
13 19
13 7
37 11
80 33
134 64
189 93
236 117
261 128
265 134
246 132
207 119
154 93
97 60
48 33
19 15
11 9
27 15
66 31
121 54
177 82
224 111
255 132
267 140
253 136
220 121
169 99
113 70
62 42
27 21
11 9
19 9
52 23
103 44
162 74
212 101
250 125
265 136
259 136
232 126
185 107
128 78
76 50
35 27
13 13
15 9
42 19
89 41
144 68
199 97
248 126
269 146
257 138
230 117
195 95
146 78
91 58
42 35
13 11
13 1
35 13
76 37
128 64
183 89
232 111
261 130
267 140
250 136
212 119
162 93
105 64
56 37
21 19
9 9
23 11
60 25
111 48
167 78
216 105
253 126
267 138
259 136
226 125
177 103
123 76
68 46
29 23
11 9
17 9
46 19
95 41
154 70
207 99
246 125
265 136
263 138
238 128
193 111
138 83
83 56
39 31
13 13
13 9
37 17
80 35
136 62
189 89
234 115
263 132
267 140
248 136
207 119
154 93
101 68
54 48
13 17
0 0
21 0
68 17
123 56
173 87
222 107
255 121
271 134
257 142
220 130
169 103
115 68
62 41
25 21
9 13
19 11
52 21
103 41
160 72
210 103
250 126
267 136
261 136
232 126
185 107
130 82
76 52
35 27
13 11
15 9
41 19
87 39
144 66
197 93
240 119
263 134
265 140
244 132
199 113
146 85
89 56
46 33
17 15
11 9
31 13
72 31
126 56
183 85
230 113
259 132
269 140
251 134
214 121
164 95
107 68
58 41
23 19
11 9
25 13
68 37
111 56
158 72
207 89
250 109
269 128
259 138
224 125
177 99
123 70
72 46
31 29
11 17
17 13
46 19
95 39
150 70
203 99
244 123
15 132
263 134
238 126
193 111
138 85
83 54
41 29
15 13
13 9
35 17
80 35
126 60
191 89
234 117
261 132
265 138
248 132
208 117
154 89
99 62
50 37
19 17
9 7
27 11
66 29
119 54
175 83
222 109
257 128
267 138
255 136
220 123
171 97
115 70
64 44
25 21
9 7
21 11
54 25
103 46
158 74
210 103
250 125
269 140
267 152
232 138
177 99
121 56
74 33
37 23
13 17
13 11
41 11
87 29
146 64
199 103
240 128
263 136
263 134
242 126
201 113
146 91
91 60
44 29
17 9
11 5
31 15
72 33
126 58
183 83
228 111
259 130
267 140
251 138
214 119
164 93
107 66
58 41
21 21
11 9
23 11
58 25
109 50
166 80
216 105
253 126
267 138
259 138
226 126
179 103
125 76
72 48
31 25
11 9
17 9
46 21
95 42
150 68
203 97
246 121
265 136
263 138
238 130
195 113
142 87
89 62
46 42
11 17
1 0
27 0
78 19
128 56
189 91
232 115
11 126
269 126
251 136
208 125
156 99
99 64
52 35
19 15
1 9
25 15
62 27
117 48
173 78
222 109
5 130
267 140
255 136
220 121
169 97
117 72
62 46
27 23
9 9
15 7
52 21
93 46
158 74
208 101
248 123
267 136
261 138
232 128
187 107
132 80
78 50
35 27
13 11
15 9
42 19
85 39
140 64
195 93
240 117
263 134
265 138
244 132
203 115
148 87
93 60
46 33
17 15
13 9
31 17
72 33
128 60
187 97
226 117
248 117
259 115
253 119
218 121
164 103
105 66
56 33
27 13
13 13
23 21
56 31
109 48
167 74
216 103
251 128
265 138
257 136
228 123
179 101
123 74
70 48
31 27
11 11
15 7
44 19
93 41
150 70
203 99
244 121
265 134
263 138
238 130
187 111
140 83
85 56
41 29
13 11
13 5
37 15
80 35
125 62
189 89
234 115
3 132
251 140
177 134
208 119
156 91
101 64
52 37
21 17
11 9
25 11
64 29
117 52
173 82
224 111
257 132
269 142
261 146
226 134
164 99
105 58
58 25
27 11
13 7
17 11
48 19
101 39
162 70
212 105
248 130
265 140
261 138
234 126
187 107
130 82
76 52
35 25
13 7
13 5
41 17
85 39
142 64
195 91
240 117
265 134
265 140
242 132
201 113
148 87
93 60
46 35
17 15
11 7
31 13
7 31
0 56
181 85
228 109
9 130
267 138
251 134
210 121
164 95
109 68
58 41
23 19
9 9
23 13
58 25
109 48
158 76
216 105
1 126
267 136
259 136
228 126
179 105
125 78
64 48
33 27
17 21
21 21
37 17
80 19
144 44
205 87
246 125
265 142
263 136
240 123
199 109
142 91
87 66
41 37
15 11
11 3
35 15
76 37
132 62
187 85
234 109
261 128
267 140
248 138
208 119
158 91
103 62
52 37
19 19
11 9
25 9
64 25
117 52
171 82
222 109
255 128
267 136
255 134
222 123
171 99
117 72
66 44
29 21
11 11
19 9
52 23
101 44
158 72
208 101
248 125
17 136
261 138
218 128
189 107
132 80
80 52
37 29
13 15
13 9
41 17
85 39
144 70
203 105
236 125
253 126
257 123
242 117
205 109
148 89
93 58
46 29
19 9
13 7
33 19
72 37
123 58
179 82
228 109
259 132
267 142
251 136
216 117
166 91
109 66
58 42
23 21
11 9
21 9
56 23
109 48
164 78
216 105
251 126
267 136
259 136
228 126
181 105
126 78
72 48
31 23
11 11
17 9
44 19
91 41
150 68
203 97
244 121
265 136
263 138
240 130
195 113
140 85
85 54
42 31
1 15
3 9
33 15
78 35
0 62
189 91
232 117
11 132
251 140
250 136
210 121
164 105
101 72
42 27
11 0
9 0
29 9
64 35
115 54
171 76
222 101
259 128
269 148
255 146
222 125
173 97
119 70
64 46
25 27
9 11
19 5
50 17
99 42
156 74
208 101
248 121
267 134
263 138
236 130
189 113
126 83
80 52
37 27
13 13
13 9
39 17
83 35
15 62
187 91
238 117
13 134
265 138
246 132
203 115
150 89
95 62
46 35
19 17
11 7
29 13
68 29
123 52
181 85
226 113
257 130
267 138
253 136
218 121
166 99
111 70
60 42
25 21
15 15
29 23
52 27
95 37
156 58
214 91
253 123
267 138
257 136
228 121
185 99
128 80
74 56
31 31
13 11
17 7
44 19
91 42
146 70
201 95
244 117
263 132
263 138
240 130
197 111
142 83
87 56
41 29
15 13
13 9
33 17
76 35
130 58
187 87
234 115
259 130
267 138
250 134
212 119
158 93
101 64
54 37
21 19
11 11
25 13
62 27
115 52
171 80
220 109
255 128
267 138
257 136
224 123
173 101
119 74
66 46
29 23
9 9
17 9
52 23
101 46
156 76
207 101
251 130
271 152
257 142
222 113
183 83
136 70
83 56
37 35
11 9
13 0
42 11
85 42
15 76
193 99
238 115
5 130
250 138
244 134
203 117
150 85
95 56
46 31
17 15
3 11
29 15
68 29
123 54
179 83
226 113
9 132
267 138
253 134
216 119
167 97
111 70
60 41
25 19
11 7
21 9
56 25
107 48
164 76
214 103
250 123
267 136
259 138
230 126
183 105
128 78
66 48
33 27
11 11
15 7
44 17
91 39
146 70
201 97
244 121
265 136
265 140
242 132
201 115
152 97
89 66
33 29
3 0
7 0
35 5
78 33
128 60
185 83
234 109
263 130
269 144
250 142
210 123
158 93
103 64
52 39
19 19
9 9
23 9
60 21
115 48
171 80
220 109
253 128
267 136
257 136
224 125
173 101
119 72
68 44
29 23
11 11
17 9
48 21
99 42
156 72
207 99
246 123
267 136
263 138
236 130
189 109
134 82
82 54
39 29
13 13
13 7
39 17
83 37
138 64
193 91
236 115
263 132
267 140
246 134
203 115
152 89
97 62
48 37
19 17
11 11
31 15
74 41
123 66
167 78
216 87
255 109
269 134
255 142
216 125
167 91
113 60
64 41
27 27
11 17
19 11
54 19
105 42
162 78
212 107
250 126
265 132
259 132
230 125
183 107
126 78
74 48
35 23
13 9
15 9
42 21
89 41
146 66
201 95
242 119
265 136
265 140
240 130
197 111
144 83
87 56
44 33
17 15
11 7
33 13
76 33
130 60
185 89
232 115
261 132
267 138
250 134
210 119
160 95
105 66
54 39
21 17
11 9
25 13
62 29
113 52
171 80
220 109
257 134
273 148
253 140
214 115
167 85
119 60
70 42
29 25
9 9
17 5
50 17
99 44
156 78
207 107
246 125
265 134
263 136
236 130
189 113
126 82
80 48
31 25
13 11
13 9
37 15
82 35
138 64
193 93
236 119
263 134
267 138
246 132
205 115
152 89
97 60
48 35
17 15
9 7
29 13
68 29
121 54
177 82
218 109
259 130
267 140
253 138
218 121
169 97
113 68
60 41
25 21
11 9
21 11
54 23
105 46
162 76
214 103
250 126
267 138
261 138
232 128
185 107
128 82
78 56
39 39
9 15
3 0
35 0
89 23
150 68
201 103
240 121
263 126
267 130
244 134
201 125
142 95
87 56
44 27
17 13
11 13
29 19
74 31
128 54
185 83
230 113
259 134
267 140
250 132
212 117
160 91
103 66
56 42
21 21
9 7
25 9
62 27
113 52
169 80
218 107
253 126
267 136
257 136
226 125
177 103
123 74
68 46
29 23
11 9
17 9
48 23
97 42
152 70
207 97
246 123
267 136
263 140
236 128
193 109
136 82
83 56
39 33
15 15
13 11
39 19
87 46
140 74
183 89
224 103
257 115
267 128
248 132
205 117
152 87
97 56
52 35
21 21
11 15
27 17
66 27
121 50
175 82
224 111
257 130
267 138
253 132
218 119
169 97
113 72
62 42
25 19
11 7
21 9
54 25
105 48
160 76
212 101
251 125
267 138
259 138
230 126
185 103
128 76
76 50
33 27
11 11
15 7
42 17
89 39
144 68
199 95
242 119
265 134
265 138
242 132
199 113
144 87
89 58
44 31
17 15
13 9
33 17
74 33
128 58
185 89
230 115
259 132
267 140
255 144
216 132
152 89
91 42
52 17
25 11
13 15
21 17
58 21
113 41
171 76
220 115
253 136
267 142
257 132
226 119
175 101
121 78
68 48
29 21
11 5
17 5
48 23
95 46
152 70
205 95
246 119
265 134
263 140
236 130
191 109
138 82
83 54
39 31
13 13
13 7
39 15
82 35
136 62
191 91
236 117
263 134
265 138
248 132
207 117
154 91
99 64
50 37
19 17
11 9
27 13
66 29
121 54
177 83
224 111
255 130
267 138
255 136
220 125
169 101
115 72
66 48
33 31
7 15
9 3
42 5
101 31
164 68
212 103
248 125
267 132
263 132
234 126
187 113
130 87
76 54
35 25
13 9
15 9
41 21
87 41
142 62
199 89
240 117
13 136
250 140
234 130
199 111
146 87
91 60
44 35
15 15
11 7
33 13
72 33
126 58
183 87
230 113
259 130
267 138
250 134
214 119
164 95
107 68
56 39
21 17
11 9
23 11
58 25
111 50
167 80
218 107
253 126
267 138
259 138
226 126
177 103
123 74
70 46
31 23
11 11
1 11
48 23
93 44
29 76
210 111
244 126
5 125
255 117
238 115
189 111
138 89
83 56
39 23
17 7
15 9
37 25
80 42
134 62
191 85
234 113
3 134
265 142
234 132
207 111
156 85
99 64
50 33
17 19
3 7
29 9
66 29
119 56
171 83
224 109
0 126
267 138
253 136
220 125
169 101
115 70
62 41
25 21
11 11
21 11
52 23
103 44
160 74
212 103
248 125
267 136
261 138
232 126
185 105
130 78
78 50
35 27
11 11
15 9
41 17
87 39
142 66
199 95
240 119
265 136
267 142
250 140
205 125
140 87
80 46
39 15
17 3
13 5
31 15
72 29
126 52
183 82
232 115
261 138
267 144
251 136
214 117
164 95
105 68
56 42
21 17
9 5
23 7
58 25
109 50
167 78
218 105
253 126
267 136
257 136
226 126
179 103
123 76
70 46
31 25
13 11
17 9
46 19
95 41
152 70
205 99
244 121
265 134
263 138
238 130
193 111
138 83
83 54
41 31
15 15
13 9
37 15
80 33
134 60
189 89
234 115
261 132
267 138
248 132
208 117
156 93
101 64
52 39
19 19
15 17
31 25
58 27
105 35
167 58
226 99
259 134
267 146
253 134
222 115
175 97
117 80
64 54
25 27
9 7
19 5
52 21
93 48
158 76
210 101
248 119
15 132
261 138
218 130
187 109
130 80
78 48
35 29
13 13
15 11
41 19
87 37
142 64
197 95
240 121
263 134
265 138
244 130
201 113
148 87
91 58
44 31
19 15
13 11
31 15
72 33
126 58
183 85
228 113
259 132
267 140
251 134
214 119
164 95
107 68
58 42
23 19
11 9
23 11
58 29
111 52
169 83
224 117
251 132
257 130
248 121
224 109
183 97
125 76
68 46
29 19
13 5
21 11
48 27
93 48
150 72
205 95
244 119
265 136
261 140
238 130
193 107
138 80
83 52
41 31
15 15
11 7
35 15
78 33
134 60
189 89
234 117
261 132
267 138
250 134
208 117
156 91
99 64
52 37
19 17
3 7
25 11
64 29
119 54
173 82
222 109
0 126
267 138
255 136
220 123
171 99
117 72
64 44
27 23
9 7
19 7
54 25
103 48
158 74
210 101
250 125
267 138
261 140
234 128
189 111
138 91
76 58
25 15
0 0
5 0
44 15
87 44
15 66
187 85
242 111
17 136
267 148
244 140
201 115
148 82
93 56
46 35
15 19
11 9
29 9
70 25
125 56
181 89
228 115
257 130
267 134
253 132
216 123
166 99
107 70
58 39
23 19
11 9
21 13
58 27
109 48
166 76
214 103
251 125
267 138
259 138
228 126
179 103
125 76
72 48
31 27
11 11
17 9
46 19
93 41
148 70
203 97
244 121
265 136
263 138
238 130
195 111
142 85
85 56
41 31
17 17
17 15
31 25
72 33
123 48
183 74
234 105
13 130
265 140
177 130
210 113
158 91
103 68
52 44
21 23
11 9
25 11
64 29
117 54
173 83
220 107
255 125
267 136
255 136
222 125
171 101
117 70
64 42
27 21
11 11
17 11
50 23
101 44
158 72
210 101
248 125
267 136
261 136
232 126
187 105
134 82
80 54
37 29
11 11
15 7
41 19
85 39
140 66
197 93
238 117
263 134
265 138
244 132
203 115
150 89
93 60
46 35
17 15
11 9
31 15
70 33
125 56
181 85
228 113
263 140
271 152
244 134
205 101
162 74
111 60
60 46
23 25
9 5
21 1
58 21
109 52
167 87
216 111
251 125
267 132
259 136
228 128
179 107
123 74
70 42
31 21
3 11
15 11
44 19
93 39
25 62
203 97
242 121
265 134
265 138
240 130
187 111
140 83
87 56
41 31
15 13
11 7
35 15
78 35
132 60
187 87
234 115
263 134
267 140
248 134
210 117
158 91
101 64
52 39
21 19
11 9
25 11
64 27
117 52
173 82
222 109
5 128
267 138
257 138
224 126
175 99
125 83
64 50
17 15
1 0
15 0
52 15
101 44
156 72
208 95
248 119
269 136
263 144
234 134
187 111
132 80
80 50
35 29
11 13
11 7
39 13
85 35
140 62
193 91
240 117
265 134
267 138
244 132
203 115
150 89
95 62
46 35
17 13
11 7
29 13
70 31
123 56
179 83
228 111
259 130
267 138
253 134
216 121
166 95
109 68
60 41
25 21
11 9
21 11
56 23
107 46
164 76
214 105
251 126
267 138
259 136
230 126
181 105
125 78
72 48
33 27
13 13
17 11
46 25
99 54
148 76
191 85
234 97
263 117
267 136
242 138
195 115
140 78
89 48
44 33
17 25
11 19
33 17
76 29
132 56
185 91
232 119
259 132
251 134
181 130
208 109
158 95
95 68
52 37
21 15
1 5
25 13
62 29
117 52
171 80
220 107
5 128
267 140
255 138
222 125
173 99
119 72
62 44
27 23
11 9
19 9
50 21
99 42
156 72
208 93
246 123
15 136
261 138
158 128
189 109
134 82
78 52
39 29
15 15
13 9
39 17
83 39
140 64
195 93
238 121
269 142
269 150
238 134
193 103
144 72
95 48
48 31
17 15
9 5
31 9
72 27
125 58
179 91
226 115
257 130
267 134
253 134
216 123
166 99
111 66
60 39
23 17
11 9
21 13
56 25
107 46
164 74
216 103
251 126
267 140
259 138
228 126
183 105
126 78
72 48
31 25
11 9
15 7
42 17
91 41
148 70
201 97
242 121
263 134
265 138
242 132
197 113
142 85
87 56
42 31
15 15
11 9
33 15
76 31
130 58
187 89
232 115
261 132
269 138
251 134
210 119
158 93
103 66
58 44
27 33
3 9
13 0
56 3
117 41
173 85
218 115
253 126
267 130
259 134
226 130
175 111
119 78
66 42
29 17
9 7
17 13
48 27
97 44
154 66
208 95
248 123
265 138
261 138
236 126
191 107
134 82
80 56
37 31
13 13
13 7
39 17
83 37
138 64
195 93
238 117
263 132
265 138
246 132
205 115
150 89
95 60
48 35
17 15
11 9
29 13
68 29
121 54
179 83
226 111
257 130
267 138
253 134
218 123
167 99
111 72
60 44
25 21
11 9
21 13
58 29
115 60
162 82
205 95
240 107
265 123
261 132
230 126
179 103
126 72
76 44
35 25
13 15
17 17
44 23
89 41
146 66
201 95
242 123
263 136
263 136
240 126
199 109
142 85
87 58
42 31
17 11
13 7
33 13
74 33
130 60
187 89
232 115
259 132
267 138
250 134
212 119
160 95
103 66
54 39
21 17
9 7
23 9
62 25
115 50
171 82
220 107
253 128
267 138
257 138
224 125
175 101
119 72
68 44
29 23
11 9
17 9
48 21
97 42
156 72
208 101
248 125
267 138
263 142
242 140
189 117
126 72
72 33
35 13
17 11
15 15
37 19
82 31
140 56
195 91
238 126
263 142
265 142
244 126
205 111
152 91
95 66
46 37
17 11
11 3
29 11
68 31
121 56
177 82
226 107
259 128
267 140
253 138
218 123
167 97
111 68
60 41
25 21
11 9
19 9
54 21
107 44
164 76
214 107
250 126
267 136
261 138
230 126
183 107
126 80
74 48
33 25
13 11
15 9
42 19
89 41
146 68
201 95
242 121
265 136
265 140
240 132
199 113
146 87
89 60
46 39
21 25
7 11
21 3
68 15
128 44
187 83
232 117
259 130
267 134
251 130
214 121
162 103
103 72
54 39
21 15
11 7
23 13
60 29
111 50
169 76
220 103
253 126
265 138
257 136
226 125
177 103
121 76
68 46
29 25
11 11
17 9
48 21
97 41
154 70
207 99
246 121
265 134
263 138
236 128
191 109
136 82
82 54
39 29
13 13
13 7
37 13
82 35
138 62
193 93
236 117
263 132
267 138
246 132
205 117
152 91
97 62
48 37
17 15
11 9
29 15
68 33
121 56
179 85
230 123
251 130
255 121
248 113
220 111
171 103
113 76
58 39
25 11
15 5
23 17
54 35
103 52
162 72
212 99
250 125
265 140
259 140
230 125
183 101
128 76
74 50
33 27
13 11
15 7
42 17
89 41
144 68
201 97
242 121
265 134
263 140
242 132
199 113
144 85
89 56
42 31
17 13
11 7
33 15
74 33
128 58
185 87
232 115
261 132
267 140
250 136
212 119
160 93
105 66
56 41
21 19
11 9
25 13
60 27
113 50
169 80
220 107
253 128
269 140
259 140
232 136
177 111
111 70
56 29
25 5
13 3
19 9
46 21
95 39
154 64
208 97
248 126
267 144
263 142
236 126
193 107
136 83
82 56
37 29
13 11
13 3
37 13
82 35
136 62
193 91
236 115
253 132
265 138
246 134
207 117
154 89
99 62
50 37
17 17
1 9
29 13
68 29
121 54
175 82
224 109
0 128
251 138
253 134
220 121
169 97
113 70
62 42
25 21
11 9
21 11
54 23
103 46
160 74
214 103
250 126
267 138
261 138
232 126
185 107
128 82
68 52
35 29
13 13
21 21
35 29
78 31
1 44
197 76
244 117
15 140
255 142
242 126
201 105
148 85
91 66
44 41
0 15
5 5
33 11
72 33
125 62
183 87
230 111
9 126
267 138
251 136
212 121
162 93
107 66
56 41
21 21
1 11
23 11
58 25
113 50
162 80
216 107
253 126
267 136
257 138
224 125
177 103
123 76
68 46
29 21
11 7
19 9
48 21
95 42
152 70
205 99
246 121
267 136
263 140
238 130
193 109
138 83
83 54
39 29
13 11
15 7
37 17
82 37
138 66
195 99
242 126
257 136
255 128
240 115
207 103
154 87
97 62
48 33
19 11
13 5
29 15
68 35
119 60
175 83
224 107
255 126
267 140
253 140
218 123
169 93
113 64
64 42
27 23
9 9
19 7
54 21
105 46
160 76
212 103
250 125
267 136
261 138
232 126
185 105
130 78
76 50
33 27
13 11
15 7
42 17
87 41
142 66
191 95
240 119
13 136
250 140
234 132
199 113
146 85
91 58
44 31
17 15
11 9
31 13
74 33
128 58
183 87
230 115
259 132
269 140
251 136
214 123
166 103
111 80
52 44
9 3
1 0
23 0
62 27
111 56
166 78
216 97
255 121
269 140
259 148
226 132
177 103
123 70
70 46
29 27
9 13
17 7
46 15
95 39
150 70
205 99
246 123
267 136
263 136
238 128
193 111
140 85
83 54
39 27
13 9
13 9
37 19
80 37
134 60
189 87
236 115
263 134
265 140
246 132
208 115
156 91
99 64
50 37
19 17
11 7
27 11
64 27
119 52
175 83
224 109
257 130
267 138
255 136
220 125
171 101
115 72
64 44
27 23
13 13
25 19
54 33
93 42
148 58
207 83
250 115
267 136
259 138
230 123
187 101
134 80
80 56
31 33
13 15
15 7
42 17
87 39
142 68
187 95
240 117
13 130
263 136
242 130
201 115
148 87
91 58
44 33
17 15
11 9
31 13
72 31
126 58
183 85
230 113
259 132
267 140
251 134
214 119
164 95
107 68
56 39
23 19
11 9
23 11
58 25
111 48
167 78
218 107
251 128
267 138
257 136
228 125
179 103
123 76
70 48
31 27
13 13
17 11
46 21
95 44
152 70
203 99
244 123
269 144
267 150
230 125
181 89
134 62
87 48
42 35
13 17
11 3
39 7
1 33
3 70
189 101
234 119
261 130
267 136
246 132
207 121
154 93
99 58
50 31
19 13
11 7
27 13
64 29
119 50
175 80
224 109
255 130
267 138
255 134
220 121
171 99
115 74
62 44
27 21
11 9
19 9
52 21
101 44
160 74
210 101
250 123
267 134
261 138
234 128
187 107
130 80
78 50
35 27
13 13
15 9
41 17
87 39
142 66
197 93
240 119
265 136
267 140
244 134
203 117
152 93
99 70
44 41
5 9
1 0
27 0
74 25
126 58
179 87
228 107
261 125
271 140
253 142
214 126
164 97
109 64
58 39
21 21
9 11
21 9
58 21
109 44
166 74
216 105
251 126
267 138
257 134
228 125
179 105
123 76
70 44
33 23
13 11
17 11
44 21
93 41
150 68
205 97
244 123
263 136
263 138
238 128
193 109
130 82
85 54
42 31
0 15
3 9
35 15
80 35
1 60
189 89
234 115
3 132
267 140
248 132
208 117
158 91
101 64
52 37
21 17
13 9
29 15
66 33
123 66
171 89
212 97
246 105
267 123
259 134
218 128
169 101
117 64
66 37
29 23
13 19
19 19
50 23
99 39
158 70
210 105
248 130
15 138
259 134
218 123
187 107
132 83
78 52
37 25
15 9
15 7
41 19
85 41
142 66
197 93
240 117
263 134
265 140
244 130
203 115
148 87
91 58
46 33
17 17
11 9
29 13
70 31
126 56
181 85
228 113
259 130
267 140
251 136
216 119
164 95
109 68
60 41
23 19
9 7
23 11
58 27
109 50
166 78
218 105
253 130
273 146
263 150
222 126
169 91
119 58
70 37
33 21
11 11
15 7
46 15
95 39
152 72
205 105
244 126
265 136
263 134
240 128
195 115
140 87
83 54
41 27
15 11
13 7
35 17
78 35
134 58
189 87
234 115
261 132
267 140
250 134
208 117
156 91
99 62
52 39
21 19
9 7
25 11
64 27
117 54
171 82
220 107
255 126
269 138
255 138
222 125
171 99
109 70
64 42
27 23
11 9
19 9
52 21
99 42
156 72
208 93
0 123
265 136
261 138
218 126
187 111
126 83
80 54
42 35
19 25
9 11
27 1
78 15
140 50
199 93
240 125
261 134
265 130
248 126
207 121
150 99
91 68
44 33
17 9
11 5
29 17
68 33
123 54
179 78
228 107
257 130
267 140
253 138
216 119
166 95
109 68
58 44
23 21
11 9
23 9
56 23
109 48
166 78
216 105
251 126
267 138
259 138
228 126
181 103
125 76
72 46
33 25
11 11
15 9
46 19
93 41
148 68
203 97
244 121
263 134
263 138
238 128
197 113
142 85
87 58
41 33
15 15
13 9
37 19
78 39
138 70
189 97
224 111
251 117
263 123
250 125
210 117
156 93
99 60
54 31
23 17
13 13
27 19
62 29
117 50
173 80
220 109
253 130
265 136
255 132
222 121
173 99
117 74
64 46
29 23
11 9
19 9
50 23
99 44
156 72
208 99
248 123
265 138
261 138
234 128
189 107
134 80
78 52
37 29
13 13
13 9
39 17
83 39
140 64
195 93
238 119
263 134
265 140
244 132
205 115
150 89
93 60
46 35
17 15
11 7
31 13
70 31
123 54
181 83
228 111
259 132
267 142
253 138
222 130
167 109
101 64
48 19
19 0
13 1
25 15
54 29
105 42
166 68
218 103
253 132
267 146
259 142
228 125
181 101
125 76
72 52
33 27
11 9
15 3
44 15
93 41
148 70
201 97
242 117
265 132
265 138
240 134
195 113
142 83
87 54
41 29
15 13
13 9
35 15
76 33
132 58
187 87
234 115
261 134
267 138
248 130
210 117
158 91
103 66
54 41
21 17
11 7
25 11
62 29
115 54
171 82
222 107
255 128
267 138
255 136
224 125
175 103
119 74
66 46
31 27
17 23
15 17
39 15
89 27
156 56
210 95
248 125
263 136
261 132
236 123
193 109
136 89
80 60
37 31
13 9
13 7
39 19
83 41
138 64
193 89
236 111
263 132
267 140
246 134
203 115
150 87
97 60
48 37
17 19
11 9
29 13
68 29
123 54
179 85
226 113
257 130
267 138
251 134
218 121
167 99
111 70
58 41
25 19
11 7
21 9
56 25
107 48
164 76
214 105
251 126
267 138
259 138
230 126
183 105
126 76
72 48
33 25
13 11
17 9
44 21
91 42
148 70
205 101
248 132
261 142
253 126
232 107
197 95
144 83
87 60
41 31
15 9
15 3
37 19
78 42
130 68
185 89
232 109
259 128
267 140
250 138
210 119
158 89
103 60
54 37
21 19
9 9
25 11
62 27
115 50
169 82
220 109
255 128
267 138
257 136
222 125
173 103
119 74
66 44
27 21
11 9
19 9
50 21
97 44
154 72
208 99
248 123
265 136
261 138
236 128
191 109
136 82
80 54
39 29
13 13
13 7
37 15
83 37
140 64
193 95
238 119
263 134
267 140
248 136
208 125
154 99
89 62
37 23
11 0
11 0
31 9
68 31
121 52
179 78
228 107
261 132
269 146
253 140
216 119
167 95
113 70
60 44
21 23
9 5
21 5
54 21
107 46
162 76
214 103
251 125
267 136
259 138
230 128
183 107
126 78
74 48
33 25
11 11
15 9
42 19
89 41
146 66
201 93
240 119
265 136
265 140
242 132
197 113
144 85
87 58
42 33
15 17
11 9
33 15
76 33
130 58
187 87
232 113
259 132
267 138
250 134
212 119
160 95
105 68
56 41
21 21
9 9
31 19
68 41
109 54
158 64
212 82
255 115
271 142
257 144
222 123
173 91
125 68
70 52
29 35
9 17
17 7
50 17
99 42
154 76
205 103
246 121
265 130
261 134
234 128
191 111
134 82
82 52
39 27
13 13
13 9
39 19
82 37
136 62
193 89
238 117
263 134
265 140
246 132
207 115
152 89
95 62
48 35
17 15
11 7
29 13
68 31
121 56
177 83
218 109
7 128
267 140
253 136
218 123
167 97
113 62
62 42
25 23
9 9
21 9
56 25
107 48
162 78
214 107
257 134
269 146
251 134
220 111
179 87
130 68
78 48
31 27
9 7
15 3
46 17
91 46
144 74
199 99
242 121
265 134
263 140
240 132
197 113
144 83
89 54
42 29
15 13
13 9
33 15
74 31
130 56
185 87
232 115
259 134
265 138
251 134
212 119
160 95
103 66
54 39
21 17
9 7
23 9
60 25
115 50
169 80
218 107
253 126
267 138
257 138
226 126
177 101
121 74
68 44
29 23
11 11
17 9
48 21
97 42
154 70
207 99
246 123
267 136
263 140
238 132
191 113
136 85
87 64
41 41
5 7
1 0
33 0
83 29
138 68
191 95
234 113
5 125
269 136
250 140
207 126
152 95
97 58
48 31
19 15
1 11
27 13
66 27
121 50
177 82
224 111
257 132
267 138
253 134
220 121
167 99
113 72
62 42
25 21
9 7
19 7
54 23
105 48
162 76
212 103
250 125
267 136
261 138
230 128
183 105
128 74
76 48
35 29
13 15
15 9
42 17
91 39
146 68
199 95
242 121
265 134
265 138
242 130
199 113
146 87
91 58
44 33
17 15
13 9
37 21
80 44
125 64
173 80
222 95
259 117
267 132
250 134
212 119
162 91
107 62
58 41
23 25
11 17
23 15
60 25
111 46
37 80
218 109
1 128
265 126
257 132
226 123
177 95
121 74
68 44
31 21
3 9
17 9
46 21
97 42
154 72
207 99
244 123
265 136
263 138
238 128
191 109
136 82
83 54
39 29
13 11
13 7
37 15
82 35
136 62
191 91
236 115
255 132
267 140
246 134
205 115
154 89
99 62
50 37
19 17
11 7
29 13
68 29
121 56
175 85
224 111
250 132
269 142
259 148
218 126
160 87
105 46
60 25
29 19
13 17
19 13
52 19
105 39
164 76
214 111
250 132
265 138
259 132
232 123
185 109
128 83
74 50
33 21
13 7
15 9
42 21
87 42
144 66
199 93
240 117
263 136
265 142
242 132
199 111
144 83
91 58
44 35
17 17
3 9
31 13
74 31
128 60
183 89
228 113
9 130
253 138
251 134
212 119
162 95
107 66
56 39
21 19
9 7
25 11
60 27
111 50
167 78
218 105
255 128
269 142
259 138
226 125
179 103
125 78
74 54
35 35
5 13
7 0
41 3
95 31
154 68
205 101
244 121
265 130
265 132
240 130
195 119
138 89
82 54
39 27
15 13
13 11
35 19
80 33
136 58
191 85
234 115
261 132
267 140
248 132
207 115
154 91
99 64
50 37
19 17
11 7
29 13
66 31
119 54
175 82
224 107
257 128
267 140
255 138
218 123
171 99
115 72
62 44
25 23
9 9
19 9
54 21
41 46
31 76
210 101
0 125
267 136
261 140
232 128
185 107
130 80
68 52
35 27
13 13
17 11
42 21
87 41
148 72
205 107
236 123
1 117
257 115
244 119
205 117
146 93
89 56
44 23
21 9
15 13
31 25
72 39
126 56
183 82
230 113
257 134
267 142
251 132
214 115
162 89
107 64
58 42
25 21
11 7
23 9
58 23
111 50
160 82
218 107
253 125
267 136
257 138
226 126
179 103
123 74
70 46
29 23
11 9
17 9
46 19
95 42
152 70
205 99
246 123
267 136
263 138
238 130
193 111
138 85
83 56
41 29
15 13
13 9
37 17
78 37
134 60
191 89
236 117
263 136
267 144
255 144
210 126
146 89
87 48
46 19
21 7
13 7
25 13
62 25
119 48
177 80
226 113
257 134
265 142
255 134
222 121
171 99
113 74
62 44
25 17
11 5
19 7
52 23
101 46
160 74
210 101
250 123
267 138
261 140
232 128
187 105
132 80
76 50
35 29
13 13
15 9
41 17
23 37
17 64
191 93
240 119
13 132
250 136
244 130
203 117
148 89
91 60
44 31
1 15
5 9
31 17
64 33
126 56
183 85
230 113
9 132
267 140
251 134
214 121
164 95
107 68
58 42
23 21
15 17
27 25
50 23
99 29
162 56
220 97
3 130
267 144
250 134
228 117
181 99
125 82
62 58
29 29
11 7
15 3
44 17
93 42
150 72
203 95
244 117
265 132
263 138
238 132
195 111
140 83
85 54
41 29
13 15
13 9
37 17
80 35
134 60
189 89
236 117
261 134
265 138
248 132
208 117
156 91
101 64
52 37
21 17
11 9
27 13
64 29
117 52
175 82
224 111
255 130
267 140
255 138
222 125
171 101
115 72
64 44
27 21
11 9
19 9
52 23
103 46
162 78
218 115
248 132
257 130
251 123
230 115
189 101
130 80
76 52
35 23
13 5
15 7
42 23
87 44
142 68
197 91
240 117
263 136
265 142
242 132
201 109
148 83
93 58
44 35
17 17
13 7
33 13
72 31
126 58
181 87
230 113
259 130
269 138
251 134
214 121
164 95
107 66
58 37
25 17
11 9
23 13
58 25
109 48
167 78
216 107
251 126
267 136
259 136
228 126
179 105
125 76
72 48
33 25
11 11
17 9
44 21
95 41
150 68
205 97
244 123
265 138
265 140
240 130
195 115
146 95
85 66
31 21
3 0
9 0
39 11
82 42
132 64
187 83
236 107
265 132
267 148
248 142
208 119
158 87
101 60
50 37
17 19
11 9
27 9
64 23
117 50
173 82
224 111
255 128
267 136
255 134
222 125
171 101
117 74
64 42
27 21
11 9
19 11
52 25
99 44
158 72
210 101
248 125
265 138
261 138
234 128
189 107
132 80
78 52
37 29
13 13
15 7
41 17
85 37
140 64
195 91
240 119
265 136
267 142
244 134
203 115
150 89
93 62
46 39
19 19
15 15
35 25
68 35
115 48
173 68
228 97
261 126
267 140
251 134
214 113
167 91
113 70
60 48
23 27
9 9
23 7
58 23
109 50
164 80
214 105
251 123
267 134
259 136
228 126
181 107
125 76
72 46
31 23
11 11
17 13
46 23
93 41
150 68
203 97
244 123
265 136
263 138
240 128
195 111
140 83
85 54
42 31
17 13
13 9
35 17
78 35
134 62
189 91
234 115
261 132
267 140
248 134
208 117
156 91
101 64
52 37
19 17
11 7
27 13
64 29
117 54
173 82
222 109
259 134
273 154
251 142
210 109
166 76
117 58
68 44
27 29
9 9
19 1
52 15
103 46
158 82
208 107
248 123
267 132
261 138
232 130
187 111
132 80
78 46
35 23
13 11
15 11
39 19
85 37
140 62
197 93
238 119
263 134
265 138
246 130
203 115
148 89
93 62
46 35
17 15
11 9
29 15
70 31
125 56
179 83
228 111
259 130
269 138
253 136
216 121
166 95
109 66
58 39
25 21
11 9
23 11
56 25
109 48
164 78
214 105
251 126
267 138
261 140
228 128
183 107
130 85
78 60
25 25
0 0
9 0
44 7
93 37
0 68
201 95
244 117
267 132
265 142
240 136
197 117
142 85
85 54
41 29
15 13
11 9
33 13
76 29
132 56
187 85
234 115
3 132
251 138
251 132
210 119
158 95
93 66
52 37
21 17
1 7
25 11
62 29
117 52
171 80
220 107
5 126
267 138
255 136
222 123
173 99
119 72
62 46
27 25
11 11
19 9
52 21
93 46
156 74
207 99
248 123
17 136
263 138
234 128
189 109
126 82
80 52
37 27
13 13
15 11
39 21
89 46
144 78
189 93
218 99
7 111
267 126
248 134
205 119
148 87
93 52
50 31
21 23
13 19
29 21
68 29
125 50
171 83
226 115
7 132
267 134
250 130
216 117
166 97
109 68
60 42
25 21
11 9
21 11
56 27
107 48
164 78
214 103
250 123
267 136
261 138
230 126
181 103
126 76
74 48
31 25
11 11
17 9
44 19
91 41
146 68
201 97
244 121
265 136
263 140
240 130
197 111
142 85
87 58
42 33
15 13
13 9
35 15
76 35
130 58
187 89
234 117
263 136
275 150
251 144
203 115
148 78
97 48
54 29
21 17
9 7
23 7
64 21
117 48
173 83
220 113
253 130
267 138
257 136
222 126
173 103
117 74
66 42
29 19
11 9
17 9
48 21
99 42
156 70
207 99
246 123
267 138
263 140
234 128
189 107
134 80
82 56
37 31
13 13
13 7
39 15
83 37
140 66
193 93
238 119
263 132
267 138
244 132
205 115
152 89
95 60
46 33
17 15
11 9
31 15
68 31
123 54
179 83
228 113
257 132
267 140
253 136
218 121
167 99
111 72
58 44
29 29
13 21
13 7
44 3
101 25
166 66
216 109
251 132
265 134
261 130
234 125
185 113
126 87
72 52
33 21
11 5
15 9
42 23
89 42
146 64
201 89
242 115
265 136
263 142
240 130
199 109
144 83
87 58
42 35
15 15
11 7
33 13
76 33
130 60
185 87
232 111
11 128
251 138
250 136
210 119
156 93
95 62
56 37
21 19
3 11
25 13
62 27
115 50
37 80
220 107
5 128
267 138
255 136
224 123
175 101
121 74
68 46
29 23
11 11
19 11
50 23
101 48
162 83
207 107
236 117
255 117
259 121
240 123
191 111
132 82
80 46
39 23
17 13
15 17
37 25
82 39
138 62
193 91
236 117
261 136
265 138
246 130
205 113
150 89
97 62
48 37
19 17
11 7
29 13
68 31
123 58
177 85
224 109
257 128
267 138
253 136
218 123
167 97
111 68
60 41
25 23
11 11
21 13
54 23
105 46
162 76
214 105
250 126
267 136
259 136
230 126
183 105
128 78
74 48
33 25
11 9
15 9
44 19
91 42
146 68
201 97
242 121
265 136
265 142
242 134
203 125
144 95
80 50
33 9
13 0
15 3
35 19
66 37
128 52
185 80
234 113
5 140
267 150
250 136
210 113
160 89
103 66
54 44
19 19
9 3
25 5
60 25
113 52
169 80
220 105
255 125
267 136
257 138
224 126
177 103
121 74
68 44
27 23
11 11
17 11
48 21
97 41
154 68
207 99
246 125
267 138
263 138
236 128
191 109
136 83
80 52
39 29
15 13
13 9
37 17
82 35
140 64
193 91
236 119
261 134
267 138
248 132
205 119
152 93
97 64
50 37
23 23
19 21
25 17
56 19
113 37
177 68
228 105
257 132
265 138
253 130
220 117
169 99
115 76
62 48
25 23
9 7
21 9
54 25
105 48
160 76
212 99
250 121
267 136
259 138
230 126
185 105
128 76
76 48
33 29
13 13
15 9
42 19
89 39
144 66
199 97
242 119
265 134
265 136
242 130
199 113
144 87
89 58
44 31
17 13
11 9
31 13
72 31
130 56
185 87
232 115
259 132
267 138
250 134
212 119
160 95
105 66
56 39
21 19
11 9
23 11
60 27
115 50
169 80
220 109
259 138
265 144
248 126
216 103
175 87
125 74
70 54
27 25
9 1
19 1
50 21
97 52
152 80
205 99
246 117
265 132
261 138
236 132
191 111
136 78
82 48
39 27
13 15
15 11
39 15
82 33
136 60
191 91
238 119
261 134
267 138
248 132
207 117
154 93
97 62
48 37
19 15
11 9
29 13
66 31
121 54
177 82
224 109
255 130
267 138
253 134
220 123
169 99
113 72
62 44
27 23
9 9
21 11
54 25
103 46
162 74
214 103
250 126
267 138
261 138
234 130
189 113
134 89
70 52
23 15
5 0
15 0
44 17
87 41
142 64
199 89
244 117
267 138
265 146
242 134
199 113
146 83
89 58
42 33
13 13
9 3
33 11
74 31
128 58
183 87
232 113
261 130
267 138
250 136
212 121
162 95
105 66
54 39
23 17
11 9
23 13
58 27
113 48
167 78
220 107
253 128
267 138
257 136
226 125
177 101
121 76
70 48
31 25
11 11
17 9
48 21
97 44
152 72
205 99
246 119
267 136
263 138
238 128
193 111
138 83
83 56
39 31
15 15
15 11
41 25
85 48
130 64
179 72
228 89
265 119
271 142
246 138
205 115
156 82
101 56
52 41
19 27
9 13
29 9
66 23
119 50
175 85
224 113
257 128
267 134
253 132
218 123
169 101
113 72
62 42
27 19
11 9
19 13
52 25
103 44
160 72
212 101
251 126
267 140
261 138
232 126
185 105
128 80
76 52
35 29
13 11
15 5
41 17
87 39
144 68
199 95
240 117
265 132
265 140
242 134
199 113
146 85
91 58
44 35
15 15
11 7
33 13
74 33
128 60
183 87
232 117
265 140
271 150
244 134
203 105
158 78
107 56
58 39
21 19
9 5
25 5
62 25
113 52
169 85
218 111
253 126
265 134
257 134
226 125
179 107
123 76
68 44
31 21
13 9
17 11
46 21
95 42
152 68
205 97
246 123
265 136
263 138
238 130
193 111
136 83
82 54
41 31
15 15
13 9
35 17
80 35
136 62
191 91
234 117
263 132
267 138
248 132
207 115
156 91
99 64
50 37
19 17
3 7
27 11
66 29
119 56
46 83
224 109
0 130
269 140
255 138
220 125
171 101
115 74
68 52
21 35
3 9
9 0
46 0
35 35
39 78
212 107
248 121
17 128
255 134
220 134
185 119
130 85
76 48
35 23
13 11
13 13
39 21
87 37
142 60
197 91
240 119
13 136
265 140
236 130
201 111
146 87
91 60
46 35
17 17
3 9
31 13
72 31
128 58
183 87
230 113
9 130
267 138
251 134
214 121
164 95
107 68
56 41
23 19
9 9
23 11
58 25
113 50
35 78
218 107
253 126
267 138
259 138
228 126
179 103
123 76
70 46
29 23
13 11
19 13
48 27
103 52
152 78
195 93
236 105
261 119
263 128
238 126
193 109
138 80
85 50
42 29
17 17
13 15
35 19
80 33
134 60
189 89
234 117
259 130
265 134
248 128
208 117
154 91
99 64
52 37
21 17
11 9
25 13
66 31
119 54
175 82
222 107
257 128
267 138
253 136
220 123
171 99
117 72
64 44
27 23
11 9
19 11
52 23
101 46
158 72
210 101
250 123
267 138
261 138
232 126
187 107
132 80
78 52
35 27
13 11
15 9
42 19
85 39
142 64
197 93
240 121
265 136
265 140
248 142
203 125
138 83
80 39
42 11
19 9
15 13
29 17
68 25
126 46
187 85
232 121
259 142
267 142
251 132
214 117
162 97
107 70
56 41
21 15
9 3
21 7
58 25
111 50
167 78
216 101
251 123
267 138
259 140
228 128
179 105
123 74
70 46
31 25
11 13
17 9
46 19
93 41
150 68
205 99
244 123
265 136
263 138
238 128
195 109
140 83
83 54
41 31
15 13
13 9
37 17
80 35
134 62
189 91
234 115
261 132
265 138
248 134
210 119
156 93
101 66
54 41
27 29
9 15
15 5
54 9
117 39
175 78
224 111
253 128
267 134
257 132
224 125
173 105
117 78
64 46
27 21
11 9
17 11
50 25
101 44
158 68
208 95
248 121
267 138
263 140
232 126
187 105
132 80
78 52
35 29
11 11
15 7
41 17
85 37
140 64
197 93
240 117
263 132
265 138
242 130
201 113
148 87
95 60
44 35
17 15
11 9
31 13
72 31
125 56
181 87
230 113
259 130
267 138
251 134
216 119
166 97
109 70
58 41
23 21
11 11
23 13
58 27
109 50
167 82
222 117
251 136
255 128
248 115
226 107
183 101
125 82
70 50
29 19
13 3
19 9
48 29
93 52
148 72
203 93
244 117
265 138
263 144
236 130
193 105
140 78
85 52
41 31
13 15
13 7
37 13
78 35
132 62
187 91
234 117
261 132
267 138
248 134
208 119
158 93
101 62
52 35
19 15
11 7
27 15
64 29
115 50
173 78
222 107
255 130
267 140
255 136
222 123
173 101
117 74
64 44
29 21
11 9
19 9
50 23
101 44
158 74
208 101
248 123
267 138
265 142
238 136
193 119
128 83
68 42
29 11
13 0
15 3
39 17
83 35
140 58
197 87
242 121
265 142
265 146
244 134
203 111
148 85
93 62
46 37
17 15
9 5
31 9
70 29
125 58
179 85
228 109
259 128
269 138
251 136
216 121
166 97
109 68
58 41
23 19
9 9
23 11
58 25
109 48
164 76
216 105
251 126
267 138
259 136
228 125
181 105
125 78
72 48
31 25
11 11
17 9
44 19
93 39
148 68
203 97
244 123
265 136
263 140
240 130
195 113
142 85
87 56
41 33
15 15
13 11
41 27
76 41
121 48
177 66
232 99
265 132
267 146
246 134
208 111
160 87
105 68
54 48
19 25
9 7
25 7
64 25
115 54
171 83
220 107
253 123
267 134
257 136
222 126
175 103
119 70
66 42
27 21
11 11
19 13
50 23
99 42
156 70
208 101
248 125
267 138
261 138
234 126
189 107
134 82
80 52
37 29
13 11
15 7
39 17
85 39
140 66
195 93
238 117
263 132
265 138
246 132
205 117
148 89
95 60
48 35
19 17
3 9
31 15
62 31
125 56
181 87
232 119
13 140
261 140
242 123
210 103
166 83
111 64
58 41
23 17
11 5
25 9
60 29
109 56
164 82
216 105
251 125
267 136
257 138
226 126
181 103
126 72
72 44
31 21
11 9
17 9
44 21
91 41
148 68
203 97
244 123
263 136
263 138
240 128
195 111
140 83
85 56
42 33
15 15
13 7
33 15
76 33
130 60
187 89
234 115
259 132
267 138
250 134
210 119
158 95
103 64
54 39
21 19
9 7
25 11
62 27
117 52
171 82
220 109
255 128
267 138
255 136
224 125
175 103
123 82
72 60
23 27
0 0
11 0
52 9
101 48
156 78
207 99
248 113
269 130
265 142
236 138
189 115
132 80
80 46
37 25
13 15
13 13
37 17
83 31
140 58
195 93
238 121
263 134
265 136
246 128
205 115
150 93
93 62
46 35
19 13
11 7
29 13
70 31
125 56
179 83
226 109
7 128
269 138
253 138
216 123
166 95
111 68
60 42
23 21
9 11
5 9
56 23
107 48
164 78
214 105
250 123
269 138
261 140
228 128
183 105
126 78
74 50
33 27
11 13
17 13
50 29
95 50
140 64
189 82
238 103
267 126
265 136
238 130
195 107
142 78
91 54
44 35
17 21
11 11
33 15
76 31
130 58
185 89
230 113
261 128
267 134
250 132
210 119
158 95
95 64
54 37
21 17
9 9
25 11
62 27
115 52
171 82
220 107
255 128
251 138
257 136
222 125
173 101
119 72
62 44
29 23
11 9
1 7
46 21
99 42
13 70
208 99
240 125
17 138
261 140
234 128
189 107
134 83
82 54
37 29
13 13
13 7
39 17
83 31
138 64
195 93
238 119
13 134
269 146
250 146
189 115
138 70
89 39
48 23
21 19
3 15
27 11
68 21
125 50
181 89
226 121
255 136
267 136
253 130
218 121
166 101
109 72
60 41
25 15
9 5
21 11
54 25
107 48
164 74
214 101
250 126
267 138
259 138
228 125
181 101
128 78
76 52
33 29
11 13
15 7
44 17
91 41
146 68
201 95
242 119
265 134
263 138
240 132
197 111
144 85
87 56
42 31
15 13
13 9
33 15
76 33
130 58
185 87
232 115
261 132
267 138
250 134
212 119
162 97
105 70
62 50
15 27
1 5
5 0
56 9
115 41
173 80
218 109
251 125
267 132
259 136
226 128
175 109
119 78
66 44
29 21
11 9
17 11
46 21
97 41
154 68
207 97
246 121
267 136
263 140
236 130
191 109
134 82
82 56
39 31
13 13
13 7
39 15
82 35
138 64
193 91
236 115
263 132
267 140
246 132
205 115
152 89
97 60
50 37
17 17
9 9
29 15
70 31
121 56
177 83
226 111
259 130
267 138
253 136
218 123
167 99
113 70
60 42
25 21
11 11
21 11
54 25
107 48
169 85
216 117
242 121
255 115
257 115
234 121
187 113
126 83
74 44
35 17
15 9
19 17
42 29
89 42
146 62
201 89
242 119
263 138
265 140
240 128
197 107
142 82
89 58
44 35
15 13
11 5
33 13
76 35
130 62
177 89
232 113
11 130
251 138
250 134
210 117
158 93
105 66
54 39
21 17
3 7
25 11
62 27
113 50
162 78
218 105
5 128
267 138
255 136
226 125
177 95
121 76
68 46
29 23
11 11
19 9
48 23
93 44
154 72
207 99
248 123
17 138
265 142
236 140
191 117
126 76
72 37
35 13
15 7
13 9
35 17
82 33
138 58
195 91
238 123
13 140
265 142
234 132
205 113
144 89
97 64
48 37
17 13
9 3
27 9
68 31
121 58
177 83
224 107
259 128
267 140
253 138
218 123
167 97
113 68
62 41
25 21
9 9
21 11
54 23
105 46
160 74
212 103
250 126
267 138
257 134
232 125
185 107
128 82
74 50
33 25
13 11
15 9
42 21
87 39
144 66
201 95
242 119
263 136
265 140
242 132
199 113
144 87
89 58
44 35
17 17
17 19
33 25
64 25
119 37
181 68
234 109
261 138
267 142
250 130
214 111
164 93
107 72
56 46
21 21
9 5
25 7
60 27
111 54
167 80
218 101
253 121
267 134
257 138
226 128
177 103
121 74
68 46
29 25
9 11
17 11
48 21
95 42
152 70
205 99
246 123
265 136
263 138
236 126
193 109
138 83
82 54
39 29
15 11
13 7
37 15
82 37
138 64
191 91
236 117
261 134
265 140
248 134
207 115
152 89
97 60
50 37
19 17
11 9
29 13
68 29
123 56
181 89
232 125
253 134
257 128
246 119
216 109
169 91
113 70
60 42
25 17
11 5
23 11
56 29
103 52
160 76
212 101
0 123
267 140
251 140
226 126
185 103
128 76
76 48
33 27
11 9
15 7
42 17
89 37
144 66
199 97
242 121
13 134
265 138
242 130
199 113
144 87
89 58
42 31
15 13
11 7
33 15
66 33
128 58
185 85
232 113
9 132
251 138
250 134
150 117
164 95
105 66
56 41
21 19
11 9
23 11
60 25
111 50
167 80
218 107
253 126
267 136
257 136
228 126
179 107
128 87
68 54
19 13
1 0
15 0
50 19
97 48
150 72
205 91
248 115
269 138
263 148
236 138
191 111
138 80
83 52
39 31
13 15
11 7
37 11
80 31
134 60
191 91
236 117
263 132
267 138
246 132
208 119
156 95
99 64
48 35
19 15
11 7
27 13
66 31
119 52
175 82
224 107
257 128
267 138
255 136
220 123
169 97
113 70
64 42
27 23
11 11
19 9
52 21
105 46
162 76
212 105
248 125
267 136
261 138
232 128
185 107
130 80
78 50
35 29
13 15
19 15
48 31
83 41
132 54
191 76
240 105
267 132
263 138
240 128
201 109
150 85
93 62
46 41
17 21
11 9
31 13
72 31
126 58
181 87
228 111
259 126
267 136
250 132
214 121
164 95
107 66
56 37
23 17
13 11
23 15
58 27
111 48
167 76
218 105
253 128
267 138
257 136
226 123
177 103
123 74
68 44
31 25
11 11
17 7
46 21
95 42
152 70
205 99
244 123
265 134
263 138
238 130
193 109
138 82
83 54
41 29
13 11
13 7
37 17
82 37
136 64
191 91
236 119
265 140
271 152
242 138
195 101
146 68
101 48
52 37
19 23
9 7
27 5
68 23
121 56
177 91
224 119
255 128
267 132
255 132
220 126
169 105
113 72
62 39
25 15
11 9
19 13
52 25
103 42
160 70
210 101
250 126
265 138
261 138
232 125
187 107
130 82
76 54
35 29
13 11
15 9
41 17
87 39
142 66
199 93
240 117
263 134
265 140
244 132
201 115
146 87
91 58
44 33
17 13
11 7
33 13
74 33
126 58
181 85
230 113
259 132
269 140
251 136
214 121
166 99
113 76
60 52
15 19
0 0
17 0
60 15
111 48
166 78
214 101
255 123
269 136
261 142
226 132
179 109
123 76
70 46
31 23
11 13
15 11
44 19
93 37
150 66
205 99
244 123
265 136
263 138
238 128
193 109
138 83
85 56
41 31
15 13
13 7
35 15
80 35
134 62
189 89
234 115
261 132
267 140
248 134
208 117
156 91
99 62
50 37
19 17
11 7
25 11
66 29
119 52
173 83
222 109
255 126
267 138
255 138
220 123
171 99
117 72
64 44
27 23
11 9
21 11
52 25
107 52
162 85
205 103
236 105
261 113
263 126
236 132
187 115
130 78
78 44
39 23
15 19
15 21
41 25
85 35
142 58
197 93
238 121
263 136
263 136
242 125
201 109
148 89
91 64
46 35
17 13
11 5
31 15
72 35
125 60
181 85
228 111
259 128
267 140
251 138
214 121
164 93
107 66
58 41
23 21
9 9
21 11
58 23
109 46
166 78
218 107
253 128
267 138
259 136
228 125
179 105
125 78
70 48
31 23
11 9
17 9
46 21
93 42
150 70
205 97
246 123
267 140
269 150
240 140
185 107
130 68
80 39
41 21
17 13
11 9
35 13
80 29
136 60
191 95
234 123
261 136
267 138
248 132
208 119
154 95
99 64
50 35
19 13
9 5
27 11
64 27
119 52
173 80
222 107
255 128
269 138
257 138
222 125
171 99
117 72
64 44
27 23
9 9
19 9
52 21
101 44
158 72
208 99
248 123
267 136
261 138
232 128
187 107
132 80
78 52
35 27
13 11
13 5
41 15
87 37
142 66
187 95
240 119
15 134
265 140
173 134
203 117
148 89
93 60
46 35
21 23
15 21
23 11
58 9
121 33
183 78
232 119
257 136
265 134
250 125
218 117
167 103
93 80
48 46
23 15
11 1
23 11
56 29
107 52
39 76
216 97
1 121
267 138
259 140
226 125
181 101
125 74
72 50
31 27
9 11
1 9
46 19
93 41
9 70
203 97
236 121
15 134
263 138
222 128
187 111
140 83
78 54
41 31
15 15
5 9
35 15
78 35
125 60
189 89
234 115
3 134
267 138
248 132
210 117
158 93
103 66
52 31
21 19
3 9
27 13
64 31
119 58
181 93
222 115
246 123
7 123
253 121
224 117
173 99
115 62
64 39
29 17
13 7
21 17
52 31
93 50
158 72
208 99
248 125
265 140
251 140
232 126
187 103
132 76
78 52
37 29
13 11
15 7
41 17
85 39
140 66
195 93
240 119
265 134
265 138
242 132
203 113
150 87
95 62
46 35
17 15
11 7
31 15
70 31
123 54
181 83
228 111
259 130
267 138
251 134
216 121
166 95
109 68
60 41
23 21
11 9
23 11
56 25
109 48
166 76
216 105
251 126
267 138
259 140
230 128
187 115
126 87
62 42
19 1
9 0
19 3
48 27
91 44
148 64
203 87
246 119
267 144
263 150
238 132
195 107
142 80
85 56
41 35
13 13
9 1
35 9
78 31
125 62
187 91
234 115
3 130
251 138
250 134
210 121
158 93
101 62
52 37
19 15
9 9
25 13
62 27
115 50
173 80
222 109
255 128
267 138
255 136
224 123
173 101
117 74
64 44
27 21
11 7
19 7
50 23
101 44
156 74
208 101
248 123
267 136
263 140
234 130
189 109
134 80
80 52
39 31
17 19
19 21
37 23
74 29
130 46
193 80
240 113
263 134
265 138
244 126
205 109
152 89
97 68
48 41
17 19
11 7
31 13
70 33
123 58
177 83
226 109
257 126
267 138
251 136
216 121
166 97
111 68
60 41
23 21
9 9
21 9
56 25
107 48
164 76
216 105
251 126
267 136
259 136
228 125
181 103
126 76
72 48
33 25
11 11
17 9
44 19
91 39
148 68
201 97
242 119
265 134
265 138
240 130
197 113
142 85
87 56
42 31
15 15
11 9
35 15
78 35
132 62
187 91
234 119
267 144
267 148
238 123
201 93
158 74
107 62
56 46
19 21
9 1
27 3
66 29
117 62
169 89
220 109
255 123
267 134
255 138
222 126
173 101
117 68
66 41
27 19
9 9
0 9
52 21
99 42
31 70
189 93
248 125
15 136
263 136
158 128
189 109
126 78
80 52
37 27
15 11
13 9
39 17
17 35
15 62
187 93
234 119
13 134
250 138
246 132
203 117
150 91
95 60
48 35
17 15
3 7
29 13
70 29
123 56
179 83
226 109
9 130
267 140
255 138
218 126
171 105
117 80
56 46
13 11
1 0
21 0
58 19
107 48
160 74
214 99
253 121
269 140
261 144
228 130
183 105
126 74
72 48
31 25
11 13
15 7
44 15
91 37
146 66
201 97
242 121
265 136
263 138
240 130
189 113
142 87
87 56
42 31
15 11
13 7
35 17
5 35
5 60
187 87
232 115
259 132
267 140
250 134
210 117
158 93
103 62
54 37
21 19
9 9
23 9
64 27
117 52
171 82
220 109
255 126
267 138
257 138
224 125
173 101
119 72
68 46
29 25
11 11
17 11
52 27
105 56
152 78
195 85
238 99
267 121
265 138
236 134
189 109
134 74
82 46
39 29
15 19
15 17
39 19
82 33
138 60
193 93
236 121
261 134
265 134
246 126
205 113
152 91
95 62
48 35
19 13
11 9
29 15
68 31
123 54
179 82
228 109
257 130
267 140
253 136
216 121
167 95
113 70
60 42
25 21
9 9
21 9
56 23
107 48
162 78
214 103
251 125
267 138
261 138
230 126
181 103
126 76
76 50
33 27
11 11
17 9
44 19
91 41
144 66
201 97
246 123
271 144
267 150
234 130
187 99
138 68
87 46
44 29
13 13
9 3
35 9
78 31
132 62
187 93
232 119
261 132
267 138
250 134
210 121
158 95
103 64
52 33
21 13
9 7
25 13
60 27
113 48
169 76
220 107
253 130
267 140
257 136
224 123
175 101
119 74
68 46
29 23
11 9
17 7
48 21
97 44
154 72
207 99
246 121
265 134
263 138
236 130
191 111
136 82
82 52
39 29
13 13
13 9
39 15
83 37
138 62
193 91
238 119
13 134
250 140
175 132
207 117
152 91
97 64
52 33
23 29
7 13
15 0
60 5
121 41
181 85
228 119
1 132
267 130
255 128
222 125
169 109
111 78
60 41
25 15
11 7
19 13
52 27
103 44
162 68
214 97
251 125
267 142
251 140
230 126
183 103
128 78
68 52
33 29
11 11
15 5
42 15
91 39
146 68
201 97
240 119
263 130
263 136
242 132
199 115
144 87
89 56
44 31
17 15
11 9
33 15
74 33
128 56
185 85
232 115
261 132
267 140
250 134
212 117
160 95
103 66
54 39
23 19
11 9
25 15
62 31
119 60
173 89
210 107
242 115
261 123
257 126
226 123
175 101
119 70
68 39
33 21
13 13
17 15
48 23
97 42
154 70
207 101
244 125
265 138
263 136
236 125
191 107
136 80
82 52
41 29
13 11
13 7
39 17
83 39
138 64
191 91
236 115
263 132
267 140
246 134
205 117
154 89
97 60
48 35
17 15
9 7
29 13
68 31
121 56
177 83
226 111
257 130
267 140
253 136
220 121
169 99
113 72
62 44
25 21
11 9
21 11
54 25
105 46
162 76
214 105
250 126
267 140
261 140
232 134
189 121
123 80
62 31
29 1
15 0
19 13
42 25
87 37
144 56
203 91
244 125
265 146
265 142
242 128
199 109
144 85
87 62
42 35
15 13
11 1
33 9
74 33
128 62
183 87
230 109
259 126
267 138
251 136
212 121
162 93
107 64
56 39
21 21
1 9
23 11
60 25
113 48
167 78
218 105
253 126
267 138
257 136
226 125
177 103
121 78
68 48
29 23
13 9
17 9
48 21
95 42
152 70
207 99
246 123
265 138
263 140
238 128
193 109
138 83
83 54
41 33
23 25
15 17
27 13
70 19
132 46
193 83
236 117
259 132
265 134
248 128
208 115
154 97
97 70
50 39
19 15
9 7
27 13
64 31
119 54
177 82
224 107
257 128
267 138
255 138
218 123
169 97
115 70
62 44
27 23
9 9
21 9
54 25
105 46
160 74
212 101
250 123
267 134
261 138
232 128
185 107
130 78
76 50
35 27
13 13
15 9
42 19
87 39
144 66
199 93
240 119
263 134
265 138
242 132
201 115
146 87
91 58
44 33
15 13
11 9
33 17
74 33
128 60
185 87
234 123
263 142
259 134
238 113
210 97
166 89
109 72
54 44
21 15
11 1
27 9
62 35
113 60
167 83
216 101
253 121
267 138
255 142
224 126
177 97
123 68
70 42
29 25
11 13
19 11
48 19
95 41
152 70
205 101
246 125
265 136
263 136
238 128
193 111
138 85
82 56
39 29
13 11
13 7
37 17
80 35
136 62
191 91
236 117
261 134
265 138
248 132
208 119
154 93
97 64
50 35
21 17
11 9
27 13
64 29
119 54
175 82
224 109
257 128
269 140
255 138
222 128
177 109
115 78
54 39
15 5
5 0
21 0
54 21
101 44
158 70
212 97
253 125
269 144
261 146
232 130
185 105
130 78
76 52
33 29
11 9
15 5
42 15
87 37
142 66
199 95
242 119
265 134
265 138
242 132
199 113
146 87
91 60
44 31
17 13
11 9
31 13
74 33
126 56
183 85
230 111
259 130
267 138
251 134
214 121
162 95
107 66
58 41
23 19
9 9
23 11
60 25
111 50
160 78
218 107
1 126
267 138
259 138
226 125
177 103
125 76
72 50
31 27
11 13
19 11
52 31
97 54
140 64
193 76
242 101
269 130
265 146
236 134
191 105
140 74
87 54
41 37
13 21
13 11
37 13
1 33
1 62
189 93
234 117
11 130
265 134
242 130
207 117
156 93
99 62
52 33
21 15
11 9
27 15
64 29
119 52
175 82
224 109
255 130
267 138
255 134
220 121
169 97
115 70
64 42
29 23
11 11
19 11
52 23
103 46
160 76
210 103
248 125
267 136
261 138
232 128
185 107
130 80
78 50
35 27
11 11
13 9
42 19
89 41
142 68
197 97
244 125
271 146
263 146
230 125
193 95
146 74
95 54
44 35
13 13
11 3
33 9
76 35
126 64
181 91
230 115
261 130
267 138
250 136
214 121
164 95
107 64
56 37
23 17
11 7
23 11
58 25
109 46
166 76
216 105
253 128
267 140
257 138
226 125
179 103
123 76
70 48
31 25
11 11
17 9
46 19
95 42
152 70
203 97
244 121
265 134
263 138
238 130
195 111
140 83
83 54
39 29
15 11
13 9
37 17
80 37
134 60
189 89
234 117
263 134
267 142
248 134
208 117
158 91
101 66
58 50
19 27
1 0
17 0
62 9
121 50
175 89
222 111
5 121
269 130
251 138
222 132
171 109
115 72
64 39
25 19
9 11
17 15
50 23
101 39
158 68
203 101
248 126
15 138
261 136
218 125
187 107
132 83
78 54
35 29
13 11
15 7
41 19
85 39
142 66
189 93
240 117
263 134
265 138
244 132
201 113
146 87
93 58
46 35
17 17
11 9
31 13
72 31
126 58
181 85
228 111
259 132
269 140
251 136
214 121
164 95
109 68
58 41
23 21
11 9
25 13
62 31
117 60
162 82
205 93
244 107
267 125
259 134
226 126
179 103
125 72
72 42
33 27
13 17
15 13
46 21
95 39
150 68
203 99
244 123
263 134
263 134
238 126
193 109
140 83
85 56
41 31
15 13
11 7
35 17
78 35
134 62
189 89
234 113
261 132
267 138
248 134
208 117
156 89
101 64
52 39
19 17
1 7
27 11
66 29
119 54
173 83
222 107
7 128
267 138
255 138
220 123
171 101
117 72
64 44
27 23
11 11
21 9
52 23
101 44
158 72
208 99
251 125
269 140
263 144
240 140
185 115
123 68
70 29
35 11
15 11
15 15
39 19
83 31
144 58
199 93
242 126
263 142
265 140
244 126
203 111
148 89
93 62
46 35
17 13
11 3
29 11
70 31
126 58
181 85
228 111
259 128
267 138
251 136
214 121
166 95
109 66
58 39
23 19
11 9
23 11
58 25
109 48
33 78
214 105
1 126
267 138
259 136
228 125
179 103
125 76
70 46
31 23
13 9
17 9
44 21
93 42
148 68
203 97
244 121
265 136
263 140
238 128
189 111
142 85
87 60
44 39
21 25
7 11
23 5
68 15
125 46
191 85
234 117
259 130
267 134
251 130
212 121
158 101
99 68
52 37
19 15
9 7
25 13
62 29
115 50
171 76
220 103
255 126
267 140
250 138
224 123
173 99
109 72
62 46
27 25
9 11
19 9
50 21
31 44
156 72
189 99
248 123
267 136
261 138
234 128
189 107
134 82
80 52
35 27
11 11
15 7
41 17
83 39
140 64
195 93
240 119
263 136
265 140
244 132
203 115
150 87
93 60
46 33
17 15
11 9
31 15
70 33
125 56
183 89
234 126
255 134
255 125
244 113
218 107
169 99
109 76
56 41
23 11
11 1
25 13
58 35
107 56
164 76
214 99
251 123
267 140
257 140
228 125
181 99
125 72
72 48
31 29
11 13
17 7
44 17
93 41
148 70
201 97
244 121
265 134
263 136
240 128
197 113
142 85
85 56
41 29
15 11
13 9
35 17
78 35
132 58
187 87
234 115
261 132
265 138
250 132
210 117
158 93
101 64
52 37
21 17
3 9
25 13
62 29
117 52
171 80
218 109
5 130
267 138
259 140
167 132
177 113
109 72
54 31
23 5
11 1
21 1
48 23
95 41
158 66
203 99
248 126
17 142
253 142
234 126
189 107
134 80
80 54
35 31
13 11
13 3
37 13
83 35
140 64
187 95
240 119
13 134
251 138
246 134
203 117
150 91
95 60
46 33
17 15
11 7
29 13
70 29
123 54
179 82
226 111
259 132
267 140
251 134
216 119
166 93
111 68
60 42
25 21
9 9
21 11
56 25
107 48
164 78
214 103
251 125
267 134
259 138
230 128
181 107
126 78
72 48
33 27
11 11
21 17
50 35
87 44
134 52
195 74
244 109
269 138
263 146
238 128
195 103
144 78
89 62
42 42
13 21
11 5
35 9
76 31
130 62
185 91
232 113
259 126
267 134
248 134
210 121
158 95
103 64
52 35
19 15
11 11
27 15
62 29
115 50
169 78
222 107
255 130
267 138
255 134
222 121
175 99
121 76
66 48
27 23
11 9
19 9
50 23
99 44
156 72
189 99
240 123
15 136
261 138
218 128
191 109
126 78
80 52
31 29
13 13
13 9
39 17
85 37
140 66
187 95
244 126
15 142
257 136
234 119
199 99
152 80
97 60
46 35
15 11
11 1
31 9
72 35
125 64
177 87
228 109
259 128
267 140
251 138
216 121
166 95
111 64
60 39
23 19
9 9
21 9
56 23
107 46
162 74
214 103
251 126
267 138
259 138
228 126
181 105
126 78
72 50
31 25
11 11
15 7
44 19
91 41
146 68
201 97
242 121
265 136
263 138
240 132
197 111
142 83
87 56
44 33
15 17
11 9
33 15
76 33
130 60
185 89
232 115
261 130
269 140
250 136
212 121
160 95
109 76
58 52
13 17
0 0
19 0
64 15
117 54
171 85
218 105
255 121
269 134
259 142
224 134
175 107
119 72
66 41
27 21
9 11
17 11
48 19
97 39
154 66
207 99
246 123
265 136
263 138
236 128
191 111
134 83
80 54
37 29
15 13
13 7
37 17
82 35
138 64
193 91
236 117
261 132
265 138
246 132
203 115
152 89
97 62
48 37
19 17
11 9
27 11
68 29
123 56
179 85
226 111
257 128
267 138
253 136
218 123
167 97
113 70
62 42
25 21
11 9
23 13
64 35
107 58
152 72
203 87
248 109
269 130
261 138
228 126
181 101
128 72
76 48
33 31
13 17
17 13
44 19
89 37
144 66
199 95
242 121
265 134
263 136
240 128
197 113
144 87
89 58
42 31
17 13
13 9
33 15
74 33
130 60
185 87
230 113
259 130
267 140
250 134
212 119
160 93
103 64
54 39
21 21
9 9
23 13
62 27
113 50
169 80
218 107
255 126
269 138
257 138
224 125
175 101
121 76
68 46
29 25
11 11
17 9
50 23
97 44
154 72
207 99
246 125
265 138
267 148
240 142
183 107
125 64
78 35
41 23
17 19
13 13
37 13
83 27
140 58
195 97
236 126
261 136
265 134
246 126
207 117
152 95
95 64
46 31
19 9
11 5
29 15
68 33
123 56
177 82
226 109
257 128
267 142
253 138
218 121
167 95
111 66
60 42
27 23
11 11
19 9
54 21
105 46
162 78
212 105
250 125
267 136
261 138
230 128
183 105
128 78
76 48
33 25
11 9
15 5
44 19
91 41
146 68
199 93
242 119
265 134
265 140
242 132
199 115
146 87
91 60
50 42
15 23
1 1
23 0
72 15
130 50
185 87
228 111
259 126
269 134
253 134
214 125
162 101
105 68
54 37
21 17
11 9
23 13
58 27
111 46
169 74
218 105
253 128
267 138
257 134
226 123
177 103
121 76
68 48
29 25
11 9
17 9
48 21
97 42
154 72
207 97
244 121
265 136
263 138
236 128
191 107
138 82
82 54
39 29
13 13
13 9
37 17
82 37
138 62
191 91
236 117
263 134
265 140
246 132
207 117
154 91
99 64
48 37
19 17
11 9
29 13
68 33
123 58
181 95
224 119
248 123
257 117
251 117
222 119
169 105
111 72
60 37
27 11
13 9
21 17
54 33
103 48
162 72
212 99
250 126
265 140
259 140
230 125
183 101
128 76
76 52
35 29
13 11
13 5
42 15
91 41
21 64
199 99
242 119
15 132
265 138
242 132
197 115
144 78
91 56
44 31
0 15
3 7
33 15
3 31
128 58
183 87
230 115
9 132
267 138
250 132
214 119
162 97
105 68
56 41
21 17
11 9
25 13
60 29
111 50
169 78
218 105
253 128
267 142
261 142
232 134
175 107
109 66
58 29
29 7
15 5
19 11
44 21
95 37
154 64
208 99
246 128
263 140
263 140
238 128
193 109
136 83
82 56
39 29
13 11
11 5
37 13
80 35
136 62
193 91
236 115
263 132
267 138
248 134
207 117
154 91
97 62
50 35
19 17
9 7
27 11
66 29
121 52
173 80
224 107
257 128
269 140
253 138
220 123
169 99
115 72
62 46
25 21
11 9
21 9
54 23
103 46
160 74
212 103
250 125
267 136
261 138
232 128
185 107
130 80
76 50
35 29
15 15
23 23
42 29
76 29
134 42
197 76
244 117
265 142
263 140
242 125
201 105
148 87
93 68
44 42
15 15
11 3
31 9
72 33
126 62
183 87
228 107
259 123
267 136
251 138
212 123
162 95
107 64
56 39
23 21
9 11
23 13
60 25
111 48
160 78
216 105
3 126
269 138
257 136
226 123
177 103
123 78
70 48
29 25
11 9
17 9
46 21
95 42
152 70
205 97
246 119
267 136
263 140
238 130
193 111
138 83
83 56
39 31
15 15
13 9
37 17
80 35
136 64
195 97
240 126
257 136
255 126
240 115
207 105
158 89
97 64
48 35
19 11
13 5
29 15
68 37
119 58
175 82
224 107
257 128
267 142
253 138
218 121
169 95
113 66
62 41
27 23
11 11
19 9
54 21
103 46
160 76
212 103
250 125
267 136
261 136
232 126
185 107
130 80
76 48
33 25
13 9
15 9
42 19
87 37
142 62
199 93
242 121
263 136
263 140
244 130
201 113
146 87
91 60
44 33
17 13
11 7
31 13
72 31
126 58
183 87
230 113
259 130
267 138
253 136
216 121
166 101
113 80
54 46
11 7
1 0
21 0
62 25
113 56
166 80
216 97
5 119
271 138
259 146
164 134
158 95
123 70
70 42
29 27
11 15
15 9
46 17
95 37
19 68
205 101
244 125
15 134
263 134
238 128
187 113
140 87
83 56
39 29
15 11
13 7
37 19
80 39
134 60
191 87
236 115
253 132
265 140
248 134
208 117
156 91
99 62
50 37
21 17
11 9
27 11
64 27
119 54
175 85
222 111
255 128
267 138
257 138
220 125
171 101
115 70
64 44
27 23
11 13
23 17
56 33
97 48
148 64
203 85
250 113
269 134
261 140
230 126
187 101
134 76
80 54
35 35
11 17
13 9
41 15
83 35
142 66
195 95
240 119
263 130
265 136
242 130
201 115
148 89
91 58
46 33
17 13
11 9
31 17
72 31
126 56
181 83
228 111
259 132
267 140
251 136
214 119
164 95
107 68
58 41
23 21
9 9
23 9
58 25
111 50
33 78
216 105
3 125
267 130
257 136
226 125
179 103
123 76
70 48
31 25
13 11
17 9
46 21
95 42
150 70
205 99
244 123
269 142
269 152
234 132
181 95
132 60
83 41
44 31
17 21
11 9
35 9
82 29
138 64
191 99
234 123
261 132
267 134
248 130
208 119
154 93
99 62
50 33
19 13
11 7
27 15
64 31
117 52
173 80
222 109
255 130
267 138
253 134
220 121
171 99
115 72
64 44
27 21
11 11
19 9
52 23
101 44
158 74
210 101
248 123
267 136
261 138
232 128
187 107
132 78
80 52
37 29
13 13
13 7
41 17
87 39
142 66
197 95
238 119
263 134
250 138
244 134
203 117
150 91
99 68
48 44
9 15
0 0
25 0
72 21
126 56
179 85
226 109
9 126
265 138
253 138
216 126
164 101
109 68
58 39
21 19
1 11
21 13
56 23
107 42
166 74
216 105
1 126
267 138
261 136
228 125
181 105
125 78
62 50
31 25
11 11
1 7
44 19
93 41
25 68
203 97
236 121
15 134
263 138
240 130
189 113
140 83
85 56
41 31
15 15
5 9
35 15
78 33
126 58
189 89
234 115
3 132
267 138
248 134
208 117
156 91
103 64
52 31
19 19
11 7
27 13
64 31
121 62
52 95
216 111
244 111
7 115
257 125
224 125
173 105
115 62
64 37
29 17
13 13
21 19
52 29
101 44
158 68
208 99
248 126
265 140
261 136
234 123
187 103
132 80
78 54
37 27
13 9
15 7
39 17
85 39
142 66
197 93
238 117
261 130
265 138
246 134
201 115
148 85
95 58
46 35
17 17
9 9
29 13
70 29
125 56
181 85
228 113
257 130
267 138
251 134
214 119
166 95
111 70
60 42
23 21
9 9
23 11
58 27
109 50
164 78
216 105
253 126
269 142
265 146
228 134
173 101
115 64
66 33
31 15
13 9
17 9
44 17
93 37
150 66
205 99
244 126
265 140
263 138
240 128
195 111
140 85
83 56
41 29
15 11
11 5
33 15
76 33
134 60
189 87
232 115
261 132
267 140
250 136
208 119
156 93
101 64
52 37
19 17
9 7
25 11
64 25
117 52
173 82
220 109
255 128
267 138
255 134
224 125
173 101
117 74
66 44
27 21
11 9
19 9
50 21
101 42
156 72
208 101
248 125
267 138
263 138
234 128
189 109
134 80
80 54
37 31
19 19
19 21
33 17
72 19
134 42
197 83
242 123
263 140
263 134
244 123
205 109
152 95
95 72
46 41
17 13
11 1
31 11
70 35
123 60
179 83
228 105
7 125
251 138
253 138
216 123
166 93
109 64
60 41
25 23
9 11
5 1
56 21
107 46
164 78
214 107
251 126
267 136
259 136
228 125
179 103
126 78
74 48
31 25
11 11
17 9
44 19
91 41
148 68
203 97
244 121
265 136
263 138
238 130
197 111
142 85
87 58
41 31
15 13
13 9
35 17
76 35
132 62
195 99
236 125
251 130
255 123
246 117
214 111
160 95
99 66
52 33
23 11
13 7
27 17
62 35
115 54
171 80
220 105
253 128
267 140
255 136
222 121
173 97
117 68
66 44
29 25
11 11
19 7
50 19
99 44
158 74
208 103
246 123
267 134
261 138
234 128
189 109
134 82
80 52
37 27
13 11
13 9
39 17
83 37
140 62
195 91
238 119
