410000 10000000 85983 24
76 37
105 50
134 66
166 82
195 97
220 109
240 121
1 128
251 134
257 134
248 130
230 123
207 111
173 99
152 85
123 72
91 56
64 41
44 29
29 21
21 17
21 15
29 15
44 21
66 35
95 48
5 72
154 83
173 85
201 87
230 99
0 119
257 132
255 132
251 126
234 123
220 119
193 111
156 97
134 80
103 62
76 46
50 35
33 23
21 15
19 11
23 11
37 17
56 27
82 41
111 54
140 68
169 82
201 99
224 115
236 125
3 128
251 132
255 132
244 130
226 123
203 109
175 95
144 80
115 66
78 52
60 39
41 27
25 17
19 13
23 15
33 19
48 25
72 33
99 46
130 62
160 80
189 95
203 107
236 119
1 128
251 134
257 134
181 130
236 125
214 117
187 105
158 91
126 76
101 68
72 54
37 25
19 0
19 0
23 9
29 21
41 25
60 27
89 35
121 56
150 80
177 97
205 105
228 111
246 121
5 130
250 138
251 134
158 125
222 113
191 105
169 97
138 82
107 64
80 44
56 31
37 27
23 19
19 15
15 13
35 17
52 25
76 39
105 52
136 66
166 80
195 93
220 111
242 123
253 130
259 132
257 132
250 130
230 125
207 113
181 99
152 85
121 70
91 54
64 42
42 29
29 19
21 15
21 15
29 15
44 23
68 33
95 46
125 62
156 78
189 97
216 117
228 121
238 117
250 115
257 121
253 128
238 126
216 115
193 101
166 87
134 78
103 66
74 50
50 35
35 21
21 15
19 15
25 17
37 19
56 25
83 37
111 52
142 70
171 83
201 97
226 113
244 123
255 132
259 136
255 134
244 128
226 121
203 111
175 97
144 83
113 66
83 50
58 37
39 27
27 19
19 15
21 13
33 17
48 23
72 35
101 48
130 64
162 80
189 93
216 109
238 121
251 128
259 134
257 134
250 130
234 125
212 115
185 103
156 87
125 72
97 58
70 44
48 37
35 33
19 21
9 1
19 0
41 7
66 33
89 50
117 60
148 66
181 82
208 105
230 125
246 132
257 130
259 130
253 130
240 130
220 121
195 103
169 87
138 76
107 62
78 48
54 35
37 23
23 17
19 15
23 15
37 19
54 27
78 37
105 50
136 66
167 83
195 97
220 107
242 119
255 130
259 134
257 134
246 130
230 123
207 115
179 101
148 83
121 68
89 54
64 41
42 29
29 19
21 15
21 13
29 17
44 23
68 35
95 46
125 62
156 76
185 91
214 109
236 123
255 136
259 142
251 132
242 121
232 111
216 107
191 103
162 89
128 72
101 54
76 42
52 37
33 29
21 19
19 11
27 13
41 23
56 33
82 42
113 52
144 68
173 83
201 101
224 113
244 123
255 130
259 132
255 134
244 130
224 123
201 109
173 93
142 80
113 64
85 52
58 39
39 25
25 17
21 15
21 15
33 19
50 25
74 35
101 48
132 66
162 82
191 95
216 107
238 121
251 128
259 134
257 136
250 132
234 125
212 115
185 103
156 87
125 72
93 56
68 41
48 31
33 25
21 17
25 21
33 29
37 21
52 13
83 21
123 48
152 78
179 93
205 99
232 105
250 123
259 138
257 144
253 136
242 126
220 115
195 107
166 95
136 78
107 60
78 44
52 33
35 25
25 21
21 15
23 13
35 19
54 29
80 42
107 54
138 68
167 80
197 95
222 111
242 123
253 130
259 134
257 132
246 130
228 123
207 113
179 99
150 83
117 68
87 50
64 41
42 29
27 19
19 13
23 13
31 19
46 25
68 35
95 44
126 58
158 78
187 95
212 107
236 119
251 126
259 136
259 140
259 146
236 134
207 111
179 85
158 74
132 68
101 60
70 44
48 27
35 17
25 17
21 21
27 21
39 25
60 29
83 39
113 54
144 72
175 87
203 99
224 109
244 121
255 130
259 136
253 134
242 126
224 119
201 109
173 97
142 82
111 66
83 50
58 37
39 27
25 19
19 13
23 13
33 17
50 25
74 35
103 50
132 66
164 80
191 93
218 109
240 121
251 130
257 132
257 132
250 130
232 125
210 115
183 99
154 85
123 72
93 58
66 42
46 31
31 21
21 15
21 15
29 19
44 27
70 42
91 54
111 50
140 52
179 70
210 99
232 121
248 128
255 126
259 126
255 132
242 136
220 126
193 107
164 87
136 72
105 64
76 52
52 37
33 19
23 11
21 13
25 17
37 21
54 27
80 37
109 52
138 70
169 85
199 99
222 109
242 119
253 130
259 134
255 134
246 128
228 121
205 111
177 97
146 83
117 68
87 52
62 39
41 27
27 21
21 15
21 13
31 17
46 23
68 33
97 46
128 62
158 78
187 93
214 107
236 119
251 128
257 134
257 134
251 132
238 126
218 121
197 119
156 93
119 64
91 42
70 31
50 27
31 21
21 15
21 9
29 11
42 21
62 35
85 48
115 58
146 72
175 85
203 101
226 115
244 125
255 126
257 130
255 130
242 128
222 121
199 107
173 93
142 80
111 66
82 52
58 39
39 27
25 17
19 13
23 15
33 19
50 25
74 35
103 48
134 66
166 82
193 95
218 107
240 119
251 128
259 134
257 136
248 130
234 123
210 115
183 103
152 87
123 72
93 56
66 42
44 31
29 21
21 15
21 13
29 17
44 23
66 35
93 48
125 64
158 87
179 95
197 91
222 93
246 109
259 130
261 142
251 134
238 121
222 111
197 109
167 103
134 85
103 62
76 41
52 31
33 25
21 19
19 13
23 11
37 15
56 27
80 41
109 54
140 68
171 82
199 99
224 115
242 125
255 130
257 132
253 130
246 128
228 125
205 111
177 95
146 80
117 68
87 52
62 41
41 27
27 17
21 13
23 15
31 19
48 25
70 35
99 48
128 64
158 78
189 93
214 107
236 119
250 125
259 132
259 136
250 134
236 126
214 117
189 105
160 91
132 82
101 68
64 44
37 19
25 3
21 3
23 11
27 17
39 19
60 25
89 39
119 60
146 80
175 91
205 101
228 113
246 125
255 132
257 134
253 130
242 123
222 117
199 107
171 97
140 82
111 64
82 48
56 37
39 27
25 21
19 15
23 13
35 17
52 25
76 39
103 50
134 66
166 80
195 95
218 109
238 119
253 128
259 134
257 134
248 132
232 125
208 113
183 101
150 85
121 70
91 54
66 42
44 31
29 21
21 15
23 13
29 17
42 23
66 33
93 44
123 60
154 78
183 93
214 113
238 130
244 128
246 115
251 111
255 123
242 130
218 125
191 103
166 83
136 72
105 66
76 54
50 39
33 21
23 11
19 11
23 17
37 21
56 27
82 35
109 48
140 66
171 85
201 101
224 111
244 123
255 130
259 136
255 136
244 130
226 121
203 109
175 95
146 82
115 66
85 50
60 37
41 27
27 19
21 15
23 15
31 17
48 23
72 35
99 48
130 64
160 80
189 93
214 107
236 119
251 128
257 134
259 134
250 132
236 125
212 115
187 103
158 89
126 74
97 58
72 46
56 44
33 33
13 13
9 0
21 0
42 11
62 29
85 44
115 54
148 68
181 87
207 107
228 121
246 128
255 130
259 132
253 132
240 128
222 121
197 107
169 91
138 76
109 62
80 50
54 35
37 25
25 17
21 15
23 17
35 19
52 27
78 39
105 50
134 66
166 82
195 95
220 109
240 121
253 130
259 134
257 134
246 130
230 123
208 113
181 101
150 85
121 70
91 54
66 42
42 31
29 21
21 15
21 13
29 17
44 23
68 33
93 44
125 60
156 76
183 91
212 105
234 119
250 128
261 142
261 146
244 128
228 107
214 97
195 99
166 95
132 80
101 56
76 39
54 31
35 29
23 25
19 17
23 11
37 15
58 27
82 44
111 56
140 66
171 78
201 95
224 113
244 125
255 130
259 132
255 132
244 128
226 123
203 111
175 97
144 80
113 66
85 52
60 39
41 27
25 17
19 13
23 13
33 19
48 27
70 35
101 46
130 62
162 80
189 95
216 109
236 119
251 128
259 134
257 134
250 130
234 125
212 113
185 101
156 89
126 74
97 58
70 44
48 33
33 25
25 23
27 27
25 21
31 13
52 13
87 27
121 52
150 76
177 87
205 97
230 111
248 126
257 138
259 140
253 132
242 125
222 119
197 111
167 97
136 78
107 60
80 44
54 33
37 25
23 17
19 13
23 11
35 17
54 27
78 41
107 52
136 66
167 80
195 95
220 111
240 123
253 128
257 130
257 132
246 130
230 123
207 113
181 99
150 85
119 70
89 54
62 39
44 29
29 21
19 13
21 13
31 17
46 23
68 35
95 46
125 62
156 76
185 91
210 105
234 119
251 128
257 134
259 136
253 136
244 138
216 126
181 95
152 68
128 58
105 58
76 52
48 35
31 15
23 5
23 13
27 25
39 31
58 31
83 37
113 52
142 70
171 89
201 101
224 109
244 117
255 126
259 134
255 136
244 128
226 119
203 107
175 97
144 83
113 66
83 48
58 35
41 25
25 21
19 15
21 13
33 17
50 25
74 37
99 50
130 64
162 78
191 93
216 107
236 121
251 128
257 132
257 132
250 130
234 126
212 115
185 101
156 85
125 70
95 56
68 41
46 31
31 21
15 17
21 17
29 19
46 29
68 41
85 48
107 48
140 54
179 74
208 99
222 117
244 123
7 126
261 130
257 134
242 134
220 125
189 109
167 91
136 78
105 62
78 48
46 35
35 21
15 13
21 13
25 17
37 21
46 27
78 37
99 50
13 68
167 83
197 97
220 111
234 119
0 130
251 134
251 134
248 128
230 123
207 111
177 97
142 83
119 70
89 54
62 39
42 27
29 19
21 17
21 15
21 17
13 23
5 35
95 48
125 60
156 76
187 91
212 107
234 119
250 126
259 132
259 134
251 134
236 126
216 117
195 111
167 105
126 80
87 44
64 21
50 17
37 25
23 23
17 13
25 5
41 13
62 31
85 50
113 62
144 70
173 82
201 97
224 113
244 126
255 132
257 130
253 128
244 128
226 125
201 113
171 95
142 78
113 62
83 50
58 41
39 29
27 17
21 13
21 13
33 19
50 25
74 37
101 48
130 62
162 78
193 95
218 111
238 121
251 128
259 132
259 134
248 132
232 125
210 113
185 101
154 87
123 70
95 56
68 42
46 33
29 23
21 15
21 15
29 17
42 23
64 33
91 44
126 66
156 85
173 91
195 91
226 99
250 115
257 132
257 136
251 130
242 121
224 115
197 109
167 99
136 82
105 62
76 44
52 33
35 27
23 19
19 13
23 11
35 15
54 25
80 41
109 54
138 68
169 82
199 99
222 113
242 123
253 130
259 132
255 132
246 128
228 121
207 111
179 99
148 83
117 68
87 52
64 41
42 29
27 19
21 15
21 13
31 17
46 23
70 35
97 48
126 62
158 78
187 93
214 107
234 119
250 128
257 132
259 134
251 132
236 126
216 117
189 103
160 89
130 76
103 66
78 58
44 33
21 5
15 0
21 1
29 17
39 27
58 29
85 33
117 50
148 76
175 97
203 107
226 113
246 119
255 128
257 138
253 136
242 126
224 115
201 105
171 95
142 82
111 66
82 48
58 33
37 25
25 21
21 17
23 15
33 17
50 25
76 37
103 52
132 66
162 78
193 93
218 109
240 123
251 130
259 132
257 132
248 130
232 125
210 115
185 103
154 87
123 70
93 56
68 42
44 31
29 21
21 15
19 13
27 15
42 21
66 33
91 48
121 62
154 78
185 93
216 115
232 126
238 123
248 117
253 117
253 123
240 125
216 117
193 101
167 85
138 76
107 66
78 54
52 39
35 23
23 15
19 13
23 15
35 19
54 25
82 37
109 52
138 68
169 83
199 99
222 111
242 121
253 128
259 134
257 136
246 130
228 121
205 111
177 99
146 83
115 68
85 48
62 37
42 29
27 21
19 13
23 13
31 17
48 25
70 35
97 48
126 62
158 76
185 91
214 107
236 121
251 128
257 132
257 134
250 132
236 126
214 117
189 103
160 89
128 74
99 60
70 46
48 33
37 31
25 29
11 9
13 0
35 0
64 21
89 46
113 60
144 66
179 78
207 101
228 123
244 134
255 134
259 130
253 128
240 128
222 123
199 111
169 93
138 76
109 60
82 50
58 39
37 27
25 15
19 11
23 13
35 21
50 29
76 37
103 48
134 64
166 82
193 97
218 109
240 119
253 126
257 132
257 134
248 132
232 125
208 113
181 99
152 85
123 72
91 56
66 41
42 27
29 19
21 15
21 15
27 15
42 21
64 31
93 44
123 60
154 78
183 91
210 105
232 117
251 130
265 144
257 140
242 125
230 109
216 101
195 99
166 93
132 76
103 56
78 41
56 35
37 31
23 23
19 15
23 11
37 17
56 31
82 42
109 54
140 66
169 80
199 97
224 113
242 125
253 130
259 130
255 132
246 130
228 125
203 113
177 97
146 82
115 66
85 52
60 39
41 27
27 17
21 13
21 13
31 17
48 25
72 37
99 48
128 62
160 78
189 93
214 109
234 119
251 126
259 132
257 134
250 130
234 125
214 117
187 103
158 89
126 74
97 58
72 46
48 33
31 23
23 17
21 17
33 27
41 31
52 23
78 21
115 39
150 68
179 93
205 105
228 109
248 117
259 130
261 142
253 142
242 130
222 117
199 105
169 95
138 83
109 64
80 44
56 31
37 23
25 19
19 15
21 13
37 17
54 27
76 41
103 54
134 66
166 80
195 95
218 109
240 121
253 128
259 132
257 132
248 128
230 123
208 113
181 99
152 83
121 70
91 56
64 41
42 29
29 19
19 15
21 13
29 17
44 23
66 33
93 44
123 60
154 76
183 91
212 105
232 119
248 126
257 132
259 136
257 140
244 140
212 119
181 95
156 74
132 64
103 58
74 46
50 33
35 19
25 15
21 15
25 21
39 25
58 31
82 39
109 52
142 70
171 87
199 99
222 109
242 119
255 128
259 134
255 134
244 128
226 121
203 111
175 97
144 83
115 68
85 52
60 39
39 27
27 19
19 15
21 13
33 17
48 25
72 37
99 50
128 64
160 78
191 93
214 109
236 121
251 128
257 132
257 134
250 130
234 125
214 115
187 103
158 87
126 74
97 58
70 44
48 33
31 23
21 17
21 13
27 17
41 23
66 37
93 56
113 62
136 58
171 64
207 87
232 119
248 132
253 130
259 125
255 126
244 132
222 130
197 115
167 91
138 74
107 62
78 52
52 37
35 23
25 13
19 9
23 13
35 19
54 29
78 37
105 48
136 66
167 83
195 99
220 111
240 121
253 128
259 134
255 136
246 130
230 121
208 111
181 99
150 87
119 70
91 54
64 39
42 27
29 21
21 15
21 15
29 15
44 23
68 33
95 46
125 60
156 76
183 91
210 105
234 117
250 128
257 134
257 134
253 132
238 128
218 121
197 115
166 101
125 74
91 48
68 29
50 23
35 21
21 15
19 11
25 9
41 17
60 33
83 48
111 60
142 70
173 83
201 99
224 115
242 123
253 128
259 130
255 130
244 128
224 123
203 111
175 97
144 82
113 68
85 52
60 39
39 25
25 15
21 13
23 15
33 19
48 25
72 33
101 44
132 64
162 82
189 95
216 109
238 119
251 128
257 132
257 134
250 132
234 125
210 115
185 103
156 89
125 74
95 58
68 41
46 29
31 21
23 17
21 15
27 17
44 23
64 33
89 46
119 60
154 82
183 101
199 99
218 95
242 103
259 125
261 140
251 136
240 123
222 109
201 105
171 101
138 87
107 66
78 44
54 31
35 23
23 21
19 17
21 13
35 13
54 23
78 39
107 56
136 68
167 80
197 93
222 111
240 125
253 130
251 132
257 132
246 128
228 123
207 113
171 99
150 83
119 68
89 52
64 41
42 27
29 21
21 15
21 13
31 17
46 23
68 33
95 46
126 60
156 78
185 91
212 105
234 117
250 126
257 132
257 134
251 132
234 126
216 117
191 105
162 93
125 80
109 72
72 52
39 25
23 5
21 3
15 9
25 15
37 19
58 25
85 37
115 56
144 76
173 91
203 103
226 111
244 123
5 130
251 134
250 134
244 126
224 117
201 107
158 97
144 82
113 66
82 48
50 35
41 27
27 23
19 17
21 13
33 17
46 25
11 37
101 50
5 64
162 80
191 93
208 107
238 121
3 128
251 132
257 132
250 130
234 125
205 117
185 103
154 85
125 72
95 56
64 41
44 29
31 21
21 15
19 15
27 17
44 23
64 33
91 44
121 60
150 76
181 91
208 107
236 128
246 134
246 123
250 111
251 115
244 125
220 125
193 107
167 87
138 72
109 64
78 56
54 42
37 27
23 13
19 9
23 17
35 23
54 29
78 35
107 48
138 66
169 85
197 99
222 111
242 121
253 128
259 134
255 136
246 130
228 121
205 109
179 97
150 85
119 70
87 52
62 35
42 25
29 21
21 17
21 15
29 15
46 23
70 35
97 48
125 60
158 76
187 91
212 107
234 117
250 126
259 134
259 134
251 132
238 126
216 119
189 107
160 91
130 76
101 60
74 46
54 39
37 33
17 19
9 1
19 0
39 7
60 25
85 42
113 54
144 66
177 83
205 103
228 121
244 130
255 132
257 130
255 130
242 128
222 121
199 107
173 91
142 78
111 64
82 50
58 37
39 25
25 17
19 13
21 15
33 19
50 27
74 37
101 48
132 64
164 80
193 95
218 109
238 119
251 128
259 132
257 134
248 130
232 123
210 113
185 103
154 89
123 72
93 56
68 42
46 31
29 23
21 15
21 13
29 15
42 21
64 31
91 44
121 60
152 76
181 89
208 105
232 119
248 128
261 140
265 146
248 134
228 111
212 95
195 93
169 95
136 85
103 62
76 39
56 29
39 29
25 29
19 21
23 11
37 13
54 25
80 42
107 56
138 68
169 78
199 93
222 111
242 125
255 132
259 132
255 130
246 128
228 123
205 113
177 99
148 82
117 68
87 52
62 41
41 29
27 19
21 13
21 13
31 17
46 25
70 35
97 48
126 62
158 76
187 91
214 107
234 121
250 128
257 132
259 134
251 132
236 125
214 115
189 103
162 93
128 78
99 60
72 44
50 33
33 27
23 21
27 25
27 25
31 17
48 15
82 25
117 48
148 70
173 87
203 97
228 107
248 123
259 136
259 140
253 134
242 126
226 119
201 111
169 99
140 80
109 62
82 46
56 37
37 25
25 19
19 13
23 13
33 17
50 25
76 39
103 52
9 62
164 78
193 95
218 109
238 121
1 128
251 132
257 132
248 128
232 123
210 113
183 101
152 87
123 72
91 56
66 42
44 31
29 21
21 15
21 13
29 15
44 21
64 33
91 44
123 60
152 76
181 91
208 105
232 117
0 126
250 134
259 134
251 134
242 136
222 130
185 101
154 70
130 56
109 56
78 52
50 31
33 19
17 7
23 13
25 21
37 29
56 31
15 37
109 48
15 68
162 87
199 99
222 109
234 117
0 126
251 134
251 134
183 130
228 121
205 109
177 99
146 78
117 68
87 52
60 39
41 27
25 19
21 15
21 13
31 15
46 23
7 35
99 48
3 62
160 78
187 91
214 107
236 119
0 128
250 132
255 130
251 130
236 126
203 119
187 105
158 87
125 72
99 58
70 46
48 33
33 23
23 15
21 15
27 17
44 27
68 42
83 46
97 46
13 54
177 66
207 99
220 115
244 123
5 126
253 128
255 126
242 132
220 126
191 111
171 93
140 80
109 66
82 52
48 37
37 23
23 13
19 11
23 15
35 19
52 25
76 35
105 50
134 68
166 82
193 95
220 109
238 121
251 128
257 132
257 132
250 130
232 125
208 115
181 101
152 85
123 70
91 56
64 41
44 29
29 19
21 15
21 13
27 13
44 21
68 33
93 46
123 60
154 76
183 89
210 105
232 119
250 128
257 132
259 134
251 132
238 126
218 119
197 113
169 107
128 80
91 46
68 23
52 19
37 25
25 23
19 13
23 7
41 13
60 31
83 50
111 62
140 68
169 78
199 95
224 115
242 126
253 130
257 128
255 128
244 128
228 125
205 113
175 97
146 80
115 66
85 54
60 41
41 29
27 17
19 11
21 11
33 17
48 25
72 35
99 46
128 62
160 78
189 93
216 107
238 119
251 128
257 132
257 134
250 132
236 125
212 115
187 101
158 87
126 72
97 58
70 44
48 33
31 21
23 17
21 15
27 15
41 21
64 33
91 46
125 68
150 82
169 83
193 87
224 99
248 117
257 130
257 132
253 128
244 123
224 119
199 113
169 101
138 82
109 62
80 46
54 37
35 27
23 19
19 11
23 9
35 15
52 27
76 39
105 50
136 66
166 80
195 97
220 111
240 125
253 130
259 132
255 130
248 130
232 126
208 115
179 99
150 83
121 70
91 56
64 42
42 29
29 21
21 15
21 13
29 17
44 23
68 33
93 44
123 60
154 76
183 91
210 103
234 119
248 126
257 132
259 132
253 132
238 128
218 119
193 107
164 93
132 78
105 68
78 58
42 31
21 3
17 0
23 5
27 19
39 27
56 27
83 33
115 52
144 76
171 95
199 105
224 111
244 119
253 130
257 138
253 134
244 126
226 117
203 107
173 97
144 83
115 66
85 50
58 37
39 27
27 21
21 17
21 13
31 15
50 23
72 37
99 50
128 62
160 76
191 93
216 109
236 123
251 128
259 132
257 132
251 132
234 126
214 117
187 103
156 87
125 72
97 58
70 44
48 31
31 21
21 15
21 13
27 17
42 23
64 33
87 44
119 58
150 74
183 91
212 115
228 123
236 119
248 115
257 121
255 128
240 128
218 119
197 103
171 89
140 80
109 70
78 54
54 37
37 21
23 15
19 13
23 15
35 17
54 25
78 35
105 50
136 64
167 82
197 97
220 111
240 121
253 128
259 134
257 134
246 130
230 123
207 111
179 99
150 83
119 68
89 52
64 41
42 29
27 21
21 15
21 15
31 17
44 25
68 33
93 46
125 60
156 76
185 91
210 105
234 119
250 126
257 132
257 132
253 132
238 128
216 119
191 105
164 91
132 76
101 62
74 48
52 37
41 37
21 25
9 1
15 0
37 3
62 29
83 48
109 56
142 62
177 80
205 103
226 125
244 130
255 130
259 130
253 132
242 132
224 123
201 109
173 91
142 76
113 64
83 52
60 39
39 25
25 15
19 11
23 15
33 21
50 27
74 35
101 48
130 62
162 80
191 95
216 109
238 119
251 126
259 132
257 134
250 132
232 125
210 113
185 101
156 87
125 72
95 56
68 41
48 29
31 23
21 17
19 13
29 15
44 23
64 33
89 44
119 60
150 74
179 89
207 103
232 117
253 134
259 142
251 132
242 119
236 111
222 111
197 107
166 93
134 74
109 56
82 46
56 39
35 31
23 21
19 13
23 11
33 17
54 29
80 41
107 52
136 64
167 80
197 97
222 113
242 123
253 128
259 130
257 132
246 132
228 125
207 113
179 97
150 83
117 70
87 54
64 41
42 29
27 19
19 13
21 13
31 15
46 25
68 35
95 48
125 62
156 78
187 93
210 107
234 119
250 126
257 130
257 134
251 132
238 126
216 117
191 105
162 91
130 76
101 60
74 46
50 33
33 23
23 17
25 23
29 27
31 15
48 9
80 21
115 48
146 76
175 91
201 97
226 105
246 121
257 138
259 142
255 136
244 126
224 117
201 109
171 99
142 83
111 62
83 46
58 35
39 27
25 21
19 15
23 13
33 15
50 23
74 39
103 52
132 66
162 80
191 93
216 109
238 123
251 130
259 132
257 132
250 130
234 125
210 115
183 101
154 85
125 70
95 56
68 42
46 31
31 19
21 13
21 11
27 15
44 23
66 33
91 46
121 60
152 74
181 91
208 107
230 119
248 126
257 134
263 140
259 146
238 134
210 111
187 89
166 78
138 72
105 62
76 46
54 29
37 19
27 17
21 19
23 19
37 21
56 27
80 37
107 52
138 70
167 83
197 95
222 107
242 119
253 128
259 132
257 134
248 130
228 123
207 113
179 99
148 83
117 68
87 52
62 39
42 27
27 19
19 15
21 11
31 15
48 23
70 35
95 48
126 60
158 76
187 91
212 107
234 119
250 126
257 132
259 134
251 132
236 126
216 117
189 105
160 89
128 74
99 60
72 44
50 33
33 21
21 15
21 13
29 17
42 27
66 42
83 50
105 44
134 48
173 70
207 99
228 121
242 125
255 123
261 126
257 134
244 138
224 128
199 109
171 89
142 78
109 68
80 52
56 35
37 21
25 13
17 11
23 17
35 21
50 25
74 33
103 46
134 66
164 83
193 97
218 107
238 117
251 126
259 132
257 136
248 130
232 123
210 113
183 103
154 87
123 72
93 56
66 42
44 29
29 19
21 15
21 13
29 15
42 23
64 33
91 44
121 60
152 76
181 89
208 105
232 117
248 126
257 132
259 134
253 134
240 130
224 126
199 117
160 93
123 64
99 44
78 35
54 33
33 25
19 13
19 7
29 11
41 25
56 37
80 44
109 54
140 66
169 85
197 101
220 113
242 119
255 125
259 130
255 132
246 130
228 123
205 111
177 97
146 83
117 70
87 54
60 39
41 25
25 17
21 15
21 15
31 17
46 23
72 33
97 48
128 64
158 78
187 93
214 107
234 119
250 128
259 132
259 136
251 132
234 125
214 113
189 103
160 91
128 76
97 56
72 42
48 33
31 25
21 17
21 13
27 15
41 21
60 31
87 44
123 66
150 83
167 83
193 82
222 93
248 117
259 138
257 138
251 128
244 119
226 117
201 117
169 103
138 83
111 60
83 46
56 37
35 29
25 19
21 13
23 11
33 15
52 27
76 39
105 52
134 64
166 80
193 95
218 111
240 121
253 128
259 132
257 132
248 132
232 125
208 113
181 99
152 83
123 70
93 56
66 42
44 29
29 19
21 13
21 13
29 17
42 23
66 31
93 44
123 60
152 76
183 91
208 103
232 115
248 126
257 134
259 136
253 134
240 128
220 119
195 107
167 97
140 87
103 68
66 41
42 17
33 7
25 9
21 13
23 13
37 15
58 23
83 41
111 60
140 76
171 85
199 97
224 111
242 123
253 132
257 134
255 130
236 126
226 119
205 111
175 99
144 82
115 64
87 52
60 39
39 27
27 19
21 15
21 15
31 19
46 25
70 35
99 46
128 62
158 78
187 93
214 107
236 119
251 128
257 132
257 134
251 132
236 125
212 115
187 101
158 87
128 74
99 60
70 44
48 31
31 23
21 17
19 15
27 15
42 21
62 31
87 42
117 58
148 74
179 91
210 115
226 121
234 113
250 109
259 119
257 132
242 134
220 121
197 101
171 87
140 80
111 72
80 58
54 37
37 21
25 13
19 15
23 17
33 19
50 21
68 33
105 50
134 68
166 83
195 95
220 107
240 121
253 130
259 136
257 134
248 130
230 121
208 113
181 99
150 85
121 70
91 54
66 41
42 29
29 21
21 15
21 13
29 17
44 23
66 33
93 44
123 60
154 76
183 91
210 105
232 117
248 126
257 132
259 134
251 132
238 126
218 119
193 105
162 91
132 76
107 64
82 56
54 44
27 23
13 3
15 0
25 3
39 17
56 29
82 39
111 48
144 66
173 89
201 107
224 117
244 123
255 128
251 134
255 136
244 132
226 121
203 105
173 93
144 82
115 68
78 52
60 37
41 25
27 21
21 17
21 15
31 17
48 23
70 35
99 48
130 64
160 80
189 93
214 107
236 119
251 128
257 132
257 134
250 130
234 125
212 115
185 101
156 87
126 74
97 58
68 42
46 29
31 21
23 17
21 15
25 15
41 21
62 31
89 44
117 58
148 74
179 89
207 103
228 117
251 136
261 146
251 132
242 113
236 105
224 111
201 113
167 99
136 74
109 54
83 46
58 42
37 37
23 23
19 11
25 9
35 19
52 31
76 41
105 48
136 60
166 80
195 97
220 113
242 121
253 128
259 132
255 134
248 132
230 125
207 111
179 95
150 82
121 70
91 56
64 41
42 27
29 19
21 15
21 15
29 17
44 23
68 33
95 46
125 60
156 76
185 91
210 105
234 117
250 126
259 134
259 136
251 134
238 126
218 117
193 107
164 93
130 76
101 60
74 46
50 33
37 29
31 29
19 21
13 9
29 1
56 13
85 35
113 56
140 70
171 80
203 91
228 113
246 128
255 138
259 134
255 130
246 126
226 125
201 115
173 97
144 78
113 62
83 50
58 39
39 29
25 17
19 13
21 13
33 19
50 27
74 37
101 48
130 62
162 80
191 95
216 109
238 119
251 126
257 130
257 134
250 132
234 125
212 115
185 103
156 87
125 72
95 56
68 42
46 31
31 21
21 15
21 15
27 17
42 23
62 31
89 44
119 58
150 76
177 89
208 103
230 117
248 128
255 132
261 138
261 146
240 136
208 109
187 83
167 76
142 78
107 70
76 48
54 27
39 19
27 21
21 25
23 23
35 21
54 25
78 37
105 54
136 70
167 82
197 93
220 107
240 119
253 130
259 134
257 134
246 128
230 123
207 113
179 101
150 85
119 68
89 52
64 41
42 29
27 19
21 13
21 13
31 17
46 23
68 35
95 46
125 60
154 76
185 89
212 105
236 119
248 128
255 130
259 132
253 134
238 128
214 119
191 105
162 89
130 76
101 60
74 46
50 33
35 23
23 17
21 17
31 23
42 31
52 29
72 29
107 39
144 60
175 85
201 103
224 109
244 117
257 126
261 138
257 140
244 134
226 121
203 107
173 97
142 83
111 66
83 48
58 33
39 23
25 19
19 15
23 15
33 17
50 23
74 37
101 50
130 66
162 80
191 93
216 107
236 119
250 126
259 132
259 134
248 132
232 125
210 115
185 101
156 87
125 72
95 56
68 42
46 31
29 23
21 15
21 13
27 17
42 23
64 33
89 42
119 58
150 74
179 87
208 103
230 117
248 125
257 132
259 136
253 134
240 130
226 128
199 121
160 91
125 58
101 41
80 39
56 39
35 31
23 13
21 5
27 9
37 23
56 37
78 44
107 50
138 62
169 82
197 101
220 115
240 119
253 123
259 130
255 136
246 134
228 123
207 109
179 97
148 85
117 70
87 52
64 39
42 27
27 19
19 15
21 13
31 15
46 23
68 33
97 48
126 62
156 78
185 91
212 105
234 117
250 126
259 132
259 134
251 132
236 126
216 117
189 105
162 89
130 76
101 60
72 44
48 33
33 23
23 17
21 15
25 15
41 23
62 35
91 54
111 62
134 64
166 70
203 87
228 109
244 125
255 130
259 130
257 128
244 130
226 126
201 117
171 99
142 78
111 64
82 50
58 39
37 27
25 15
19 9
23 13
33 19
50 27
76 37
103 48
132 64
164 82
191 97
216 109
238 119
253 128
259 132
257 134
248 132
232 123
210 113
183 101
154 87
123 72
95 56
68 41
44 31
29 23
21 17
21 15
29 17
42 23
64 33
91 44
121 58
152 76
181 91
208 105
230 117
248 126
257 132
259 136
253 134
240 128
220 119
195 107
169 97
142 91
103 68
66 35
44 11
35 7
27 17
21 23
23 17
35 13
56 19
83 41
111 64
138 76
167 82
201 93
224 111
242 126
253 134
257 132
255 128
246 125
228 121
205 113
177 99
148 82
117 64
87 52
62 41
42 31
27 19
21 13
21 11
31 17
48 25
70 33
95 44
128 60
158 78
187 93
212 107
236 119
251 126
259 132
257 134
250 130
236 125
214 115
189 103
158 89
128 72
99 58
72 46
48 33
31 23
23 17
21 13
27 15
41 21
60 31
85 42
117 58
152 80
179 99
197 103
216 101
240 107
257 121
261 132
253 134
240 125
224 113
203 105
173 99
142 87
109 70
82 50
58 35
37 25
25 21
17 15
21 11
35 13
50 21
66 35
103 50
134 64
166 82
193 95
218 109
240 123
253 132
259 134
257 134
248 130
232 123
208 113
183 101
152 83
123 70
93 56
62 42
44 29
29 21
21 15
21 13
29 17
42 23
64 31
91 44
123 60
152 76
181 91
208 103
232 117
248 126
257 132
259 136
253 134
240 126
220 119
195 107
166 91
134 78
105 62
80 56
56 48
27 23
11 0
15 0
27 7
41 25
56 33
78 35
111 44
19 66
173 91
199 109
222 117
242 121
5 126
251 134
250 138
244 132
226 119
203 105
175 93
146 83
115 62
87 52
60 37
41 25
23 17
21 15
21 15
31 15
46 21
0 33
99 48
3 62
160 78
189 93
207 107
236 119
1 128
251 132
257 134
250 130
236 123
214 115
189 103
156 89
126 74
99 56
70 42
33 33
31 23
21 15
21 13
27 15
9 21
60 29
25 41
117 58
148 74
177 89
207 107
234 125
236 130
246 123
0 117
250 119
119 123
222 121
197 107
169 89
142 74
111 64
78 54
56 42
37 27
25 17
15 13
21 15
33 21
52 25
76 33
103 44
134 64
166 83
195 97
220 109
240 119
253 128
259 136
255 136
248 132
230 123
208 113
181 99
152 85
121 70
91 54
66 41
44 29
29 19
21 15
21 13
29 17
42 21
66 31
93 44
123 60
154 78
183 91
210 105
234 119
250 128
257 132
259 134
253 134
238 128
218 117
193 105
164 91
132 78
103 62
76 48
52 37
37 29
29 31
17 21
13 3
29 0
56 13
85 39
111 58
140 70
171 78
203 93
226 115
244 132
255 138
259 134
255 128
244 126
226 123
203 115
173 97
144 76
115 62
87 52
60 41
41 29
27 17
21 11
23 13
31 19
46 25
72 35
99 46
130 62
160 80
189 95
214 107
236 119
251 128
257 132
257 134
250 132
234 125
212 113
187 101
158 89
126 74
97 58
70 42
48 31
31 21
21 15
21 13
29 15
42 23
62 31
87 42
117 56
148 72
179 87
207 105
228 117
248 126
261 138
263 144
246 132
232 115
218 103
199 99
169 93
136 80
107 60
82 44
58 33
39 27
25 25
19 19
23 13
35 15
52 27
76 42
105 54
134 66
166 78
195 93
220 111
240 123
253 130
259 132
257 132
248 132
230 125
207 115
181 99
150 83
121 68
91 54
64 41
42 29
29 19
19 11
21 11
31 17
46 25
66 35
93 44
125 60
154 76
185 93
210 105
234 117
250 126
257 130
257 134
251 132
238 126
218 119
193 105
164 91
132 76
103 62
76 46
52 35
35 25
25 19
21 15
29 23
42 31
50 27
72 21
107 33
144 62
177 91
201 107
222 111
244 115
259 128
261 140
255 144
244 134
224 119
203 107
175 97
142 85
111 68
85 48
60 33
39 25
25 19
19 17
23 15
33 17
48 25
72 37
101 50
130 66
162 80
189 93
216 107
236 121
251 128
257 134
257 132
250 130
234 125
212 115
185 101
156 87
126 72
97 58
68 44
46 33
31 21
21 15
19 11
27 15
42 21
62 31
89 44
117 56
150 72
179 89
207 105
228 117
248 126
7 132
261 136
257 140
246 138
218 125
187 99
160 76
136 64
109 58
80 48
54 33
35 19
25 11
23 13
27 21
37 27
52 29
78 35
107 50
136 68
167 85
195 97
220 109
240 119
253 128
259 134
257 136
248 130
230 121
207 111
179 99
150 85
119 70
89 52
64 39
42 29
27 19
21 15
21 15
31 17
46 23
68 33
95 46
125 62
156 78
185 93
212 105
232 117
250 126
257 132
259 134
251 132
238 126
216 117
189 103
162 91
132 74
103 60
74 46
50 33
33 23
23 17
21 15
27 17
39 23
60 35
91 54
111 62
130 58
164 62
201 83
230 113
246 128
253 130
259 126
257 128
248 132
226 130
201 117
173 95
142 76
113 64
83 54
58 39
37 23
25 13
21 11
21 13
33 21
50 27
72 35
101 46
132 64
162 82
191 97
216 109
238 119
251 128
257 134
257 136
248 130
234 123
212 113
185 101
154 87
125 72
95 56
68 41
44 29
31 21
23 17
21 15
27 15
41 21
64 31
89 44
119 60
150 74
179 87
208 103
230 117
248 126
257 132
259 134
253 134
242 130
222 123
201 117
171 103
128 76
95 48
74 31
54 25
37 23
23 17
19 11
25 9
39 17
56 31
80 44
107 56
138 66
169 82
197 97
220 113
240 123
253 126
257 130
255 130
246 128
230 123
207 111
177 97
148 82
119 70
89 56
62 41
41 25
29 19
21 15
21 15
29 17
46 21
68 31
97 46
126 62
156 78
185 91
212 105
234 117
250 128
257 132
259 134
251 132
236 125
214 117
191 103
160 89
130 74
101 58
74 46
50 35
33 23
23 17
21 15
25 17
39 23
58 31
83 42
115 56
150 82
177 99
193 95
214 91
242 103
257 126
261 140
253 138
242 125
226 111
205 107
175 103
142 91
111 68
83 46
58 33
39 27
25 23
19 17
21 11
33 13
50 23
74 37
101 52
130 64
164 78
193 93
218 111
238 123
251 130
259 132
257 132
248 130
232 125
210 115
183 101
154 85
125 72
95 58
68 42
44 31
29 19
21 15
21 15
27 17
42 21
64 29
91 44
121 60
150 76
179 91
208 103
230 117
248 126
257 132
259 134
253 134
240 128
220 119
195 107
167 93
140 83
115 78
74 52
42 25
27 7
23 3
23 9
23 15
35 17
54 21
82 35
111 54
140 76
169 89
197 99
222 109
242 121
253 132
257 136
255 134
244 126
228 117
205 109
177 99
148 85
117 68
87 52
62 39
42 29
27 21
19 15
21 13
31 17
46 23
68 33
97 46
126 60
158 76
187 91
214 105
236 119
250 126
259 132
259 134
251 132
236 126
214 117
187 101
162 89
130 76
99 60
72 44
48 33
33 23
23 17
21 15
25 15
41 21
60 29
85 42
115 58
146 74
175 89
207 107
232 126
240 128
244 117
251 111
255 119
246 128
224 126
197 107
171 85
144 74
115 70
83 62
56 44
37 25
25 13
21 13
21 19
31 23
50 25
74 31
103 44
132 64
164 83
193 97
218 109
240 119
251 128
259 134
257 136
250 132
232 121
208 111
183 101
154 89
123 74
91 56
66 41
44 29
29 23
21 17
19 15
29 15
44 21
66 33
91 46
121 60
152 76
181 89
208 103
230 115
248 126
257 134
257 134
251 132
240 126
220 119
195 107
166 91
136 78
105 66
78 52
58 46
37 33
15 15
9 0
19 0
37 9
56 25
82 41
107 52
140 64
173 82
201 103
224 119
242 126
253 128
259 130
255 132
244 130
226 121
203 107
177 93
148 82
117 68
87 54
62 39
41 27
27 19
19 17
21 15
33 19
48 25
70 33
97 46
126 62
158 78
187 93
214 105
236 119
251 128
257 132
257 134
250 130
234 123
214 115
189 103
160 91
128 76
99 58
70 44
48 31
33 23
21 17
19 15
25 15
41 21
62 31
87 44
115 56
146 72
177 87
205 103
228 117
246 126
261 142
259 146
246 126
232 107
220 99
203 103
173 101
138 83
109 60
83 42
60 37
39 35
25 29
19 17
23 9
33 13
50 25
76 41
103 52
134 64
164 76
193 91
220 111
238 123
251 130
257 132
257 132
248 130
230 126
208 115
181 99
154 85
123 72
91 56
64 42
44 29
29 19
21 15
21 13
29 15
44 21
66 33
93 44
123 60
154 76
183 89
210 105
232 117
248 125
257 130
257 132
251 130
238 125
220 119
193 107
166 93
134 76
103 62
78 48
52 37
35 27
27 23
25 23
21 19
27 11
48 11
80 25
113 50
140 70
169 82
199 93
226 109
246 125
255 138
257 140
255 134
244 126
226 121
203 113
175 99
146 82
115 62
85 48
60 39
41 29
27 21
21 13
21 11
31 17
48 25
72 37
99 50
128 62
160 76
189 93
214 107
236 119
251 126
257 130
257 132
251 132
236 126
214 117
187 103
158 87
126 72
97 58
70 44
48 31
31 21
21 15
21 13
27 17
41 23
62 31
87 42
117 56
148 74
177 87
207 103
228 115
246 126
255 132
259 134
259 140
248 142
218 123
187 91
164 72
140 68
113 68
80 56
54 35
37 17
27 13
23 19
23 25
31 25
52 25
76 33
105 48
134 70
164 85
193 95
218 105
238 115
253 128
259 136
257 136
248 130
232 121
208 113
181 103
152 87
121 70
91 54
64 39
42 29
29 21
21 15
21 13
29 13
44 21
68 35
93 48
123 62
154 74
183 91
210 105
232 119
248 126
255 130
259 134
253 132
238 128
218 117
193 105
166 91
132 76
103 62
76 46
52 33
35 23
23 17
21 15
27 19
44 31
58 37
72 35
101 39
138 54
173 78
201 99
222 113
242 119
255 125
261 130
257 138
244 136
226 126
203 111
175 95
144 82
113 70
83 52
58 37
39 23
27 15
21 13
21 15
31 17
50 23
74 35
101 48
130 64
160 80
189 93
216 107
236 119
250 128
257 132
257 134
250 132
234 125
212 115
187 103
158 87
125 74
95 56
70 42
48 31
31 21
21 15
19 13
27 15
42 21
62 31
89 44
117 58
148 74
179 87
207 103
230 117
246 126
255 130
257 132
255 134
242 132
222 125
203 119
169 103
128 70
99 42
78 31
58 31
39 31
23 19
19 9
25 7
37 19
56 35
78 46
105 54
134 62
167 78
195 99
218 115
238 123
251 125
259 126
257 130
248 132
230 126
208 113
181 97
150 83
119 70
89 58
64 42
42 29
29 17
21 13
21 13
29 17
44 23
66 31
95 44
125 62
156 78
185 91
212 105
234 115
248 125
257 132
259 134
250 134
238 126
216 117
191 105
164 91
132 76
103 62
74 46
50 33
33 23
23 17
19 15
17 13
41 21
60 33
87 50
117 68
11 72
162 74
195 82
224 101
244 121
3 130
251 130
255 128
238 125
228 123
203 119
171 103
144 82
113 64
83 50
58 41
37 29
25 17
15 11
21 11
33 17
48 25
7 35
101 48
5 62
162 80
191 95
208 109
236 121
1 126
251 132
257 134
250 132
218 126
205 115
185 101
156 87
125 74
95 58
68 42
46 31
31 21
21 15
19 13
27 15
42 23
1 31
82 44
119 58
150 72
181 89
208 105
230 117
246 126
7 132
259 136
255 125
242 128
222 121
197 109
167 95
138 82
113 68
74 50
42 19
29 1
25 5
23 17
23 21
33 17
54 19
82 35
109 58
138 78
166 87
195 95
222 107
242 123
251 134
257 136
255 132
246 125
228 119
207 113
179 101
150 85
119 66
89 50
64 41
42 31
29 21
21 15
21 13
29 15
44 23
68 35
93 44
126 60
158 76
185 93
212 107
234 119
250 126
257 132
257 132
251 132
238 126
208 117
189 105
162 89
130 76
101 60
74 46
50 33
33 23
23 17
21 15
17 17
39 21
60 29
85 41
111 56
23 76
181 99
201 109
216 107
236 107
3 117
261 128
255 134
242 128
224 115
203 103
175 97
144 87
111 72
83 52
60 37
39 25
25 19
17 15
21 15
33 15
50 23
72 33
101 50
132 66
162 82
191 95
218 107
240 121
251 130
257 134
257 132
250 130
234 123
212 115
183 101
154 85
125 72
95 56
68 42
44 31
31 21
21 17
21 13
27 15
42 21
64 31
91 44
121 58
150 74
181 89
208 103
230 117
246 125
255 132
259 134
253 134
240 128
220 119
197 109
167 95
136 80
105 64
80 52
60 48
35 33
13 5
9 0
23 0
41 17
56 35
76 41
107 44
142 60
173 85
199 107
222 121
242 123
253 125
257 130
255 136
246 134
228 123
205 107
177 91
148 82
119 70
89 56
62 37
42 25
27 17
21 15
23 17
31 19
46 23
68 33
95 44
126 62
158 80
185 93
212 105
234 117
251 126
257 132
257 136
250 132
236 123
216 115
189 103
160 91
130 74
99 58
74 44
50 33
33 23
23 17
19 13
27 15
41 21
58 29
85 41
117 56
146 72
175 89
205 105
232 123
250 134
248 130
248 121
250 117
244 119
226 119
199 109
171 91
142 74
113 62
83 52
58 42
39 31
27 19
19 13
21 13
33 21
50 27
72 35
101 44
9 62
164 82
193 99
216 111
238 119
3 128
251 134
257 136
248 132
232 123
210 113
183 101
154 87
123 72
93 56
62 41
44 29
29 21
21 15
21 13
29 17
42 21
64 33
82 44
121 58
152 76
181 91
208 95
232 115
248 126
7 132
259 134
250 132
162 126
220 119
195 107
166 93
134 78
105 62
78 46
54 35
35 27
27 29
23 27
17 13
25 0
50 5
82 29
111 56
138 74
169 80
199 89
224 107
244 128
253 140
257 138
255 130
246 125
228 123
205 115
175 101
146 80
117 62
87 48
62 41
41 29
27 19
21 13
23 13
31 17
46 25
70 35
97 46
126 60
158 76
187 95
214 109
236 119
250 126
257 132
257 134
251 134
234 126
214 115
189 103
160 89
128 74
99 58
72 44
50 31
31 23
21 15
19 13
27 15
41 21
62 31
87 44
115 58
146 74
177 87
205 103
228 117
246 126
259 136
265 144
251 136
232 121
216 105
199 95
173 89
140 80
109 64
82 46
58 35
41 27
27 25
21 19
23 15
33 15
52 23
74 37
103 52
134 66
164 78
193 93
218 109
238 121
251 130
259 132
257 134
248 130
232 125
208 115
183 101
152 85
121 70
91 54
66 41
44 31
29 21
21 13
21 13
29 15
44 21
66 33
91 44
123 60
154 76
183 91
208 105
232 117
248 126
257 132
257 132
253 132
240 128
218 119
193 107
166 91
134 76
105 62
76 46
52 35
35 25
25 17
21 15
27 19
42 33
54 35
70 29
101 29
140 52
173 83
201 107
220 113
242 115
257 123
261 136
257 144
244 136
228 121
205 105
177 95
144 85
113 70
85 52
60 35
41 23
25 17
21 15
21 15
31 15
48 23
72 35
99 50
128 66
160 78
189 91
214 105
236 119
250 128
259 132
257 134
251 132
236 126
212 117
187 103
160 89
128 74
97 58
70 44
48 31
33 21
21 15
19 13
25 13
42 21
62 33
87 44
115 56
148 72
177 87
205 103
228 115
246 125
257 132
259 136
255 136
248 138
226 130
191 105
160 80
134 62
111 54
83 48
54 37
35 21
25 11
23 11
25 17
35 27
50 33
76 39
105 48
134 66
164 83
193 97
218 109
240 117
251 126
257 132
255 134
248 130
232 123
208 111
181 101
152 87
121 72
91 54
64 39
44 27
29 19
19 13
21 13
29 15
44 23
66 33
93 44
123 60
154 76
183 91
210 105
230 117
250 126
259 132
259 136
251 132
238 126
218 117
193 107
164 91
132 76
103 60
76 46
52 35
33 23
23 15
21 15
25 17
39 21
58 31
87 50
113 66
132 66
160 62
197 76
226 105
246 128
253 134
257 128
257 125
248 128
228 128
203 121
175 101
144 80
115 62
85 50
58 41
39 27
25 13
21 9
23 11
31 19
48 27
72 35
99 48
130 60
160 80
189 95
214 109
236 119
251 126
257 132
257 134
250 132
236 125
214 115
187 101
158 87
126 72
97 58
70 44
46 29
31 19
23 17
21 15
27 17
41 21
62 31
89 44
117 60
148 74
177 87
207 101
228 115
246 125
257 132
261 136
253 134
242 130
224 123
201 115
177 109
134 85
97 54
72 31
54 19
39 19
25 19
17 13
23 9
37 13
56 29
78 46
105 58
136 68
166 80
195 95
220 111
240 123
251 128
257 130
255 128
248 128
230 123
208 113
181 99
152 82
121 70
91 54
62 41
42 27
29 21
21 17
21 15
29 17
44 23
68 33
95 46
123 60
154 76
185 91
212 105
232 117
248 126
257 132
259 134
251 132
238 126
218 117
191 107
164 91
130 76
101 58
74 44
52 35
35 27
23 17
21 13
25 15
39 23
58 31
83 42
113 56
146 74
177 95
197 103
214 97
236 101
255 117
261 136
255 140
244 128
226 115
205 105
177 99
146 91
113 72
83 48
58 31
41 25
27 23
19 19
21 13
31 13
50 21
72 35
99 50
130 64
160 78
191 91
216 109
236 123
251 130
257 134
257 132
250 130
234 125
212 117
185 101
156 85
125 70
97 56
68 44
46 31
31 21
23 15
21 15
27 17
41 23
62 31
89 42
119 58
148 74
179 87
207 101
230 115
246 125
255 132
259 134
253 132
242 128
222 119
197 107
169 95
140 82
115 74
82 58
46 33
25 9
21 1
21 5
25 15
33 19
52 23
80 33
109 50
138 72
167 91
195 101
220 109
240 119
253 130
259 138
255 136
244 128
230 119
207 109
179 99
150 85
121 70
91 54
64 39
42 29
29 21
21 17
21 15
29 15
44 23
68 33
95 46
125 60
156 74
185 89
212 105
234 119
248 126
257 132
259 134
251 132
238 126
216 117
191 103
162 89
132 76
101 60
74 44
50 33
35 23
23 17
19 15
25 15
39 21
58 29
83 41
113 56
144 72
173 87
203 103
230 123
246 134
246 123
248 111
253 113
248 125
228 126
199 113
171 89
146 72
117 66
85 60
58 48
37 29
25 13
21 11
21 15
31 23
48 27
72 33
101 44
130 62
162 80
191 97
216 109
238 119
251 126
259 134
257 138
250 132
232 125
210 113
185 101
156 89
125 76
95 56
68 41
46 29
31 21
21 17
21 13
29 15
42 21
64 31
89 44
119 58
150 74
179 87
207 103
230 115
248 126
257 134
259 134
253 132
242 126
220 119
197 107
167 95
136 80
107 64
80 50
58 39
41 35
21 23
9 5
15 0
35 5
58 23
80 41
105 50
136 62
171 78
201 99
222 119
240 126
253 130
259 130
257 132
246 130
226 123
205 109
179 95
150 80
119 68
87 54
64 41
42 27
27 19
19 15
21 15
31 19
46 25
68 33
95 46
126 62
158 78
185 91
212 103
236 117
250 128
257 134
257 136
251 130
236 125
214 115
189 105
162 91
130 76
99 60
72 42
50 31
33 23
23 17
19 15
25 13
41 19
60 31
83 42
115 56
144 72
175 85
203 101
226 117
244 126
259 138
265 148
250 134
230 111
218 97
203 97
175 99
142 87
109 62
83 41
60 31
41 31
25 31
19 21
21 13
33 13
50 23
74 41
101 54
132 64
162 72
191 89
216 107
238 123
251 130
259 132
257 132
250 130
232 125
210 115
185 101
154 85
123 72
93 56
66 42
46 31
29 19
21 15
21 13
27 15
42 21
66 31
91 44
119 56
152 74
181 89
207 103
230 117
248 126
257 132
259 134
251 132
240 126
220 119
195 109
166 93
134 76
105 62
78 48
54 37
35 27
27 21
29 25
25 21
27 13
44 11
76 23
111 46
140 68
167 83
197 95
224 107
244 123
255 134
259 140
255 134
246 128
228 119
203 113
177 99
146 83
115 66
78 48
62 37
42 29
29 21
19 15
21 11
31 15
48 25
70 37
97 48
126 62
158 76
187 91
212 107
234 117
0 126
259 132
259 134
250 132
236 126
214 117
189 105
160 89
128 74
99 58
72 44
48 31
31 21
15 15
21 15
17 15
41 21
60 29
85 42
115 58
21 64
175 80
203 101
228 109
246 125
5 130
253 136
257 138
248 142
222 130
189 99
162 72
138 62
113 62
82 54
56 39
37 19
27 11
23 13
25 23
33 29
50 29
76 33
103 46
132 68
162 85
191 95
216 105
238 115
251 125
259 134
257 136
248 130
232 121
210 111
183 103
152 87
123 72
91 54
66 39
44 29
29 21
21 15
21 13
27 13
42 19
66 33
91 46
121 60
150 72
181 89
208 105
232 117
248 126
255 130
259 134
253 132
240 128
218 119
195 107
166 91
134 78
105 62
78 48
52 35
35 25
23 17
21 15
25 19
42 29
60 41
74 41
99 41
134 52
169 74
199 97
222 113
242 121
253 125
261 132
257 138
246 138
228 126
205 111
177 95
148 82
115 68
85 52
60 37
41 23
27 15
21 15
21 15
31 17
48 23
72 33
97 48
128 64
160 78
187 91
214 107
234 119
250 126
257 132
259 134
251 132
234 125
214 115
189 103
160 91
128 74
97 56
70 42
48 31
33 23
21 17
21 13
27 15
41 21
60 31
85 42
117 56
146 72
175 87
205 101
228 115
246 125
257 130
259 134
255 134
244 130
224 123
205 117
173 107
132 80
97 44
76 27
58 25
41 29
25 23
17 11
23 5
37 13
54 31
76 48
103 58
132 64
166 76
193 93
218 111
238 123
253 128
259 130
257 130
248 130
232 126
210 115
183 101
152 83
121 70
91 56
66 42
44 29
27 19
21 13
21 13
29 17
44 23
64 31
93 44
123 60
152 76
181 91
210 105
232 115
248 126
257 132
259 134
251 132
240 126
218 117
193 105
164 91
132 76
103 60
74 44
52 33
37 25
23 19
19 15
25 15
39 21
58 31
85 46
117 66
140 76
162 78
189 82
220 97
244 117
255 132
257 134
255 128
246 123
230 123
207 119
175 105
144 85
115 66
87 50
60 39
39 29
25 19
19 11
21 9
31 17
48 25
72 37
99 48
128 62
158 78
187 91
214 109
238 123
251 130
257 132
257 132
251 132
236 126
212 115
187 103
158 87
126 72
97 58
70 44
48 31
33 21
21 15
21 13
27 17
41 23
62 31
87 42
117 56
148 72
177 87
205 101
228 115
248 126
257 132
259 134
253 132
244 128
224 121
199 111
169 97
140 82
115 74
80 56
46 25
27 3
23 1
23 13
25 21
33 21
52 21
80 31
107 52
136 74
164 89
193 95
218 105
240 119
1 132
257 136
255 134
248 126
230 119
208 111
181 103
152 87
121 70
91 52
64 41
44 31
29 23
21 15
21 11
29 15
44 23
66 33
93 44
125 60
154 74
183 91
210 105
234 117
250 126
257 132
259 134
251 132
234 126
218 119
187 105
164 89
132 74
103 60
74 46
50 33
33 23
23 17
21 13
25 15
37 21
58 29
83 41
113 54
144 74
177 95
205 111
216 113
232 109
250 115
251 125
257 132
244 128
224 117
205 105
177 95
146 87
113 72
85 54
60 39
41 27
25 21
19 15
21 15
31 15
48 21
0 31
99 46
5 64
162 80
189 95
208 107
238 119
1 130
250 134
257 134
250 130
234 125
212 115
185 103
156 87
126 72
95 58
68 42
46 31
31 21
21 17
21 13
27 15
41 21
62 31
87 42
117 56
148 72
179 87
207 103
228 117
246 125
257 130
259 134
253 134
240 128
222 119
197 107
169 95
138 80
109 64
80 50
60 44
39 39
15 13
7 0
19 0
37 11
56 31
76 42
105 48
138 60
169 80
197 103
220 119
240 126
253 126
257 128
257 134
246 134
228 125
207 109
179 93
150 80
119 70
91 56
64 41
42 27
29 19
21 17
21 15
29 17
44 23
66 31
95 44
125 60
156 78
185 91
210 105
234 115
250 126
257 134
257 136
251 130
238 126
216 117
191 107
162 91
130 74
101 58
74 44
50 33
33 23
23 17
21 13
25 15
39 19
58 27
83 41
113 56
144 72
173 85
203 103
230 121
251 138
251 136
248 125
248 117
244 115
228 117
201 111
171 93
144 76
115 62
87 54
60 44
39 33
27 19
19 13
21 13
31 19
48 27
72 35
99 46
130 62
162 78
191 95
216 109
238 119
253 128
257 134
257 134
250 132
234 125
212 113
185 101
154 85
125 70
95 54
68 42
46 31
29 21
21 15
21 13
27 15
41 21
64 29
91 42
119 60
148 74
179 89
207 103
230 117
248 126
255 132
259 134
253 132
240 126
220 119
197 107
167 93
136 78
107 62
78 48
56 37
37 27
27 25
25 27
19 19
25 5
46 3
78 23
111 52
138 74
166 82
197 89
224 105
244 125
255 140
259 140
255 132
246 125
230 121
205 115
177 103
148 83
119 62
89 48
62 41
41 31
27 21
21 13
21 13
29 15
44 25
70 37
95 50
125 60
156 76
187 91
212 107
234 119
250 126
257 130
259 132
251 132
236 126
216 117
191 103
162 89
128 74
101 60
74 46
50 33
33 23
21 15
19 13
25 15
39 21
60 29
83 41
113 54
144 72
173 85
203 101
226 115
246 126
257 134
265 142
255 140
236 125
216 105
197 95
173 89
144 80
111 66
82 46
58 33
41 25
27 23
21 21
23 17
33 15
50 21
66 37
101 52
128 64
162 76
193 91
218 107
238 121
251 128
259 132
259 132
250 130
232 123
210 115
185 101
154 87
123 70
95 56
66 42
44 29
29 21
21 13
21 13
27 17
42 23
64 33
91 42
121 58
150 76
179 89
207 95
230 115
248 126
7 132
259 134
250 132
162 128
220 119
195 107
166 93
136 78
107 64
78 48
52 35
35 23
25 19
21 17
23 19
41 31
56 39
70 31
97 29
134 46
171 78
201 103
222 115
240 117
255 121
261 132
259 142
246 138
228 125
207 107
177 95
146 83
117 72
87 52
60 35
41 21
29 17
21 17
21 17
31 17
46 23
70 33
97 48
126 64
158 78
187 91
214 105
234 119
250 128
257 134
257 134
251 130
236 126
216 117
189 103
156 91
130 74
99 58
72 44
48 31
33 23
25 19
21 15
25 15
41 21
60 31
85 42
115 56
146 72
175 85
203 101
226 115
246 125
257 132
261 136
255 136
248 136
230 132
195 113
160 83
134 62
111 52
85 48
56 39
35 23
25 11
23 13
25 19
33 25
50 31
76 37
103 48
132 64
162 82
191 97
218 107
238 117
251 126
257 132
257 134
248 132
232 123
210 113
183 101
154 87
123 72
91 54
66 39
44 29
29 21
21 17
19 15
29 15
42 21
64 33
91 44
121 58
152 74
181 89
208 103
230 117
248 126
7 132
259 134
251 132
240 126
220 119
195 107
166 91
134 76
105 62
76 46
52 35
35 25
25 19
21 15
17 17
37 21
48 31
85 48
115 68
0 70
158 66
193 76
224 101
246 126
3 136
257 130
257 125
185 125
230 126
207 121
177 95
146 78
109 62
87 46
60 41
41 31
27 17
19 7
21 9
31 17
48 27
70 37
97 46
128 60
158 76
187 95
212 109
236 119
251 126
257 132
257 134
250 132
236 126
214 115
189 101
158 87
128 76
99 60
70 42
48 29
33 23
23 17
19 15
27 15
41 21
60 31
85 42
115 56
146 72
177 87
205 103
228 115
246 125
257 130
259 134
255 134
242 130
224 121
201 113
179 107
140 87
99 58
70 31
54 19
41 19
25 17
17 13
21 7
37 13
54 25
76 42
103 58
134 68
164 80
193 93
218 109
238 123
251 128
257 130
255 128
248 128
232 125
208 115
181 99
152 83
123 70
91 56
66 44
44 31
29 21
21 13
21 13
29 17
42 23
66 33
91 44
121 58
152 74
183 91
210 107
232 117
248 126
257 130
259 134
251 134
240 128
220 119
193 107
164 93
132 78
103 60
76 46
52 33
35 25
23 17
21 13
25 15
37 21
56 29
82 41
111 54
142 72
177 95
199 107
214 103
234 101
253 113
261 132
257 140
244 132
228 115
205 103
179 97
148 91
115 76
85 52
60 33
42 25
27 23
19 19
19 13
31 11
48 19
70 35
97 50
128 64
160 78
189 91
214 107
236 119
251 130
259 134
257 132
250 130
234 125
214 115
187 101
160 87
128 74
99 60
70 46
48 33
31 23
23 15
21 15
27 17
41 21
60 29
87 42
117 56
146 72
177 87
205 101
228 115
246 125
255 132
259 134
255 134
242 128
222 119
197 107
171 97
142 83
115 74
83 60
50 37
27 13
17 1
19 3
25 11
33 19
50 23
76 31
105 46
138 68
167 87
195 101
218 111
240 119
253 128
257 134
255 136
246 128
230 119
208 109
181 99
152 87
121 72
91 54
66 41
44 29
29 21
21 17
21 15
29 17
42 23
66 33
93 46
123 60
154 74
183 89
210 105
232 119
250 126
257 132
259 134
251 132
234 126
216 117
193 105
164 91
132 78
103 62
76 48
52 35
33 25
21 17
19 15
25 15
39 21
58 29
82 41
111 54
142 70
171 87
201 101
228 123
248 134
248 128
248 115
0 111
115 121
230 126
201 115
175 93
146 76
117 64
87 58
60 48
41 33
27 17
21 9
21 13
31 19
48 25
72 33
99 42
128 60
160 80
189 97
216 109
238 119
251 126
257 132
257 136
250 132
234 123
212 111
187 101
158 89
126 74
95 58
70 41
48 31
31 23
21 17
19 15
27 15
42 21
60 31
87 42
117 58
148 74
177 87
205 101
228 115
246 126
257 132
259 134
253 132
242 128
222 121
199 109
169 95
140 80
109 66
82 52
58 41
42 37
23 25
9 7
13 0
31 1
56 19
80 39
103 52
134 62
167 78
199 97
222 117
240 128
253 132
259 132
255 132
246 130
230 125
208 113
181 97
150 82
119 68
91 54
64 42
42 29
27 19
21 13
21 13
29 19
44 25
64 33
95 44
125 62
156 78
183 91
210 105
234 117
250 126
257 132
257 134
251 132
238 125
218 117
191 107
162 93
132 76
101 60
74 46
50 33
35 23
23 17
19 13
25 15
39 21
58 31
83 42
111 56
144 70
173 85
201 101
224 115
244 125
257 136
265 148
251 140
232 115
216 95
203 93
179 97
144 89
111 68
83 44
62 31
42 29
27 29
19 23
21 15
33 13
48 21
72 37
99 52
130 64
160 74
189 87
216 107
238 123
251 130
257 132
257 130
250 130
234 126
212 117
187 103
156 87
125 72
95 58
68 42
46 31
31 21
21 15
21 13
27 15
42 23
62 31
87 42
119 56
150 74
179 89
207 103
228 115
248 126
257 132
259 134
253 132
240 126
222 119
197 109
167 95
136 78
107 64
82 50
56 39
37 27
25 21
27 23
25 23
27 15
42 13
74 21
109 42
138 66
166 83
195 93
222 107
244 121
255 134
259 138
257 138
248 130
228 119
205 109
181 101
150 87
117 68
89 50
62 37
42 27
29 21
19 15
21 11
29 13
46 23
68 35
95 48
125 60
156 76
185 91
210 105
232 117
250 125
259 132
259 134
251 132
236 126
216 117
191 105
162 91
130 76
101 58
74 44
50 33
33 23
23 15
21 13
25 15
39 21
58 29
85 41
113 56
144 72
173 87
203 101
226 113
244 123
255 132
261 136
255 138
250 140
228 132
193 105
164 76
140 60
115 58
85 56
58 41
39 23
27 11
23 13
25 21
33 27
48 29
74 33
101 44
130 64
162 83
191 97
214 105
236 113
251 126
259 136
257 136
250 130
234 121
212 113
185 103
156 91
125 74
95 56
68 41
46 31
31 21
21 15
21 13
27 13
42 19
64 31
91 44
119 60
150 74
179 87
207 103
230 115
246 125
257 130
259 134
253 132
240 126
220 119
195 107
167 95
136 80
105 64
78 48
54 35
37 27
23 19
21 15
25 17
41 27
60 39
76 42
97 42
130 50
167 70
199 95
220 111
240 119
253 125
261 130
259 136
248 136
228 128
207 113
179 97
148 83
119 70
87 56
60 39
41 25
29 17
21 15
21 15
29 17
46 23
70 33
97 46
125 62
158 78
187 91
212 105
232 115
250 125
259 134
259 136
250 132
236 125
216 115
191 103
162 91
130 76
99 58
74 44
50 33
33 25
21 17
21 13
25 15
39 19
58 29
85 42
115 56
144 70
175 85
203 99
226 113
246 125
257 132
259 136
255 134
246 130
226 123
205 117
177 109
138 83
101 48
76 27
58 23
41 27
27 25
17 15
21 5
35 11
54 29
74 44
101 56
130 64
164 76
191 91
216 111
236 121
251 126
259 128
257 130
248 130
232 125
212 115
185 101
154 85
123 70
93 56
68 44
44 31
29 19
21 13
21 13
27 15
42 21
64 31
91 42
121 58
152 74
179 89
208 103
232 115
248 126
257 134
257 134
253 134
240 128
218 119
195 107
167 95
136 78
105 62
78 48
52 33
35 25
23 19
19 13
23 15
37 19
56 29
82 44
117 64
140 76
160 80
187 82
218 93
244 115
255 132
257 136
253 130
248 125
232 123
208 119
177 107
146 87
117 66
87 50
60 41
41 31
25 19
19 11
21 9
29 15
44 23
70 35
97 48
126 62
158 76
187 91
214 107
236 121
251 128
257 132
257 132
250 132
236 126
214 117
189 103
160 87
128 74
99 58
72 44
48 33
33 23
23 17
19 13
27 17
41 23
60 31
85 42
115 56
146 70
175 85
203 99
228 115
246 125
255 132
259 136
255 134
244 128
224 121
201 111
171 97
142 83
117 76
82 58
48 29
27 3
23 0
23 9
25 21
31 21
50 21
78 29
107 50
134 74
164 89
193 97
218 105
238 117
253 130
257 138
257 134
248 126
232 117
210 111
183 103
154 89
123 70
93 52
66 41
44 31
29 23
21 15
21 13
29 13
42 21
64 33
91 44
123 60
152 76
181 89
208 105
232 117
250 126
257 132
257 132
251 130
240 126
218 119
193 107
166 91
134 76
105 62
76 48
52 35
35 23
23 17
21 15
25 15
37 19
56 27
82 39
111 56
142 72
175 91
205 111
218 113
230 111
248 113
259 123
257 130
244 128
226 119
207 105
181 95
148 87
115 74
87 56
62 41
41 27
27 19
19 15
21 15
31 15
46 19
68 31
97 48
128 64
158 80
187 91
214 105
236 119
250 130
257 134
257 134
250 130
236 125
214 117
187 103
158 87
128 74
97 58
70 44
46 31
33 23
23 15
21 13
25 15
39 19
62 29
87 44
117 58
146 74
177 87
205 101
228 117
244 125
255 132
259 132
253 132
242 128
224 121
199 109
171 95
140 80
111 66
82 52
58 42
42 39
19 17
9 0
17 0
35 7
54 29
76 42
103 48
134 58
167 78
195 101
220 119
240 126
251 128
257 128
257 132
246 132
230 126
208 113
181 95
152 82
123 70
91 56
66 41
44 27
29 17
21 13
21 15
29 17
44 23
64 29
93 44
123 60
154 76
183 91
210 103
232 117
248 126
257 132
259 136
251 132
238 126
218 119
193 107
164 93
132 76
103 60
76 44
52 35
35 23
23 17
19 13
25 13
37 17
58 29
83 42
111 58
142 72
171 85
203 101
228 119
250 136
251 136
248 126
248 115
244 113
228 117
203 111
173 95
146 78
117 62
87 52
62 44
41 35
27 21
19 11
21 11
31 17
48 27
72 37
97 44
128 58
160 76
189 95
214 111
236 121
251 126
259 132
257 134
250 130
236 126
214 117
187 103
158 87
126 74
97 58
70 42
46 31
31 21
21 15
19 13
27 15
41 21
62 31
87 44
117 58
148 74
177 87
205 103
228 115
246 125
255 130
259 134
255 134
242 128
222 119
199 107
169 95
140 80
109 64
82 48
56 39
39 27
27 21
25 27
21 21
25 7
44 5
76 21
109 50
136 74
166 83
195 89
220 103
242 123
253 138
257 142
255 134
248 125
230 121
208 115
179 103
150 83
121 64
91 50
64 39
42 31
29 21
21 13
21 11
29 15
46 25
68 37
93 48
123 60
154 76
183 91
210 107
232 119
248 126
257 130
259 132
251 130
238 126
218 117
193 105
164 91
132 76
103 62
76 46
52 33
33 23
23 15
19 13
25 13
39 19
58 29
83 33
111 54
17 62
173 87
201 101
224 113
238 125
7 134
263 142
257 144
236 126
208 107
199 93
175 80
146 80
113 66
83 48
52 33
42 25
29 23
19 21
21 17
31 15
48 21
1 37
99 52
3 66
160 78
189 89
214 105
236 119
1 128
251 132
257 132
250 130
234 125
205 115
187 103
158 87
125 72
93 56
68 42
46 31
29 21
21 15
21 13
27 15
41 23
62 31
87 42
119 58
148 72
179 89
205 103
230 115
246 125
7 132
257 134
250 132
242 128
222 121
197 109
167 95
138 80
109 64
80 48
54 35
37 25
25 17
21 15
25 17
39 29
56 41
70 37
95 31
125 44
169 74
199 103
220 115
238 117
253 121
261 130
257 142
246 140
230 126
208 109
181 95
150 85
119 72
89 54
62 37
41 21
27 15
21 15
23 17
29 17
46 23
68 33
95 48
125 64
156 78
185 91
210 103
234 117
248 128
257 132
259 132
251 130
238 126
216 117
191 103
164 91
132 76
101 60
74 46
50 33
33 21
23 17
21 13
25 15
39 21
58 29
83 42
113 56
144 70
173 87
201 101
226 113
244 123
255 132
259 136
255 134
248 134
234 134
199 115
164 87
134 64
113 52
87 46
58 39
37 25
25 11
23 9
27 17
35 27
48 33
74 37
101 48
130 64
160 82
189 97
216 107
236 117
251 125
257 130
257 134
250 130
234 125
212 111
185 101
156 87
125 74
95 56
68 42
46 29
31 19
21 15
19 13
27 15
42 21
64 31
89 44
119 58
150 74
179 89
207 103
230 115
248 126
257 132
259 132
253 132
240 126
220 119
197 107
167 93
136 78
107 64
80 48
54 37
35 25
25 17
21 15
25 17
37 21
54 29
82 44
113 66
134 72
156 68
189 72
222 95
244 123
253 136
257 132
255 125
250 125
232 126
207 123
179 107
150 83
119 64
89 52
62 42
41 31
27 17
21 9
21 9
29 15
46 25
68 35
95 46
125 60
156 78
185 93
212 107
234 119
250 125
257 130
257 132
251 132
236 126
216 117
189 103
160 89
130 74
101 60
72 44
50 31
33 23
23 17
19 13
25 15
41 21
60 31
85 42
113 56
144 70
175 85
203 101
226 115
244 125
255 130
259 134
255 134
244 130
224 123
205 113
181 107
144 91
103 60
72 35
56 21
41 21
27 19
17 13
21 9
35 13
54 25
76 42
101 58
132 70
162 80
191 93
216 109
238 123
251 130
257 130
257 130
250 128
234 125
210 115
185 101
154 85
125 70
93 56
68 44
46 33
31 21
21 15
21 13
27 17
42 23
64 33
82 44
119 58
25 74
181 89
208 103
230 115
248 125
257 132
259 134
253 134
240 126
220 119
197 107
166 93
134 78
105 62
76 46
54 35
37 25
23 17
21 13
25 15
37 23
54 31
80 42
109 54
140 70
173 93
197 107
210 103
232 99
251 111
261 128
257 138
244 132
228 117
208 105
181 99
150 93
117 78
87 54
60 33
42 23
27 21
19 21
19 15
29 11
46 17
70 31
95 50
126 64
158 78
187 89
214 105
234 119
250 130
259 134
259 134
251 130
236 125
214 115
189 105
162 91
128 74
99 58
72 44
50 33
31 23
23 17
19 15
27 15
39 21
60 29
85 41
115 56
144 72
175 85
203 101
226 115
246 125
255 130
259 132
255 132
244 128
226 121
201 111
173 97
144 83
117 72
87 64
52 41
27 15
17 0
19 1
25 11
33 21
48 25
74 31
105 46
136 66
166 87
193 103
216 111
238 119
251 126
257 134
255 136
246 128
232 119
210 111
183 101
152 87
123 70
95 56
68 41
44 31
29 21
21 15
21 13
29 15
42 21
64 31
91 44
121 60
152 74
181 87
208 103
230 117
248 125
257 130
259 134
253 132
240 126
218 117
195 107
167 93
134 78
105 62
76 46
54 35
35 25
23 19
19 13
25 15
37 19
56 29
80 39
109 52
140 70
171 85
199 101
228 121
248 136
248 130
246 115
250 109
246 117
230 125
205 119
175 97
146 76
119 64
91 58
62 48
39 33
27 15
21 9
21 13
29 21
46 25
70 33
97 42
126 58
158 78
187 95
214 107
236 117
250 125
257 132
259 136
250 132
234 125
214 113
189 105
160 91
128 76
97 58
72 42
48 33
31 23
21 17
19 13
27 15
41 21
60 31
85 42
117 56
146 72
175 85
205 101
228 115
244 125
255 132
259 134
253 132
242 128
224 121
201 109
171 97
140 82
111 66
82 52
60 41
44 37
25 25
9 9
13 0
31 0
54 17
76 39
101 52
132 60
166 76
197 95
222 115
238 128
251 130
259 130
257 132
246 130
230 125
208 115
183 99
152 83
121 70
91 56
66 42
44 29
29 17
21 13
21 15
29 19
44 25
64 33
93 44
123 58
152 76
181 91
208 103
232 115
248 125
257 132
257 134
251 130
240 126
218 119
193 107
164 91
134 76
105 62
76 46
52 35
35 23
23 17
21 13
25 15
37 19
56 29
82 41
109 54
140 68
171 83
201 101
224 113
242 123
257 134
265 148
253 142
232 119
218 97
205 95
179 97
146 91
113 68
85 44
64 31
44 29
27 29
19 23
21 13
31 13
48 21
70 37
97 52
128 64
158 74
187 87
214 107
236 123
251 130
257 130
257 130
250 128
236 126
214 119
187 103
158 85
126 72
99 58
70 46
46 33
31 19
23 15
21 13
27 15
41 21
62 31
87 42
117 56
148 72
177 87
205 101
228 113
246 123
255 130
259 134
253 132
242 126
224 121
199 111
169 95
140 80
111 64
82 50
56 39
37 27
25 19
25 21
27 25
27 19
41 11
72 19
107 41
136 66
164 82
193 91
220 103
242 119
255 132
259 140
257 138
248 130
230 121
207 111
181 103
152 89
121 70
91 50
64 37
42 29
29 23
21 17
21 13
29 15
44 23
66 35
91 46
123 60
154 76
183 89
210 105
230 115
250 126
259 132
259 134
251 132
238 126
218 119
193 107
164 91
132 76
103 60
76 46
50 33
33 21
23 17
21 15
25 15
37 19
58 29
83 41
111 56
142 70
171 85
201 99
224 113
244 123
255 130
259 136
257 136
250 136
230 134
195 107
164 78
140 60
117 58
87 56
60 42
39 23
27 11
23 11
25 21
33 29
48 29
72 33
99 42
128 62
158 82
189 95
212 103
234 111
253 125
259 136
257 136
250 132
236 123
214 113
187 105
156 91
126 76
97 56
70 41
48 31
31 23
21 17
21 15
27 13
41 19
62 31
89 44
117 58
148 72
179 85
205 101
228 115
248 126
257 132
259 134
253 132
242 128
222 119
199 107
169 93
138 78
107 62
80 48
56 35
37 25
25 17
21 15
25 17
39 25
58 37
74 42
95 42
128 50
158 68
197 89
220 109
238 119
253 125
261 130
259 134
248 136
232 128
208 115
171 99
150 83
119 70
89 56
64 41
42 25
27 17
21 13
21 13
29 17
44 21
68 33
93 46
125 62
154 78
185 91
210 105
232 115
0 125
251 134
259 136
251 132
236 123
216 115
193 107
162 91
130 76
101 58
74 44
50 33
33 23
23 17
15 13
25 15
39 19
58 29
83 33
113 56
17 72
173 85
201 99
224 113
236 123
7 132
259 136
255 134
246 132
228 123
205 117
179 111
140 87
103 52
76 27
58 21
42 25
27 25
19 17
21 0
35 11
52 29
76 46
99 58
3 62
162 64
191 91
214 109
236 121
1 126
251 130
257 130
248 130
234 126
205 117
187 103
156 87
125 72
95 58
70 44
31 31
29 21
21 13
21 13
27 17
41 21
62 29
89 42
119 58
25 74
179 89
205 101
230 115
248 126
7 134
259 136
253 134
242 128
222 119
197 109
167 93
138 80
107 62
78 48
54 35
37 25
25 17
19 15
23 15
37 21
54 29
80 42
113 62
138 76
160 80
185 82
216 93
242 113
255 130
257 134
255 130
248 125
232 121
208 119
179 107
148 87
119 68
89 52
62 39
41 29
27 21
21 13
21 11
29 15
44 23
68 35
95 48
125 60
156 74
185 89
210 105
236 119
250 128
257 132
259 134
251 132
238 126
216 117
189 103
162 89
130 74
101 60
72 44
50 33
33 23
23 17
19 13
25 15
39 21
58 29
83 41
113 54
142 70
173 83
203 99
226 113
246 125
255 132
259 136
255 134
244 130
226 123
201 111
173 99
142 83
119 76
85 62
48 31
29 1
23 0
25 9
25 21
31 23
48 21
74 27
105 48
134 72
162 89
191 97
216 103
236 115
251 128
257 138
255 136
248 126
234 119
210 113
185 103
156 91
125 72
95 54
68 41
46 31
31 25
21 19
21 13
29 15
42 19
64 31
89 44
121 60
152 74
179 87
207 103
230 117
248 126
257 134
257 134
253 130
240 126
220 119
195 107
167 93
136 76
107 62
78 48
54 35
35 25
25 17
21 13
23 15
35 19
54 27
82 39
109 54
138 70
173 89
203 107
216 115
230 113
246 113
259 123
257 130
246 130
226 119
207 107
181 95
150 87
119 74
89 56
62 41
42 27
27 21
19 17
21 15
29 13
46 19
68 31
95 46
126 64
156 78
187 91
212 105
234 119
250 128
257 134
257 132
251 130
236 125
214 117
189 105
160 89
130 74
99 58
72 42
48 31
33 23
23 17
21 13
25 15
39 21
60 31
85 44
115 58
144 72
175 85
203 101
228 115
244 125
255 130
259 134
255 132
244 128
224 121
201 111
173 97
142 82
111 66
83 52
64 46
42 41
19 19
7 0
17 0
35 5
52 27
76 44
101 50
132 58
166 76
193 99
218 119
240 126
251 128
257 128
257 132
248 134
232 128
208 113
183 97
154 82
123 72
93 58
66 42
46 29
31 19
21 15
21 17
27 17
42 21
66 31
91 44
121 58
150 76
181 89
208 103
230 115
248 126
257 132
259 134
251 132
238 126
220 119
195 107
166 93
134 78
105 60
78 46
54 35
35 27
23 17
19 13
23 13
37 19
56 27
82 41
109 54
138 68
169 83
199 99
226 117
248 134
253 138
250 128
248 117
244 115
230 115
205 113
175 97
146 78
119 62
89 52
64 46
42 35
27 23
21 15
21 11
29 17
46 27
68 37
95 46
126 58
158 76
187 91
214 107
236 119
251 126
259 132
259 134
250 134
236 126
214 117
189 103
160 89
128 74
99 58
72 44
48 31
31 21
21 15
19 13
25 13
41 19
62 29
87 44
115 56
146 72
177 85
205 101
228 115
244 125
255 130
259 132
255 132
244 128
222 121
199 109
171 95
142 80
109 64
82 50
58 39
39 29
27 23
25 27
21 23
23 7
42 3
74 19
107 48
134 72
164 82
193 89
220 103
242 121
253 136
259 142
255 134
248 126
232 121
208 117
181 105
152 85
123 66
93 50
66 41
44 33
29 23
21 15
21 11
27 13
44 23
66 37
91 46
121 58
152 72
181 87
210 105
232 119
248 126
257 130
259 132
253 132
238 128
218 119
193 105
166 91
134 76
103 62
76 46
52 35
35 25
23 17
19 11
25 13
39 21
56 31
80 41
109 52
140 70
171 85
199 101
224 113
236 125
7 132
265 142
251 140
240 128
216 107
197 91
177 87
148 82
115 62
85 48
62 33
44 25
29 23
21 23
21 17
31 15
48 21
0 33
93 48
1 64
158 78
189 91
214 105
236 119
250 128
259 134
259 134
250 130
236 125
214 117
187 105
158 91
126 74
97 56
70 42
48 31
33 23
21 17
21 13
27 15
41 23
60 31
85 42
117 56
146 70
177 85
205 101
228 117
246 126
255 130
259 132
255 132
242 128
222 121
199 109
169 93
140 80
109 64
80 48
56 35
39 25
27 19
21 17
23 17
39 31
56 41
68 37
91 33
128 42
167 72
197 101
218 115
238 117
253 121
263 130
259 140
248 140
230 128
208 111
183 97
150 85
119 72
89 56
66 39
44 25
29 17
19 15
21 15
29 17
44 21
66 31
93 46
123 62
154 76
183 89
210 103
232 117
248 126
257 132
259 134
251 130
238 126
218 119
193 107
164 91
134 76
103 60
74 44
52 33
35 25
23 19
19 13
25 13
39 21
56 29
82 41
111 52
142 68
171 82
201 99
224 115
244 125
255 130
259 134
257 136
185 134
232 132
203 117
166 89
134 66
113 52
80 46
60 39
39 25
27 13
23 11
25 15
33 25
48 31
72 37
99 48
128 62
158 78
187 93
214 107
236 117
251 125
257 130
257 134
251 132
234 125
214 115
187 101
158 89
126 74
95 58
70 41
48 31
33 23
21 17
19 13
27 15
42 21
62 31
87 44
117 56
148 72
177 87
205 103
228 115
246 125
257 130
259 134
253 132
242 128
222 119
199 107
169 95
138 78
109 62
80 48
56 37
37 27
25 19
19 15
25 15
35 21
52 29
80 44
111 66
132 72
152 66
187 72
220 95
244 123
253 136
257 132
257 126
250 125
234 128
208 123
181 107
150 83
119 64
89 52
62 41
42 33
29 21
19 11
21 9
29 15
44 25
68 35
93 44
123 56
154 74
183 91
210 107
232 117
248 125
257 130
259 134
251 134
238 126
218 117
191 103
162 89
132 74
101 60
76 44
52 33
35 23
23 17
19 15
25 15
37 21
58 29
83 41
111 54
140 70
173 85
201 101
224 115
244 125
255 130
259 134
255 134
246 130
226 123
205 115
181 107
146 91
105 64
74 35
56 21
41 19
27 19
19 15
21 9
33 11
52 25
74 42
99 56
130 68
160 78
189 91
216 109
236 123
250 130
257 130
257 128
250 128
234 125
212 117
185 101
156 85
126 72
95 58
68 44
46 31
31 21
21 15
21 13
27 15
42 21
62 31
87 44
117 56
148 72
179 87
207 103
228 115
246 125
257 132
259 136
253 134
240 128
222 119
197 107
169 95
136 78
107 62
80 48
56 37
37 27
25 19
19 15
25 15
35 21
54 29
78 41
107 54
138 68
173 91
197 107
212 105
230 99
250 109
261 126
259 140
246 134
228 119
208 105
183 97
152 93
119 80
89 56
64 37
42 23
27 19
19 17
21 15
29 13
44 17
68 29
95 46
125 62
154 76
185 89
212 105
234 119
250 128
257 132
259 134
251 132
236 125
216 117
189 105
162 89
130 76
101 60
74 48
50 35
33 21
23 15
21 13
25 17
39 21
58 29
83 41
113 56
144 72
173 85
201 99
226 113
244 125
255 130
259 134
255 134
244 130
224 121
201 109
175 95
144 83
117 72
89 60
56 41
29 17
17 1
19 1
23 9
33 17
48 23
74 31
103 44
132 66
164 85
191 99
216 109
236 117
251 126
257 134
255 136
248 130
232 121
212 109
185 101
156 89
125 72
95 56
70 41
46 31
31 23
21 17
21 15
27 15
41 21
64 31
89 44
119 58
148 70
181 87
208 103
230 117
246 126
255 130
259 132
253 132
240 128
220 119
195 105
167 91
138 80
107 64
78 48
54 35
37 25
25 19
19 15
23 15
37 19
54 29
78 41
107 52
138 68
167 83
197 99
224 117
248 134
250 132
246 117
250 109
248 117
234 126
205 119
175 95
148 74
121 64
93 60
64 52
41 35
27 17
21 11
21 13
29 21
44 25
68 31
95 41
125 56
156 78
185 95
212 107
234 117
250 125
259 132
259 136
251 134
236 125
214 113
189 103
162 91
130 78
99 60
72 44
50 33
33 23
23 17
19 15
27 15
39 19
58 29
83 41
113 56
144 70
175 85
203 99
226 115
244 123
255 132
259 134
253 132
242 128
224 119
201 109
173 97
142 82
113 66
83 52
60 41
46 39
27 27
9 11
11 0
29 1
52 17
76 37
101 50
130 60
164 74
195 95
220 115
238 128
251 130
259 132
257 132
248 132
230 125
210 113
185 99
154 83
123 70
95 56
68 42
44 31
29 19
21 13
21 13
29 17
42 23
64 33
89 44
121 58
150 74
181 89
208 103
230 115
248 125
255 132
259 134
253 132
240 126
220 117
195 107
167 93
136 80
105 62
78 48
54 33
35 25
23 17
19 13
25 13
37 19
56 29
80 41
107 52
138 68
171 83
199 99
222 115
242 125
255 134
265 146
255 142
234 119
218 97
205 91
183 97
148 91
115 70
87 46
64 31
44 31
29 31
19 23
21 15
31 11
46 19
68 35
95 50
126 62
156 72
187 85
212 103
234 121
250 128
257 132
257 130
251 130
236 125
216 119
189 105
160 87
130 74
99 60
72 46
48 33
33 21
23 15
19 13
25 15
41 21
60 31
85 42
115 54
146 70
175 87
203 103
226 113
246 125
255 130
259 134
253 132
242 126
226 121
201 111
171 97
142 80
111 64
83 50
58 39
37 29
27 21
25 23
27 25
27 21
39 13
68 19
103 37
134 60
166 82
191 95
218 105
240 119
253 132
259 140
257 140
248 132
232 123
208 113
181 101
152 85
123 70
93 52
66 39
44 29
29 21
21 15
21 13
29 15
44 23
64 33
89 44
121 60
152 74
181 89
207 103
230 115
248 126
257 132
259 134
251 132
240 128
220 119
193 107
166 91
134 78
107 64
76 48
52 35
35 23
23 17
21 15
25 15
37 21
56 27
82 41
109 54
140 68
169 82
199 97
224 111
244 125
255 132
259 136
257 136
251 140
232 134
197 109
166 78
142 60
119 58
89 56
60 44
41 25
27 9
23 11
23 19
33 27
46 31
70 33
97 41
128 62
158 83
185 95
212 103
236 113
251 125
257 134
257 138
250 132
238 123
214 113
189 103
158 91
128 76
97 56
72 42
48 29
31 23
23 17
21 13
27 15
41 21
62 31
87 44
115 58
146 70
175 85
205 101
228 117
246 126
255 132
259 132
253 132
244 128
222 121
199 109
171 95
140 80
109 66
82 50
58 37
39 25
25 19
19 15
25 17
39 25
58 39
74 42
93 42
125 48
162 66
195 89
218 107
238 121
253 126
259 130
259 134
250 136
232 130
208 117
181 99
152 83
121 72
91 56
64 41
42 27
29 17
21 13
21 13
29 17
44 23
64 31
91 42
123 60
154 78
183 91
208 103
232 115
248 126
257 132
257 134
251 132
238 125
218 117
193 107
164 93
132 76
103 60
76 46
52 35
35 25
23 17
19 13
25 15
37 21
56 27
82 41
111 54
140 68
169 83
199 97
224 113
244 125
255 132
259 134
255 134
248 132
228 125
205 115
181 111
144 89
105 54
78 29
60 23
44 27
29 27
19 15
19 7
33 9
50 27
74 46
97 56
126 64
160 74
189 89
214 109
236 123
250 128
257 128
257 128
250 130
234 126
214 119
187 103
158 85
126 72
97 58
70 46
48 33
31 21
21 13
21 13
27 17
41 23
60 29
87 39
117 56
148 72
175 87
205 103
230 115
246 125
255 132
259 134
255 134
242 128
222 119
197 107
169 93
138 80
109 64
80 48
56 37
37 25
25 19
19 15
23 15
35 19
54 29
78 41
111 60
138 76
158 80
183 80
216 91
242 113
255 128
257 134
255 130
248 125
234 123
208 119
181 107
152 89
123 70
91 52
64 42
41 31
27 21
19 13
21 9
29 15
44 21
66 33
93 44
123 58
152 74
185 89
212 107
232 121
248 128
7 130
259 134
251 134
234 128
218 117
191 103
164 91
132 76
103 60
76 46
52 33
35 23
23 15
19 13
25 15
39 21
56 29
82 39
111 52
142 70
173 85
201 101
224 113
236 123
255 130
251 136
255 134
246 130
226 123
203 111
175 99
146 83
113 78
87 64
46 33
27 3
21 0
21 0
25 21
33 23
46 21
66 27
103 46
132 72
156 89
189 97
214 103
236 115
250 126
257 134
257 134
250 128
234 121
212 111
187 103
158 91
126 76
95 56
70 41
48 31
31 25
21 17
19 13
27 13
41 21
60 31
87 41
119 58
150 74
177 87
205 101
228 115
248 126
257 132
259 134
250 132
242 128
222 121
197 109
167 93
138 78
109 64
80 48
54 37
37 25
25 17
21 13
23 15
33 17
52 27
80 39
107 54
136 70
169 87
201 107
216 115
228 111
246 111
7 121
257 130
246 130
228 119
208 107
183 95
152 87
121 76
89 60
64 42
44 29
29 21
19 15
19 15
29 17
44 23
66 31
93 44
125 60
154 78
185 91
210 105
234 119
0 126
257 134
257 134
251 130
236 125
216 117
191 105
164 91
130 76
103 60
74 44
50 33
33 25
23 17
19 13
25 11
39 19
60 31
83 42
111 56
142 70
173 85
203 101
224 115
234 125
5 130
251 134
255 134
244 130
226 123
203 111
173 97
144 82
115 68
78 52
64 44
44 41
5 21
0 0
15 0
33 3
52 27
74 42
99 50
130 56
164 76
193 97
216 119
238 128
1 126
257 126
257 130
250 134
232 128
210 113
183 95
156 82
125 72
95 60
68 44
46 29
31 21
21 17
19 15
27 17
41 21
64 29
89 44
119 58
150 74
179 89
207 101
230 115
248 125
255 132
259 134
253 132
240 126
220 117
197 107
169 95
136 80
107 62
80 46
54 35
37 25
25 19
19 13
23 13
35 17
54 27
80 41
107 54
138 68
167 83
199 99
224 117
248 134
3 138
185 128
246 117
244 115
232 117
207 113
177 97
148 80
121 64
91 52
64 46
42 35
29 23
21 13
19 11
29 15
44 25
68 35
93 44
125 56
156 74
185 91
212 107
234 119
250 126
257 132
259 134
251 132
238 126
216 117
191 105
160 89
130 74
101 60
74 44
50 33
31 21
23 15
19 13
25 13
39 19
60 29
85 42
113 56
144 70
175 85
203 101
226 115
244 125
255 130
259 134
255 134
244 130
224 121
203 111
173 97
142 83
113 66
83 50
60 39
41 29
27 23
25 27
21 21
23 7
41 3
72 19
103 46
134 70
162 82
191 89
218 101
240 121
253 138
257 142
257 134
248 126
234 121
210 117
183 105
154 85
123 66
95 50
68 41
44 31
29 23
21 15
21 11
27 13
42 23
66 35
91 46
119 58
150 72
181 87
208 105
230 117
246 125
257 130
259 132
253 132
240 128
220 119
195 107
167 93
136 78
107 62
78 48
54 35
35 25
23 17
19 13
23 13
37 21
54 29
78 39
107 52
138 68
169 83
197 99
222 113
242 125
255 132
263 142
259 144
240 130
218 109
201 95
179 89
150 82
117 68
87 50
64 35
44 27
29 25
21 21
21 19
29 17
