560000 10000000 117440 17
130 62
171 82
205 103
242 123
9 134
263 138
251 134
226 125
193 111
154 97
107 72
58 39
27 11
15 0
17 3
31 15
54 27
91 39
136 60
181 83
218 111
246 130
11 138
261 136
248 130
220 121
183 105
140 83
99 58
62 37
33 21
17 13
17 11
33 15
60 27
99 44
142 68
185 89
220 109
248 125
263 134
259 136
244 130
214 117
179 99
136 80
93 60
56 41
31 23
17 13
19 11
37 19
66 33
105 48
148 70
191 91
224 111
250 126
263 134
259 138
242 130
212 117
173 99
130 78
89 56
52 37
27 21
17 13
21 13
39 21
70 35
111 54
156 83
189 107
220 109
242 105
9 113
259 128
240 125
205 119
166 91
126 66
85 52
50 42
25 29
15 15
21 9
42 15
76 35
117 58
160 80
193 95
234 111
5 125
263 136
255 138
234 126
201 107
160 87
119 70
78 52
44 33
23 17
15 9
25 13
48 25
82 41
123 58
166 78
207 99
238 117
257 130
263 136
253 134
230 123
195 107
156 89
111 68
72 48
41 29
21 17
15 11
27 15
50 25
85 41
128 60
173 83
210 103
242 121
259 132
263 136
251 134
226 125
193 111
154 97
103 70
56 37
27 9
17 0
19 5
29 15
54 25
91 39
136 60
181 87
216 113
244 128
261 134
263 136
248 132
220 123
183 105
142 83
99 58
60 37
33 21
19 15
17 13
31 17
60 27
99 44
142 68
183 91
220 111
248 125
261 132
261 136
244 130
216 119
179 99
136 80
93 56
56 37
31 21
17 13
19 11
35 15
66 31
105 48
148 70
189 91
224 111
251 126
263 136
259 136
242 128
212 115
173 99
130 78
87 54
52 35
29 19
17 13
21 13
39 21
72 35
113 56
160 85
193 103
218 103
244 105
261 119
261 134
240 134
205 115
167 89
126 68
85 54
50 42
27 29
15 13
21 9
41 17
74 37
115 58
158 76
199 91
234 111
255 128
263 140
255 138
234 126
203 109
162 91
119 72
78 50
44 31
23 17
15 9
23 13
46 23
80 37
123 58
166 80
205 99
236 117
257 130
263 138
253 134
230 125
197 109
156 89
113 68
64 46
41 27
21 17
15 11
25 13
50 25
87 41
125 60
171 82
210 103
242 121
259 132
263 136
251 134
228 128
197 117
154 99
101 68
56 33
31 9
19 3
17 7
29 15
54 25
91 39
136 60
179 87
216 111
244 126
259 132
261 134
248 132
220 123
185 105
142 82
99 58
62 39
33 25
17 15
17 11
31 13
60 25
99 46
140 68
183 89
220 109
248 123
261 132
261 136
246 132
216 119
179 101
136 78
95 56
58 39
31 23
17 15
19 11
35 17
66 31
103 50
146 70
189 93
224 111
250 126
261 134
259 134
244 130
212 117
173 99
130 78
89 56
54 35
29 23
17 13
19 13
41 21
70 37
113 60
158 87
191 99
216 99
246 105
263 121
261 136
240 134
207 115
167 89
126 68
87 58
50 44
25 27
13 11
21 7
42 17
74 39
115 58
158 76
199 91
232 111
253 128
263 138
257 138
236 126
203 109
162 91
119 72
80 52
44 33
23 17
15 7
23 11
46 23
80 39
121 56
164 78
205 99
238 119
257 132
263 138
253 134
232 125
197 111
156 91
115 68
72 48
41 29
21 15
17 11
27 13
50 25
83 39
128 60
171 83
210 105
240 121
257 130
265 136
253 136
230 128
197 119
154 97
101 64
56 31
33 11
21 5
17 11
27 15
52 23
91 37
138 62
179 91
214 115
242 126
7 132
263 134
248 132
220 123
185 103
144 82
101 60
62 39
33 25
19 15
17 13
31 15
60 27
97 44
140 66
183 89
220 109
246 125
261 132
261 136
246 132
216 121
179 101
138 80
95 58
58 39
31 23
17 13
19 13
35 19
64 31
103 48
146 70
187 91
224 111
250 126
263 136
259 138
242 130
212 117
175 99
132 80
91 58
54 37
29 21
17 13
19 13
39 19
68 33
113 58
158 85
187 95
216 95
248 105
265 126
261 140
238 134
207 111
169 87
130 72
87 60
48 44
25 25
15 11
21 7
41 19
72 37
115 56
158 74
199 89
232 111
253 128
263 138
257 138
236 126
203 111
164 93
121 74
80 52
44 33
23 15
15 11
23 11
44 21
80 37
121 56
164 78
203 99
236 117
257 130
261 134
255 134
234 126
199 113
156 91
115 70
74 46
42 29
23 19
15 13
25 13
50 23
85 39
126 60
169 83
208 103
240 119
261 132
263 140
251 136
230 128
201 119
152 95
99 60
58 29
35 11
21 7
17 9
25 13
54 21
93 37
134 60
177 87
216 113
244 126
259 132
261 134
248 132
224 123
187 105
144 83
101 58
64 41
35 27
17 15
17 11
31 15
60 27
97 44
138 68
181 87
218 109
246 125
261 132
261 134
246 130
218 119
181 101
138 82
97 58
60 39
31 23
17 13
17 11
33 17
64 29
103 48
146 70
187 91
224 111
250 123
263 132
261 136
244 132
214 119
175 99
134 78
91 58
54 39
29 25
17 13
19 13
39 19
70 35
115 62
152 83
183 85
216 89
250 107
265 130
259 142
238 130
208 109
171 89
130 76
87 64
50 44
27 23
15 9
21 7
41 21
72 37
113 54
156 70
197 89
232 113
255 132
263 138
257 134
236 125
205 113
164 95
121 76
80 52
46 31
23 17
15 9
23 13
44 21
80 37
121 56
164 78
203 99
236 117
257 130
263 136
255 134
232 126
199 111
158 91
115 70
74 48
42 29
21 17
15 11
25 13
48 25
83 41
126 60
169 82
208 101
240 121
259 132
263 138
253 136
232 128
199 119
150 95
97 58
60 29
37 13
21 9
17 11
25 15
52 21
91 37
134 62
177 89
212 111
242 123
259 130
263 134
250 134
222 125
185 105
144 80
103 58
64 41
35 27
17 15
17 9
31 13
58 27
95 46
138 68
181 87
218 107
246 123
261 132
261 136
246 130
218 119
181 101
140 82
97 60
60 41
31 23
17 13
19 13
33 19
62 29
101 46
146 68
187 91
222 111
248 125
261 134
261 136
244 130
214 119
175 99
134 78
91 56
56 39
29 23
17 15
19 13
37 19
62 35
115 64
17 80
181 83
216 87
250 109
265 134
259 144
236 130
208 107
173 87
130 78
85 64
48 44
27 21
17 7
21 9
39 21
72 39
113 54
156 70
197 91
230 111
253 130
263 138
257 134
236 125
205 111
158 95
123 76
80 52
46 31
23 17
15 11
21 13
44 21
78 35
119 52
164 76
205 101
236 119
255 130
263 136
255 134
232 126
199 111
158 91
115 68
76 48
42 29
23 17
15 11
25 13
48 23
83 41
126 60
169 82
208 101
240 121
259 132
263 138
253 136
232 130
199 121
148 91
97 54
62 27
39 15
23 13
15 13
25 11
52 17
93 37
136 66
175 93
212 111
242 123
259 130
263 136
248 134
222 123
189 103
146 80
93 60
64 41
37 27
19 15
17 9
29 13
58 27
95 44
138 66
179 85
218 107
246 125
259 134
261 136
248 132
220 121
183 103
140 82
97 60
60 39
33 23
17 15
17 13
33 17
62 29
101 46
142 68
185 87
224 111
250 126
261 136
259 136
244 130
216 119
177 101
134 80
91 56
56 37
31 21
17 15
19 13
37 19
64 39
113 64
146 76
179 78
218 89
251 111
267 136
257 142
238 128
212 109
173 93
130 80
87 64
50 42
27 21
15 7
19 9
41 21
72 37
113 50
156 68
197 91
232 113
253 130
263 136
257 134
234 125
205 113
158 95
121 72
82 48
48 31
25 19
15 13
23 13
44 21
78 35
119 54
162 78
203 99
236 117
255 128
263 134
255 134
232 126
199 113
158 91
117 70
76 48
42 29
21 17
15 9
27 15
48 25
83 41
125 60
167 80
208 103
240 121
259 132
263 138
253 136
234 132
199 121
146 87
99 52
66 29
41 17
21 13
15 11
25 11
52 17
91 37
134 66
175 93
212 111
242 121
259 128
263 136
250 136
222 125
187 105
146 80
103 58
66 42
37 29
19 17
17 11
31 13
58 25
93 44
138 66
181 89
216 107
244 123
259 134
261 136
248 130
220 121
183 103
140 82
97 60
60 41
33 25
17 13
19 11
33 17
60 27
99 44
144 68
185 91
220 111
248 125
261 134
261 136
244 128
216 119
177 101
136 80
93 58
56 39
31 23
17 15
21 13
37 21
70 37
111 62
144 72
179 74
220 89
251 115
265 138
259 142
240 128
210 109
173 93
130 80
89 66
50 44
25 19
15 7
21 9
41 23
70 37
111 50
156 70
197 91
230 115
253 130
263 136
257 134
238 125
205 113
158 95
123 76
80 50
46 29
25 17
17 13
23 15
42 23
76 35
119 54
162 78
201 99
234 117
5 130
263 136
255 136
232 126
201 111
160 91
117 70
76 46
42 29
23 17
17 13
25 15
48 23
83 39
125 58
167 80
207 101
240 119
259 132
263 138
253 138
236 134
197 119
140 85
99 52
66 29
41 19
21 15
15 11
25 11
52 19
91 39
132 64
173 89
212 109
242 121
259 130
263 134
248 134
222 121
189 105
148 82
103 60
64 41
37 27
19 17
17 11
29 15
56 27
95 44
136 66
177 87
216 105
246 123
261 132
261 136
248 132
220 119
185 103
142 82
99 60
60 39
35 23
19 15
17 11
33 17
62 29
101 46
142 68
183 89
220 109
248 125
263 134
259 136
244 130
216 119
179 101
136 80
93 58
56 39
31 23
17 15
19 13
37 19
70 39
107 60
142 68
179 72
222 91
253 121
265 140
257 140
240 126
212 109
175 95
130 83
87 62
52 39
27 17
15 7
19 9
39 21
70 35
111 48
21 68
195 91
230 115
251 130
261 134
257 132
240 128
207 117
166 97
123 74
82 50
48 33
25 21
15 13
21 13
42 19
78 35
117 56
160 78
201 99
234 117
255 130
263 136
255 136
234 126
201 113
160 91
117 68
76 48
44 31
23 19
15 11
25 13
48 23
83 41
123 60
167 82
207 101
238 119
257 132
265 138
257 140
238 136
195 117
144 82
101 50
70 31
41 21
21 15
15 11
25 9
52 21
89 41
130 66
173 91
212 107
242 121
257 128
261 136
250 134
224 123
189 103
148 82
105 60
66 42
37 27
19 15
17 9
31 13
56 27
93 46
134 64
177 83
216 105
244 123
259 132
261 138
248 134
220 121
183 103
142 82
99 60
62 41
33 25
17 13
17 11
33 15
62 29
99 46
142 68
185 89
222 109
248 125
261 132
261 136
246 132
216 119
179 101
136 80
95 58
58 39
31 25
17 15
19 13
37 21
72 41
105 60
138 64
179 70
222 91
253 123
263 140
259 140
242 123
214 109
175 97
132 85
87 64
52 39
27 17
17 9
19 13
39 23
70 35
111 48
154 68
195 93
230 115
253 128
263 134
257 134
238 126
207 115
169 97
126 76
82 52
48 33
25 17
15 13
21 13
42 21
74 33
117 52
162 76
201 97
232 117
255 128
263 134
255 134
234 125
203 113
164 93
119 74
76 50
44 31
23 17
17 13
25 15
46 23
82 37
123 56
166 80
207 101
236 119
257 130
265 138
257 140
236 136
193 115
144 82
103 50
70 31
42 23
21 19
13 13
27 9
52 19
89 41
130 68
171 89
210 105
240 117
259 128
263 138
250 136
224 123
191 103
148 82
105 62
66 42
37 27
21 15
17 11
29 13
56 25
95 46
136 68
177 87
214 105
244 121
261 134
261 138
248 132
220 119
185 101
142 83
99 62
62 41
35 25
19 13
17 9
31 15
60 27
99 44
142 68
183 91
220 109
248 125
261 134
261 136
246 130
216 119
181 101
136 80
95 58
58 37
31 23
17 15
19 13
37 21
72 44
103 58
136 60
177 68
224 93
253 125
263 142
255 136
240 121
216 109
177 101
132 87
87 64
52 35
29 15
17 9
19 15
37 21
62 33
111 46
154 68
195 91
230 115
253 130
263 134
257 130
240 126
208 119
166 99
125 74
83 50
50 33
25 21
15 13
21 11
42 19
76 33
117 54
160 76
199 99
234 115
255 128
263 134
255 134
234 126
203 113
162 95
117 72
78 48
46 31
25 19
15 13
23 13
46 21
82 39
123 60
166 80
205 101
238 119
257 130
263 136
259 142
238 140
193 113
144 78
107 48
72 35
42 27
19 17
13 7
27 7
54 19
89 42
128 68
171 87
210 103
240 119
257 132
261 136
250 132
226 123
191 103
148 83
107 62
68 44
39 29
21 15
15 9
29 13
56 27
91 44
134 64
177 83
207 105
244 123
9 134
261 136
248 130
222 121
187 105
126 83
93 62
62 41
31 25
19 17
17 13
31 15
60 27
97 44
0 68
183 89
220 109
246 123
11 132
261 136
246 132
216 121
179 103
138 82
95 60
58 41
33 25
17 15
19 13
39 23
70 42
99 52
3 54
181 68
224 97
3 126
263 140
257 134
244 123
216 113
177 95
132 87
89 62
52 35
29 17
15 11
19 13
37 21
68 31
109 46
21 68
195 93
228 115
1 128
263 132
257 132
220 126
208 117
169 97
126 74
83 50
48 31
25 19
15 13
21 13
41 19
74 33
115 52
158 76
201 99
232 115
3 126
263 134
255 134
236 128
203 113
156 91
119 72
78 50
37 31
23 17
17 13
23 13
44 23
17 37
115 58
166 82
205 103
236 119
257 130
265 138
259 142
234 136
189 109
146 76
109 50
74 37
42 27
21 17
13 7
27 9
52 21
87 42
128 66
171 87
208 103
240 119
259 130
261 136
250 134
226 123
191 103
150 83
107 64
68 44
39 27
21 15
17 11
29 15
54 25
91 42
134 64
175 85
214 105
244 121
261 132
261 136
248 132
220 119
187 103
146 85
101 64
62 42
35 25
19 13
17 13
31 17
58 27
97 44
140 66
181 87
218 109
248 125
261 134
261 136
244 130
218 119
181 103
138 83
97 62
60 41
33 25
17 15
19 13
37 23
68 42
97 46
134 50
181 66
224 97
251 128
261 140
257 134
242 121
216 113
179 105
132 87
89 60
52 33
29 17
15 11
17 13
37 21
68 31
109 46
152 68
193 93
228 115
253 128
263 134
257 132
238 126
208 117
169 99
126 76
83 52
50 33
27 19
15 13
21 13
41 19
74 33
115 52
158 76
197 95
232 113
255 128
263 136
255 136
236 128
205 113
164 93
121 72
78 50
46 33
23 19
15 11
23 11
44 23
80 37
121 58
164 80
205 99
238 119
257 132
265 140
261 144
232 132
189 105
146 76
111 52
76 39
44 31
21 17
15 7
25 7
52 23
87 44
126 66
169 85
208 101
240 117
257 130
261 138
251 132
228 121
193 103
150 85
107 64
68 46
39 29
21 15
15 9
29 13
54 25
91 42
132 64
175 83
212 105
244 121
259 132
261 136
250 132
222 121
187 103
144 83
103 64
64 42
35 25
19 13
17 9
31 17
58 27
97 44
138 66
181 85
218 107
246 125
259 132
259 134
248 130
220 123
181 103
138 82
97 60
60 41
33 27
17 17
19 13
41 29
66 41
93 41
132 46
183 70
226 105
251 130
261 138
259 130
244 123
216 117
177 105
132 85
91 60
54 33
29 17
17 13
19 17
37 21
66 29
107 46
152 68
193 95
226 115
251 126
263 132
259 132
242 130
208 119
169 99
126 76
85 52
50 35
25 21
15 11
21 11
41 17
72 33
113 50
158 76
199 97
232 117
253 128
263 134
255 134
236 128
203 113
164 91
121 70
80 50
46 33
23 19
15 11
25 13
44 21
78 37
121 56
164 80
203 101
236 119
257 130
267 142
259 144
230 130
189 103
150 74
113 56
76 44
42 31
21 15
15 5
27 9
52 25
85 44
126 66
169 83
208 101
240 119
257 132
261 138
250 134
226 121
193 103
150 83
109 64
70 44
39 27
19 13
17 9
29 17
52 27
89 42
132 62
175 83
212 105
242 121
259 132
263 134
250 130
222 121
187 105
146 85
103 64
64 42
35 25
19 15
17 11
31 15
58 27
95 44
138 64
179 85
218 107
246 125
261 134
261 138
248 132
218 121
183 103
140 83
97 60
60 39
33 25
19 17
19 17
39 29
60 37
91 37
134 46
185 74
224 109
251 130
261 136
257 128
246 123
216 117
179 109
134 89
89 58
54 31
29 17
17 15
17 17
35 19
66 25
107 42
150 68
193 95
226 115
251 126
263 132
259 134
240 130
208 119
171 99
126 76
85 52
48 33
27 19
17 13
21 11
41 17
74 33
115 54
156 76
197 97
232 115
253 128
263 136
257 136
236 128
205 113
166 93
121 72
80 50
46 33
25 19
15 13
23 13
44 21
78 35
119 56
164 78
203 101
236 119
257 134
269 144
259 146
226 128
189 99
152 74
115 56
76 44
41 29
21 15
15 7
27 11
52 27
85 46
126 64
167 82
207 101
240 119
257 132
261 136
250 130
228 121
193 107
152 87
109 66
70 44
41 27
21 15
15 11
27 15
54 25
89 41
130 62
173 83
212 105
244 123
259 132
261 136
250 130
224 123
189 105
146 85
103 64
64 41
35 25
19 15
17 11
31 17
58 27
95 44
138 64
181 87
216 109
246 125
259 134
261 134
248 130
220 121
183 103
140 83
99 60
62 41
33 25
19 15
21 17
39 29
58 33
89 31
134 42
187 76
226 113
250 132
259 134
259 126
248 126
218 123
177 111
134 83
91 54
56 33
29 19
15 15
19 13
37 17
68 27
107 46
148 70
191 95
228 115
251 126
261 132
257 134
240 130
208 117
169 95
128 74
87 54
50 37
27 21
15 11
21 11
41 17
72 33
113 52
156 74
197 95
230 113
251 126
261 134
257 134
158 126
205 113
156 93
123 72
82 52
48 33
25 19
15 9
21 9
44 21
80 39
119 58
162 78
203 99
236 119
7 134
271 146
250 144
224 123
189 95
156 74
119 62
76 48
41 31
21 13
17 5
29 13
50 29
83 46
125 62
167 80
207 93
238 119
5 132
263 138
251 132
228 121
195 105
154 87
111 68
62 46
39 27
21 13
15 11
27 13
52 27
87 41
1 62
173 83
205 105
242 123
9 132
263 136
250 132
224 123
187 105
148 83
107 64
66 44
35 27
19 13
17 11
31 17
56 27
93 44
136 64
181 85
218 107
246 123
261 134
261 138
248 132
220 121
183 103
142 83
99 62
60 42
33 25
19 15
23 23
33 27
52 23
89 27
140 48
189 85
224 117
248 128
261 130
261 128
246 128
216 125
177 109
134 82
91 54
56 35
29 23
17 17
17 13
35 15
66 27
105 48
150 72
191 95
224 111
251 123
263 132
259 138
240 132
210 117
171 97
128 76
87 54
50 37
27 21
17 13
19 11
39 17
70 33
113 54
156 76
197 97
230 113
253 128
263 136
257 136
236 128
205 113
166 93
123 72
82 52
48 35
25 19
17 11
21 13
44 21
78 37
119 56
162 78
203 99
236 119
259 134
269 148
253 140
222 117
193 93
160 78
119 66
76 48
42 29
23 13
17 7
27 13
48 27
83 44
125 62
167 80
207 99
238 119
257 132
261 136
251 130
228 121
195 105
154 87
111 68
72 46
39 29
21 17
17 11
27 15
52 25
87 41
130 60
171 82
210 103
242 121
257 130
263 134
251 132
224 123
191 107
148 85
105 64
66 44
37 27
19 15
15 11
29 13
56 25
93 42
136 64
179 87
216 107
246 123
261 134
261 136
248 130
220 121
185 105
142 83
99 62
62 42
35 27
21 19
23 23
31 23
50 17
89 23
140 50
187 87
222 117
246 126
261 126
261 128
248 132
216 128
179 109
134 80
93 52
56 33
29 23
17 19
17 13
35 13
66 25
105 46
148 74
191 95
226 111
250 125
263 132
259 136
242 132
210 119
171 97
128 74
87 54
52 37
27 23
15 13
19 9
41 17
70 35
111 52
154 72
197 93
230 113
251 128
261 136
257 134
234 128
207 115
158 95
123 72
82 52
48 33
25 19
15 11
23 13
44 21
78 37
117 54
162 76
203 101
236 121
259 138
267 146
250 134
224 113
187 93
162 80
121 68
76 50
42 27
23 11
17 9
27 17
48 29
82 42
123 58
167 76
191 99
238 121
5 132
261 134
253 130
222 123
195 109
154 89
113 66
64 44
41 27
21 15
15 9
27 13
52 25
87 41
0 62
171 82
203 103
242 121
9 132
263 136
251 132
226 123
189 107
132 85
76 64
68 44
37 27
19 15
17 11
29 17
56 27
93 42
136 64
179 85
216 105
244 121
11 134
263 138
248 134
220 123
185 105
142 83
62 62
62 44
33 27
21 19
23 25
27 17
48 9
91 21
142 56
187 91
220 115
246 123
263 126
263 132
248 136
216 128
177 105
136 78
95 54
56 39
29 27
15 15
19 9
35 13
64 27
105 48
148 72
189 93
224 111
250 123
263 134
259 138
242 130
212 117
173 97
130 76
89 56
52 37
27 21
15 11
21 9
39 17
70 35
111 52
154 74
195 93
230 113
253 128
263 138
257 136
238 126
207 113
167 95
125 76
83 52
48 33
25 17
17 13
21 13
42 21
76 37
117 56
162 78
201 99
234 119
263 140
265 146
246 130
224 111
199 95
164 85
119 72
76 50
42 25
25 13
19 11
25 19
46 29
82 33
123 56
166 78
205 101
236 119
7 130
263 134
253 130
222 121
197 109
156 89
111 66
64 44
41 29
21 17
17 13
27 15
50 25
85 41
0 60
171 83
208 95
242 119
9 130
263 136
250 132
226 123
191 107
150 87
107 64
66 44
37 27
19 15
17 9
29 13
54 23
93 42
136 64
177 87
214 105
246 121
9 132
261 136
248 134
222 123
185 105
144 83
93 64
64 44
35 29
23 25
15 21
21 0
50 5
95 25
15 64
185 95
218 111
246 119
13 126
263 134
248 138
218 128
171 105
136 76
95 54
56 39
29 27
15 13
17 7
33 11
64 27
103 48
23 72
189 91
224 111
0 125
255 134
259 138
244 132
212 119
173 97
130 76
89 54
52 37
19 21
17 11
19 11
39 19
7 35
111 52
21 72
195 93
230 115
3 128
255 136
257 134
220 128
207 115
160 97
125 74
83 52
50 33
17 19
17 13
21 11
42 19
13 37
117 56
31 78
193 101
238 123
9 140
257 140
244 125
228 111
203 93
164 89
119 72
76 48
44 25
25 13
17 13
25 19
46 27
80 39
123 54
166 78
205 101
236 119
255 130
263 132
253 132
230 125
197 111
156 89
113 68
66 46
41 29
21 17
15 11
27 13
50 23
85 41
0 60
171 82
203 103
236 119
9 125
263 134
251 130
158 123
191 107
134 85
109 64
62 46
39 29
19 17
15 11
29 15
56 27
29 44
134 64
177 85
214 105
244 123
259 132
263 136
250 132
222 123
187 105
144 83
103 64
64 44
37 31
23 27
13 15
19 1
50 3
97 31
144 68
183 97
216 109
246 117
263 128
263 142
246 142
216 126
181 101
138 76
95 56
56 41
29 25
17 11
19 5
35 11
62 29
103 50
146 70
189 89
224 109
250 125
261 134
261 138
244 132
212 117
173 97
132 78
89 58
52 37
29 21
17 11
19 11
39 19
68 33
109 52
154 72
195 93
228 113
251 126
263 134
259 136
240 128
207 113
169 95
126 76
83 54
48 33
27 19
17 13
21 15
42 21
74 37
117 56
160 78
201 101
238 125
257 138
255 132
246 121
230 111
203 103
164 91
119 72
76 46
46 25
27 17
19 17
25 19
44 25
78 35
123 54
166 80
203 103
234 119
255 128
263 132
253 130
230 125
197 109
158 89
115 68
74 48
41 31
21 19
15 13
25 15
48 23
85 39
128 60
169 82
208 101
240 119
259 130
261 136
251 134
228 123
193 109
150 87
107 66
68 44
39 27
21 17
17 11
27 15
54 25
91 42
134 62
175 85
214 105
244 123
261 134
263 138
248 134
222 123
187 105
146 83
95 62
64 44
41 35
23 29
9 9
15 0
54 5
101 37
142 72
181 93
216 103
248 115
263 130
263 144
246 140
218 123
181 99
138 76
95 58
58 42
31 25
17 11
19 5
33 13
62 31
103 50
146 64
189 89
224 109
0 126
261 136
259 138
242 130
214 117
175 99
130 76
89 54
54 37
29 21
17 13
19 11
39 19
7 33
109 52
19 72
193 91
228 113
3 126
255 136
257 134
158 126
203 115
171 97
126 76
85 54
46 35
27 21
15 13
21 13
41 19
74 35
115 54
33 78
203 101
238 126
1 134
251 126
173 117
236 113
207 99
164 93
117 68
78 44
48 29
27 21
17 21
15 21
44 25
80 35
113 56
37 80
203 101
236 117
1 126
253 130
253 130
224 125
199 111
158 91
113 66
66 46
42 31
23 19
15 13
25 13
50 23
21 31
1 60
169 80
208 99
240 119
9 132
263 136
251 134
228 125
193 109
144 87
109 66
68 42
39 27
19 15
15 11
29 15
54 27
29 42
132 64
175 85
214 105
242 123
259 132
261 136
251 134
224 125
187 107
146 85
103 64
68 48
42 41
17 23
5 0
21 0
58 11
99 44
140 74
179 89
218 101
248 117
263 134
263 146
246 140
218 121
181 97
138 78
95 60
58 41
31 25
17 11
19 7
33 15
64 33
103 50
146 68
187 89
222 109
250 126
261 136
261 138
244 130
214 117
175 99
132 80
91 58
54 37
29 21
17 13
19 13
37 19
66 31
109 48
152 72
193 95
228 115
251 126
263 134
259 136
240 130
208 115
169 95
128 76
85 54
48 35
27 19
17 13
23 13
41 21
74 35
115 54
160 80
203 107
234 126
248 128
251 123
251 117
238 117
207 113
164 95
121 70
80 44
48 29
27 23
17 19
23 19
44 21
78 33
121 54
162 80
203 101
234 117
255 125
263 132
255 132
232 128
199 111
158 89
115 66
74 46
41 29
23 17
17 13
25 15
48 23
83 39
126 60
169 82
208 103
238 119
259 130
263 136
253 134
228 125
193 109
152 87
109 66
70 44
39 29
21 17
17 11
29 15
52 25
89 41
132 62
175 85
212 105
244 121
261 132
263 138
250 134
224 123
189 107
146 85
103 64
68 50
41 39
13 13
5 0
25 0
60 17
99 48
138 72
179 83
218 97
248 119
263 140
261 148
246 136
218 115
183 97
140 82
95 64
58 41
33 21
17 9
17 9
33 17
62 31
101 48
144 66
185 87
222 109
250 128
263 136
259 136
244 128
214 117
177 99
134 80
91 58
54 37
29 21
17 11
19 13
37 19
68 33
107 50
150 72
191 93
226 115
251 126
261 134
257 134
240 128
210 115
171 97
128 76
85 54
52 35
27 21
17 13
21 13
41 19
74 35
115 56
158 80
205 107
232 123
244 123
253 121
253 121
238 121
205 113
164 93
121 68
82 46
50 33
27 25
15 19
21 13
44 19
80 35
119 58
162 80
201 99
234 115
255 126
263 134
253 134
232 126
199 109
160 87
117 68
76 50
42 33
23 17
17 11
25 13
48 23
83 39
125 58
167 80
207 99
240 119
259 132
263 136
253 134
228 125
195 109
152 87
109 66
70 46
39 29
21 15
15 9
27 13
52 23
91 42
132 64
173 85
214 105
244 123
259 132
261 138
250 134
224 125
189 107
146 87
105 66
72 56
35 37
9 5
5 0
29 0
60 25
97 52
136 68
179 80
218 99
248 123
261 142
261 144
248 134
218 115
183 99
140 82
97 64
60 42
31 21
17 9
17 7
33 17
62 31
101 48
144 66
187 89
222 113
250 128
261 134
261 136
244 128
214 117
177 99
132 78
91 56
54 35
29 21
17 15
19 13
37 19
66 31
107 50
150 72
191 95
226 115
251 126
261 134
259 136
242 130
210 117
171 97
128 76
87 54
50 35
27 21
15 11
23 13
41 21
72 37
113 54
162 82
203 109
224 119
242 117
257 117
257 123
240 125
203 115
164 91
123 68
83 48
50 37
25 27
15 17
23 13
44 19
78 37
117 56
160 78
201 95
234 113
255 126
263 136
255 136
234 126
201 109
160 89
117 70
76 50
44 33
23 17
15 11
25 13
46 23
82 39
125 56
167 80
207 101
238 121
257 132
263 136
253 134
228 123
193 107
154 89
113 68
70 46
39 29
21 15
17 11
27 15
52 27
87 41
130 62
173 83
212 105
242 121
259 134
263 138
251 134
224 123
191 107
148 87
111 72
70 56
31 27
7 0
9 0
33 3
62 29
95 52
134 64
179 76
220 101
248 128
261 144
261 144
248 130
220 115
185 103
140 87
97 64
60 37
33 17
19 9
17 13
33 21
62 29
101 44
144 66
185 87
220 109
250 126
263 134
259 134
244 128
216 117
179 101
136 82
91 58
54 35
31 21
17 13
19 11
35 17
66 31
107 48
150 70
189 91
226 111
251 126
263 136
259 136
242 128
212 117
171 99
128 76
87 56
52 37
29 21
17 13
21 13
41 19
72 35
115 58
37 85
197 103
220 109
236 109
9 121
259 125
238 126
205 113
158 89
125 68
83 52
50 31
25 27
15 15
21 1
42 17
78 37
109 58
35 78
191 95
234 111
0 128
263 138
255 136
234 126
201 109
160 91
117 72
76 52
44 33
23 19
15 11
25 13
46 23
82 39
125 58
167 80
207 99
238 119
257 130
263 136
253 134
230 125
197 109
154 89
111 68
72 46
41 29
19 17
15 11
27 13
52 25
87 41
130 62
173 83
210 103
242 121
259 134
263 138
251 136
226 125
191 107
148 87
109 74
66 52
29 19
7 0
13 0
33 9
58 33
93 48
134 60
179 78
218 105
246 130
259 142
259 138
248 128
222 117
183 105
140 85
97 62
60 37
33 19
17 13
17 13
31 17
60 29
101 44
142 66
185 91
220 113
248 125
261 132
261 134
246 132
216 121
177 101
136 80
93 56
56 39
29 25
17 13
19 11
37 17
66 31
105 50
148 72
189 91
226 111
250 125
261 132
259 136
242 130
212 117
173 99
130 76
89 56
52 37
27 23
15 13
21 13
41 21
72 35
115 60
160 85
191 97
218 103
246 111
261 121
259 132
238 130
205 113
166 89
126 70
85 54
48 41
25 25
17 13
23 11
42 21
76 37
117 56
160 74
201 93
232 111
253 126
263 134
255 134
236 126
203 111
160 91
117 70
78 50
44 31
23 17
15 11
23 13
46 23
82 37
123 56
166 78
207 101
238 121
257 130
261 134
253 132
232 126
195 111
156 91
113 68
72 46
41 29
21 17
17 11
27 15
52 23
87 39
130 60
173 83
210 105
240 121
259 130
263 138
253 136
226 126
191 109
154 93
111 78
62 48
25 11
11 0
17 0
33 17
56 33
91 42
134 56
181 80
218 111
244 132
259 140
261 136
248 126
220 119
185 107
142 87
97 60
60 35
35 21
19 15
17 15
33 17
60 27
99 42
142 68
183 91
220 111
248 123
261 132
261 136
244 132
216 121
179 101
136 80
95 58
56 39
31 23
17 15
19 13
35 17
64 29
105 46
150 72
191 95
224 113
250 126
263 134
261 136
242 130
212 117
175 97
130 78
89 56
52 37
29 21
17 13
21 13
39 21
72 37
119 62
156 83
185 91
218 99
250 111
265 126
257 134
238 126
207 111
169 91
126 74
85 58
48 41
27 23
17 13
21 11
41 21
76 37
117 56
160 74
199 95
232 115
255 130
263 138
255 134
234 125
201 111
162 93
119 74
76 50
44 29
25 15
17 13
23 15
46 23
82 39
123 58
166 80
205 99
238 119
257 130
263 136
253 134
230 125
197 111
156 91
113 68
74 46
41 29
21 17
15 13
27 15
52 23
87 41
128 60
171 82
210 103
242 123
259 132
263 136
251 134
228 125
193 111
156 99
107 76
58 39
27 5
15 0
19 7
31 21
54 29
91 39
136 56
181 83
218 115
244 132
259 136
261 130
248 126
222 121
185 109
142 85
99 58
62 35
35 21
17 17
17 13
33 15
60 25
97 42
140 66
183 89
220 109
248 123
261 132
259 136
246 132
216 121
179 101
136 78
95 56
58 41
31 25
17 13
19 11
37 17
66 31
103 50
146 70
189 91
224 111
250 126
261 134
259 136
242 130
214 117
173 99
130 78
89 56
54 37
29 21
15 13
21 13
41 23
74 39
115 62
15 76
183 85
222 97
1 117
265 132
257 136
222 126
208 111
162 91
126 76
85 60
50 33
25 23
15 9
21 11
42 21
74 37
115 46
33 72
195 93
232 115
3 130
253 136
255 134
218 125
203 111
162 95
111 74
78 50
37 31
23 17
15 11
25 13
44 23
80 37
113 54
41 78
205 93
236 119
1 130
255 134
253 134
232 126
197 111
156 89
113 68
66 44
41 29
21 17
15 11
27 15
50 25
85 41
0 60
171 83
203 105
240 121
9 132
263 136
251 134
226 125
195 113
156 101
103 68
56 29
29 3
19 1
21 13
29 23
52 27
91 35
136 56
179 87
214 115
244 128
261 132
263 132
248 130
220 125
185 107
142 82
99 56
62 37
35 23
19 15
17 13
33 15
60 27
97 44
140 68
183 91
218 109
246 123
261 132
261 136
246 132
216 119
179 99
138 78
97 58
58 41
31 25
17 15
19 13
35 17
64 31
103 48
146 70
189 91
224 111
250 125
263 134
261 136
242 130
212 117
175 97
132 78
89 56
52 35
29 21
19 15
21 17
39 25
74 42
113 60
144 70
183 80
222 95
253 119
265 134
257 134
238 125
208 109
171 95
128 78
85 60
48 37
27 17
17 9
21 13
41 21
72 35
115 50
158 72
199 95
232 117
253 130
263 136
257 134
236 126
203 113
164 95
121 72
78 48
44 29
23 17
17 13
23 15
44 23
80 35
123 56
166 80
205 101
236 119
257 132
263 136
253 134
230 125
199 111
158 91
115 68
64 46
42 29
23 19
15 13
25 15
46 23
85 41
0 60
169 82
208 95
240 121
9 132
263 138
251 136
228 126
195 119
154 99
99 60
58 23
33 5
23 7
19 17
27 21
52 23
91 35
136 62
177 91
214 115
242 126
259 128
261 130
248 132
222 125
185 105
144 80
101 56
64 39
35 27
19 17
17 13
31 15
60 27
97 46
138 68
181 87
218 107
248 123
261 134
259 138
246 132
218 119
181 101
138 80
95 60
58 41
31 23
17 11
19 9
35 17
64 31
103 48
146 68
187 91
224 111
250 126
261 134
259 136
244 130
214 117
175 97
132 78
91 58
56 39
29 23
17 15
19 13
42 25
76 46
105 56
140 62
185 76
226 99
253 123
261 136
255 134
240 123
212 111
171 99
128 82
85 60
50 37
25 17
13 7
21 11
42 23
74 37
113 50
158 70
199 95
232 117
253 130
263 134
257 132
236 126
203 113
164 95
121 72
80 50
46 31
23 19
15 13
23 13
44 21
80 37
121 56
164 78
203 99
236 119
255 130
263 136
255 134
232 126
199 111
156 91
115 70
74 48
42 29
21 17
15 9
27 13
50 25
85 41
126 60
169 82
208 103
240 121
259 132
263 138
251 134
230 130
199 119
148 91
97 52
60 23
39 13
23 15
17 17
27 15
52 19
91 35
136 64
175 93
212 113
242 123
259 126
263 132
250 134
222 125
187 103
146 80
103 58
64 42
35 27
19 17
17 9
29 11
60 27
97 48
138 70
181 87
218 107
246 123
261 132
259 138
248 132
218 119
181 99
140 80
97 62
60 41
33 25
17 13
19 11
33 17
64 31
101 48
146 68
187 89
222 109
248 125
263 134
261 138
244 130
214 117
175 99
134 78
91 58
54 39
29 21
17 13
21 15
42 27
70 41
101 48
140 56
187 76
228 103
251 126
261 136
257 132
240 123
210 113
171 101
126 82
83 56
50 35
27 17
17 13
21 13
41 21
72 31
113 48
158 72
197 95
230 115
253 126
265 134
257 134
236 128
205 115
166 93
123 72
80 50
44 33
25 19
15 11
23 13
42 19
78 33
123 56
166 80
203 101
234 117
255 128
263 136
255 136
232 126
199 111
158 91
115 70
74 48
42 31
23 19
15 13
25 15
48 23
83 39
126 60
167 82
208 101
240 121
259 134
263 140
251 136
234 134
197 121
144 83
97 44
64 23
41 21
23 21
15 15
25 9
54 15
91 39
134 70
175 95
212 109
242 119
259 128
261 136
248 136
222 123
189 103
146 80
103 60
64 42
35 29
19 17
17 11
31 13
58 27
95 46
138 66
181 87
216 105
246 123
261 134
261 138
248 132
220 121
181 103
140 83
97 60
60 41
33 25
17 13
17 11
33 17
64 31
101 48
144 68
187 89
224 111
250 126
261 134
259 136
244 130
216 117
177 101
134 80
91 58
56 39
31 23
17 17
21 17
42 29
66 37
95 42
142 54
189 78
228 107
251 126
261 134
257 130
242 125
212 117
173 103
126 82
85 56
52 35
27 19
15 13
19 13
39 19
72 31
113 48
156 72
197 97
232 117
253 128
263 134
257 134
238 128
205 115
164 95
121 70
82 50
46 35
23 21
15 13
23 11
44 21
78 37
119 56
162 76
203 97
236 117
255 128
263 136
255 136
234 126
201 111
158 91
117 70
76 48
44 31
23 17
15 11
25 13
48 23
83 41
125 60
167 80
208 103
240 121
259 134
263 138
255 138
236 138
191 115
140 74
101 42
70 31
42 29
21 23
13 11
27 7
54 19
91 44
130 72
173 91
212 105
242 117
259 128
263 138
250 138
224 123
189 101
146 80
105 64
66 46
37 29
19 13
17 7
31 15
58 29
93 46
136 64
179 83
216 105
246 123
259 134
261 138
248 130
220 119
183 103
140 82
97 60
62 39
33 25
17 15
19 11
33 17
62 29
99 46
142 68
185 89
222 111
248 125
263 134
261 136
244 130
216 119
177 101
136 80
93 60
56 39
29 25
19 15
27 23
39 29
58 29
95 35
146 54
193 83
226 111
250 126
263 132
261 130
244 130
212 121
171 105
128 80
85 54
52 35
27 21
15 13
19 13
39 17
72 31
113 50
156 76
197 97
230 115
253 126
263 132
257 134
238 130
205 115
166 95
123 72
82 50
46 33
25 19
15 11
21 13
42 19
76 35
119 56
162 78
201 97
234 115
255 128
263 136
255 136
232 126
201 111
160 91
117 70
74 48
44 29
25 17
17 13
25 13
46 23
83 41
126 60
167 82
207 103
238 119
259 132
263 138
257 142
232 136
185 103
142 68
107 46
72 39
42 33
21 21
15 7
27 5
54 21
89 46
130 72
173 89
210 101
242 117
259 132
263 142
250 136
224 119
189 99
148 82
105 64
64 44
37 27
21 15
17 9
29 15
56 29
95 46
138 64
179 85
216 105
246 123
261 134
261 136
246 128
220 117
185 103
142 83
99 62
60 39
33 23
19 15
17 13
31 17
62 29
99 46
142 68
185 89
220 109
248 125
261 132
261 136
244 130
216 119
177 99
136 80
95 60
56 41
31 25
21 21
25 23
33 23
56 23
97 33
146 54
193 85
226 111
250 125
261 130
261 130
244 130
212 123
171 105
128 80
87 52
52 35
27 21
15 13
17 9
39 15
72 31
113 52
154 76
195 97
230 115
253 126
261 134
257 136
238 130
207 115
158 95
123 72
82 50
48 33
25 19
15 11
21 11
42 19
76 37
117 56
160 78
201 97
234 115
255 128
263 138
255 136
234 126
201 113
160 91
117 70
76 50
44 31
23 17
15 11
25 13
48 23
82 39
125 58
166 80
207 101
240 119
259 132
265 140
259 148
228 132
185 97
146 64
111 50
74 44
42 37
19 19
13 3
29 5
54 27
89 52
128 70
171 83
210 99
242 117
257 134
261 140
251 132
224 119
189 101
148 83
105 66
66 46
37 27
19 11
17 9
29 15
56 27
93 44
136 64
179 85
216 107
244 125
259 134
261 136
248 130
220 121
185 105
142 83
99 62
62 41
33 23
17 13
17 13
33 17
60 29
99 44
142 66
185 89
220 109
248 125
11 132
261 134
246 132
218 121
179 103
136 80
95 58
58 41
31 27
23 23
23 23
29 17
54 17
93 31
15 60
191 91
224 113
248 123
13 128
263 134
244 132
212 123
173 101
130 78
80 52
50 35
19 21
15 13
21 11
39 15
70 29
111 50
21 74
195 95
230 113
3 126
255 134
257 136
222 130
207 115
160 93
125 72
62 52
48 35
25 19
17 11
23 11
42 21
76 35
117 54
160 76
199 97
234 117
255 130
263 138
255 136
234 128
201 111
162 93
119 72
78 50
44 31
23 17
17 11
25 15
46 25
82 39
123 58
167 80
207 101
238 121
257 132
269 146
255 146
220 121
183 85
152 68
115 60
76 52
39 33
19 13
17 3
29 11
52 33
87 50
128 64
171 80
210 99
240 121
257 134
263 138
250 130
226 117
191 103
150 87
107 68
68 46
37 27
19 15
15 11
29 17
56 29
93 44
11 64
177 78
214 107
244 123
11 132
261 136
248 130
220 121
185 103
142 83
93 62
62 41
31 25
19 15
17 13
31 17
60 29
99 46
142 68
173 89
218 107
248 123
13 134
261 138
246 132
216 119
181 101
136 80
95 60
58 42
35 29
23 25
17 17
15 9
56 13
103 35
9 64
189 91
222 109
0 121
265 132
263 138
242 134
212 123
173 99
130 74
89 54
52 39
27 23
15 11
19 7
39 15
70 31
111 52
144 74
193 93
220 111
0 126
263 136
257 138
238 128
208 113
162 95
125 74
82 52
48 35
27 19
15 11
21 9
41 19
76 35
119 56
156 78
191 97
234 115
5 128
263 136
255 136
234 126
203 113
162 91
119 70
78 50
37 31
23 19
15 13
23 13
46 23
80 39
123 58
166 80
203 93
238 121
9 136
253 150
251 140
220 111
189 87
156 74
115 66
66 52
41 29
21 1
17 5
29 17
52 35
17 48
0 60
171 78
203 99
240 123
7 134
259 132
251 126
220 119
187 107
134 87
107 64
68 44
39 27
19 15
15 13
29 17
56 27
91 41
134 62
177 85
216 107
244 123
261 132
263 134
250 132
222 123
185 105
142 83
101 60
62 41
35 25
19 17
19 13
33 17
60 27
97 46
140 68
183 89
220 109
248 125
261 132
261 136
246 132
218 121
179 103
138 82
95 60
60 42
37 35
19 25
11 11
23 5
58 13
103 37
148 68
187 91
222 109
251 121
265 132
263 138
244 136
212 123
173 99
130 76
89 56
52 37
27 21
15 11
19 9
39 15
70 31
109 52
154 74
195 95
228 113
251 128
263 136
257 136
238 126
208 113
167 95
126 74
83 54
48 35
25 19
17 11
23 11
42 19
74 35
115 52
158 76
199 97
232 117
253 130
263 136
257 134
236 126
203 111
162 93
119 72
78 50
44 31
23 15
17 11
25 17
46 27
80 39
123 58
166 80
207 103
238 121
259 138
265 148
246 130
218 105
193 87
158 82
117 74
72 52
41 25
21 7
19 9
29 21
50 35
83 44
126 56
169 76
208 101
240 125
259 134
261 134
251 128
226 121
191 109
150 89
107 66
68 42
37 23
19 15
17 15
29 17
54 25
91 41
134 60
177 85
212 107
242 123
259 130
263 134
250 132
222 121
185 103
146 83
103 62
64 42
33 25
17 15
17 11
31 17
58 27
97 44
140 66
183 87
218 107
248 125
261 134
261 136
246 132
218 119
181 103
138 83
97 62
62 44
37 33
15 17
5 3
27 1
62 17
105 42
146 70
185 89
224 107
251 123
265 136
261 144
242 136
214 119
175 97
132 78
89 58
52 39
27 21
15 9
19 7
37 15
68 33
109 52
154 72
193 93
228 113
251 126
263 138
259 136
238 128
208 113
169 95
126 76
83 54
48 33
25 19
17 9
19 9
41 19
76 37
115 56
158 76
199 97
232 115
253 130
263 136
255 134
236 126
203 113
164 93
119 72
80 50
46 33
25 19
17 13
23 13
44 23
80 39
123 60
164 80
205 101
240 123
263 144
259 142
242 121
224 101
199 95
160 91
115 74
72 46
42 23
25 11
17 15
25 21
48 29
85 41
128 56
169 80
208 105
240 123
259 132
261 132
251 128
228 123
193 109
150 87
107 62
70 42
41 27
19 19
15 13
29 15
54 25
91 42
132 64
173 83
214 105
244 121
259 130
261 134
250 132
224 123
187 105
144 83
103 60
64 42
35 27
19 15
17 11
31 13
58 25
97 46
138 68
181 87
218 107
248 123
261 134
259 136
246 132
218 119
183 103
140 83
97 64
66 48
37 35
11 13
5 0
29 0
64 19
103 46
144 70
185 87
224 105
251 125
263 138
259 144
244 134
214 117
175 97
125 78
89 56
54 39
27 19
15 7
19 9
37 19
68 33
109 50
152 72
193 93
228 113
251 128
261 136
259 134
236 126
208 115
162 97
126 74
85 52
50 33
25 19
15 11
21 11
42 19
74 35
113 52
156 74
199 95
232 115
253 130
263 136
257 134
236 126
205 113
156 93
121 72
80 50
46 33
23 17
17 11
23 13
44 23
78 37
121 56
166 80
205 103
240 126
1 142
255 132
244 115
228 105
201 103
160 95
115 72
74 44
42 23
23 15
19 19
27 23
48 29
83 37
126 54
169 82
208 105
236 121
257 128
261 130
251 130
220 125
193 109
152 87
109 64
70 42
39 29
19 17
17 13
27 13
52 21
89 41
134 62
175 85
212 107
242 121
261 130
263 136
250 134
218 123
187 103
146 82
95 62
64 42
35 27
19 15
17 11
31 15
58 27
95 44
140 66
181 89
218 109
246 123
261 132
261 138
248 134
220 121
183 103
140 83
93 66
66 52
29 31
7 5
7 0
33 1
64 25
103 48
142 66
187 85
224 105
251 126
263 140
261 142
244 132
214 115
175 99
125 80
89 56
54 37
29 19
17 9
19 9
37 17
68 33
109 50
152 72
193 93
226 115
1 128
263 136
257 136
240 128
208 115
162 97
128 76
83 54
50 33
27 19
17 13
21 13
41 19
74 33
115 54
156 76
197 95
232 115
255 130
263 138
255 136
236 126
205 113
158 93
121 72
80 50
46 33
25 19
17 13
23 13
44 21
80 37
121 58
164 80
205 105
242 130
253 136
251 123
246 111
234 111
203 111
160 97
113 70
74 41
46 25
25 21
17 23
25 21
48 23
83 35
125 56
167 83
205 105
238 119
259 126
263 132
251 132
228 126
195 109
154 87
109 64
68 42
41 29
21 19
17 13
27 11
54 23
91 41
132 64
173 83
212 103
242 121
259 130
261 136
250 132
224 123
189 105
146 83
103 64
64 42
37 27
19 17
17 11
29 15
58 27
95 44
140 66
181 87
218 109
246 123
261 134
261 138
248 132
220 121
183 103
142 85
103 68
64 50
25 23
5 0
11 0
35 3
64 27
101 48
142 66
185 83
226 109
251 130
261 142
259 140
244 128
216 117
177 101
132 80
91 58
56 35
29 19
15 9
19 11
35 19
68 31
107 48
150 68
193 93
226 115
251 128
263 132
259 134
242 130
210 117
171 97
126 74
85 54
50 35
27 19
15 11
21 11
41 19
72 35
113 52
156 74
197 97
232 115
253 130
261 136
257 134
236 128
205 113
166 93
123 72
82 52
48 33
25 19
15 11
23 13
44 21
80 37
119 58
164 80
207 107
238 130
248 125
251 115
251 115
236 119
201 117
158 93
115 64
78 41
46 29
23 25
15 21
25 17
48 21
83 35
125 58
167 83
207 103
238 115
257 125
263 132
253 136
230 128
195 109
154 85
111 64
70 46
39 33
19 17
17 9
27 11
52 23
87 42
130 64
173 83
212 103
242 119
257 130
263 136
251 134
224 125
189 105
146 83
103 62
66 42
37 27
19 15
17 11
31 15
56 25
93 44
138 64
179 87
216 107
246 123
261 132
263 138
248 132
220 123
185 105
144 87
105 70
58 46
21 15
7 0
17 0
35 9
60 29
97 44
144 64
187 87
224 111
248 130
261 140
261 138
244 128
214 119
177 101
134 82
91 56
54 35
29 19
17 11
19 11
37 17
66 29
107 48
150 72
191 95
226 113
251 126
263 134
259 134
242 130
210 117
171 99
128 76
87 54
50 35
27 21
17 15
19 13
39 19
72 33
113 52
156 76
197 95
230 115
253 126
263 134
257 134
238 128
207 115
166 95
123 74
82 50
46 31
27 19
17 13
23 13
42 21
78 35
119 56
166 83
207 113
230 123
244 117
255 113
255 121
236 126
201 117
158 91
117 62
78 42
46 33
25 29
15 19
23 13
46 17
82 33
123 60
166 83
207 101
238 115
257 126
263 136
251 136
228 125
197 109
154 87
111 66
70 46
41 31
21 17
15 11
27 13
52 25
87 41
130 62
173 83
210 103
242 121
259 134
261 138
250 132
224 121
191 105
148 87
105 66
66 44
37 27
19 15
17 13
29 17
56 29
95 44
136 64
179 87
216 107
246 125
261 134
261 136
248 132
220 121
187 107
148 93
101 72
54 41
23 9
13 0
19 0
35 15
60 31
99 44
142 60
187 85
224 113
250 132
261 138
261 134
246 128
216 119
177 103
134 82
91 54
56 33
29 19
17 13
19 11
37 17
66 29
105 48
148 70
189 93
226 113
251 128
263 134
257 134
242 128
210 117
171 99
128 76
87 54
52 35
27 21
15 13
21 11
39 19
72 33
111 52
154 74
197 95
230 115
253 128
261 134
257 136
238 128
207 115
167 95
125 74
83 54
48 35
25 21
17 13
23 15
42 23
78 39
119 58
166 85
205 111
226 113
244 109
259 115
259 126
236 132
199 115
158 85
119 60
82 48
46 39
23 27
13 13
25 9
48 21
82 41
121 62
166 80
207 97
236 113
257 128
263 136
253 136
230 125
195 107
154 87
113 68
72 50
41 31
19 15
15 9
27 13
52 25
85 41
130 60
171 82
212 103
240 121
259 132
263 138
251 134
226 123
189 105
148 83
107 64
68 44
37 29
19 17
17 11
29 15
56 27
91 44
136 64
179 85
216 107
244 123
259 132
261 136
250 134
222 125
187 111
148 93
97 68
50 35
23 9
15 0
19 7
33 17
58 27
97 41
144 64
187 91
222 117
248 130
261 134
261 134
246 130
214 121
177 101
136 78
91 54
56 33
31 21
17 15
19 13
37 19
66 29
105 48
148 72
189 93
224 113
250 125
263 132
259 136
242 130
212 115
173 97
130 76
89 56
52 37
27 21
17 13
21 13
39 19
70 33
111 50
156 74
197 97
230 115
251 126
263 134
257 136
238 128
207 115
167 95
125 74
82 50
48 33
25 21
17 13
23 13
42 21
76 37
121 58
166 91
197 105
220 103
246 105
263 119
259 134
234 132
201 111
162 85
121 64
80 52
46 41
23 27
15 13
23 9
46 19
80 39
123 60
166 80
205 95
238 113
250 128
263 138
253 136
230 123
197 107
156 89
113 70
72 48
39 27
23 15
17 11
27 15
50 25
85 41
130 60
173 82
210 103
242 121
259 132
263 136
251 132
226 123
191 107
148 87
105 64
66 42
37 27
21 15
17 11
29 15
56 25
93 42
134 64
177 85
216 107
246 125
261 134
261 138
250 134
224 125
193 115
146 95
91 62
50 27
29 5
21 5
19 13
31 17
58 25
99 41
144 66
185 93
220 117
248 128
261 134
259 132
244 130
216 121
179 103
136 78
93 54
56 35
31 23
17 15
19 11
35 17
66 29
105 48
148 72
189 93
224 111
250 125
261 134
259 136
242 130
212 117
173 99
130 76
87 54
52 37
27 19
15 11
21 9
41 19
70 35
111 52
152 74
195 93
230 113
253 128
261 136
257 134
238 126
208 115
167 97
125 76
83 54
48 35
27 21
17 13
23 13
42 21
76 37
121 64
162 87
191 91
222 93
251 109
265 130
257 140
234 130
203 107
164 85
121 70
80 56
44 41
23 21
13 5
25 7
46 23
80 42
121 58
164 74
205 93
238 117
255 132
263 140
253 134
232 123
197 107
156 87
113 70
74 48
41 29
21 15
15 9
27 15
50 27
85 41
126 60
171 80
210 103
240 121
259 132
261 134
251 132
226 125
191 107
150 87
107 64
68 44
39 27
19 15
15 11
29 13
54 25
93 44
134 64
177 87
216 107
244 123
261 134
263 138
250 136
224 128
191 117
140 87
89 52
54 25
33 11
19 9
17 11
29 15
60 23
99 41
144 68
185 95
220 115
246 126
261 130
261 134
246 134
216 123
179 101
136 78
95 54
58 39
31 25
17 13
19 9
33 13
64 27
103 48
148 74
189 95
224 111
250 125
263 134
259 138
242 132
212 117
173 97
130 76
89 56
52 37
27 21
17 13
19 11
39 19
70 33
111 52
154 74
195 95
228 113
251 126
263 136
259 136
240 130
208 115
169 95
126 76
83 56
48 35
25 19
17 13
23 15
42 23
76 41
123 68
156 82
187 83
224 93
255 115
267 136
257 142
232 126
203 103
166 87
123 76
80 60
44 39
23 17
15 7
23 11
44 23
78 39
121 56
164 74
205 95
236 117
257 132
263 138
255 134
232 125
197 109
156 91
113 70
72 46
41 27
23 15
17 11
25 15
48 23
85 39
128 58
171 82
208 103
240 121
259 132
263 136
251 132
226 123
191 105
152 87
109 66
68 44
37 27
21 15
17 11
29 15
54 27
91 42
134 64
175 85
214 105
244 123
261 134
263 138
250 134
228 130
189 115
136 82
91 48
58 25
37 15
19 13
15 11
31 11
60 21
99 42
142 72
183 97
218 113
248 123
261 132
261 136
244 132
216 121
179 99
138 76
95 56
58 39
33 25
17 15
17 11
33 15
64 29
103 50
146 70
187 89
224 109
251 126
263 136
259 138
242 130
214 117
175 99
132 80
89 56
54 37
29 19
17 13
19 11
39 19
68 33
109 50
152 72
195 95
228 115
253 128
263 136
257 136
240 128
208 115
169 95
126 76
85 54
50 35
27 21
17 13
21 13
42 23
80 44
117 66
148 72
187 76
230 93
257 123
265 142
255 140
236 123
207 105
166 91
123 80
80 60
44 35
23 13
15 7
23 11
44 25
78 41
119 54
164 72
205 97
238 121
257 134
263 136
253 130
232 123
199 111
158 93
115 70
74 46
42 29
21 17
15 13
25 15
50 25
85 39
126 58
169 80
208 101
240 119
259 132
263 136
251 134
228 125
193 109
152 87
109 64
68 46
39 29
21 15
15 11
29 15
54 27
91 42
132 62
175 83
214 107
244 125
259 134
263 138
253 138
232 136
183 109
132 74
95 44
64 29
37 21
17 15
15 9
31 11
60 25
99 46
140 72
181 93
218 109
246 123
261 132
261 138
246 132
216 119
181 99
138 78
97 58
58 39
31 25
17 11
17 9
35 15
64 31
103 50
144 68
187 87
224 109
250 126
261 136
259 136
244 130
214 117
175 99
132 78
91 58
54 37
29 21
17 11
19 11
37 19
68 33
109 50
19 70
193 93
218 113
1 126
255 134
259 136
224 130
208 115
162 97
126 76
85 54
46 35
17 19
17 13
21 13
44 25
80 48
111 58
146 60
189 72
232 99
257 130
263 142
255 136
236 121
205 107
166 97
121 82
80 58
46 33
23 13
15 7
23 15
44 25
78 37
121 52
164 72
203 99
236 119
255 130
263 134
255 132
232 126
199 113
158 93
115 70
76 46
42 29
21 15
15 11
25 15
48 23
83 37
126 58
169 82
208 105
238 121
259 130
263 136
253 134
228 125
193 107
152 87
111 66
70 44
39 29
19 15
17 11
29 13
54 25
89 42
132 62
175 85
214 105
244 123
261 134
265 140
255 144
226 132
179 103
134 70
99 46
64 33
37 25
17 15
15 7
31 9
60 25
97 48
140 72
181 91
216 107
246 121
261 134
261 138
246 134
216 117
183 99
140 80
97 60
58 41
33 23
19 13
19 11
33 17
62 31
101 48
146 68
187 89
222 109
250 126
261 136
261 136
244 128
214 117
177 99
132 80
91 58
54 37
29 21
17 13
19 11
37 17
68 33
109 50
150 72
191 93
228 113
251 126
261 134
257 134
240 128
210 117
171 97
126 78
85 54
50 35
27 21
17 15
21 15
46 31
76 46
105 48
144 52
193 74
234 109
255 134
261 138
257 130
238 121
208 113
166 103
121 82
80 54
46 29
25 15
15 13
21 17
44 23
78 33
121 50
162 74
203 99
236 119
255 130
263 134
253 132
234 126
201 113
158 91
115 68
76 46
44 29
23 19
15 11
25 11
48 21
83 37
125 58
167 82
208 101
240 119
259 130
263 136
253 134
228 125
195 109
152 89
109 66
70 46
39 29
21 17
15 11
27 13
54 25
89 41
132 64
173 85
214 105
242 123
261 134
267 142
255 144
220 126
177 95
138 68
103 50
66 37
35 27
17 13
15 7
33 11
60 31
97 52
136 72
179 87
218 105
246 123
259 134
259 136
248 130
220 117
181 99
140 80
97 60
60 41
33 25
17 13
17 9
33 17
62 31
101 48
142 68
185 89
222 109
250 126
261 134
259 136
244 130
214 117
177 99
134 80
91 56
56 39
31 23
17 15
19 13
37 19
68 33
107 50
150 72
191 93
226 113
250 126
261 134
259 136
242 130
210 117
171 97
128 76
87 56
52 37
27 23
17 15
25 19
44 33
68 37
93 37
148 50
199 83
234 117
253 134
261 132
257 126
240 123
207 117
166 103
123 80
82 52
46 29
23 17
15 15
23 15
42 21
78 33
117 50
162 76
203 101
234 119
255 128
263 132
255 134
234 128
201 115
160 91
117 68
76 46
42 31
21 19
15 13
25 13
48 21
82 37
125 58
167 82
207 101
238 117
259 130
263 136
253 134
228 125
193 107
154 85
111 66
70 46
39 29
21 17
17 13
27 15
52 27
87 42
132 64
175 85
212 105
242 123
261 136
269 146
251 142
216 119
179 89
144 68
107 56
68 44
33 25
17 11
17 5
33 15
58 31
95 48
128 68
181 85
216 107
244 123
259 134
261 136
246 128
218 117
183 99
140 82
99 62
60 41
33 23
17 13
19 11
35 19
62 31
101 46
142 68
185 89
220 109
248 126
261 134
261 136
244 130
214 115
177 99
136 80
93 58
56 39
29 21
17 13
19 13
37 19
66 33
107 50
150 70
191 93
226 111
251 126
261 134
259 136
242 128
210 115
171 95
128 76
87 56
54 39
27 23
17 15
25 23
41 31
62 27
101 31
152 54
199 89
232 119
253 132
261 130
259 126
240 126
208 123
167 105
123 76
80 48
48 29
25 19
13 17
21 13
42 15
78 31
119 54
162 80
201 101
236 117
255 126
263 134
255 136
234 128
201 111
160 91
117 68
76 46
44 31
23 19
15 11
25 11
48 21
83 39
125 60
166 82
207 101
238 119
257 128
263 134
253 134
230 125
195 109
154 87
111 66
72 46
41 29
21 17
15 11
27 13
52 25
89 42
130 64
173 83
212 105
244 123
263 138
267 146
246 136
214 113
181 89
148 74
105 60
64 42
35 23
19 11
19 9
33 17
58 33
95 48
136 66
177 83
216 105
244 123
259 134
259 134
248 128
220 119
183 101
142 82
99 60
62 41
33 23
15 13
17 11
33 17
60 29
99 44
142 68
183 91
220 111
248 125
261 134
261 136
244 130
216 119
179 101
136 80
93 58
56 39
31 23
17 13
19 13
35 17
66 31
107 50
148 70
189 93
226 113
251 126
261 134
259 134
244 130
212 119
171 99
130 78
89 56
54 37
29 23
19 19
25 25
35 23
58 17
103 29
156 60
199 97
230 121
250 126
263 126
259 130
240 134
207 125
166 101
123 70
82 44
48 29
25 21
15 17
21 11
42 15
76 31
117 54
33 80
193 101
218 115
5 126
255 134
255 136
156 128
193 113
160 89
119 68
78 48
42 33
23 19
15 11
25 13
46 21
80 39
123 56
42 80
208 93
238 119
5 130
255 136
253 136
230 126
195 109
154 89
113 68
64 46
39 27
21 15
17 11
29 15
52 27
87 41
1 62
173 83
205 107
242 125
15 142
255 144
242 128
216 107
187 91
150 78
107 64
66 42
37 23
21 9
19 11
31 21
48 33
93 46
3 62
179 83
214 107
244 125
9 132
261 134
248 128
220 119
185 103
144 83
99 62
62 39
31 21
17 11
19 13
33 19
60 29
99 44
1 66
185 89
220 111
234 125
11 132
259 136
244 130
216 119
179 101
136 82
93 58
56 39
31 23
17 13
19 13
35 17
64 31
97 48
23 70
189 93
218 113
1 126
255 134
259 136
242 130
210 117
173 99
130 78
89 56
52 37
21 23
23 23
21 21
21 11
60 9
109 31
33 68
189 101
228 117
1 123
265 126
251 134
156 126
208 123
167 97
125 70
78 48
48 33
15 23
15 13
21 1
41 15
13 31
117 56
31 80
191 97
232 113
5 126
265 138
255 138
218 128
203 111
162 91
119 70
76 50
44 33
23 17
15 9
23 9
46 21
82 31
123 60
166 80
205 99
238 119
7 132
263 140
253 126
230 125
197 109
156 89
113 62
72 46
41 29
23 15
15 11
25 13
50 23
25 42
5 64
171 83
205 107
246 128
15 144
250 140
173 123
218 105
191 93
150 83
105 66
64 41
37 21
21 11
19 13
29 21
56 33
93 46
134 62
175 85
214 107
244 123
259 130
261 132
250 128
222 121
185 105
144 82
101 60
64 41
35 25
17 15
17 13
33 15
60 27
97 46
140 68
181 89
220 107
248 125
261 134
259 134
246 130
218 119
181 101
136 80
93 56
60 39
31 23
17 15
17 11
35 15
66 31
105 50
148 72
189 93
224 111
250 125
261 134
259 138
242 132
212 119
173 99
130 76
89 56
54 39
33 29
21 25
15 13
27 1
62 7
111 39
158 74
195 103
228 113
251 119
265 130
261 140
240 138
207 121
167 93
125 68
83 50
48 37
25 23
15 9
21 5
41 15
74 35
117 56
160 78
201 97
232 113
255 128
263 136
255 136
236 128
203 111
162 91
119 70
78 50
44 31
23 17
15 9
23 11
46 21
80 39
121 56
166 78
205 99
238 119
255 130
263 136
253 134
230 125
197 109
156 89
113 68
72 46
41 29
21 15
17 11
27 15
50 25
85 39
130 60
173 85
212 109
248 132
259 140
253 130
242 117
224 107
193 101
150 87
105 64
66 41
39 21
21 15
19 17
29 21
54 29
89 41
134 60
177 85
214 109
242 123
259 128
261 132
250 130
222 123
185 105
144 83
103 60
62 41
33 25
17 15
17 11
33 15
58 27
95 44
140 66
183 89
218 109
246 123
261 132
261 136
244 130
216 119
181 101
138 82
95 60
58 39
31 23
17 13
19 13
35 17
64 29
103 48
146 70
189 91
224 111
250 125
263 134
261 136
242 130
214 119
175 99
132 80
91 58
54 41
33 33
17 23
11 5
27 0
66 13
113 46
154 78
193 99
228 107
253 121
267 134
259 144
238 138
208 117
167 91
126 72
83 54
48 35
25 19
15 7
21 7
41 17
74 35
115 54
158 74
199 93
232 113
255 130
263 140
255 136
234 126
203 111
164 93
119 72
78 50
44 31
23 15
15 11
23 13
44 23
80 37
123 56
164 78
203 99
238 119
257 130
263 138
253 134
232 125
197 109
156 89
115 70
74 48
41 29
23 17
17 11
27 15
50 25
85 41
128 62
171 83
214 109
246 132
253 134
251 125
244 115
226 111
195 105
150 89
105 62
68 39
41 23
23 19
17 17
27 17
56 25
91 41
132 64
173 87
212 107
244 121
259 130
261 134
248 130
222 121
187 105
144 82
101 62
62 41
35 25
19 17
17 13
31 17
58 27
97 44
140 66
181 87
218 107
248 123
261 132
261 134
246 130
218 119
181 103
138 82
95 58
58 39
33 25
17 15
17 13
35 17
64 31
103 48
146 68
187 91
222 109
248 125
263 134
259 136
244 130
214 119
177 101
134 82
91 58
56 42
33 35
11 15
7 0
31 0
70 21
113 54
152 78
191 91
228 105
255 123
265 140
259 146
240 134
208 113
169 91
126 74
83 56
48 37
25 17
15 5
21 9
41 21
74 37
115 56
158 74
199 95
232 115
253 130
261 138
257 134
236 126
203 113
164 93
121 72
80 50
46 31
23 19
15 11
23 13
44 23
80 37
119 56
164 78
205 99
238 119
255 132
263 136
255 134
232 125
199 111
158 91
115 68
74 46
42 31
21 17
15 11
27 15
50 25
85 41
126 62
173 87
216 115
240 128
248 125
253 119
250 119
230 119
193 109
148 83
109 60
72 41
42 31
21 23
17 17
29 17
54 25
89 41
130 64
173 85
212 105
242 117
259 128
261 134
250 132
222 123
187 105
146 82
103 60
64 42
35 27
17 15
17 9
31 13
60 27
95 46
138 66
181 87
218 107
246 123
259 132
259 134
248 132
220 121
181 103
138 82
97 60
60 41
31 23
17 13
19 11
33 17
62 29
101 46
146 70
187 89
222 111
248 125
263 134
261 138
244 132
214 119
177 101
134 80
93 62
60 50
27 29
5 1
9 0
35 0
70 29
109 56
150 74
191 87
228 105
253 126
265 144
251 144
238 128
208 111
162 93
126 76
83 58
50 35
17 15
17 7
21 11
41 21
9 31
113 52
33 72
195 95
232 117
3 130
255 136
257 134
220 126
203 111
156 95
121 74
80 50
46 29
25 17
15 13
23 13
44 21
78 33
121 56
164 80
203 101
234 117
7 130
263 136
255 134
232 126
199 111
160 91
117 70
74 48
42 31
23 17
17 13
25 15
48 25
83 41
128 62
175 89
212 113
232 121
248 119
257 117
253 123
230 121
193 109
150 85
111 60
72 41
41 31
21 23
15 17
27 15
52 21
89 41
132 64
173 85
212 103
244 117
259 128
261 134
250 134
224 123
189 103
146 83
105 64
64 42
35 27
19 15
17 11
31 15
56 27
95 44
138 66
181 85
216 105
246 123
261 134
261 136
248 130
220 121
183 103
140 82
97 60
60 39
33 23
17 13
17 13
33 17
62 29
101 44
146 68
187 89
224 111
250 126
263 136
261 136
244 130
214 119
177 103
132 80
97 66
60 50
23 21
5 0
13 0
39 7
72 37
107 56
148 70
191 83
230 107
253 134
263 146
257 140
240 125
210 109
171 97
126 80
83 56
50 33
27 15
15 9
19 13
41 21
72 35
113 50
156 70
197 95
230 115
253 130
263 134
255 132
236 126
205 115
164 95
121 72
80 50
48 33
25 19
15 13
21 11
44 19
78 37
121 58
162 80
203 99
236 117
255 130
263 136
255 136
234 126
199 111
158 91
115 68
76 50
44 31
23 17
15 9
25 15
48 23
83 41
3 64
175 93
207 109
228 113
250 115
259 121
255 128
228 125
193 107
152 82
111 60
72 44
41 35
21 25
15 13
27 13
54 23
87 42
130 64
173 83
212 101
242 117
257 128
263 134
251 134
224 123
189 103
146 83
105 64
66 44
35 29
17 13
17 9
31 15
58 27
95 44
136 64
179 85
216 107
246 125
261 132
261 136
248 132
220 121
181 101
140 82
97 58
62 41
33 25
17 15
19 11
33 17
62 31
99 48
144 68
185 89
222 111
248 125
261 134
261 136
244 132
216 119
177 101
136 83
99 72
54 46
17 11
7 0
19 0
41 17
68 37
105 50
150 66
193 87
230 115
251 136
263 144
259 136
240 125
210 113
169 99
128 78
83 54
48 29
27 15
17 11
21 15
1 23
9 33
109 50
156 74
197 99
230 117
1 128
255 132
257 132
218 128
205 115
158 95
123 72
82 50
46 33
15 19
15 13
23 11
42 19
76 35
119 56
33 78
203 99
234 117
1 128
255 136
255 134
218 126
191 111
160 91
117 70
76 48
42 29
25 17
17 13
25 17
48 25
83 41
132 68
171 91
199 103
226 105
3 113
255 125
253 132
228 125
193 105
156 82
113 64
72 50
39 35
21 21
17 11
27 13
50 23
85 42
130 62
173 83
203 101
240 119
259 130
263 138
250 134
224 123
189 105
148 85
105 64
66 44
37 25
17 13
17 11
31 17
56 29
95 44
136 64
179 85
216 105
244 125
261 134
261 136
246 130
220 119
185 105
142 83
97 62
60 41
33 23
19 15
17 13
33 17
60 29
101 46
144 68
185 91
220 111
248 126
263 134
261 136
244 130
216 121
179 103
140 87
95 70
48 35
17 0
11 0
21 1
41 23
66 39
103 46
150 62
193 89
228 119
251 138
261 140
257 132
240 125
212 115
171 103
128 78
85 52
52 29
27 17
15 13
21 15
33 19
9 33
109 50
21 74
195 95
230 117
253 128
263 134
255 134
236 128
207 115
167 95
123 72
82 48
48 31
25 19
15 13
21 13
44 21
78 37
119 56
160 78
201 97
236 117
255 130
263 136
255 132
234 125
201 111
162 93
117 72
78 50
44 31
23 17
15 11
25 13
48 25
85 44
130 70
164 85
195 93
230 101
257 117
263 130
251 132
228 123
195 103
156 83
113 68
72 52
41 35
19 17
15 7
27 13
52 27
87 44
128 62
171 80
212 99
242 121
259 134
261 136
251 130
226 121
189 105
146 85
103 64
68 44
37 27
19 15
17 11
29 15
58 27
93 44
136 64
177 85
216 105
246 123
9 132
261 134
250 132
218 123
185 103
142 83
99 60
62 41
33 25
17 15
17 11
33 15
62 27
99 46
142 68
185 91
222 111
248 125
11 132
261 134
246 132
218 123
181 105
142 91
91 62
46 25
21 0
17 0
23 11
37 23
64 31
105 41
150 62
193 95
226 121
250 132
261 134
259 130
242 126
210 119
169 101
128 76
87 50
52 31
27 21
15 15
19 13
39 17
7 29
111 50
156 76
197 99
230 115
251 125
263 132
257 136
238 130
205 115
166 93
123 72
83 50
48 35
25 19
15 13
23 13
42 21
76 37
117 54
160 76
201 99
234 117
255 128
263 136
255 134
234 128
201 113
162 93
119 72
78 50
44 31
23 19
17 13
25 15
48 25
87 46
125 66
158 78
197 87
232 103
259 123
265 134
251 134
228 121
197 103
160 89
115 74
72 54
39 33
21 15
17 9
27 15
48 27
85 41
128 58
171 80
210 101
240 121
259 132
263 136
251 132
226 121
191 107
148 87
105 66
66 42
35 25
19 13
17 11
31 17
56 27
91 42
134 62
179 85
216 107
246 125
261 134
261 136
248 132
220 121
185 105
142 83
99 62
62 41
33 23
19 15
17 13
33 17
62 29
99 46
142 68
183 89
220 107
250 125
263 136
261 138
244 132
218 121
185 111
138 93
83 54
46 17
19 1
21 0
21 17
33 21
62 25
107 41
9 68
191 97
224 121
0 130
255 132
259 132
242 128
210 119
173 99
130 74
89 50
52 33
27 21
17 15
21 13
39 17
70 31
111 52
154 76
193 95
230 113
253 126
263 136
257 136
238 128
207 113
167 93
125 72
82 52
48 33
25 19
17 13
21 11
42 19
76 35
117 56
160 78
199 97
232 115
255 128
263 138
255 136
234 126
203 111
162 91
119 72
78 50
44 31
23 19
15 11
25 15
50 27
87 50
119 62
154 70
197 82
236 103
259 126
263 136
251 132
230 121
199 107
158 91
113 74
72 52
41 31
21 15
15 9
25 15
50 25
85 41
128 58
169 78
210 101
240 119
259 132
263 136
251 132
226 123
191 107
150 87
107 64
66 42
39 27
19 17
15 13
29 15
56 27
91 42
134 64
177 85
216 107
244 123
259 132
261 134
248 132
222 121
185 105
142 83
101 60
64 41
35 25
17 15
17 11
33 15
60 29
97 46
140 68
185 89
220 109
246 125
261 134
261 138
246 134
220 126
185 115
132 83
83 42
50 15
31 9
21 15
19 17
33 15
64 21
107 42
150 72
189 101
224 119
250 125
261 128
259 132
244 132
212 121
171 99
130 72
89 50
54 37
29 25
15 15
19 11
39 15
70 31
109 52
152 74
193 93
228 111
251 125
261 134
259 138
240 130
207 115
167 95
125 74
83 54
48 35
25 19
15 9
23 9
42 21
74 37
115 54
158 74
201 97
234 117
255 130
263 136
255 134
236 126
201 111
162 93
119 72
80 50
44 33
23 17
15 11
27 17
54 35
82 48
113 54
154 64
201 83
238 111
257 130
261 134
253 128
232 121
201 109
158 97
115 76
72 50
42 29
21 15
15 11
25 15
48 25
83 37
126 56
169 78
208 101
240 121
259 132
263 136
251 134
226 125
191 109
150 87
107 66
68 44
37 27
19 15
17 11
29 17
54 25
91 42
134 64
177 83
214 105
242 121
261 132
261 136
250 132
222 123
185 105
142 82
101 62
64 42
33 27
19 15
17 11
31 15
60 29
97 46
140 68
183 89
220 107
248 123
261 134
261 138
246 134
222 130
181 111
128 74
85 39
56 19
35 17
19 19
17 15
31 11
66 19
107 46
148 80
189 101
222 113
250 121
263 130
259 136
240 125
212 117
171 95
125 74
89 54
52 37
29 23
17 13
21 11
37 17
68 31
109 52
144 74
193 93
228 111
251 126
261 134
259 136
240 128
208 113
162 95
126 76
83 54
50 35
17 19
17 11
21 13
41 21
74 35
115 54
158 76
199 97
232 115
5 128
255 136
255 136
234 126
205 113
156 95
121 74
78 50
46 31
27 21
17 15
27 21
50 33
68 41
111 46
156 60
203 85
238 115
5 130
253 134
253 128
234 121
201 113
158 97
113 74
74 46
42 27
21 17
15 13
25 13
48 21
78 35
128 56
169 82
208 103
240 121
259 130
263 136
251 132
226 123
193 107
152 87
107 64
68 44
39 29
19 15
15 11
27 13
54 25
89 42
134 64
175 83
214 105
244 123
259 132
261 134
250 132
224 123
187 105
144 83
95 62
64 42
35 27
17 15
17 11
31 15
58 29
97 46
140 68
181 89
220 109
248 125
261 134
261 138
251 138
224 132
175 103
126 62
89 35
60 27
37 27
17 21
15 11
33 7
66 27
105 54
146 80
187 97
222 109
250 121
261 130
259 138
242 132
214 117
173 93
132 74
91 56
54 39
29 23
15 11
19 9
37 17
68 33
109 50
152 72
193 93
226 113
251 128
263 136
259 136
240 128
208 115
167 93
126 74
85 54
50 37
25 21
15 11
21 11
42 19
74 35
115 54
158 74
199 95
232 115
253 128
261 136
255 132
238 126
205 115
156 95
121 72
80 52
46 35
25 21
17 17
31 25
46 29
70 33
109 41
162 62
207 93
236 117
255 130
261 132
255 128
236 126
201 117
158 97
115 72
74 46
42 29
21 17
15 13
25 15
48 21
83 35
126 58
169 82
208 105
240 119
259 128
263 134
253 134
228 126
191 107
150 85
109 64
70 44
39 29
19 15
17 11
29 13
54 25
89 41
132 62
175 83
212 103
242 119
259 130
263 136
250 134
224 123
187 103
146 83
103 64
64 42
35 27
19 15
17 11
31 15
58 27
95 42
140 66
181 89
218 109
246 125
261 134
263 140
253 146
218 128
171 91
130 58
95 41
62 37
33 29
17 15
17 5
37 9
66 29
103 56
146 78
185 93
222 105
248 121
261 136
259 140
242 130
212 115
175 95
132 76
89 56
54 39
29 21
17 11
19 11
37 21
68 35
109 52
152 72
191 93
226 111
251 126
263 136
257 134
240 128
208 115
169 95
128 74
85 54
50 33
27 19
15 13
21 11
39 19
72 33
115 52
158 76
197 97
230 115
253 126
263 136
257 136
236 128
205 113
166 93
123 74
80 52
46 33
25 21
21 21
27 25
39 23
66 25
113 39
164 66
205 97
234 119
253 126
263 128
255 128
236 128
201 119
158 97
115 70
74 44
44 29
21 19
15 13
23 13
48 19
83 35
126 58
167 83
207 103
238 117
259 130
263 136
251 134
228 125
195 109
152 87
109 64
68 44
37 25
21 15
17 13
27 15
52 27
89 42
132 64
175 85
212 105
242 123
259 132
261 136
250 132
224 123
187 105
146 85
103 62
64 42
37 27
19 15
17 11
31 15
58 27
95 44
138 66
181 87
218 109
248 126
261 136
263 142
251 144
212 119
171 83
134 60
99 48
62 42
33 29
15 11
17 3
37 13
66 37
101 56
142 74
185 87
224 105
250 126
250 138
257 136
242 126
210 113
177 97
125 80
91 58
56 39
31 21
17 13
17 11
37 21
5 33
99 50
25 70
187 91
226 113
1 126
255 134
259 134
126 128
203 115
171 99
126 76
87 52
50 33
19 19
15 11
21 13
41 21
9 35
113 52
156 74
199 97
232 117
3 128
255 134
257 134
218 126
205 115
158 95
123 72
82 52
48 35
27 25
23 23
23 21
35 15
68 19
115 31
164 70
189 99
234 119
0 126
263 130
257 134
236 132
199 117
158 93
117 66
76 46
42 31
21 19
5 11
25 11
48 21
83 37
125 58
169 82
208 93
238 119
9 130
263 136
253 134
228 125
195 109
154 87
111 68
62 46
39 29
19 15
15 11
27 15
52 25
89 41
130 62
173 83
205 105
242 123
9 132
261 136
250 132
224 123
189 105
130 85
105 64
66 44
35 25
19 13
17 11
31 17
58 29
95 46
5 66
181 89
218 109
246 126
11 138
251 150
242 138
208 109
173 78
140 66
93 58
62 48
31 27
17 7
19 3
37 19
64 39
99 54
17 68
185 83
222 105
248 126
11 138
259 138
244 126
214 113
177 99
126 82
91 60
56 37
29 19
17 11
19 13
35 19
66 31
107 48
150 70
187 93
218 113
0 125
263 134
259 134
220 130
208 117
171 97
128 76
85 52
50 33
19 21
17 13
21 13
39 19
9 33
109 54
156 76
197 97
230 115
3 126
255 134
257 136
222 130
207 115
158 93
123 74
82 52
48 35
31 29
21 25
15 13
31 5
0 17
117 44
164 76
201 101
232 113
5 123
267 134
257 140
234 134
201 117
160 89
117 66
76 46
42 31
5 19
15 11
23 9
46 17
78 37
126 60
169 82
207 95
238 119
9 130
263 138
253 136
228 125
195 107
154 87
111 66
62 46
41 29
19 17
17 13
27 13
52 25
87 41
1 62
173 83
205 103
242 121
259 132
261 136
250 130
224 123
191 107
148 87
105 64
66 42
37 25
19 15
17 13
31 15
56 27
95 44
136 66
179 87
216 109
246 125
265 144
265 150
240 128
208 99
179 80
144 74
101 66
60 44
31 21
19 5
19 7
35 23
62 39
99 52
140 64
185 83
222 109
248 130
259 138
259 132
244 123
216 115
177 103
134 83
91 58
56 37
31 21
17 15
19 15
37 19
68 31
105 48
148 68
189 91
226 113
251 126
261 134
257 134
242 128
212 117
173 99
128 76
87 54
52 35
27 21
15 13
19 11
39 17
72 33
113 52
154 74
195 93
232 113
253 128
263 136
257 134
238 128
207 113
167 95
125 74
83 56
50 39
31 31
15 19
11 5
35 3
74 21
119 48
160 76
199 97
234 111
257 125
265 136
257 140
234 132
201 115
160 89
117 68
76 50
42 33
21 17
13 7
25 9
48 21
82 39
123 58
166 78
207 97
238 119
257 132
261 138
253 136
230 125
195 109
154 89
111 68
72 46
41 29
19 15
15 9
27 13
52 25
87 41
128 58
171 82
210 103
242 121
259 132
263 136
251 132
226 123
191 107
148 85
105 64
68 44
37 27
19 15
17 11
29 15
56 27
93 44
136 64
179 87
216 107
248 126
267 146
259 144
236 119
212 97
183 87
146 82
62 70
60 42
33 17
15 7
21 13
33 27
60 37
97 46
142 62
185 85
220 113
246 128
261 134
261 132
246 126
216 117
177 103
136 82
95 56
58 37
29 21
17 13
19 13
37 17
66 31
103 48
148 70
191 93
224 111
250 126
263 134
259 136
242 130
210 117
173 97
130 76
87 56
52 37
27 21
15 13
21 11
39 19
70 33
111 52
154 74
195 95
228 113
253 126
265 138
257 138
238 130
207 113
169 95
126 76
83 56
54 42
29 29
9 9
11 0
37 3
76 25
119 52
160 78
199 95
234 111
257 126
267 140
257 144
234 132
201 111
162 89
119 70
78 52
42 33
21 15
15 7
25 9
46 23
80 39
123 58
166 78
205 99
238 119
257 132
263 138
253 134
228 123
195 107
156 91
113 70
72 48
39 29
21 15
17 11
27 13
50 25
85 39
128 60
171 80
210 101
242 121
261 132
263 136
251 132
226 123
191 107
150 87
107 66
66 44
37 27
19 15
17 13
29 17
56 27
93 44
136 66
177 87
216 109
250 134
263 148
251 132
238 111
218 99
189 99
146 89
99 66
60 35
35 15
21 11
19 19
31 25
60 33
99 42
140 62
183 87
218 111
246 125
259 130
259 128
244 126
218 119
179 105
136 82
95 56
58 37
31 23
17 17
19 13
35 15
64 29
103 46
146 70
189 93
224 111
250 125
261 134
259 136
242 130
212 119
173 99
130 76
89 56
52 37
27 21
15 11
21 9
39 19
70 35
111 52
154 74
195 93
228 113
253 126
261 134
257 134
240 128
208 117
167 99
125 78
87 58
56 46
23 25
5 5
11 0
41 5
78 31
117 56
158 76
199 91
234 111
259 130
265 144
255 142
234 128
203 111
162 91
117 72
78 52
44 31
23 15
15 7
23 11
46 23
80 39
123 58
166 78
207 99
238 119
257 132
263 138
253 132
230 123
197 109
156 89
113 68
74 48
41 29
21 17
15 11
27 15
50 25
85 41
128 60
171 82
210 103
240 121
259 132
263 134
251 132
226 123
191 107
150 87
72 66
68 44
37 29
19 17
15 11
29 15
56 25
93 44
9 62
162 80
218 113
0 136
257 138
250 123
117 109
218 105
189 105
128 91
99 62
62 35
37 19
21 19
17 21
31 25
58 29
97 41
0 64
183 91
218 111
244 123
9 128
261 130
246 132
216 123
179 103
138 80
95 58
58 39
31 27
17 15
19 11
35 15
64 29
103 48
146 62
189 91
224 111
250 125
263 134
259 136
242 130
212 115
173 97
125 76
89 56
52 37
29 21
17 13
19 13
37 19
68 33
109 52
154 72
195 93
228 113
251 128
261 136
259 136
240 128
208 115
169 97
128 78
91 64
50 44
17 17
5 0
17 0
42 11
76 33
113 52
158 72
201 93
234 115
250 134
263 142
257 138
236 126
201 109
162 91
119 72
78 52
44 31
23 15
15 9
25 13
46 23
80 37
123 56
166 78
205 99
236 119
7 130
263 134
253 132
232 125
199 111
156 91
113 70
72 46
41 27
23 17
15 13
27 13
50 23
85 39
0 60
171 83
208 95
240 119
9 130
263 136
251 134
226 123
191 107
134 85
76 64
68 44
39 27
21 17
15 13
29 15
54 27
91 44
9 66
162 87
218 117
246 132
251 126
251 115
246 113
224 117
189 111
144 87
99 56
64 35
37 25
21 23
17 23
31 19
58 21
97 39
140 66
181 93
216 109
246 121
261 128
261 134
246 132
218 123
181 103
138 78
95 56
60 39
31 27
17 17
17 11
33 13
64 27
103 48
146 72
187 91
224 109
250 123
263 134
259 138
244 130
214 117
175 99
132 78
89 56
54 39
29 23
17 13
19 11
37 17
70 33
109 52
152 72
193 93
228 113
251 128
263 138
257 136
240 128
208 115
169 97
130 80
89 62
46 39
15 13
7 0
21 0
44 15
76 37
113 52
158 70
201 91
236 117
255 136
263 142
255 136
158 125
203 111
162 95
111 74
78 50
37 29
23 15
15 9
21 11
46 21
80 37
121 56
164 76
205 99
236 119
257 132
263 136
253 132
232 125
199 111
156 91
113 68
74 44
42 29
23 19
15 13
25 13
50 23
85 39
126 60
169 83
208 103
240 119
259 130
263 136
251 134
228 125
193 109
152 87
109 64
70 46
39 29
19 17
15 11
29 15
56 27
91 44
132 66
179 91
220 119
238 125
248 117
255 113
251 123
226 125
187 111
142 82
103 52
66 37
39 31
19 25
17 19
31 15
60 23
97 44
138 70
181 91
218 107
246 119
259 128
261 136
248 134
218 121
181 101
138 78
97 58
60 42
31 27
17 15
19 9
33 15
62 29
103 48
146 70
187 91
222 109
250 125
261 134
261 136
244 130
214 119
175 99
132 80
91 58
54 37
29 21
17 11
21 11
39 19
68 33
109 50
152 72
193 95
228 115
251 128
263 134
259 136
240 130
208 117
171 99
134 87
87 64
41 31
15 5
11 0
23 3
42 19
72 35
113 48
160 70
201 97
234 123
253 136
263 140
257 134
236 126
203 113
164 93
119 70
80 48
44 29
21 13
17 11
25 15
44 23
78 37
121 54
164 78
205 101
236 119
255 130
263 134
253 134
232 126
197 109
158 89
115 68
74 48
42 31
5 17
15 11
25 13
48 21
83 31
1 60
169 82
207 95
240 119
9 130
263 138
251 134
228 125
193 107
136 85
109 66
68 46
31 29
21 17
17 11
29 15
54 27
89 44
9 66
181 97
214 115
232 113
248 109
259 117
253 128
224 128
185 109
144 78
105 54
66 42
37 35
3 17
17 15
31 11
58 23
33 46
5 70
179 89
216 103
246 117
11 130
261 138
248 134
218 119
183 101
140 80
95 60
58 41
33 25
15 13
17 9
33 17
62 31
103 48
15 62
187 89
222 109
0 125
261 134
259 136
244 130
214 115
177 99
126 80
91 58
54 39
29 21
17 13
19 13
37 19
68 31
107 50
150 70
193 93
226 113
251 128
263 136
259 136
240 130
210 119
175 103
132 87
80 56
41 23
19 3
15 0
23 9
41 19
72 31
115 48
158 72
199 99
232 121
255 134
263 136
255 132
236 125
205 113
156 97
119 72
80 46
46 29
25 17
15 13
23 13
44 21
78 35
121 56
162 80
203 101
236 117
5 130
263 134
253 134
232 126
201 113
158 91
115 68
68 46
44 29
23 19
15 13
25 13
48 21
83 39
125 60
167 82
208 103
240 121
259 130
263 136
251 134
228 125
195 109
152 87
109 64
70 44
39 29
21 19
15 13
27 13
52 25
91 44
136 72
179 99
207 105
230 103
253 111
263 126
253 138
224 128
187 103
146 76
107 58
68 48
37 37
19 21
15 7
31 9
56 25
93 46
136 68
179 85
216 101
246 119
261 132
261 140
248 134
220 119
181 101
140 82
97 62
60 42
33 25
17 13
17 9
33 17
62 31
101 48
144 68
187 87
222 109
250 126
261 136
261 136
244 130
214 117
175 99
132 78
93 56
56 39
29 23
15 13
19 13
37 19
68 33
107 50
150 72
191 93
226 115
251 128
263 136
259 136
242 132
212 121
179 109
128 83
78 48
41 19
23 5
17 5
21 11
39 19
70 29
115 48
160 76
199 103
232 121
253 130
263 134
257 134
236 130
203 115
164 93
123 70
80 48
46 31
23 19
15 13
23 11
44 21
76 35
119 54
164 78
203 101
234 117
255 126
263 134
255 134
232 128
199 111
160 89
117 68
76 48
42 31
21 17
15 11
25 13
48 23
82 39
125 58
167 82
207 101
238 119
259 130
263 136
253 134
230 125
193 107
154 87
111 66
70 46
39 29
21 19
17 13
29 15
52 27
89 44
136 76
173 93
201 93
232 97
259 115
265 134
251 140
222 125
187 99
150 78
107 66
68 52
35 35
19 17
17 7
31 13
54 27
93 46
136 64
181 83
216 103
244 121
261 134
261 138
248 132
218 119
183 103
142 83
97 62
60 41
33 23
17 13
19 11
33 17
62 29
101 46
144 68
185 87
220 109
250 125
263 134
259 136
244 128
216 119
179 101
134 82
93 58
54 37
29 21
17 13
19 13
35 19
66 31
107 50
150 72
191 93
226 113
251 128
263 136
259 138
242 132
216 125
175 109
123 78
76 41
44 17
27 9
17 9
21 13
39 17
72 27
115 48
158 78
197 103
230 119
255 128
263 134
257 134
236 128
205 115
166 93
123 70
80 46
46 31
25 19
15 13
21 13
44 21
78 37
119 56
160 78
201 95
236 117
257 130
263 136
253 134
234 125
201 111
160 91
117 70
76 48
44 29
23 17
15 11
23 13
46 23
83 39
125 58
167 80
207 101
238 119
259 130
263 138
251 134
228 125
195 107
154 87
113 68
72 48
41 29
21 17
17 13
27 15
52 27
93 52
134 74
166 82
201 83
238 99
261 123
265 140
250 138
224 119
191 97
150 83
107 70
66 54
37 31
17 11
15 5
31 13
56 31
93 48
134 62
179 80
216 103
244 123
261 134
261 136
250 130
220 119
183 103
142 85
99 62
62 41
33 23
17 11
17 9
33 15
62 29
99 46
142 66
185 89
222 111
248 126
261 136
259 136
244 130
216 119
177 99
136 80
93 58
56 39
31 21
17 13
19 11
37 19
66 33
105 50
148 70
191 91
226 113
251 126
261 134
261 136
246 134
218 130
171 105
119 70
78 37
50 21
29 15
15 13
19 11
39 13
74 27
115 50
156 80
197 103
230 117
251 126
263 132
257 136
238 130
205 115
166 91
123 68
82 48
48 35
25 23
15 13
23 9
44 19
