970000 10000000 203423 10
173 76
248 121
283 146
265 146
208 121
126 82
48 41
0 7
1 0
56 17
142 58
226 107
275 140
275 148
230 128
154 91
72 50
11 17
0 0
35 9
115 44
205 93
265 134
281 152
248 140
179 105
95 62
25 25
0 3
17 5
87 31
177 74
250 121
281 148
265 146
205 121
123 80
44 39
0 11
11 11
64 33
140 60
220 93
273 125
275 140
226 128
146 91
64 42
9 7
0 0
41 17
121 52
208 97
269 134
281 148
244 138
173 105
89 60
21 19
0 0
19 1
91 33
183 80
255 125
283 148
259 144
199 115
115 76
39 33
0 3
7 0
68 25
158 68
236 113
279 144
273 148
222 126
142 87
60 44
3 11
0 0
44 13
126 50
212 97
271 134
279 150
242 136
167 101
85 58
17 21
0 1
23 5
99 37
191 85
257 130
283 152
257 144
195 115
111 72
37 33
0 5
9 3
78 33
166 82
232 111
267 123
265 126
218 117
138 89
54 46
1 5
1 0
52 15
134 62
218 111
273 142
279 148
236 132
162 99
78 56
13 19
0 0
29 3
105 37
195 87
259 130
281 150
251 138
189 109
105 70
33 31
0 5
11 1
78 27
167 72
244 117
281 146
267 146
210 121
130 82
50 39
1 9
0 1
54 17
140 58
224 105
275 142
275 152
232 132
158 95
74 52
13 17
0 1
33 9
113 42
201 91
263 132
281 150
251 142
183 109
99 66
29 27
0 3
19 7
91 41
171 82
236 111
273 128
263 132
208 117
125 80
44 37
0 1
5 0
62 19
146 64
220 113
27 142
275 148
228 128
150 93
68 52
0 15
0 0
35 5
109 42
207 93
17 134
281 150
248 136
177 103
95 62
25 25
0 1
19 3
91 33
181 78
1 123
281 148
261 144
201 117
119 76
42 33
0 5
5 1
62 21
144 60
234 111
21 144
273 150
125 126
146 89
64 46
5 15
0 0
33 11
125 48
142 93
19 128
279 152
244 138
171 103
87 60
19 23
0 1
23 7
97 39
191 93
255 134
273 140
250 123
195 97
117 68
39 37
0 9
5 0
70 17
160 66
240 121
279 152
271 150
216 123
140 83
58 44
1 13
0 0
46 9
130 46
216 99
271 138
279 152
240 136
166 99
82 56
15 21
0 3
27 7
101 37
191 82
259 126
283 150
255 142
191 111
107 68
33 27
0 1
11 1
74 27
166 68
242 115
281 146
269 150
214 125
134 83
54 41
1 9
0 0
52 15
136 54
220 103
273 138
277 150
236 134
160 99
78 56
13 19
0 1
31 9
113 48
203 97
257 132
271 138
246 125
185 97
103 64
29 29
0 1
13 0
82 23
173 74
248 126
281 154
265 148
208 119
126 78
48 39
0 11
1 0
54 15
142 54
226 105
275 142
277 152
230 132
154 93
70 50
11 15
0 1
35 11
113 42
203 89
265 130
283 152
248 140
179 107
95 62
27 23
0 3
15 5
85 31
177 76
251 121
283 148
263 148
205 121
123 78
44 35
0 5
3 0
62 21
148 60
230 109
277 140
275 150
226 130
150 91
66 48
7 13
0 0
41 15
121 52
210 101
273 148
277 154
232 123
166 80
91 46
25 25
0 7
17 3
91 25
185 74
257 126
283 158
259 152
199 115
117 68
39 29
0 5
5 1
66 21
154 60
234 107
279 142
273 152
220 130
142 87
62 42
5 11
0 1
42 15
126 50
212 95
271 134
281 152
242 138
167 101
85 58
19 19
0 0
23 5
99 37
189 83
257 125
283 148
257 144
195 117
111 74
37 31
0 3
9 1
72 25
160 68
240 113
281 142
271 150
218 128
136 85
56 42
3 11
0 3
48 19
134 58
224 109
277 148
271 148
226 119
158 82
82 44
17 17
0 0
27 3
105 35
197 83
263 134
283 156
253 146
189 111
107 66
31 29
0 5
11 3
76 25
166 66
244 115
281 146
267 148
212 123
132 80
52 39
1 11
1 3
52 19
138 54
224 103
275 140
277 152
232 134
156 95
74 50
13 15
0 0
31 9
111 42
201 89
263 128
281 148
251 140
183 111
99 68
27 25
0 1
15 1
83 31
173 76
248 121
281 146
267 146
208 121
126 80
46 37
0 7
3 1
58 19
144 60
228 107
281 148
281 164
222 132
140 74
64 27
11 3
0 3
37 17
115 42
205 83
269 128
283 156
248 150
177 113
93 62
23 19
0 0
17 5
87 35
179 76
251 117
283 144
263 146
203 119
121 78
42 33
0 5
5 0
62 23
152 64
232 109
279 142
273 148
224 126
146 91
64 48
5 13
0 0
41 9
125 50
210 97
267 136
279 150
244 136
173 103
89 62
21 23
0 0
23 3
95 35
185 82
255 125
283 150
259 144
197 115
115 72
39 31
0 3
9 1
70 25
158 68
240 117
287 154
273 158
210 123
130 72
54 27
5 1
0 0
42 13
128 48
216 93
273 136
281 154
240 142
166 103
83 56
17 19
0 1
25 9
99 39
189 80
259 123
283 148
255 144
191 113
109 68
35 27
0 3
9 3
74 27
164 68
242 115
279 144
267 146
214 123
136 85
54 42
1 9
0 0
50 15
136 54
220 103
271 138
279 148
236 134
160 97
76 54
13 17
0 0
29 7
109 42
197 87
261 130
281 150
251 142
187 111
103 68
31 29
0 3
13 3
80 29
171 74
246 121
283 150
269 156
212 132
121 76
39 19
0 0
3 0
58 23
142 62
222 101
275 130
281 148
234 140
154 105
70 54
11 11
0 0
33 11
113 46
201 91
265 128
283 144
248 138
179 109
97 66
27 27
0 0
15 1
83 29
177 78
251 125
281 148
263 146
205 119
123 78
44 39
0 7
1 0
60 17
148 58
230 107
277 142
275 150
228 130
150 91
66 48
7 13
0 0
37 9
121 46
208 93
267 134
281 152
246 138
175 105
91 62
23 25
0 3
19 5
91 33
183 80
255 126
285 154
267 156
199 125
107 68
31 15
0 0
9 0
68 25
152 66
232 107
281 138
277 150
224 134
142 97
60 46
5 9
0 0
42 15
125 52
212 97
269 132
279 148
242 134
167 103
85 58
19 21
0 0
23 5
99 39
187 85
257 128
281 148
257 142
195 115
111 72
37 33
0 3
1 0
72 23
0 68
240 115
31 144
271 140
216 125
136 83
56 42
5 11
0 1
46 15
125 54
218 101
23 138
279 152
238 136
164 99
82 56
15 19
0 1
27 5
103 37
195 85
259 130
283 152
255 146
195 123
107 80
21 21
0 0
9 0
82 23
167 76
242 119
279 138
269 138
216 123
132 91
50 48
1 11
0 0
52 13
136 56
222 107
273 140
277 146
232 126
158 91
76 52
13 19
0 0
31 5
111 41
199 89
263 130
281 150
251 140
183 107
99 66
29 29
0 5
15 3
82 29
171 74
248 119
281 146
265 148
207 119
125 78
48 37
0 9
3 1
56 19
144 58
228 107
275 140
275 152
230 132
152 95
70 50
9 15
0 0
35 11
117 46
205 93
267 134
283 152
251 146
187 121
91 68
13 15
0 0
17 0
89 27
179 78
250 121
283 146
265 142
205 121
121 83
42 42
0 9
5 0
62 19
150 62
232 111
277 142
273 148
224 125
146 87
66 46
7 13
0 1
41 11
123 48
208 95
269 136
281 152
244 138
173 103
87 58
21 21
0 0
21 5
93 35
183 80
253 123
283 148
261 146
197 117
115 74
41 33
0 5
7 1
68 23
156 64
236 111
279 142
271 148
220 126
140 87
58 44
5 11
0 0
46 13
128 52
214 99
271 138
281 152
240 136
169 105
89 70
17 29
0 0
15 0
99 19
193 82
259 132
279 150
255 136
193 107
111 72
35 41
0 13
9 3
74 21
164 66
242 117
279 148
267 148
214 119
134 80
54 41
1 11
0 1
50 15
136 52
220 101
273 138
277 150
236 132
162 95
78 52
13 17
0 1
29 7
107 41
195 85
261 128
281 150
253 142
187 109
103 68
31 27
0 3
13 3
80 29
169 72
246 119
281 146
267 146
203 123
130 82
50 39
0 7
1 0
56 19
142 60
224 107
25 140
277 152
234 136
162 105
76 64
5 17
0 0
27 0
113 31
203 87
13 132
281 148
250 134
179 105
99 68
19 33
0 7
15 5
85 29
175 74
248 121
281 148
263 146
205 119
123 76
44 37
0 7
3 1
60 21
146 60
230 107
277 142
275 150
228 130
150 91
66 46
9 13
0 0
37 11
119 44
208 93
267 132
281 150
246 138
177 105
91 62
23 23
0 0
19 1
91 33
181 80
0 123
281 146
253 144
201 117
119 76
41 35
0 5
5 0
66 23
154 64
234 111
279 142
275 150
222 130
144 89
64 50
11 27
0 5
31 0
117 25
212 82
273 138
281 158
240 136
169 93
89 52
21 25
0 11
23 13
97 37
187 76
255 121
281 150
257 148
195 115
113 68
37 27
0 3
7 3
70 25
162 66
240 113
281 144
271 150
218 128
138 87
58 41
3 9
0 0
46 15
130 52
218 99
21 136
279 150
238 136
166 99
82 56
15 17
0 0
27 7
105 41
193 85
9 126
283 150
255 142
189 113
99 68
33 27
0 1
13 1
76 29
166 72
242 115
31 144
269 150
214 126
134 87
54 48
5 19
0 1
33 3
132 39
220 93
3 138
275 152
169 130
160 89
78 48
15 21
0 9
31 13
109 42
199 87
263 130
279 152
251 142
185 107
101 62
27 23
0 1
13 3
82 29
171 72
246 117
281 146
267 148
208 121
126 78
48 37
1 7
1 0
48 19
144 58
228 105
11 140
275 150
228 130
152 93
70 50
9 13
0 0
35 11
117 46
205 93
265 132
281 150
248 140
179 107
95 62
25 25
0 1
17 3
87 31
177 78
251 123
281 148
263 148
205 119
123 78
44 39
0 13
9 13
56 21
138 42
226 85
279 132
277 154
224 134
146 87
66 39
9 9
0 3
41 21
123 54
208 93
267 128
279 148
244 142
171 107
87 58
21 17
0 0
21 5
93 37
183 82
253 123
283 146
261 144
199 119
115 76
41 33
0 3
5 1
66 23
156 66
236 113
279 142
273 150
189 126
142 89
60 46
5 13
0 0
44 13
128 52
207 99
271 136
279 150
240 134
167 101
83 56
17 19
0 1
25 7
99 37
189 82
259 126
283 152
257 146
191 115
111 72
37 35
1 13
11 11
64 23
152 52
236 97
281 136
269 148
214 125
134 80
54 35
5 7
1 3
50 23
134 58
218 99
273 132
279 150
236 138
160 99
76 50
13 11
0 0
27 7
105 42
195 85
261 126
283 148
253 142
187 111
103 70
31 27
0 1
11 1
78 29
169 74
246 117
279 144
267 144
212 121
130 83
50 42
0 7
1 0
54 17
142 58
224 105
275 138
277 150
232 132
156 97
64 52
11 17
0 1
33 9
109 42
201 91
263 132
281 150
250 140
181 107
99 64
29 27
0 5
19 13
87 42
167 72
238 99
277 126
267 140
208 126
123 83
44 31
0 0
5 0
62 27
146 62
228 111
23 138
275 146
228 132
148 95
62 48
1 11
0 0
37 0
117 46
203 95
17 125
281 150
242 138
175 105
93 64
15 25
0 1
17 3
19 33
56 80
1 125
281 148
259 142
203 117
121 78
42 37
0 7
5 0
66 23
154 64
232 111
277 144
273 148
222 126
144 87
62 44
7 13
0 0
42 11
125 46
212 97
269 136
279 152
242 134
171 101
89 60
21 27
0 7
29 17
97 42
177 76
246 109
279 134
259 136
197 115
111 72
35 27
0 0
11 1
72 29
160 74
238 115
279 144
271 148
216 125
138 87
58 44
3 9
0 0
46 13
130 52
216 101
271 138
279 150
238 134
166 99
82 58
17 21
0 1
27 7
103 39
193 85
259 128
281 148
255 140
191 111
107 72
31 29
0 1
11 1
76 27
166 72
242 117
281 144
269 148
214 125
132 83
52 41
1 9
0 0
50 15
136 54
222 103
275 140
277 152
234 134
160 97
78 54
13 21
0 1
29 9
115 52
199 99
251 123
271 126
250 123
187 105
103 72
27 29
0 0
15 0
83 29
171 83
246 128
281 150
265 142
208 117
126 80
48 41
0 7
1 0
56 13
142 56
226 107
27 144
277 150
230 130
154 91
72 52
11 19
0 1
35 9
115 42
205 91
265 132
281 150
248 140
179 107
95 62
25 25
0 1
17 5
87 33
175 76
250 121
283 150
263 148
203 119
121 74
44 35
0 7
3 3
60 21
150 60
232 107
27 142
273 150
226 130
148 89
66 48
0 15
0 1
42 19
128 62
205 99
0 125
271 125
244 125
177 93
87 60
19 19
0 0
23 1
95 37
50 87
3 128
283 150
257 144
199 115
115 76
39 35
0 3
5 0
66 17
31 62
236 111
21 144
271 140
191 125
142 85
60 44
5 11
0 0
37 13
126 50
207 99
19 130
279 150
242 136
169 101
68 58
17 21
0 1
17 7
1 37
187 82
0 126
283 150
257 144
130 113
111 64
33 31
0 3
1 1
7 25
5 68
234 115
29 144
269 146
187 125
130 87
56 44
3 11
0 1
50 19
134 58
224 115
269 144
267 136
228 111
162 82
82 54
15 25
0 0
29 0
107 33
197 89
263 138
281 158
253 142
187 105
103 64
31 29
0 7
11 3
78 23
167 66
244 115
281 148
267 150
212 121
130 80
50 39
0 9
0 1
54 17
140 56
224 103
275 140
277 150
234 134
158 95
74 50
13 15
0 0
33 9
113 42
201 89
263 130
281 150
250 140
183 109
99 66
27 27
0 1
13 1
83 29
173 74
250 121
281 148
265 146
207 121
126 80
46 39
0 9
3 1
60 23
150 68
234 117
271 144
263 138
220 113
152 80
70 46
9 15
0 0
37 5
119 42
208 95
267 138
279 152
248 138
179 105
93 64
21 27
0 1
17 1
89 29
179 76
251 123
281 148
261 144
203 117
119 74
42 35
0 7
5 1
64 21
152 64
232 109
277 142
275 150
222 128
144 87
64 44
7 13
0 1
41 13
123 48
212 95
269 136
279 152
242 138
171 103
87 60
19 21
0 0
23 3
97 37
187 83
255 126
283 150
259 146
197 117
113 74
37 33
0 5
7 1
70 23
160 68
242 121
285 158
267 152
208 111
132 62
60 31
7 13
0 5
42 13
130 42
218 93
275 142
279 162
238 142
166 99
82 52
17 17
0 3
25 9
101 37
191 80
257 123
281 146
255 144
193 115
109 70
33 29
0 3
11 3
74 29
164 70
242 115
281 144
269 148
214 125
132 83
54 41
1 7
0 0
50 15
136 54
222 103
273 138
277 150
234 132
160 97
76 52
13 17
0 0
29 7
109 42
197 87
261 128
281 150
253 142
185 111
101 68
29 27
0 0
13 1
83 31
173 78
251 128
283 156
259 146
199 109
123 64
50 29
1 5
1 0
52 13
142 50
230 103
279 146
277 158
230 134
154 93
72 50
9 15
0 1
33 11
115 42
201 87
265 128
281 150
248 142
179 107
95 62
25 23
0 3
17 5
85 33
175 74
250 119
283 148
263 146
205 121
123 78
44 37
0 7
3 1
60 21
150 62
230 109
277 142
273 150
226 130
150 91
66 48
7 13
0 0
39 11
121 48
208 95
267 132
281 150
246 138
175 105
91 62
23 23
0 1
21 7
91 37
183 82
253 125
287 158
263 158
191 115
105 54
35 11
0 0
9 3
66 27
154 62
236 103
281 140
273 154
222 136
142 93
60 42
5 5
0 0
44 17
125 52
212 95
269 128
281 146
242 138
169 103
83 58
19 17
0 0
25 5
97 39
187 83
257 125
283 148
257 144
193 115
111 72
37 29
0 3
7 0
70 23
162 68
240 115
279 146
269 146
216 123
138 85
56 44
1 11
0 0
48 15
132 54
218 101
273 138
279 150
238 134
164 97
80 54
15 19
0 1
27 9
105 41
195 87
263 132
289 162
253 150
179 107
97 52
29 13
0 0
13 1
76 27
166 68
246 113
283 146
269 152
212 130
130 83
52 39
1 7
0 0
52 19
138 56
224 101
275 136
277 150
232 132
158 97
74 52
11 13
0 0
33 11
111 44
199 89
263 130
281 150
250 140
183 109
99 64
29 25
0 1
13 1
83 29
173 74
248 119
281 146
265 146
208 121
126 80
46 39
0 7
1 0
58 19
144 58
228 107
277 142
275 152
228 130
152 91
70 48
9 17
0 1
37 13
117 44
207 93
267 136
281 154
253 152
177 115
85 52
13 1
0 0
21 0
91 39
177 82
250 117
283 138
265 144
205 125
121 85
42 37
0 1
5 0
64 23
150 66
230 111
277 140
273 144
224 126
146 91
64 48
7 13
0 0
41 9
123 46
210 97
269 138
279 152
244 136
171 103
87 60
19 21
0 0
23 3
95 33
185 82
253 125
283 148
259 144
197 115
113 74
39 31
0 5
7 1
68 25
158 66
238 111
279 146
271 150
218 126
140 87
58 44
5 13
0 1
44 15
128 50
216 99
273 140
283 158
244 146
162 103
72 46
9 1
0 0
27 3
101 39
189 82
257 121
285 146
259 146
193 119
107 76
33 29
0 1
11 1
72 29
162 70
242 113
279 140
267 144
214 123
134 85
54 42
3 9
0 0
50 15
136 56
220 105
273 140
277 150
236 132
160 97
78 54
13 19
0 0
29 7
107 41
197 87
261 130
283 150
253 142
185 111
101 66
29 25
0 3
13 3
80 29
169 72
246 117
283 148
267 150
208 123
128 80
50 39
0 7
1 0
56 17
142 60
226 107
277 142
275 152
234 136
162 109
70 58
0 1
0 0
33 0
117 44
201 97
263 130
283 142
251 134
183 111
97 74
27 33
0 1
17 0
85 29
175 78
250 123
281 148
263 142
205 115
123 76
44 37
0 7
3 0
60 19
148 60
230 109
277 144
275 150
226 130
150 91
66 48
7 15
0 0
39 9
119 44
207 93
267 132
281 150
246 138
175 105
91 60
23 23
0 1
19 5
91 35
181 78
253 123
283 150
261 146
199 117
119 76
42 35
0 7
5 1
66 23
156 66
236 113
279 146
273 152
228 136
148 99
54 44
0 0
0 0
44 1
128 48
212 97
267 132
281 144
244 134
171 105
85 64
19 23
0 0
23 5
97 37
185 83
255 126
283 148
257 140
193 111
111 70
35 31
0 3
9 1
72 23
162 68
240 115
279 146
271 148
216 125
136 85
56 42
3 9
0 0
48 13
132 50
216 97
273 136
279 152
238 136
164 99
80 54
17 19
0 1
27 9
103 39
193 83
259 126
283 150
253 142
189 111
107 68
33 29
0 3
11 3
78 29
167 72
242 117
281 146
269 150
212 126
136 91
56 54
0 9
0 0
46 0
140 46
224 107
273 146
275 148
234 125
160 91
78 58
13 27
0 5
31 5
109 37
199 87
263 134
281 152
251 138
183 103
99 60
29 27
0 3
15 3
83 29
173 74
248 119
281 146
267 148
208 123
126 80
46 37
0 7
3 1
58 21
144 60
228 105
277 140
275 150
230 132
152 93
70 48
9 13
0 0
35 13
117 44
205 91
265 130
281 150
248 140
177 107
95 64
25 25
0 1
17 5
89 35
179 78
251 123
283 146
265 146
205 123
128 89
42 42
0 1
0 0
60 5
152 56
232 109
275 140
273 144
224 125
150 91
68 54
9 21
0 3
39 11
123 46
208 97
267 138
279 150
242 132
173 99
89 58
19 23
0 1
21 3
95 35
185 80
253 126
281 150
259 144
197 115
115 74
39 33
0 5
7 1
68 23
158 66
238 113
21 144
273 150
220 128
140 87
60 44
3 11
0 0
44 13
128 52
207 99
21 138
279 150
240 136
167 101
83 58
17 21
0 0
25 5
101 39
189 83
250 126
283 150
257 146
193 117
109 74
41 41
0 13
0 0
62 1
160 48
244 109
283 150
267 150
214 119
136 76
58 41
5 17
0 9
48 17
126 50
220 97
15 138
275 152
234 134
162 93
78 48
13 15
0 1
29 11
107 41
197 85
261 128
281 150
253 144
187 111
103 66
31 25
0 1
13 3
80 29
167 70
246 117
281 146
267 150
210 123
128 82
50 39
1 7
1 0
52 17
142 56
226 105
9 142
275 150
228 132
156 95
64 52
9 15
0 0
33 7
109 44
203 91
15 132
283 152
251 142
171 111
101 72
31 37
0 7
5 0
5 13
33 60
1 115
281 148
261 144
205 113
126 74
33 39
0 15
3 5
60 21
148 58
228 107
9 142
273 150
226 128
150 87
62 44
7 13
0 0
31 11
119 46
78 91
17 132
279 150
248 140
177 107
91 62
21 23
0 1
19 5
91 35
181 80
251 123
283 148
261 144
199 117
119 76
41 35
0 5
5 1
66 21
154 64
234 111
19 142
273 148
218 126
144 89
62 46
5 11
0 0
44 15
125 50
205 97
269 136
281 152
244 138
171 105
85 60
23 27
0 15
19 9
85 19
179 58
257 113
285 152
257 150
193 113
113 64
31 27
0 9
9 11
70 29
160 64
240 109
29 142
269 152
216 128
138 83
56 39
3 7
0 0
46 17
130 54
216 97
271 134
279 150
238 138
164 101
64 56
15 17
0 0
27 7
103 39
193 85
9 126
281 148
250 140
189 111
99 72
33 33
0 5
3 1
76 27
41 72
244 119
25 146
267 148
212 123
132 83
52 35
1 9
0 0
52 17
3 56
222 103
9 140
279 152
234 134
156 97
78 56
19 25
0 11
23 7
99 29
193 72
265 121
283 150
250 142
181 105
101 60
31 25
0 7
13 9
82 33
173 74
248 117
281 146
265 148
208 123
125 80
46 33
0 3
1 0
56 19
142 56
228 103
277 142
277 152
228 132
152 95
70 50
9 15
0 0
35 9
115 44
203 91
265 132
281 150
248 138
179 107
95 64
25 25
0 1
17 3
89 33
177 78
250 123
281 146
261 144
203 115
123 78
44 37
0 7
5 1
62 23
150 64
232 111
277 144
275 150
224 128
148 89
66 48
7 15
0 7
42 23
115 44
199 74
263 115
283 144
246 144
171 109
87 54
21 13
0 0
25 13
95 46
183 85
253 121
283 144
259 144
197 121
115 76
37 29
0 0
7 0
66 23
156 66
238 113
281 142
271 148
220 128
140 89
60 46
5 11
0 0
42 11
126 50
214 97
271 136
279 148
240 134
167 99
83 58
17 21
0 1
25 5
101 37
189 83
257 126
281 150
255 144
193 113
111 70
35 31
0 5
9 3
72 27
162 68
240 115
281 144
269 148
216 125
136 87
58 46
5 17
5 11
46 23
125 46
210 85
271 123
279 144
236 134
162 95
78 50
15 13
0 1
31 13
107 48
195 89
261 126
283 148
253 142
185 111
101 66
31 23
0 0
11 1
78 27
169 72
246 117
281 146
267 148
210 123
130 83
52 41
1 7
0 0
54 15
140 54
226 105
275 140
275 150
232 132
156 95
74 52
11 17
0 0
31 7
113 42
201 89
263 130
281 150
250 140
181 107
97 64
27 25
0 3
15 3
83 31
175 74
250 119
283 148
265 150
205 121
125 80
48 39
0 9
5 5
66 33
144 68
218 95
267 119
273 132
230 128
152 97
66 48
7 7
0 0
41 13
121 58
207 103
265 134
281 146
246 136
175 107
91 66
23 23
0 0
19 0
89 31
181 80
253 125
281 148
261 142
201 117
121 78
42 37
0 7
5 0
64 21
154 64
234 113
277 144
273 148
222 126
144 87
62 46
5 13
0 0
42 11
125 48
210 95
269 136
281 152
242 138
169 103
85 56
19 21
0 1
23 7
95 37
187 82
255 125
283 150
257 144
195 117
113 74
39 33
0 7
13 7
74 37
152 68
226 99
273 125
271 136
220 125
138 87
54 41
3 5
1 0
48 17
130 60
214 103
271 136
281 148
238 136
164 101
80 56
15 15
0 0
25 5
101 37
191 85
259 126
283 148
255 140
189 113
107 72
33 31
0 3
11 0
76 27
164 70
242 117
279 146
267 148
212 121
132 82
54 41
3 9
1 0
50 17
136 54
220 103
273 140
279 152
234 134
158 95
76 52
13 17
0 1
31 9
109 41
197 87
261 128
283 150
253 142
185 111
101 68
29 29
0 3
13 3
83 35
175 87
240 119
269 126
261 123
210 111
130 83
46 42
0 5
1 0
60 15
146 64
226 115
275 146
275 148
228 126
154 93
70 54
9 19
0 0
35 3
115 41
203 91
265 134
281 150
250 138
179 105
95 64
25 25
0 1
17 3
87 31
177 78
250 121
283 146
263 146
205 119
123 76
42 35
0 7
3 1
62 21
148 62
232 109
279 142
275 152
224 130
146 89
66 46
9 15
0 1
37 13
121 46
210 95
267 134
279 152
244 140
173 105
91 60
21 23
0 1
23 9
101 44
183 87
244 117
271 130
257 128
201 111
117 76
37 33
0 0
7 0
70 21
158 70
236 119
279 148
271 148
220 125
142 89
60 48
3 13
0 0
44 7
126 48
214 97
269 138
279 150
242 134
169 99
85 58
17 23
0 1
25 5
99 37
189 82
255 125
283 150
257 144
193 113
109 72
35 29
0 3
9 1
72 25
162 68
240 115
281 144
271 148
216 125
136 85
56 42
3 9
0 0
48 15
134 54
220 101
273 138
277 150
236 132
164 99
80 56
15 21
0 1
29 9
107 42
201 99
261 138
271 140
244 119
185 91
107 64
33 35
0 7
11 0
80 19
171 70
246 126
281 154
267 150
210 119
130 80
50 41
0 11
0 0
54 11
140 52
224 103
275 140
277 152
234 132
158 95
74 52
11 17
0 1
33 9
111 42
201 87
263 130
283 150
251 142
181 107
97 62
27 25
0 3
15 3
83 31
173 74
248 119
281 146
265 148
207 121
125 80
46 39
0 7
1 0
60 21
146 62
230 107
277 140
275 150
228 130
152 93
70 52
9 17
0 1
39 13
123 54
210 105
261 136
269 140
240 123
175 93
93 56
23 21
0 0
19 0
93 29
183 80
253 130
281 154
261 146
201 117
119 76
41 37
0 7
3 0
64 17
152 58
232 109
277 142
273 148
224 126
146 87
64 44
7 15
0 1
41 15
125 48
210 95
269 134
281 152
244 138
169 101
87 56
21 21
0 1
21 5
95 35
185 80
255 125
281 150
259 144
197 115
113 74
39 33
0 5
5 1
70 23
160 68
238 113
279 144
271 148
220 126
140 87
58 44
3 11
0 0
46 13
130 52
220 107
277 152
275 154
228 121
160 76
82 44
19 21
0 7
23 5
103 29
195 80
11 132
283 158
253 148
191 111
107 66
33 29
0 5
9 3
74 25
164 64
242 111
281 144
269 150
214 125
134 82
54 39
1 9
0 1
50 17
128 54
220 99
15 136
277 150
234 134
158 95
76 52
13 17
0 0
29 9
109 42
197 87
261 130
281 150
251 142
185 109
101 66
29 25
0 1
13 1
82 29
169 72
246 117
281 146
267 148
210 123
126 82
48 39
1 9
1 1
56 19
144 60
234 115
277 150
267 148
218 117
150 78
74 42
11 15
0 0
33 3
115 37
207 89
267 138
281 158
248 142
179 105
97 62
25 25
0 3
15 3
85 29
175 72
248 117
281 146
265 148
205 121
123 78
44 35
0 7
5 3
60 23
148 62
232 107
277 142
275 150
224 130
148 91
66 48
7 13
0 0
39 11
121 48
208 93
267 134
281 150
244 136
173 103
89 60
23 23
0 1
21 7
93 35
181 80
250 125
283 150
261 146
199 117
117 74
41 33
0 5
7 3
66 25
154 66
236 113
285 154
275 162
212 121
130 64
58 25
7 5
0 3
33 15
125 44
216 89
23 136
281 158
242 146
167 105
85 54
17 17
0 0
21 1
97 37
187 78
0 121
283 146
250 146
193 117
111 70
37 29
0 3
1 3
72 27
37 62
240 111
21 142
271 140
216 126
136 85
56 42
3 9
0 0
48 15
125 54
218 101
5 136
279 150
238 126
164 99
64 54
15 17
0 0
29 5
105 41
193 85
11 128
283 150
250 142
187 111
97 68
33 29
0 5
13 5
62 29
13 72
0 123
289 160
263 154
199 113
125 64
46 17
3 3
0 1
52 15
5 50
224 99
277 140
279 156
234 138
158 97
66 50
11 15
0 0
31 11
93 41
70 85
263 126
281 148
250 142
183 109
99 66
29 25
0 3
15 5
82 33
171 74
248 119
281 146
265 148
207 121
125 80
46 37
0 7
1 0
58 21
146 60
228 107
275 140
275 148
228 130
152 93
68 50
9 15
0 0
37 11
117 46
205 93
267 134
281 150
248 138
177 105
93 62
25 25
0 3
19 5
87 33
179 78
253 125
285 154
267 158
199 123
109 60
33 9
0 0
7 0
64 29
150 64
232 103
279 136
277 152
226 140
144 99
62 46
5 7
0 0
41 13
121 52
208 95
267 130
281 146
242 138
171 105
87 60
21 19
0 0
21 5
95 39
185 83
255 126
283 148
259 142
197 117
113 76
37 33
0 3
7 0
68 23
158 68
236 113
279 142
273 148
220 126
140 87
58 44
5 11
0 0
46 13
128 50
214 97
273 138
279 152
240 136
166 99
83 56
17 21
0 1
25 7
101 39
193 85
261 130
289 160
259 154
183 111
97 56
29 11
0 0
11 0
74 27
162 66
242 109
283 142
271 152
214 130
134 87
54 41
1 7
0 0
50 19
134 56
220 99
273 134
277 148
234 134
160 99
78 54
13 17
0 0
29 7
107 41
197 89
261 130
281 148
251 140
187 109
103 66
29 27
0 0
13 1
80 29
169 74
246 117
281 146
267 146
210 123
128 82
48 39
1 7
1 0
54 17
142 58
226 105
275 140
277 152
232 132
156 95
72 52
11 15
0 0
35 9
115 44
203 91
263 132
283 152
253 148
185 121
89 62
13 3
0 0
17 0
89 37
175 82
248 117
283 138
267 142
207 126
123 87
44 41
0 3
3 0
60 19
146 64
228 111
277 138
273 142
224 125
150 91
68 52
0 15
0 0
39 9
121 48
208 99
267 136
281 150
246 136
175 103
91 64
21 25
0 1
19 3
91 33
181 80
250 123
283 148
261 144
199 117
117 74
41 35
0 5
5 0
66 21
156 64
236 111
21 144
273 148
218 126
142 87
62 44
5 13
0 0
42 13
126 50
205 97
21 136
281 152
250 148
167 109
76 52
9 3
0 0
27 0
99 39
60 82
5 119
285 142
253 146
132 121
111 78
37 33
0 1
9 0
70 25
160 68
238 115
279 142
269 144
216 123
136 85
56 42
3 9
0 0
48 13
132 54
218 101
273 138
279 148
238 132
164 97
80 56
15 19
0 0
27 5
105 39
193 85
259 128
283 150
255 142
189 111
105 68
33 29
0 3
11 0
76 25
167 70
244 117
281 146
267 148
212 123
132 82
52 41
1 9
0 0
54 17
138 58
222 105
275 140
279 152
236 138
164 111
74 60
1 3
0 0
31 0
115 41
201 95
261 132
281 142
251 132
187 109
101 76
29 35
0 3
15 0
83 25
171 76
246 123
281 146
265 142
208 115
126 78
46 41
0 9
1 0
58 17
146 58
228 107
9 142
275 150
228 130
152 91
68 50
1 15
0 0
37 9
117 44
205 91
267 132
281 152
248 138
177 105
95 62
27 25
0 3
17 5
87 31
179 78
251 123
281 150
261 146
203 119
121 76
42 35
0 5
3 0
64 21
152 64
232 109
279 144
277 152
232 138
150 101
58 46
0 0
0 0
41 0
123 44
208 95
267 132
281 146
246 136
173 107
89 68
21 27
0 3
21 3
95 35
183 82
253 125
281 148
257 140
197 111
115 72
39 33
0 5
5 0
70 23
158 66
236 115
279 144
271 148
220 126
140 87
58 44
3 13
0 0
44 13
128 50
214 99
271 136
279 152
240 134
167 99
83 58
17 21
0 1
25 5
101 37
189 83
250 125
283 148
257 144
193 115
109 72
35 29
0 3
9 3
74 27
164 68
242 115
281 146
269 152
216 128
140 93
60 54
0 9
0 0
42 0
136 42
224 105
23 144
277 148
236 126
164 91
80 58
15 27
0 7
29 7
107 35
197 85
11 132
281 152
251 140
187 105
103 64
29 27
0 3
13 1
80 27
169 70
244 117
281 146
267 150
210 123
128 80
50 37
1 7
1 1
54 17
140 54
226 103
7 140
277 152
230 132
156 93
74 50
11 15
0 0
33 9
109 42
201 89
15 130
281 150
250 140
173 109
93 66
27 25
0 1
17 5
78 33
46 78
240 121
31 146
267 148
208 126
130 91
44 44
0 1
0 0
58 5
148 54
230 107
275 140
275 146
228 125
152 93
68 54
9 21
0 1
39 11
119 46
205 95
265 134
279 150
246 136
175 101
89 58
21 23
0 1
21 5
91 35
181 78
253 125
283 150
261 148
199 117
117 74
41 33
0 5
5 1
64 23
154 62
234 109
279 142
273 150
222 126
144 87
62 44
5 11
0 0
42 13
126 48
212 97
269 134
279 150
244 138
169 103
85 58
19 21
0 0
15 5
97 37
187 82
5 125
283 150
259 146
195 117
113 74
42 42
0 13
0 0
60 1
158 48
242 111
281 152
269 150
216 119
140 80
60 44
5 21
0 7
46 17
130 48
216 95
271 138
279 154
238 136
164 95
80 50
15 17
0 1
27 9
103 39
193 82
259 126
283 152
255 146
189 113
105 66
33 27
0 3
11 3
76 27
166 70
244 115
281 146
267 148
212 125
132 83
52 41
1 9
0 0
52 17
138 56
222 103
273 138
277 150
234 134
158 97
74 52
13 15
0 0
31 7
111 42
199 91
263 130
283 152
251 142
185 111
105 74
33 39
0 3
1 0
74 9
171 62
250 117
281 148
263 144
208 115
130 78
50 42
1 15
1 5
58 19
144 54
226 103
273 140
275 150
230 130
152 89
68 44
9 13
0 1
35 11
115 44
203 89
265 130
281 150
248 142
179 109
95 64
25 23
0 1
17 5
87 33
177 76
251 121
283 148
263 146
203 119
121 76
44 35
0 7
5 1
62 23
150 62
232 109
277 142
273 150
224 130
148 89
64 46
7 11
0 0
39 11
121 46
210 95
19 126
281 152
244 140
173 105
91 62
25 29
0 15
15 5
82 17
52 58
5 113
285 152
261 150
197 115
115 66
33 29
0 9
7 11
68 29
0 64
236 107
279 142
271 152
220 130
140 85
58 39
5 7
0 0
42 15
128 52
216 97
271 134
279 150
240 138
167 103
83 58
17 19
0 0
23 5
99 39
189 83
257 126
281 148
257 142
193 115
109 72
35 31
0 3
9 1
74 27
162 70
240 113
281 144
271 148
214 126
134 85
56 41
3 9
0 0
48 17
132 54
220 101
273 138
279 152
236 134
164 99
82 58
21 29
0 9
19 1
95 23
193 70
263 123
281 150
251 142
185 105
105 62
33 27
0 7
13 9
80 31
169 70
244 115
281 146
267 150
210 123
128 78
50 35
1 5
1 0
54 17
140 56
226 103
275 138
277 152
232 134
156 97
74 52
11 15
0 0
33 9
113 44
201 91
263 130
281 148
250 140
181 109
97 66
27 25
0 1
15 3
83 31
48 66
248 119
31 146
265 146
207 119
125 80
46 37
0 7
3 0
60 19
146 60
228 107
277 140
275 150
228 132
150 93
68 50
1 17
1 11
39 21
107 39
195 70
265 113
285 146
248 146
173 109
91 56
25 15
0 1
21 13
89 42
179 80
253 119
283 144
261 146
199 121
117 76
42 31
0 1
3 0
64 25
154 66
234 111
279 142
273 150
218 130
146 91
62 46
5 11
0 0
42 11
125 48
203 97
19 134
279 148
242 136
171 103
87 60
19 21
0 0
23 3
97 37
187 83
5 126
283 150
259 140
197 115
113 64
39 33
0 5
1 1
70 23
0 66
238 115
21 146
269 140
126 125
140 89
60 48
7 19
3 11
42 17
119 42
83 82
21 125
251 146
238 128
164 97
64 50
19 15
0 3
27 15
101 44
191 85
9 126
283 150
251 144
189 115
105 68
33 25
0 0
9 1
74 27
166 70
242 115
281 144
269 146
212 125
132 83
54 41
3 9
0 0
52 17
138 56
222 103
273 140
277 150
234 132
160 95
76 52
13 17
0 0
31 9
109 41
199 87
263 130
283 150
251 142
185 109
101 66
29 27
0 3
13 1
82 29
173 74
248 121
281 148
265 146
210 123
128 82
48 41
0 11
7 7
62 31
138 60
214 89
269 117
277 138
232 134
152 99
70 48
11 7
0 0
37 15
115 54
203 97
263 128
281 146
248 140
177 111
93 66
25 23
0 0
17 0
87 33
177 80
250 123
281 146
263 144
205 119
123 80
44 37
0 7
3 0
60 19
148 62
230 109
277 142
275 148
226 128
148 89
64 44
9 13
0 0
39 11
121 46
208 95
269 136
281 152
244 138
173 103
91 60
23 23
0 1
19 5
93 35
183 78
253 123
283 148
261 146
199 119
117 76
41 35
0 9
15 13
68 33
146 62
224 93
275 125
273 140
222 128
140 89
60 41
7 5
1 0
46 19
126 58
214 101
271 134
279 148
240 136
166 103
83 56
17 17
0 0
23 3
99 37
191 85
257 128
281 150
257 142
195 113
111 72
35 31
0 3
9 1
72 25
162 68
240 113
279 144
269 148
216 125
136 85
56 42
3 11
0 0
48 15
132 52
218 99
273 136
279 150
236 134
164 99
80 54
15 19
0 0
29 7
105 39
195 85
261 128
283 150
253 144
187 113
105 70
33 31
0 3
13 5
83 41
167 82
234 109
269 123
265 128
214 119
130 85
50 41
1 3
1 0
56 19
142 66
224 115
275 142
275 146
232 128
156 97
72 54
11 17
0 0
33 3
111 41
201 91
263 132
281 150
251 138
183 107
97 66
29 27
0 3
15 1
83 31
173 76
248 121
281 148
265 148
207 121
125 78
46 37
0 7
1 0
58 19
146 60
230 107
277 142
275 150
228 130
152 91
68 50
9 15
0 0
37 11
119 46
205 93
265 132
283 150
248 140
177 107
93 64
25 25
0 5
23 13
95 42
173 80
242 111
277 132
261 134
203 115
119 76
41 33
0 1
7 0
66 25
154 70
234 117
279 144
273 146
224 126
146 91
62 48
5 13
0 0
41 9
125 46
210 97
267 136
279 150
244 136
171 103
87 60
19 23
0 1
23 3
95 35
185 82
255 125
283 150
259 144
197 115
113 72
37 31
0 3
7 1
70 25
160 68
238 113
279 146
271 150
220 126
140 87
58 44
3 11
0 0
46 15
130 54
216 99
271 136
279 150
240 136
166 101
82 58
17 21
0 1
27 9
105 44
197 97
255 128
271 134
248 121
191 99
111 72
35 37
0 3
9 0
78 21
167 74
242 125
279 152
269 146
214 121
134 83
52 42
1 11
0 0
50 11
136 50
220 101
273 140
277 150
236 132
160 95
78 54
13 19
0 3
31 9
107 41
197 87
263 130
283 150
251 142
185 107
101 66
29 27
0 3
13 3
80 29
171 74
246 119
281 148
267 148
210 121
128 80
48 37
0 7
1 0
58 19
144 60
226 107
275 140
277 150
232 134
154 95
70 50
11 15
0 1
37 13
121 54
205 99
255 126
271 134
244 125
181 101
97 64
25 25
0 0
17 0
89 31
179 82
250 128
281 150
265 146
205 119
123 80
44 39
0 7
3 0
60 17
148 60
228 107
279 140
275 150
226 130
148 91
66 48
7 15
0 1
39 13
121 46
208 93
267 134
281 152
244 138
173 103
89 58
25 25
0 3
19 5
91 35
183 80
253 125
283 148
261 146
199 117
117 74
41 33
0 5
7 1
68 23
154 66
236 111
279 142
273 150
222 128
142 89
60 46
5 13
0 1
44 17
126 54
218 109
271 146
269 144
230 115
166 80
89 54
21 27
0 3
21 0
101 29
193 82
259 136
281 160
257 146
193 111
111 68
35 31
0 7
7 1
70 21
162 62
240 111
281 148
269 152
216 126
136 83
56 41
3 11
0 3
48 17
132 50
218 99
271 136
279 150
238 136
164 99
80 54
15 17
0 0
29 9
105 41
193 85
261 126
283 150
255 142
189 113
105 68
33 27
0 1
11 3
78 29
167 72
244 117
281 146
269 148
212 125
130 82
52 39
1 9
1 1
54 21
144 62
228 115
269 144
265 140
224 115
156 82
76 48
11 17
0 0
33 3
113 41
203 91
263 138
281 154
251 142
183 107
99 64
27 25
0 3
15 1
82 27
171 72
248 119
281 148
265 148
207 121
126 78
48 37
0 7
3 1
58 21
146 60
228 107
277 140
275 150
228 132
152 93
70 50
9 15
0 0
37 11
119 46
205 93
265 132
281 150
248 140
177 109
93 64
25 25
0 1
19 5
89 33
177 76
253 121
283 148
263 146
201 119
121 78
44 37
0 9
5 3
62 23
152 66
238 117
283 156
267 152
212 113
140 66
64 33
9 15
0 5
39 13
123 42
212 89
271 138
281 160
244 144
171 103
87 56
19 19
0 3
21 9
95 37
185 78
255 121
281 148
259 146
197 115
115 72
39 31
0 5
7 1
70 25
158 66
238 113
279 142
271 148
220 126
140 87
58 41
5 9
0 0
46 15
130 52
214 99
271 136
279 150
240 136
166 101
82 56
17 19
0 1
25 7
101 39
191 85
259 126
281 148
255 142
191 113
109 72
35 31
0 5
9 3
76 27
166 72
250 126
283 156
259 144
205 109
130 68
56 35
3 9
0 1
50 13
136 50
222 99
275 144
279 158
236 138
162 97
78 50
13 17
0 3
29 9
107 39
197 83
261 126
281 150
253 142
187 111
103 66
31 27
0 3
11 1
82 29
171 74
246 119
281 146
265 146
210 123
128 82
48 39
0 7
1 0
56 19
142 58
226 105
275 140
277 150
232 132
154 95
72 50
11 13
0 1
35 11
113 44
201 91
265 132
283 150
250 142
181 107
97 64
27 25
0 3
17 3
85 33
177 78
251 123
287 158
265 156
189 113
115 56
41 17
1 1
5 5
58 25
146 56
232 99
281 140
277 160
226 140
148 95
68 44
9 11
0 1
37 15
117 46
208 89
267 128
281 148
244 138
175 107
91 60
23 21
0 0
19 5
91 37
183 80
3 123
281 146
253 144
199 117
119 78
41 35
0 5
5 0
66 21
21 64
236 111
21 146
273 150
125 128
142 87
60 46
5 13
0 0
42 13
126 50
214 97
271 138
279 152
242 136
169 101
87 58
19 23
0 3
23 7
99 39
189 85
261 132
287 162
253 148
183 105
103 54
35 15
0 0
9 3
70 25
0 62
234 109
33 146
271 156
216 132
136 85
58 41
3 9
0 1
46 17
130 50
218 97
273 134
277 152
236 136
164 99
82 54
15 17
0 0
27 9
105 41
193 85
259 126
281 150
253 144
189 113
105 70
33 29
0 3
11 3
76 29
166 70
244 117
281 146
269 148
212 123
132 82
52 41
1 11
0 1
52 17
138 54
224 103
275 140
277 152
234 134
158 97
76 54
13 17
0 1
33 9
111 42
199 89
263 132
285 154
257 154
179 113
89 50
21 3
0 0
17 5
83 37
171 74
248 111
285 142
267 152
208 130
125 87
48 37
0 3
3 0
56 21
142 62
228 105
275 136
275 146
230 130
152 95
68 50
9 13
0 0
37 11
117 50
205 95
265 132
281 150
250 140
177 107
93 64
23 23
0 0
17 3
87 33
177 78
251 123
283 148
263 146
203 119
121 76
42 37
0 7
3 0
62 21
152 62
232 109
277 142
275 148
226 128
148 91
64 48
7 13
0 0
41 13
123 50
210 97
271 138
287 160
246 148
164 103
78 46
15 5
0 0
23 3
93 35
183 78
257 119
285 148
261 148
197 123
115 76
39 31
0 3
7 3
66 27
156 66
236 111
279 140
271 146
220 126
140 87
58 44
5 9
0 0
44 15
128 52
214 99
271 136
279 150
240 136
167 101
82 56
17 17
0 0
25 5
101 37
191 85
259 128
283 150
257 144
193 113
109 72
35 33
0 5
9 1
74 25
164 70
242 117
281 146
269 148
216 125
134 83
54 41
1 9
0 0
50 17
136 56
220 103
273 138
279 152
242 146
164 111
68 50
3 0
0 0
33 1
109 46
187 91
259 125
283 140
255 140
189 119
103 78
29 31
0 0
13 0
80 29
169 78
244 121
279 142
267 140
210 119
128 82
48 41
1 7
1 0
54 17
140 58
224 107
275 142
277 150
232 132
154 95
72 52
11 17
0 1
33 9
109 41
203 89
265 132
281 150
250 138
181 107
97 64
27 27
0 1
15 1
85 29
175 76
250 123
281 148
265 146
207 121
125 80
44 39
0 7
3 0
60 19
148 62
230 109
29 144
279 156
236 144
146 95
56 39
0 0
0 0
41 7
119 46
205 93
265 128
283 146
248 140
177 113
93 68
23 25
0 0
19 1
91 35
181 82
251 123
281 142
253 140
201 117
119 76
41 33
0 5
0 0
64 23
154 66
234 113
21 142
273 148
218 126
142 87
62 46
0 13
0 1
41 13
125 48
205 97
19 136
279 152
242 138
169 103
87 58
19 21
0 1
23 5
97 37
187 82
0 125
283 150
257 146
195 115
111 72
31 29
0 3
1 3
72 27
3 68
240 113
31 146
271 152
126 132
125 99
46 48
0 0
0 0
48 0
136 54
218 109
269 138
279 142
240 128
167 103
82 66
15 27
0 0
27 1
103 37
191 87
257 130
283 148
255 138
189 107
105 68
33 31
0 7
11 3
76 27
166 70
244 117
281 146
267 148
212 123
132 82
52 41
1 11
0 0
50 15
136 54
222 103
273 140
277 150
234 134
158 97
76 52
13 17
0 0
31 9
109 42
199 89
263 128
281 150
251 142
185 111
99 66
29 25
0 1
15 3
82 31
171 76
248 121
283 148
267 150
214 128
128 89
41 37
0 0
0 0
58 9
146 60
226 109
273 140
275 146
232 130
156 99
70 58
9 21
0 0
37 7
117 44
203 95
263 134
281 150
248 136
177 105
93 62
25 25
0 1
19 3
89 33
177 78
251 123
283 150
263 146
203 117
121 76
42 35
0 5
3 0
62 21
150 62
232 109
277 142
273 148
226 128
148 91
66 48
5 13
0 0
41 13
121 48
208 93
269 134
281 152
244 138
173 105
89 60
21 21
0 1
21 5
93 35
183 82
255 125
283 150
261 146
197 119
121 85
42 44
0 1
0 0
64 1
160 58
240 119
277 150
269 144
220 117
144 83
62 52
5 23
0 3
44 9
130 46
214 101
269 142
279 154
240 132
167 95
82 54
17 21
0 3
25 7
101 35
189 82
257 128
283 152
255 146
193 113
109 68
35 29
0 3
9 1
74 25
164 68
242 115
279 144
269 148
216 125
136 83
54 41
1 9
0 0
50 17
134 54
220 101
273 136
279 150
236 132
162 97
80 54
15 19
0 1
29 7
105 41
195 85
263 128
283 152
255 146
191 117
111 80
29 35
0 0
3 0
78 13
171 66
246 117
279 144
267 140
212 119
132 83
50 44
0 13
1 1
54 17
140 56
222 105
273 140
275 150
230 128
156 91
72 50
11 17
0 1
33 7
113 41
203 89
265 132
281 152
250 140
181 107
99 64
27 25
0 3
15 3
83 29
173 74
248 119
281 148
265 148
207 121
125 78
44 37
0 7
1 1
60 21
148 62
228 109
277 142
275 150
228 132
150 91
68 48
9 15
0 0
37 11
119 46
207 93
267 134
283 152
246 138
175 105
97 68
29 39
0 9
7 0
15 1
56 62
5 123
283 156
251 148
138 111
121 70
44 37
0 15
5 9
64 23
27 58
234 107
29 144
271 154
222 128
144 83
62 41
5 11
0 1
33 15
125 48
142 95
15 134
279 152
242 138
171 103
87 58
19 21
0 1
23 5
97 35
187 82
255 125
283 148
259 144
197 115
113 72
37 31
0 3
9 1
70 25
158 68
238 113
281 144
271 150
218 126
138 85
58 42
3 9
0 0
46 17
130 54
218 101
271 138
279 152
240 138
167 103
87 66
17 29
0 0
15 0
99 23
193 78
259 126
281 150
253 140
191 107
109 68
37 35
0 13
11 7
76 27
164 66
242 115
281 148
269 150
212 123
132 78
52 37
1 9
0 1
50 17
138 54
222 101
273 138
277 152
234 134
160 97
76 52
13 15
0 0
31 9
109 42
197 87
261 126
283 150
253 142
185 111
101 66
29 27
0 3
13 5
80 31
169 72
248 117
283 146
265 148
208 123
126 80
48 37
0 7
1 0
56 19
144 58
228 107
275 140
275 150
230 130
154 95
72 52
15 25
0 11
27 5
105 23
199 70
267 125
285 156
248 144
177 101
97 54
29 23
0 9
17 13
87 35
177 72
251 117
283 148
263 150
203 121
121 72
44 29
0 1
3 0
62 23
150 64
232 107
279 140
275 152
226 132
148 95
64 46
5 9
0 0
39 11
121 48
208 95
267 132
281 150
244 138
173 105
89 60
21 21
0 1
21 7
93 37
183 80
253 123
281 148
261 146
199 117
117 76
41 33
0 5
7 1
68 25
156 66
236 111
279 144
273 150
222 128
142 91
64 50
11 25
0 5
33 5
119 35
212 83
273 130
279 152
238 134
166 95
85 50
21 21
0 9
23 13
99 39
189 82
257 125
281 150
255 146
191 113
109 68
35 27
0 1
7 1
74 25
162 68
240 113
279 144
269 150
216 126
136 85
54 41
3 9
0 0
48 15
134 54
218 101
273 136
279 150
236 134
162 99
80 54
15 17
0 0
27 7
105 39
195 85
261 128
281 150
253 142
187 111
105 68
31 29
0 1
11 1
78 27
169 72
244 119
279 144
267 146
205 123
132 83
50 42
5 13
7 13
52 23
128 42
214 80
25 125
281 150
234 140
154 95
74 44
0 11
0 3
33 19
111 48
68 89
15 126
281 148
250 142
181 111
93 66
27 21
0 0
15 3
83 35
173 78
248 119
31 146
265 148
203 125
125 82
46 37
0 5
3 0
58 19
146 60
228 107
277 142
275 150
228 130
150 93
68 50
9 15
0 0
37 9
119 46
207 95
267 134
281 152
246 138
177 107
93 64
23 25
0 1
19 3
89 33
179 78
251 123
281 148
263 146
203 119
117 76
44 37
5 15
1 11
56 21
140 48
220 91
279 132
275 148
218 128
144 85
64 41
9 11
0 5
42 21
123 54
210 95
269 132
279 148
242 138
171 103
87 58
19 19
0 0
23 5
97 37
185 83
255 125
283 148
259 144
197 117
113 72
39 31
0 5
7 1
70 25
158 66
238 111
279 144
271 148
218 126
138 87
58 42
3 11
0 0
44 13
130 52
216 99
271 138
279 150
240 134
166 101
82 56
15 19
0 0
25 5
103 39
193 85
259 128
281 150
255 142
191 113
107 72
35 31
0 7
15 11
76 37
154 62
232 93
277 126
271 142
216 130
132 87
52 37
3 1
1 0
52 25
136 64
220 105
273 134
275 142
236 132
160 101
76 56
11 13
0 0
31 5
109 42
197 89
261 128
283 148
251 138
185 111
101 68
31 29
0 3
13 1
80 27
171 74
246 119
281 146
265 144
203 121
128 82
48 41
0 9
1 0
56 17
142 58
226 107
9 140
277 148
138 130
154 93
72 52
9 17
0 0
35 11
37 44
78 91
15 132
251 150
250 140
179 107
95 64
29 27
0 9
23 15
82 35
166 66
242 103
281 134
265 142
205 119
121 76
44 29
1 1
5 1
62 27
148 68
230 109
277 140
275 148
226 130
148 93
64 46
5 9
0 0
39 9
121 48
207 97
267 134
281 150
246 138
175 105
89 62
23 23
0 1
19 3
93 33
181 80
253 123
281 148
259 142
199 115
119 76
41 35
0 5
5 0
68 21
156 64
234 111
277 142
273 148
222 128
142 87
60 44
5 11
0 0
42 13
126 50
212 97
271 136
281 152
242 138
169 103
85 58
19 21
0 3
27 11
103 50
185 87
246 113
275 126
257 128
197 113
111 78
35 31
0 0
11 0
76 27
164 78
240 123
279 144
271 142
216 123
136 87
54 46
1 9
0 0
48 11
132 52
218 101
273 140
279 150
238 132
164 97
80 56
15 21
0 0
27 3
105 37
195 87
259 130
281 152
253 140
189 111
105 68
33 31
0 3
11 1
78 27
167 70
244 117
281 146
267 146
210 123
132 82
52 41
1 9
0 1
54 17
138 56
222 103
275 138
279 150
234 134
158 95
76 52
13 17
0 5
37 19
113 52
191 87
251 117
277 132
251 132
185 107
99 66
25 21
0 0
17 1
85 35
173 82
240 123
31 146
265 144
207 121
125 82
46 39
0 5
1 0
58 15
146 60
228 109
277 144
275 150
228 130
152 91
70 50
9 15
0 0
37 9
117 44
205 93
265 134
281 152
248 138
177 105
93 62
23 23
0 1
19 3
89 33
179 78
251 121
281 146
263 146
201 119
119 76
42 33
0 5
5 0
64 21
150 62
232 109
279 142
273 150
224 128
146 89
64 48
9 15
0 3
41 15
128 60
212 109
259 130
269 128
234 119
175 97
89 64
19 25
0 0
23 0
97 35
187 87
5 132
281 152
259 140
197 111
113 64
37 35
0 5
0 0
68 17
158 62
238 113
21 146
271 150
218 125
140 83
52 44
5 15
0 1
46 13
128 48
144 97
21 138
279 152
240 136
167 99
82 54
17 19
0 1
25 7
101 37
189 83
259 126
283 150
255 144
191 113
107 70
35 29
0 5
9 3
74 27
166 70
242 115
281 146
269 150
214 125
134 85
56 42
3 11
0 1
54 21
142 68
216 105
263 130
271 134
234 121
162 91
76 52
11 15
0 0
33 5
111 44
197 93
261 134
281 150
251 138
185 109
101 68
29 29
0 1
11 0
80 25
169 72
246 119
281 146
265 146
208 121
128 80
50 41
1 9
1 0
54 17
142 56
224 103
275 138
277 150
232 132
154 95
72 50
9 15
0 0
35 9
113 44
201 89
265 130
283 150
250 142
179 109
97 64
27 25
0 1
15 5
85 31
175 76
250 121
281 148
263 146
205 119
123 78
46 37
0 9
3 1
62 23
152 68
238 123
273 148
263 134
218 107
150 78
70 48
7 19
0 0
37 1
123 41
210 97
267 142
281 158
246 138
175 99
89 58
21 25
0 3
17 3
91 29
181 76
253 123
283 150
259 146
201 115
117 72
41 33
0 7
5 1
66 23
154 64
234 109
277 142
273 150
222 128
142 87
62 42
5 11
0 1
42 15
125 50
212 95
15 126
279 150
242 136
169 101
87 58
19 21
0 1
23 5
97 37
187 82
0 125
283 150
257 144
195 115
111 74
37 31
0 5
1 1
70 29
42 78
242 123
21 140
251 134
212 109
138 78
56 41
1 9
0 0
48 9
7 52
218 105
7 144
279 154
238 134
164 97
80 56
13 21
0 1
25 3
103 35
193 83
259 128
281 150
253 140
191 109
105 68
33 29
0 3
11 3
78 27
166 70
242 115
281 148
269 150
212 125
132 82
52 39
1 9
0 0
52 17
138 56
222 101
275 138
277 150
234 134
158 97
74 52
13 17
0 0
31 9
111 42
199 89
263 130
281 150
250 140
185 109
101 68
29 29
0 3
15 3
83 33
173 78
251 128
283 156
257 140
197 99
123 60
50 31
3 13
1 3
56 13
144 50
230 103
279 148
275 160
228 134
152 89
70 44
9 13
0 1
35 11
117 42
205 87
265 130
281 152
248 142
177 107
95 60
25 21
0 1
17 5
89 35
177 78
250 119
281 146
263 146
203 119
121 76
42 33
0 3
5 0
62 21
150 62
234 109
279 144
273 150
224 130
146 91
64 48
7 13
0 0
41 11
123 48
210 95
269 134
281 150
244 138
173 103
89 60
21 23
0 1
23 7
97 39
187 85
261 138
279 154
248 134
189 99
113 60
41 29
0 5
5 0
68 17
158 62
240 115
279 150
271 152
220 126
140 85
60 44
3 13
0 0
44 11
128 48
214 95
271 136
279 150
240 136
167 99
82 56
17 19
0 1
27 9
99 39
189 83
257 126
283 150
257 144
191 115
107 70
35 29
0 3
9 1
74 27
164 70
242 115
281 146
269 148
214 125
134 83
56 42
1 9
0 0
50 15
136 54
220 101
273 138
277 150
236 134
162 99
78 56
13 19
0 1
29 9
107 42
195 87
265 132
287 162
250 146
175 95
95 42
31 11
0 3
13 9
78 29
169 64
248 111
283 148
267 156
208 126
128 80
50 35
1 7
0 1
52 19
140 56
224 101
275 136
275 148
232 134
156 97
72 50
11 13
0 0
33 11
113 46
201 91
265 130
281 148
248 138
181 107
99 66
27 25
0 0
15 1
85 31
175 76
250 121
281 148
263 146
205 119
125 80
44 39
0 7
3 0
60 19
148 60
230 107
277 140
275 148
228 130
150 91
66 48
7 13
0 0
41 11
121 50
208 99
273 144
283 160
238 138
166 91
87 44
23 13
0 0
17 3
89 29
183 74
255 123
285 152
261 150
201 121
119 74
41 33
0 5
3 1
64 23
152 62
234 105
279 140
273 150
222 130
144 89
62 44
7 11
0 1
42 15
125 50
212 95
269 134
279 150
242 136
169 103
85 58
19 21
0 1
23 5
97 37
187 83
255 126
281 146
257 142
197 115
113 74
37 33
0 5
9 0
72 25
160 68
238 113
279 144
271 150
218 125
138 85
56 42
3 11
0 1
48 15
132 54
218 101
273 138
285 162
240 146
156 93
70 37
11 0
0 0
29 9
105 42
193 83
261 123
285 148
257 150
191 121
105 74
31 27
0 0
11 1
76 29
166 72
242 113
279 140
269 144
205 125
132 85
52 41
1 7
0 0
52 17
128 58
222 103
25 138
277 150
234 134
158 97
76 54
13 17
0 0
31 7
111 42
199 89
11 130
281 150
251 140
183 109
101 66
29 29
0 3
13 3
82 29
46 74
248 119
31 146
267 148
142 121
125 78
48 37
1 9
3 1
58 19
144 58
230 107
281 146
283 166
226 134
142 83
62 33
1 1
0 0
35 11
115 42
203 87
267 128
283 152
250 146
179 113
95 64
25 23
0 0
17 3
85 33
177 76
250 119
281 144
263 144
203 119
121 78
42 35
0 5
3 0
62 21
150 62
232 109
277 142
275 150
224 128
146 91
66 48
7 13
0 0
41 11
123 48
208 95
267 132
281 150
246 138
173 105
89 62
21 23
0 1
21 5
93 35
183 80
253 123
283 148
259 144
197 115
115 72
41 33
0 7
7 3
68 25
156 66
238 113
279 146
275 156
224 140
138 91
48 29
0 0
0 0
48 15
128 58
212 97
271 128
283 144
244 140
169 111
82 64
17 19
0 0
25 3
99 39
189 85
257 125
281 144
257 138
193 111
109 72
35 31
0 3
7 0
74 25
164 68
242 117
281 146
269 148
216 125
136 83
56 42
1 11
0 0
48 13
134 52
220 101
273 138
279 150
238 134
162 97
78 54
13 17
0 1
29 7
105 41
195 85
259 128
283 150
253 144
187 113
103 68
31 29
0 5
13 3
78 29
169 74
246 119
283 148
273 156
212 130
123 78
41 25
0 0
1 0
56 17
138 58
222 101
275 134
279 150
234 138
156 103
72 54
11 13
0 0
33 11
111 46
199 89
263 128
281 146
250 138
181 107
97 66
27 25
0 1
15 1
83 31
175 76
250 121
281 146
263 144
205 119
125 78
46 39
0 9
3 0
60 19
146 58
230 107
277 142
275 150
228 130
150 91
68 48
9 13
0 0
37 11
119 46
207 93
267 132
281 150
246 140
175 105
93 62
25 23
0 1
17 3
91 35
181 82
253 126
283 150
261 146
207 128
121 87
33 31
0 0
0 0
68 15
156 70
232 117
275 138
275 142
226 126
146 97
62 54
5 15
0 0
42 9
123 50
210 101
17 136
281 148
244 132
169 101
85 60
19 23
0 0
23 3
97 35
185 82
255 126
283 150
257 142
195 113
113 72
37 33
0 3
7 0
70 23
158 66
238 113
21 144
271 148
218 126
138 85
56 41
5 11
0 1
46 15
130 52
216 99
271 136
279 150
238 136
166 101
82 56
17 19
0 1
27 7
103 41
193 87
259 128
283 152
259 148
199 125
103 74
21 19
0 0
9 0
78 21
156 70
242 115
281 142
271 144
216 126
134 91
52 46
1 11
0 0
50 15
126 54
220 103
273 138
277 146
234 130
160 95
78 54
13 17
0 0
31 7
111 42
197 91
261 130
281 148
251 140
185 109
101 68
29 27
0 1
13 1
82 29
171 72
246 119
31 146
267 146
208 121
126 80
48 39
0 7
1 0
56 17
142 56
226 105
11 140
275 150
132 130
154 93
72 50
9 15
0 0
37 9
117 46
205 93
265 132
281 150
250 142
183 115
101 80
21 29
0 0
9 0
87 17
181 78
250 126
281 146
263 138
207 113
125 80
44 44
0 15
3 0
60 15
148 58
232 111
277 146
273 150
224 125
148 85
66 48
7 17
0 1
39 11
123 44
208 93
267 136
281 154
244 138
173 103
89 58
21 21
0 1
21 5
93 35
183 80
253 123
283 150
259 146
199 117
117 74
41 35
0 7
5 1
66 23
156 64
236 113
279 144
271 150
220 125
142 85
60 44
5 13
0 0
44 13
128 50
214 99
271 136
281 150
244 138
175 111
85 66
9 17
0 0
21 0
93 31
191 83
5 126
281 144
251 138
197 113
111 76
35 39
0 7
9 1
72 23
162 68
240 117
279 146
269 146
216 121
136 82
54 42
1 11
0 0
48 13
132 52
218 101
273 140
279 154
238 134
162 97
80 52
15 19
0 1
27 7
105 39
193 83
253 128
281 150
253 142
187 109
105 66
33 29
0 3
11 1
78 27
169 72
244 119
281 146
267 146
203 121
130 82
52 41
1 9
0 0
54 17
140 56
224 103
25 140
277 152
232 134
158 97
78 62
13 27
0 0
21 0
107 23
203 83
267 136
281 156
250 136
183 99
101 62
29 33
0 13
13 5
82 25
175 70
248 121
29 152
261 146
207 115
126 74
46 35
0 9
1 1
60 19
146 58
230 107
11 142
275 152
228 132
152 91
68 46
1 11
0 0
37 11
119 48
205 93
17 125
250 150
179 140
177 105
93 62
25 23
0 1
17 5
89 35
179 80
251 123
281 148
261 146
203 119
119 78
42 35
0 5
5 0
64 21
152 64
234 111
279 144
275 152
226 132
148 97
68 56
3 17
0 0
33 0
123 35
212 91
269 136
279 148
242 130
173 97
91 60
21 27
0 5
21 5
97 33
185 80
253 126
281 150
257 142
195 111
113 68
37 31
0 5
7 1
70 23
160 66
238 113
279 146
271 150
218 125
140 85
58 42
3 13
0 1
46 13
130 50
216 97
271 138
279 152
238 136
166 99
82 56
17 19
0 0
25 5
103 39
193 85
259 128
281 150
255 142
191 113
107 70
33 29
0 3
11 1
76 27
166 70
242 115
281 146
269 150
214 125
134 83
58 46
9 23
0 3
39 1
126 29
222 87
277 140
277 158
232 134
162 89
80 48
17 23
0 9
29 15
107 41
197 83
261 128
281 152
251 144
185 109
101 62
29 23
0 3
13 5
80 31
169 72
248 115
281 146
267 150
208 125
126 80
48 37
0 5
3 0
56 19
142 60
226 105
275 138
277 150
230 132
154 93
72 50
11 15
0 0
35 11
115 46
203 91
265 132
281 150
250 140
181 109
95 64
25 25
0 1
17 3
85 33
175 76
251 121
283 150
265 148
205 121
125 82
52 46
0 17
0 0
48 5
144 44
232 99
279 142
273 150
224 126
150 85
68 46
9 19
0 5
39 15
121 46
207 89
267 132
281 152
244 140
173 103
89 58
21 21
0 1
21 5
93 35
181 78
253 123
283 148
261 146
199 119
117 76
41 33
0 5
5 1
66 23
156 66
236 111
279 144
273 150
222 126
142 87
60 44
5 11
0 0
44 15
126 50
214 97
271 136
281 150
242 136
169 101
83 56
19 19
0 1
25 7
97 39
187 83
257 126
283 150
257 146
195 117
111 74
37 33
1 13
9 11
62 17
150 44
238 95
283 140
271 156
216 128
136 80
58 35
5 9
0 9
48 25
132 56
218 95
271 132
279 152
236 138
162 99
80 50
15 11
0 0
27 9
103 42
193 85
261 125
283 148
255 144
189 115
105 70
33 29
0 3
11 1
78 29
167 72
244 117
281 144
267 146
212 125
130 83
50 41
1 7
1 0
54 17
138 58
224 105
275 138
277 150
234 132
158 95
74 52
11 15
0 0
33 9
111 42
199 89
265 130
283 150
251 142
183 111
101 68
31 31
0 11
9 5
72 19
167 58
248 107
283 144
265 148
205 119
126 74
48 33
1 9
3 7
58 25
144 60
228 103
277 138
275 152
228 134
150 91
68 46
9 11
0 0
35 13
117 46
205 91
267 130
281 150
246 140
177 109
95 62
25 23
0 0
17 1
89 33
179 78
251 121
281 146
263 146
203 119
121 78
42 35
0 5
5 0
64 21
150 64
232 111
279 144
275 150
224 130
146 91
64 46
7 13
0 0
41 13
123 48
210 95
269 134
281 152
244 138
173 105
89 60
21 25
0 7
27 19
89 39
173 64
248 99
283 134
261 146
197 123
113 72
37 23
0 0
11 7
70 35
158 74
236 111
279 138
271 146
216 128
138 89
58 42
3 7
0 0
44 13
128 54
216 101
271 136
279 148
240 134
167 103
82 60
17 21
0 0
25 5
101 39
191 85
257 128
283 148
255 142
191 113
109 72
33 29
0 1
11 1
76 27
164 70
240 115
281 144
271 148
214 126
134 85
54 42
3 11
0 0
50 15
136 54
220 103
273 138
277 150
236 134
162 99
78 56
15 21
1 9
31 17
97 39
185 72
257 113
285 142
253 142
185 111
101 62
31 21
0 1
15 7
80 37
169 76
246 117
281 144
267 148
208 123
126 80
48 35
0 3
1 0
54 19
142 60
226 105
275 140
277 150
230 132
156 95
72 54
9 17
0 0
33 9
115 44
203 93
263 132
281 150
250 140
181 107
97 64
27 25
0 1
17 5
85 33
175 76
250 121
283 148
263 146
205 119
123 78
44 37
0 7
1 0
60 21
150 62
230 109
277 142
275 150
228 132
150 95
68 50
7 17
0 1
44 23
121 58
197 87
255 111
279 130
250 134
177 111
89 64
21 17
0 0
23 3
93 44
181 89
251 125
283 144
263 142
199 119
117 78
41 35
0 1
5 0
66 19
154 66
236 113
279 142
273 146
222 126
142 89
62 48
5 11
0 0
44 13
126 50
212 99
269 136
281 150
242 136
169 101
83 58
19 21
0 1
23 5
97 37
187 82
257 126
283 150
257 144
193 115
111 72
37 31
0 3
9 1
72 25
162 68
240 113
279 144
271 148
218 126
138 87
56 44
3 11
3 5
52 27
128 56
207 89
265 121
279 138
240 130
164 99
78 52
15 15
0 0
31 11
105 46
193 91
259 130
283 148
255 140
187 113
105 70
31 27
0 0
11 0
76 25
167 72
242 117
281 144
269 146
214 125
132 85
50 42
1 9
1 0
54 17
138 58
222 105
275 138
279 150
234 132
158 95
74 52
13 17
0 0
31 7
111 41
199 89
263 132
281 152
251 140
183 109
99 66
27 27
0 1
15 3
83 31
173 76
248 121
281 146
267 148
208 123
126 82
46 39
1 7
3 1
62 27
150 72
220 107
265 125
269 128
230 119
154 97
70 56
9 15
0 0
37 5
119 50
207 101
265 138
279 146
246 132
179 105
95 68
23 27
0 0
17 0
89 29
179 78
251 125
283 150
263 142
203 117
121 78
42 37
0 7
5 1
62 19
150 60
234 109
279 146
275 152
224 128
146 87
64 46
7 15
0 1
41 11
123 46
210 95
269 136
281 152
244 138
173 103
89 60
21 23
0 0
21 3
95 35
185 82
255 125
283 150
259 144
197 115
115 74
41 35
0 7
9 7
76 35
158 74
228 107
3 128
267 132
218 119
140 85
58 42
3 7
0 0
48 13
130 56
216 107
21 140
279 150
240 126
167 103
66 60
15 19
0 0
25 1
103 39
62 85
7 126
283 148
257 142
187 113
109 70
35 31
0 5
1 1
74 25
37 68
234 115
31 146
269 148
214 123
134 83
54 41
0 11
0 0
50 15
1 54
220 101
7 138
279 150
236 136
162 99
62 54
13 17
0 0
29 9
107 42
197 87
261 128
283 150
253 142
187 113
103 68
29 29
0 3
13 5
80 31
173 82
248 126
271 138
255 126
207 103
132 76
52 44
0 13
0 0
56 9
144 58
226 115
275 150
275 154
232 128
156 93
72 52
9 19
0 1
33 5
113 39
201 89
263 132
283 152
250 140
181 107
97 64
27 25
0 3
17 5
85 31
175 74
250 119
283 148
263 146
205 119
123 76
44 35
0 7
3 1
60 21
146 60
230 107
277 142
273 150
226 130
150 91
68 46
9 13
0 0
37 11
119 46
207 91
267 130
283 150
248 140
175 107
91 62
25 25
0 3
21 9
95 41
187 91
248 126
271 136
253 128
201 105
119 72
41 35
0 3
5 0
68 19
156 66
234 117
279 150
273 150
222 126
144 87
62 46
5 15
0 0
41 9
125 46
212 95
269 136
281 152
244 138
169 101
85 58
19 23
0 3
23 7
97 37
187 82
255 126
283 150
257 144
195 115
113 72
37 31
0 3
0 0
72 25
1 68
238 115
21 144
271 150
218 126
138 87
56 42
3 9
0 0
48 15
130 54
216 101
271 138
279 150
238 136
166 99
80 56
17 19
0 1
27 9
103 41
199 95
265 140
275 150
244 123
185 89
109 60
35 33
0 9
9 0
78 19
169 68
246 123
281 156
267 152
212 123
132 80
52 39
1 11
0 1
50 15
130 50
222 97
1 138
279 154
234 136
158 95
76 48
13 15
0 1
31 11
109 42
199 87
13 128
283 150
251 142
171 109
101 64
29 25
0 1
15 3
82 31
171 74
248 119
281 146
265 148
208 123
126 80
48 37
0 7
1 0
56 19
142 58
228 107
277 142
277 152
230 132
154 95
70 50
9 15
0 1
37 13
119 50
212 103
265 140
271 146
238 123
177 91
97 58
25 25
0 1
15 0
89 27
181 78
251 126
281 152
263 148
203 117
121 74
44 35
0 9
3 1
62 19
150 58
232 107
277 142
273 152
224 130
146 89
66 46
7 13
0 1
39 13
123 48
208 93
267 132
279 150
246 138
175 107
89 62
21 21
0 0
21 5
95 37
183 82
253 125
283 148
259 144
197 117
115 74
39 33
0 5
7 1
68 25
156 68
236 113
279 144
273 150
220 126
140 87
60 44
5 13
0 1
44 17
128 54
216 101
277 150
279 160
230 126
158 78
82 39
21 15
0 5
25 9
99 33
191 76
259 126
283 156
257 152
193 117
109 68
35 27
0 5
9 3
72 23
164 64
242 111
281 144
269 150
216 126
134 83
56 41
3 9
0 0
48 15
134 54
220 101
273 136
279 150
236 134
162 99
78 54
15 17
0 0
29 9
107 42
195 87
259 126
281 146
253 140
189 113
103 72
31 29
0 3
13 3
80 31
169 74
246 119
281 146
267 146
210 123
130 82
52 41
1 9
1 0
54 17
142 60
230 113
281 152
271 152
220 121
150 78
72 41
11 11
0 0
33 7
113 39
203 87
267 134
283 158
250 146
181 109
97 64
27 25
0 3
13 3
83 29
175 72
248 119
283 146
263 148
205 121
125 78
46 37
0 7
3 1
60 21
146 60
230 107
277 142
275 150
228 130
150 91
68 48
7 13
0 0
37 11
119 46
207 93
267 132
281 150
246 140
177 107
91 62
23 23
0 1
19 5
91 35
181 78
253 123
281 148
259 144
201 117
121 78
42 37
0 7
5 1
66 23
154 66
234 115
283 152
277 162
216 128
134 70
56 23
7 1
0 1
42 19
123 48
212 87
273 130
283 156
244 148
169 107
85 56
19 15
0 0
23 9
95 39
187 80
255 119
283 144
257 144
195 117
113 74
37 29
0 1
7 0
70 25
162 70
238 115
279 142
271 148
218 126
138 87
56 44
3 11
0 0
46 13
130 52
216 99
273 138
281 152
238 136
166 99
82 56
17 21
0 1
25 7
103 39
193 85
259 126
283 150
255 142
191 111
107 70
35 29
0 5
11 1
76 27
167 72
246 121
287 156
267 154
203 115
125 68
52 27
3 3
1 0
50 15
136 50
224 97
277 140
279 156
234 138
158 99
76 52
13 17
0 1
29 9
107 41
197 85
261 126
281 148
251 142
185 111
101 66
29 25
0 1
15 3
82 31
171 74
246 117
281 144
267 146
208 123
126 82
48 37
0 5
1 0
56 17
144 58
226 107
275 140
275 150
230 132
154 93
70 50
9 15
0 0
33 9
115 42
205 91
265 134
281 152
248 140
179 107
97 64
25 25
0 3
17 5
87 33
177 78
250 123
283 150
271 158
203 126
111 66
35 11
0 0
7 0
62 29
148 64
230 101
279 134
277 150
226 136
148 97
64 48
7 9
0 0
39 13
121 52
208 95
267 130
281 146
244 136
173 105
89 62
21 21
0 0
21 3
93 35
183 83
253 125
281 146
259 142
199 117
115 76
39 35
0 5
7 0
66 23
156 64
236 113
279 144
271 148
220 126
142 87
60 44
5 13
0 0
42 11
126 48
214 99
271 138
279 152
242 136
169 101
83 58
17 21
0 1
25 7
99 39
189 83
259 128
287 156
261 156
187 115
99 58
29 11
0 0
11 0
72 25
160 66
242 109
283 140
273 152
216 132
136 89
56 42
3 7
0 0
46 15
132 54
218 99
273 136
277 148
236 132
162 99
80 54
15 17
0 1
29 9
105 41
195 87
259 128
281 150
253 142
187 111
103 68
31 27
0 3
11 1
78 27
167 72
246 119
281 146
267 146
212 121
132 83
52 41
0 9
0 0
54 17
140 58
224 105
275 140
277 150
234 132
158 95
74 52
11 17
0 0
33 9
111 42
201 89
265 132
283 154
251 148
187 123
91 64
15 5
0 0
17 0
87 35
173 82
248 117
283 138
267 142
208 126
125 89
46 42
0 5
1 0
60 17
146 62
228 109
275 138
275 142
228 126
152 93
68 50
9 15
0 0
37 7
117 46
207 95
267 136
281 152
246 138
175 103
91 60
25 25
0 3
17 3
89 31
181 78
253 125
283 150
261 146
201 119
119 76
42 35
0 7
5 1
64 21
152 64
234 111
277 142
273 148
224 128
146 91
64 48
7 13
0 1
42 13
125 50
212 97
271 136
283 156
250 150
171 109
78 54
9 5
0 0
23 0
95 35
185 80
255 121
285 144
261 144
197 121
115 80
37 33
0 1
9 0
70 27
156 70
236 113
279 142
271 146
218 126
140 87
58 44
3 9
0 0
46 13
130 52
216 101
271 138
279 150
238 134
166 99
82 56
17 19
0 0
25 5
103 37
191 82
259 128
283 150
255 142
191 113
107 70
33 31
0 3
11 3
76 27
164 70
242 115
279 146
269 150
214 125
132 83
52 41
1 9
0 0
52 17
136 54
222 101
275 140
279 152
236 136
166 109
78 62
3 9
0 0
27 0
111 39
199 95
261 132
279 144
253 132
189 109
103 74
29 37
0 3
13 0
82 25
169 72
244 121
279 144
267 142
208 117
126 78
48 39
0 9
1 0
54 15
142 56
226 107
275 142
275 150
230 130
154 91
72 50
9 17
0 0
33 9
115 42
203 91
265 132
281 150
250 140
181 107
95 64
25 25
0 3
17 5
87 31
175 76
250 119
283 146
265 148
205 121
123 78
44 35
0 5
5 1
62 21
150 64
232 109
277 144
277 152
230 138
152 103
60 48
0 1
0 0
41 0
123 44
208 97
265 132
281 142
248 136
177 109
91 68
21 27
0 1
21 3
91 33
181 82
253 126
281 148
259 142
199 113
115 74
41 35
0 7
5 1
66 21
154 64
236 113
279 144
271 150
222 126
142 87
62 44
5 13
0 1
42 13
128 50
214 97
269 136
279 152
242 136
167 101
85 58
17 19
0 0
25 7
99 37
187 82
257 125
283 148
257 144
193 115
111 70
37 31
0 3
7 1
72 25
162 68
242 117
281 146
269 150
216 126
140 91
62 56
0 9
0 0
42 0
136 44
222 105
271 144
277 146
238 125
166 93
82 62
15 29
0 5
27 5
105 35
193 83
259 130
281 150
253 140
189 107
103 64
31 29
0 5
13 3
78 25
167 68
244 117
281 148
267 150
212 123
130 80
52 39
1 9
1 0
52 17
138 54
222 103
275 138
277 150
234 134
158 95
74 50
11 15
0 1
33 11
111 44
201 87
263 128
283 150
251 140
181 109
99 64
29 25
0 1
15 3
83 31
173 74
250 121
283 148
267 148
210 126
134 91
46 44
0 1
0 0
54 1
148 52
230 109
275 142
275 144
230 125
154 93
70 56
9 21
0 1
35 7
117 42
205 93
265 136
279 152
248 136
177 101
93 60
23 25
0 3
17 3
89 31
179 76
251 123
281 148
261 146
203 119
119 78
41 35
0 5
5 1
64 21
152 62
232 109
277 140
273 150
224 128
146 89
64 46
7 13
0 0
41 13
123 48
210 95
269 134
281 150
242 136
171 101
89 58
21 23
0 3
21 7
95 35
185 82
257 125
283 150
259 146
197 117
115 76
44 44
0 13
0 0
58 0
156 46
240 111
281 150
269 150
218 121
142 78
62 44
7 19
0 7
44 15
130 46
216 95
271 140
279 156
238 136
166 95
83 52
17 19
0 1
25 7
101 35
193 82
1 126
283 150
255 144
191 113
99 70
33 29
0 3
11 3
74 27
164 68
240 113
21 142
269 148
216 126
134 85
54 41
0 9
0 0
50 17
126 54
220 101
23 138
277 150
236 132
160 95
78 54
13 17
0 0
31 7
109 42
197 89
13 130
281 150
250 142
187 111
99 74
35 39
0 5
1 0
64 9
44 60
248 115
31 148
263 146
208 109
130 78
52 33
1 15
1 5
46 19
17 54
226 103
9 142
275 152
230 130
154 89
72 46
9 13
0 0
35 9
115 44
203 91
15 130
281 150
250 142
173 109
93 66
17 25
0 1
17 3
83 29
50 74
0 119
283 146
255 146
205 119
123 78
44 35
0 7
0 1
52 19
148 58
230 107
277 142
275 152
226 132
150 93
68 48
7 13
0 0
39 13
121 48
208 95
267 134
281 152
246 140
175 107
91 64
27 33
0 13
11 3
78 13
177 56
257 115
285 154
259 152
197 113
117 64
44 29
1 13
5 11
64 27
154 58
234 103
279 142
271 154
220 130
142 85
62 39
5 7
0 0
42 17
126 50
212 93
269 132
281 150
242 140
169 105
85 56
19 19
0 1
23 7
97 39
187 82
257 125
283 148
257 146
195 115
111 72
37 31
0 3
9 1
70 23
160 68
240 113
281 144
269 150
216 126
138 85
58 42
3 9
0 0
48 15
132 54
218 103
271 138
279 150
238 136
166 101
82 60
23 29
0 5
17 0
93 21
191 70
263 123
283 150
253 142
187 105
107 62
35 29
0 9
11 9
76 29
166 68
244 113
281 146
267 150
210 125
130 78
52 35
1 7
1 1
52 19
138 56
222 101
273 138
279 152
234 134
158 97
74 52
13 15
0 0
31 9
109 44
199 87
263 130
283 148
251 140
183 107
99 64
29 27
0 3
13 3
82 29
173 74
248 119
281 146
265 146
207 121
125 80
48 37
0 7
3 0
58 19
144 58
226 103
277 140
277 150
230 134
152 95
70 50
11 19
1 13
35 17
105 33
195 68
265 115
285 150
248 146
177 107
95 56
27 17
0 5
19 13
87 41
179 78
251 117
281 144
261 148
201 121
119 76
41 31
0 1
5 0
62 23
152 64
232 107
277 138
275 146
226 130
146 93
64 46
5 9
0 0
41 13
123 50
208 95
269 134
281 148
244 136
171 103
89 60
21 21
0 0
21 3
95 35
183 82
255 125
281 148
259 142
197 115
113 72
39 33
0 5
7 1
68 23
158 66
236 111
281 144
271 150
220 126
140 87
62 46
11 19
1 11
39 15
117 39
208 80
271 125
281 148
240 136
166 97
83 52
21 17
0 5
25 13
99 42
189 82
259 125
283 148
255 144
191 115
109 70
35 25
0 0
9 1
74 27
164 68
240 113
281 144
269 148
214 126
134 85
54 41
3 7
0 0
48 15
134 54
220 101
273 136
277 148
236 132
162 99
78 56
13 17
0 0
29 7
107 42
197 89
261 130
281 148
253 142
187 111
103 70
31 29
0 3
13 3
80 29
169 74
246 119
281 146
267 148
210 123
128 82
50 39
1 11
7 11
58 31
132 56
214 85
271 119
279 142
234 138
154 99
72 46
11 5
0 0
35 15
115 54
201 95
263 126
281 142
250 140
181 113
97 68
25 23
0 0
15 0
83 31
175 78
250 123
283 146
265 144
205 119
125 80
46 39
0 7
1 0
58 17
146 60
230 109
277 142
275 148
226 128
150 91
68 50
7 15
0 0
39 9
119 46
207 93
267 132
281 148
246 138
175 105
91 62
23 23
0 0
19 3
91 35
181 80
253 125
283 150
261 146
201 119
119 76
42 37
0 11
11 11
62 29
142 56
226 93
275 126
275 144
222 128
142 89
62 41
7 7
0 0
44 19
126 56
210 99
269 132
279 148
242 138
169 105
85 58
17 17
0 0
23 5
97 39
185 83
257 125
283 146
257 142
195 115
113 74
37 33
0 3
7 0
72 25
160 70
240 117
279 144
269 146
218 125
138 85
56 44
3 11
0 0
48 13
130 52
216 101
271 136
279 150
238 134
164 97
80 54
15 19
0 1
27 7
101 39
193 83
261 128
283 152
255 144
189 113
107 70
33 31
0 5
11 5
82 39
164 78
232 105
271 123
267 132
216 123
134 89
50 41
0 1
1 0
56 19
140 64
220 111
273 138
277 144
234 130
158 99
74 56
11 17
0 0
31 3
109 41
197 89
263 130
283 148
251 138
185 107
101 68
29 29
0 3
13 1
82 29
171 74
248 121
281 148
265 144
208 119
126 80
48 39
0 7
3 1
58 21
144 60
226 107
275 140
275 150
230 132
154 93
68 50
9 13
0 0
35 11
115 44
205 91
265 132
281 150
248 140
179 107
95 64
25 25
0 5
23 13
91 42
169 76
240 107
277 130
263 136
205 117
119 78
41 31
0 0
7 0
64 23
152 68
232 113
277 140
275 146
224 128
146 91
64 46
7 11
0 0
39 7
121 46
208 95
269 134
281 148
244 136
173 103
91 62
21 23
0 1
21 3
95 33
183 82
253 125
281 148
259 142
199 115
115 72
39 33
0 5
7 0
68 23
156 64
236 111
29 144
273 150
220 126
140 85
60 42
5 11
0 0
44 13
128 50
214 97
21 136
279 152
240 138
167 101
68 58
17 21
0 1
25 7
105 44
193 95
250 123
269 128
253 121
195 107
113 76
33 35
0 0
11 0
76 23
164 76
242 123
281 148
269 146
216 121
134 83
54 44
1 11
0 0
46 9
132 48
220 101
273 142
277 152
236 132
162 95
80 54
13 21
0 1
29 7
107 39
195 85
259 128
281 150
253 140
187 109
103 66
31 29
0 3
13 1
80 29
169 72
244 117
281 146
267 148
210 121
130 78
50 39
1 9
1 0
54 17
140 58
226 105
275 140
277 150
232 132
156 95
74 50
11 15
0 1
37 15
119 56
199 95
253 123
273 132
248 126
183 103
97 66
25 23
0 0
17 0
87 33
175 80
250 125
281 148
265 144
205 119
123 80
44 39
0 7
1 0
56 13
146 56
230 107
277 142
275 150
228 128
152 91
68 50
9 15
0 0
37 11
119 44
205 91
267 132
281 152
248 140
175 105
91 60
23 23
0 3
19 5
89 33
179 78
253 123
283 148
261 146
201 117
121 76
42 35
0 5
5 1
64 21
154 64
234 111
277 144
271 150
222 128
146 89
62 46
5 13
0 0
42 13
126 54
218 109
265 140
267 134
234 113
171 87
89 58
21 27
0 1
23 0
99 29
189 85
257 134
281 156
250 144
193 107
113 70
37 35
0 9
5 1
62 19
35 62
238 113
21 148
271 150
187 125
130 83
58 42
3 11
0 0
46 15
5 52
208 99
21 128
279 152
238 136
166 99
66 56
17 19
0 0
27 7
103 41
62 83
1 126
283 150
255 144
191 111
107 70
33 29
0 3
9 1
76 27
166 68
244 115
281 146
269 148
214 125
134 83
54 41
1 9
1 1
54 19
144 64
224 113
265 136
267 136
230 117
160 87
78 52
11 17
0 0
31 3
111 41
201 93
263 136
281 152
251 140
187 109
93 68
27 29
0 1
13 1
82 27
169 72
246 119
281 146
267 146
208 119
126 80
48 39
0 9
1 1
56 19
142 58
226 105
275 140
275 150
230 132
152 93
70 48
9 15
0 1
35 11
115 44
205 91
265 132
281 152
248 140
179 107
95 64
25 25
0 1
17 3
87 33
177 76
250 121
281 146
263 146
205 121
123 80
44 37
0 7
5 1
62 23
150 64
236 119
281 154
265 146
214 109
144 68
68 41
9 17
0 3
37 5
123 39
212 91
271 142
279 160
244 142
173 99
91 56
21 21
0 3
19 5
93 31
183 76
253 121
281 148
259 144
201 117
117 74
39 33
0 5
7 1
68 25
156 66
236 111
29 144
273 150
220 126
140 87
60 44
5 11
0 0
42 13
126 50
207 97
21 136
279 150
240 136
167 101
68 58
17 19
0 0
25 7
95 39
189 85
7 126
283 148
257 144
193 115
109 72
31 31
0 3
1 3
74 27
39 74
246 125
27 148
257 138
193 107
134 72
54 37
3 9
0 0
46 9
134 48
222 101
275 146
279 156
236 134
162 95
78 52
13 21
0 1
27 7
105 37
195 82
259 126
283 150
253 142
187 111
103 66
31 27
0 5
13 3
78 27
167 70
244 115
281 144
267 148
210 123
130 82
50 39
0 7
1 0
54 19
140 58
224 105
275 140
277 150
232 132
156 97
74 52
11 15
0 0
33 9
111 44
201 91
263 130
283 148
251 140
181 107
97 64
29 25
0 5
17 5
83 33
173 76
251 126
287 162
261 152
195 105
117 54
46 21
3 7
3 5
56 19
146 52
232 99
279 144
275 160
228 138
152 93
68 44
7 11
0 0
35 13
117 46
205 89
265 128
281 148
248 140
177 107
93 62
23 21
0 1
17 5
89 35
179 78
251 121
281 146
261 146
201 119
119 76
41 35
0 5
5 1
64 21
152 64
234 111
277 140
273 148
226 128
146 91
62 46
5 13
0 0
42 13
125 52
210 99
269 134
281 150
244 136
171 103
87 60
21 23
0 1
23 5
97 37
187 85
263 136
285 160
250 140
185 99
109 56
39 25
0 5
5 1
68 21
162 60
240 111
31 150
271 156
218 130
138 85
58 41
5 11
0 3
44 17
128 50
216 95
271 134
279 150
240 134
166 99
82 54
17 19
0 0
25 7
103 39
193 85
259 128
281 150
255 142
191 113
109 70
33 29
0 1
9 0
76 25
166 70
242 117
279 144
269 148
214 125
134 83
54 41
1 9
0 0
50 15
136 56
220 103
273 140
279 150
236 134
160 97
76 52
13 19
0 1
29 7
109 41
199 91
263 132
287 160
255 152
177 105
91 46
25 7
0 0
15 7
80 33
169 68
246 111
283 142
269 154
210 132
126 85
48 35
1 3
1 0
56 21
142 60
224 101
25 134
277 146
230 132
154 95
72 50
11 13
0 0
35 11
115 46
203 93
265 132
281 148
248 138
179 105
97 64
27 25
0 1
17 3
87 31
177 76
250 123
281 148
263 146
205 119
123 78
44 35
0 5
3 0
62 19
148 60
232 107
29 142
275 150
226 130
148 91
66 48
0 15
0 0
39 11
121 46
210 97
23 140
289 164
242 142
164 95
82 44
21 9
0 0
19 5
91 33
181 74
7 119
281 150
261 152
199 123
117 76
41 31
0 5
5 1
64 25
29 64
236 107
29 140
271 140
220 126
140 89
62 44
5 11
0 0
35 15
1 52
142 99
19 128
279 150
242 134
164 103
68 58
17 21
0 0
17 0
99 37
189 83
0 126
283 148
257 144
193 115
109 70
37 29
0 5
9 3
72 25
162 68
240 115
281 146
271 150
216 126
136 85
56 42
3 9
0 0
48 15
134 54
220 101
273 140
281 156
244 150
160 103
68 41
5 0
0 0
31 7
105 46
191 85
259 121
285 144
257 146
189 121
105 76
31 27
0 0
11 0
76 29
166 74
244 115
281 142
267 144
210 123
130 83
52 41
1 7
1 0
52 17
138 58
224 105
275 140
275 146
234 130
158 97
74 54
11 17
0 0
33 7
111 42
199 89
263 130
283 150
251 140
183 109
97 66
29 27
0 1
15 3
83 29
173 74
248 121
281 148
265 146
207 121
125 80
46 37
0 7
3 1
