630000 10000000 132120 15
121 74
72 54
37 33
15 15
15 7
35 15
70 33
117 56
166 80
210 101
246 119
263 134
261 138
242 130
207 115
162 91
113 68
66 46
33 27
15 15
15 9
37 17
76 35
123 56
173 82
216 105
248 123
263 134
261 136
240 128
203 113
156 89
105 64
60 41
29 23
17 13
19 11
41 19
80 37
130 60
179 85
222 109
251 126
263 136
259 136
236 128
197 111
148 87
99 62
58 41
27 23
13 13
23 19
52 37
82 44
123 46
175 64
228 97
259 132
265 144
255 134
232 117
195 103
146 89
95 70
50 42
23 17
13 5
21 11
48 27
91 44
140 64
191 87
230 109
255 128
265 140
257 138
226 125
185 105
136 82
89 58
48 37
21 17
13 9
25 11
56 25
99 46
148 68
197 93
234 115
250 130
265 138
253 136
222 123
179 101
130 76
83 52
44 33
19 17
13 9
27 13
60 27
105 48
154 74
201 97
238 117
261 132
265 138
248 134
216 119
175 101
126 76
78 52
33 33
25 25
17 21
23 13
52 15
105 33
162 66
208 99
240 121
259 128
265 130
250 130
212 121
167 103
119 76
74 48
37 27
15 13
13 11
35 17
62 31
117 50
166 76
210 101
246 123
263 134
261 136
244 130
208 115
162 95
111 70
66 44
33 25
15 13
15 11
39 17
76 35
125 58
173 83
207 107
248 125
15 136
261 138
240 130
193 113
156 89
107 66
62 42
29 23
13 11
19 11
44 19
82 31
3 62
171 85
220 109
1 126
265 136
259 138
158 130
197 113
150 87
99 62
58 42
31 31
15 23
11 7
35 0
83 17
138 56
187 95
224 115
251 123
265 126
261 134
232 134
191 121
142 87
95 56
52 33
23 21
13 15
21 15
48 19
91 35
142 62
191 93
230 117
255 130
265 134
255 134
226 125
185 107
138 83
89 56
48 33
21 17
13 11
25 15
54 25
99 44
148 68
195 95
234 117
257 132
265 138
251 132
222 123
177 101
130 78
83 52
44 31
19 17
15 11
29 15
60 29
105 48
154 74
201 97
238 119
261 132
265 140
250 134
218 121
173 101
126 78
83 60
41 37
7 11
5 0
29 1
66 25
111 52
160 76
205 97
244 117
265 134
265 144
248 138
212 121
167 95
117 70
72 46
35 29
15 15
13 7
35 11
70 31
119 54
166 80
212 103
246 121
263 134
263 138
242 132
208 117
162 93
111 68
66 42
33 25
15 13
17 11
39 17
76 33
125 56
173 83
214 105
248 123
265 134
263 138
240 130
201 113
156 89
107 66
62 42
29 25
13 13
19 11
42 19
82 37
128 60
179 85
222 109
251 126
265 136
259 136
238 130
197 115
150 91
105 74
56 46
17 11
3 0
17 0
50 19
89 46
134 66
183 82
226 103
257 130
267 146
255 144
228 126
191 103
142 80
95 60
50 41
21 19
13 5
23 7
50 23
91 44
140 68
191 91
230 111
257 128
265 138
255 138
226 125
185 105
136 78
87 56
48 35
21 19
13 11
23 11
56 25
99 46
148 72
195 95
234 115
259 132
265 138
251 136
222 123
179 103
130 78
82 52
44 31
21 17
15 11
29 15
60 27
105 48
156 74
201 99
238 119
261 132
267 140
251 136
222 128
179 111
119 78
66 39
33 11
17 1
15 5
29 15
64 29
111 46
162 72
208 103
244 128
261 138
263 140
248 132
212 119
166 97
117 72
70 46
35 23
15 11
15 9
35 15
70 31
117 54
166 78
210 103
246 125
263 134
261 136
244 130
208 117
162 95
111 70
66 44
33 23
15 13
17 11
39 19
76 35
123 54
173 82
216 107
248 125
263 136
261 138
238 128
203 113
156 91
107 68
62 42
29 23
13 11
19 11
42 21
82 39
128 60
179 83
222 109
251 128
265 140
259 138
240 134
203 125
144 91
87 46
48 15
29 7
19 15
21 19
44 21
87 31
138 58
187 93
224 119
3 132
251 136
257 132
226 125
189 111
142 87
93 58
50 33
15 15
13 9
23 13
50 25
93 41
1 64
187 91
230 115
7 132
250 136
255 134
226 123
185 105
136 82
89 56
48 35
21 17
13 9
25 13
56 27
99 44
148 70
195 93
234 115
259 132
263 136
251 134
222 123
179 103
130 80
82 52
44 31
21 15
15 11
27 15
60 27
105 48
156 74
201 99
238 121
261 134
271 148
251 142
208 119
162 83
121 56
80 42
41 29
15 15
13 5
33 9
68 29
113 56
160 82
207 103
244 121
261 132
261 138
246 134
212 121
167 97
117 68
70 44
37 25
17 13
15 9
35 15
70 29
117 52
167 80
210 105
246 123
263 132
263 136
244 130
207 115
162 93
113 68
66 44
33 25
15 13
17 11
39 19
76 35
123 56
173 82
216 107
248 125
263 134
261 136
240 128
203 115
154 91
107 66
62 41
29 23
13 13
19 11
42 21
80 37
130 60
179 87
222 113
251 130
269 146
263 150
228 125
185 91
144 66
103 54
58 41
25 25
11 7
21 3
50 19
89 46
136 74
183 93
224 107
253 123
265 136
255 138
230 126
191 107
142 80
93 56
52 37
25 23
13 11
23 11
50 21
91 42
140 66
191 91
232 115
257 130
265 136
255 134
226 125
185 107
136 82
87 56
48 33
23 17
13 9
23 11
56 23
99 44
148 70
195 95
234 115
259 132
265 138
251 134
222 123
181 105
130 80
82 54
44 31
19 15
15 11
29 15
60 27
105 48
156 74
205 103
246 130
259 140
253 130
240 115
216 105
175 93
125 74
76 50
41 25
19 11
17 11
33 21
66 37
111 54
160 74
207 97
242 121
261 134
263 138
246 128
212 113
167 95
117 72
70 46
37 25
17 13
17 11
35 17
70 33
117 54
167 80
212 105
244 123
263 134
263 138
242 128
207 115
162 91
113 68
68 44
33 25
15 13
17 11
39 19
76 37
123 56
173 82
216 107
248 125
263 136
261 138
238 128
203 111
156 91
105 66
62 42
29 23
15 13
19 11
42 21
82 39
130 62
179 87
226 119
251 136
255 128
248 113
232 107
199 107
150 93
97 64
56 33
29 15
17 13
23 21
46 31
87 41
136 60
185 85
224 113
251 130
263 136
257 130
230 121
189 105
142 85
95 60
52 37
23 17
13 9
23 11
50 25
93 42
142 66
191 89
230 113
257 130
265 138
255 134
226 123
185 105
138 82
87 56
48 35
21 19
13 11
25 13
54 25
99 46
148 70
195 95
234 115
259 130
265 138
251 134
220 121
179 101
132 80
83 56
44 33
19 15
15 11
29 15
60 31
107 54
162 85
197 101
226 109
251 115
263 125
251 130
216 123
171 99
125 70
80 46
42 33
19 23
13 15
29 13
66 27
113 52
160 80
205 101
242 119
261 128
263 134
246 130
212 119
167 97
119 70
72 46
37 27
15 15
15 11
35 17
70 31
117 54
166 80
212 103
246 123
263 134
263 136
242 128
207 115
162 93
113 70
68 44
33 25
15 13
17 11
39 21
76 37
123 56
173 82
218 107
248 126
263 136
261 136
240 130
203 113
156 91
105 66
60 41
31 23
17 15
19 13
41 21
83 41
136 72
175 91
210 95
242 103
265 121
261 136
236 132
195 109
150 82
103 58
60 42
27 29
13 19
21 13
44 17
85 37
134 64
185 89
224 111
253 123
265 132
257 134
232 128
191 109
142 82
95 56
52 37
25 21
13 13
23 13
50 21
91 41
140 66
189 91
230 113
255 128
265 136
253 134
226 125
185 107
136 82
87 56
48 33
21 17
13 11
25 15
56 27
99 46
148 70
195 95
234 117
259 130
265 138
251 134
220 123
179 101
130 78
83 54
44 35
19 17
15 11
35 23
66 41
99 50
142 60
193 78
238 105
263 132
263 140
248 132
218 115
175 95
126 78
78 58
41 35
17 15
15 7
31 13
64 31
109 52
160 74
205 95
242 117
263 132
263 140
246 134
212 117
167 95
119 70
72 48
35 27
17 15
15 9
35 17
70 33
117 54
167 80
212 103
244 123
263 132
263 138
244 132
207 117
160 93
113 68
66 44
33 27
15 13
17 11
39 17
76 33
123 56
173 83
216 107
250 126
263 136
261 136
240 128
203 115
156 91
105 66
62 41
31 23
15 15
23 21
46 33
76 39
119 42
171 62
220 95
253 128
265 142
257 134
234 119
199 105
152 91
101 74
56 46
25 21
13 5
21 9
44 25
85 42
134 60
183 82
226 107
253 126
265 138
257 136
232 125
191 107
142 83
95 60
52 39
23 19
13 9
23 11
50 23
93 44
142 68
189 91
230 113
257 130
265 138
255 136
226 123
185 105
138 80
87 56
48 33
23 17
15 11
23 13
52 25
99 44
150 70
197 97
234 117
257 130
265 136
253 136
222 125
179 105
130 78
83 54
46 35
27 27
15 19
21 11
48 11
99 29
156 62
203 97
238 121
259 130
265 130
253 130
220 126
173 107
125 80
76 48
41 25
17 15
13 13
29 15
64 25
111 44
160 72
205 101
242 123
263 134
265 136
246 130
212 117
167 99
119 76
72 48
35 27
17 13
15 9
35 17
70 33
117 50
166 78
212 103
246 123
263 134
263 136
244 130
207 115
160 91
113 68
68 44
33 25
15 13
15 9
39 15
78 35
125 58
171 82
216 105
250 125
265 136
261 138
238 130
201 113
158 91
107 68
62 44
33 31
17 25
11 7
31 0
76 13
132 50
181 91
220 115
250 121
265 126
261 132
238 134
199 121
150 91
99 60
56 37
27 21
13 15
19 11
44 17
87 35
136 60
183 89
226 115
255 130
265 136
257 134
232 126
191 111
142 85
93 58
52 35
25 17
11 9
23 13
50 23
93 41
142 66
191 91
230 115
257 130
267 138
255 136
226 125
185 105
136 82
89 56
48 33
21 17
13 9
25 11
54 25
97 44
148 68
197 93
234 117
259 130
265 138
253 136
222 125
179 105
132 82
89 64
42 39
9 9
3 0
25 0
62 19
105 46
152 70
201 93
240 115
263 132
265 144
250 138
218 123
173 99
125 74
76 50
39 29
17 13
13 7
31 11
64 25
111 48
162 76
208 101
242 121
261 134
265 138
246 134
212 119
167 97
119 74
72 48
35 27
15 13
15 9
35 17
70 31
117 52
167 78
212 103
246 123
263 134
261 136
242 130
207 115
162 95
113 70
68 46
33 25
15 13
17 11
39 19
76 35
123 56
173 82
214 105
250 125
265 136
261 138
238 130
203 113
156 91
111 76
62 50
19 13
3 0
17 0
46 17
83 44
128 64
177 80
222 99
253 125
267 144
259 148
236 130
197 105
148 82
99 64
56 44
25 23
13 7
19 5
46 19
87 42
136 66
183 85
228 109
255 126
265 138
255 138
232 126
191 107
144 83
93 58
52 39
25 19
13 9
23 9
50 21
93 42
142 68
191 93
230 113
255 128
265 138
253 136
226 123
185 103
138 78
89 56
48 37
21 19
15 11
25 13
54 25
97 44
148 70
195 95
234 117
259 132
265 138
253 138
226 128
187 117
126 82
72 44
37 13
19 1
15 5
27 13
58 25
103 42
154 66
205 97
240 126
261 140
263 140
250 130
218 119
173 101
123 78
76 48
39 25
17 11
15 9
31 17
64 29
111 50
162 74
207 99
242 121
261 134
263 138
248 132
212 117
166 95
117 70
72 48
37 29
15 15
15 9
35 17
72 33
117 54
166 78
210 103
246 123
261 134
261 138
242 130
207 115
162 93
113 68
68 44
33 25
17 11
15 9
37 17
76 35
125 58
171 83
216 105
250 125
265 136
261 140
240 134
207 125
154 95
95 50
52 17
29 7
17 11
21 17
41 21
80 29
130 54
181 87
222 117
250 132
263 134
259 132
236 126
195 113
148 91
99 60
56 35
27 17
13 9
19 11
46 23
87 39
136 62
183 87
224 111
255 130
265 138
257 136
230 125
191 107
144 85
93 58
52 37
23 19
13 9
23 11
50 23
91 42
142 66
191 91
228 113
255 130
265 138
255 136
226 125
183 105
136 80
89 56
48 35
21 19
13 11
25 13
56 25
99 46
148 70
195 95
236 117
259 134
269 144
255 144
216 125
167 89
123 58
82 41
46 29
19 19
11 9
27 9
62 25
107 52
156 82
201 103
238 119
259 128
263 136
248 134
216 121
173 97
125 72
78 46
39 27
17 15
15 11
31 15
64 27
109 48
162 78
207 105
242 123
261 132
263 136
246 132
212 119
167 97
117 72
72 46
35 27
17 15
15 11
35 17
70 31
117 54
166 80
210 103
246 123
263 132
261 134
244 128
208 117
162 97
113 70
66 44
33 23
15 15
17 13
39 19
76 35
125 56
173 83
216 107
248 126
269 142
267 150
234 132
191 97
148 66
107 52
66 44
29 29
11 11
19 3
44 15
83 42
128 70
177 91
220 107
251 123
263 132
257 136
234 130
197 111
148 83
99 58
56 39
27 25
15 15
21 11
46 19
85 39
134 64
183 89
224 111
255 128
265 136
257 136
232 126
191 109
144 83
93 58
52 37
25 19
13 11
23 11
48 23
91 41
142 66
189 91
230 115
255 128
265 136
253 134
228 125
187 107
136 83
89 58
48 35
23 19
13 11
25 15
56 27
99 46
148 70
197 97
240 126
261 142
257 136
242 121
218 105
181 93
130 78
82 52
42 27
21 9
17 9
29 19
60 35
105 52
154 72
201 95
238 119
259 134
263 138
248 130
216 115
171 95
125 74
78 52
39 31
17 13
15 9
33 15
64 31
111 52
160 76
207 99
242 119
263 134
263 138
246 134
212 117
167 95
117 70
72 48
37 29
15 15
15 9
35 13
72 33
117 54
166 80
210 103
246 121
263 132
263 138
242 130
207 115
162 93
113 70
68 44
33 25
15 13
17 9
39 17
76 35
123 60
173 85
220 117
251 136
255 132
250 117
236 109
205 103
158 93
105 68
60 39
31 17
17 9
21 17
35 29
82 41
3 56
177 80
220 107
1 128
263 138
259 132
236 123
197 109
148 89
99 64
58 39
27 19
13 11
19 13
44 23
85 39
136 62
183 85
224 109
3 126
265 136
257 136
230 126
191 107
126 83
95 60
52 37
15 19
13 9
23 11
50 23
91 42
142 66
191 91
230 113
5 128
265 136
255 136
228 126
185 107
136 82
89 56
48 35
21 19
5 11
25 13
56 27
101 48
156 82
187 101
224 111
248 115
13 121
253 126
222 121
177 93
130 72
85 48
46 31
21 23
13 17
27 17
60 25
105 46
154 74
199 99
236 119
259 128
263 132
250 130
216 121
173 99
125 74
78 48
41 29
17 13
13 9
31 13
66 29
111 52
35 76
191 99
234 119
7 132
263 136
246 132
212 119
164 95
117 70
72 46
37 27
17 13
15 11
33 15
0 29
119 54
39 82
210 105
246 123
13 134
263 138
242 130
207 115
162 93
113 62
68 46
33 27
15 13
17 11
39 21
76 37
128 68
173 93
207 99
236 101
11 115
265 134
242 138
201 117
154 83
107 56
66 41
31 31
13 21
17 13
42 13
82 33
128 60
177 87
220 109
250 123
265 130
251 134
236 128
199 113
150 87
95 60
56 37
29 23
13 15
21 13
44 19
85 37
136 62
183 89
224 111
3 126
267 134
257 136
230 126
191 109
144 85
95 60
52 37
23 19
13 9
25 13
52 25
91 44
140 66
189 91
230 115
257 130
265 138
255 136
226 125
185 105
136 82
89 56
48 37
21 19
15 13
29 19
60 35
95 50
138 60
187 78
232 103
259 126
265 138
250 134
220 117
181 97
134 80
83 60
42 39
19 17
13 7
29 13
60 31
103 50
154 72
201 93
238 115
251 130
265 138
250 134
218 119
173 97
125 72
78 50
33 31
19 17
15 9
31 13
64 29
111 50
160 78
207 101
242 121
261 134
263 138
246 132
212 119
167 97
117 72
72 46
37 27
17 15
15 11
35 15
62 31
117 52
166 78
212 103
246 123
263 136
263 138
244 132
207 117
162 95
113 72
66 46
31 25
15 13
19 15
37 33
74 44
111 46
162 58
216 87
1 125
263 142
259 138
238 123
203 105
158 93
107 76
62 52
29 25
13 7
17 5
33 21
80 41
0 60
177 80
220 103
1 125
265 138
259 138
218 126
189 105
134 85
101 66
56 42
27 21
15 9
21 1
44 19
23 39
7 64
185 89
224 109
253 126
265 136
257 138
232 126
191 107
144 83
95 58
52 37
23 19
13 9
23 11
50 23
93 44
140 66
189 89
230 113
259 130
265 138
255 136
228 125
187 107
138 82
89 58
50 37
27 25
19 21
19 15
42 13
91 27
148 56
197 91
232 115
255 126
265 132
255 132
224 125
181 109
130 83
83 54
44 31
19 15
13 11
27 15
58 25
103 44
154 68
201 95
238 119
259 132
263 134
251 132
218 123
173 101
125 76
78 50
41 29
17 13
13 9
31 15
64 27
109 48
160 74
207 101
242 121
261 134
263 136
246 132
212 119
167 97
117 72
72 46
37 27
17 15
15 11
33 17
70 33
117 54
167 80
210 103
246 123
263 134
263 138
244 132
207 115
162 93
113 70
68 48
37 31
19 27
13 15
29 5
68 13
123 42
175 82
216 113
246 125
263 128
263 132
242 134
203 123
156 99
105 64
62 37
31 21
13 15
15 13
41 17
82 33
128 56
177 85
220 109
253 128
267 136
259 136
234 126
197 111
150 89
101 64
56 39
27 19
13 9
21 11
44 21
85 39
134 60
185 87
224 109
253 125
267 136
257 138
230 128
191 109
142 85
95 60
52 39
23 21
13 9
23 11
50 23
91 42
140 64
191 91
230 115
257 130
265 138
255 136
228 125
187 107
138 85
93 64
52 44
15 17
1 0
19 0
54 11
101 42
148 72
193 93
234 111
261 128
267 140
253 142
220 126
179 101
132 76
83 54
42 35
17 17
13 9
27 9
58 23
103 44
152 70
201 95
240 119
259 132
263 138
250 134
218 123
173 101
125 76
76 50
41 29
17 15
15 9
31 13
64 29
111 50
162 76
207 99
242 121
261 134
263 138
246 132
212 117
167 95
119 70
72 44
37 25
17 15
15 11
35 17
70 31
119 52
167 80
212 105
244 123
263 134
263 138
244 132
208 119
162 95
119 78
72 58
27 27
3 0
9 0
41 3
78 37
123 64
169 80
216 95
251 119
267 140
261 148
238 136
203 111
156 85
107 64
60 44
29 25
13 11
17 5
41 15
80 37
128 62
177 85
220 107
251 125
265 138
259 140
236 130
197 111
150 85
101 62
56 39
27 21
13 13
21 11
46 21
87 39
136 64
185 89
226 111
253 126
265 136
257 136
232 126
191 107
144 83
95 60
52 37
25 19
13 11
23 11
50 23
93 42
140 66
189 89
230 115
257 132
265 140
255 138
228 128
193 115
138 89
80 54
37 19
17 1
15 1
27 11
54 25
97 41
150 64
199 93
236 121
259 136
265 140
253 134
222 121
179 101
130 80
83 54
42 31
17 11
13 5
29 13
60 27
105 48
154 72
201 97
238 119
261 132
263 138
250 134
218 119
171 99
123 74
78 50
41 29
17 15
13 9
29 11
66 27
111 52
160 78
205 101
242 119
263 132
265 138
246 132
212 119
167 95
119 72
72 48
37 27
17 13
17 9
35 15
70 31
117 54
167 80
212 105
246 123
261 134
263 136
244 132
212 125
166 109
103 68
54 25
29 3
17 5
19 15
37 23
74 31
123 46
175 78
218 113
248 134
263 140
259 134
240 125
203 113
154 95
105 68
60 39
27 15
15 7
19 13
42 23
80 39
130 58
179 83
220 111
250 130
265 138
259 136
236 126
195 109
150 87
99 62
56 37
27 19
15 11
19 13
46 23
87 41
134 64
185 89
224 113
253 128
265 136
257 134
232 126
191 109
144 85
95 58
52 35
25 19
13 11
23 13
50 25
91 42
142 66
189 91
230 115
257 132
269 144
263 148
226 130
175 99
126 66
85 42
48 27
21 17
11 9
25 9
56 21
101 44
150 76
195 101
232 117
257 128
265 136
251 136
220 126
177 101
130 74
83 50
44 31
19 17
13 9
29 13
60 25
105 46
154 74
201 99
238 119
261 132
263 136
250 132
216 121
173 99
125 74
78 48
39 27
19 15
15 13
31 17
64 29
111 50
160 76
205 101
242 121
261 132
263 138
246 132
212 119
167 97
119 74
72 48
35 27
15 13
15 9
35 17
70 33
117 54
167 80
212 103
246 123
263 138
269 150
244 142
197 109
150 72
109 48
70 41
35 31
13 17
15 5
39 9
78 33
125 64
173 91
214 109
248 121
263 130
261 138
238 132
201 115
154 85
105 58
62 37
31 25
15 15
19 11
42 17
82 33
130 60
177 89
220 111
251 125
265 134
259 134
234 130
197 113
150 87
99 60
58 39
27 21
13 11
21 11
46 19
85 39
134 62
183 87
224 111
253 128
265 136
255 134
232 126
193 109
144 83
95 58
52 37
17 21
13 13
23 13
48 21
93 42
126 68
191 95
232 119
263 138
263 140
244 125
218 107
185 93
138 78
87 58
46 33
21 11
17 7
27 15
56 33
97 50
140 70
195 93
234 115
0 130
263 136
253 134
222 119
179 99
128 74
83 52
37 33
19 17
13 9
27 13
60 27
105 48
154 74
199 95
236 117
11 132
265 138
250 134
216 121
173 99
125 76
76 50
41 31
19 17
15 11
31 13
64 27
111 50
160 76
207 93
242 119
7 132
263 136
246 132
212 119
164 95
119 72
72 46
37 27
17 13
15 11
35 17
70 31
119 54
167 82
212 107
251 134
261 142
251 126
234 109
207 99
166 93
113 76
64 44
33 19
17 7
19 11
39 27
76 42
123 56
171 78
216 101
248 126
261 138
261 136
238 125
201 109
156 89
107 68
62 44
29 23
15 9
19 9
42 21
80 39
128 60
179 83
220 107
250 126
265 136
259 136
236 128
197 109
150 87
101 62
56 39
27 21
13 9
21 9
46 21
87 42
134 64
183 87
226 111
255 128
265 138
255 136
232 126
193 109
144 85
95 60
52 37
25 21
15 11
23 15
50 25
93 44
148 74
195 103
224 117
246 119
259 119
255 123
230 123
185 107
134 78
89 50
50 31
23 21
13 17
25 17
54 25
99 42
146 68
195 95
232 117
257 130
265 134
251 132
222 123
179 103
130 80
83 52
44 31
19 15
13 9
29 15
60 29
103 48
154 72
201 97
238 119
261 132
265 138
250 132
216 117
175 97
125 76
78 50
39 27
19 15
17 11
31 17
64 31
109 50
162 76
207 101
242 121
261 132
263 136
248 132
212 119
167 97
119 72
72 46
37 27
17 15
15 9
35 17
72 35
121 62
171 93
207 107
234 107
255 111
263 125
246 132
208 123
160 93
113 60
70 39
35 29
15 23
17 17
37 17
76 29
123 54
171 83
214 109
248 125
263 132
261 132
240 128
203 115
156 91
107 66
62 41
29 21
15 13
19 13
42 21
80 37
128 58
179 83
220 109
250 126
265 134
261 136
236 128
197 111
150 89
101 64
58 41
27 23
13 11
19 11
46 21
85 41
134 62
185 87
226 111
255 128
265 138
257 136
230 126
191 109
144 85
93 60
52 37
25 19
15 13
25 17
54 35
95 52
134 64
179 78
224 97
257 119
267 134
253 136
226 121
187 99
140 78
91 62
48 41
21 21
13 9
25 11
56 27
97 48
146 70
193 91
236 111
259 128
265 138
251 134
222 123
181 101
130 76
82 52
44 33
19 17
13 9
27 11
58 25
103 46
154 72
201 97
236 119
261 132
265 138
250 134
216 121
173 99
125 74
78 50
41 31
17 17
15 11
31 15
64 29
109 50
162 76
207 101
242 121
261 132
263 136
246 132
214 121
167 99
119 72
74 46
37 29
17 17
15 13
35 21
74 44
111 52
154 60
205 80
246 111
267 138
263 144
242 128
208 109
166 91
115 76
68 54
33 31
15 11
17 5
37 17
74 37
123 58
171 80
214 99
248 119
265 136
261 140
240 132
203 113
156 89
107 66
62 44
31 25
13 11
17 9
42 19
80 37
128 60
177 85
220 109
251 125
263 136
259 136
236 128
199 113
150 89
99 62
56 39
27 23
13 13
19 13
44 21
87 39
136 64
183 87
224 109
255 128
265 136
257 136
232 126
191 107
144 85
93 60
54 39
27 23
21 21
25 23
41 21
82 27
138 50
191 83
230 115
253 128
263 130
255 128
230 123
187 111
136 87
89 58
48 31
21 15
13 9
23 13
52 25
97 41
148 66
195 91
234 117
259 132
265 138
251 132
222 121
181 103
132 80
83 54
44 31
21 15
13 9
27 15
58 27
103 46
154 70
201 97
238 119
259 132
265 138
250 132
218 121
173 99
125 76
78 50
41 29
17 15
15 11
31 15
64 29
109 50
160 74
207 99
242 121
261 134
263 136
248 132
212 119
167 97
117 72
74 48
39 31
21 25
17 23
27 11
58 9
111 31
169 72
214 109
244 128
261 130
263 128
246 128
210 125
162 103
111 72
66 41
33 21
15 13
15 15
37 19
74 31
123 50
173 80
216 107
248 126
263 134
261 134
240 128
203 115
156 91
107 66
62 42
29 21
13 13
17 11
42 19
82 37
128 58
177 83
220 109
251 125
265 136
259 138
236 128
197 111
150 87
101 62
56 39
27 21
13 11
19 9
46 21
87 41
134 64
183 87
224 109
255 126
267 138
257 138
230 128
191 109
146 85
97 64
60 48
23 27
3 3
13 0
46 7
93 35
142 66
189 91
228 109
257 125
267 136
257 142
226 130
185 107
136 80
87 54
48 37
21 21
11 11
23 9
54 19
97 41
148 70
195 95
234 117
259 128
265 136
251 134
222 125
179 105
130 78
83 52
42 31
19 17
13 11
27 15
58 25
103 44
154 72
201 97
238 119
259 132
263 138
250 134
218 121
173 101
125 76
78 50
41 29
17 15
15 9
33 17
64 31
111 50
160 74
207 99
242 121
261 132
263 136
248 132
214 121
167 99
119 76
78 58
39 39
7 7
3 0
31 0
74 25
119 60
166 83
208 97
246 113
267 132
265 146
242 140
205 117
162 87
115 66
66 48
31 31
13 13
17 7
39 13
76 31
121 58
171 85
216 107
248 123
263 132
261 138
240 132
201 115
156 89
107 64
62 42
29 25
15 13
19 9
42 19
80 37
128 60
177 85
220 109
251 125
265 136
259 136
236 128
197 111
150 87
101 62
56 39
27 21
15 11
19 9
44 19
87 39
136 64
185 89
224 111
253 126
267 136
259 140
232 130
195 115
150 97
93 64
41 29
13 3
11 0
25 7
52 25
89 41
140 60
191 87
234 117
257 136
265 144
255 136
228 123
185 105
134 82
85 56
48 33
21 17
13 7
23 9
54 25
99 46
140 70
195 93
234 115
1 130
265 138
251 136
222 123
179 101
130 76
83 52
37 33
19 17
13 9
27 13
60 27
105 48
154 74
199 97
238 117
9 130
265 138
250 134
218 121
173 99
125 74
78 50
33 31
17 15
15 11
33 17
64 33
109 52
160 76
207 93
242 121
11 136
263 140
246 132
214 123
173 111
109 80
60 37
27 3
15 0
19 9
35 23
5 35
117 48
167 72
214 103
246 132
263 144
263 138
244 126
208 111
162 95
111 72
66 44
33 19
15 5
17 7
39 19
76 37
123 56
171 80
216 103
250 125
263 138
261 140
240 128
203 111
156 91
105 66
60 42
31 23
15 11
17 9
41 19
82 39
130 60
177 85
220 107
251 126
265 136
259 138
236 128
197 111
150 87
101 62
58 41
27 21
13 11
21 11
46 21
85 39
134 64
183 89
226 113
255 128
267 138
261 142
236 136
187 109
132 72
87 42
52 25
27 17
13 9
21 9
50 17
95 39
142 68
191 97
230 119
255 130
265 134
253 132
226 125
183 105
136 80
87 52
48 31
21 17
13 13
25 15
54 23
99 44
148 70
195 95
234 117
257 130
265 136
253 134
222 123
179 103
130 78
83 52
44 31
19 17
13 11
27 15
60 27
103 46
154 72
201 99
238 119
261 130
265 136
250 132
216 119
173 101
125 76
78 50
41 29
17 15
13 9
31 15
66 33
111 52
160 76
207 101
242 123
263 136
267 144
251 146
208 121
156 80
111 48
72 33
41 29
17 19
13 9
33 7
72 25
121 58
166 89
210 111
244 123
263 130
263 136
242 134
207 119
160 91
113 62
66 41
33 25
15 15
17 11
39 15
76 31
123 56
173 85
216 109
248 125
263 134
261 136
240 130
203 115
156 91
105 64
62 41
31 23
15 13
17 11
42 19
82 37
128 60
177 83
222 109
251 128
265 138
259 136
236 126
197 111
150 89
99 62
56 39
27 21
13 11
21 11
46 21
87 41
136 64
185 89
226 115
259 136
269 148
250 136
220 115
185 91
144 74
95 56
52 37
21 15
13 3
25 9
54 27
93 50
140 70
189 91
230 111
255 130
263 138
253 136
226 123
185 101
136 78
87 54
46 35
21 19
13 9
25 11
54 23
99 46
148 72
195 95
232 115
257 130
265 136
253 134
222 125
179 101
132 76
83 52
44 33
19 17
13 9
27 13
60 25
105 48
154 72
201 97
238 117
259 132
263 138
250 134
218 121
173 99
125 74
78 50
41 29
17 15
15 9
31 15
64 29
111 50
162 78
207 103
248 130
267 148
257 138
234 115
207 95
169 85
123 76
72 52
35 23
17 5
19 5
37 23
70 42
115 58
166 78
210 99
246 121
261 136
263 140
244 130
205 111
162 89
113 68
68 46
33 27
15 11
15 7
39 17
76 37
123 58
171 82
216 103
248 125
263 136
259 138
238 130
203 111
154 87
107 66
62 44
29 25
13 13
17 11
42 19
80 37
128 60
179 85
220 109
251 125
265 136
259 136
236 128
197 111
150 87
101 62
58 39
27 21
13 13
19 11
46 21
87 41
136 66
191 99
226 121
244 125
253 123
253 119
234 117
191 107
142 83
93 56
52 31
27 19
15 17
23 19
50 27
91 41
142 64
189 91
228 115
255 130
263 132
255 130
226 121
185 105
136 82
89 56
48 33
23 17
13 11
25 15
54 25
97 42
148 68
195 91
234 115
259 130
265 136
251 134
222 121
179 101
132 78
83 54
44 33
19 15
13 9
27 13
60 29
103 48
154 72
201 95
238 117
261 134
265 140
250 134
218 119
175 99
125 76
78 50
41 31
17 15
15 9
31 15
64 29
111 52
164 83
208 113
234 119
251 113
259 117
250 126
214 123
167 101
117 68
74 41
39 25
19 21
15 21
33 21
70 29
117 48
166 78
210 107
244 125
261 130
261 130
242 126
208 117
162 97
111 70
68 42
35 23
15 15
15 11
39 17
76 33
123 54
171 80
214 105
248 125
263 136
259 136
238 128
203 113
156 91
107 66
62 41
31 23
15 13
17 11
42 19
80 37
130 60
179 85
220 109
251 125
265 134
259 138
236 128
197 109
150 85
101 62
58 41
27 23
13 11
21 11
48 25
95 52
134 72
173 83
214 95
251 111
267 128
257 136
228 126
191 103
144 78
97 58
54 41
25 27
13 13
23 11
50 21
91 42
140 68
189 91
228 109
255 125
265 134
255 136
226 126
185 105
138 80
89 56
48 37
21 19
5 11
25 13
54 23
31 42
7 70
195 95
234 117
7 130
250 136
253 134
222 123
179 103
126 76
83 54
44 33
3 17
5 11
29 13
60 25
42 46
27 72
199 97
238 119
9 132
263 136
250 132
218 121
175 101
125 78
78 52
41 31
19 17
15 13
31 19
70 41
113 60
152 68
195 78
238 99
263 125
267 142
248 138
212 115
169 87
123 70
76 56
37 39
15 17
15 5
35 11
70 31
115 56
166 80
210 99
246 117
261 130
261 136
246 134
208 119
162 93
113 66
68 44
33 27
15 17
15 11
37 15
3 33
123 56
48 83
208 107
248 123
13 134
261 136
162 130
193 115
154 89
107 64
64 42
29 23
13 13
1 11
42 19
80 35
128 58
177 78
220 109
1 126
265 136
259 136
220 128
189 111
148 85
101 62
58 41
29 23
17 17
27 23
44 27
76 33
126 46
181 72
228 107
3 128
255 136
255 130
224 121
195 109
144 91
93 64
52 31
25 19
13 11
21 13
48 23
91 41
140 62
189 87
228 111
1 128
265 136
255 132
228 121
185 103
138 82
89 58
46 33
15 17
15 11
25 15
54 25
93 44
7 68
195 93
234 117
7 130
265 136
253 134
222 123
179 103
130 78
83 54
44 33
19 17
5 9
27 11
60 27
105 50
154 74
199 97
238 117
11 132
265 140
250 134
218 119
173 99
125 76
78 50
33 31
19 17
21 23
31 25
54 19
99 27
158 56
208 97
234 125
11 136
263 132
248 125
216 119
169 105
119 82
72 50
37 23
15 9
13 11
33 19
68 33
115 48
156 72
212 99
246 125
263 140
261 138
244 128
208 115
162 95
113 72
66 44
33 23
15 11
15 9
37 17
76 35
123 54
171 80
214 103
248 123
265 138
261 140
240 130
203 113
156 91
107 68
62 44
29 23
15 11
17 9
42 19
80 37
128 60
177 83
220 109
251 126
265 136
259 138
238 130
197 113
150 89
101 64
62 44
33 35
9 17
7 1
39 3
85 25
136 58
183 89
222 109
253 121
267 130
259 138
232 132
191 115
142 83
95 56
52 35
23 21
11 13
21 11
48 17
91 37
142 64
189 91
228 113
255 126
265 134
257 136
226 126
185 107
136 82
89 54
48 33
21 19
13 13
25 15
54 25
97 42
146 68
195 95
234 117
257 132
265 136
251 132
222 123
179 103
130 78
82 50
44 31
21 17
13 11
27 13
60 27
103 46
154 72
201 99
238 119
261 132
265 138
250 134
218 123
175 103
126 76
80 54
44 41
15 19
3 0
23 0
64 13
113 48
162 82
205 103
240 115
263 126
267 140
248 142
212 126
167 97
119 66
72 44
35 29
15 17
13 9
33 11
70 29
117 52
166 82
212 105
246 123
263 132
261 136
242 132
207 117
162 93
113 68
66 42
33 23
15 13
17 9
37 15
74 31
123 54
171 80
216 105
248 123
265 134
261 138
240 130
203 115
156 91
107 66
62 42
29 23
13 11
17 9
42 19
80 35
128 58
179 85
220 111
251 126
265 136
259 136
236 128
199 115
154 95
105 74
52 41
15 9
7 0
19 0
46 15
85 39
134 60
183 83
226 105
257 130
267 146
257 144
230 126
191 105
144 83
93 62
50 39
23 17
13 5
21 7
50 21
91 42
140 66
189 91
230 111
255 128
265 136
255 134
228 125
185 105
138 80
89 56
48 35
21 19
13 9
25 13
54 25
97 44
146 68
195 93
234 115
259 130
265 138
251 134
222 123
179 103
130 80
82 54
42 31
19 17
13 11
27 15
58 25
105 46
154 74
201 99
236 119
261 132
265 138
251 134
216 123
177 105
130 87
74 52
27 13
9 0
15 0
35 17
66 37
107 50
160 66
208 95
244 123
261 142
261 142
248 130
214 113
167 95
117 74
72 50
37 27
15 9
15 5
35 15
70 33
117 54
166 78
210 101
246 121
263 136
263 140
242 130
208 115
162 91
113 70
66 44
33 23
15 11
17 9
39 17
74 35
123 56
173 82
216 107
248 125
263 134
261 138
240 130
203 113
156 89
107 64
62 42
29 23
13 11
17 9
42 19
82 39
128 60
177 85
220 109
251 126
265 138
259 140
242 138
201 123
142 87
89 48
52 21
29 11
15 9
19 11
42 15
85 33
138 58
187 91
226 119
253 132
265 136
257 134
230 125
191 109
142 85
93 56
50 33
23 13
13 9
23 13
50 23
91 41
140 62
191 89
230 115
255 132
265 138
255 134
228 123
185 105
136 82
89 58
48 35
21 17
13 9
25 13
54 25
97 44
146 70
195 93
234 115
257 130
265 136
253 134
222 123
179 103
130 78
83 54
42 31
19 15
15 11
27 15
58 27
105 46
154 72
201 99
238 121
261 134
265 138
253 140
222 134
166 99
115 58
72 29
42 19
21 17
15 17
29 13
64 23
111 46
162 80
207 109
240 125
261 130
263 134
246 130
212 121
167 99
119 70
72 42
35 23
15 13
15 11
35 17
70 31
117 52
166 80
210 105
244 125
263 134
263 134
242 128
207 115
162 93
111 68
68 42
33 23
17 13
17 11
39 19
76 35
123 56
173 82
216 107
248 126
263 136
261 136
240 130
201 113
154 89
107 66
62 42
31 25
13 11
19 11
42 19
82 37
128 60
177 85
222 109
253 130
271 146
259 146
226 125
187 95
146 72
101 54
56 37
27 19
13 9
21 7
46 21
80 42
134 68
183 91
226 109
3 125
265 136
257 138
230 126
191 105
126 82
95 58
52 37
15 19
13 9
23 9
46 23
91 44
15 68
189 91
230 113
7 130
265 138
255 136
228 125
185 105
138 80
89 56
48 35
21 19
5 11
23 11
54 23
33 42
7 70
195 95
232 115
9 130
265 138
253 136
222 123
179 103
132 78
83 52
37 31
19 15
15 9
29 13
60 27
103 48
154 72
201 97
238 119
265 140
267 152
242 132
207 99
169 76
128 66
80 54
39 35
15 11
13 1
33 11
66 37
111 62
158 80
205 97
242 115
261 132
261 140
246 134
212 117
167 91
119 70
72 48
37 29
17 15
15 7
35 13
70 31
117 56
166 80
210 103
244 121
13 132
263 138
244 132
203 115
162 89
113 66
68 44
33 27
15 13
17 11
39 17
76 35
123 56
171 82
214 105
248 125
13 136
261 138
240 130
203 113
156 91
107 64
62 41
29 21
15 13
19 11
42 21
80 39
130 62
181 89
228 119
251 134
255 130
250 121
232 109
199 101
150 85
99 62
56 35
27 15
15 9
23 17
46 29
85 44
134 60
183 85
224 111
251 128
263 136
255 132
230 121
189 103
144 83
95 62
52 37
23 17
13 9
23 13
50 25
91 44
140 64
189 87
230 111
255 128
265 138
253 134
226 123
185 103
136 80
89 58
48 37
21 19
13 9
25 11
54 25
99 46
148 70
193 93
232 113
259 130
265 138
251 136
222 123
181 103
130 78
82 52
44 33
21 17
13 11
29 15
60 29
105 48
154 76
207 109
238 128
250 125
253 115
248 115
220 117
175 107
125 78
76 44
41 21
19 13
17 17
31 25
64 33
109 46
160 72
205 99
240 125
259 134
263 134
246 126
212 115
167 97
119 74
72 46
37 25
17 11
15 9
33 15
70 31
119 54
167 80
210 103
244 123
263 134
263 138
244 130
207 115
162 91
113 68
66 44
33 25
15 13
17 9
37 17
76 35
123 54
173 80
216 105
248 125
263 136
261 136
240 128
203 115
156 91
107 64
64 42
31 25
15 13
17 11
42 21
85 41
136 72
175 91
208 101
242 107
263 119
261 130
236 128
187 109
150 83
103 58
60 41
29 27
13 17
21 13
44 19
85 37
134 62
181 89
224 111
253 125
263 130
257 134
232 126
191 107
144 83
95 58
54 37
25 21
13 11
23 11
50 21
91 41
140 64
189 89
230 113
255 128
263 134
255 132
228 125
185 107
136 82
89 56
48 35
23 19
13 11
23 13
52 21
99 42
148 70
195 95
232 117
257 130
267 136
253 136
222 125
179 103
132 78
83 52
44 33
19 17
13 11
29 15
60 29
109 58
154 82
191 89
228 95
257 115
265 132
250 136
216 121
175 93
126 68
82 52
42 39
1 25
13 11
31 11
1 27
109 50
33 78
205 99
234 117
7 128
263 136
246 132
212 119
164 95
119 70
72 44
37 29
17 17
15 11
33 15
5 29
115 50
35 78
210 105
244 123
11 132
263 136
166 130
208 117
162 93
113 68
68 42
33 23
15 11
17 9
39 19
76 35
121 56
46 80
208 105
0 126
255 138
259 138
240 128
203 113
156 91
107 66
62 42
31 23
15 13
21 15
48 31
78 41
119 50
169 68
218 95
253 121
265 136
257 136
234 123
199 105
152 89
101 70
56 46
27 23
13 9
21 9
44 23
83 41
134 60
181 83
226 107
255 126
263 138
255 136
232 125
193 107
144 85
95 62
52 39
25 21
13 9
21 9
50 21
91 41
140 66
189 89
230 111
255 128
265 136
253 132
228 125
187 105
138 82
89 58
46 35
23 19
13 9
25 13
54 25
99 44
148 68
195 93
234 115
257 130
265 138
253 134
222 123
179 101
130 78
83 52
46 33
21 17
15 15
33 27
56 33
93 35
144 48
201 82
242 117
261 138
261 138
248 125
220 113
177 103
126 85
78 56
41 29
19 9
15 7
29 17
64 31
109 48
160 70
205 93
242 119
261 134
263 138
246 128
214 115
169 97
119 74
72 50
37 27
17 13
15 9
33 17
68 33
117 52
166 76
210 101
244 123
263 134
263 138
244 132
208 115
162 93
111 68
68 44
35 27
15 15
15 11
37 17
76 35
123 58
171 82
216 105
248 125
263 134
261 138
240 130
203 115
156 91
107 68
64 44
35 31
19 23
11 11
31 5
74 17
128 48
179 82
220 109
250 125
265 130
263 134
238 130
197 117
150 91
101 64
58 39
27 21
11 11
19 11
44 19
85 35
134 58
183 85
224 111
253 126
265 136
257 136
232 128
193 111
144 85
93 60
52 37
23 19
13 11
21 11
48 21
91 41
140 66
189 91
228 113
257 130
265 136
255 136
226 123
185 105
138 83
89 58
48 35
21 17
13 9
25 13
54 25
97 44
146 70
195 93
234 115
257 130
265 138
251 134
222 123
181 105
132 80
83 56
48 39
25 29
9 13
15 0
52 3
105 33
158 74
201 103
236 117
261 125
267 132
251 136
218 130
173 107
125 76
78 46
41 29
17 19
13 13
29 13
64 23
111 44
160 74
205 101
242 121
263 132
263 136
246 130
212 119
169 99
119 74
72 48
37 27
15 13
15 9
35 17
68 31
115 50
166 76
210 103
244 123
263 134
261 136
244 130
207 115
162 93
113 70
68 44
33 25
15 13
17 9
37 17
76 35
123 58
171 82
216 105
248 125
265 136
261 138
240 130
205 115
158 95
113 76
66 54
23 23
1 0
11 0
44 9
82 37
126 62
175 82
220 101
253 123
267 140
261 144
236 132
197 111
150 83
101 62
56 41
25 23
11 9
19 7
44 17
83 37
134 62
183 87
226 111
253 126
263 136
257 136
232 128
191 109
144 83
93 56
52 35
25 19
13 11
21 13
48 21
91 41
142 64
189 89
228 113
255 128
265 136
255 134
226 123
185 103
138 82
89 56
48 35
21 17
13 11
25 13
54 25
97 44
146 70
195 95
232 115
257 130
265 136
253 136
224 126
179 107
136 87
89 66
39 35
7 0
7 0
29 0
62 27
103 52
152 72
199 89
240 113
263 134
265 146
250 140
216 121
173 95
125 74
78 52
39 31
17 13
13 5
31 9
64 27
111 52
160 78
207 99
242 117
261 132
263 138
246 132
212 119
167 95
119 72
72 48
37 27
17 13
15 9
35 17
62 31
117 52
166 78
212 103
246 123
263 134
261 138
244 130
208 117
162 93
113 68
68 44
33 23
15 13
17 11
37 17
68 33
123 56
171 82
216 107
250 126
265 138
261 140
242 132
208 123
160 101
99 64
50 27
25 3
15 1
19 1
39 19
78 31
128 50
173 82
224 115
1 132
263 138
259 134
236 126
189 111
148 89
99 62
48 31
27 15
13 9
3 11
46 23
85 39
9 62
183 85
224 109
5 130
250 140
255 136
232 125
193 107
144 85
95 60
52 37
25 17
13 9
23 11
48 23
91 42
140 66
189 89
230 113
255 128
265 136
255 134
228 125
185 107
138 82
89 58
48 35
21 19
13 11
25 13
54 25
97 44
146 68
195 95
234 117
259 132
265 138
253 136
228 134
183 117
123 76
72 33
41 9
21 9
15 15
25 17
58 23
105 41
156 70
201 103
238 126
259 136
263 134
250 128
216 119
173 103
125 76
76 46
39 23
17 9
15 9
31 17
64 29
109 46
160 72
205 101
242 123
261 134
263 136
248 130
212 119
167 97
119 72
72 46
37 27
17 13
13 9
33 15
70 33
117 54
166 78
210 101
246 123
263 136
261 138
244 130
208 115
164 95
113 70
66 44
33 25
15 13
17 11
37 17
76 33
123 56
171 82
216 107
250 125
267 138
269 148
238 136
193 107
148 74
103 50
64 35
31 23
13 11
17 5
42 13
82 35
130 62
179 91
220 111
251 125
263 134
259 136
236 130
195 113
148 83
99 56
56 35
27 21
15 13
19 11
44 19
23 39
9 64
179 89
224 111
3 126
265 126
257 134
226 126
191 109
142 83
95 56
48 37
15 19
13 11
23 13
50 23
91 41
140 64
189 89
228 113
255 128
265 134
255 134
228 126
185 107
138 82
89 56
48 35
21 19
13 11
25 13
54 25
33 44
7 70
195 95
234 119
9 134
251 148
255 146
207 119
167 82
128 58
23 46
46 37
19 21
5 5
29 3
62 25
107 54
29 83
199 101
220 113
1 125
265 136
250 138
216 123
173 97
125 70
78 48
31 33
17 17
15 9
31 11
64 27
109 50
160 78
207 93
242 119
7 130
263 136
248 134
212 119
164 97
119 70
72 46
37 27
15 13
15 9
31 15
62 31
117 54
166 80
210 103
246 123
13 134
263 138
244 130
208 115
162 93
111 68
68 44
35 27
17 15
15 13
37 19
68 35
123 58
173 83
218 111
3 134
261 140
251 128
230 113
201 99
158 83
107 64
62 41
29 17
15 7
21 13
44 25
80 44
126 60
177 82
220 107
0 128
263 138
257 134
236 123
197 107
150 87
95 62
58 39
27 21
13 9
21 9
44 21
85 39
11 62
183 87
224 111
3 128
265 136
257 136
232 126
191 107
128 83
95 60
52 37
17 19
13 9
23 11
50 21
83 41
15 64
189 91
230 113
5 128
265 136
255 134
228 125
185 105
138 82
89 58
50 35
21 19
5 11
25 13
56 27
97 46
21 68
187 95
240 128
0 142
250 128
171 111
220 103
179 101
132 85
78 56
42 25
21 0
17 9
29 21
60 37
103 50
27 68
201 93
236 119
9 136
250 138
250 130
208 115
173 97
125 76
78 54
39 29
19 13
15 9
31 17
64 33
109 50
160 74
207 99
240 119
9 132
263 136
248 132
214 119
167 97
119 72
74 48
37 29
17 15
15 9
33 15
62 31
117 52
166 80
210 103
246 121
13 132
263 138
244 130
207 117
162 93
113 68
66 44
33 23
15 13
17 13
39 21
74 37
126 60
181 95
212 111
236 115
255 119
261 123
242 126
203 115
154 89
107 58
64 37
33 25
15 19
17 17
33 21
80 35
126 56
177 85
220 111
250 126
263 132
259 132
236 126
197 113
150 89
101 62
58 37
27 19
13 13
19 13
44 21
85 39
9 60
183 87
224 111
3 126
267 128
257 136
232 126
191 109
144 78
95 60
52 37
15 17
13 9
23 13
48 23
89 41
15 66
189 91
230 113
5 130
265 136
255 136
228 125
185 105
138 82
89 58
48 37
21 19
5 11
25 13
56 27
101 48
27 82
191 99
222 103
0 107
263 123
255 134
222 128
171 103
130 70
85 46
46 33
21 25
13 19
27 17
58 23
103 44
154 74
199 101
236 119
9 128
265 132
250 132
218 123
173 101
125 74
80 48
33 29
17 15
5 11
33 17
64 31
109 50
33 74
207 93
242 123
11 134
263 136
246 128
212 117
164 97
119 72
72 46
39 27
17 15
15 11
33 15
0 31
117 54
41 78
210 103
244 123
13 134
261 138
242 130
208 115
162 95
115 62
68 46
33 27
15 15
19 15
35 25
80 46
109 58
35 62
193 87
248 111
15 130
251 136
222 126
203 109
158 85
109 66
64 48
31 31
15 13
17 7
42 17
80 37
126 60
177 83
220 105
1 123
265 136
259 136
220 128
191 111
150 87
101 64
56 41
23 21
13 11
19 11
46 21
78 39
9 62
183 87
224 111
3 126
265 136
257 136
232 126
191 109
144 83
95 58
52 35
17 19
13 9
23 11
48 21
91 41
142 66
189 93
228 117
1 130
265 136
255 134
228 125
185 107
138 82
89 56
50 35
15 19
13 13
27 19
60 37
93 48
1 52
185 70
234 99
5 132
265 146
250 132
218 113
185 99
134 85
83 66
35 39
19 15
15 5
27 11
58 29
101 50
154 70
201 91
236 113
1 132
263 140
251 134
218 121
173 97
125 74
78 50
33 31
17 15
5 7
29 13
64 27
109 48
160 76
205 99
234 119
7 132
263 138
248 132
212 119
164 97
119 70
72 46
37 27
15 15
15 11
33 15
62 31
117 54
166 80
210 103
246 123
263 134
263 138
244 132
203 117
162 91
113 68
68 46
35 29
21 23
21 21
31 17
64 21
115 31
171 70
216 103
246 125
11 130
261 128
244 125
205 119
158 99
107 70
62 41
31 21
13 13
17 13
41 21
80 35
128 54
177 82
220 107
251 126
265 134
259 132
236 126
199 113
152 91
101 64
58 39
29 19
15 11
19 13
44 21
83 37
126 60
183 87
224 111
251 126
265 136
257 134
230 126
191 107
144 85
95 62
54 39
25 19
11 9
21 11
50 23
91 42
140 66
189 91
230 113
255 128
265 138
255 136
228 125
187 105
138 82
89 56
48 35
29 27
19 25
19 15
42 5
91 21
150 56
197 99
232 123
255 128
265 128
255 128
224 128
181 113
130 83
82 50
44 25
21 15
13 13
27 17
58 25
103 41
154 66
201 97
238 121
259 134
265 134
251 130
218 121
173 103
125 76
78 50
41 29
17 13
13 11
31 15
64 29
109 48
160 74
205 99
242 121
263 134
265 138
246 132
212 119
169 97
119 74
72 48
37 27
17 13
15 9
33 15
62 31
117 54
166 80
210 103
246 123
263 134
261 138
244 132
208 119
164 97
115 74
74 54
37 37
0 11
5 0
33 0
76 23
123 54
169 82
214 103
250 119
267 134
263 140
240 136
203 117
156 91
107 64
62 41
31 25
15 15
17 9
41 15
80 33
128 58
177 85
218 107
251 125
265 136
259 138
236 130
189 111
150 89
101 62
56 39
27 19
15 13
21 13
44 21
85 39
136 62
183 87
224 111
253 128
265 136
257 134
232 126
191 109
142 83
95 60
54 37
23 21
13 11
23 13
50 23
91 42
140 66
189 91
230 113
5 130
265 138
255 134
228 125
187 107
138 83
93 64
52 46
15 15
1 0
19 0
56 15
101 48
146 72
193 91
234 107
261 128
267 144
253 146
222 126
179 99
132 74
83 54
42 35
19 17
13 5
27 7
58 23
101 46
154 74
201 99
238 117
259 130
263 138
250 136
218 123
173 101
125 72
78 48
41 31
17 17
13 11
31 13
64 29
109 50
158 76
205 99
242 119
263 134
265 140
246 132
212 119
169 95
121 72
72 48
37 27
15 13
15 9
35 17
70 31
117 52
166 80
210 103
244 123
263 134
265 138
246 134
210 121
167 103
115 78
60 42
23 11
11 0
17 1
39 17
74 33
121 52
171 76
218 103
250 128
263 140
261 140
242 130
203 113
156 91
107 66
62 42
29 21
15 9
17 9
41 19
80 37
128 60
177 83
218 107
251 125
265 138
259 138
236 126
197 109
152 87
101 64
56 41
25 21
13 9
21 9
44 21
85 39
134 62
183 87
226 111
253 128
263 138
257 136
232 126
191 107
144 83
95 60
52 37
17 21
13 11
23 11
50 23
91 42
140 66
189 91
230 113
257 128
265 136
255 136
226 126
193 115
140 93
80 50
37 9
19 0
17 3
27 19
52 29
95 41
148 60
197 93
234 123
257 138
250 140
253 130
224 119
181 103
130 83
83 56
44 29
19 11
13 7
27 17
58 31
103 48
154 70
201 93
238 117
11 134
250 140
250 134
218 119
173 99
125 76
78 52
33 29
17 13
15 7
29 13
64 29
111 52
160 74
205 99
242 119
261 132
263 138
248 134
212 119
167 97
119 72
74 50
35 29
15 13
15 9
35 15
70 33
117 52
166 80
212 103
246 123
263 136
265 142
251 142
207 125
152 87
103 52
66 31
35 19
15 13
15 9
37 13
78 29
125 56
173 87
216 111
248 126
265 134
261 134
238 128
201 113
156 89
107 64
60 39
29 21
15 11
17 11
41 19
80 35
128 58
177 85
220 109
250 126
265 134
259 134
236 126
197 111
150 89
99 60
56 37
29 21
13 11
21 13
44 21
85 39
134 62
183 87
224 111
253 128
265 136
257 136
232 126
191 109
144 85
95 58
52 35
25 19
15 11
23 13
50 23
91 41
140 64
189 91
230 115
257 132
267 142
261 148
226 132
175 95
126 60
87 39
52 31
23 23
11 13
23 5
54 17
101 44
150 78
195 105
232 119
257 126
265 134
251 136
220 126
179 103
130 72
83 46
44 29
21 19
13 13
27 13
60 23
103 46
152 72
199 99
238 121
261 132
263 136
248 130
218 121
173 101
125 76
78 50
41 27
19 15
15 11
29 15
64 27
111 50
160 78
205 101
242 121
261 132
263 136
248 132
214 119
167 97
119 72
72 48
37 29
15 15
15 9
35 15
70 31
117 54
166 80
212 105
250 128
271 148
259 142
232 123
201 99
162 80
115 64
66 44
31 23
15 7
19 5
39 17
74 39
123 60
173 85
216 105
248 125
263 138
259 140
240 128
203 111
156 87
107 64
62 42
29 23
13 11
19 9
42 19
80 37
128 60
177 85
220 107
251 125
263 134
261 136
236 128
197 111
150 87
101 64
58 41
27 23
13 11
19 11
44 21
85 39
134 62
183 85
226 109
253 128
265 136
257 136
232 126
191 109
144 83
95 58
54 39
25 21
13 11
23 11
50 23
93 42
140 68
189 93
232 117
263 142
263 144
244 125
218 99
185 87
140 80
91 64
46 37
21 11
15 3
27 15
56 35
97 52
146 70
195 89
234 113
257 132
263 140
251 134
222 119
179 99
130 76
83 52
46 33
21 17
13 9
27 13
60 29
103 50
152 74
199 95
238 115
259 130
263 138
250 134
218 119
175 99
125 76
78 50
41 27
19 15
17 11
31 15
62 29
111 50
162 76
207 101
240 121
261 132
263 136
248 132
212 119
167 97
119 72
74 48
37 29
17 15
15 11
35 15
72 33
117 58
169 87
216 115
240 125
251 123
255 121
242 119
210 113
162 93
111 66
66 37
37 23
19 17
17 17
37 21
74 33
123 54
171 82
214 107
246 125
263 132
261 132
238 125
203 111
158 91
107 68
62 42
29 21
15 13
19 11
41 21
80 37
128 58
177 83
220 107
251 126
263 136
259 136
236 126
197 109
150 87
101 64
58 41
27 21
13 11
19 11
44 21
85 41
134 62
183 87
226 109
253 126
265 136
257 136
232 125
193 109
144 85
95 60
52 37
25 21
15 11
23 13
48 25
91 44
144 72
195 105
224 119
244 113
257 113
257 121
230 126
185 111
136 82
91 48
50 29
23 19
13 17
25 19
54 25
97 41
146 68
195 97
232 119
257 130
263 132
251 130
224 123
179 105
130 80
83 52
44 31
21 15
13 13
27 15
60 27
103 46
154 72
199 97
236 117
261 130
265 138
250 134
216 123
173 101
126 76
78 52
41 31
17 15
13 9
31 15
64 29
109 50
160 76
207 99
242 121
259 132
263 136
248 132
212 121
167 99
119 74
74 48
37 29
17 15
15 11
37 19
76 39
121 64
158 80
199 89
240 105
263 125
263 134
242 128
207 111
164 89
117 68
70 48
33 31
15 17
17 11
37 15
74 35
121 58
169 82
214 103
248 119
263 132
261 138
238 130
203 115
156 89
107 64
62 42
31 25
15 13
17 11
42 17
80 37
128 60
177 85
220 109
251 125
263 134
257 134
238 128
199 113
150 89
101 62
56 39
27 21
15 13
19 11
44 21
85 39
134 62
183 87
224 111
253 126
265 136
257 136
232 126
193 109
144 85
95 60
54 37
25 21
13 11
21 11
54 29
97 56
136 70
177 74
222 89
257 117
269 140
255 144
226 125
185 97
140 74
91 60
48 44
21 25
13 7
25 7
54 23
95 48
144 72
193 89
234 109
257 126
265 138
253 138
222 125
181 101
132 76
83 52
44 33
19 19
13 9
27 11
58 25
103 48
154 74
199 97
236 117
259 130
265 136
250 134
216 121
173 97
126 74
80 52
41 33
17 17
15 9
31 15
64 29
109 50
158 74
205 99
242 121
261 132
263 138
248 132
212 119
167 95
119 74
74 50
39 29
19 17
21 19
37 27
62 31
103 41
160 60
210 91
246 121
263 136
261 132
244 125
210 113
164 97
113 76
68 48
33 25
15 11
15 9
37 19
72 35
121 52
171 78
216 103
248 123
263 136
261 138
240 128
203 111
156 91
107 68
62 44
29 21
13 9
19 11
41 21
80 37
126 58
177 83
220 107
251 126
265 138
259 136
236 128
197 111
150 87
99 62
58 39
29 21
13 11
19 9
44 21
87 41
134 64
183 89
224 111
253 126
265 138
257 136
232 126
193 109
144 85
95 62
54 39
25 21
15 15
27 25
44 25
80 25
134 44
191 80
232 117
255 134
263 134
255 126
230 121
189 113
136 91
89 60
48 31
21 11
13 9
23 17
52 27
95 41
146 62
193 89
234 117
257 134
265 138
251 132
222 119
181 103
132 82
83 56
44 31
19 13
15 9
29 15
58 29
103 46
154 70
201 95
238 119
259 134
265 138
250 132
218 119
173 99
126 76
78 52
41 31
17 15
13 9
31 15
64 29
111 52
160 76
205 99
242 121
261 134
263 138
248 132
214 121
169 97
119 74
74 50
42 37
19 23
7 7
23 1
66 15
117 44
166 78
208 103
244 121
263 130
263 134
246 136
208 123
164 99
113 70
66 42
33 23
15 15
15 11
37 15
74 29
123 54
171 82
214 107
248 125
263 134
261 134
240 128
203 115
156 91
107 68
62 42
29 23
15 11
17 11
42 21
80 35
128 58
177 83
220 109
251 126
265 136
259 136
236 128
197 111
150 87
99 60
58 39
27 21
13 11
19 11
44 21
85 39
134 64
183 87
224 111
253 128
265 138
257 138
232 126
191 109
146 85
97 60
56 44
27 31
5 7
11 0
42 0
93 31
144 70
189 97
228 111
255 121
269 132
257 142
228 136
185 111
136 78
89 50
48 33
21 21
11 13
23 9
54 19
97 39
148 68
195 97
234 119
259 130
265 134
251 134
222 125
181 105
132 80
83 52
42 29
19 15
13 9
27 13
58 27
103 46
154 72
201 97
238 119
259 132
265 138
250 132
218 121
173 101
126 76
78 50
41 29
17 13
15 11
31 17
64 31
109 50
158 74
207 101
242 123
261 136
263 138
248 134
216 121
171 101
126 85
72 56
27 21
7 0
11 0
35 7
70 31
115 54
166 76
210 99
248 123
265 140
263 144
244 136
208 115
162 91
111 68
66 46
33 25
15 9
15 5
39 15
74 33
123 56
171 82
214 103
248 123
263 134
261 138
240 130
205 115
156 91
107 66
62 42
31 23
15 11
17 9
42 17
80 37
128 60
177 83
220 107
251 125
265 134
259 136
236 126
199 111
150 87
101 62
56 37
27 21
15 13
19 11
44 19
85 39
136 62
183 89
224 111
253 126
265 136
259 138
232 128
193 111
150 93
99 72
44 33
13 0
9 0
25 5
52 29
89 44
138 60
191 83
232 113
257 138
265 146
255 138
228 123
187 103
136 83
87 60
46 35
21 13
13 5
25 9
52 25
97 46
148 68
193 89
234 113
251 132
265 142
251 136
222 121
181 101
130 80
83 54
44 33
19 15
13 7
27 13
60 27
103 46
154 72
201 95
238 117
259 130
265 136
251 134
218 123
173 101
125 76
78 50
42 31
17 17
13 9
31 15
64 29
109 50
160 76
207 99
234 121
261 134
263 138
248 134
222 130
167 105
109 66
62 31
35 11
19 7
15 11
31 15
68 25
119 46
167 78
212 107
246 128
13 138
263 136
244 130
207 117
162 97
113 68
66 42
33 21
15 9
17 9
33 19
66 33
121 54
171 80
208 107
248 128
13 138
261 136
224 130
203 113
156 89
107 64
62 42
31 23
15 13
17 11
41 19
80 37
3 58
175 82
220 107
1 126
265 136
259 138
236 128
189 111
150 89
101 64
56 41
27 21
13 11
19 11
44 21
83 39
9 60
183 87
224 111
3 128
251 138
259 140
238 138
193 119
134 76
85 37
50 19
27 15
15 15
21 13
48 15
93 33
142 64
191 99
230 123
255 130
263 132
255 132
228 126
185 111
136 82
89 52
48 29
21 15
13 13
25 15
54 23
97 41
146 66
193 95
232 117
257 132
265 136
251 132
222 121
181 101
132 80
85 54
44 31
19 15
13 9
27 15
58 29
103 48
154 72
199 97
238 117
259 132
265 138
251 134
218 121
175 99
125 76
78 50
42 31
17 15
15 11
31 15
64 29
109 50
160 76
207 101
242 123
265 138
269 150
244 136
203 109
160 80
119 58
74 42
37 27
15 9
15 3
37 11
72 33
117 60
166 85
210 105
244 121
263 134
263 138
242 132
207 115
162 89
113 66
68 42
33 25
15 13
15 7
39 17
76 35
121 58
171 83
216 107
248 125
263 136
261 136
240 130
203 113
158 91
107 66
62 42
31 23
15 13
17 11
41 17
80 37
128 58
179 85
220 109
251 126
265 136
259 138
236 128
197 111
150 87
101 64
58 39
27 21
13 11
19 9
46 21
80 41
134 64
185 89
226 113
255 132
271 148
255 144
222 119
183 87
142 66
99 58
54 42
23 23
11 5
23 3
52 23
93 52
140 76
187 91
228 109
257 126
265 138
253 136
226 123
189 101
140 80
87 56
48 35
23 19
13 9
25 11
52 23
97 44
148 70
195 95
232 113
257 128
265 136
251 134
222 123
179 103
130 78
83 52
44 31
21 15
15 11
29 15
58 27
103 46
154 72
201 97
236 117
259 132
265 136
250 132
218 119
175 99
126 76
78 50
41 31
19 15
15 11
31 15
64 31
111 52
162 78
208 107
246 130
255 136
253 126
238 115
212 103
171 91
119 74
72 48
37 23
19 11
19 13
35 25
68 39
115 54
166 76
210 101
244 123
261 136
261 136
242 126
208 113
162 93
113 70
68 46
33 25
15 11
17 11
39 19
74 35
121 56
171 80
216 105
248 125
263 136
261 136
240 128
203 113
156 89
107 66
62 41
29 23
15 13
17 13
41 21
80 37
128 60
177 83
220 109
251 126
265 136
259 136
236 128
197 111
150 89
101 64
58 41
27 21
13 11
21 11
44 23
85 41
134 62
185 89
232 125
251 136
253 125
250 113
232 111
195 109
144 91
93 60
52 29
27 13
17 13
23 19
48 29
91 41
142 62
189 87
228 115
255 132
263 136
255 132
228 121
185 105
138 83
89 58
48 33
23 17
13 11
25 13
52 25
97 44
5 68
187 91
232 115
7 130
265 138
251 134
218 121
181 103
132 80
83 46
44 31
21 17
5 9
27 13
60 27
103 46
27 72
201 97
238 117
9 132
263 138
250 132
218 121
173 99
125 76
80 52
41 31
19 15
15 11
31 17
66 33
115 58
164 87
199 101
228 105
255 115
265 126
248 132
210 119
167 93
121 66
76 44
39 31
15 19
15 15
35 17
68 29
115 52
166 78
208 103
244 121
261 130
261 132
244 128
207 117
162 93
113 66
70 44
33 25
15 13
15 11
39 19
76 35
123 56
171 82
214 105
248 125
263 134
261 136
238 128
203 113
156 89
107 68
62 42
31 25
15 13
19 11
41 19
80 37
128 60
177 83
220 107
250 125
265 136
259 136
236 128
197 111
150 85
103 62
60 42
29 25
13 13
21 11
46 23
89 44
138 76
177 91
212 93
246 103
265 123
259 136
232 132
191 107
144 76
97 52
56 39
27 31
13 19
21 11
48 17
91 39
138 68
187 93
228 111
255 123
265 134
255 136
226 126
187 107
138 82
89 54
48 33
23 19
13 11
25 15
52 23
95 41
146 68
195 95
232 117
257 130
265 134
253 134
222 123
179 105
130 80
83 46
44 33
3 15
5 7
27 13
60 29
105 48
27 72
201 95
238 119
11 134
263 138
250 132
218 121
175 99
125 76
78 50
41 29
19 17
17 13
35 23
66 39
103 50
150 64
201 83
242 111
263 132
263 138
244 130
214 113
171 95
123 76
74 54
37 31
15 13
15 9
35 17
68 33
115 52
164 74
210 99
246 121
261 134
261 138
244 130
208 115
162 93
113 70
68 46
33 27
15 13
15 9
37 17
74 33
123 56
171 82
214 105
248 123
263 134
261 138
240 130
203 115
156 91
107 66
62 41
31 23
15 13
17 11
41 17
80 35
128 58
177 83
220 107
251 128
265 136
259 136
236 128
199 113
150 89
101 64
58 41
27 21
13 13
25 21
50 35
17 31
123 42
52 64
218 101
7 132
263 142
255 132
169 119
195 105
146 91
95 72
52 42
25 17
13 5
21 9
46 25
91 42
140 64
189 85
228 109
255 128
265 140
255 138
228 123
187 103
138 83
89 58
48 37
21 17
5 9
25 11
54 25
95 44
146 68
195 91
234 115
259 132
263 138
253 136
222 123
181 101
130 78
83 54
46 33
19 17
13 9
27 11
58 25
42 48
29 74
199 97
238 117
11 132
250 138
250 132
218 121
175 93
126 76
78 52
35 33
25 25
17 21
21 13
52 13
103 31
31 64
207 99
240 121
9 130
250 132
250 130
214 123
167 103
119 76
74 46
37 27
15 15
13 11
33 17
0 29
115 50
31 76
195 101
244 123
13 134
263 136
166 125
208 117
162 97
113 62
68 44
35 25
15 13
15 9
1 17
5 33
123 54
46 80
203 105
248 125
13 136
261 136
162 130
203 115
156 89
107 64
62 41
29 21
15 11
17 11
41 19
17 37
3 58
177 83
220 107
1 128
265 136
259 138
220 128
189 111
150 89
101 64
58 42
35 31
1 25
13 9
33 1
80 17
0 52
185 91
224 115
1 125
265 128
253 134
234 134
193 119
144 89
95 56
52 33
25 19
13 15
21 13
48 19
89 33
140 60
189 91
228 117
255 130
265 134
255 132
228 126
185 109
138 83
89 56
48 31
21 17
13 9
25 13
54 25
97 44
146 66
195 93
234 117
257 132
265 138
251 134
224 123
181 103
132 80
83 54
44 33
19 15
13 7
27 11
60 27
105 48
154 72
201 97
238 117
261 134
265 138
250 134
218 121
175 101
128 80
85 62
41 39
9 11
3 0
27 0
64 19
109 48
158 76
205 97
242 115
263 130
265 142
248 140
214 123
167 95
119 70
74 48
35 29
15 15
13 7
33 13
70 29
115 54
166 78
210 101
246 119
263 134
263 138
244 132
208 117
164 93
113 68
66 44
33 25
15 13
17 9
37 17
74 31
123 56
169 82
214 105
250 125
263 136
261 136
240 130
205 115
158 91
107 66
62 42
31 23
15 13
19 11
41 19
80 37
128 58
177 83
220 109
250 126
265 136
259 136
236 128
199 113
152 91
105 72
60 52
17 17
1 0
15 0
48 13
87 44
134 68
181 83
226 101
255 126
267 144
257 146
230 128
193 103
144 80
95 60
50 39
23 19
13 9
23 7
48 19
89 42
140 66
189 91
230 113
255 128
265 138
255 136
228 126
185 105
138 80
89 56
48 35
21 17
13 9
25 11
54 23
97 42
148 68
195 95
232 115
257 130
265 138
253 134
222 125
181 103
132 78
83 52
44 31
19 17
13 11
27 15
60 27
103 48
154 72
199 95
238 117
261 134
265 140
250 136
220 125
181 111
126 83
68 46
31 15
13 0
17 3
33 15
62 29
107 46
160 70
208 99
242 125
261 140
263 140
246 130
214 117
169 97
119 74
72 48
37 25
15 9
13 7
33 17
68 33
115 52
166 78
210 101
244 121
263 136
263 140
244 132
208 115
162 93
113 70
68 46
33 25
15 13
17 9
37 17
74 33
121 54
171 82
216 105
248 125
263 134
261 136
240 130
203 115
156 91
107 66
62 42
31 23
13 13
17 11
42 21
80 37
126 60
177 85
220 109
251 126
265 138
259 136
236 130
205 123
152 99
91 58
46 17
25 1
17 7
21 17
42 25
83 35
136 54
185 85
226 117
253 136
265 138
257 134
232 123
191 107
144 87
95 62
52 35
23 13
13 7
21 13
48 23
91 41
142 64
189 89
228 113
253 130
265 136
257 136
228 126
185 107
136 82
89 56
48 35
21 19
13 9
25 11
54 23
97 42
146 68
193 93
234 115
250 132
265 138
251 134
222 123
181 103
132 80
83 54
42 31
21 15
15 11
29 15
58 27
103 48
154 72
201 97
238 119
261 134
267 144
255 144
216 126
164 91
117 58
78 37
42 25
17 15
11 5
31 9
66 25
111 52
160 80
205 105
242 123
261 132
263 136
246 134
212 119
167 97
119 68
74 44
37 25
15 13
15 7
35 13
70 31
117 54
166 80
210 103
246 123
263 134
261 136
242 130
208 117
162 93
113 68
68 44
33 25
15 13
15 9
37 15
74 31
123 54
171 82
214 107
248 125
263 134
263 138
240 130
203 115
156 89
107 64
62 41
31 23
15 13
17 11
42 19
80 37
128 60
177 85
220 109
251 126
265 136
267 148
236 140
187 105
140 66
99 44
62 37
29 29
11 15
17 5
46 11
87 39
11 72
183 97
224 113
3 123
265 130
250 138
230 130
191 109
142 78
93 50
54 35
25 23
13 13
21 13
50 19
91 41
140 66
189 93
220 115
5 128
250 126
255 126
226 125
187 107
138 82
89 56
48 33
15 19
13 11
25 13
54 25
31 44
5 68
193 93
224 117
9 132
263 136
251 132
126 123
181 105
132 80
83 54
44 31
21 17
15 13
27 15
58 27
41 46
31 72
201 99
240 125
17 146
253 142
238 123
210 101
173 85
125 72
78 52
31 29
17 9
17 5
35 17
64 37
109 56
158 76
207 99
234 119
9 134
263 140
246 132
212 115
167 93
117 70
74 48
39 29
17 15
15 9
33 15
0 31
117 54
41 80
205 103
244 121
13 134
263 138
228 130
208 115
162 93
113 62
66 44
31 23
17 11
19 11
39 19
74 35
121 54
171 80
208 107
248 125
11 136
261 136
224 130
203 113
156 91
107 66
62 42
31 23
13 13
1 9
39 19
82 31
3 60
177 78
220 111
0 138
263 146
248 126
226 105
197 93
138 87
103 70
54 41
23 15
15 3
15 13
46 29
85 46
9 62
183 83
224 107
1 128
255 140
257 136
230 119
191 101
130 83
95 64
52 33
25 19
13 9
21 11
48 25
23 44
15 66
189 89
230 111
5 128
255 138
255 136
228 123
187 103
132 80
87 54
48 33
23 19
13 11
23 13
52 25
97 44
146 68
195 93
234 117
257 132
265 136
253 134
222 123
181 103
132 80
83 46
44 33
3 15
5 9
27 13
60 29
105 50
33 80
205 111
224 121
0 123
257 121
250 123
220 117
173 101
123 72
80 44
42 25
21 21
15 19
31 21
64 31
109 48
158 74
205 101
240 123
11 132
263 132
246 126
212 119
164 99
119 72
72 44
37 25
19 15
15 13
33 19
0 31
117 52
166 78
210 103
244 123
11 132
263 136
244 130
208 109
162 95
115 62
68 44
33 25
13 11
1 9
39 19
11 35
121 56
46 80
208 105
248 125
13 136
261 136
162 128
205 113
156 91
107 66
64 42
31 25
15 13
17 11
42 19
82 37
0 64
179 99
216 115
240 113
0 113
259 123
238 128
189 119
150 87
101 54
60 33
31 23
15 21
19 19
5 21
85 33
134 58
181 89
222 113
253 126
250 132
257 132
164 126
191 111
146 87
95 60
54 37
25 19
13 11
23 13
50 23
29 41
15 64
189 89
228 113
5 128
265 138
255 134
228 125
187 105
138 83
89 58
48 35
15 17
13 11
25 13
54 25
31 44
5 68
187 93
232 115
9 132
250 138
251 134
218 123
181 103
132 82
83 56
44 33
19 17
15 11
29 17
64 35
107 58
146 64
189 83
224 101
9 121
265 134
250 132
216 119
175 95
126 72
80 52
35 37
19 21
5 11
31 13
64 27
109 52
158 76
203 97
240 117
11 130
263 136
246 132
214 119
169 97
119 72
72 46
37 27
17 13
15 9
31 15
0 33
115 54
166 78
210 103
244 123
13 134
263 138
244 132
208 117
162 93
113 68
68 44
35 27
15 13
15 9
37 17
66 35
123 58
171 82
216 105
248 123
13 134
261 138
240 130
203 115
156 91
107 66
64 42
33 27
15 17
17 13
44 25
85 48
125 62
156 70
212 83
1 113
269 138
259 142
234 126
191 103
154 83
105 68
58 50
27 27
13 9
21 5
46 21
83 35
7 64
181 85
226 107
3 125
255 136
257 138
232 128
193 107
128 83
95 60
54 39
25 21
13 11
23 11
48 21
91 41
138 64
189 89
228 111
255 126
265 136
255 136
228 125
187 107
138 82
89 56
48 35
23 19
13 11
25 11
52 23
97 42
146 68
195 95
234 115
257 130
265 136
251 134
224 123
181 103
132 80
83 54
44 33
5 17
21 19
33 27
50 27
29 33
146 52
201 85
238 117
259 134
263 134
250 126
220 119
177 105
126 83
78 54
41 29
19 13
13 9
29 15
64 31
109 50
158 72
205 97
242 119
263 134
263 138
246 130
212 117
169 95
121 74
74 50
37 27
15 13
15 9
35 17
68 33
115 52
164 76
210 101
244 121
263 134
263 140
244 132
208 115
162 93
113 70
68 46
33 25
15 13
17 9
37 15
74 33
123 54
171 82
216 107
248 126
263 136
261 138
240 130
203 117
156 93
107 66
62 42
31 27
17 19
21 25
35 19
68 17
123 35
179 74
222 113
250 132
263 132
259 128
238 125
201 117
152 97
99 68
56 37
27 15
15 11
19 17
44 25
83 37
134 56
183 83
224 111
251 128
265 136
257 134
232 125
193 109
144 87
95 62
54 37
25 19
13 11
21 11
50 23
91 41
140 64
187 87
230 113
257 130
265 138
255 134
226 125
187 107
138 83
89 58
48 33
23 17
13 9
25 13
54 25
97 44
146 68
195 93
234 117
257 132
265 138
253 134
224 123
179 103
134 82
87 58
50 42
21 25
5 5
17 0
54 9
105 39
154 72
199 97
236 113
261 126
267 136
251 138
218 126
173 103
125 72
80 48
42 33
17 19
13 11
29 11
64 23
109 48
158 76
205 101
240 119
261 130
265 136
248 132
212 119
169 97
121 72
72 46
37 27
17 13
15 11
35 17
68 31
115 52
166 78
210 101
244 121
261 132
263 136
244 132
208 117
162 93
113 68
68 44
35 27
15 13
15 9
37 17
74 35
123 58
169 82
216 107
248 125
263 134
261 138
240 130
205 115
158 93
107 68
66 48
33 35
7 9
7 0
37 0
82 27
130 64
177 91
218 105
251 117
267 132
261 144
236 138
197 115
150 85
101 58
58 39
27 25
11 13
19 7
44 15
85 35
132 62
181 87
224 109
255 126
265 136
257 136
232 128
193 111
144 85
95 60
52 37
25 21
13 11
21 11
48 21
91 41
140 66
189 91
228 113
255 128
265 134
257 134
228 126
187 107
138 83
89 56
48 33
23 17
15 11
25 15
52 25
97 44
148 68
195 95
232 117
257 130
265 138
253 134
224 125
183 107
138 89
85 62
35 29
9 1
9 0
29 7
60 29
101 48
152 68
201 91
240 117
261 138
265 146
250 136
218 119
175 97
126 76
78 54
39 31
17 13
13 5
29 11
62 29
111 52
160 78
205 99
242 119
261 132
265 140
248 134
212 117
169 95
119 72
72 48
37 27
17 15
15 9
33 15
68 31
115 52
166 78
210 103
244 123
263 134
263 138
244 132
208 117
162 95
113 68
68 46
35 25
15 13
15 9
37 17
74 33
121 54
171 83
214 107
248 125
263 136
261 138
240 130
205 117
164 103
109 80
52 37
19 0
11 0
21 3
42 25
78 41
125 52
179 76
224 107
251 134
263 146
259 140
236 125
197 107
150 87
101 66
56 41
27 17
11 5
19 7
44 21
85 41
134 62
181 83
224 109
255 128
265 140
257 138
232 126
193 107
144 83
95 60
52 37
25 19
13 9
23 11
48 21
91 42
140 66
189 91
228 113
255 128
265 136
257 138
228 126
185 105
138 82
91 58
48 37
21 19
13 11
25 13
54 25
97 44
146 70
195 95
234 115
259 132
265 140
257 140
230 134
179 109
123 72
76 37
42 17
21 11
13 11
25 13
58 21
105 42
156 72
201 101
236 123
259 134
265 136
250 132
218 121
173 101
125 76
76 46
39 25
19 13
15 11
31 17
64 29
109 48
160 76
205 101
242 123
261 134
265 136
248 132
212 119
167 97
119 72
72 46
37 25
17 13
15 11
35 15
70 33
115 54
166 78
210 103
244 123
263 134
261 138
244 130
208 115
162 93
113 70
68 44
33 25
15 13
17 11
37 17
76 35
123 58
171 83
214 105
248 125
265 136
263 142
246 142
203 123
146 82
97 42
60 23
33 19
15 19
17 13
39 13
80 27
130 58
179 93
220 117
250 126
263 130
259 132
236 130
197 115
150 89
101 58
58 35
27 21
13 13
19 13
44 21
85 37
132 60
181 87
224 113
255 128
265 136
257 134
232 125
193 109
144 87
95 60
52 35
25 17
13 11
23 13
48 23
91 41
140 64
189 91
228 113
253 126
265 136
257 136
228 126
187 105
138 82
89 58
48 37
21 19
13 11
25 13
54 25
97 44
146 68
195 95
234 117
263 136
273 152
250 140
212 115
173 85
130 64
85 48
44 31
19 17
13 5
29 9
62 27
105 54
154 78
199 99
238 115
259 130
265 138
248 134
216 119
173 97
126 72
78 48
39 29
19 15
15 9
31 13
62 27
111 52
160 78
205 101
242 121
261 132
263 138
248 132
212 119
167 95
119 70
74 48
37 29
17 15
15 9
35 15
68 31
115 52
166 80
210 103
244 123
263 132
263 138
244 132
208 119
164 95
113 70
68 44
35 25
15 15
17 13
37 17
76 33
123 56
171 83
214 107
250 128
271 148
259 144
228 119
193 89
156 74
113 64
64 48
29 25
13 5
21 3
44 19
80 46
126 68
175 85
220 103
251 123
263 138
259 140
236 128
199 107
150 83
99 60
58 41
29 23
15 11
19 9
44 19
87 41
136 66
181 89
224 111
253 126
265 136
257 138
232 128
193 109
144 83
95 58
52 37
25 21
13 11
23 13
48 23
89 41
138 64
191 91
232 115
257 130
265 138
255 136
228 125
187 107
138 83
89 58
48 35
23 19
13 9
25 13
54 25
99 44
148 70
199 99
238 128
251 132
253 125
248 117
224 113
183 103
130 82
82 52
44 27
23 15
17 13
27 21
58 31
103 46
154 70
199 95
236 119
259 132
265 136
250 130
218 117
175 99
126 76
78 50
41 29
19 15
15 11
31 17
64 31
109 50
160 76
205 99
240 121
259 132
263 136
248 130
214 117
167 97
119 72
74 48
37 27
17 15
15 11
35 15
70 33
115 54
164 78
208 101
246 121
263 134
263 138
242 132
208 117
164 95
113 70
68 46
33 25
15 13
17 11
37 19
74 35
123 58
173 85
220 117
246 130
253 123
253 115
240 117
207 115
158 97
105 68
62 35
33 17
17 13
19 19
41 27
80 37
126 52
177 80
220 111
250 130
263 134
259 132
236 123
199 111
150 91
101 64
58 39
29 19
13 11
19 13
44 23
85 37
134 60
183 87
224 111
253 126
265 134
257 136
232 126
191 107
144 83
97 60
54 39
25 21
13 11
21 13
48 23
89 41
140 66
189 89
228 113
255 128
265 136
255 136
228 125
187 105
138 82
89 56
48 35
23 17
15 11
27 13
56 29
103 52
150 80
187 93
222 103
251 115
265 126
253 132
222 123
179 99
132 74
85 52
46 37
21 23
13 13
27 13
58 25
105 46
152 74
199 99
236 117
259 128
265 134
250 134
218 123
173 99
126 74
80 48
41 31
17 17
13 11
31 15
64 27
107 48
160 74
205 99
242 121
261 132
263 136
248 132
214 121
169 99
119 72
74 48
37 27
17 15
13 11
33 15
68 31
117 52
166 78
210 103
244 123
263 134
263 136
242 130
208 115
166 95
115 72
68 48
33 25
17 15
17 13
39 21
78 42
126 70
166 83
203 87
240 99
263 121
265 138
240 134
201 111
158 82
111 60
66 48
31 33
13 17
17 5
42 13
82 37
126 64
175 85
218 105
250 121
263 134
259 136
236 128
199 111
150 85
101 60
58 39
27 23
15 13
19 11
44 17
83 37
126 62
183 89
224 113
1 126
265 126
257 134
232 128
191 111
144 85
95 60
54 37
25 19
13 11
21 13
48 23
91 41
138 64
187 89
228 115
255 130
265 136
255 136
228 125
187 107
138 82
89 56
50 35
25 21
15 15
29 21
56 33
89 42
134 54
189 76
234 105
259 130
263 136
250 130
224 117
185 103
134 85
83 60
44 35
19 15
13 9
27 13
56 29
101 46
154 70
201 93
236 115
259 130
265 138
251 132
218 119
175 99
126 76
80 52
41 31
17 15
13 7
29 13
64 29
109 48
158 72
205 97
242 119
263 134
263 138
248 132
214 119
169 97
119 74
72 48
37 27
17 13
15 9
33 13
68 29
117 52
166 78
210 103
244 123
263 134
263 138
246 132
208 119
164 95
113 70
68 46
33 27
15 15
17 15
41 31
68 35
109 37
166 58
216 95
251 128
263 140
259 136
240 121
205 109
160 97
109 76
62 48
29 21
13 7
17 9
41 21
78 39
126 58
177 80
220 103
251 126
265 138
259 138
236 126
199 109
152 87
101 64
56 41
27 21
15 11
21 11
44 21
85 41
134 62
183 85
224 111
253 128
265 136
257 136
232 126
193 107
144 85
95 62
54 37
25 19
13 9
21 11
50 21
91 42
140 66
189 91
228 113
255 130
265 138
255 136
228 125
187 107
138 83
91 58
50 39
29 29
15 21
15 11
42 9
93 27
148 60
195 93
230 115
255 125
267 132
255 134
224 128
181 111
132 83
83 52
44 31
19 17
13 11
27 13
58 25
101 42
152 68
199 97
236 119
259 130
265 136
251 134
218 123
175 101
126 76
80 50
42 29
17 15
13 9
31 13
64 27
109 48
158 74
205 99
242 119
261 132
263 136
246 130
212 117
169 97
121 74
72 48
37 27
17 13
15 9
35 17
68 33
115 52
166 78
210 103
244 123
261 136
263 138
244 132
208 117
164 95
113 72
68 48
39 35
19 25
9 7
25 0
70 11
123 48
173 85
214 111
246 119
263 126
265 134
244 138
205 125
156 95
107 62
64 35
31 23
13 17
17 13
41 15
80 31
128 56
177 85
218 109
251 126
267 132
261 134
236 128
197 113
150 89
101 64
56 39
25 19
15 13
21 13
44 21
83 37
134 60
183 87
224 113
253 128
265 136
257 134
232 126
193 109
144 85
95 60
52 37
25 21
13 11
21 11
48 23
91 41
140 64
189 89
228 113
255 130
267 138
255 138
228 126
187 107
140 83
97 68
48 42
13 13
3 0
21 0
56 15
97 42
144 68
193 89
234 109
261 130
267 144
253 142
222 126
181 101
132 76
83 54
42 33
19 15
13 9
27 11
58 25
103 46
152 72
201 97
238 117
259 132
263 136
250 134
218 121
175 99
125 74
78 48
41 29
19 17
13 11
29 13
64 29
109 50
158 76
205 99
242 121
261 134
263 138
248 132
214 119
169 97
121 72
72 46
37 25
19 15
17 15
33 19
68 31
115 52
166 80
210 103
244 123
261 134
263 138
244 132
208 119
162 97
119 80
70 56
25 19
3 0
11 0
41 13
78 41
121 60
167 74
216 95
251 123
265 144
259 148
240 134
205 111
158 85
107 66
62 46
29 25
15 9
17 5
41 15
80 37
128 62
177 85
220 105
250 123
263 134
259 138
236 130
199 111
150 87
101 62
58 41
29 25
13 13
19 11
44 19
85 39
134 62
183 87
224 111
253 126
265 134
257 134
232 126
191 109
144 83
95 58
54 37
25 19
13 11
21 9
48 19
91 41
142 68
189 93
228 115
257 130
267 138
257 138
230 130
193 117
136 87
80 48
39 15
19 1
15 3
25 13
50 23
95 39
148 62
197 93
234 123
259 138
265 142
253 134
224 123
179 103
130 80
83 54
44 31
19 13
13 7
27 13
60 27
103 46
27 70
201 95
236 119
9 134
263 138
250 132
218 119
175 101
125 76
78 50
41 27
17 13
15 9
31 15
64 29
109 48
160 74
205 99
242 121
261 134
265 138
248 132
212 117
169 95
119 72
72 48
37 29
17 15
15 9
33 15
70 31
115 52
166 80
210 103
246 123
263 134
263 138
246 134
214 126
164 103
103 60
58 21
31 5
19 9
17 17
37 21
74 29
123 48
173 80
216 113
248 132
263 136
261 132
240 126
203 115
156 95
107 66
62 37
31 17
15 11
17 13
41 21
80 35
128 56
177 83
220 109
250 128
265 134
259 134
236 126
197 111
150 89
101 64
58 39
27 19
13 11
19 11
44 23
85 41
132 60
181 83
226 109
253 128
265 138
257 136
232 126
193 109
144 85
95 60
52 37
25 19
13 9
23 11
48 23
91 42
140 66
189 91
230 115
257 132
271 144
263 150
222 126
175 93
130 64
89 44
50 31
21 17
11 7
25 7
54 21
99 46
148 76
193 97
234 117
259 130
265 138
251 136
222 125
179 103
132 74
83 50
44 31
19 17
13 11
27 13
60 27
103 48
152 72
199 99
238 119
259 132
263 136
250 132
218 123
175 103
125 76
78 50
41 29
19 17
15 11
29 15
62 27
109 48
160 76
205 99
240 119
261 132
265 138
248 134
212 119
169 97
121 72
74 48
37 27
15 13
17 9
35 17
70 33
115 54
166 78
212 103
246 125
265 140
267 150
242 136
197 103
154 70
113 52
72 44
35 31
13 13
15 1
39 11
78 37
123 66
169 91
212 103
248 117
265 132
261 142
238 134
201 113
158 85
107 62
62 41
31 25
15 15
19 11
41 17
80 35
126 60
177 87
218 109
250 125
265 134
259 138
236 130
197 113
150 87
101 60
56 39
27 21
13 13
21 13
44 19
85 39
132 62
183 89
224 111
253 126
265 136
257 134
232 126
193 111
146 87
95 60
54 35
25 19
13 11
23 13
48 21
91 41
142 66
189 93
232 119
261 140
261 138
244 125
220 107
187 93
140 78
89 58
48 33
21 13
15 7
27 17
54 31
95 50
146 68
195 91
232 115
257 132
263 138
251 134
222 119
179 99
130 76
83 52
44 31
21 15
15 11
27 15
58 27
103 48
152 72
199 95
236 117
259 132
263 138
250 132
218 119
175 99
126 76
78 50
41 29
19 15
15 11
29 15
60 27
111 48
160 76
205 101
240 121
261 132
265 136
248 134
212 121
167 99
121 72
74 48
37 29
15 13
15 9
35 17
70 33
117 54
164 80
214 109
251 136
259 140
251 123
236 107
208 101
167 95
115 76
66 44
33 17
17 5
19 13
39 27
74 44
121 56
169 76
214 103
248 126
263 140
259 136
240 125
203 107
158 87
109 68
62 44
31 21
15 7
19 9
42 21
80 39
126 60
177 82
220 107
251 126
263 138
259 136
236 126
199 109
150 89
101 64
58 39
27 21
13 9
19 7
44 19
87 41
134 64
181 87
224 109
253 128
265 138
257 138
232 126
193 107
146 85
95 60
52 37
25 21
15 11
23 13
48 23
93 44
146 74
193 101
220 113
244 115
259 119
257 125
228 125
185 105
136 78
91 50
52 33
23 25
13 19
25 17
54 25
97 42
146 68
193 95
232 117
257 128
263 132
251 132
222 123
181 105
132 80
83 52
46 31
19 17
13 11
27 13
58 25
103 46
152 72
199 97
236 117
261 132
265 138
250 132
218 119
173 99
126 76
80 52
33 31
17 15
15 11
31 15
64 29
109 50
160 74
205 99
242 119
259 130
265 138
248 134
214 121
169 97
121 72
74 48
37 29
17 15
15 9
35 15
70 33
121 62
169 91
205 103
232 103
255 109
265 126
248 134
208 123
162 93
115 62
70 41
37 31
15 23
15 17
37 15
74 29
121 54
169 85
214 109
246 123
263 130
261 132
240 128
203 115
156 91
109 64
64 41
31 23
15 15
19 13
41 19
80 35
126 58
177 83
220 109
250 126
265 134
259 136
236 128
199 111
150 89
101 62
58 39
29 21
15 13
19 11
44 19
85 37
134 64
183 89
224 111
253 128
265 136
257 136
232 126
191 107
146 83
97 60
54 39
25 21
13 11
25 15
56 33
93 52
132 64
177 76
224 95
257 119
267 136
255 136
226 121
187 99
140 80
91 62
50 42
21 23
13 9
23 9
52 23
97 44
146 70
193 91
232 111
259 128
265 138
251 136
224 125
