660000 10000000 138412 15
263 136
244 132
205 117
156 91
105 62
60 39
27 19
13 11
19 11
50 21
95 41
146 68
189 95
236 119
7 132
250 138
248 134
212 119
166 97
115 70
66 44
29 23
13 9
17 9
44 21
85 39
136 62
191 89
232 113
259 132
267 140
251 136
220 123
173 101
121 74
72 48
35 27
15 13
15 9
39 17
80 35
130 60
183 87
226 111
255 126
267 138
257 138
226 126
185 115
132 87
70 46
27 5
11 0
17 3
37 23
72 37
121 50
175 74
224 107
255 134
265 148
257 140
230 123
189 101
136 82
85 60
42 35
17 13
13 5
29 11
64 31
115 54
167 80
214 103
248 123
265 136
261 138
238 130
195 111
144 83
93 58
50 37
21 17
11 9
25 11
60 27
107 48
158 76
207 101
244 123
265 136
263 140
240 130
203 115
154 89
101 64
56 39
23 19
11 9
23 11
52 25
97 44
150 70
201 97
242 119
263 136
265 140
248 134
212 119
166 99
117 80
58 46
17 13
3 0
17 0
50 15
91 42
140 66
193 87
236 111
263 134
267 144
248 138
216 121
171 97
117 72
66 48
31 27
13 11
17 7
41 17
82 37
134 62
187 89
230 111
257 128
265 136
255 136
224 125
177 101
125 74
74 46
35 25
13 11
15 9
37 17
76 35
126 58
177 85
224 111
253 130
267 138
257 136
228 125
185 103
134 80
82 54
41 31
17 15
13 9
33 15
68 31
117 54
169 78
218 105
251 128
265 138
259 138
236 128
193 109
142 87
85 60
48 39
25 29
11 15
15 0
52 3
109 33
31 76
212 111
244 125
13 126
265 130
234 132
199 121
148 95
99 62
52 35
21 17
3 11
23 15
56 25
101 42
29 66
203 95
242 123
13 136
263 136
244 128
207 115
156 91
103 64
58 39
27 21
13 11
19 11
48 23
95 41
146 68
189 93
236 117
259 132
265 138
248 132
212 119
166 95
115 70
64 44
29 25
13 11
17 9
44 19
87 41
138 66
189 91
232 115
259 130
265 138
251 136
218 123
173 99
121 76
72 48
37 29
19 21
19 21
31 17
68 21
125 42
183 76
228 109
253 128
265 132
257 130
228 121
181 105
128 83
80 56
41 29
15 13
13 7
33 15
72 33
123 54
173 80
220 103
251 125
265 138
259 138
230 126
189 105
136 82
85 56
44 33
19 17
13 9
29 15
64 29
115 52
167 78
214 105
248 123
263 134
261 136
238 128
195 111
144 85
91 56
48 33
21 15
13 11
25 13
58 25
107 48
160 74
207 101
244 123
263 134
263 136
242 130
203 115
154 91
101 64
56 39
25 21
13 11
23 13
58 33
103 56
144 70
189 78
234 95
265 123
267 142
246 138
208 115
162 85
111 62
64 46
27 33
13 17
17 7
44 13
91 39
142 70
193 97
234 113
259 125
265 134
250 134
216 123
167 97
117 68
68 42
33 25
13 15
17 13
42 19
83 35
134 62
185 89
230 115
257 130
265 136
253 132
222 123
177 103
125 76
74 48
37 25
15 13
15 9
37 17
76 33
126 56
179 85
224 111
253 128
267 136
257 136
228 126
183 105
132 80
83 54
41 33
17 15
5 9
33 17
0 35
0 64
171 87
205 93
240 111
3 121
261 130
218 126
189 107
125 78
91 52
48 33
21 21
5 15
27 17
62 27
111 48
156 76
210 103
246 123
13 132
261 134
238 126
191 113
148 87
93 60
52 35
15 17
13 11
25 15
56 27
103 46
29 72
205 97
234 121
13 136
263 138
242 128
205 113
156 91
105 66
56 41
25 19
13 9
21 11
50 25
93 42
7 68
199 93
238 119
11 134
250 138
248 132
212 119
164 95
109 62
66 42
31 25
13 11
1 9
44 19
87 39
15 66
191 93
236 123
11 142
259 134
242 115
214 101
175 93
123 78
70 52
33 21
5 3
19 0
41 25
80 44
5 64
181 83
226 107
255 128
265 140
253 134
224 119
181 99
128 76
78 52
31 31
17 13
15 7
33 13
72 33
123 58
175 83
220 107
251 125
265 136
259 136
230 126
187 105
136 80
85 54
44 33
19 17
13 11
29 13
66 29
115 52
160 80
214 105
248 125
263 134
261 136
238 128
189 111
144 87
93 58
48 35
21 17
11 9
27 15
58 29
107 48
160 76
208 103
248 126
271 146
253 144
230 123
193 97
150 74
103 56
56 39
23 19
11 5
23 7
56 23
101 50
152 78
199 97
240 115
263 132
265 140
244 134
208 117
160 91
109 64
60 41
27 23
13 11
19 11
46 19
91 41
144 68
195 95
234 117
259 130
267 136
251 134
216 121
167 97
117 70
68 42
33 25
13 13
15 9
41 19
83 37
134 62
187 89
228 113
257 130
265 138
253 134
222 121
177 103
125 76
74 48
37 27
15 13
15 11
37 17
76 35
128 60
181 87
224 113
255 130
267 138
259 140
234 138
183 115
121 70
72 29
41 11
21 11
13 15
31 15
68 25
121 46
173 82
218 113
251 134
267 138
259 132
232 125
191 109
140 87
87 58
44 31
19 11
13 5
27 13
62 29
111 48
164 72
212 101
248 126
263 138
261 138
240 128
199 111
148 87
95 62
52 37
21 17
11 7
23 11
56 25
103 48
156 74
205 97
242 119
263 134
265 138
244 132
205 115
156 89
105 64
58 41
25 21
13 11
21 11
50 21
95 42
148 68
199 95
238 117
261 132
265 138
250 136
216 126
169 107
107 72
52 31
23 5
13 0
19 7
42 21
85 35
140 58
193 87
236 117
259 138
267 142
251 134
218 119
171 99
119 74
70 48
33 25
13 9
15 5
39 15
82 37
132 62
183 85
226 109
255 128
267 138
255 136
224 123
179 101
128 76
78 50
39 29
15 13
15 9
33 15
72 31
123 56
175 82
218 107
253 126
267 138
259 138
230 128
187 107
136 82
85 56
42 33
17 17
3 9
31 13
66 29
115 52
160 80
214 103
250 125
265 136
261 138
236 128
187 111
146 87
95 64
54 46
17 21
1 0
17 0
58 11
109 48
162 82
207 103
244 115
265 128
265 140
242 140
201 121
150 87
101 56
54 33
25 21
11 13
21 11
52 17
99 39
152 70
201 99
240 121
261 132
265 134
246 130
208 119
162 97
109 68
60 41
27 19
11 9
19 11
48 23
89 41
142 64
195 91
236 117
259 132
265 138
251 134
216 119
167 97
117 72
68 44
33 23
13 13
17 11
41 19
83 37
136 62
187 91
230 115
257 130
265 138
255 136
220 123
177 101
125 76
76 52
42 37
19 23
7 7
25 3
70 15
128 48
181 85
222 113
251 126
267 130
259 132
230 128
185 113
132 85
82 52
41 27
17 15
11 11
31 15
68 29
119 48
171 78
216 105
250 125
265 136
261 136
234 128
191 109
140 85
89 58
46 35
19 15
11 9
27 13
62 27
111 50
162 74
210 101
248 123
265 136
261 138
238 126
199 111
150 89
97 62
50 37
21 17
13 9
25 13
56 27
103 46
156 72
205 97
242 121
263 134
263 138
244 130
205 115
156 91
105 64
58 41
25 21
13 11
23 15
56 37
89 46
134 52
191 70
240 107
265 138
265 146
175 132
212 109
167 91
115 76
64 54
29 29
13 9
17 5
37 19
85 42
13 66
189 89
232 109
9 126
267 138
251 138
218 123
171 97
111 68
72 46
35 29
13 15
15 11
39 17
78 35
130 62
181 89
226 111
5 126
267 128
255 134
162 123
179 101
128 78
78 50
37 29
15 13
15 9
35 17
72 31
123 56
177 83
222 109
251 126
265 136
257 136
232 126
187 107
136 82
83 54
44 31
19 17
13 11
31 19
74 41
117 60
158 74
205 87
246 107
267 128
263 138
234 128
193 105
146 80
95 60
50 41
21 25
11 11
27 11
60 23
107 48
158 76
207 101
244 121
263 132
261 136
242 130
203 115
152 89
99 60
54 35
25 19
13 13
23 15
52 23
99 42
152 70
201 99
240 121
261 132
265 136
246 130
208 117
160 93
107 68
62 42
27 21
11 11
19 11
48 21
91 41
142 66
195 93
236 117
259 132
265 138
250 132
216 121
169 99
117 72
68 46
33 25
13 13
17 11
41 19
83 39
136 64
193 99
232 126
248 125
255 115
250 115
224 117
177 107
123 78
74 44
39 19
17 11
17 17
37 25
76 37
126 54
179 82
224 111
253 130
265 138
255 132
226 119
183 101
132 80
82 56
41 29
17 11
15 7
33 15
70 33
119 54
171 80
218 105
250 126
265 138
259 138
234 126
191 107
140 80
89 54
46 33
19 15
11 7
29 11
64 27
111 52
164 78
210 101
248 123
265 134
261 138
238 130
197 113
148 87
97 60
52 37
23 17
11 9
25 13
56 27
103 46
158 76
208 103
250 130
261 140
253 130
236 115
205 99
158 85
103 64
56 41
25 17
15 5
23 9
52 27
95 48
148 70
199 95
238 117
261 134
263 140
246 132
210 115
164 91
113 66
62 41
29 21
15 9
19 9
44 21
87 41
138 64
191 91
232 115
257 130
265 138
251 132
218 121
171 99
121 74
70 46
35 25
15 13
15 9
39 17
80 35
132 58
185 87
226 113
255 128
265 136
255 136
224 125
179 103
128 78
78 50
39 29
15 13
15 9
35 15
74 33
125 56
177 83
222 109
253 128
267 138
263 148
230 134
177 97
126 58
83 37
46 29
19 21
11 13
29 7
68 19
119 50
169 87
214 115
248 126
265 132
261 134
236 130
193 115
142 83
93 54
50 31
19 17
11 9
25 13
60 25
109 48
160 74
207 101
246 123
265 134
263 138
240 128
201 113
152 89
99 62
54 37
23 19
11 9
23 11
54 23
99 44
152 70
201 97
240 119
11 132
263 138
246 132
208 117
160 93
109 68
60 42
29 21
13 11
19 9
46 21
91 39
144 66
187 95
236 119
261 134
267 140
253 140
220 130
164 101
105 60
58 27
31 9
15 7
17 9
39 17
83 31
138 58
191 93
230 121
255 136
265 138
253 134
220 123
175 103
123 76
74 46
35 23
15 9
13 7
37 17
78 35
128 56
179 83
222 109
255 128
267 138
257 138
226 123
183 103
132 80
82 54
41 31
15 13
13 7
33 15
70 33
121 56
171 80
218 105
251 125
265 138
259 138
234 128
191 107
140 82
89 56
46 33
19 17
13 9
27 13
62 27
111 50
164 78
212 103
248 125
265 136
261 138
238 130
199 113
150 91
103 72
48 42
11 3
3 0
23 0
60 25
105 54
154 74
205 91
246 115
265 136
265 148
244 138
205 115
156 85
105 60
58 42
25 25
7 11
3 5
50 17
95 42
7 72
195 97
238 117
11 130
250 136
248 134
210 121
164 95
109 66
64 42
29 21
11 11
19 11
46 21
80 39
140 64
191 91
232 115
9 130
267 138
251 134
218 123
173 99
119 74
70 46
35 25
13 13
15 11
39 17
80 37
125 60
183 87
226 111
255 128
267 136
257 136
224 125
179 103
130 80
83 60
42 41
9 15
1 0
27 0
74 21
125 54
173 83
220 105
253 121
269 134
259 140
230 132
187 111
134 82
83 52
42 31
17 17
13 11
29 13
66 25
115 48
167 78
214 105
250 125
265 134
261 136
236 128
195 111
144 87
91 58
48 33
21 17
11 9
25 11
60 27
107 46
160 74
208 101
246 123
265 136
263 138
240 128
201 113
152 91
99 66
54 39
23 19
13 9
23 11
52 25
99 44
152 70
203 95
240 119
261 134
263 138
246 132
208 115
160 91
109 68
62 44
27 25
17 17
25 23
42 23
80 25
136 42
195 80
240 117
261 138
263 138
250 126
216 113
169 101
117 82
66 52
29 21
13 5
17 7
42 23
82 41
134 60
187 82
232 109
257 130
265 142
253 136
222 121
177 99
123 76
74 50
35 29
15 11
13 5
37 15
78 35
128 60
179 85
224 109
253 126
267 138
257 138
228 126
183 103
130 76
82 50
39 29
15 13
15 9
33 15
70 31
121 54
171 82
218 109
251 126
265 138
259 138
232 126
191 107
140 83
87 56
46 33
19 17
15 11
35 23
66 39
103 48
29 62
207 83
0 115
267 128
261 140
236 125
191 105
150 83
99 66
52 44
21 23
11 9
25 7
56 25
103 48
29 72
203 95
244 117
13 132
263 138
242 130
205 115
156 89
103 64
56 41
25 21
13 11
21 11
50 21
95 42
148 68
199 95
238 119
259 130
265 136
248 132
212 121
162 97
111 68
64 41
29 21
13 11
17 11
44 21
87 39
140 64
191 91
232 115
259 132
265 138
251 134
216 121
171 99
121 74
70 48
33 25
15 11
17 11
41 19
82 39
136 68
187 99
220 109
246 109
259 115
257 126
228 128
177 107
125 74
78 41
41 25
19 21
15 21
33 21
74 29
125 50
175 83
220 113
251 128
265 134
257 130
228 123
187 105
136 83
83 56
44 29
17 13
13 9
31 17
66 31
117 52
169 78
216 103
250 126
265 136
259 136
236 126
195 109
144 85
91 58
48 35
21 17
11 9
25 13
60 27
109 48
160 74
208 101
246 123
263 136
263 138
240 130
193 113
150 87
95 62
46 39
23 21
11 9
23 13
54 25
101 46
156 76
208 109
240 126
251 128
253 123
242 117
210 111
160 93
105 66
58 35
29 17
15 11
21 17
48 29
91 42
144 66
195 91
234 117
259 134
265 140
248 130
212 115
166 91
117 72
68 46
31 25
13 9
17 7
42 19
85 41
136 64
187 87
230 111
257 128
265 138
253 136
220 121
175 99
123 74
74 48
35 25
13 11
15 9
39 17
78 35
126 58
181 85
224 111
253 128
267 138
257 136
226 126
183 105
132 78
82 52
41 31
17 15
13 9
33 13
72 31
123 56
171 83
218 109
251 130
271 148
259 148
222 119
181 85
138 64
91 52
46 39
17 19
11 3
29 5
66 27
113 56
164 83
212 105
248 119
265 130
261 138
238 132
195 111
146 82
95 54
50 35
21 19
11 11
25 11
58 23
105 46
156 76
205 101
242 121
263 132
265 138
244 132
205 115
156 91
105 64
56 39
25 19
13 11
21 11
50 23
95 42
148 68
199 95
238 119
261 134
263 136
248 130
212 117
166 97
111 72
64 44
29 23
13 11
19 9
44 21
89 41
15 66
193 91
232 115
9 134
251 144
250 146
214 125
160 89
111 56
70 35
37 21
5 13
15 9
39 13
83 31
126 60
185 93
228 119
1 132
265 136
253 132
224 125
177 105
126 78
76 46
37 25
15 11
13 11
35 17
74 33
125 56
175 82
220 107
253 128
267 138
257 138
230 126
185 105
136 80
83 54
42 31
17 13
13 7
31 13
66 29
117 50
169 78
216 105
251 126
265 136
261 138
236 128
187 111
144 85
91 58
48 33
21 15
5 9
25 13
60 27
107 48
162 74
210 103
246 125
265 136
263 138
242 132
205 119
156 103
97 68
42 25
15 0
11 0
27 11
56 31
99 46
152 64
203 89
244 121
265 144
265 146
244 132
207 109
160 87
107 68
60 46
25 21
13 5
19 5
48 21
91 44
144 70
195 93
236 115
259 130
265 138
250 134
214 121
167 95
115 68
66 44
31 25
13 13
17 9
42 17
85 37
136 62
187 89
230 113
259 128
267 138
253 136
220 123
175 101
123 76
74 50
35 29
13 13
15 9
37 15
80 35
128 58
181 87
226 111
255 130
267 138
255 138
228 126
185 107
136 85
83 62
33 29
5 1
7 0
33 1
74 29
121 56
171 80
218 101
253 123
269 140
261 146
232 132
189 107
138 80
87 56
44 35
17 17
11 7
27 9
64 25
111 50
164 78
212 103
248 123
263 132
261 136
238 128
199 113
148 89
95 60
50 35
21 17
13 11
25 13
56 25
103 44
156 72
205 99
242 121
263 134
263 138
242 130
205 115
154 89
103 64
58 41
25 21
11 9
21 11
52 23
95 42
148 68
201 95
240 119
261 132
265 138
248 132
212 119
164 95
113 70
62 42
31 27
17 25
13 11
33 3
82 15
142 54
195 95
232 123
257 128
267 128
253 128
220 126
171 109
117 76
70 44
35 21
13 11
13 13
41 21
82 35
132 56
183 83
226 113
257 132
267 138
255 132
222 121
179 103
126 80
78 52
37 27
15 11
15 9
35 17
74 35
123 56
177 82
222 107
253 128
265 138
257 138
230 126
187 105
134 80
83 54
42 33
1 15
5 7
31 13
68 29
117 52
44 80
216 105
0 125
267 128
261 138
220 130
193 111
144 78
91 60
48 37
21 19
21 21
21 23
50 25
35 33
33 58
212 93
246 123
261 134
261 134
242 125
203 111
154 95
99 72
54 41
23 17
13 7
21 13
52 27
99 44
152 68
201 91
240 117
261 134
263 138
244 130
208 115
160 91
107 68
60 44
27 23
13 11
21 9
48 23
91 42
144 66
195 91
236 117
259 130
265 138
250 132
214 119
167 97
115 72
66 44
31 25
13 11
17 9
42 17
85 37
138 64
189 91
230 115
259 130
267 136
253 136
220 125
173 101
123 74
74 48
35 27
15 13
15 11
39 21
83 46
130 70
169 78
214 89
253 111
269 134
257 142
224 126
181 97
130 70
83 50
42 39
17 23
13 11
33 11
70 27
121 56
171 85
216 109
250 121
265 130
259 134
232 128
189 111
138 82
87 52
44 31
19 17
13 11
29 15
64 29
113 50
166 78
212 105
248 125
265 136
261 136
236 126
197 111
146 85
97 62
50 37
21 17
13 9
25 13
56 25
103 48
158 72
205 99
244 121
263 134
263 138
244 130
205 115
154 89
103 62
58 39
27 23
13 13
21 13
52 25
101 50
154 82
195 101
226 109
253 115
263 123
248 128
210 117
162 93
111 62
66 39
31 23
15 17
19 17
46 23
89 39
140 62
191 91
232 117
259 132
265 136
251 130
216 119
169 99
119 74
70 46
33 23
13 11
15 9
41 19
82 39
132 60
183 85
228 111
257 130
267 138
255 136
222 123
177 101
126 76
78 50
37 29
15 11
15 7
37 15
76 35
125 58
175 83
222 107
253 126
267 138
257 136
230 126
185 105
134 82
83 54
42 33
17 17
13 9
31 15
68 31
117 54
169 82
218 111
255 138
261 140
250 123
226 105
191 93
148 85
93 66
46 35
19 9
15 1
31 15
62 39
107 56
160 76
208 95
246 119
263 136
261 140
238 128
201 107
150 83
99 62
52 41
23 21
13 9
23 9
54 23
99 46
154 74
203 99
240 119
261 132
263 138
246 134
207 117
158 91
107 64
60 41
27 21
13 11
19 9
48 21
93 42
146 68
195 95
236 117
261 132
265 138
250 134
214 121
166 97
113 70
66 44
31 25
13 13
17 13
44 21
85 39
138 64
189 93
232 119
263 140
269 148
246 134
210 109
169 83
123 64
74 46
33 27
13 9
15 3
41 15
80 39
128 66
179 91
224 109
255 125
265 136
255 138
226 128
181 103
130 76
80 50
39 29
15 15
13 11
33 15
72 31
121 54
173 83
220 109
251 126
265 136
259 136
232 128
189 109
138 82
87 56
44 33
19 17
11 9
29 11
64 29
115 52
166 78
212 103
248 123
265 136
261 138
238 130
195 111
146 85
95 60
50 35
21 17
13 9
27 13
58 27
105 48
158 74
207 101
244 123
263 136
263 140
248 138
207 126
146 87
91 44
52 17
27 13
15 15
21 15
48 19
97 35
154 66
201 103
238 126
261 136
265 134
246 128
210 117
162 97
109 70
62 41
29 17
13 7
19 11
46 23
89 41
140 62
193 87
236 117
259 136
265 140
251 132
218 119
171 99
117 74
68 46
33 25
13 11
15 7
41 17
82 37
125 60
185 87
228 111
7 128
267 138
255 136
222 125
177 93
126 74
76 48
37 27
17 15
15 11
35 17
76 35
125 58
177 85
222 111
253 128
267 138
259 138
232 128
193 117
134 87
74 46
33 15
15 0
15 3
31 15
66 29
115 48
171 76
218 105
250 128
265 140
261 140
236 128
193 109
142 83
91 58
46 33
19 15
11 5
25 9
60 27
109 50
162 76
208 99
246 121
263 134
261 138
240 130
193 115
150 89
99 62
52 39
23 19
11 11
23 11
54 23
101 44
13 72
203 97
234 121
13 134
263 138
246 132
208 119
158 93
107 66
60 41
27 21
11 11
19 1
48 21
93 42
5 68
187 93
236 117
11 130
267 140
250 136
214 121
167 99
117 74
72 56
29 33
1 1
7 0
42 0
89 35
138 70
187 93
230 107
259 123
267 138
255 144
220 130
173 103
123 70
72 44
35 27
13 17
13 9
39 13
78 29
128 56
181 87
226 111
255 128
267 136
255 136
226 126
181 107
130 80
80 52
31 29
15 13
13 9
33 17
72 33
121 54
171 80
220 107
251 126
265 138
257 134
232 126
191 107
140 83
87 56
44 31
19 13
15 9
29 15
64 31
113 52
166 78
214 103
248 125
265 136
261 138
238 128
197 111
146 87
95 62
56 44
25 29
5 11
13 0
50 7
105 35
160 70
207 101
242 119
263 128
265 134
244 134
205 123
154 97
103 64
56 37
25 19
11 11
21 13
50 21
95 39
150 64
199 93
240 121
261 134
265 136
248 130
210 117
162 95
109 68
64 42
29 23
13 11
17 9
46 21
89 41
140 66
191 91
234 115
251 132
265 138
251 134
216 121
169 99
119 72
70 46
33 25
13 11
17 9
41 19
82 37
1 60
185 87
228 111
7 128
251 138
255 136
224 125
177 101
126 76
78 52
39 31
15 17
19 15
41 29
70 35
113 41
169 62
224 97
257 130
267 142
255 134
228 117
189 101
136 85
83 64
41 37
17 11
13 5
31 15
66 35
117 56
169 78
216 101
251 123
265 138
259 138
236 128
193 107
142 83
91 58
48 37
19 19
13 9
27 9
62 25
109 50
37 78
208 95
246 121
13 132
263 138
238 130
193 113
150 89
99 62
52 37
15 19
11 11
23 11
54 25
101 46
154 72
203 99
242 121
263 134
263 138
244 132
207 117
158 93
107 68
58 41
27 23
13 13
23 15
54 33
95 48
136 64
187 80
232 101
261 125
267 136
248 132
212 117
167 91
117 70
68 50
31 31
13 15
17 9
44 17
85 39
136 66
187 89
230 111
257 126
265 136
251 134
220 123
173 99
123 72
74 46
37 29
15 15
15 11
39 17
80 33
128 60
181 87
226 113
5 128
265 136
257 136
226 125
181 103
125 78
80 52
39 27
17 13
13 9
35 17
72 33
123 56
173 82
220 107
251 125
267 138
259 138
232 126
189 107
138 83
87 56
44 33
19 17
13 9
29 15
64 31
115 54
171 89
214 115
238 115
253 113
259 119
240 125
199 117
144 89
93 52
52 27
25 17
13 17
25 21
58 29
105 44
158 70
205 99
244 125
263 136
263 134
242 126
203 111
154 93
103 68
56 41
23 19
11 7
21 11
50 25
97 46
150 70
199 95
240 119
261 132
263 138
248 132
210 117
162 93
109 66
62 41
27 21
13 11
19 11
46 21
89 41
142 66
193 93
234 117
259 132
265 138
251 134
216 121
169 97
117 72
70 46
33 27
13 11
17 9
42 21
85 41
134 66
189 95
234 123
3 132
255 126
175 119
222 111
171 99
125 76
74 46
37 23
17 9
17 13
37 23
76 39
126 58
177 82
222 109
251 128
265 138
255 134
228 121
185 101
134 80
83 54
42 31
17 13
13 7
31 13
68 31
117 54
169 80
216 105
250 125
265 136
261 138
234 128
193 109
142 83
89 56
46 33
21 17
13 9
27 13
60 25
109 46
156 76
210 103
246 123
263 134
263 138
240 130
191 115
148 89
97 62
46 37
23 19
11 11
23 13
56 25
103 46
154 74
205 99
242 123
267 142
269 152
240 134
195 99
152 70
107 54
62 42
27 27
11 9
21 3
50 17
95 46
148 76
197 101
236 117
259 128
265 136
248 136
212 123
164 97
113 64
66 41
31 25
13 15
17 11
44 19
87 37
138 64
189 91
230 115
259 130
267 138
251 134
218 121
173 101
123 74
72 48
33 25
13 9
15 9
39 19
78 37
130 58
181 85
226 111
255 128
267 138
255 134
226 123
181 103
130 78
80 52
41 29
15 11
15 9
35 17
72 35
123 56
175 83
220 107
253 128
267 140
267 146
232 136
179 103
126 66
83 41
46 25
19 15
11 9
29 9
66 25
117 52
167 83
212 109
248 126
265 134
261 136
238 130
195 115
146 87
93 56
50 33
21 17
11 11
25 13
58 25
105 44
158 74
207 101
244 123
263 136
263 136
242 130
203 113
152 89
101 64
56 39
25 19
11 7
21 11
52 23
99 44
150 70
199 95
240 119
263 134
265 140
246 132
210 117
158 93
111 68
62 44
29 23
13 11
19 11
46 21
89 41
142 66
193 93
234 117
261 132
265 138
251 134
218 123
175 109
119 83
60 41
21 3
9 0
19 3
42 25
82 42
132 58
185 80
232 109
259 138
267 148
253 140
222 119
177 97
125 76
74 54
35 29
13 9
15 3
35 11
74 33
126 60
179 87
222 109
253 126
267 136
257 138
228 128
185 107
132 78
82 52
42 31
17 15
13 9
31 13
68 29
119 54
169 82
216 107
251 125
265 136
261 138
234 128
193 109
140 83
89 56
48 33
21 17
13 9
27 13
62 29
111 50
162 78
210 103
246 123
263 134
263 136
242 130
201 117
152 95
105 76
50 42
13 9
3 0
21 0
56 21
101 46
154 70
203 93
242 115
265 134
267 146
244 140
207 117
158 89
105 64
58 42
25 23
11 9
19 7
48 17
93 41
146 68
197 95
236 117
261 132
265 138
248 134
212 119
166 95
115 70
64 44
29 23
13 11
17 11
44 21
85 39
138 64
189 91
230 113
257 128
267 138
253 136
218 123
173 99
123 74
72 48
35 27
13 13
15 9
39 17
80 35
128 60
181 87
226 111
255 128
267 138
255 136
226 126
181 105
130 80
80 52
42 35
21 29
11 15
21 1
62 7
123 39
177 82
220 115
250 126
265 128
261 130
234 130
189 117
136 89
85 56
44 29
17 13
11 11
29 17
64 29
113 48
166 72
212 103
250 126
265 138
261 136
236 125
195 109
146 87
93 62
48 35
21 15
13 9
25 13
56 27
105 46
158 74
208 99
244 121
263 134
263 138
242 130
203 113
154 89
101 64
56 41
25 21
11 11
21 11
52 23
97 44
150 70
199 95
240 119
263 132
265 138
246 132
210 117
162 93
111 68
62 44
31 25
19 21
21 21
39 19
78 25
138 46
195 82
236 117
257 132
263 134
251 128
220 119
171 103
117 80
68 50
33 23
13 9
15 9
39 19
82 37
134 60
185 85
228 109
257 128
267 140
253 136
222 123
177 101
125 76
76 50
37 31
15 15
15 9
37 15
76 35
126 58
179 85
222 109
253 126
267 136
257 136
228 126
185 107
134 80
82 52
41 31
17 15
13 11
31 15
68 29
119 52
169 82
216 105
248 125
265 136
259 138
234 128
193 111
142 85
91 58
48 35
19 19
13 11
29 15
66 37
113 62
154 72
199 80
244 103
267 128
265 142
238 134
197 109
150 82
101 60
54 42
21 27
11 13
23 9
54 21
101 44
154 76
203 101
242 117
263 126
263 134
244 132
207 119
158 93
105 64
60 39
27 21
11 11
21 13
48 23
95 41
146 66
197 95
238 119
261 132
263 136
248 132
214 119
166 97
113 70
64 44
31 23
13 11
17 13
42 21
85 37
138 62
191 89
232 115
257 130
265 138
253 134
220 121
173 99
121 74
74 48
35 27
13 11
15 11
41 19
83 42
136 72
177 91
214 101
248 111
265 125
257 132
224 125
179 101
128 72
82 48
41 31
17 19
13 15
33 17
72 31
123 54
173 83
218 109
251 126
265 134
257 132
230 125
189 109
138 85
85 56
44 31
19 15
13 11
29 15
64 31
115 50
167 78
214 103
248 125
265 136
261 138
236 126
195 109
146 85
95 60
50 37
21 17
3 9
25 11
58 27
105 48
35 76
193 93
244 121
13 134
263 138
242 132
203 115
146 91
101 62
56 39
25 21
13 11
21 13
52 23
99 44
27 72
203 101
246 132
9 138
253 125
238 109
208 93
164 93
109 72
60 42
27 15
13 3
21 13
48 31
89 48
142 66
193 87
234 113
1 134
265 142
250 132
216 117
169 93
117 70
68 48
33 25
15 11
17 9
41 17
82 37
136 64
187 91
228 113
255 128
267 138
255 136
222 123
175 101
125 74
76 48
37 27
13 13
15 9
37 17
76 35
126 58
179 83
224 111
255 130
267 138
255 134
228 125
185 105
134 82
82 54
41 29
17 13
15 9
33 17
68 33
119 54
171 82
218 109
255 134
267 148
251 136
222 113
187 89
140 72
91 56
46 35
17 13
13 3
31 9
64 31
111 58
162 82
210 101
246 119
265 136
261 142
236 132
197 111
150 83
97 60
52 39
21 19
3 7
25 11
56 25
103 46
29 74
205 101
242 121
263 134
263 138
244 130
207 115
156 91
105 64
58 39
27 19
13 9
5 11
50 23
95 42
5 68
189 95
236 117
7 132
250 138
248 134
212 119
166 95
109 62
64 44
29 25
13 11
19 9
44 21
85 39
138 64
191 91
232 115
9 132
267 140
250 144
222 134
166 97
111 54
68 27
37 19
17 19
15 15
37 15
80 27
132 58
185 95
226 123
255 132
267 134
255 132
224 123
179 107
128 80
80 48
31 23
15 11
13 9
35 17
72 33
123 54
175 80
220 109
251 128
265 138
259 136
230 125
189 107
136 82
85 54
44 31
19 15
13 9
29 15
66 29
115 52
167 78
214 105
248 125
265 136
261 138
236 128
195 111
144 85
93 56
50 35
21 19
11 9
25 13
58 27
107 48
160 76
208 101
244 123
263 136
263 140
244 134
210 126
152 97
91 56
44 21
23 5
15 3
23 13
50 23
97 37
21 64
205 97
240 125
3 140
265 140
246 130
208 117
160 95
109 70
60 42
27 19
11 7
19 7
46 21
91 42
142 66
193 91
236 115
261 132
267 140
250 136
214 119
169 97
117 72
68 46
31 23
13 9
17 9
42 19
83 39
134 62
185 89
230 113
257 130
265 138
253 134
222 123
177 101
125 76
74 48
37 27
15 13
15 9
37 17
76 35
126 58
179 85
222 111
253 128
267 138
257 136
228 125
185 107
136 85
87 68
41 37
5 1
3 0
31 0
72 29
119 60
169 82
216 99
253 119
267 138
261 146
234 134
193 109
140 80
89 54
46 35
19 19
11 9
27 7
62 21
111 48
31 80
210 105
246 123
15 134
261 138
238 132
199 115
148 87
93 58
52 35
21 19
3 9
25 13
56 25
103 46
154 72
205 99
242 121
263 134
263 138
244 130
205 115
156 91
103 64
58 39
27 21
13 11
21 11
48 21
95 42
148 68
197 95
236 117
261 130
267 138
248 134
212 121
166 97
115 72
72 52
33 35
5 13
5 0
31 1
25 27
15 62
189 91
230 111
259 125
269 134
255 138
220 128
173 105
121 74
72 46
33 25
13 15
13 11
39 15
80 31
130 56
181 85
226 113
255 128
267 136
255 134
226 125
179 105
126 76
78 50
41 29
17 15
13 11
35 15
72 33
123 56
175 82
220 107
251 126
265 134
257 134
232 126
189 109
136 83
85 56
44 31
19 15
13 9
29 15
66 31
115 52
167 78
214 105
248 125
263 134
261 136
238 130
197 113
144 87
93 60
50 37
21 21
17 21
29 27
52 25
93 27
154 50
210 91
248 126
263 142
261 136
242 123
205 109
156 97
101 74
54 42
23 15
13 5
23 11
52 29
97 46
17 62
201 89
240 117
11 134
263 140
246 132
210 115
162 91
109 68
62 42
27 23
13 11
19 9
46 19
91 42
142 68
193 93
234 115
251 130
265 138
250 132
216 121
169 97
117 74
68 46
31 25
13 11
17 11
42 21
83 31
134 62
187 87
226 113
7 130
265 138
253 134
222 123
177 95
125 76
76 50
37 29
17 15
19 15
42 29
74 41
117 52
169 70
220 95
255 121
267 138
255 136
226 121
185 101
134 80
83 58
41 37
15 17
13 5
33 13
70 33
119 58
169 82
216 103
251 123
265 134
259 138
232 126
193 105
142 82
89 58
46 35
19 17
13 9
27 13
62 27
111 50
164 76
210 103
246 123
265 134
263 138
240 130
199 113
148 87
97 60
52 37
21 19
11 9
25 11
56 25
103 44
154 72
205 97
242 119
263 136
265 140
244 132
207 117
158 93
105 66
58 41
25 21
13 11
21 13
50 25
97 46
154 80
197 103
226 107
251 109
263 121
251 132
214 126
162 97
111 60
68 35
35 25
15 23
17 19
44 19
87 35
140 62
189 93
230 119
257 130
265 134
251 128
218 119
173 101
121 76
72 46
35 23
13 11
0 11
39 21
80 37
5 58
183 85
226 111
5 130
267 138
255 134
224 123
179 103
125 78
78 52
31 29
17 15
13 9
33 15
74 33
123 58
175 83
220 107
253 126
265 136
259 138
230 126
187 107
136 82
85 56
44 33
17 15
13 9
31 15
68 31
117 54
173 87
218 117
242 126
253 125
255 121
236 117
197 109
144 87
91 56
50 27
23 13
15 13
25 19
58 31
107 48
160 72
208 99
244 123
263 136
261 136
240 126
201 107
154 87
101 64
56 39
23 19
11 9
23 11
54 27
99 46
152 70
201 95
240 117
263 134
263 138
244 130
208 115
162 91
109 68
60 42
27 23
13 11
19 11
46 21
91 41
142 64
195 91
236 117
259 132
265 138
251 134
216 119
167 97
117 72
68 46
31 25
13 11
15 9
42 19
83 39
136 64
187 91
230 115
263 138
271 150
248 134
210 103
169 80
126 66
76 52
35 31
13 9
15 1
41 15
78 42
128 70
179 91
224 109
253 125
265 136
257 140
226 126
183 101
132 74
82 48
41 31
17 17
13 11
33 13
70 29
119 54
171 82
216 107
251 126
265 136
259 138
232 128
191 109
140 83
89 56
44 33
19 15
13 9
27 13
62 27
111 50
164 76
210 103
248 125
265 134
261 136
240 128
199 113
148 89
95 60
52 37
23 17
11 9
25 13
56 25
103 48
156 74
205 99
244 123
267 140
271 152
242 138
193 109
148 74
103 48
60 35
25 21
9 9
19 5
52 17
99 42
150 74
199 101
236 121
261 130
263 134
248 134
212 121
164 95
111 66
64 39
29 19
13 11
19 11
44 19
87 37
140 62
191 91
232 117
257 132
267 138
251 134
218 121
171 99
121 74
72 46
35 25
13 11
15 9
39 17
82 37
125 62
183 87
226 111
257 130
267 138
255 136
224 125
179 103
128 78
78 50
39 27
17 13
15 9
35 17
72 33
123 56
175 82
220 109
253 128
267 140
259 138
232 130
193 119
134 87
74 44
35 9
17 0
15 5
33 19
64 33
115 46
169 72
216 105
250 134
265 144
259 140
234 125
195 105
144 87
91 62
48 35
21 13
13 5
25 11
58 29
107 50
160 74
208 97
246 123
263 136
263 140
242 130
201 111
152 87
101 62
56 39
25 21
11 9
21 9
54 23
99 44
152 72
201 97
242 117
263 132
265 138
244 134
208 117
162 93
109 66
60 41
27 21
13 13
21 13
46 23
91 41
144 66
195 95
236 117
259 132
265 136
251 134
216 123
173 105
119 82
62 44
19 11
7 0
17 0
42 15
83 39
134 60
187 85
232 111
259 132
267 144
253 140
222 125
175 99
125 74
74 50
35 29
13 11
15 5
37 13
76 33
126 58
179 85
220 109
5 126
267 138
255 138
228 128
183 107
132 80
78 52
33 29
17 13
11 7
33 13
70 31
119 54
171 82
218 107
251 125
265 134
259 136
234 128
191 107
140 82
89 56
46 35
19 17
11 9
29 13
62 29
111 50
156 78
212 103
248 125
265 136
261 138
238 128
199 113
150 91
97 64
56 46
27 31
5 9
11 0
50 3
105 37
160 78
205 105
240 117
263 125
267 134
246 138
205 126
156 97
103 62
58 35
25 21
11 13
19 13
50 19
95 37
148 64
199 97
238 121
261 134
265 136
248 130
212 117
164 97
111 72
64 42
29 21
13 9
17 11
44 21
87 41
140 62
191 89
232 115
259 132
265 138
251 134
218 121
171 99
119 72
72 48
35 29
13 13
15 9
39 17
82 37
130 62
183 87
228 111
257 130
267 138
255 136
224 125
181 103
128 78
78 52
41 33
23 25
13 15
25 9
62 15
121 41
177 76
220 107
250 125
265 130
261 132
234 128
189 113
136 87
85 56
44 29
19 15
11 9
29 15
64 29
115 50
167 76
214 103
250 125
265 136
259 136
236 126
193 107
144 83
91 60
48 35
19 17
13 9
27 13
60 27
107 48
160 76
208 101
246 123
263 136
261 136
240 130
203 113
152 91
101 64
54 39
23 19
13 9
21 13
52 25
99 44
11 70
201 97
240 119
11 132
250 138
246 132
208 119
160 95
109 68
60 42
29 23
13 13
21 15
52 33
19 48
132 54
185 70
234 99
5 130
265 144
240 134
214 113
169 91
119 74
68 54
31 31
13 11
17 5
35 17
83 31
134 64
187 87
230 109
257 125
265 136
253 136
220 125
175 99
125 72
74 48
37 29
15 15
15 9
37 17
78 33
126 58
179 85
224 109
255 126
265 134
255 134
228 126
185 107
132 82
80 52
41 29
17 15
13 11
33 17
68 31
119 52
173 80
218 107
251 126
265 136
259 136
234 126
191 109
140 83
89 58
46 33
19 17
13 9
29 17
68 35
117 62
158 78
199 89
242 105
267 125
263 136
236 130
197 109
148 80
99 56
52 41
21 25
13 15
25 13
56 23
103 46
156 74
205 101
242 121
263 130
263 134
244 128
205 115
156 91
105 64
58 39
25 21
13 11
21 11
50 23
95 42
148 68
197 95
234 117
11 132
250 138
248 132
210 117
164 95
113 70
64 44
29 23
13 11
19 11
44 21
87 41
138 64
189 89
234 115
261 132
265 138
251 134
218 121
173 99
121 76
70 48
33 27
13 13
15 11
41 19
82 39
132 62
189 97
230 125
250 128
255 111
250 115
93 115
181 107
126 82
68 46
39 19
19 1
17 15
37 27
72 39
123 54
175 78
220 109
1 130
265 140
250 134
226 121
187 101
134 80
85 58
44 33
17 15
13 9
31 15
66 31
115 54
167 78
214 103
248 123
263 134
261 138
236 128
187 109
142 83
91 58
50 37
21 19
13 11
27 13
60 27
107 48
160 76
208 101
246 121
263 134
263 138
240 130
203 113
152 89
99 64
54 37
23 19
13 11
21 11
52 23
101 44
156 76
205 105
248 132
261 140
253 130
236 117
207 103
160 87
107 66
58 39
27 17
15 5
21 11
50 27
93 48
15 62
195 91
236 115
261 134
263 140
248 132
212 115
166 91
117 70
66 44
31 23
13 11
17 9
42 19
83 39
134 64
187 91
230 113
257 128
265 136
251 134
222 123
175 101
123 74
74 48
37 27
15 13
15 11
37 17
78 35
128 58
179 85
224 111
255 130
267 138
255 136
228 125
183 105
132 82
80 54
41 31
15 13
13 9
33 17
70 33
121 56
173 82
220 107
251 128
267 142
265 150
232 134
179 95
130 60
87 39
48 29
21 23
11 11
27 7
64 19
115 52
166 87
212 113
246 125
265 130
261 134
238 130
197 115
146 85
95 54
52 31
21 17
11 11
25 15
56 25
105 46
156 72
205 99
244 123
265 136
263 138
242 130
205 115
156 91
103 64
56 39
25 19
13 9
5 1
50 21
97 42
7 70
197 95
234 117
11 132
265 140
248 134
210 119
164 95
111 68
64 44
29 23
11 9
19 9
46 21
89 41
140 66
191 91
234 115
251 132
267 142
255 144
222 132
166 99
107 60
64 29
33 13
15 9
15 9
37 15
80 29
134 58
187 91
228 119
1 134
267 138
255 134
224 123
177 105
126 76
78 50
39 27
15 11
13 7
35 15
74 35
125 56
175 83
222 109
253 126
267 138
257 138
228 126
187 105
136 80
83 54
42 31
17 13
13 7
33 15
68 31
115 52
167 80
216 105
250 125
265 136
261 138
236 128
195 109
144 85
91 58
48 37
19 17
13 9
25 11
60 25
109 50
162 78
208 103
246 121
265 134
263 138
240 132
201 117
158 101
103 76
46 37
11 0
7 0
25 1
56 29
99 50
150 68
203 89
244 117
265 140
263 148
244 136
207 113
160 87
107 66
58 44
25 23
11 7
19 5
46 15
91 41
146 70
195 97
236 115
259 130
265 138
251 136
214 123
167 99
115 70
66 44
31 25
11 13
17 11
42 19
85 37
136 62
187 89
230 115
257 132
267 138
253 134
222 121
175 99
123 74
74 48
37 27
15 13
13 11
37 17
78 35
3 60
179 87
220 113
3 128
251 138
257 136
226 126
183 105
134 83
87 64
39 35
5 7
5 0
31 0
74 25
121 56
169 80
216 101
251 121
269 138
261 144
232 132
191 111
140 82
87 54
44 33
17 17
11 7
27 9
62 23
111 48
164 78
212 105
248 123
263 132
263 136
238 130
197 113
146 87
95 60
52 35
21 17
11 9
25 13
56 25
105 46
156 72
205 97
244 121
265 136
263 138
242 130
205 115
156 91
103 66
56 41
25 19
13 9
21 11
50 23
95 44
148 68
199 97
238 119
261 132
265 138
250 134
212 121
164 97
111 70
64 44
31 27
19 25
15 17
33 9
80 15
140 48
195 91
234 121
257 132
265 130
253 126
220 123
171 107
119 80
70 48
33 21
13 9
15 11
39 21
80 35
130 56
185 83
228 111
255 130
265 138
255 134
224 121
179 101
126 78
76 52
37 29
15 13
13 9
35 15
74 33
125 56
175 82
220 105
253 125
267 136
257 138
230 126
185 105
134 80
83 52
42 33
17 17
13 9
31 13
66 29
117 52
169 82
216 107
250 126
265 136
259 136
236 128
195 111
142 87
91 58
48 35
23 21
19 19
31 25
52 25
97 35
156 56
208 89
246 121
263 136
261 136
240 125
203 111
152 91
101 70
54 44
23 19
11 7
21 11
54 27
99 46
150 70
201 93
240 117
263 134
263 138
244 132
208 115
160 91
107 68
60 42
27 23
13 11
19 11
48 23
91 41
144 68
195 93
236 117
259 132
265 138
250 134
214 119
166 95
115 70
68 46
31 27
13 11
17 9
42 19
85 39
136 64
187 89
230 113
259 130
267 138
253 134
220 121
175 101
125 76
74 50
35 27
15 11
17 11
39 19
82 44
132 70
173 83
212 89
250 107
267 128
259 140
224 128
181 99
130 70
83 50
42 37
17 25
13 13
33 11
72 27
121 56
171 85
216 109
251 123
265 132
259 134
232 128
191 111
140 83
87 56
44 33
17 15
13 11
29 15
64 29
111 48
164 76
212 103
248 125
265 134
261 136
238 126
199 111
148 87
95 60
50 35
23 17
11 9
25 11
56 25
105 46
158 74
205 99
242 121
265 134
263 138
244 130
205 115
156 91
103 64
56 41
25 21
13 11
23 13
52 25
99 48
156 80
199 103
228 113
251 117
263 125
250 126
212 119
162 93
109 62
64 37
33 23
15 19
19 17
44 21
89 39
140 64
191 93
232 117
257 130
265 134
251 130
216 119
169 97
119 72
70 44
35 25
13 13
17 11
41 19
82 37
132 60
185 85
228 111
257 130
267 138
253 134
224 123
179 103
126 78
76 50
37 29
15 13
15 9
35 17
74 33
126 56
177 85
222 109
251 126
267 136
259 138
230 126
185 107
134 82
83 54
42 31
17 17
13 11
31 15
68 31
117 54
169 82
216 109
255 138
263 142
250 125
226 103
193 93
146 85
91 64
46 35
19 9
13 1
29 15
62 39
107 58
160 76
208 95
246 119
263 138
261 142
240 128
201 107
150 83
99 62
54 41
23 21
13 11
21 9
54 25
101 48
152 74
203 99
240 119
263 132
263 138
244 130
207 115
160 91
107 66
60 41
27 21
13 11
21 11
48 23
93 41
144 66
195 95
236 117
261 132
265 138
250 134
214 119
167 97
115 70
66 44
31 25
13 11
17 9
42 19
85 39
138 64
189 93
232 117
263 140
269 148
246 134
208 107
169 83
123 64
74 46
33 27
13 9
15 3
41 15
80 39
128 66
179 89
226 111
255 126
265 136
253 136
224 125
181 101
130 74
80 48
41 29
17 17
13 11
33 13
72 29
121 54
173 83
218 109
251 125
267 136
259 138
232 128
189 109
138 82
87 54
44 33
19 17
13 9
29 13
64 29
113 50
164 78
212 103
248 123
265 134
261 138
238 130
189 111
148 87
95 60
50 37
21 19
5 9
25 13
56 25
101 48
158 74
207 93
244 121
13 136
263 140
185 140
207 126
146 85
89 42
52 17
19 11
15 17
21 19
48 21
97 35
19 66
201 103
222 128
3 138
263 134
246 128
210 117
162 99
109 72
62 41
27 15
13 7
19 11
46 23
89 41
142 62
193 89
234 117
259 132
265 138
251 134
218 121
169 99
119 72
70 48
35 25
13 11
15 9
39 17
82 35
125 60
185 89
228 113
257 130
267 138
255 136
224 123
179 103
126 78
76 50
37 27
15 13
13 9
35 15
74 33
125 58
177 85
222 111
253 128
267 138
259 138
234 132
191 119
132 87
72 44
33 13
17 0
13 3
31 15
66 29
115 48
171 76
218 107
251 130
263 142
261 138
236 128
193 109
142 87
89 62
46 35
19 15
11 5
27 13
60 27
109 50
162 74
210 101
246 123
263 136
263 140
240 130
201 113
150 89
99 64
52 39
23 21
11 9
23 9
54 25
101 46
154 72
203 99
240 119
263 132
263 138
246 132
207 117
158 91
107 66
60 41
25 21
13 11
21 9
48 23
93 42
3 68
187 95
236 117
261 134
265 138
248 134
214 119
167 97
119 76
72 60
29 31
1 0
9 0
42 3
89 39
138 72
187 91
230 105
261 123
269 140
255 144
220 130
173 99
123 68
74 44
35 29
13 15
13 9
37 11
78 29
128 56
179 87
226 111
257 128
267 134
255 134
226 125
183 107
130 80
80 50
39 27
15 13
13 9
33 17
70 31
121 54
173 80
220 107
251 126
265 136
259 136
232 126
189 109
138 83
87 56
44 33
19 15
13 9
29 13
64 29
113 50
166 78
212 103
250 125
265 136
261 140
238 130
197 111
148 87
97 62
56 46
25 29
5 9
13 0
52 7
107 37
33 72
189 101
242 117
13 126
250 126
242 136
205 123
154 95
103 62
58 37
25 19
11 11
3 11
50 19
97 39
9 62
199 95
238 119
11 132
250 136
248 132
210 117
158 95
111 68
62 42
27 19
11 9
19 9
46 21
82 41
140 64
193 91
234 117
9 132
265 138
251 134
216 121
169 99
119 72
68 46
33 27
13 13
15 11
41 17
78 37
125 62
185 87
228 111
7 128
265 138
253 134
224 123
179 105
128 78
78 52
31 31
15 17
19 19
31 31
66 31
113 37
171 62
224 101
257 132
265 142
255 130
222 115
189 103
136 89
83 64
33 35
17 11
13 5
31 15
64 33
117 54
169 78
216 101
0 121
265 136
261 140
236 130
193 107
142 82
91 58
48 37
19 19
3 9
27 11
60 25
109 48
162 76
208 93
246 121
13 134
263 138
240 128
201 113
150 87
95 60
54 37
23 19
11 9
23 11
54 25
101 46
154 74
203 99
242 121
13 134
263 138
246 132
207 117
158 93
107 66
60 41
27 23
13 13
23 17
54 33
91 48
134 60
185 76
234 101
13 128
267 140
246 134
212 115
169 91
117 72
68 52
31 31
13 13
17 7
42 17
83 31
134 64
187 89
230 109
7 126
265 136
253 136
220 125
173 101
123 72
72 46
35 29
13 15
15 9
39 17
78 35
128 58
181 85
224 111
5 128
267 138
255 136
226 125
181 103
125 76
82 52
33 31
15 15
13 9
33 15
64 33
121 54
173 82
220 107
251 126
265 136
257 136
232 126
191 107
138 83
87 56
46 33
19 17
13 13
29 17
66 33
117 56
171 91
208 109
236 109
0 111
257 123
115 130
197 117
144 85
95 52
52 29
23 21
13 19
25 21
58 27
105 44
156 70
207 101
242 126
261 134
261 132
242 126
205 113
154 91
103 66
56 37
25 17
13 9
21 13
50 25
97 42
150 68
199 95
238 119
259 132
265 136
248 132
210 117
162 93
111 68
64 42
29 21
11 11
19 9
46 21
89 39
140 64
193 91
234 115
259 132
265 138
251 134
216 121
171 97
119 74
70 46
33 25
13 13
17 11
41 19
82 37
136 64
193 99
232 123
248 126
255 123
250 117
224 115
179 103
125 78
76 46
39 21
17 13
17 15
37 25
76 39
125 56
177 82
222 109
253 130
265 138
255 134
228 121
185 101
134 80
83 56
42 33
17 13
13 7
33 15
68 33
117 56
169 80
216 105
250 125
265 136
259 138
234 128
193 109
142 83
91 56
48 35
19 17
11 7
27 11
62 27
111 50
162 78
208 101
246 123
265 136
263 140
238 132
201 113
152 89
99 62
54 39
23 19
11 9
23 11
56 25
101 46
154 72
205 99
242 123
269 144
265 150
236 126
197 95
154 72
109 60
60 44
25 25
11 5
21 3
50 19
95 50
146 78
195 99
236 113
259 128
265 138
248 138
212 121
164 91
115 64
66 42
29 25
13 15
17 9
44 17
85 37
138 66
189 91
232 117
257 130
265 134
253 132
222 123
175 103
123 74
72 46
35 25
15 13
15 11
39 19
78 35
130 58
181 85
226 111
255 130
267 138
255 134
226 125
181 105
130 78
80 50
39 27
17 13
13 9
33 15
72 31
123 56
173 83
220 111
253 130
269 144
265 152
228 130
177 99
130 66
85 41
46 27
17 15
11 7
29 9
68 25
117 52
167 85
212 111
248 126
265 134
261 136
236 130
195 113
144 85
95 56
50 33
21 17
11 9
25 11
58 25
105 46
158 72
207 99
244 125
263 136
263 138
242 130
205 113
154 91
101 64
56 39
23 17
13 9
21 11
52 23
97 42
150 68
199 93
240 119
261 134
263 140
248 132
210 117
162 95
109 68
62 42
29 21
13 11
19 9
46 21
89 41
142 66
193 93
234 115
261 132
267 140
251 136
218 125
175 111
115 76
58 31
23 0
13 0
21 11
42 27
80 37
132 54
187 82
232 117
257 140
265 146
253 134
222 117
177 99
125 80
74 54
37 27
15 9
15 5
35 15
76 37
126 60
179 83
222 105
251 125
267 138
259 140
228 128
185 105
134 80
83 54
42 33
17 15
11 7
33 11
68 29
117 54
169 80
218 107
251 126
265 136
259 136
234 128
193 111
142 83
89 58
46 33
19 17
13 9
25 13
60 25
111 48
164 78
210 103
246 123
265 136
263 138
242 132
203 117
156 97
101 70
44 35
11 3
7 0
25 1
56 23
101 46
152 68
203 91
244 117
267 138
265 148
244 138
207 117
160 91
107 66
58 42
25 21
11 7
19 5
48 19
93 41
146 68
197 95
236 117
261 130
265 138
250 136
214 121
166 97
115 70
66 42
29 23
11 11
17 11
44 19
85 39
136 64
189 89
232 115
259 130
265 138
253 136
220 121
173 101
123 74
72 46
35 25
15 11
15 9
39 19
80 35
130 60
183 87
226 113
255 130
265 138
255 134
226 125
183 107
130 82
80 54
44 39
19 27
5 5
21 0
68 9
125 48
175 87
218 111
250 121
267 128
261 134
234 134
189 117
138 85
85 52
44 29
17 15
11 13
29 15
62 23
113 44
167 74
214 107
248 128
265 136
261 134
238 128
197 113
146 89
93 60
50 33
21 15
11 9
25 13
58 25
105 46
158 74
207 99
244 121
263 134
263 138
242 130
203 113
154 87
103 64
56 41
23 21
11 9
21 11
52 25
97 44
150 70
201 95
240 119
261 134
263 138
246 132
210 117
164 95
111 70
62 44
33 29
21 23
15 15
35 11
80 23
140 50
193 85
234 115
257 130
265 134
253 130
218 123
171 105
119 78
70 48
33 23
13 9
15 9
41 21
82 37
132 58
185 85
228 111
257 130
267 140
253 134
222 123
179 101
126 76
76 50
37 27
13 11
15 7
37 17
76 35
126 58
179 85
224 109
253 128
265 138
257 136
228 125
185 105
132 78
83 52
42 31
17 15
13 9
31 13
68 31
119 54
169 82
216 107
250 126
265 136
259 136
236 128
193 111
142 85
89 58
46 35
21 19
13 11
31 19
66 41
105 52
150 60
203 76
246 107
267 136
263 144
238 128
199 105
152 83
101 66
54 48
21 27
11 9
23 5
54 21
101 46
29 76
203 97
240 115
5 128
263 136
244 134
205 119
158 91
107 64
58 41
25 23
13 13
21 11
48 21
93 41
5 66
189 95
236 117
11 132
263 136
250 132
212 119
166 95
111 68
66 42
33 23
13 13
17 11
44 19
87 39
138 64
189 91
230 115
257 130
267 138
253 134
220 123
173 99
123 74
74 48
35 27
13 13
17 11
41 23
87 46
130 68
171 83
216 95
251 113
269 130
257 136
224 125
179 99
130 72
82 50
33 35
17 21
13 13
33 15
72 29
121 54
173 83
218 109
251 125
265 132
259 134
232 126
189 109
136 82
85 54
44 31
17 15
11 9
31 15
66 31
113 52
166 78
214 103
250 125
265 136
261 138
236 128
197 111
146 85
93 58
50 35
23 19
13 11
25 13
58 27
107 48
158 74
207 101
244 121
263 134
263 138
240 128
203 113
154 89
103 66
56 41
25 21
13 11
23 11
52 27
99 48
150 74
205 105
240 128
251 126
253 117
244 113
212 111
164 99
109 72
60 37
29 13
17 9
23 21
46 33
87 44
142 62
193 87
234 117
257 136
263 138
250 130
216 115
169 95
117 72
68 48
33 25
13 9
15 7
41 19
83 33
134 64
185 87
228 111
7 128
265 138
253 134
160 123
177 101
125 76
76 48
37 27
15 13
15 9
37 17
76 33
126 58
177 85
222 111
253 128
265 136
257 136
230 126
185 105
132 82
82 54
42 31
1 15
5 9
31 15
5 29
121 54
171 83
220 113
3 126
261 138
250 126
220 113
191 97
126 80
91 56
44 31
19 11
13 5
31 15
64 35
109 54
162 76
210 101
246 123
13 136
261 140
236 128
199 109
148 83
99 60
52 39
23 21
13 9
23 11
54 25
103 48
156 74
205 99
242 117
263 132
265 138
244 132
205 115
156 89
105 62
58 39
27 21
13 11
21 11
48 21
93 41
146 68
197 93
238 117
261 134
265 138
248 134
212 119
166 97
115 70
64 44
29 23
13 11
19 11
44 21
85 39
138 64
191 91
232 117
259 132
269 144
257 150
214 125
160 83
113 50
72 33
39 29
15 21
13 9
39 9
82 29
132 62
183 95
226 119
255 128
265 132
255 132
224 125
179 107
128 78
78 46
39 25
17 13
13 11
33 17
72 31
123 54
175 82
220 109
251 128
265 136
259 134
232 125
189 107
136 82
85 54
44 31
19 15
5 9
29 13
66 29
115 50
35 78
212 103
248 125
265 136
261 138
236 128
195 109
146 85
93 60
48 37
21 17
13 9
25 13
58 27
105 50
160 76
208 103
244 123
265 136
265 140
250 142
205 123
144 87
89 48
52 21
27 11
13 11
21 11
50 19
99 39
154 68
203 103
240 125
261 138
265 136
246 130
208 117
158 93
109 68
62 41
27 19
11 9
17 9
48 21
91 42
142 66
193 91
234 117
259 132
265 140
251 134
216 121
167 99
117 72
68 46
33 25
13 11
17 9
41 17
83 37
134 62
185 87
228 111
257 130
267 138
253 136
222 123
177 101
125 74
76 50
37 29
15 13
15 9
33 17
5 35
1 60
177 78
224 109
5 126
267 138
257 138
228 128
185 109
138 91
82 64
31 23
5 0
1 0
31 11
72 37
117 56
44 76
218 97
3 125
267 144
251 146
234 128
191 103
125 78
89 58
46 39
19 17
3 5
27 7
62 25
111 52
162 80
203 101
248 121
265 134
261 138
240 130
201 115
150 89
97 62
50 35
23 17
13 11
25 13
54 25
101 44
156 72
205 99
242 121
263 134
265 138
244 130
207 117
156 91
105 66
60 41
27 21
13 11
19 11
48 21
93 42
146 68
197 95
238 119
261 134
265 140
248 134
214 121
167 99
117 76
70 56
25 25
1 0
9 0
44 5
87 35
138 64
189 87
232 109
11 128
267 140
253 142
220 126
173 103
117 72
72 46
33 27
13 15
13 9
37 13
80 31
130 58
181 87
226 113
255 128
267 136
255 136
224 125
181 105
128 78
80 52
39 29
15 13
13 9
35 13
74 31
123 56
175 82
220 107
253 125
265 136
257 136
232 126
187 107
136 80
85 54
44 33
19 15
13 9
29 13
64 29
115 52
166 80
212 103
250 125
265 136
261 138
236 130
195 111
144 85
95 60
50 39
25 27
17 23
21 15
46 11
99 25
160 62
210 103
244 128
261 132
263 128
244 125
205 119
154 101
99 70
54 37
25 15
13 9
21 13
50 25
97 42
152 66
199 91
240 119
261 136
265 140
246 132
208 115
160 93
109 68
62 44
27 21
11 7
19 7
46 19
91 41
142 66
193 91
234 115
259 132
265 138
250 134
216 119
169 97
117 70
68 44
31 23
13 11
17 7
42 19
83 39
134 62
187 89
230 113
257 130
265 138
253 134
222 123
177 103
125 76
76 50
39 31
17 19
23 21
37 25
66 29
117 41
175 68
224 101
255 128
265 136
255 130
160 119
189 105
136 87
82 62
1 33
1 13
13 7
31 17
68 33
109 54
44 78
216 101
250 123
265 136
261 136
234 126
193 107
140 82
89 58
46 35
19 17
13 9
27 11
62 25
111 50
164 78
210 103
246 123
265 134
263 138
238 130
199 113
150 87
97 60
52 37
21 19
11 9
25 11
56 25
103 46
156 72
205 99
242 121
263 134
263 138
244 130
207 117
156 91
105 64
60 41
27 23
13 13
21 13
50 25
101 54
148 78
185 85
226 93
259 113
269 136
250 140
210 121
164 89
115 60
68 44
31 33
13 21
17 13
42 15
87 35
138 66
189 93
232 115
259 128
265 134
251 132
218 123
173 103
121 74
72 46
35 25
13 13
15 11
39 17
80 35
130 58
183 85
226 111
255 128
267 136
255 134
224 123
179 101
128 76
80 50
39 29
15 13
15 9
35 17
74 33
123 56
173 82
220 107
251 126
265 138
257 138
230 126
189 105
138 82
85 56
42 33
19 17
15 9
31 15
66 33
119 58
173 89
208 105
236 113
257 119
261 125
236 125
195 111
144 83
93 54
52 31
23 21
13 17
25 17
58 25
107 44
160 74
207 103
244 123
263 134
263 134
240 126
203 113
152 91
101 64
54 37
23 17
13 9
21 13
52 23
97 42
152 68
201 97
240 121
261 134
263 136
246 130
208 117
160 93
109 68
62 42
29 21
11 9
19 9
48 23
91 42
142 68
193 91
234 115
259 132
265 140
250 134
216 119
169 97
117 72
68 46
31 25
15 13
17 11
42 21
83 39
136 64
187 91
234 121
263 144
259 138
242 115
216 99
177 91
126 80
74 54
35 25
15 3
17 5
39 21
76 42
126 64
179 83
224 105
253 126
265 138
255 140
226 125
183 101
132 76
82 54
41 33
15 15
13 7
33 13
70 33
119 56
169 82
218 107
251 125
265 136
259 136
234 128
191 109
140 82
89 56
46 33
19 19
13 11
27 13
62 27
111 50
164 78
210 103
246 123
265 134
263 136
238 130
199 113
148 87
97 60
52 37
23 19
11 9
25 13
56 25
103 46
154 72
203 99
246 125
273 146
263 148
234 126
197 99
154 76
107 58
58 41
23 19
11 5
23 5
52 21
95 48
148 74
197 97
236 115
261 130
265 138
248 136
212 119
164 91
111 64
64 41
29 21
13 13
17 9
44 17
87 39
138 64
191 93
232 115
259 130
265 136
251 132
218 119
171 97
121 72
72 46
35 27
13 13
15 9
39 19
80 37
130 60
183 87
226 111
255 128
265 136
255 134
226 125
179 103
128 78
78 50
39 29
15 15
13 11
33 15
74 33
123 56
175 83
220 107
253 128
267 140
259 140
236 140
187 115
126 72
76 33
41 13
21 11
15 15
27 17
64 21
117 44
171 82
216 115
248 134
265 138
259 132
236 125
193 113
144 89
91 58
48 29
21 11
11 7
25 15
58 29
107 48
160 72
208 101
244 123
263 138
263 138
240 130
201 111
152 87
101 64
56 41
23 19
11 7
23 11
54 25
99 46
150 70
201 95
240 117
261 134
263 138
244 132
210 117
162 93
109 68
60 41
27 21
13 9
19 11
46 21
91 41
144 66
193 91
236 117
261 134
267 140
251 136
220 128
171 109
111 72
56 35
25 7
13 0
19 5
41 19
82 35
126 56
189 85
232 117
257 136
265 144
253 136
222 121
175 99
123 76
72 48
35 25
13 7
15 7
37 17
76 37
126 60
179 83
224 109
253 128
267 138
257 138
228 125
183 103
132 78
82 54
41 31
17 15
13 9
31 15
70 31
119 54
171 82
218 105
251 126
265 136
259 138
234 128
191 109
140 83
87 56
46 35
19 17
13 11
29 13
62 27
111 50
164 76
210 103
246 123
265 136
263 138
240 132
199 115
148 89
101 68
56 50
15 17
0 0
17 0
56 13
107 50
156 80
203 97
242 113
265 130
267 144
244 142
205 121
156 89
105 60
58 39
25 23
11 13
21 9
50 17
95 39
148 68
199 97
238 119
261 132
265 136
248 132
212 119
164 95
111 66
66 41
31 23
13 13
17 11
44 19
89 39
140 64
191 91
230 115
257 130
267 136
251 132
218 121
173 101
121 74
72 46
33 25
15 11
15 11
41 19
80 37
130 60
183 85
226 111
255 128
267 138
255 136
226 125
179 105
128 80
82 56
46 41
15 21
3 3
23 0
70 15
125 46
177 83
220 109
251 123
267 130
261 136
232 132
187 113
134 82
85 54
44 31
1 17
0 11
29 13
66 27
115 48
33 76
214 105
248 126
15 136
261 134
220 128
187 111
140 87
91 60
48 35
21 15
5 9
25 13
58 27
107 48
160 64
208 99
246 123
13 136
263 138
242 128
201 113
152 89
101 64
54 41
23 21
11 9
23 11
52 25
99 46
144 70
201 95
240 119
13 134
265 140
246 132
208 117
162 95
109 68
60 42
27 21
15 15
27 25
46 29
80 29
134 42
195 76
240 115
3 138
263 140
250 126
218 111
169 99
117 80
68 52
31 25
13 7
17 5
33 21
83 44
134 64
185 83
228 107
257 128
265 138
253 138
222 123
175 99
125 74
76 50
37 29
15 13
15 9
37 15
76 33
126 58
179 85
224 109
253 126
267 136
257 136
228 125
183 105
132 80
82 52
41 29
17 15
13 9
31 13
70 31
121 54
171 82
216 107
250 125
267 136
261 138
232 130
191 109
140 83
89 56
46 35
19 19
15 13
35 23
66 39
103 50
152 64
207 85
248 113
265 134
261 138
236 125
199 105
152 85
99 66
52 44
21 23
13 9
23 11
56 25
103 50
154 74
203 97
242 117
13 130
263 138
244 132
205 115
156 89
105 62
58 39
25 21
13 11
21 11
50 23
95 42
146 68
197 93
238 117
261 134
265 136
248 132
212 117
164 95
111 70
64 42
29 21
13 11
17 9
44 21
87 39
140 64
191 91
232 115
257 130
267 138
251 134
218 121
171 99
121 74
72 46
33 25
15 13
17 11
41 21
82 39
136 70
187 99
220 111
246 111
261 117
257 126
226 126
179 109
126 74
78 42
41 25
17 19
15 19
35 21
1 31
123 50
175 82
220 113
1 128
263 132
257 128
232 123
187 109
126 83
85 56
44 29
19 15
11 11
29 15
66 31
115 52
160 76
214 103
250 125
265 138
261 138
236 125
195 107
146 85
93 60
48 37
21 15
13 9
25 13
58 27
107 48
160 76
208 101
244 123
265 134
263 138
242 132
203 115
152 89
99 62
54 37
25 19
11 11
23 13
54 25
101 46
156 76
208 109
238 125
1 126
255 121
244 117
208 111
160 91
107 66
60 37
29 17
15 11
21 15
48 29
91 44
144 66
193 91
234 117
259 134
263 138
250 130
214 117
167 95
115 72
68 44
31 25
13 11
17 9
41 19
83 39
136 62
187 89
230 113
257 130
265 138
253 134
220 123
175 99
123 74
74 48
37 27
13 13
13 7
37 15
78 35
128 60
179 85
224 111
253 128
265 136
257 136
228 126
183 107
132 80
80 52
41 29
17 13
13 11
33 17
70 31
121 54
173 82
218 109
253 130
271 150
257 142
220 115
181 83
138 68
91 56
46 41
17 17
11 1
31 5
66 29
113 60
164 85
212 103
248 119
265 134
261 140
238 132
197 111
148 83
95 56
50 35
23 19
13 13
25 13
56 23
103 44
156 74
205 101
242 123
13 132
263 134
244 130
205 117
154 91
103 62
58 37
27 21
11 11
19 11
50 23
97 42
148 68
197 95
238 119
261 132
265 138
248 132
212 117
164 95
113 70
64 42
29 23
13 11
19 11
44 21
87 41
140 64
191 91
234 117
261 134
273 148
255 146
210 119
160 85
113 56
72 37
35 25
13 11
13 5
41 11
68 35
1 66
183 95
226 115
0 128
251 136
255 136
222 125
179 103
126 74
78 48
37 25
13 11
15 9
37 17
74 33
123 54
177 83
222 109
253 130
265 138
257 134
230 125
187 105
136 82
83 54
42 31
19 13
13 9
29 15
66 31
117 52
167 80
214 103
250 123
265 136
259 136
236 128
195 111
144 85
91 60
48 35
21 17
13 9
27 13
60 27
107 48
160 74
208 101
246 123
263 136
263 140
242 132
207 123
154 103
91 60
42 17
19 0
15 1
23 15
52 27
99 42
154 64
205 95
242 126
263 144
265 142
246 130
207 113
158 93
107 70
60 42
27 19
11 5
19 7
48 21
91 42
144 68
195 91
236 115
259 132
265 140
250 136
214 119
167 95
117 70
68 46
31 25
13 11
17 9
42 17
83 39
136 64
187 91
230 113
257 126
267 136
255 136
220 125
175 103
123 74
74 48
37 27
13 15
15 11
37 17
78 33
126 56
179 85
224 109
255 130
267 140
255 138
228 126
187 111
136 91
78 58
29 23
7 0
13 0
35 9
70 31
117 52
46 5
220 101
0 128
251 144
259 144
234 130
191 107
138 80
87 54
44 33
21 17
13 7
27 11
62 25
113 52
164 80
212 103
248 123
265 134
261 138
238 130
197 111
148 87
95 60
52 37
21 17
13 9
25 13
56 25
103 46
156 72
205 99
242 121
263 132
263 136
244 132
205 117
156 91
103 64
58 39
25 21
13 11
21 11
50 21
95 42
148 68
199 97
238 119
261 134
265 138
248 134
212 121
164 97
113 72
66 48
35 37
9 15
5 0
37 0
89 23
144 66
191 99
232 117
259 125
267 130
253 138
218 130
171 107
119 72
70 41
33 23
15 15
13 13
39 17
80 31
132 56
183 87
228 115
255 130
267 136
255 134
224 123
177 101
128 78
80 52
39 31
15 13
13 9
35 17
74 35
125 58
173 82
222 105
253 125
267 136
257 136
230 125
189 105
136 82
85 56
42 33
17 15
13 9
31 15
66 31
115 52
169 80
214 105
250 125
265 134
261 138
236 130
193 111
144 85
93 60
50 41
27 29
13 21
17 11
48 11
103 33
162 66
208 101
244 123
263 130
263 132
242 128
203 117
152 97
101 68
54 39
23 17
11 9
21 13
52 25
99 42
152 68
201 95
240 121
261 134
263 138
246 130
208 115
160 93
107 68
60 42
27 21
13 9
17 9
46 21
91 41
144 64
195 91
236 115
251 132
265 138
250 132
216 119
167 97
115 72
66 44
31 23
13 11
17 11
42 21
83 39
136 62
189 89
230 113
257 130
265 138
253 134
220 123
175 99
123 74
72 48
37 29
17 15
15 13
42 29
80 48
119 54
169 64
220 87
257 121
269 142
255 140
226 121
183 95
132 76
83 60
41 39
15 17
13 5
33 11
70 33
119 58
171 83
218 103
250 121
263 132
259 138
234 130
191 109
140 82
87 54
46 33
19 17
13 11
27 13
62 27
111 50
164 78
210 105
248 123
265 134
261 136
238 130
197 113
148 87
95 60
52 35
21 17
11 9
25 11
58 27
105 48
156 74
205 97
244 121
265 136
263 140
242 132
205 115
156 91
103 66
56 41
25 21
13 11
23 13
54 27
103 56
140 74
189 87
230 101
259 119
267 132
248 132
208 117
164 89
113 64
66 44
31 29
13 17
17 11
44 19
27 39
13 66
189 93
224 113
9 128
250 126
251 132
154 121
171 99
111 72
70 46
33 25
13 13
17 11
41 19
80 35
130 58
185 87
228 115
255 130
265 136
255 134
224 123
179 103
126 78
78 50
31 27
15 13
15 9
35 17
74 33
125 56
175 83
220 109
253 128
267 138
257 136
230 125
185 105
134 80
83 54
42 33
17 15
13 9
31 15
66 29
117 56
173 85
222 121
246 128
253 119
253 113
236 115
197 113
144 91
89 56
48 25
23 11
15 13
27 23
60 33
109 48
160 70
208 97
244 123
263 138
263 138
240 125
201 107
150 87
99 66
54 39
23 17
11 7
23 11
54 25
99 48
152 72
203 95
240 119
263 134
263 138
244 130
208 115
160 93
107 66
60 41
27 21
11 9
19 9
48 21
93 42
144 66
195 93
236 117
261 132
267 138
250 134
214 121
167 97
115 70
68 46
31 25
13 13
17 9
42 19
85 41
138 64
189 93
238 123
259 140
257 134
240 119
218 105
177 93
125 74
72 48
33 21
15 5
19 9
39 23
78 42
128 62
181 85
226 109
253 128
265 140
255 138
226 123
181 99
130 74
80 52
41 31
17 15
13 7
33 13
70 31
121 58
173 83
218 107
251 125
265 136
259 138
232 128
189 107
140 82
80 56
44 31
19 17
5 9
27 13
62 27
113 50
33 80
210 105
248 125
265 136
263 138
238 130
197 113
148 87
64 60
50 35
21 17
5 9
25 13
56 27
105 48
158 74
189 101
244 123
15 138
269 150
244 142
195 109
144 62
101 44
60 35
27 25
11 13
19 5
52 13
99 42
152 78
199 107
238 121
11 128
265 134
246 134
208 123
162 95
111 64
64 37
29 21
11 13
17 13
44 21
89 39
142 64
191 93
232 119
259 132
265 136
251 132
216 119
169 97
121 74
70 46
33 25
13 9
15 9
41 19
82 37
130 60
185 85
228 111
257 130
265 138
253 136
224 123
179 101
126 76
78 50
39 29
15 13
15 9
35 15
74 33
125 56
177 83
222 111
253 130
267 140
261 144
236 138
183 111
125 72
76 37
41 17
19 9
13 9
29 13
66 25
119 48
171 80
216 111
250 132
265 138
259 136
236 126
193 111
142 87
89 56
46 29
21 13
13 9
27 13
60 27
109 48
162 74
208 101
244 123
263 136
263 136
240 128
201 113
150 89
99 62
54 37
23 17
11 9
23 11
54 25
101 46
152 72
203 97
242 119
263 134
263 138
246 132
208 117
158 93
107 68
60 42
27 21
13 11
19 11
46 21
91 41
146 68
197 93
236 117
261 132
265 140
250 134
214 121
169 103
121 83
62 48
19 7
3 0
17 0
46 19
17 46
9 64
187 82
224 107
11 134
251 148
251 142
218 121
173 95
123 72
72 46
33 29
13 11
0 3
37 11
62 33
0 60
181 87
220 109
5 126
267 136
255 138
226 126
181 103
130 76
82 50
33 29
15 15
13 9
33 13
72 31
121 54
173 82
218 107
251 125
267 136
259 138
232 128
189 107
140 82
87 56
44 33
17 15
13 9
29 13
64 27
111 48
166 76
212 101
250 125
265 138
261 138
238 130
199 113
150 91
101 72
52 44
13 15
1 0
19 0
58 17
107 46
156 76
205 97
244 115
267 132
267 144
242 138
205 119
154 89
103 60
56 39
25 23
11 13
21 9
50 19
95 41
9 70
195 97
238 119
263 132
265 136
248 132
210 119
162 97
111 70
62 41
29 21
13 11
19 11
44 19
87 37
140 64
191 91
232 115
257 130
265 134
251 134
216 123
169 101
119 72
70 46
33 27
13 13
15 9
41 17
82 35
132 60
185 87
228 113
257 130
267 138
255 136
224 125
179 105
126 80
76 52
39 31
21 23
15 21
25 9
62 9
123 37
181 80
224 117
251 132
265 132
259 128
232 126
187 117
134 89
82 56
42 27
17 11
13 9
31 17
66 31
117 48
167 74
214 101
250 126
265 138
259 136
234 123
193 107
144 87
91 64
46 37
19 17
13 7
27 13
60 29
107 50
162 74
208 99
246 121
263 134
261 138
240 130
199 111
150 85
99 60
54 39
23 21
11 9
23 11
54 25
101 48
154 74
201 99
240 119
263 132
263 138
246 132
208 119
160 95
107 68
60 42
27 25
15 17
25 25
44 27
82 33
136 48
195 80
238 113
259 134
263 136
248 126
216 113
169 99
117 78
66 50
31 25
13 11
17 9
42 21
83 41
136 62
187 85
230 109
257 128
265 138
251 136
220 121
175 99
123 74
74 50
35 29
13 13
15 9
39 17
78 35
126 58
181 85
226 111
255 126
267 138
255 136
226 125
183 105
130 78
80 52
41 29
17 15
15 9
33 15
70 31
121 54
173 82
218 107
251 125
265 136
259 136
232 126
189 107
138 83
87 54
46 33
19 17
13 11
29 15
70 35
119 66
160 80
201 85
242 101
267 123
263 140
236 134
195 109
146 78
97 54
54 41
23 29
11 17
23 11
56 21
105 44
158 76
205 103
242 119
263 128
263 134
242 132
205 117
154 91
103 62
56 37
25 21
11 13
21 13
52 23
97 42
148 70
199 95
240 119
261 132
265 138
246 130
210 117
164 95
111 70
62 42
29 21
13 9
19 11
46 23
87 41
140 66
193 91
234 117
259 132
265 140
251 134
218 121
169 99
117 72
70 46
35 25
15 13
15 11
41 19
85 41
140 74
185 97
218 107
248 113
263 121
255 126
222 121
177 101
126 74
78 44
41 27
17 17
15 15
37 19
74 33
125 54
177 83
222 111
253 126
265 134
255 130
228 123
187 107
134 78
82 54
42 29
19 13
13 11
31 17
5 29
117 52
169 80
216 105
250 126
265 136
261 138
234 128
193 109
142 85
91 58
48 33
19 17
11 9
27 13
62 29
109 50
162 76
210 103
248 123
263 136
261 138
240 130
201 113
150 89
97 62
52 37
25 19
13 11
21 13
54 25
103 46
154 74
205 103
246 130
263 142
253 128
234 109
205 97
160 87
107 70
58 42
25 13
13 1
23 11
50 31
93 52
144 70
195 89
236 111
259 132
265 142
248 134
214 115
166 91
115 68
66 44
31 25
13 11
17 9
42 17
85 39
138 66
189 91
230 113
257 126
267 136
253 136
220 125
173 101
121 72
74 46
35 27
15 15
13 9
37 15
80 35
130 60
181 85
226 111
255 128
267 138
255 136
226 125
181 105
130 78
80 52
41 29
17 15
15 9
33 17
72 33
121 56
173 82
220 111
257 134
269 148
253 138
220 115
181 89
138 70
89 52
44 33
17 13
13 5
31 9
66 33
115 60
166 83
212 103
248 121
265 134
259 138
236 130
197 109
146 83
95 56
50 35
21 19
13 11
25 11
58 25
103 46
156 74
208 101
244 123
263 134
261 138
242 130
205 115
154 91
101 62
56 37
25 19
13 11
21 11
52 23
97 42
148 66
199 93
240 119
263 136
265 140
246 132
210 117
162 93
111 70
62 44
29 23
13 11
19 9
46 21
89 41
142 68
193 93
234 117
261 134
267 140
253 140
222 134
164 99
105 54
62 23
35 13
17 15
15 17
39 17
82 27
136 56
189 93
230 125
255 136
265 136
255 130
222 121
177 105
126 80
76 48
37 21
13 7
13 7
37 19
74 35
125 56
177 82
222 107
253 128
265 140
257 136
228 125
185 103
132 80
83 52
42 31
17 13
13 7
31 13
68 31
117 54
171 82
216 105
250 125
265 136
261 136
234 128
193 109
142 83
91 56
48 35
19 19
11 9
25 13
62 27
111 50
162 78
208 101
246 123
267 136
263 140
242 136
207 125
150 97
89 56
42 21
19 3
13 3
25 11
52 23
99 39
156 66
207 99
244 126
261 140
263 140
246 130
207 115
158 93
105 68
58 41
25 17
11 5
21 7
48 23
93 42
146 68
197 93
238 117
261 132
265 140
250 134
212 119
166 97
115 70
66 44
29 25
13 11
17 9
44 21
85 39
136 64
189 91
232 115
257 130
265 136
253 134
220 123
175 103
123 76
72 48
37 27
15 13
15 11
39 17
78 35
130 58
181 87
224 111
255 128
267 138
255 136
226 126
181 107
132 83
85 64
39 37
5 3
5 0
33 0
74 31
123 62
173 83
220 103
253 121
267 140
259 146
232 134
189 109
136 80
87 54
44 35
17 19
11 9
29 9
64 23
113 48
158 80
212 105
248 123
15 134
261 138
222 130
187 113
146 78
95 58
52 35
21 19
3 11
25 13
58 25
105 48
156 74
207 101
244 123
15 136
263 138
242 130
205 115
154 91
101 64
56 39
25 19
13 11
21 11
50 23
97 42
25 68
199 95
238 117
13 134
265 140
248 134
210 119
162 95
111 72
68 52
33 35
5 13
7 0
41 1
91 27
142 64
191 93
232 113
259 126
269 134
253 136
216 126
169 103
119 72
70 44
31 23
11 13
15 11
41 19
82 35
125 58
185 87
228 113
257 130
267 136
253 134
222 123
177 103
126 78
76 50
37 27
15 13
13 7
37 15
76 35
126 58
177 83
222 107
253 126
267 138
255 134
228 125
187 105
134 82
83 54
41 31
17 15
13 9
31 15
68 31
117 54
169 80
216 107
250 125
265 136
261 138
234 128
193 111
142 85
91 58
48 37
21 19
17 19
31 27
54 25
93 29
156 52
205 93
250 128
265 142
253 134
240 121
203 109
152 95
99 72
52 42
21 15
13 5
23 11
54 29
101 48
154 68
203 91
242 117
13 134
263 140
246 132
208 115
158 89
105 64
60 42
27 25
13 11
19 9
48 19
93 42
146 68
189 95
236 115
253 130
265 136
250 134
212 119
166 95
113 70
66 44
29 23
13 11
19 11
44 21
85 39
136 64
189 91
232 115
259 130
265 138
251 134
218 121
175 101
123 76
72 48
35 25
17 15
19 15
46 31
78 42
119 52
171 68
224 95
257 123
267 138
253 134
224 119
183 97
132 78
82 58
41 37
15 17
13 7
35 13
72 33
121 58
171 83
218 103
251 121
265 134
259 136
232 126
189 107
138 80
87 56
44 33
19 17
13 11
29 15
64 27
113 50
158 76
214 103
250 126
265 138
261 138
238 128
189 111
146 85
95 60
50 37
21 17
11 9
25 11
58 27
105 48
158 74
207 99
244 121
263 134
263 138
242 130
203 115
154 91
103 64
54 39
23 19
13 11
23 15
52 27
99 48
156 83
199 103
228 107
251 109
265 121
250 130
210 123
160 95
109 60
66 39
31 25
13 21
17 19
46 21
91 37
142 64
191 93
232 117
257 128
265 134
250 130
216 119
169 99
119 74
70 46
31 23
13 11
17 11
41 19
82 37
132 60
185 87
228 113
257 130
267 138
253 134
222 121
179 101
126 76
76 50
37 29
15 13
13 7
35 13
76 35
128 60
177 85
222 109
255 128
267 138
257 138
228 126
185 105
134 80
83 52
41 33
17 15
13 9
33 17
68 33
119 56
177 89
220 117
244 126
255 125
253 121
236 117
193 107
140 83
89 56
48 29
21 13
15 13
27 19
60 33
109 50
164 74
210 101
244 123
263 134
263 134
240 126
199 111
150 87
93 62
54 39
23 17
11 9
23 13
56 27
101 46
29 70
203 97
234 121
13 136
263 138
244 130
207 115
158 91
105 66
58 41
25 21
13 9
21 9
48 21
93 42
146 68
197 93
236 117
261 132
265 138
250 134
214 119
166 95
113 70
64 42
31 23
15 13
17 13
44 23
87 39
140 64
189 93
232 117
263 140
269 150
244 130
208 99
169 78
125 66
74 52
33 29
13 7
17 0
42 15
82 42
130 70
181 89
226 107
255 123
265 136
255 140
224 126
181 101
128 72
80 48
41 31
15 17
13 11
33 13
72 29
123 56
173 83
220 107
253 126
267 136
257 136
232 126
189 107
138 83
85 54
44 31
1 15
5 9
29 15
66 29
113 52
33 78
214 103
0 125
265 136
261 138
222 128
187 111
146 87
93 60
50 37
21 19
5 9
25 13
58 25
107 48
158 76
191 93
244 123
17 140
269 142
238 136
191 103
128 62
101 48
58 35
25 21
9 9
21 5
46 19
101 46
27 76
201 103
240 119
13 130
263 136
246 134
208 121
160 95
109 64
62 39
29 21
13 13
19 11
46 21
89 39
142 64
193 93
236 117
259 134
265 138
250 132
216 121
169 97
119 74
70 46
31 23
13 11
17 9
41 19
83 37
126 62
185 87
228 113
257 130
265 138
253 136
222 125
177 103
126 76
76 48
37 27
15 13
15 9
37 15
74 33
126 56
179 85
220 111
3 130
267 138
257 138
232 132
191 119
130 85
72 41
33 5
17 0
17 9
33 21
66 31
117 46
171 72
218 107
253 134
265 146
259 136
234 123
193 105
142 87
89 62
46 33
19 11
13 5
27 11
60 29
109 52
162 76
210 99
246 123
263 136
263 140
240 130
199 111
148 85
97 60
52 37
23 19
13 9
23 11
54 25
103 46
154 74
203 99
242 121
263 134
263 138
244 132
207 115
158 91
105 66
58 41
25 21
13 9
21 11
50 23
95 44
146 70
197 95
236 119
261 134
263 138
250 134
216 123
171 107
115 80
58 41
19 9
7 0
17 1
44 19
85 39
136 60
189 83
234 111
261 134
267 144
251 138
220 121
173 97
121 74
72 50
33 29
13 9
15 5
39 13
80 35
130 62
181 87
226 109
255 126
267 138
255 138
226 126
181 105
128 76
78 50
39 29
17 15
13 9
33 13
72 31
123 54
173 83
220 107
251 126
267 136
259 138
230 126
187 105
138 82
87 56
44 33
17 15
13 9
29 13
66 29
115 52
166 78
214 103
250 125
265 136
261 138
238 128
195 111
146 85
93 60
54 46
25 31
3 5
13 0
52 3
109 41
162 80
207 105
242 117
265 126
267 136
244 138
203 125
152 95
103 60
56 35
23 21
11 13
21 13
52 21
99 31
9 62
199 97
240 121
13 134
250 136
246 130
208 119
162 97
109 68
60 39
29 19
13 11
19 11
44 21
91 39
17 64
187 93
234 117
9 130
267 136
250 132
154 119
169 99
117 72
68 46
33 25
13 11
1 9
41 15
21 37
134 62
185 89
228 111
257 128
267 138
255 136
222 125
177 103
126 78
78 52
41 35
23 27
11 15
25 7
66 17
125 42
181 80
222 111
253 126
265 130
257 130
232 126
185 113
132 85
82 54
42 27
17 13
11 9
29 15
68 31
119 52
169 76
216 103
250 125
267 138
259 138
234 126
191 107
142 83
89 58
46 35
19 15
13 9
27 13
62 29
109 50
162 76
210 101
248 123
265 136
261 138
238 130
199 111
150 87
99 62
52 39
23 19
11 9
25 13
56 25
103 46
154 74
205 99
242 119
263 134
263 138
244 132
207 115
158 91
105 66
58 42
27 23
13 13
23 17
56 37
89 48
134 52
189 70
238 103
265 134
265 148
246 132
212 111
167 89
115 74
66 54
29 31
13 11
17 5
44 17
85 41
138 68
189 89
230 107
259 126
265 138
253 138
220 123
173 99
123 72
72 46
33 27
13 15
15 9
41 17
80 35
130 60
181 87
226 111
257 128
265 136
255 136
226 125
181 105
128 80
78 52
39 29
17 13
13 9
35 15
72 33
123 56
175 83
220 109
251 126
265 136
259 138
232 126
189 107
136 80
85 52
46 33
21 19
13 13
31 17
72 39
117 62
158 76
203 89
244 107
265 126
261 136
234 128
195 107
146 80
95 58
50 39
21 23
13 13
27 15
58 25
105 48
158 76
207 101
244 121
263 132
263 134
242 128
203 115
154 91
101 62
56 37
25 19
11 11
21 11
52 21
97 42
152 68
201 97
238 119
261 132
265 136
246 132
208 117
160 95
109 68
62 42
27 21
13 11
19 11
46 23
89 41
142 66
193 93
236 117
261 132
265 138
250 134
216 121
169 99
117 72
68 46
33 25
13 13
17 11
41 19
85 39
136 66
191 101
230 123
248 123
255 115
251 115
224 119
177 107
125 80
76 44
39 19
17 13
17 17
37 25
76 37
126 52
177 80
224 109
253 130
265 138
255 130
226 119
183 101
134 82
82 56
41 29
17 11
15 7
33 17
68 35
119 56
171 80
218 103
250 123
265 136
259 138
234 128
193 109
140 82
89 58
46 35
19 15
11 7
29 13
62 29
111 50
162 76
212 103
248 123
265 136
261 136
238 128
199 113
150 89
97 62
52 37
15 17
13 9
25 13
56 25
103 46
156 74
208 105
246 130
257 138
253 128
236 115
205 103
158 87
103 64
56 37
27 15
15 7
23 13
50 29
95 46
146 68
197 93
236 115
261 134
263 140
248 132
212 115
164 91
113 68
64 44
29 23
13 9
19 9
44 19
87 39
138 66
189 91
232 113
257 128
265 138
253 136
218 123
171 99
121 72
72 48
35 27
13 13
15 9
39 17
80 35
130 60
183 87
226 113
255 128
267 138
255 136
224 125
179 103
128 76
80 52
39 29
15 13
15 9
35 17
72 35
123 56
175 83
222 109
253 128
269 144
263 150
226 128
177 89
128 58
87 42
46 35
19 21
11 9
29 5
68 23
119 56
167 89
212 111
248 123
265 130
261 134
234 128
193 113
144 83
93 54
48 31
21 17
13 13
27 15
58 25
105 44
158 72
208 103
244 126
263 136
261 136
240 128
203 113
152 91
101 64
54 37
23 17
11 9
23 13
52 23
97 44
150 68
203 97
240 121
261 134
265 138
246 130
208 117
160 93
109 68
62 42
27 21
11 9
19 9
48 23
91 42
144 66
193 93
236 117
261 134
267 144
257 144
216 126
160 91
107 56
64 29
33 15
15 13
15 11
41 15
83 31
138 60
189 95
230 121
255 132
267 136
253 132
222 125
175 103
123 76
76 46
37 23
13 11
13 9
37 17
76 35
126 56
177 83
222 109
255 128
267 138
257 136
226 125
183 103
132 80
82 54
41 31
17 13
13 7
33 15
70 31
119 54
171 80
218 105
251 126
265 136
259 136
232 126
193 109
140 83
89 58
46 35
19 17
5 9
27 13
62 29
111 50
164 78
210 103
246 123
265 136
263 140
238 132
199 115
156 99
99 72
41 29
11 0
9 0
27 7
58 31
101 48
154 68
207 91
244 119
265 142
263 148
244 136
205 113
156 87
105 66
56 44
25 23
11 7
19 5
48 19
95 42
148 72
197 95
238 117
261 130
267 140
248 136
210 121
164 95
113 68
64 42
29 23
13 11
19 9
44 21
87 39
138 62
191 91
232 115
257 132
265 138
251 132
218 123
171 101
119 74
70 44
35 25
15 13
15 11
39 17
82 35
132 60
183 87
226 113
255 128
267 136
255 134
226 125
181 107
132 85
83 64
33 31
5 3
5 0
33 3
74 31
123 58
171 80
220 101
255 123
267 140
259 144
230 130
189 107
136 80
85 54
42 33
17 17
11 9
29 9
64 25
115 50
167 80
214 107
250 125
265 134
261 138
236 130
195 113
144 85
91 58
48 33
21 17
11 9
25 13
58 27
107 48
160 74
208 99
246 123
263 136
263 138
240 130
201 113
152 89
101 64
54 41
23 21
13 11
23 13
52 25
99 46
150 72
201 97
240 119
263 134
265 138
248 134
210 117
162 95
109 68
62 44
31 29
17 25
13 11
35 3
85 17
144 54
197 95
234 121
259 130
267 130
251 130
216 126
169 107
117 78
66 44
31 19
13 9
15 13
41 21
82 35
132 56
187 85
230 113
257 132
267 138
253 132
222 121
175 101
125 78
74 50
35 25
15 9
17 7
37 19
78 37
126 60
179 85
224 109
253 128
267 138
257 136
228 125
183 101
132 78
82 52
41 31
17 13
13 7
33 13
70 31
119 54
171 82
218 107
251 125
265 136
259 136
236 128
191 109
140 83
89 58
48 35
23 21
21 21
27 21
52 21
101 33
162 60
212 95
246 123
263 134
263 132
240 125
201 113
150 93
97 68
52 41
21 17
11 7
23 11
56 27
103 48
154 70
205 95
242 119
263 134
263 140
244 132
207 115
158 91
105 64
56 41
25 21
13 11
21 9
48 21
95 42
148 70
197 95
238 117
261 132
265 138
248 134
212 119
164 95
113 68
64 44
31 25
13 13
17 9
44 21
87 41
138 66
189 91
232 115
