580000 10000000 121634 17
52 21
89 41
134 64
179 85
218 107
250 125
263 134
261 138
244 132
212 119
173 99
128 76
85 54
48 33
23 17
15 11
23 11
44 21
80 39
125 58
169 80
210 103
242 121
259 132
263 136
248 130
222 121
185 105
140 83
95 60
56 39
29 23
17 13
19 13
39 19
72 33
115 52
160 76
201 97
236 119
255 132
265 138
255 138
236 138
191 115
140 76
97 42
64 27
39 25
19 21
15 13
33 9
66 23
107 50
150 80
191 101
228 115
253 123
263 132
257 136
236 132
203 113
160 87
115 62
74 44
42 33
21 19
15 11
27 11
54 25
93 44
136 68
181 87
220 107
250 123
263 134
259 138
244 130
214 117
171 97
126 76
83 54
48 33
25 19
15 11
23 11
46 21
83 39
126 60
169 82
212 103
244 121
261 132
263 138
248 132
220 121
183 103
138 80
93 56
58 39
29 25
15 15
21 13
41 21
78 41
119 64
154 80
191 87
228 99
257 119
265 134
251 134
226 123
193 103
152 83
107 66
64 48
35 31
17 15
17 9
33 15
62 29
103 48
148 70
191 87
230 109
255 128
263 136
257 136
236 126
203 111
160 93
115 72
72 48
41 29
19 15
15 11
27 15
54 25
93 42
138 64
181 87
218 107
250 126
263 136
261 136
242 128
210 115
171 95
126 76
82 52
46 33
23 17
15 11
23 13
46 23
83 39
126 58
171 82
212 103
244 121
261 132
263 138
248 134
220 123
181 105
138 83
99 68
60 50
21 23
3 0
13 0
41 7
78 37
117 60
160 76
203 89
238 111
259 134
265 146
253 140
226 123
191 103
150 85
103 68
62 44
33 23
17 9
17 7
33 17
64 31
105 50
150 70
193 91
230 113
253 128
263 138
257 136
234 126
201 109
158 91
113 68
72 46
41 29
21 15
15 11
29 15
56 27
95 44
138 66
183 89
222 109
248 125
263 134
261 136
242 132
208 117
169 95
126 74
83 54
46 35
23 19
15 11
25 13
48 23
83 41
128 62
173 83
216 107
250 132
263 142
253 134
236 117
214 103
181 93
138 80
91 58
52 33
29 15
19 9
21 17
41 27
74 39
117 54
162 74
205 99
236 121
255 132
263 134
251 130
226 119
189 103
148 85
105 64
64 42
33 23
17 13
17 13
35 19
66 31
105 48
152 70
195 95
230 115
253 128
263 134
257 134
236 126
201 113
158 89
113 68
72 46
41 29
19 17
15 11
29 13
58 27
97 46
140 68
183 89
222 111
250 126
263 134
259 136
242 130
210 117
169 95
123 74
82 52
46 33
23 19
15 13
29 21
50 35
78 35
119 41
169 62
216 99
248 128
259 138
259 132
248 123
220 119
181 109
134 87
89 60
54 33
27 17
15 13
19 13
41 21
74 33
117 48
162 74
207 101
240 123
257 134
263 134
253 132
226 125
189 109
146 87
101 62
62 39
33 23
17 15
17 11
35 15
66 29
107 48
152 72
195 95
230 115
255 128
263 134
255 132
234 126
201 113
156 91
113 68
72 46
39 29
19 17
15 11
29 13
58 27
97 44
142 68
185 91
224 111
251 126
263 136
259 138
244 134
214 125
166 101
111 64
70 35
44 17
25 13
15 11
23 11
48 17
89 37
134 62
175 91
214 111
244 125
261 132
263 134
246 134
216 121
177 99
132 76
89 52
50 33
27 21
15 13
21 11
42 19
78 37
121 58
164 82
205 101
240 117
259 130
263 136
251 134
224 123
189 105
144 83
99 60
60 39
33 23
17 13
17 11
35 17
68 31
111 50
156 74
197 95
232 115
255 128
265 136
255 134
232 125
199 111
158 91
111 68
68 46
37 27
21 15
17 13
31 17
58 29
99 46
146 72
193 105
222 119
240 115
253 111
259 119
244 126
207 121
166 95
121 66
80 44
46 33
23 27
13 19
23 13
50 17
87 37
132 66
175 89
214 107
244 119
261 128
261 136
244 132
216 121
177 99
134 76
89 56
50 37
25 23
15 13
21 11
42 19
76 37
121 56
166 80
207 101
238 117
257 128
263 134
251 134
226 125
187 107
142 83
99 60
60 41
31 25
15 13
17 11
37 17
68 31
109 50
156 72
199 97
232 117
253 130
265 134
255 134
232 126
199 111
156 91
111 70
72 52
42 39
13 17
5 0
23 0
58 13
101 42
144 68
185 87
224 105
253 123
265 136
259 142
238 134
207 115
166 91
121 70
78 52
42 33
21 17
13 7
25 9
52 23
89 42
132 64
177 83
216 105
246 123
261 134
261 138
246 132
214 119
175 97
132 76
87 56
50 37
25 21
15 11
21 9
44 21
80 39
121 58
166 80
208 101
240 119
259 132
261 138
251 132
224 123
185 103
142 82
99 60
60 41
31 25
15 15
19 11
37 17
70 33
111 54
156 76
199 95
234 115
255 130
269 144
259 150
226 128
185 91
146 64
109 52
72 46
37 35
17 15
15 3
35 9
62 31
101 56
144 76
187 89
226 105
251 123
263 138
257 138
236 125
207 107
166 89
119 72
76 50
42 31
23 15
15 9
25 15
52 25
89 44
134 64
177 83
218 105
246 125
261 134
261 136
244 128
214 117
175 99
130 80
87 56
48 35
25 19
15 11
21 13
42 21
80 37
125 58
167 80
208 101
240 119
259 132
263 138
250 132
222 121
185 103
140 83
97 60
56 37
31 23
17 15
21 15
42 27
72 42
105 50
146 60
195 80
234 107
257 128
261 136
253 130
232 119
199 109
154 93
109 72
66 46
35 23
17 11
17 11
31 19
58 29
101 44
146 66
189 89
226 111
251 128
263 134
259 134
238 126
205 115
164 95
119 72
76 50
41 27
21 15
15 11
25 15
52 25
91 42
136 64
179 85
218 107
246 123
261 132
261 136
244 132
212 119
173 99
128 78
87 54
48 35
25 19
15 11
23 13
44 21
80 37
125 58
169 82
210 103
242 123
261 134
263 138
250 134
224 125
183 107
144 89
99 72
48 37
17 1
11 0
21 1
41 23
70 39
111 48
158 66
203 93
238 125
255 140
265 142
255 132
230 121
193 109
150 91
105 68
64 41
35 19
17 9
17 11
33 19
62 29
103 44
146 66
191 91
228 115
253 130
263 136
257 134
236 126
203 113
162 91
117 72
74 48
41 27
21 15
15 11
27 15
54 25
91 42
136 62
181 87
218 109
248 125
261 130
261 136
246 132
212 119
171 99
128 76
85 54
48 35
23 21
15 11
23 11
46 21
83 39
126 60
173 85
218 115
242 126
250 125
253 121
248 119
222 115
181 103
138 80
93 54
58 35
31 23
17 17
19 17
31 21
72 31
113 50
158 74
201 99
234 117
255 126
263 132
253 132
230 125
193 109
150 85
105 60
66 42
35 27
17 15
15 11
33 13
64 27
103 48
148 70
191 93
228 113
253 126
263 134
257 136
236 126
203 111
162 91
115 70
74 48
41 29
21 17
15 11
27 13
54 25
91 42
138 66
181 89
218 109
248 125
263 134
261 136
244 130
212 117
171 99
126 76
83 54
48 35
25 21
21 23
23 23
37 13
72 13
125 39
175 80
214 111
240 125
1 126
263 126
251 132
222 130
181 111
136 83
93 52
54 31
27 21
15 15
19 13
39 15
72 27
115 50
160 78
201 101
236 117
7 126
263 134
253 136
228 126
193 107
150 85
103 62
62 42
33 25
17 13
17 9
33 13
62 27
105 48
150 72
193 95
228 113
253 126
263 136
257 136
234 128
201 111
160 89
117 70
72 48
39 31
19 15
15 9
29 15
54 25
93 44
0 66
183 89
220 109
248 125
15 136
265 144
250 144
207 121
160 85
117 56
78 31
48 29
23 21
13 9
23 7
46 17
17 41
0 68
171 89
212 105
242 117
9 125
261 136
185 134
218 121
179 95
136 74
93 56
54 41
23 23
15 11
21 1
41 15
11 35
117 56
33 76
189 99
236 117
257 128
250 138
253 136
166 125
187 105
132 83
103 64
62 42
33 25
17 13
17 9
0 17
64 31
97 50
150 70
195 93
230 115
253 128
263 136
257 136
234 126
201 111
158 91
115 70
74 48
39 29
21 15
17 11
31 17
56 31
97 48
146 78
181 95
210 97
240 101
261 117
263 136
242 136
208 117
169 89
126 68
83 56
48 42
21 27
13 11
23 5
48 19
83 42
126 64
171 83
212 99
244 117
259 132
257 138
185 134
218 119
179 99
134 78
91 58
54 39
27 21
15 9
15 1
42 19
13 37
117 56
33 76
189 97
238 119
5 130
255 136
253 134
228 125
189 107
146 85
103 62
62 41
33 25
17 13
15 11
35 15
66 31
107 50
152 72
195 93
232 115
5 128
263 136
257 136
218 128
193 113
158 93
117 74
76 56
35 31
0 5
7 0
29 0
60 23
97 46
5 66
185 82
226 105
3 128
255 140
259 140
240 128
203 113
169 95
123 76
78 52
37 31
23 13
13 7
23 11
48 21
80 41
1 60
173 83
207 105
244 125
11 136
261 138
246 130
218 119
179 101
134 80
89 56
52 35
19 19
15 11
19 11
41 19
15 35
121 56
164 80
205 99
238 117
259 130
263 136
251 134
226 123
189 105
146 83
101 62
60 41
33 25
17 13
17 9
35 17
66 31
109 50
154 74
197 95
232 115
259 136
269 150
250 136
220 109
193 87
158 78
113 70
68 50
37 25
21 7
19 7
31 21
58 37
97 52
142 64
187 83
222 109
250 130
261 138
259 134
240 123
208 109
167 95
121 76
78 50
44 29
23 13
15 9
25 15
50 27
87 41
132 60
175 83
214 107
244 123
261 134
261 136
246 130
216 119
177 101
134 80
89 56
52 35
25 19
15 11
21 13
42 21
76 35
121 54
166 78
207 103
238 119
259 130
263 136
251 134
226 125
187 105
144 83
101 62
60 42
31 23
17 15
25 21
37 27
60 29
99 35
150 56
199 87
232 117
253 130
261 132
257 128
236 125
199 115
156 95
111 70
70 44
37 25
17 13
15 13
29 15
58 25
97 41
144 64
187 91
224 113
250 125
263 132
261 134
240 130
207 117
166 95
121 72
78 48
44 31
21 17
13 9
27 11
52 23
87 41
130 62
177 85
216 107
246 123
259 132
261 136
246 132
216 121
175 101
130 78
89 54
52 35
25 21
15 11
21 11
44 19
80 35
121 56
166 80
208 101
240 119
259 132
261 134
253 134
226 125
191 115
146 95
91 58
48 19
25 0
19 5
19 15
37 23
68 29
111 42
158 70
201 103
234 126
255 134
263 132
255 130
232 125
195 113
152 89
109 62
68 37
37 23
17 15
15 13
31 15
60 23
101 44
144 70
187 93
224 113
251 126
263 134
259 134
238 130
205 113
164 93
119 70
78 48
42 33
21 17
15 13
25 13
52 25
87 41
134 62
177 85
216 107
246 123
263 134
261 138
246 132
214 119
175 99
130 78
87 54
50 35
25 21
15 13
21 13
44 21
82 39
125 62
173 93
207 111
230 115
250 115
259 123
251 126
222 123
185 103
142 78
99 56
60 41
31 29
15 19
19 13
37 17
70 31
111 54
156 76
197 95
234 113
255 126
261 132
255 132
232 126
197 111
154 89
109 66
66 44
37 27
19 17
15 11
31 15
60 27
101 46
146 70
189 91
224 109
251 125
265 136
259 138
238 128
205 113
164 93
119 72
76 50
42 29
21 17
15 11
25 13
52 25
89 42
134 64
177 85
218 107
248 125
263 134
261 136
244 130
214 119
175 101
130 80
87 56
50 37
31 29
17 23
11 5
33 0
78 15
126 52
171 85
207 107
240 115
261 125
267 136
251 142
220 128
183 105
140 78
97 58
56 41
27 27
15 13
19 7
37 13
68 31
113 54
158 78
201 97
234 115
255 128
263 136
255 138
230 126
195 107
152 85
107 64
66 44
35 27
17 13
15 9
33 15
62 29
101 48
146 72
191 93
228 113
251 126
263 136
257 136
238 128
203 113
162 91
117 70
76 48
42 31
21 15
15 9
27 15
52 25
91 42
136 64
181 87
220 109
250 128
265 140
269 152
240 136
203 109
164 82
126 64
85 48
48 35
21 17
15 5
25 9
48 25
82 44
125 66
169 83
210 101
242 119
259 132
261 136
248 132
222 119
183 101
138 80
95 60
56 39
29 23
15 11
19 9
39 19
72 35
115 54
160 76
201 97
236 117
257 130
263 136
253 134
228 125
193 107
150 87
107 66
64 42
35 25
17 13
15 11
33 15
64 29
103 48
146 70
191 91
228 113
253 126
263 134
257 136
236 126
203 111
162 93
117 72
74 48
42 31
21 17
17 13
29 17
56 31
97 56
134 72
167 74
210 82
248 109
265 134
261 144
240 130
210 109
173 89
130 80
85 64
46 42
23 19
15 5
23 9
44 23
82 42
125 58
169 76
210 97
242 119
259 136
261 138
250 130
220 119
183 101
138 83
93 60
56 39
29 21
15 11
19 11
39 19
74 35
115 54
160 76
201 97
236 117
257 130
265 138
253 134
228 123
193 107
150 87
101 64
64 42
35 25
17 13
17 11
33 15
64 29
105 48
148 72
193 93
220 113
3 128
263 136
259 138
236 130
203 115
158 99
121 82
66 48
29 17
13 0
15 0
29 11
54 25
91 41
138 60
185 85
222 111
0 132
261 138
259 136
244 128
212 117
169 99
125 76
80 50
46 27
25 15
15 11
23 13
46 21
83 35
128 58
171 83
205 105
242 123
11 132
263 136
248 132
220 121
181 103
138 82
93 58
54 37
27 21
17 13
19 13
39 19
72 33
115 52
162 76
203 99
238 119
7 132
263 136
253 134
226 123
191 107
148 87
101 64
64 42
33 25
17 13
17 11
35 17
64 31
105 50
152 72
193 95
234 123
7 142
257 138
246 119
228 105
187 99
162 93
115 76
72 46
39 21
23 9
15 15
29 25
56 33
93 42
0 60
183 85
220 111
240 126
11 132
259 130
242 125
208 115
162 97
126 76
83 52
46 31
15 17
15 11
25 15
48 23
83 31
3 58
171 82
205 105
244 123
11 132
263 136
248 130
218 121
179 101
136 80
91 58
54 37
27 21
15 11
21 11
41 19
74 35
117 54
162 76
203 97
238 119
9 132
263 138
253 134
228 125
191 107
146 85
103 64
64 42
37 29
23 23
19 19
27 13
54 15
103 33
27 62
197 93
228 115
251 125
263 130
259 134
236 132
201 117
158 93
115 68
64 44
39 29
19 17
13 11
29 13
56 23
95 41
140 66
183 89
222 111
250 125
263 134
259 136
242 130
210 117
167 97
123 72
82 50
46 33
21 17
15 9
23 11
48 21
78 39
1 62
173 83
207 105
244 123
11 134
261 136
248 130
218 119
179 101
134 78
91 56
54 37
27 21
15 13
19 11
42 19
13 35
119 56
164 78
205 101
234 119
7 132
263 138
253 136
218 134
193 119
136 80
89 39
58 19
37 17
19 19
15 13
33 11
5 23
111 50
154 82
195 105
230 119
255 125
263 132
255 136
232 130
199 113
156 87
111 62
68 42
39 27
21 19
17 13
29 13
58 25
97 46
142 70
185 91
222 109
250 123
263 134
259 136
240 130
208 117
167 95
123 72
80 50
44 31
23 17
15 11
25 11
48 21
87 39
132 62
175 85
212 103
246 121
263 134
263 138
246 132
216 119
179 99
134 80
89 56
52 37
27 21
15 13
21 13
42 21
80 41
126 68
164 85
195 93
228 101
257 117
265 132
251 134
224 123
187 101
146 78
103 62
62 48
31 31
15 15
17 9
37 15
66 33
107 52
152 72
195 91
232 111
255 128
263 136
255 136
232 126
197 107
156 89
111 68
70 48
37 29
19 15
17 9
29 15
56 27
99 44
144 68
185 91
224 111
250 125
263 134
259 136
240 130
207 115
166 93
123 72
80 50
42 31
21 17
15 11
25 13
50 25
87 41
132 62
177 83
214 105
246 123
263 134
261 138
246 130
218 119
177 103
132 82
91 60
58 48
25 29
3 1
11 0
41 1
80 33
123 62
164 82
207 95
242 111
261 132
265 146
251 142
224 125
187 101
142 80
99 62
58 44
29 23
15 7
19 5
37 17
68 35
109 52
156 72
199 93
232 115
255 130
263 138
255 134
232 125
197 109
154 89
109 68
68 44
37 27
17 13
17 9
31 15
60 27
99 46
144 68
187 87
224 109
251 128
263 136
259 136
240 128
207 115
166 95
119 72
78 50
44 31
21 17
15 11
25 13
52 25
89 42
132 64
177 85
218 109
251 130
265 144
255 136
234 119
210 101
177 87
132 74
87 56
50 33
27 17
17 9
23 15
44 29
80 42
121 58
166 78
207 101
240 121
257 132
263 134
250 128
224 119
185 103
142 83
99 60
60 41
31 23
17 13
19 11
37 19
70 33
111 52
156 74
197 95
232 115
255 128
263 136
255 136
232 126
197 109
152 87
109 66
68 44
37 27
17 15
17 11
31 13
60 29
101 46
144 70
187 89
224 111
251 125
263 136
259 138
238 130
205 113
166 93
119 72
76 50
42 33
21 19
15 13
31 21
56 37
83 42
123 44
171 62
218 93
250 126
261 140
259 136
244 123
218 113
177 103
130 85
85 58
50 31
27 15
15 11
21 15
42 23
80 35
123 52
167 78
208 101
240 123
259 132
263 136
250 130
222 121
185 107
140 83
97 60
56 37
29 21
17 13
19 13
37 17
70 31
111 50
158 74
199 99
234 119
255 130
263 136
255 136
230 126
195 111
152 89
107 66
66 42
35 25
19 15
17 13
31 17
60 27
101 46
146 70
191 95
226 115
251 126
263 136
259 136
240 132
210 123
164 103
109 68
64 35
39 13
23 9
17 11
25 15
50 21
91 37
138 62
181 91
218 115
246 128
263 132
261 134
244 132
212 121
171 99
128 74
85 50
48 31
23 19
13 9
23 11
46 21
80 39
125 60
169 83
210 105
242 121
259 132
261 136
250 132
222 123
183 103
140 82
95 60
58 41
29 23
17 13
19 11
39 19
70 33
113 54
158 76
201 97
234 117
255 130
265 136
255 136
230 126
193 109
152 87
107 66
66 44
35 27
17 15
17 11
33 17
62 31
103 50
148 74
197 103
228 125
242 121
251 113
255 117
240 125
205 119
160 95
115 62
76 39
44 29
23 27
13 19
27 15
54 21
91 39
136 66
179 91
218 109
248 121
261 128
261 134
244 132
212 121
173 99
126 72
85 52
48 35
25 21
13 13
23 11
46 19
80 37
123 58
171 82
212 103
242 121
259 132
263 136
250 132
222 123
181 105
138 82
95 58
56 39
29 23
15 13
19 11
39 17
72 33
115 54
160 76
203 99
236 117
257 130
263 136
253 134
228 125
195 109
150 89
107 68
68 50
41 37
15 19
5 1
25 0
62 15
107 42
148 72
189 91
228 107
257 125
265 138
259 142
236 134
203 115
162 91
115 70
72 50
41 31
19 15
13 7
27 9
54 25
93 44
138 66
181 85
220 107
250 125
263 136
259 138
244 130
212 115
171 97
126 76
83 52
48 33
25 17
15 11
21 11
46 21
83 39
126 58
171 82
210 101
242 119
261 132
263 138
248 134
220 123
183 103
138 82
93 60
56 39
29 23
15 13
19 11
39 19
74 35
117 56
160 78
203 99
236 119
259 132
267 144
259 150
224 128
181 91
142 64
103 50
66 42
35 33
15 15
17 5
35 11
66 33
105 58
148 80
191 93
228 107
253 125
263 138
255 138
234 126
203 107
160 87
115 68
72 48
41 29
21 15
15 11
27 15
54 27
93 44
138 66
183 87
220 107
250 125
263 134
261 136
244 130
210 117
171 97
125 76
83 52
46 33
23 19
15 11
23 13
46 21
83 39
128 60
173 83
212 105
242 121
261 132
263 138
250 134
218 121
181 101
138 82
93 60
54 41
29 23
17 13
23 15
46 29
76 44
109 52
142 62
199 82
238 109
1 128
263 136
251 130
220 119
193 105
148 89
103 70
64 46
33 27
17 13
17 11
35 19
64 33
105 48
150 68
193 91
228 113
3 130
263 136
257 134
236 126
201 111
158 91
115 68
64 46
39 29
19 15
15 11
29 15
56 25
93 42
0 66
185 89
222 111
0 126
263 134
261 136
242 130
210 117
169 97
125 74
82 50
46 33
15 19
15 9
23 13
48 23
85 41
0 60
173 83
207 105
246 123
11 134
263 136
248 132
220 123
181 105
138 89
93 70
31 33
17 0
3 0
23 5
44 25
11 41
115 50
164 68
207 97
240 126
257 142
263 140
251 130
228 119
191 107
146 87
101 64
62 39
33 19
15 9
17 11
35 19
66 33
107 48
152 70
195 93
232 117
255 130
263 136
255 132
234 125
199 111
156 91
113 68
70 44
39 27
19 15
15 11
29 15
58 27
97 44
140 66
185 89
222 109
248 125
263 134
259 136
242 130
208 115
169 97
125 74
80 50
44 33
23 19
15 11
23 13
50 23
87 42
130 64
177 89
220 115
242 128
251 126
253 121
244 119
220 115
179 103
132 80
87 50
54 29
31 23
19 21
19 19
41 19
78 33
121 54
164 80
205 103
238 117
257 126
263 132
251 132
226 125
189 107
146 83
101 60
60 39
33 25
17 15
17 13
35 17
66 29
107 48
154 74
197 97
230 115
253 128
263 136
257 136
234 126
199 111
156 89
111 66
70 44
39 29
19 17
17 11
29 15
58 25
97 44
142 68
187 91
224 111
250 126
263 136
259 138
240 130
208 115
167 97
123 76
80 52
44 33
25 21
21 25
23 21
39 11
78 17
130 44
179 83
216 113
242 125
261 126
263 130
250 134
216 130
177 109
132 80
89 52
50 33
25 21
15 13
21 11
42 17
76 31
121 54
166 80
207 103
240 119
259 130
263 136
251 134
224 125
187 105
144 83
99 60
60 39
31 23
17 11
17 11
37 17
68 31
109 50
154 74
197 97
232 115
253 128
265 136
255 138
232 126
197 109
156 89
111 66
68 46
37 29
17 15
15 9
31 15
58 29
99 46
144 68
189 91
224 111
250 126
265 138
267 146
244 142
201 115
156 82
117 54
80 41
44 29
21 19
13 9
27 7
52 21
91 44
132 70
177 89
216 107
246 121
261 134
261 138
246 132
214 117
175 95
132 74
87 54
50 35
25 21
15 13
21 13
42 23
78 39
123 58
166 80
208 101
240 119
259 130
261 134
250 130
226 121
189 105
142 85
99 62
60 39
31 23
17 13
17 13
37 19
70 31
111 50
154 74
197 97
234 115
255 128
263 134
257 134
234 126
197 111
154 89
109 66
70 44
37 29
17 17
17 11
33 17
60 31
105 58
148 83
181 91
214 91
248 105
265 126
261 140
238 134
205 111
166 85
123 68
80 56
44 42
21 23
13 9
25 7
50 23
87 46
132 66
175 82
216 101
248 119
261 134
261 140
246 132
214 117
175 97
130 78
87 56
50 37
25 19
15 11
21 11
42 21
80 39
123 56
167 78
210 101
240 121
259 132
263 138
250 132
224 123
187 105
140 83
97 60
60 39
31 23
17 15
19 13
37 19
70 33
113 52
156 76
199 97
234 115
255 130
263 138
255 136
232 126
197 111
156 95
115 80
64 52
25 19
9 0
13 0
33 9
60 29
99 46
146 66
191 87
228 113
253 132
263 142
259 138
238 126
207 111
156 95
117 74
74 48
42 25
21 13
15 9
25 13
52 25
91 42
134 64
179 85
216 107
248 125
13 134
261 136
244 130
212 117
173 99
130 78
85 54
48 33
25 19
15 11
21 13
44 21
80 37
125 58
169 82
208 95
240 121
9 130
263 138
251 134
218 123
185 103
142 82
97 60
56 39
27 23
17 11
19 11
39 19
70 35
113 54
158 76
201 99
236 121
263 142
263 144
244 123
222 101
193 91
125 85
107 72
64 44
33 17
21 7
21 13
33 27
60 39
101 48
146 64
191 89
226 115
250 130
263 134
257 130
238 125
203 113
162 95
119 72
76 48
42 29
21 15
15 13
27 15
54 25
91 41
136 60
181 85
220 109
248 125
261 134
261 134
244 130
214 119
173 99
128 76
85 54
48 35
25 19
15 11
23 13
46 21
82 37
125 58
169 80
210 103
242 123
261 132
263 136
250 134
222 123
183 103
140 82
97 62
58 41
31 27
21 21
25 23
33 21
60 21
105 35
160 62
203 97
234 119
255 128
263 130
257 130
232 128
195 117
150 93
107 64
66 41
35 25
17 17
15 11
31 13
64 25
103 44
148 70
191 93
228 113
253 128
263 136
257 136
238 130
205 115
162 93
117 70
76 48
41 31
21 17
15 11
27 13
54 25
93 42
136 66
179 85
220 107
250 126
261 134
261 136
244 132
214 119
171 99
126 76
83 54
48 35
25 19
15 11
21 13
46 21
82 39
126 60
169 82
212 105
244 123
261 134
263 138
250 134
224 126
187 117
132 82
82 39
50 13
31 11
21 17
19 19
37 17
74 25
119 50
162 83
201 109
234 123
255 126
263 130
253 132
228 128
191 111
148 85
105 60
64 39
35 27
17 17
17 13
33 15
64 29
103 48
150 74
193 95
228 113
253 126
263 136
257 136
236 128
203 111
162 91
117 70
74 48
41 29
21 17
15 11
29 15
54 25
93 44
138 66
181 87
220 107
250 125
263 134
259 134
244 130
212 119
171 99
126 76
82 54
48 33
25 21
15 15
23 15
46 23
85 42
134 72
171 89
201 97
234 105
257 117
263 130
250 134
218 119
181 97
138 76
97 58
56 42
29 27
17 15
21 11
39 19
72 35
115 56
160 78
203 97
236 113
257 128
263 136
253 134
226 125
191 105
150 85
105 66
64 44
33 25
17 13
17 11
35 17
64 31
105 48
150 68
193 91
230 113
253 128
265 136
257 136
236 126
201 111
160 91
115 72
72 48
39 29
21 15
17 11
29 15
56 27
95 42
140 66
183 89
220 111
250 126
263 134
261 138
242 132
210 119
169 97
125 74
83 56
54 46
21 29
5 1
13 0
46 3
87 37
130 66
171 85
212 97
246 113
263 134
263 146
248 142
218 121
179 97
136 78
91 60
54 41
27 23
13 7
19 5
41 19
74 37
117 56
164 76
205 99
238 117
257 132
263 138
253 136
228 123
191 105
146 83
103 64
62 42
33 23
17 13
17 11
35 17
66 33
107 50
152 72
195 95
230 115
253 130
263 136
255 132
236 126
201 113
158 91
113 70
72 46
39 29
21 17
15 13
29 15
58 27
95 44
140 68
185 89
224 113
255 134
267 146
253 136
230 119
205 99
167 85
126 72
80 52
44 29
23 11
17 5
29 17
50 33
85 46
128 62
173 82
214 105
244 126
259 136
261 134
248 126
218 117
177 101
134 82
91 58
54 35
27 19
15 13
19 13
41 21
76 35
119 54
162 76
203 99
238 119
259 132
263 136
251 132
228 123
191 107
146 85
101 62
62 41
33 25
17 13
17 11
35 15
68 29
109 50
152 72
195 95
232 115
255 128
263 136
257 136
234 126
199 111
156 89
113 68
72 46
39 29
21 17
17 13
33 21
62 42
91 46
128 50
179 66
224 99
253 128
261 142
257 134
240 121
210 111
171 101
123 83
78 56
44 29
23 13
13 9
23 15
46 23
85 37
132 56
175 82
214 107
246 125
263 134
263 136
246 130
216 119
179 101
134 80
89 56
52 35
27 19
15 13
21 13
41 19
76 35
121 54
166 78
207 101
238 119
259 130
263 134
251 134
226 126
189 107
144 85
101 62
60 41
33 25
17 15
19 13
35 17
66 29
109 50
154 72
195 95
232 115
255 130
265 138
257 138
236 132
205 121
156 99
101 62
58 29
33 11
19 5
17 11
29 17
56 23
99 41
146 66
189 97
224 119
250 130
263 134
259 134
236 128
207 117
166 95
121 70
78 46
35 29
21 17
15 11
25 13
52 23
87 41
130 62
177 85
214 107
244 123
261 132
263 136
246 132
216 119
175 99
132 76
89 56
52 39
25 21
15 11
21 11
42 21
78 37
121 56
166 80
207 99
240 119
257 132
263 138
251 134
224 123
187 105
144 85
99 62
60 41
33 23
17 13
19 13
37 19
68 35
111 52
156 76
203 109
232 125
244 119
253 113
253 115
236 123
199 119
152 93
109 60
70 37
39 27
19 23
17 19
31 17
60 23
99 42
144 68
187 95
224 113
250 123
261 128
259 132
240 130
208 119
166 95
121 70
80 48
44 33
21 21
15 13
25 13
50 23
87 41
132 62
175 83
216 107
248 125
261 134
261 136
246 132
216 119
177 101
132 80
87 56
50 35
25 19
15 11
21 13
42 21
78 37
123 56
166 78
208 101
240 121
259 134
263 138
251 134
224 123
187 105
142 85
99 64
64 50
35 37
11 15
5 0
29 1
70 21
113 48
156 74
197 93
234 111
259 128
267 140
255 142
232 130
197 111
154 85
107 64
68 46
37 29
17 13
15 7
31 11
62 27
101 48
146 70
187 91
226 109
251 126
263 138
259 140
238 130
207 113
156 93
119 70
76 50
42 31
21 17
15 9
25 13
52 25
89 42
134 64
177 85
216 107
248 125
11 134
261 136
244 130
216 119
175 99
130 78
87 54
48 35
27 21
15 13
21 13
44 21
80 37
125 60
167 82
208 97
242 123
11 134
251 142
255 140
216 123
173 85
136 58
37 48
60 41
29 27
15 9
21 3
31 13
72 39
93 62
33 80
187 95
234 111
1 128
263 140
253 136
230 123
195 103
152 85
107 66
66 44
35 25
17 11
17 9
33 17
60 31
101 48
146 68
189 89
226 111
253 128
263 138
259 136
238 126
205 113
156 95
119 72
76 50
42 29
21 15
15 11
27 15
52 27
89 42
136 64
179 85
218 107
246 125
263 134
261 136
244 130
212 117
173 99
130 78
85 56
48 35
25 21
17 13
25 17
52 33
82 44
115 54
160 66
207 87
244 113
259 132
261 138
250 128
222 117
187 103
142 87
97 66
58 42
29 21
15 9
17 9
37 17
70 33
113 50
158 72
201 95
234 117
255 130
263 134
255 132
230 125
195 109
150 87
107 64
66 42
35 25
17 13
17 11
33 17
62 29
101 44
148 68
191 91
228 115
251 128
263 134
259 134
240 128
205 115
162 93
117 70
76 48
41 29
19 17
15 13
27 13
54 25
91 42
136 64
179 87
220 109
248 126
261 134
261 136
244 132
214 121
173 103
134 87
83 62
39 25
13 0
13 0
27 9
48 29
80 41
125 52
171 72
212 103
244 130
261 142
261 138
248 128
222 119
183 105
138 85
93 60
56 35
29 17
15 11
19 13
39 19
72 33
117 54
160 76
201 99
236 119
257 132
263 136
253 134
228 125
193 109
150 85
105 62
66 42
35 25
17 17
17 11
33 17
64 29
103 48
148 72
191 93
228 113
251 126
263 136
257 136
236 128
205 113
162 95
117 72
74 48
41 31
21 19
15 13
27 15
54 25
93 44
138 68
185 95
224 119
244 126
251 123
253 119
244 119
214 115
171 99
126 74
83 48
48 29
27 21
17 21
23 19
46 23
83 37
126 58
171 83
210 105
242 119
261 128
263 132
248 130
220 123
183 105
138 82
93 56
56 37
29 23
17 13
19 13
39 17
72 31
117 54
160 76
203 97
238 117
257 130
263 136
253 134
228 125
193 107
150 87
103 64
64 42
33 25
17 13
17 11
33 17
64 29
105 48
150 72
189 93
220 115
3 128
255 136
257 136
220 126
193 111
160 91
117 72
70 50
41 31
25 23
21 25
23 17
7 9
25 19
140 52
177 91
220 115
238 123
13 126
263 132
246 134
210 126
169 103
126 74
83 48
46 33
15 21
13 13
21 9
48 17
83 35
1 60
171 83
205 105
244 121
11 130
263 136
185 134
218 123
181 101
136 78
91 56
56 39
27 23
15 13
21 11
41 19
74 35
117 54
162 78
205 99
236 117
255 128
263 134
253 136
228 125
187 107
132 85
103 64
64 42
33 27
17 15
17 11
35 15
3 29
105 50
150 72
195 95
230 115
255 130
265 140
265 146
236 136
191 107
148 76
111 52
74 39
41 27
19 15
15 7
31 11
60 27
95 50
140 72
183 93
222 109
250 123
261 134
259 136
242 130
210 115
167 93
125 72
82 52
46 35
23 19
15 9
25 11
48 23
83 41
128 60
173 83
214 105
244 123
261 134
261 136
248 132
218 121
179 103
134 80
91 58
54 37
27 21
15 11
19 9
42 19
76 37
117 56
162 78
205 99
238 119
257 132
263 138
251 134
228 123
191 107
130 78
101 62
62 42
33 25
17 15
17 13
35 19
68 35
113 62
27 82
183 85
220 91
3 111
267 134
257 142
234 128
193 105
160 83
115 62
72 56
39 37
3 17
15 5
29 9
56 27
95 48
15 68
175 85
222 105
0 125
255 138
259 138
242 128
208 113
160 95
123 74
80 52
37 33
23 17
15 9
23 13
48 23
85 41
1 62
173 83
205 103
244 121
11 132
263 138
246 132
216 119
179 101
134 80
89 58
52 37
27 21
15 11
21 11
41 19
76 35
119 54
166 78
205 101
238 119
259 132
265 138
253 136
226 125
191 109
150 93
105 74
54 41
21 11
11 0
17 0
37 13
66 31
107 48
154 68
199 93
234 117
255 134
263 140
257 136
234 125
199 111
156 91
111 68
68 44
37 23
19 13
15 9
29 13
56 25
99 44
144 66
185 89
222 111
251 126
263 136
259 138
240 130
208 113
158 95
123 72
80 50
44 33
23 17
15 11
25 13
50 25
87 41
132 62
175 85
214 105
244 123
261 134
263 136
246 132
216 119
177 101
134 80
89 56
52 37
27 21
15 13
21 15
42 21
76 37
121 56
166 82
207 103
240 125
13 144
257 136
240 117
220 101
189 95
148 87
95 66
58 37
33 15
19 11
21 17
37 29
68 37
109 46
29 68
197 95
230 119
3 130
263 132
255 128
232 123
197 111
156 91
111 68
62 44
37 25
19 15
17 13
31 17
58 27
97 42
1 64
189 91
224 113
250 128
263 134
259 132
240 128
208 117
166 95
121 72
80 48
37 31
21 17
15 11
25 13
50 23
87 41
132 62
177 85
216 109
246 125
11 132
261 136
246 132
216 119
177 99
125 80
89 58
52 39
29 25
23 23
21 19
33 15
68 19
109 41
167 72
208 101
238 121
257 126
263 130
253 132
226 126
187 111
142 85
99 60
60 39
31 25
15 15
15 9
35 13
70 29
111 50
154 74
199 95
234 115
255 128
263 136
255 136
232 126
197 109
154 89
109 66
68 44
37 27
17 17
15 11
31 15
60 27
99 46
144 70
189 91
224 111
251 126
263 134
259 136
240 130
207 115
158 95
121 72
78 48
44 33
21 19
15 13
25 13
52 25
89 42
134 64
177 85
216 107
248 123
261 134
261 138
246 134
222 130
175 109
121 66
76 29
48 15
31 19
17 21
19 15
42 13
82 27
126 56
169 89
207 111
240 121
259 126
263 132
250 134
222 125
185 105
142 78
97 54
56 35
29 23
17 15
19 11
37 17
70 31
113 54
156 76
199 97
234 115
255 128
263 136
253 134
230 125
197 109
154 87
107 66
66 42
37 27
19 15
17 11
31 15
60 27
101 46
146 70
189 91
224 111
251 126
263 136
259 136
238 128
205 113
164 93
121 72
76 50
41 31
21 17
15 11
27 15
54 29
95 50
138 74
173 87
207 93
240 105
263 123
263 136
244 130
212 115
175 93
132 76
87 58
50 42
25 25
15 11
21 9
42 19
80 39
123 60
167 80
208 97
240 115
259 130
263 138
250 134
222 121
185 101
140 82
97 60
58 41
29 23
15 11
19 11
37 17
68 31
113 52
158 76
201 97
234 117
255 128
263 136
255 136
232 126
193 109
152 87
109 66
66 44
35 27
17 15
17 11
33 15
62 29
101 46
148 72
191 93
228 113
251 128
263 134
259 136
238 130
205 115
162 95
117 72
78 54
46 42
15 17
3 0
19 0
54 13
95 46
134 70
179 85
220 99
250 121
263 140
261 146
244 136
214 115
173 93
128 76
83 56
48 37
23 17
13 5
23 9
44 21
80 39
125 58
171 80
210 101
242 121
261 136
263 138
250 134
222 121
183 103
138 82
95 58
56 37
29 23
17 13
19 11
39 19
72 33
113 52
158 76
201 97
236 117
257 130
263 136
253 134
230 125
195 109
150 87
105 66
66 44
35 27
17 13
17 11
33 17
62 31
103 48
148 70
193 95
230 117
259 140
261 142
248 128
228 111
201 99
164 87
117 70
72 46
41 25
23 11
19 13
29 21
54 33
91 44
136 64
181 85
218 111
248 126
261 132
259 132
244 126
212 115
171 99
126 76
83 52
48 31
25 19
15 13
23 13
46 21
82 37
126 58
169 80
210 103
244 123
261 134
261 136
248 130
220 121
183 105
138 83
93 58
56 37
29 21
15 13
19 11
39 17
9 33
117 54
160 76
201 99
236 117
257 130
263 136
253 134
228 123
193 107
150 87
105 66
64 44
35 27
17 17
19 15
39 29
62 39
93 37
138 46
191 74
232 111
255 134
263 138
255 128
238 119
205 115
162 101
115 80
72 48
41 25
21 13
15 13
25 17
52 23
93 37
138 60
181 87
220 111
248 126
263 134
261 134
242 128
210 117
171 97
126 76
83 52
46 33
23 17
15 11
23 13
46 21
83 37
126 58
171 82
212 105
242 121
261 130
263 134
250 132
220 123
181 103
138 82
93 58
56 37
27 23
15 15
19 13
41 19
72 33
117 54
162 78
203 101
238 119
257 130
265 138
255 136
234 132
195 117
142 87
93 50
56 25
33 13
19 11
17 13
33 15
64 25
109 44
154 74
195 101
230 121
253 128
263 134
257 134
234 130
199 113
158 89
115 64
72 42
39 29
19 15
15 11
29 13
56 25
93 42
138 66
183 89
220 109
250 123
263 134
259 138
242 130
210 117
169 95
125 74
82 52
46 33
21 17
15 9
25 13
48 23
83 41
128 60
173 82
214 105
244 123
259 134
261 136
248 132
218 121
179 101
134 78
91 58
56 39
27 23
15 11
19 11
41 19
76 37
117 56
167 87
208 113
228 117
246 111
257 115
255 125
230 128
189 111
146 82
103 54
66 39
35 31
17 23
15 15
33 13
66 25
107 50
150 78
193 97
230 111
253 123
263 132
255 136
236 128
201 111
158 89
113 66
72 46
39 31
19 17
15 9
29 13
56 25
95 44
140 68
183 89
222 109
250 125
263 132
259 134
242 130
210 117
169 97
123 74
82 52
46 33
23 19
13 11
23 13
48 23
83 39
130 62
173 83
214 105
246 123
261 134
263 138
248 132
218 121
179 103
136 82
93 62
60 48
25 27
5 3
11 0
39 5
78 29
119 58
162 78
205 95
240 115
261 132
265 144
251 140
226 126
189 105
146 83
101 62
60 42
33 25
15 11
17 7
33 13
68 31
107 48
152 70
197 93
232 115
255 130
263 138
257 134
234 126
199 111
156 91
111 68
70 44
37 23
21 13
17 11
29 15
58 29
97 44
142 66
185 89
222 111
250 126
263 134
259 136
240 128
208 115
167 93
125 72
80 52
44 33
23 19
15 13
25 15
48 25
87 41
130 62
175 85
214 105
246 123
265 138
267 152
244 138
205 105
169 78
134 62
93 56
52 42
25 19
15 3
25 5
44 23
78 46
119 64
164 80
205 97
238 117
257 134
263 140
251 132
224 119
187 101
144 83
101 64
60 42
31 21
17 9
19 11
35 19
68 33
109 50
154 72
197 93
232 115
253 130
263 136
257 134
234 126
197 109
156 91
111 68
70 46
37 27
19 13
17 11
31 15
58 27
97 44
142 66
187 89
224 111
250 126
263 134
259 136
240 128
207 115
167 95
123 74
80 52
44 33
23 19
17 15
31 23
54 35
80 41
121 48
171 66
216 95
246 121
261 134
259 132
246 125
220 117
179 105
134 87
89 62
52 37
25 17
15 9
21 13
42 23
76 35
119 52
166 76
207 101
240 121
259 132
263 136
251 132
224 123
187 107
142 85
99 62
60 41
31 23
15 13
17 11
37 17
68 31
111 50
156 74
197 97
232 115
253 128
263 134
257 136
232 128
197 111
156 87
111 66
70 46
37 29
19 15
15 11
31 15
60 29
99 46
144 68
187 91
226 111
251 128
263 136
261 138
240 130
207 117
169 103
123 83
70 46
33 9
17 0
17 3
29 19
50 29
87 39
132 54
179 82
218 113
246 132
261 138
261 132
246 126
216 119
175 105
130 80
85 50
52 29
27 17
15 13
21 13
44 21
80 35
123 54
166 78
208 103
242 123
259 132
263 134
251 132
224 125
187 107
142 83
97 58
58 39
31 23
17 13
17 11
37 17
70 31
111 50
156 74
197 95
234 115
255 130
263 136
255 136
232 126
195 111
152 87
109 66
68 44
37 27
19 17
17 13
31 19
60 31
101 50
148 76
195 101
224 117
242 119
255 119
257 123
240 123
205 115
162 93
119 66
78 44
46 31
23 23
15 17
25 15
50 21
91 41
134 66
177 89
214 107
246 121
261 130
261 136
246 132
214 119
175 99
130 76
85 54
50 35
17 21
15 13
21 9
44 19
80 37
123 60
167 82
208 103
240 119
259 132
263 136
251 134
218 123
185 105
142 83
97 60
58 39
31 23
15 13
19 11
37 17
62 31
113 52
158 76
199 97
234 117
257 130
265 136
255 136
230 126
195 111
154 89
107 66
66 44
37 29
25 27
15 19
21 3
50 3
101 29
152 70
191 101
224 115
251 121
265 128
261 138
238 140
205 123
164 93
119 66
76 46
41 33
19 21
15 11
27 9
52 19
89 41
134 66
179 87
218 107
248 123
263 134
261 138
246 134
212 119
173 97
128 76
85 54
48 35
23 17
15 9
23 11
44 23
80 39
123 58
169 80
210 101
242 121
259 132
263 138
250 132
222 121
183 103
140 82
97 60
58 39
29 23
15 11
19 13
39 19
72 35
113 54
33 76
201 99
236 119
257 134
269 146
257 144
222 123
183 95
146 70
107 54
68 42
33 25
15 9
19 3
37 13
64 33
103 54
146 74
191 91
228 111
251 126
261 136
257 136
236 126
203 111
162 89
117 70
76 50
42 31
19 15
15 9
27 13
54 27
91 44
136 64
181 85
218 107
248 123
263 134
261 136
244 130
212 117
173 97
128 76
85 54
48 33
25 19
15 11
21 11
46 21
82 39
125 58
169 82
212 103
242 121
261 134
261 136
250 132
222 121
183 105
138 82
95 58
58 39
31 25
17 15
19 13
39 19
78 42
117 66
150 72
189 78
232 95
259 123
265 142
251 138
228 121
195 99
154 85
107 72
66 52
35 29
17 11
17 7
33 15
62 33
103 48
146 66
191 85
228 109
253 130
263 140
257 134
236 125
203 111
162 95
117 74
74 50
41 27
21 15
15 11
27 15
54 27
93 42
138 62
181 85
220 109
250 126
263 136
261 136
242 128
212 117
171 99
126 78
83 54
46 33
25 19
15 13
23 15
46 23
82 39
126 58
171 82
212 103
244 121
261 134
263 138
250 134
222 125
187 109
144 93
91 64
44 29
21 5
13 0
21 7
39 17
72 33
115 52
164 74
205 101
238 123
257 136
263 140
253 132
228 123
191 107
148 87
103 64
62 39
33 21
17 11
17 11
33 17
64 29
105 46
150 72
193 93
228 115
253 126
263 134
257 136
236 128
201 113
160 91
115 68
74 46
39 27
21 17
17 13
27 15
54 25
93 42
138 66
183 89
220 111
248 125
263 134
261 138
242 130
210 117
171 97
126 76
83 54
46 33
23 19
17 13
25 15
46 23
83 41
128 62
173 85
216 111
250 136
257 138
251 121
240 109
220 107
183 103
138 87
91 56
54 29
29 15
17 15
21 23
41 29
74 35
115 48
162 72
205 103
236 123
255 130
263 132
253 128
228 125
191 111
148 87
103 62
64 39
33 23
17 15
17 15
35 17
66 29
105 46
150 70
195 95
230 117
253 128
263 134
257 134
234 126
199 113
158 91
115 70
72 46
39 29
19 17
15 11
29 15
56 27
95 44
140 66
185 89
222 111
250 126
263 134
261 138
242 130
210 117
169 97
125 74
83 54
48 37
29 29
17 19
15 7
39 7
80 23
128 52
175 82
212 105
244 119
261 128
263 134
250 136
218 126
179 105
134 80
91 54
54 37
27 23
13 13
19 9
41 15
74 31
117 54
162 80
205 99
238 117
259 130
263 136
253 136
228 125
191 107
146 85
101 62
62 41
33 25
17 13
15 7
35 13
66 31
107 52
152 72
195 93
232 113
255 130
263 138
255 136
234 126
201 111
158 89
111 66
72 44
41 29
21 17
15 11
29 13
58 27
97 46
140 68
185 89
222 111
251 128
263 138
259 140
246 140
212 126
160 89
111 52
76 31
48 25
25 23
13 15
23 9
50 15
89 39
132 68
173 93
212 107
244 119
261 130
261 136
246 134
216 121
177 99
134 74
89 54
52 37
27 23
15 11
21 11
41 17
76 37
119 58
164 80
205 99
238 113
251 130
265 140
251 136
224 123
189 105
146 85
101 64
60 42
31 23
17 13
19 9
35 17
66 31
107 52
154 72
195 93
230 113
255 130
263 138
257 136
234 126
199 111
156 89
111 68
62 44
39 29
21 17
17 13
31 19
62 33
103 56
138 70
173 80
214 91
0 111
265 130
251 136
240 128
208 111
162 91
126 76
80 58
44 39
21 19
15 9
25 13
48 23
85 39
130 60
175 82
214 103
244 121
11 134
263 138
248 132
216 119
177 93
134 80
89 60
52 37
17 19
15 11
21 11
41 21
76 35
121 56
166 78
207 93
238 121
9 132
263 138
251 132
224 121
189 105
130 85
101 64
60 41
31 23
17 13
19 13
35 19
68 33
109 50
21 72
197 95
232 117
5 130
263 136
257 134
234 126
189 111
156 91
115 74
76 60
33 31
7 0
7 0
31 1
62 31
99 54
140 68
187 83
220 105
3 132
263 144
259 142
236 128
207 109
158 91
121 74
78 54
42 31
5 11
15 5
17 11
50 27
25 42
7 60
177 82
208 103
246 125
11 136
263 138
246 130
216 117
175 99
125 78
87 56
46 35
25 19
15 9
21 11
44 21
78 37
121 56
166 78
207 101
240 121
259 132
261 136
251 132
224 123
187 105
142 83
97 60
60 39
33 25
17 15
19 13
37 19
70 33
111 54
156 78
201 101
240 126
255 138
253 130
246 119
228 111
199 103
154 87
107 64
68 39
39 19
21 15
17 15
31 21
60 31
99 44
144 66
187 93
224 115
250 128
261 132
257 132
238 126
207 115
164 95
119 70
78 48
44 29
21 17
15 13
27 15
50 25
89 41
134 62
177 85
216 107
246 125
261 132
261 134
244 128
214 117
177 99
130 80
87 56
50 35
25 19
15 13
21 13
42 21
80 37
123 58
167 80
208 103
240 121
259 132
263 138
250 134
224 123
187 107
142 83
99 62
58 41
31 25
17 15
23 21
39 27
60 27
101 33
154 56
201 93
236 123
255 134
263 132
257 126
234 125
197 117
154 97
107 68
68 41
37 21
19 15
15 13
29 17
60 25
99 41
146 66
189 93
224 113
251 125
265 132
259 134
238 130
205 117
164 95
119 70
76 48
42 29
21 17
15 11
25 11
52 21
91 41
136 64
179 87
216 107
248 123
263 134
261 138
244 132
214 119
173 99
130 76
85 52
48 33
27 19
17 13
23 13
44 21
80 37
125 58
169 82
208 103
242 121
261 132
265 138
255 142
228 134
179 107
130 72
89 42
56 27
31 19
15 13
17 7
39 11
74 31
115 56
158 80
201 103
234 119
255 128
263 136
255 136
230 126
193 107
150 83
107 62
66 42
35 25
17 13
17 9
33 15
62 29
101 48
146 70
191 91
226 111
251 125
263 136
259 138
238 130
205 113
162 93
119 70
76 50
42 31
21 17
15 9
27 13
54 25
91 42
136 64
179 85
218 107
248 125
263 134
261 136
244 132
212 117
173 99
128 76
85 52
48 35
25 21
15 13
23 13
46 23
82 41
130 68
173 95
205 103
230 103
253 109
265 126
253 136
222 128
181 101
140 72
97 54
60 44
29 33
15 19
19 9
39 13
72 31
111 54
158 78
201 97
236 111
255 125
261 134
255 136
230 128
193 109
150 85
105 64
66 44
35 29
17 15
15 9
33 15
62 31
103 50
148 72
187 91
228 111
0 126
263 136
257 134
236 126
205 113
162 93
117 72
74 48
41 29
21 17
15 11
27 13
54 25
93 42
136 64
181 87
220 109
248 126
11 136
261 136
244 130
214 117
173 101
130 82
91 66
48 41
15 13
5 0
17 0
48 15
83 41
125 60
169 78
212 97
246 121
13 140
263 144
248 134
220 119
183 101
138 82
91 60
54 39
29 19
15 9
19 9
39 19
72 35
115 52
160 76
201 97
236 117
7 132
265 138
253 136
228 123
193 105
150 85
101 66
64 44
33 25
17 13
17 11
33 17
64 29
105 48
25 70
193 91
228 113
3 128
255 136
257 136
220 126
203 113
160 93
115 62
74 46
41 29
21 17
15 13
27 15
54 27
93 44
0 68
173 89
220 111
250 128
269 148
259 146
232 121
201 93
169 80
128 74
83 58
44 37
23 13
17 5
27 15
46 31
82 46
126 60
173 80
210 101
240 123
259 136
261 138
248 130
218 115
181 101
138 82
93 60
54 37
29 19
15 11
21 13
41 23
72 35
115 52
162 76
203 99
236 119
257 130
263 136
253 132
228 123
191 107
148 87
103 66
62 42
33 23
17 13
19 13
33 19
64 31
105 48
150 72
193 95
230 115
253 128
263 134
257 136
236 126
201 113
160 93
115 70
72 48
41 29
21 19
21 21
33 27
50 27
82 31
132 46
185 78
222 107
248 126
261 132
261 130
244 126
212 121
169 105
125 80
82 52
46 31
23 17
13 11
23 13
48 21
83 35
126 56
173 82
212 105
244 123
261 132
261 134
248 132
220 123
181 103
136 82
91 58
54 37
27 21
15 11
19 9
41 19
74 35
117 54
162 78
205 101
238 119
257 132
263 136
253 134
228 125
189 107
146 85
103 62
64 42
35 27
17 15
17 11
35 17
64 29
107 52
152 74
195 95
230 115
255 130
263 138
257 138
236 130
205 119
162 103
107 66
60 27
33 5
21 5
19 15
29 19
56 25
95 37
142 62
187 95
222 121
250 132
261 132
259 130
242 128
208 119
167 99
123 70
82 46
44 27
23 19
13 13
23 13
48 23
85 39
126 60
173 83
214 105
244 125
11 134
261 136
248 130
218 123
179 103
134 80
89 54
54 35
27 19
15 13
19 13
41 19
76 35
119 54
164 78
205 101
238 119
259 130
263 136
251 134
226 123
189 107
146 83
93 60
62 41
33 27
17 15
17 13
35 17
68 33
111 54
160 85
193 99
220 105
246 111
263 123
257 130
234 126
197 109
156 85
113 64
72 48
39 35
19 21
15 13
29 13
56 23
95 44
142 68
185 89
220 107
250 123
263 132
259 138
240 130
210 115
167 95
125 72
80 50
44 33
23 19
15 11
25 11
48 23
85 39
130 62
175 83
214 105
244 121
261 132
261 136
246 132
216 119
179 101
134 80
89 58
52 37
27 21
17 11
21 11
41 19
76 35
121 56
164 80
207 101
238 119
259 130
263 136
251 134
226 125
189 107
146 87
101 64
62 46
37 37
15 21
5 0
25 0
66 13
113 50
156 82
195 97
230 107
257 121
267 138
257 146
234 134
199 111
156 85
111 64
68 48
37 33
17 15
15 7
29 11
56 25
97 46
142 68
185 89
224 107
250 123
263 136
261 140
240 132
208 115
166 93
123 72
80 52
42 33
21 17
15 9
25 11
50 25
85 42
130 62
177 85
216 107
244 123
261 134
261 138
246 132
216 119
175 99
132 76
89 54
52 37
27 21
15 11
21 11
42 21
78 37
121 58
166 80
208 101
242 123
263 140
267 146
246 132
214 111
181 87
142 74
101 58
58 41
29 21
17 7
21 7
39 21
68 39
109 54
154 72
199 93
232 117
253 132
261 136
255 132
232 123
197 107
154 87
109 66
70 44
37 27
19 15
15 11
31 17
60 29
99 46
142 68
187 89
224 111
250 126
263 134
259 134
234 126
207 113
158 95
121 74
78 50
44 31
23 19
15 11
25 13
52 25
87 41
132 62
177 83
216 107
246 125
11 134
261 136
246 132
216 119
175 101
130 78
87 56
46 35
27 21
15 13
21 13
48 29
82 50
113 54
154 58
205 80
234 111
11 138
261 142
248 128
224 113
189 103
140 91
97 70
58 42
31 19
17 9
17 11
35 21
68 35
111 50
156 70
197 91
232 115
255 132
265 138
255 134
232 125
197 109
154 91
109 68
68 44
37 25
17 13
15 9
29 15
60 27
101 46
146 68
189 91
224 111
251 128
263 136
259 136
238 128
207 113
156 93
119 72
76 48
42 29
23 17
15 13
25 15
52 25
89 41
134 64
179 87
216 107
248 125
263 134
261 138
246 134
218 125
181 111
128 83
76 46
41 17
23 5
17 5
23 13
42 19
80 31
126 52
171 83
203 111
240 126
1 134
263 134
250 132
222 123
183 107
140 82
97 56
58 35
29 21
17 13
19 13
37 17
62 29
113 50
33 76
199 99
234 115
0 128
250 138
255 134
230 126
195 107
138 87
76 66
66 42
35 25
19 13
17 9
31 15
60 27
101 46
146 68
191 91
226 113
251 126
263 134
259 136
238 128
205 113
162 93
119 72
78 50
35 31
5 17
15 11
27 15
52 27
91 42
136 64
183 91
224 121
244 128
250 119
253 113
244 117
216 119
173 105
126 76
85 46
52 29
27 21
17 23
21 21
42 21
80 31
125 56
167 83
208 105
240 119
259 126
263 134
250 134
222 125
185 105
140 80
97 58
56 39
29 23
15 13
19 11
39 17
70 33
113 52
158 76
201 97
234 117
257 128
263 134
255 134
230 126
195 111
150 87
107 64
66 44
37 27
17 15
17 11
33 15
62 29
101 46
148 70
191 91
228 113
251 126
263 134
259 136
238 130
205 115
162 93
119 70
78 50
48 41
23 25
7 7
17 0
48 7
93 33
136 62
179 87
218 103
248 119
265 132
263 142
246 138
212 121
171 97
128 74
83 52
48 35
23 21
13 9
21 9
46 19
82 31
125 60
169 80
210 101
244 121
11 134
261 138
248 132
222 121
185 103
138 82
93 60
56 39
29 21
15 11
19 11
39 19
72 35
115 54
160 76
203 97
236 117
7 130
263 138
253 134
230 126
193 107
148 85
105 64
66 44
35 27
17 15
17 11
33 15
62 31
103 48
148 70
187 91
228 113
3 130
255 138
263 146
238 138
193 105
134 70
109 50
78 42
42 35
3 21
5 5
27 5
56 23
95 50
5 74
181 91
218 103
0 119
263 134
259 142
242 132
212 113
171 91
126 72
83 54
48 35
25 19
15 9
23 11
46 21
83 41
126 62
171 82
210 101
242 121
261 132
263 136
248 130
220 119
183 103
138 82
93 58
56 37
29 23
17 13
19 13
39 19
74 33
117 54
160 76
201 99
236 115
257 128
263 136
253 134
228 125
193 107
150 87
101 64
64 42
33 25
17 13
19 13
39 23
70 42
101 52
138 62
185 76
228 99
255 125
263 136
255 132
236 121
203 107
164 93
117 76
72 52
39 29
19 13
17 9
29 17
54 29
93 42
138 62
183 85
220 107
248 125
263 136
261 136
242 130
210 117
171 99
126 78
83 54
46 31
23 17
15 9
23 13
46 23
83 37
128 58
173 82
212 105
242 121
261 132
263 136
248 132
218 121
179 103
136 80
93 58
54 37
27 19
17 13
21 11
41 21
74 35
117 54
162 78
203 99
236 119
257 130
265 136
253 134
228 126
191 109
152 91
109 78
58 46
21 9
7 0
17 0
31 17
62 39
103 50
25 64
197 87
232 117
5 140
253 144
255 136
236 123
201 109
158 93
113 64
72 46
39 23
19 9
15 9
29 17
56 27
95 42
0 64
185 87
220 111
240 126
13 134
261 136
242 130
208 109
169 97
125 74
82 50
46 31
23 17
15 11
25 11
48 21
83 39
128 60
173 83
212 105
244 123
261 134
261 136
248 132
218 121
179 101
134 78
91 54
54 37
29 21
15 13
21 13
41 21
76 37
119 58
164 80
212 111
238 128
250 128
251 121
250 117
228 115
191 107
146 85
101 56
64 35
37 23
19 19
17 17
35 19
66 29
107 46
150 70
195 95
230 117
253 126
263 132
255 130
234 126
201 113
158 91
111 66
72 44
39 29
19 17
15 13
29 13
58 25
97 42
140 66
183 89
222 109
251 125
263 134
259 132
162 128
203 115
169 97
123 74
80 52
37 33
23 17
15 11
23 13
48 21
78 39
130 60
173 83
214 105
244 123
261 134
261 138
248 132
218 121
179 101
134 80
89 58
52 37
27 23
21 23
21 21
31 13
66 13
117 37
167 74
207 107
236 123
257 125
265 128
255 134
228 132
189 115
146 87
101 58
60 37
31 25
15 17
15 11
33 13
66 25
107 46
154 74
195 97
230 113
257 126
265 136
255 136
234 128
199 111
156 89
111 68
70 44
37 27
19 15
15 11
29 13
58 27
97 44
142 68
187 89
222 109
250 125
263 134
259 136
240 130
208 115
160 95
123 72
80 52
44 33
23 19
15 11
25 13
48 25
85 41
132 62
175 85
214 105
246 123
263 134
267 144
251 144
212 121
166 89
126 60
89 44
54 31
25 21
13 9
21 5
44 15
78 37
121 64
166 85
207 103
238 117
257 130
263 138
251 136
224 123
185 99
144 78
93 60
60 42
31 25
17 13
19 9
37 17
68 35
109 52
146 74
197 95
232 115
3 128
263 136
255 132
234 126
197 111
154 89
111 66
62 46
37 29
17 15
15 11
31 15
58 29
97 44
1 66
187 89
224 111
1 126
263 134
259 136
240 128
207 115
158 95
121 72
78 50
37 31
21 17
17 13
27 17
50 27
93 50
5 76
156 85
205 89
240 101
13 121
265 138
246 138
214 117
177 91
134 72
91 60
52 44
25 27
13 9
5 5
35 19
78 39
119 60
164 76
191 95
240 113
1 132
263 140
251 134
220 121
187 103
125 83
99 64
60 42
31 23
15 9
17 9
33 19
5 33
111 48
31 72
195 95
232 117
5 130
255 136
255 134
232 125
197 109
154 89
109 66
68 42
37 25
19 13
17 11
31 17
60 29
99 44
3 68
187 91
224 111
1 128
263 136
259 134
240 128
207 115
167 99
128 83
78 56
35 25
11 1
11 0
27 3
54 25
89 44
132 60
179 80
220 105
250 130
263 142
261 140
244 130
216 117
175 99
130 80
85 54
48 31
25 15
15 9
21 11
42 21
80 37
123 56
167 80
207 101
240 119
259 132
263 138
250 132
156 121
187 105
126 83
97 60
58 39
31 21
15 11
19 11
37 17
70 31
113 50
158 76
199 99
234 117
257 130
265 138
255 134
230 125
197 109
154 89
107 64
66 44
37 27
19 17
17 13
31 17
60 29
101 48
146 72
189 95
226 113
257 138
263 144
248 125
228 105
205 95
167 91
121 78
74 50
41 21
23 9
19 11
27 23
50 33
89 41
134 58
179 82
216 109
246 126
261 134
261 132
244 126
214 117
173 101
130 80
87 54
48 31
25 17
15 13
21 15
44 21
80 35
125 56
169 80
208 103
242 121
259 130
263 134
250 130
222 123
185 105
140 82
97 60
58 39
29 23
17 13
19 11
37 19
70 31
113 52
158 76
199 99
234 117
255 128
265 136
255 136
230 126
195 109
154 87
107 66
66 44
37 29
21 21
21 19
27 17
50 17
93 29
146 56
193 89
226 115
251 126
263 130
261 132
240 132
205 121
162 97
117 70
76 46
42 29
19 17
13 11
25 13
52 21
91 39
134 62
181 85
218 107
246 121
261 132
261 136
246 132
214 121
173 99
128 74
85 52
48 35
25 21
15 11
23 11
46 19
82 37
125 58
169 82
210 103
242 121
259 132
263 136
250 132
222 123
183 103
138 80
97 58
58 39
29 23
15 13
19 9
39 17
72 33
115 54
158 76
201 97
236 117
257 130
263 138
253 134
236 130
199 121
142 87
93 46
60 21
37 17
21 19
15 17
29 13
62 21
105 42
150 76
191 103
226 119
251 125
263 130
257 134
236 132
203 117
160 91
117 64
74 42
41 29
21 19
15 11
29 11
54 23
91 42
136 66
179 89
220 109
248 123
261 134
259 136
244 130
212 115
171 97
128 76
83 54
48 35
25 19
15 11
21 11
46 21
83 39
126 60
169 82
210 103
242 121
261 134
263 138
248 132
220 121
183 103
138 82
93 60
56 39
29 23
15 13
19 11
41 21
76 39
123 66
158 83
191 91
226 101
255 117
265 130
253 134
226 123
193 101
152 82
107 64
66 48
35 31
17 17
17 11
33 15
64 31
103 50
148 72
191 91
226 107
253 123
265 136
259 138
236 126
203 111
162 91
117 72
74 48
41 29
21 15
15 9
27 13
54 25
93 42
138 64
183 85
220 107
250 125
263 134
261 136
244 130
210 115
171 97
126 76
83 52
46 31
23 15
15 9
25 13
46 25
83 39
126 60
171 82
212 105
242 123
261 132
263 136
250 132
220 121
181 103
138 83
95 62
60 50
25 27
3 0
11 0
41 3
78 35
117 60
160 78
203 91
238 111
261 132
265 146
251 142
226 125
191 101
148 83
103 66
62 46
33 25
17 9
17 5
33 13
64 33
105 52
150 72
193 91
228 111
253 128
265 138
259 138
236 128
201 109
160 91
115 70
72 48
39 29
19 13
15 9
29 13
56 27
93 44
140 64
183 87
220 109
250 126
263 134
261 134
242 128
210 117
167 97
125 74
82 52
48 33
23 19
15 13
23 13
48 25
83 41
128 60
173 85
214 109
250 130
263 144
255 136
238 119
214 105
181 91
138 78
91 56
52 33
29 15
19 9
23 15
41 27
74 37
117 54
164 76
205 99
236 119
257 130
263 134
253 130
226 123
189 107
146 85
101 62
64 41
33 23
17 13
17 13
35 17
66 31
107 48
150 70
195 93
230 115
255 130
263 136
255 132
236 126
201 111
158 91
113 68
72 44
39 27
19 17
15 11
29 15
56 27
95 44
140 66
185 89
222 109
250 125
263 134
259 136
242 130
210 117
167 97
125 74
82 52
46 33
23 19
15 13
29 21
52 37
5 37
117 41
169 60
216 97
246 126
11 138
261 132
185 123
220 117
181 109
134 89
89 60
52 33
27 15
15 11
19 13
41 21
76 33
119 48
162 72
203 99
238 119
259 132
265 136
251 132
226 123
189 107
146 85
101 62
62 39
33 23
17 13
17 11
35 15
66 27
107 48
152 72
195 95
230 115
255 128
263 134
255 132
234 126
201 113
158 91
111 68
70 44
39 27
21 17
15 11
29 15
58 25
97 44
142 68
185 91
222 111
251 125
263 136
259 138
244 136
214 126
166 101
113 64
72 33
42 17
25 11
15 11
23 11
48 17
80 33
134 62
177 91
214 113
244 125
11 130
261 134
246 132
216 121
177 101
134 76
87 52
50 33
25 21
15 13
21 11
41 19
76 33
121 56
164 82
205 101
238 119
257 130
263 134
251 134
224 123
189 105
146 83
99 62
60 41
31 23
17 13
17 11
35 17
66 31
107 50
154 74
197 95
232 115
253 128
263 136
255 136
232 126
197 111
156 87
111 66
70 46
37 29
19 15
17 11
31 15
60 31
97 48
146 74
193 103
220 115
240 111
255 111
259 123
244 130
207 121
164 93
123 64
82 44
46 35
23 27
15 17
25 11
50 19
85 37
130 64
175 87
214 105
244 117
261 128
263 136
246 134
216 121
177 99
125 76
89 54
52 39
27 23
15 13
21 9
42 19
78 37
121 58
166 80
207 99
240 119
259 132
263 138
251 134
226 123
187 105
142 83
99 60
60 41
31 25
15 11
17 9
37 15
62 33
109 52
154 74
199 95
234 115
5 130
263 138
255 136
234 126
189 111
154 91
111 70
76 56
39 37
9 11
3 0
27 0
62 21
93 48
17 68
177 87
226 105
5 126
265 142
251 142
173 132
207 113
166 93
121 72
78 52
42 31
21 15
13 7
25 11
52 25
89 42
132 62
177 83
216 105
246 123
261 132
261 138
246 132
216 119
175 99
132 78
87 56
50 35
25 19
15 11
19 9
44 19
80 37
123 58
166 80
207 101
240 119
259 132
263 136
250 132
224 121
187 105
142 83
97 58
58 39
33 23
17 15
17 11
37 17
70 33
111 52
158 76
199 99
234 117
257 132
269 148
257 146
220 121
185 87
150 68
113 60
68 50
35 31
17 11
17 3
33 13
62 35
99 54
144 70
189 87
226 107
251 128
261 138
257 136
238 125
205 109
164 91
119 72
76 50
42 29
21 15
15 9
27 15
52 25
89 42
134 62
177 83
216 105
246 123
261 134
261 136
244 130
214 117
173 97
130 78
87 56
48 35
25 19
17 11
23 13
42 21
80 37
123 56
167 78
208 101
242 121
259 132
263 138
250 132
222 123
185 105
142 83
97 62
58 41
31 23
17 15
23 17
41 27
3 37
93 42
150 58
199 83
236 113
257 130
261 136
253 130
232 121
197 111
154 95
109 72
66 46
35 23
19 11
15 13
31 17
60 29
99 44
146 66
189 89
224 111
251 126
265 132
259 136
238 130
205 115
164 95
119 72
76 48
41 31
19 15
15 9
27 13
52 25
89 41
134 62
179 87
218 107
248 125
261 134
261 136
246 132
214 119
173 99
128 76
85 52
48 33
25 19
17 11
23 13
44 21
80 39
125 58
169 82
210 105
242 123
259 132
263 136
251 134
224 125
187 111
144 95
91 62
46 21
23 0
17 0
23 13
39 25
68 33
113 44
160 68
205 101
236 128
255 136
263 134
255 126
230 123
193 111
150 91
105 62
66 37
35 21
17 13
15 13
33 17
62 29
103 44
148 70
191 93
228 115
251 128
263 134
257 134
236 126
203 113
164 93
119 70
76 48
41 29
21 17
15 11
27 15
54 25
91 42
136 62
181 85
218 107
248 125
261 134
261 136
244 128
214 117
173 99
128 76
83 54
50 35
25 21
15 13
21 11
46 21
83 41
128 64
177 93
210 111
232 117
250 117
259 121
250 125
222 121
181 103
138 76
95 52
60 39
31 29
17 19
19 13
39 17
74 33
113 54
33 78
191 97
234 113
5 125
265 134
250 136
228 126
193 109
150 85
105 64
64 44
35 27
17 15
15 11
33 13
62 29
103 48
148 70
191 91
228 109
3 126
263 134
257 136
220 128
203 113
162 91
115 62
72 48
41 29
21 17
15 11
25 11
54 23
93 42
13 68
181 89
218 107
0 123
263 134
261 138
242 132
212 117
171 97
126 76
83 54
48 37
31 31
15 21
11 1
35 0
82 19
130 58
173 91
210 107
242 115
263 125
265 138
250 142
220 130
181 103
138 76
93 54
54 39
27 25
15 11
19 7
39 13
72 33
115 54
162 78
203 99
236 115
257 128
263 136
255 136
228 126
191 105
148 83
105 64
64 42
33 25
17 13
17 9
33 15
64 29
105 48
150 72
193 93
230 113
253 126
263 136
257 136
236 126
201 113
160 91
115 70
72 46
41 29
21 17
15 11
27 13
54 25
95 44
140 68
183 91
220 111
250 126
267 142
265 148
236 132
199 105
164 78
125 62
83 50
46 33
21 15
15 5
27 9
50 25
83 44
128 64
173 82
212 103
242 121
259 134
261 138
248 132
218 119
179 99
136 80
93 58
54 37
27 21
15 11
21 11
41 21
72 33
117 54
164 76
205 99
236 119
257 130
263 136
251 134
226 123
191 107
148 85
103 64
64 42
33 25
17 13
17 11
35 17
64 31
105 50
150 72
193 95
230 113
253 128
263 136
257 134
236 126
201 113
158 91
115 68
72 46
41 29
19 17
15 11
29 15
58 31
99 58
132 66
171 68
216 87
251 117
265 140
259 142
240 126
210 107
171 93
126 82
82 62
46 37
23 15
15 5
15 9
48 25
17 33
3 58
171 13
212 101
244 123
9 134
263 136
250 130
218 119
179 103
134 82
91 60
54 37
27 21
15 11
19 11
41 19
76 35
119 54
162 76
205 99
236 117
259 132
263 138
251 134
228 123
191 107
146 85
101 64
62 41
33 25
17 15
17 11
35 17
66 29
107 50
152 74
195 93
232 115
255 128
263 136
257 136
236 128
203 115
166 103
111 76
60 41
29 11
17 1
17 5
29 15
54 25
95 39
142 60
189 89
224 117
250 132
263 136
259 134
242 128
208 117
167 99
123 74
80 48
44 27
23 15
15 13
23 13
48 21
85 37
130 60
173 83
214 105
246 123
261 132
261 134
246 130
216 119
179 101
134 80
89 56
52 35
27 19
17 13
21 13
41 19
76 35
119 56
164 78
205 101
238 119
259 130
263 136
251 132
226 123
189 107
146 85
101 62
60 41
33 25
17 13
17 11
35 17
66 31
109 50
154 74
197 99
238 126
253 136
253 125
248 113
232 111
201 109
158 97
109 68
68 39
41 19
23 15
17 19
29 23
56 27
97 39
142 62
185 91
220 113
248 125
263 132
259 132
240 128
207 117
167 95
125 74
80 50
44 33
21 19
15 11
25 13
48 23
85 39
130 60
175 83
207 105
244 121
11 130
263 136
248 132
216 121
177 99
126 78
89 56
52 37
27 23
15 13
21 11
41 19
76 35
121 56
166 82
207 103
240 119
259 130
263 138
251 136
224 125
187 105
144 83
101 62
62 42
37 33
21 25
11 9
25 3
62 13
109 41
156 74
195 97
230 113
255 123
267 132
257 138
234 132
197 115
154 87
111 64
68 44
37 31
17 17
15 9
29 11
58 25
97 44
142 68
187 91
224 109
251 125
263 134
259 138
240 130
207 115
166 93
121 72
78 50
44 33
21 15
15 9
25 13
50 25
87 42
132 62
177 83
216 105
246 125
261 134
261 136
246 130
216 121
177 101
132 78
87 54
50 35
27 21
15 13
21 13
42 21
80 37
123 58
166 80
208 103
240 121
259 134
263 138
255 140
220 134
179 103
130 64
95 39
60 33
33 29
15 19
15 7
37 7
72 29
113 58
154 83
197 101
234 115
5 125
263 136
253 138
232 128
197 109
154 83
109 62
68 44
37 29
19 15
17 9
31 13
60 29
99 50
144 72
187 91
224 109
251 125
263 136
259 136
222 126
207 113
158 95
121 74
76 50
44 31
23 17
15 11
25 15
52 25
89 41
134 62
177 85
216 107
246 125
263 134
261 138
246 132
216 119
175 101
132 78
87 54
50 35
27 21
17 13
21 13
46 25
85 48
121 64
156 72
199 83
240 105
261 126
263 138
248 132
222 117
189 99
144 85
99 68
58 44
31 23
17 11
19 9
35 19
68 33
111 52
156 72
197 91
234 113
255 128
265 138
255 136
230 125
197 109
154 89
109 68
68 46
37 27
17 13
17 9
31 17
60 29
101 46
146 68
189 91
226 111
251 126
263 134
259 136
238 128
205 113
164 93
119 72
76 48
41 29
21 15
15 11
27 15
52 25
91 41
134 62
179 85
218 109
246 125
263 134
261 138
246 132
214 121
175 101
132 83
93 68
46 41
13 5
7 0
21 0
48 21
80 42
121 58
167 72
210 93
244 123
261 142
263 146
250 132
222 117
185 101
140 85
95 64
56 39
29 17
15 7
19 9
39 21
70 35
113 50
158 72
201 97
234 119
255 132
263 136
255 132
230 125
193 109
152 87
107 66
66 44
35 25
17 13
17 11
33 17
60 29
101 44
146 68
191 91
226 113
251 126
263 134
259 134
234 126
205 113
162 93
119 72
76 48
42 29
21 17
15 11
27 13
52 25
91 42
136 66
181 91
226 119
250 134
253 132
251 121
240 115
214 109
173 97
128 76
83 50
50 29
27 17
17 17
23 21
44 27
82 39
125 56
169 82
208 105
240 123
259 130
261 130
250 130
222 123
183 107
138 82
95 58
58 39
29 25
15 15
19 13
39 17
70 33
113 52
158 76
201 99
236 117
5 128
263 134
253 132
230 126
195 109
150 87
101 64
66 44
35 27
17 17
15 11
33 15
64 29
103 48
23 70
187 91
228 113
3 128
255 136
259 136
222 128
205 115
162 95
109 72
70 48
42 31
5 19
21 21
21 23
44 17
19 19
134 44
183 82
222 115
248 128
261 128
261 128
246 130
214 126
173 107
126 78
83 46
48 29
25 19
15 17
21 13
44 17
82 31
126 56
169 83
210 107
242 121
259 130
263 134
250 134
220 123
183 105
138 80
95 56
56 39
29 23
15 15
19 11
39 17
72 33
115 54
160 78
201 99
236 115
257 128
263 136
253 134
228 125
193 109
150 87
105 64
64 41
35 25
19 15
17 11
33 17
64 29
105 48
25 72
189 95
220 113
3 128
265 138
261 142
240 138
197 115
150 82
109 52
64 35
42 25
19 17
13 9
27 9
56 21
95 44
138 72
181 93
220 111
250 125
263 134
259 138
240 132
210 115
169 95
126 72
82 50
46 33
23 17
17 11
23 11
46 21
83 41
128 62
171 83
212 105
242 123
259 132
263 138
248 134
220 121
179 99
138 80
95 58
56 41
29 21
17 13
21 11
41 19
72 35
117 54
160 76
203 99
236 117
257 130
263 138
253 134
228 125
193 107
148 85
105 64
64 44
33 27
17 13
17 11
33 17
64 33
109 54
156 85
189 97
216 97
246 105
15 123
261 138
220 134
195 111
160 82
109 64
74 50
41 39
0 21
15 9
29 9
56 23
93 46
3 68
181 87
220 103
248 121
11 132
259 138
244 132
210 115
169 95
126 74
82 54
48 37
15 19
15 9
23 9
48 23
83 41
128 60
171 82
212 101
244 121
261 134
261 138
248 130
220 119
179 101
136 80
91 58
54 37
27 21
15 13
19 13
41 21
76 35
117 54
162 76
205 99
238 119
257 132
263 136
253 134
228 125
191 109
150 89
109 72
64 50
23 21
5 0
13 0
37 7
68 31
105 50
148 66
197 89
234 113
255 132
263 142
257 138
236 126
201 111
158 93
111 70
70 46
39 25
19 11
15 7
29 13
56 27
95 44
140 66
183 87
222 109
250 126
263 136
259 136
240 128
208 115
169 97
125 76
80 52
44 31
23 17
15 11
23 13
48 23
85 41
128 60
173 82
214 105
244 123
261 134
261 134
248 130
218 121
179 103
134 80
91 56
54 37
27 23
15 13
19 11
41 19
76 37
121 56
164 82
205 103
240 123
265 144
263 148
242 126
216 101
189 87
150 80
103 68
60 42
31 17
19 5
21 11
35 25
66 41
107 52
152 70
195 91
230 115
253 130
261 136
257 132
234 123
199 107
158 91
113 70
72 46
39 25
19 15
15 11
29 17
56 27
97 44
142 66
185 89
222 109
250 125
263 134
259 134
240 128
208 113
169 97
125 76
80 52
44 31
23 17
17 13
25 15
48 25
85 41
130 60
173 83
214 105
246 125
261 136
263 138
246 132
218 121
179 103
132 80
89 58
54 39
29 25
21 21
27 25
35 21
64 23
111 37
33 68
208 99
236 121
7 128
263 130
255 130
158 126
189 113
144 89
101 62
60 39
31 23
15 15
17 13
35 17
66 27
107 46
154 72
197 97
232 115
255 126
265 134
257 136
234 128
197 113
156 89
111 66
70 44
37 27
19 15
17 11
31 15
58 27
97 44
142 68
187 91
224 111
250 126
263 134
259 136
240 130
208 115
166 95
123 72
78 50
42 31
23 17
17 11
25 15
50 23
87 41
130 62
175 85
216 107
246 123
261 134
263 138
246 134
218 125
181 113
126 78
78 39
46 13
27 9
17 13
21 17
42 19
78 27
123 52
167 83
207 109
240 125
259 130
263 132
250 132
224 125
187 107
142 82
99 56
60 37
31 23
15 15
17 13
37 17
68 31
109 50
154 74
197 97
232 115
255 128
263 134
255 136
234 126
197 111
154 87
111 64
70 44
37 27
17 15
15 9
31 13
58 27
99 46
144 68
187 91
224 111
251 126
263 134
259 136
240 128
207 113
166 93
121 72
78 50
44 31
21 19
15 11
27 13
52 25
91 44
140 76
175 93
207 101
236 107
259 119
263 130
246 132
214 117
175 93
132 72
89 54
52 41
25 27
15 15
21 9
42 17
78 37
119 58
166 80
208 99
240 117
259 130
261 136
251 134
226 123
187 105
142 83
99 60
58 41
31 25
15 15
17 11
37 17
70 31
111 52
156 74
197 95
232 115
255 128
263 138
255 136
232 126
197 111
154 89
109 66
66 42
37 27
19 17
17 13
29 17
60 29
101 48
146 70
187 91
224 111
253 128
265 136
259 138
240 130
207 115
166 95
119 74
78 54
48 41
21 25
5 0
15 0
50 5
93 39
134 70
177 85
216 99
250 117
265 134
263 146
246 140
214 119
175 93
130 74
85 56
48 37
25 19
15 7
21 7
42 19
80 39
123 60
169 80
208 99
240 119
259 132
263 138
250 134
222 121
183 101
142 82
99 62
58 41
27 21
17 11
19 11
39 19
70 33
111 52
33 74
199 95
232 117
5 130
255 138
255 134
230 125
195 109
152 87
107 66
66 44
35 27
17 13
17 9
31 15
62 29
101 48
146 70
189 93
228 115
257 136
267 146
251 134
228 115
199 97
164 83
121 70
76 48
41 27
21 11
17 9
29 19
52 33
89 46
134 62
179 85
218 107
246 126
259 134
261 134
244 128
214 117
171 99
128 78
87 54
48 33
25 19
15 11
21 13
44 23
80 39
123 58
169 80
210 103
242 121
259 132
263 136
250 130
220 119
183 99
142 83
97 60
58 41
29 23
15 13
21 13
39 19
72 33
113 52
158 74
201 95
236 117
257 130
263 136
255 134
230 125
195 111
152 89
107 66
66 44
37 27
19 15
17 11
37 23
64 41
95 44
136 50
185 70
230 105
255 134
263 142
257 132
238 121
207 111
164 99
117 80
76 52
42 27
21 13
13 11
27 17
52 27
91 39
134 58
179 82
218 107
248 125
263 136
261 136
244 128
212 119
173 101
126 78
83 54
48 33
25 17
15 11
21 11
46 21
82 37
125 58
169 82
210 103
242 123
261 132
261 136
250 132
222 123
183 105
138 82
93 56
56 37
31 23
17 15
19 13
37 19
64 33
115 54
160 78
201 99
236 117
257 130
263 136
255 136
232 130
199 119
148 91
95 56
56 25
33 11
21 9
17 11
31 15
62 23
105 42
150 70
193 99
220 121
253 130
263 134
257 134
236 128
203 115
160 93
115 66
74 42
41 27
19 17
15 13
27 15
56 25
93 42
138 68
181 89
220 109
248 125
263 134
259 136
242 130
212 117
171 97
128 76
83 54
46 33
25 17
15 11
23 13
44 23
82 39
126 60
171 82
212 103
242 121
261 134
263 138
248 132
220 121
183 103
138 82
93 58
56 37
29 21
17 13
19 11
39 19
76 35
117 56
164 83
208 113
232 123
246 117
255 115
253 121
232 125
191 113
146 85
105 56
66 37
37 29
19 25
17 19
33 15
62 25
105 46
148 74
193 97
228 111
251 121
265 130
259 136
236 130
203 113
160 89
117 66
72 48
41 31
19 17
15 11
29 13
54 23
93 42
138 66
183 87
220 107
0 123
263 134
261 138
242 132
212 119
171 97
126 74
82 52
46 31
15 17
15 11
23 13
46 21
21 31
1 60
173 82
205 105
244 121
261 132
263 136
250 132
220 123
181 103
138 82
95 62
60 48
31 33
0 11
9 0
35 1
76 25
117 52
160 78
201 93
238 111
253 130
265 142
253 142
228 128
191 107
148 83
103 64
62 44
31 25
15 11
17 5
35 13
64 29
105 50
150 70
195 91
230 113
253 128
263 138
257 136
236 126
201 109
158 89
115 68
72 48
41 29
19 15
15 9
29 15
56 29
95 46
138 66
183 87
220 109
250 125
261 134
261 136
242 130
210 117
169 97
125 74
82 52
46 33
23 17
15 11
25 11
46 21
85 39
130 62
173 83
214 107
246 125
261 136
267 148
250 144
208 115
169 80
132 60
95 50
56 42
27 25
13 7
21 1
44 17
78 42
117 66
162 82
205 95
238 113
257 130
261 138
251 134
228 121
191 103
146 83
93 64
62 44
33 27
17 13
17 9
35 17
66 31
107 50
152 72
195 93
230 113
253 128
263 136
255 134
234 125
199 111
158 89
113 68
72 46
39 29
19 15
15 11
29 15
58 27
95 46
140 68
183 87
222 107
251 125
265 136
259 138
240 130
208 115
162 95
125 76
80 54
44 35
23 19
17 13
29 19
54 35
19 37
119 50
166 64
214 91
246 119
261 134
261 134
246 125
220 115
181 103
136 87
89 62
52 37
27 17
15 11
19 13
39 21
76 33
119 50
164 74
205 99
238 119
259 130
263 134
253 132
226 125
189 109
146 87
101 62
62 41
33 25
17 15
17 11
35 17
66 29
109 48
154 72
197 95
230 113
255 126
263 136
255 136
234 126
199 111
156 89
113 68
70 46
37 27
21 15
17 11
31 17
58 27
97 44
3 68
187 91
222 111
0 126
263 134
261 138
240 130
207 117
171 101
128 87
74 54
31 15
13 0
17 0
29 17
50 31
83 39
130 54
177 78
216 107
246 132
261 140
261 136
246 126
216 117
177 103
132 82
87 54
52 31
25 15
15 11
21 15
42 23
76 37
121 54
166 78
207 103
238 123
257 130
263 134
251 132
224 125
187 107
142 83
93 60
60 41
33 25
15 13
17 9
37 17
68 33
109 52
154 74
197 97
232 115
255 130
263 136
255 136
232 126
199 111
154 89
111 66
70 44
37 27
19 15
17 11
31 15
58 27
99 46
146 72
195 101
224 119
242 123
251 119
257 119
242 123
207 115
156 95
121 68
82 44
46 31
23 23
15 17
25 15
50 21
80 37
132 62
175 87
214 107
244 121
261 130
261 134
246 130
216 121
177 99
125 76
87 54
52 37
27 23
15 13
21 11
42 19
78 35
121 56
166 80
203 93
240 119
9 130
261 136
251 134
220 123
187 107
126 83
99 60
60 41
31 23
15 11
17 11
37 17
0 31
111 50
156 72
199 97
234 117
255 132
263 136
255 134
232 125
197 111
154 91
109 68
70 46
39 29
25 27
17 21
21 7
50 3
97 27
146 64
189 97
222 113
251 121
265 128
261 136
240 138
207 123
166 97
119 68
78 46
42 31
21 21
13 11
25 7
50 19
89 41
132 66
177 87
216 105
246 121
263 132
261 138
244 134
216 119
175 99
130 76
85 52
50 37
27 21
15 13
21 11
42 19
80 37
123 58
167 80
208 101
240 119
259 132
263 138
250 134
224 121
185 103
142 82
97 60
58 39
31 23
17 13
17 11
37 17
70 31
113 52
158 76
199 99
234 117
257 132
269 142
261 148
226 128
185 99
146 70
109 54
68 41
35 27
17 13
15 5
33 11
62 31
101 54
146 76
189 93
226 109
251 125
261 136
257 136
238 126
205 111
164 91
119 72
76 50
42 29
23 15
15 9
25 13
52 25
89 42
134 64
179 85
216 107
246 123
261 134
261 136
244 128
214 119
175 99
130 78
85 54
50 35
25 21
15 13
21 13
44 21
80 37
123 58
167 82
208 103
240 121
259 130
263 136
251 134
222 125
183 105
142 82
97 60
58 41
29 25
17 15
19 13
39 21
72 37
117 64
152 74
187 78
228 93
259 121
265 140
253 140
228 123
195 99
154 83
111 72
66 54
35 31
17 9
17 5
33 15
60 33
99 50
146 66
189 87
226 109
251 128
263 138
257 136
238 126
205 113
162 95
117 72
76 50
42 29
19 15
13 9
27 13
54 25
91 42
134 62
179 85
218 107
248 125
261 134
261 136
244 130
214 119
173 99
128 76
83 50
48 33
25 19
15 13
23 13
44 23
82 37
125 58
169 82
210 105
242 121
9 132
263 136
250 134
224 125
185 109
146 93
95 66
46 33
19 5
13 0
21 3
39 19
70 33
113 48
160 70
203 97
236 121
257 138
263 140
253 134
230 123
193 109
150 89
105 64
64 41
33 21
17 11
17 11
33 17
62 29
103 46
148 70
191 93
228 115
253 128
263 134
257 132
236 126
205 113
160 93
115 68
76 46
42 29
21 17
15 11
27 13
54 23
91 42
136 64
181 87
218 107
248 123
13 134
261 136
244 130
212 117
171 99
126 76
83 52
48 33
17 19
15 11
21 11
46 21
83 33
126 60
171 85
212 109
248 134
9 142
251 126
173 111
220 105
185 103
140 87
91 58
54 29
31 15
19 13
21 21
31 27
9 35
115 50
160 74
201 99
234 121
5 130
255 132
251 128
222 123
193 111
142 89
105 64
64 41
31 25
17 17
17 13
31 17
0 27
105 46
25 72
191 95
226 113
253 126
255 134
257 134
158 128
203 113
160 93
115 62
74 46
39 29
19 15
17 11
29 15
54 27
93 44
13 66
183 87
220 109
0 125
255 134
259 136
242 130
210 117
171 97
126 76
83 54
48 37
29 27
19 23
17 13
35 9
76 19
1 46
173 80
205 105
242 121
11 128
265 134
251 136
220 126
181 107
136 82
93 56
54 37
27 23
15 13
19 11
39 15
72 29
117 52
162 78
203 99
236 117
7 130
263 138
253 136
228 126
187 107
130 83
97 62
64 42
33 25
15 13
17 9
0 15
64 29
105 48
150 72
193 91
230 111
253 128
263 136
257 136
236 128
201 111
160 91
115 70
72 48
39 29
19 15
15 9
29 13
56 25
93 42
140 66
185 89
222 109
250 126
263 134
261 138
246 138
212 130
162 93
113 52
78 31
48 25
25 23
13 17
23 9
48 15
17 37
5 68
158 93
205 109
244 119
259 126
261 136
248 134
218 123
179 101
134 76
91 52
54 39
27 25
15 13
19 9
41 17
74 35
117 56
162 80
205 99
238 117
257 130
263 136
253 134
228 125
191 105
146 85
101 62
62 41
33 25
17 13
15 11
35 17
66 31
107 50
152 72
193 95
230 115
253 128
263 134
255 132
236 126
201 115
158 93
113 68
72 46
41 29
19 17
15 13
29 17
60 31
101 54
138 72
171 80
214 91
250 111
263 130
259 136
238 128
210 111
171 91
126 76
82 58
46 39
23 21
15 9
23 11
48 23
83 41
128 60
173 80
212 101
244 121
261 134
261 136
248 130
218 119
179 101
136 82
91 58
52 37
27 21
15 11
19 13
41 19
76 35
119 54
164 76
205 97
238 119
259 130
263 136
251 132
226 123
191 107
146 85
101 62
60 41
33 23
17 13
19 11
35 17
66 31
107 50
152 74
195 95
230 115
255 130
263 138
257 136
234 126
201 113
158 91
115 72
76 58
37 33
9 3
5 0
29 0
62 27
99 52
138 68
183 82
224 103
253 128
265 146
259 144
240 128
208 109
167 93
123 76
78 54
42 31
23 13
15 7
25 13
48 27
87 42
130 60
175 82
214 105
244 123
261 136
261 138
246 130
216 117
177 99
126 80
89 58
52 35
25 17
17 9
21 13
41 21
76 37
121 56
166 78
207 101
238 119
257 132
263 136
251 132
226 123
187 105
144 85
101 62
62 41
31 25
17 15
17 13
35 17
68 29
109 50
156 76
199 99
238 125
250 138
255 134
246 121
228 111
199 101
158 87
109 66
68 41
39 21
21 13
17 15
31 21
58 33
97 46
142 66
187 89
222 113
0 126
261 132
259 130
240 126
208 115
158 95
123 72
80 50
37 31
21 19
15 13
25 15
50 23
87 39
132 60
175 83
207 107
246 123
11 132
261 136
248 132
216 119
177 93
132 78
89 54
52 37
17 19
13 9
23 9
39 21
13 35
121 56
42 80
208 93
240 121
257 132
263 136
251 132
226 123
187 105
142 83
99 62
60 41
33 25
17 15
23 21
39 29
60 27
99 29
150 52
201 89
234 121
255 132
261 130
257 126
236 125
199 117
154 97
109 68
68 41
37 23
17 15
15 15
29 17
60 25
99 41
142 64
187 91
226 113
251 128
263 132
259 134
240 130
207 117
166 97
119 70
78 48
44 31
21 19
13 13
25 13
52 23
89 41
132 62
177 85
216 107
246 123
261 134
261 136
246 132
216 121
175 99
132 78
87 54
52 37
27 21
15 13
21 11
42 21
78 37
113 56
42 82
208 95
240 121
9 132
265 140
255 140
220 134
183 109
130 74
89 42
58 25
33 17
15 13
17 9
37 11
72 27
115 54
158 80
197 101
232 117
255 126
263 134
253 134
232 126
195 109
154 85
107 62
68 42
37 27
19 17
15 11
31 13
60 27
101 46
146 70
189 91
224 111
251 126
263 134
259 136
238 128
207 113
166 93
121 72
76 50
42 31
21 17
15 11
27 15
50 23
89 41
134 64
177 85
216 107
246 125
261 134
261 136
244 130
216 117
175 101
130 80
85 56
50 35
25 21
15 13
