430000 10000000 90177 23
199 99
224 113
244 123
257 130
261 134
255 134
242 128
220 119
193 105
164 93
132 76
99 60
70 44
48 35
37 33
21 23
11 9
17 0
41 5
72 25
97 46
126 62
160 74
195 89
222 109
240 126
253 134
259 138
257 134
244 130
224 123
201 111
171 97
138 76
107 58
78 44
52 33
33 25
21 15
19 11
27 13
41 23
62 33
87 44
121 60
154 74
183 91
212 107
236 119
251 128
259 130
257 132
248 130
232 125
208 115
179 99
148 83
117 66
85 52
58 37
39 27
25 17
19 13
23 15
35 19
54 27
82 41
113 56
146 70
175 87
205 103
230 117
248 126
257 132
259 134
253 136
238 130
220 128
189 115
146 82
113 48
91 37
68 37
44 35
27 25
19 9
23 5
33 17
52 33
76 46
103 54
136 62
167 78
199 99
222 117
242 125
255 126
259 128
255 132
240 130
220 121
197 107
166 91
132 76
101 60
72 46
48 33
31 21
21 13
19 11
27 15
44 23
68 33
95 44
128 62
162 78
191 95
216 109
240 121
253 130
259 134
255 134
246 128
228 121
203 111
171 97
140 80
109 64
80 48
54 37
35 25
21 17
19 13
25 13
41 21
60 31
89 42
123 60
156 82
189 103
208 111
224 109
242 111
257 119
259 128
250 132
232 123
208 109
183 95
152 85
119 76
85 58
58 41
39 23
25 15
19 15
21 15
35 19
54 25
80 37
111 52
142 70
175 87
205 99
230 115
248 125
257 132
259 134
250 132
238 126
216 117
187 103
156 87
125 72
93 56
66 41
44 29
27 19
19 13
21 13
31 17
48 27
74 37
103 50
134 64
167 83
197 97
222 111
244 123
255 130
259 134
255 134
242 130
222 119
197 107
166 93
132 76
101 58
74 44
50 35
31 25
23 19
27 25
27 23
33 11
56 9
93 29
130 60
162 83
187 95
216 101
242 113
255 130
259 140
255 138
248 130
228 119
203 111
173 99
140 83
109 64
80 44
54 31
33 23
23 17
21 13
25 13
39 19
60 29
87 42
119 58
150 72
181 87
212 105
234 119
250 126
257 132
259 134
250 130
232 123
210 113
181 101
152 85
117 68
87 52
60 39
39 27
25 19
19 13
21 13
35 17
56 27
82 41
111 54
142 70
175 85
205 101
228 117
246 126
257 132
259 134
253 134
240 130
222 125
193 115
154 91
115 60
87 39
66 29
46 27
27 21
17 11
23 7
35 15
50 29
74 44
101 56
134 64
167 78
195 97
220 111
242 123
255 128
259 130
255 132
242 128
222 121
197 109
167 93
132 74
103 60
74 46
50 33
31 21
21 13
21 13
27 17
42 23
64 33
93 44
125 60
158 78
189 91
216 109
240 123
253 128
259 134
257 134
248 132
228 125
203 111
173 95
144 82
111 68
80 52
54 37
35 23
25 17
19 15
25 15
39 19
60 29
87 42
117 58
150 76
181 91
214 111
238 130
244 128
246 115
253 111
251 121
236 126
208 119
181 97
154 78
123 64
89 58
60 46
41 33
27 19
19 11
21 13
33 21
52 29
78 37
107 48
140 64
173 83
203 103
226 115
246 123
257 128
259 132
250 132
130 128
218 119
187 105
160 89
126 74
95 58
68 44
44 31
27 19
19 13
21 13
31 17
46 23
9 31
101 50
7 66
166 78
195 97
220 111
234 121
5 130
251 134
251 132
244 130
224 121
199 109
167 95
136 78
105 60
74 44
50 33
33 23
25 19
27 25
29 27
35 19
54 17
89 29
126 52
158 76
187 93
214 103
238 113
255 126
261 136
257 140
248 134
230 123
205 109
175 99
144 83
111 66
80 46
54 29
35 21
25 19
19 17
23 15
39 19
60 29
85 44
115 60
148 74
179 87
208 101
232 115
248 126
257 132
259 134
251 130
234 125
212 115
185 101
154 87
121 70
89 52
62 39
41 27
27 21
19 15
23 13
35 17
52 27
78 39
109 54
140 70
171 85
201 99
226 113
246 126
257 132
259 134
253 134
240 130
220 121
193 107
164 97
132 85
91 56
58 25
41 9
31 11
23 19
21 19
27 13
46 15
74 31
103 54
132 74
162 85
193 91
220 105
242 121
253 132
257 134
255 130
244 125
224 117
199 109
169 95
138 80
105 62
76 46
50 33
33 23
21 17
21 13
25 13
41 19
64 31
91 44
123 60
154 72
187 89
214 107
236 121
251 130
259 134
257 132
248 128
230 123
207 115
177 99
146 82
113 66
82 50
56 37
37 27
25 17
19 13
23 13
37 19
58 29
83 41
117 56
148 74
179 89
210 107
238 128
248 132
248 126
250 119
248 117
236 117
212 113
183 99
154 83
123 68
93 56
64 44
41 35
25 23
19 13
21 13
33 17
48 25
74 35
107 48
140 64
169 82
201 99
226 113
246 125
257 132
259 134
253 132
240 128
218 119
191 105
160 87
130 72
99 60
70 44
46 31
29 19
21 13
21 13
29 17
44 23
70 33
99 46
130 62
162 80
193 95
220 109
242 121
253 128
259 132
257 134
246 132
224 123
199 109
169 93
138 80
107 64
76 48
52 35
33 23
21 17
19 15
27 17
46 33
64 41
82 37
111 37
152 56
189 87
214 113
234 121
250 121
261 126
261 136
250 140
230 132
207 113
179 95
146 80
113 68
82 54
56 37
37 21
23 13
19 11
23 15
37 21
58 27
82 37
115 52
140 74
177 91
207 103
230 115
250 125
257 132
259 136
250 132
236 125
214 113
185 101
154 85
123 72
91 56
64 41
41 27
25 19
19 13
23 15
33 19
50 25
76 35
107 50
138 68
169 85
199 99
224 111
246 123
5 130
251 134
250 134
242 128
220 121
195 109
167 97
138 89
95 64
58 33
39 13
29 7
23 11
21 15
27 15
44 17
72 29
101 48
130 68
162 85
193 97
218 109
238 119
253 130
259 136
255 134
244 126
226 117
201 107
171 95
138 80
107 64
78 48
52 35
33 25
23 17
19 15
25 15
41 21
62 31
89 44
121 58
154 74
185 89
212 103
236 119
251 128
259 134
257 134
250 130
232 123
208 113
179 99
148 83
117 68
85 52
58 39
37 27
25 17
19 15
23 15
35 19
56 27
82 39
113 54
146 72
177 87
207 103
232 117
250 130
263 146
255 142
242 121
228 103
212 99
189 101
156 95
123 74
91 48
66 33
44 31
29 31
19 25
21 15
31 11
50 21
76 39
103 56
134 66
167 76
199 93
224 111
244 126
255 132
259 134
255 130
242 126
220 119
195 107
166 93
132 76
99 60
70 44
48 33
31 23
21 15
19 13
29 15
44 23
68 35
97 48
128 62
160 78
191 93
218 109
240 121
253 130
259 134
255 134
246 130
226 121
201 111
171 95
140 80
109 64
80 50
54 37
35 25
23 17
21 15
27 19
44 29
66 41
83 44
107 44
146 56
183 78
212 103
234 119
248 125
257 126
261 128
253 134
234 132
208 121
179 99
148 82
117 68
85 54
58 39
37 23
25 13
19 9
23 13
35 19
56 27
83 39
113 54
144 70
175 87
205 103
228 115
248 123
255 130
259 132
253 132
238 126
214 117
187 101
158 87
125 74
93 58
64 41
44 27
29 17
19 15
21 13
31 17
50 25
74 37
103 50
134 64
167 82
199 97
224 111
244 123
255 132
259 136
255 134
242 128
222 121
197 107
166 93
134 78
105 66
78 56
42 33
19 5
13 0
21 1
31 17
44 29
66 33
95 39
130 56
162 82
191 103
216 113
238 117
253 123
259 132
255 138
244 134
228 121
203 105
173 93
140 82
109 68
80 50
54 33
35 19
25 15
19 17
25 17
39 19
60 27
89 42
119 58
150 76
181 89
210 103
234 117
250 126
257 134
257 134
248 130
234 123
210 115
181 101
150 85
119 70
87 52
60 39
39 27
25 19
19 13
21 13
33 17
54 27
82 42
111 56
142 70
175 83
205 101
230 117
248 128
263 142
263 144
244 130
226 111
212 99
191 95
160 87
125 74
93 52
68 37
46 29
31 25
19 21
19 15
31 15
48 21
74 37
101 52
132 66
166 80
197 95
222 109
242 123
255 132
259 134
255 132
242 126
222 119
197 109
166 95
134 76
103 58
74 44
48 33
31 23
21 15
19 13
27 15
42 21
66 31
95 46
126 64
158 78
189 93
216 107
240 121
253 130
257 132
257 132
248 130
228 125
203 111
173 97
142 82
111 66
80 50
54 37
35 25
23 17
21 15
25 15
39 23
60 31
89 48
121 68
144 72
169 70
205 82
236 107
253 132
257 138
255 132
250 123
236 121
212 121
181 111
152 91
119 66
87 48
60 37
39 29
23 19
19 9
21 7
35 15
52 27
80 41
109 52
140 66
175 83
205 103
226 117
246 126
257 130
259 132
251 132
238 128
216 117
189 105
160 87
126 72
95 56
68 42
44 31
29 21
19 13
21 13
31 17
46 25
70 33
103 48
134 66
166 83
195 97
220 111
244 123
255 130
259 136
255 134
244 128
224 121
199 109
167 95
134 80
107 66
82 56
50 41
23 17
11 1
17 0
29 7
42 21
64 31
93 42
126 56
160 78
189 97
216 115
238 125
251 128
257 132
257 134
246 132
228 123
203 107
175 93
144 80
111 64
82 50
54 35
37 23
23 15
19 13
23 15
39 19
60 31
85 42
115 58
148 74
181 89
208 105
232 117
248 125
257 132
259 132
251 132
234 125
212 113
183 99
152 85
121 70
89 54
62 41
41 27
27 17
19 13
23 15
33 19
52 27
80 39
109 52
140 68
173 85
203 101
228 113
248 126
257 132
259 136
259 144
242 140
208 115
179 85
156 70
130 66
99 64
66 46
44 27
29 13
23 13
23 19
31 27
46 29
70 31
101 44
132 64
164 85
193 97
220 107
242 117
253 126
259 134
255 136
244 130
224 119
199 107
167 95
136 80
105 64
76 46
50 33
33 23
21 17
19 15
25 15
42 21
64 31
93 46
123 60
156 76
187 91
216 105
236 119
251 128
259 132
257 134
248 132
230 125
205 113
177 97
144 82
113 66
83 52
56 39
37 27
23 19
19 13
25 15
39 21
60 31
87 46
123 66
146 78
167 80
199 85
230 101
251 121
259 134
257 132
250 126
236 121
214 117
187 109
154 93
121 72
89 50
62 37
41 29
25 23
17 13
21 9
33 13
52 25
78 39
107 54
140 68
171 82
201 99
226 115
246 126
257 132
257 132
251 128
242 126
218 119
191 107
160 89
130 72
99 56
70 44
44 31
29 21
21 13
21 13
29 17
44 23
70 35
101 48
130 64
162 80
193 95
220 111
242 123
253 130
257 132
255 130
246 130
226 123
199 111
169 95
138 80
107 64
76 50
52 37
39 33
23 27
9 5
13 0
39 0
68 27
93 50
121 62
154 70
189 83
216 107
238 128
251 138
257 136
257 130
248 126
230 125
207 117
177 99
146 78
113 62
83 48
58 41
37 29
25 17
19 11
25 13
37 21
58 31
83 42
115 54
146 70
177 87
207 103
230 117
250 125
257 130
257 132
251 130
236 126
214 117
185 103
154 85
123 70
91 56
62 42
41 29
25 17
21 13
23 13
33 17
50 25
76 37
107 50
138 68
171 83
199 99
226 113
246 125
257 132
261 138
259 140
250 144
216 123
181 97
154 74
130 62
99 54
70 44
44 27
31 15
23 11
23 15
29 21
44 29
70 35
97 46
128 60
162 80
191 97
218 109
240 119
253 126
259 134
257 136
244 130
226 121
201 109
171 95
138 80
107 64
76 46
52 33
33 23
21 17
19 13
25 13
41 19
62 29
89 42
121 60
154 76
185 91
212 107
236 119
251 128
259 134
257 134
248 130
232 123
208 113
179 99
146 83
115 66
85 50
60 37
37 27
23 19
21 13
23 13
35 19
56 29
83 41
115 58
148 78
183 101
203 109
218 103
240 103
257 117
261 134
251 138
234 126
214 109
189 97
158 89
125 82
91 64
64 41
42 23
27 17
19 17
19 17
31 13
50 19
78 33
105 52
136 70
167 83
201 99
226 111
244 123
255 132
259 134
255 132
242 126
220 117
195 107
164 93
132 76
99 60
70 44
46 31
31 21
21 15
21 13
29 15
46 25
68 35
97 48
128 64
162 80
191 95
218 109
240 121
255 128
259 134
257 134
246 130
226 123
203 111
173 97
140 80
107 64
80 50
56 39
39 33
27 27
13 13
15 3
33 5
60 19
89 41
121 60
152 72
183 85
214 103
238 121
251 134
257 138
257 134
248 128
232 123
208 115
179 101
146 82
115 64
85 50
58 39
39 27
25 17
19 13
23 13
37 17
54 27
82 41
113 54
144 72
175 87
207 103
230 115
248 126
257 132
257 132
251 130
236 126
214 117
187 103
158 89
125 74
93 56
64 41
42 29
29 19
19 15
21 11
33 15
50 25
76 39
105 52
134 66
169 82
199 99
224 113
244 123
255 132
261 134
255 134
242 130
224 125
201 119
162 93
123 60
93 37
72 33
52 33
31 29
19 15
19 5
31 11
48 27
68 42
95 52
126 60
160 74
191 93
216 113
238 125
253 128
259 130
257 130
246 130
228 125
203 113
173 95
140 78
109 64
80 50
54 37
35 25
23 13
19 11
25 15
41 21
62 31
87 42
119 56
152 74
183 91
212 107
234 119
250 128
257 132
257 134
250 132
232 125
208 113
181 99
150 83
117 70
85 54
58 39
39 27
25 17
19 13
23 15
35 17
56 27
82 41
113 56
144 74
181 93
208 111
220 115
236 113
251 115
259 125
253 132
236 126
214 115
189 99
162 87
126 76
95 64
66 46
44 29
29 19
19 15
19 17
29 17
48 21
74 31
103 46
134 66
166 83
197 97
222 109
244 121
255 130
259 136
255 134
242 126
222 119
197 107
166 93
132 78
101 58
74 44
48 31
31 21
21 15
19 13
27 15
44 23
66 31
95 44
126 60
160 78
189 93
216 107
240 121
253 130
259 136
255 132
248 130
228 123
205 111
173 97
142 82
111 64
82 50
54 37
35 25
23 19
25 23
29 27
33 19
48 11
82 19
119 46
154 78
181 95
208 101
234 109
253 123
259 140
259 146
250 136
234 123
208 109
181 99
150 87
117 72
85 48
60 31
41 21
27 19
19 17
23 15
35 17
54 25
80 39
109 54
140 70
175 85
205 101
228 115
246 125
257 132
261 134
253 132
238 126
216 117
191 105
160 89
126 74
95 56
68 42
44 31
29 21
19 15
21 13
31 17
48 23
72 37
101 50
134 64
166 80
197 97
222 111
242 123
255 130
259 134
257 136
244 130
226 126
205 121
167 101
125 72
93 44
72 31
50 25
33 21
19 15
19 9
29 9
44 21
66 37
95 52
125 64
156 76
187 89
216 107
238 123
251 130
257 130
257 128
248 128
230 123
205 113
175 95
144 80
111 64
82 50
56 37
35 25
23 15
19 11
25 13
39 21
60 31
85 42
117 56
150 74
181 87
208 105
232 115
250 126
259 132
259 134
250 132
234 126
210 115
183 101
152 87
119 70
87 54
62 39
41 27
25 19
19 15
21 13
35 17
52 27
78 39
109 54
142 70
173 87
203 103
232 123
248 136
248 126
248 111
250 111
242 123
220 125
189 109
158 85
128 66
99 56
70 50
44 41
27 23
19 11
21 9
29 17
44 27
70 35
99 44
132 58
164 78
195 99
220 113
242 123
255 128
259 134
255 134
244 130
224 123
199 109
167 93
136 78
105 62
76 46
50 33
33 21
21 13
19 13
27 17
41 21
66 29
93 44
125 62
156 76
187 91
216 107
236 121
251 128
259 132
259 136
248 132
230 123
205 111
177 97
144 83
113 68
82 50
56 37
37 27
25 21
23 21
31 29
35 25
48 19
78 23
115 42
150 68
179 89
207 103
232 111
250 123
261 134
259 142
250 136
234 125
212 109
185 101
154 89
119 74
89 54
62 37
41 25
25 19
19 15
23 15
33 17
52 25
78 37
107 52
140 70
171 85
201 97
226 111
246 125
257 134
259 136
253 132
240 126
218 119
191 107
160 91
128 74
97 58
70 42
46 31
29 21
19 15
21 13
29 15
46 23
70 35
99 48
130 64
164 80
195 95
220 111
242 123
5 132
259 134
255 134
246 130
226 123
201 111
171 99
144 91
103 68
64 33
41 9
33 5
25 15
21 21
23 17
41 13
66 25
95 46
125 70
154 83
185 91
214 101
236 115
250 126
259 138
257 134
248 126
230 117
207 109
177 101
146 85
113 64
82 46
58 35
37 27
23 21
19 15
25 11
37 17
56 29
83 42
115 56
148 70
179 87
207 103
230 117
250 126
257 132
259 134
251 132
236 126
212 117
185 103
154 87
121 70
91 54
64 41
41 29
25 19
19 13
23 13
33 19
50 27
78 37
109 52
140 68
171 85
201 101
230 121
250 134
250 132
248 123
248 115
242 117
222 119
191 109
160 87
128 68
101 56
72 48
46 39
29 27
21 15
21 11
29 15
44 25
68 37
97 46
128 60
162 76
193 95
220 111
240 123
253 128
259 132
257 134
244 130
226 123
201 109
171 95
138 80
107 64
76 48
52 33
33 23
21 15
19 13
27 15
41 23
62 33
91 44
121 58
154 76
185 91
212 107
236 119
251 128
259 132
257 134
248 132
230 123
207 113
179 99
146 85
115 68
85 52
58 37
39 27
23 19
21 15
25 15
41 25
60 42
76 41
101 39
140 48
179 76
208 105
230 121
248 123
259 125
261 128
253 136
238 136
214 123
185 101
156 82
123 70
91 60
62 44
41 25
27 13
19 11
21 15
31 19
50 25
76 35
107 48
138 68
169 85
199 101
224 113
244 123
255 130
259 134
255 134
240 128
218 117
193 103
164 89
132 76
99 62
70 44
46 29
31 21
21 15
21 13
27 15
46 23
70 35
97 48
128 64
162 80
193 95
218 111
240 123
253 130
259 134
257 134
246 130
226 123
203 113
173 99
146 89
109 72
68 44
42 19
31 7
25 9
19 13
23 15
39 17
62 25
91 42
123 64
154 82
183 95
210 105
234 115
251 128
259 134
255 134
248 128
232 119
208 111
179 99
148 85
117 66
85 50
60 39
37 27
23 19
19 15
23 15
35 19
54 27
82 41
113 54
144 70
175 85
205 101
230 115
248 126
257 132
259 134
251 132
236 126
214 117
187 103
158 87
125 72
91 54
66 41
42 31
27 21
19 15
21 15
33 17
50 25
74 37
103 50
136 68
169 83
199 99
224 115
244 125
259 140
259 144
246 126
232 107
218 101
197 103
166 99
130 80
99 56
72 37
50 31
33 29
21 25
19 15
29 11
46 19
68 35
93 50
126 64
160 74
191 89
216 107
238 123
253 130
259 134
257 132
246 128
228 123
203 113
171 95
138 76
109 60
80 50
54 37
33 25
23 15
19 11
25 15
39 21
60 31
87 42
119 56
152 74
183 91
210 105
234 117
251 126
259 132
257 134
250 132
234 125
208 115
179 99
148 82
119 68
87 54
60 41
37 27
25 19
21 15
23 17
39 25
62 41
78 42
101 44
134 50
173 70
208 97
230 117
246 125
257 126
261 128
255 134
240 134
216 123
187 103
158 85
125 70
93 56
66 44
42 29
27 17
19 9
21 11
31 17
50 25
74 35
103 48
134 64
167 82
199 101
222 113
244 123
255 128
259 134
253 134
242 130
220 119
195 107
166 91
132 78
101 60
72 44
50 31
33 23
21 17
19 13
29 17
44 25
66 35
95 46
126 62
160 78
189 93
216 107
238 119
253 130
259 134
257 134
246 130
228 123
203 111
173 99
142 83
113 70
85 62
52 41
23 11
15 0
19 0
29 15
41 27
58 29
87 35
121 52
154 76
183 99
210 113
232 117
250 121
259 130
259 136
250 134
234 125
208 109
181 95
150 83
119 72
87 54
60 37
39 23
25 15
21 17
23 17
35 19
54 25
80 39
111 54
142 70
173 85
203 101
228 113
246 125
257 132
259 134
253 132
238 126
216 115
189 103
160 91
126 74
95 56
66 41
44 29
27 19
19 13
21 13
33 19
48 27
74 37
103 48
134 66
167 83
197 99
222 113
244 125
261 138
263 144
248 132
232 115
218 101
199 97
167 91
132 78
101 58
74 39
52 31
33 25
19 21
19 17
29 15
44 21
64 33
93 48
125 62
158 76
189 91
216 105
238 119
251 130
259 132
255 132
248 128
230 125
205 115
175 99
142 82
111 64
82 50
54 39
35 25
23 15
19 11
23 13
39 19
60 31
85 42
117 56
150 72
181 89
210 105
234 119
250 126
257 132
259 132
251 132
234 126
210 115
183 101
152 85
119 70
87 54
60 41
41 27
27 19
19 15
21 15
33 19
54 27
85 48
113 68
132 68
162 66
197 78
230 105
248 130
257 138
257 132
253 125
242 123
220 125
191 117
160 95
126 72
95 52
68 42
44 33
27 23
19 11
21 7
29 11
46 21
72 37
103 50
132 64
166 80
195 97
222 113
242 125
255 130
259 132
255 132
244 130
224 121
197 107
167 93
136 76
105 60
74 46
50 35
33 23
21 15
19 13
27 15
42 21
64 31
93 44
125 60
158 78
187 93
216 107
240 121
251 128
259 134
257 134
248 130
230 123
205 113
175 99
146 83
115 70
89 62
54 42
25 17
15 1
17 0
25 7
39 19
58 29
83 37
117 50
150 72
181 95
208 111
232 119
248 123
259 130
259 136
250 134
234 126
210 111
183 97
152 85
119 72
89 54
62 39
41 25
27 17
19 15
21 15
33 17
52 23
78 37
107 52
140 70
171 85
201 99
226 113
246 125
257 132
259 134
253 132
240 126
218 117
191 105
160 89
126 72
97 56
70 44
46 31
29 21
21 15
21 13
29 17
46 23
70 35
101 48
132 64
164 82
195 95
222 111
242 125
255 132
259 136
261 144
244 138
214 111
187 85
166 74
140 76
107 68
74 48
48 27
35 15
25 17
21 23
27 25
41 21
64 25
93 41
123 62
154 80
185 91
214 101
238 115
251 126
257 136
257 136
248 130
230 121
207 111
177 99
146 83
113 66
82 48
56 35
37 25
23 17
19 13
23 13
37 17
58 27
83 41
115 56
148 72
179 87
208 103
232 117
248 126
259 132
259 134
251 132
234 125
212 115
185 101
154 85
121 70
89 52
64 39
41 27
27 19
19 15
23 17
35 21
52 29
82 44
113 62
134 70
160 74
193 82
224 99
248 121
255 132
257 132
253 126
242 125
222 121
193 113
162 95
128 74
99 56
70 44
44 33
27 23
19 15
19 9
29 13
44 21
70 35
99 48
130 62
164 78
195 95
220 113
240 123
253 128
259 130
257 134
244 130
224 123
199 109
169 93
138 78
107 62
76 48
50 33
33 21
23 15
19 15
27 15
41 21
64 31
91 42
123 58
154 76
185 89
214 107
236 119
251 128
259 134
257 134
250 132
230 125
207 113
177 99
146 83
115 68
83 52
62 44
42 39
19 21
7 0
15 0
37 5
62 31
83 48
111 56
146 64
181 82
208 107
230 125
248 132
257 132
259 130
250 130
234 128
214 119
185 103
154 83
123 66
91 54
64 42
42 31
27 19
21 11
21 13
33 19
50 27
76 37
105 50
138 66
169 83
199 99
226 113
244 123
255 128
259 134
255 134
240 128
220 119
195 105
164 91
130 76
99 60
70 44
46 31
31 21
21 17
21 13
29 15
46 23
70 35
97 48
130 64
162 80
193 95
220 111
240 123
253 130
261 136
265 144
248 140
216 119
191 93
167 78
140 70
107 62
76 46
50 29
35 17
25 13
21 17
27 23
41 25
62 29
89 41
121 58
154 78
183 93
212 105
234 113
1 125
259 132
257 134
250 130
232 123
208 113
171 99
146 85
115 68
78 52
58 37
37 25
23 17
19 13
23 15
35 19
48 27
82 39
113 54
146 64
177 87
205 101
230 115
248 126
7 132
257 134
251 130
238 125
216 117
185 103
154 85
125 70
93 56
64 44
42 31
27 19
21 15
15 15
33 19
50 27
76 39
105 52
17 76
169 93
189 91
214 91
242 103
9 126
261 140
253 136
240 125
222 113
189 107
166 101
130 85
99 60
70 39
48 27
31 23
19 19
19 13
29 11
44 17
68 33
97 50
128 64
160 76
193 91
218 107
240 123
3 130
251 134
251 132
246 128
226 123
203 111
173 97
140 80
99 62
78 46
54 35
35 25
21 15
19 11
27 15
41 21
62 31
80 44
121 58
27 74
183 91
212 105
234 119
250 126
257 132
259 134
250 132
234 125
210 115
179 99
150 85
117 70
85 54
62 42
44 37
23 23
7 5
13 0
33 5
56 23
82 41
111 54
142 66
177 82
208 103
230 121
248 132
255 132
257 130
253 130
238 128
214 119
187 103
158 83
125 70
93 54
64 41
42 29
29 17
21 13
21 13
31 17
50 27
74 37
103 50
134 64
167 82
197 99
222 111
244 123
255 128
259 132
255 132
242 128
222 121
195 107
166 91
132 76
101 60
72 44
48 33
31 21
21 15
21 11
27 15
44 23
68 33
95 46
126 62
160 78
191 95
216 109
240 121
253 130
259 134
257 134
248 132
234 136
201 119
162 83
132 58
109 50
83 50
54 42
31 25
21 7
23 5
29 19
41 33
60 39
87 42
119 52
152 72
181 91
208 109
234 117
250 123
259 128
257 132
250 132
232 125
210 113
181 99
150 85
117 70
87 54
60 39
39 25
25 17
19 13
23 15
35 17
54 25
80 37
111 52
142 70
173 85
205 101
228 115
246 125
257 130
259 132
253 132
238 126
214 117
189 103
160 89
126 74
93 58
66 42
44 29
29 21
21 15
21 15
31 17
48 25
74 37
103 52
140 74
169 91
189 97
212 97
238 105
255 121
261 132
253 134
240 125
224 113
199 105
167 97
134 83
103 66
74 44
48 31
31 21
19 17
19 13
27 13
42 19
66 29
95 44
126 62
158 78
189 93
216 107
238 119
253 130
259 134
257 132
246 128
228 123
203 111
173 97
142 80
111 62
82 48
54 37
35 25
23 17
19 13
25 15
39 19
60 29
87 42
119 56
150 72
179 87
210 103
234 119
250 126
257 132
257 132
251 132
234 125
210 113
183 99
152 85
119 70
87 54
62 41
41 29
31 29
23 27
15 11
21 0
48 3
82 29
113 58
140 74
171 82
205 91
230 111
250 132
257 142
259 138
251 130
238 123
216 117
189 107
158 91
126 70
93 50
68 37
46 31
29 25
19 17
21 11
31 13
48 23
72 39
101 50
134 64
166 78
195 97
220 113
242 123
255 130
259 134
255 132
242 128
224 121
199 109
167 93
136 76
103 60
74 46
48 33
31 21
23 15
21 15
27 17
42 23
64 31
93 44
125 60
158 78
187 93
216 107
238 119
251 128
259 134
257 134
250 134
236 134
203 119
164 89
134 62
111 50
83 44
56 37
33 23
23 11
21 9
27 15
39 27
58 37
85 44
117 52
150 70
179 89
208 107
232 117
248 123
257 128
259 132
250 132
234 126
212 113
183 99
152 85
119 72
89 56
60 39
41 27
27 19
19 15
21 13
33 19
52 25
80 39
107 52
140 68
171 85
201 99
228 113
246 125
257 132
259 134
253 134
240 126
218 117
191 107
160 91
126 74
97 56
68 41
46 31
29 23
19 15
21 13
31 17
48 25
70 37
101 50
132 66
166 83
201 107
220 119
232 111
246 107
257 117
259 130
244 134
222 123
199 101
169 85
138 78
105 72
74 54
48 33
33 17
23 15
19 17
25 19
41 21
64 27
93 41
123 58
156 78
187 95
214 107
238 117
251 128
257 134
257 136
248 132
230 123
205 111
175 99
144 83
111 66
80 46
58 33
37 25
23 19
19 13
25 13
39 19
58 29
85 42
115 56
148 70
179 87
208 103
232 117
248 126
259 132
259 134
251 132
236 126
212 115
185 101
154 87
121 70
89 54
64 41
42 33
31 29
25 27
17 15
21 5
44 9
78 25
109 48
130 70
169 82
201 93
228 109
248 126
257 138
259 140
253 134
240 126
218 117
191 107
160 89
128 72
99 56
70 41
46 29
29 19
21 13
21 13
29 15
44 23
70 35
99 48
130 64
164 80
193 95
220 109
240 121
253 130
259 132
255 132
244 128
224 123
199 109
169 93
138 80
105 64
76 46
50 33
33 21
23 17
19 13
25 15
41 19
64 31
91 44
123 60
154 76
187 91
214 107
236 119
251 128
261 136
259 136
250 132
230 125
210 119
183 111
142 83
95 50
76 27
58 23
41 27
25 25
17 11
23 5
39 13
60 33
83 50
113 60
144 68
179 82
207 101
230 119
248 128
257 130
257 128
250 126
236 126
214 119
185 103
154 85
123 68
91 54
64 42
41 31
25 17
19 11
23 11
33 17
50 27
76 37
107 48
138 66
171 83
193 99
224 115
236 123
5 130
251 134
250 132
242 128
220 119
193 105
164 89
130 76
99 60
70 44
46 31
29 21
21 15
21 15
29 17
44 23
70 33
99 48
130 66
156 83
201 105
220 119
232 119
244 113
5 115
251 125
246 130
224 123
199 105
158 89
142 80
109 70
76 54
52 35
35 21
15 15
19 13
25 17
41 21
62 29
89 41
121 56
154 74
185 93
214 107
236 117
1 125
259 134
259 138
248 134
230 125
207 111
171 99
146 78
115 68
83 50
50 35
39 25
25 17
15 15
15 15
37 19
48 29
82 33
113 56
21 64
177 87
205 101
230 113
248 125
7 132
259 136
251 130
236 125
214 115
187 103
154 87
125 72
93 56
62 42
42 31
27 19
21 17
19 25
3 29
41 19
64 13
103 31
140 62
171 89
199 103
224 107
246 115
259 130
259 140
253 142
242 130
220 115
193 101
164 91
132 80
99 62
70 41
46 25
31 19
21 17
19 17
27 17
44 19
70 31
97 48
128 64
162 80
191 93
218 107
240 119
253 128
261 134
257 134
246 130
226 121
203 109
173 97
140 82
107 64
78 44
52 33
35 25
21 17
19 13
25 13
41 21
62 31
89 44
121 58
154 74
183 87
212 103
236 119
251 130
259 134
257 134
250 132
234 126
212 121
187 113
144 87
105 56
78 33
58 23
41 21
23 19
17 11
23 7
37 13
58 29
83 46
113 62
144 72
175 83
205 99
230 117
248 128
255 132
257 130
251 128
238 125
216 117
187 105
156 87
125 70
93 54
66 42
42 29
27 21
21 13
21 13
31 15
48 23
76 37
105 52
136 68
167 82
199 97
224 113
244 125
255 130
259 132
255 134
242 128
220 119
195 107
166 91
132 76
101 60
72 44
48 33
31 21
21 13
19 11
29 15
46 25
68 35
95 48
128 62
162 80
193 97
220 115
244 132
250 134
248 119
248 111
246 115
230 121
203 117
171 95
140 72
111 56
82 50
56 44
35 33
21 17
19 9
25 13
39 25
60 33
87 42
119 54
152 70
183 89
210 107
234 119
250 126
259 130
259 134
250 132
232 126
210 115
181 99
148 82
119 66
87 54
60 39
39 25
25 17
21 15
23 17
35 21
54 27
82 39
111 54
142 72
173 87
205 101
230 115
248 125
257 132
257 134
251 132
240 128
216 119
187 105
158 89
125 74
93 56
68 42
44 31
29 23
21 17
27 21
35 27
42 27
62 25
95 33
136 54
169 80
197 99
220 111
244 117
259 126
261 136
255 140
242 132
222 119
197 107
166 93
132 80
101 62
72 44
48 29
31 19
21 13
19 13
29 17
44 21
66 31
95 46
126 62
160 80
189 93
216 107
238 119
253 128
259 134
257 134
246 130
228 121
205 109
173 97
142 82
111 64
80 48
54 33
35 25
23 17
19 13
25 15
39 21
60 29
87 42
119 58
150 74
179 87
210 103
234 119
250 128
257 134
259 134
251 132
234 126
210 117
181 105
154 91
123 82
82 54
48 21
33 3
27 5
23 17
23 21
33 17
54 19
83 35
113 60
142 80
171 91
203 97
230 109
246 125
255 136
259 136
253 130
240 123
216 115
189 105
158 91
126 72
95 54
68 39
44 31
29 23
19 17
21 13
31 15
48 23
72 37
101 50
132 64
167 78
197 95
222 111
242 123
255 130
259 134
255 132
242 126
224 121
197 109
167 93
134 78
103 60
74 44
48 33
31 23
19 13
21 11
29 15
44 23
66 33
93 44
125 60
160 78
191 95
218 113
246 130
253 136
250 128
248 119
244 115
230 115
205 111
173 95
142 74
113 60
83 50
58 42
35 31
23 19
21 13
25 15
37 21
58 31
85 42
117 54
148 68
179 85
210 105
232 119
248 126
257 128
259 132
251 134
234 128
210 115
183 99
152 83
119 70
87 54
60 39
41 25
27 17
21 15
21 15
35 19
54 27
80 39
109 52
140 68
173 85
203 101
228 115
246 125
257 132
259 136
251 132
238 125
218 115
193 105
160 91
126 76
95 58
68 42
46 31
29 23
19 17
21 15
31 19
52 35
74 46
91 44
123 42
162 60
199 89
222 115
240 125
255 126
261 128
257 132
244 134
224 128
199 113
167 91
134 74
103 62
74 50
48 35
31 19
21 9
19 9
27 15
42 23
64 31
93 41
125 58
158 80
187 95
214 109
238 119
253 128
259 132
257 134
246 130
230 123
205 111
175 97
144 82
113 66
82 50
56 35
37 23
23 17
15 13
23 15
5 19
50 27
85 42
117 56
23 72
179 89
208 95
232 117
248 128
7 132
259 134
251 134
234 126
212 117
185 103
158 93
126 82
78 60
50 31
31 9
23 3
23 9
23 15
33 17
52 15
80 33
111 52
15 74
171 91
201 103
226 113
244 121
7 132
257 136
251 132
234 125
218 113
193 103
160 91
128 76
97 58
70 41
46 29
29 19
21 15
21 15
29 17
46 21
0 33
101 50
7 66
164 80
193 93
220 107
242 121
5 130
251 134
255 132
244 128
224 121
199 109
167 93
136 78
107 62
78 48
50 35
33 23
21 15
19 13
25 13
42 21
64 33
91 46
123 60
156 76
187 93
216 109
238 121
253 132
265 146
250 142
236 121
220 101
207 95
181 97
146 89
111 66
82 44
60 31
41 29
25 29
19 23
23 15
37 15
58 27
83 42
113 58
146 72
177 83
208 99
230 117
248 128
257 134
259 134
251 130
236 125
214 117
185 105
154 89
121 70
91 52
64 41
41 31
25 21
17 13
23 11
33 17
52 27
76 39
107 52
138 66
171 83
201 101
224 113
246 125
257 130
259 134
253 132
240 128
220 119
193 105
162 89
130 72
99 60
70 46
46 33
29 21
21 15
23 17
31 21
50 31
74 44
93 48
119 50
154 62
191 82
222 107
240 123
253 128
259 128
259 130
248 132
226 128
199 113
169 93
138 76
107 64
76 50
50 35
33 21
21 13
19 9
25 15
41 21
64 31
91 42
123 58
154 76
185 93
214 109
236 121
251 128
259 132
257 134
248 132
230 123
207 111
179 97
148 83
113 68
83 52
58 37
39 25
23 17
17 13
23 13
37 19
56 29
83 41
115 56
146 72
179 87
207 103
230 115
248 125
259 132
259 134
251 132
236 125
214 115
187 105
156 89
123 74
95 62
70 54
39 31
15 3
11 0
23 1
35 19
50 31
74 35
107 42
140 64
171 89
201 109
224 119
246 123
257 126
259 132
253 136
240 130
220 115
191 97
164 85
132 76
101 64
72 46
46 29
31 19
21 17
21 17
29 19
44 21
70 31
99 46
128 64
160 80
193 93
220 107
240 121
253 130
259 134
257 134
246 130
226 121
201 109
171 95
140 80
107 64
78 46
52 33
35 23
23 17
19 13
25 15
41 21
62 31
89 44
119 58
154 74
185 91
214 109
236 121
251 128
267 142
261 144
240 130
220 111
205 97
181 91
148 83
113 68
83 46
60 31
42 25
27 23
19 21
23 17
37 17
56 27
82 41
111 56
142 70
175 83
205 99
230 113
248 126
257 134
259 134
251 130
236 125
214 117
187 105
156 87
123 70
93 56
66 41
42 29
25 17
21 15
23 15
31 17
48 25
76 37
105 52
136 66
167 82
197 95
226 111
246 125
5 132
257 134
255 132
242 128
222 121
193 107
166 91
132 76
101 60
72 44
48 33
31 23
21 17
21 13
29 17
44 25
68 37
93 56
1 74
152 74
179 72
214 87
244 115
5 134
257 138
255 128
238 121
230 121
205 121
173 107
140 83
109 60
80 44
54 37
33 27
21 17
19 1
25 9
41 19
62 33
87 46
121 58
152 72
183 89
210 105
234 119
1 130
251 132
257 132
250 130
224 125
210 115
181 101
148 83
117 66
87 52
60 39
39 27
25 17
15 13
23 15
35 19
46 27
82 31
111 52
144 62
175 87
205 101
230 115
248 126
7 134
259 136
251 132
218 126
216 117
189 105
158 89
126 74
97 60
74 52
42 37
1 13
11 0
19 0
33 9
46 25
9 31
103 44
11 60
169 82
199 103
222 119
244 126
255 130
259 132
255 136
242 132
220 119
195 105
166 89
132 74
101 60
72 44
50 33
31 21
21 15
19 13
29 17
44 25
66 33
95 44
126 60
160 78
191 95
216 107
238 119
253 128
259 134
257 136
246 130
228 123
205 111
173 97
142 82
109 64
80 48
54 35
35 25
21 17
19 13
25 13
39 19
60 29
87 42
119 58
152 74
183 91
210 105
234 117
251 126
261 136
259 138
255 144
234 134
201 105
171 80
148 66
121 66
89 58
60 41
39 19
27 11
23 15
25 23
35 29
54 29
80 35
111 50
142 70
173 87
203 101
228 111
246 119
255 128
259 136
253 136
238 128
216 115
189 103
160 91
126 76
95 58
66 41
44 27
29 19
21 15
21 15
31 17
48 23
74 35
101 50
134 66
166 82
197 95
222 111
242 123
255 130
259 134
255 134
244 130
222 123
197 109
167 93
134 78
103 60
74 44
48 33
31 23
21 15
21 13
29 17
44 25
68 35
97 52
130 70
154 80
179 85
208 91
238 109
255 125
259 134
255 132
246 125
232 119
207 113
175 103
142 85
111 64
82 46
56 37
35 29
21 19
19 13
23 11
39 17
58 29
87 42
117 56
150 72
181 87
210 103
234 119
250 128
257 132
257 132
250 128
236 125
212 117
181 101
152 85
119 68
89 54
60 41
39 29
25 19
19 13
21 13
33 17
54 27
80 39
109 52
142 68
173 83
203 101
228 115
246 125
257 130
259 134
251 132
240 126
218 119
193 107
160 91
126 74
97 58
70 44
48 37
35 35
17 19
9 0
21 0
48 9
76 37
101 56
130 64
166 74
199 91
224 115
244 132
255 138
259 134
255 128
242 125
222 123
197 111
167 93
134 74
103 56
74 44
50 35
33 25
21 15
19 11
27 15
42 23
64 33
93 44
125 60
156 76
187 91
216 109
238 123
251 128
259 132
257 134
248 130
230 125
205 111
177 95
146 82
113 68
82 50
56 37
35 23
23 17
19 15
23 15
37 19
58 29
85 41
117 56
148 74
179 89
208 103
232 119
250 128
257 134
261 138
257 142
238 136
205 115
171 87
148 70
123 60
89 52
60 39
41 25
27 13
23 13
25 19
33 25
52 31
78 39
107 50
138 68
171 87
201 103
226 113
244 121
257 128
259 134
253 134
240 128
218 115
191 103
160 89
128 74
97 58
70 44
44 29
29 19
19 15
21 13
31 17
46 25
72 33
101 46
130 62
164 80
195 95
220 111
242 123
255 130
259 134
255 134
244 130
224 121
199 109
169 93
136 78
105 62
76 46
50 33
31 21
23 13
21 15
27 17
41 23
64 33
93 44
125 62
158 82
191 105
208 107
224 99
248 105
261 123
261 138
248 136
226 119
207 103
179 93
148 87
115 78
83 58
56 35
37 21
23 17
19 17
23 17
37 17
58 23
83 37
115 56
146 74
179 89
208 101
232 115
248 126
257 134
259 136
251 132
234 125
212 115
185 103
154 87
121 70
89 54
62 41
41 27
27 21
19 13
21 13
33 17
52 27
78 39
107 52
140 68
171 83
201 101
226 113
246 125
257 130
259 134
253 132
240 128
220 121
193 107
162 91
130 74
99 60
72 46
48 35
37 31
21 23
11 9
19 1
42 7
72 25
101 46
128 64
162 76
195 89
222 107
242 125
253 134
259 136
257 134
244 130
226 123
199 111
169 95
136 78
105 60
76 44
50 33
33 21
15 15
19 13
25 13
41 21
64 33
91 44
123 60
152 74
185 87
214 105
236 121
1 130
251 132
257 134
250 132
226 125
207 113
177 99
146 82
115 66
83 50
50 39
37 25
25 17
15 13
23 13
37 21
48 29
83 41
113 54
148 72
179 89
207 105
230 117
0 126
250 134
259 136
251 134
236 128
220 126
189 115
146 83
109 48
80 33
68 33
37 35
25 25
17 9
23 5
37 15
52 33
5 48
105 56
13 64
169 80
199 97
224 115
244 125
255 128
257 128
253 130
242 128
220 123
195 109
162 89
130 74
101 60
70 46
46 33
29 21
21 13
21 11
29 15
44 23
70 33
99 46
128 62
162 80
193 95
220 111
240 123
253 130
259 134
255 134
246 130
226 121
201 109
171 93
138 78
107 64
78 48
52 35
35 25
23 17
19 15
25 15
41 21
64 33
91 46
123 60
156 80
193 103
210 115
224 113
242 111
257 119
259 128
248 132
230 123
208 107
181 95
150 85
117 74
85 56
58 39
39 25
23 15
17 13
23 15
37 21
56 27
82 37
113 52
146 70
177 87
205 103
228 113
250 125
259 134
259 136
251 134
236 126
216 115
187 103
154 89
123 72
91 54
66 39
42 29
27 19
19 13
23 13
33 17
50 25
76 37
105 52
136 66
167 82
199 97
224 113
244 125
255 132
259 134
255 132
242 128
220 119
193 107
164 91
134 76
101 62
70 46
48 33
33 25
23 21
27 27
27 25
35 11
58 9
95 29
130 58
162 85
191 97
216 103
242 113
255 130
261 142
257 142
246 132
226 117
203 107
171 97
138 82
107 64
78 44
52 29
35 21
23 19
19 17
25 15
41 19
62 29
89 44
121 60
152 74
183 89
212 103
234 117
250 128
257 134
257 134
250 130
232 123
208 115
179 99
148 82
117 66
87 52
60 41
39 29
25 17
19 13
23 13
35 19
54 29
82 41
113 52
144 70
175 87
205 103
230 115
248 125
257 132
259 134
253 134
240 130
220 123
193 113
152 91
113 60
85 39
66 27
44 25
29 21
17 13
21 9
33 13
52 27
76 44
103 56
136 66
167 80
197 97
222 115
242 125
255 130
259 130
255 130
242 128
222 121
195 107
166 91
134 76
101 60
72 44
48 33
31 23
21 15
19 11
27 15
44 23
68 35
95 46
126 60
160 78
191 93
216 109
238 121
253 128
259 132
257 134
246 132
226 123
203 109
173 95
142 82
109 66
80 50
54 35
35 25
23 17
19 15
25 17
41 21
60 29
87 41
119 56
154 78
183 93
212 111
240 130
248 132
248 121
250 111
250 115
236 125
210 121
179 99
150 76
119 60
91 56
62 50
39 35
25 17
19 7
23 11
35 21
52 31
80 39
111 48
142 64
173 83
205 103
228 115
248 123
257 128
259 134
253 134
238 130
216 119
189 103
158 87
126 74
93 58
66 42
42 29
29 19
21 13
21 15
31 17
48 25
74 35
103 48
134 66
167 83
197 99
222 113
242 123
255 130
259 134
255 134
242 130
220 119
197 107
167 93
134 80
103 62
74 46
50 33
33 25
23 21
25 21
31 25
37 23
56 21
87 31
126 52
160 76
187 95
214 105
238 115
255 126
261 138
257 140
246 134
228 123
205 109
173 97
142 82
109 66
80 48
54 33
35 23
21 17
19 13
25 15
39 21
60 29
87 42
117 58
150 74
181 89
210 103
232 117
250 126
257 132
257 134
250 132
234 125
210 113
183 101
150 85
119 70
87 54
62 41
39 29
25 19
19 15
23 15
35 17
52 27
80 41
109 54
142 70
173 83
203 99
228 115
246 125
257 130
259 134
253 134
240 128
216 121
191 107
166 97
132 85
89 58
54 23
39 7
31 9
23 19
21 19
29 15
48 17
74 31
103 54
134 74
166 85
197 95
222 107
242 123
253 132
259 138
255 132
242 125
222 117
199 109
167 97
136 80
103 58
76 44
50 33
33 25
21 17
19 13
27 13
42 19
66 33
95 48
125 62
158 76
189 91
214 107
238 123
251 130
259 134
255 132
248 130
228 125
205 113
175 99
142 82
111 64
82 48
56 37
35 25
23 17
19 13
25 15
39 21
58 31
87 42
117 58
148 72
181 89
212 109
240 128
251 136
250 130
250 119
248 117
236 117
212 115
183 103
150 82
121 64
91 52
64 44
41 35
25 21
19 13
23 11
33 19
52 29
78 39
107 48
138 62
171 80
203 101
228 117
246 125
257 130
259 132
253 134
240 130
216 119
191 105
160 89
126 74
95 58
68 42
44 29
29 21
21 15
21 13
31 17
46 23
72 35
99 48
132 64
164 80
195 95
220 109
242 123
255 130
261 134
257 134
244 130
224 121
199 109
169 95
136 80
105 64
76 46
50 35
33 23
21 17
21 15
27 17
46 27
68 44
85 44
113 41
152 54
189 83
218 113
236 125
250 125
259 125
261 130
251 138
230 134
205 117
175 93
146 76
113 66
82 56
54 39
35 23
25 11
19 11
23 15
37 21
58 29
85 39
111 54
23 72
179 89
208 105
232 117
248 125
7 130
257 134
251 132
220 126
205 109
185 101
154 87
121 72
89 56
62 39
41 27
27 17
19 13
21 13
33 17
52 27
78 37
107 52
138 68
156 83
193 99
228 113
246 125
7 134
259 136
253 134
240 128
220 119
193 109
156 95
136 87
97 64
58 37
37 15
27 7
21 9
21 13
27 15
44 17
72 29
103 48
132 70
164 87
193 99
220 109
242 121
253 132
257 136
253 132
244 125
224 117
199 107
169 95
138 80
107 62
76 46
50 33
33 23
23 19
19 15
27 15
41 21
64 31
91 44
123 60
154 76
185 91
214 105
236 119
251 128
259 132
257 132
248 130
230 123
205 111
177 99
140 83
115 68
82 52
56 37
37 25
25 17
19 13
23 15
37 19
58 27
83 41
115 56
148 72
179 89
208 105
232 119
248 128
13 142
261 146
242 126
224 103
210 95
189 97
156 93
119 74
89 48
64 31
44 27
29 27
19 23
21 15
33 13
52 21
68 39
103 54
138 68
171 82
191 95
224 111
244 125
5 132
259 134
250 130
240 126
220 119
193 107
164 93
130 74
99 58
70 44
46 31
29 21
21 15
21 13
29 15
44 23
70 35
99 48
130 64
162 78
191 93
220 109
242 123
255 132
259 134
255 132
246 130
226 123
201 111
169 97
138 78
107 64
76 48
52 33
35 23
23 17
21 15
27 17
42 25
70 41
89 52
111 52
144 58
185 76
216 103
236 121
250 126
257 126
261 130
251 134
232 130
208 119
179 101
148 82
115 66
83 52
58 41
37 27
23 13
19 9
23 11
37 19
56 29
83 41
113 52
146 70
177 87
207 105
230 117
248 125
257 130
259 132
251 132
236 126
214 115
187 103
156 87
123 72
91 56
64 41
42 29
27 17
19 13
21 15
33 19
50 25
76 37
105 50
136 66
169 83
199 99
226 113
244 123
257 130
259 134
253 134
242 128
220 119
195 107
164 91
130 76
101 62
78 56
48 41
19 11
11 0
19 0
31 13
48 31
68 39
97 42
130 54
164 78
195 103
218 119
240 123
253 125
259 128
257 134
244 134
224 123
201 105
173 89
140 78
107 64
78 50
54 35
35 23
21 15
19 15
27 17
41 23
62 31
87 42
119 58
152 76
183 91
212 105
234 115
251 126
259 134
259 136
248 132
232 123
208 113
171 99
148 85
115 70
85 52
60 39
39 27
25 19
19 13
23 13
37 19
48 27
82 41
113 56
144 72
177 89
207 103
230 117
0 128
263 140
263 144
246 134
226 115
208 99
187 91
158 85
125 72
91 52
66 35
37 25
31 23
21 23
21 21
31 19
48 21
3 33
103 52
9 68
167 82
197 93
224 109
236 123
5 132
259 134
251 132
242 126
220 119
195 107
166 93
132 76
101 58
72 44
48 33
31 23
21 15
21 13
27 13
44 21
68 33
95 48
126 62
160 78
191 93
218 109
238 123
3 130
251 132
255 134
246 128
226 121
205 111
173 99
140 80
109 64
78 48
54 37
35 25
23 17
19 13
25 15
41 23
60 33
89 48
125 70
148 78
171 74
205 82
234 105
3 128
251 140
257 134
181 125
234 119
212 117
181 109
148 91
115 66
80 46
60 37
37 31
21 21
19 11
25 9
31 15
46 27
82 33
111 56
15 62
175 85
205 101
228 117
248 126
255 132
259 132
253 132
238 128
216 119
189 103
158 87
125 72
95 56
68 42
42 29
27 19
21 13
21 13
31 17
48 27
74 37
103 50
134 66
166 82
197 97
222 113
242 123
255 128
259 132
255 134
244 130
220 121
197 109
167 95
134 80
105 64
78 52
52 42
25 23
9 3
13 0
27 1
46 17
68 35
93 44
126 56
162 76
193 97
218 117
238 126
251 130
259 132
257 132
246 132
226 123
201 107
175 93
142 80
111 66
80 50
54 37
37 25
23 15
19 13
25 17
39 21
60 29
87 41
119 56
150 74
181 89
208 103
234 115
250 126
259 132
257 136
250 132
234 125
210 115
181 99
150 83
119 70
87 54
60 39
39 27
25 17
19 15
23 13
33 19
52 25
80 37
111 54
142 70
173 85
203 101
228 115
248 126
257 134
259 136
257 140
244 140
212 119
177 87
152 64
128 60
99 58
66 48
42 27
29 11
23 7
25 17
33 27
48 33
72 35
103 44
134 62
166 83
195 101
220 111
242 117
255 125
259 134
255 136
242 130
222 119
197 105
167 93
134 80
103 62
74 44
50 29
33 21
21 17
19 15
29 17
44 21
64 33
93 44
125 60
158 78
189 93
216 107
238 119
253 128
259 134
255 132
246 128
228 121
205 111
175 99
142 83
111 66
82 48
54 35
37 25
23 19
19 15
25 15
39 21
60 31
87 46
123 68
152 85
173 87
197 89
228 99
250 117
259 130
257 134
250 128
236 121
214 113
185 105
152 93
119 74
87 54
60 37
39 27
25 19
17 15
21 11
33 13
54 23
78 39
109 54
140 68
173 82
205 99
228 115
246 128
255 132
259 134
253 132
238 126
216 119
191 105
160 89
126 72
95 56
68 41
46 29
29 21
21 15
19 13
31 17
48 25
72 37
99 48
125 64
166 80
197 97
222 113
242 123
255 130
259 132
257 134
244 130
224 121
199 109
169 93
136 78
105 62
76 48
50 35
33 27
25 27
15 13
15 0
37 0
66 19
97 48
125 66
154 74
189 83
218 103
240 125
253 138
259 138
257 132
248 126
230 123
205 115
175 99
142 80
113 60
82 46
56 37
35 27
23 17
19 11
23 11
37 17
60 31
85 44
117 58
148 72
179 87
208 103
232 117
0 126
250 130
259 132
251 132
234 126
212 115
185 101
154 85
121 70
89 54
62 41
41 27
27 19
19 13
21 13
35 17
52 29
78 39
107 52
140 68
173 85
203 103
226 115
244 125
7 130
261 136
255 138
246 138
220 126
179 103
150 76
125 58
37 50
68 42
44 29
29 15
21 1
23 13
33 21
46 31
0 39
95 46
0 64
164 82
193 99
218 111
240 119
3 126
257 130
255 132
244 130
224 121
199 109
169 93
136 78
107 64
76 50
50 33
33 21
15 13
19 13
25 17
41 21
64 29
91 42
125 60
156 76
187 93
214 109
238 121
251 128
259 134
257 134
248 130
232 123
207 113
177 99
146 83
113 68
83 50
56 37
37 25
23 17
19 15
23 15
37 19
58 29
83 42
115 58
146 74
183 95
210 115
224 113
238 107
253 111
261 128
253 138
234 130
212 111
187 95
158 87
123 78
89 64
62 42
42 25
27 17
19 17
21 17
33 19
50 23
76 33
105 48
138 68
171 85
201 99
226 111
244 123
257 130
259 136
253 134
240 126
218 117
193 105
164 93
128 76
99 58
70 42
46 29
29 21
21 15
21 13
29 15
44 21
68 33
99 48
130 66
164 82
193 95
220 109
242 123
253 132
259 136
255 134
246 130
226 121
201 111
169 95
138 80
107 62
78 46
52 35
37 29
31 29
19 23
17 9
31 3
60 15
93 39
123 60
152 74
183 85
214 101
238 119
253 134
259 140
257 136
250 128
230 121
207 113
177 101
146 83
113 64
82 46
56 33
37 25
25 19
19 15
23 11
37 17
58 27
83 33
113 56
146 64
177 87
207 93
230 115
248 125
7 130
259 134
251 132
220 126
203 117
187 103
156 89
123 72
91 54
64 41
42 29
25 19
17 13
23 13
33 19
50 29
76 37
105 50
138 66
156 83
191 101
224 113
236 125
7 132
259 136
255 134
242 130
220 121
199 117
164 101
121 68
89 39
66 23
50 25
33 27
19 19
19 7
31 9
50 23
70 42
97 58
128 66
160 74
193 89
218 109
240 125
251 130
257 130
257 128
246 126
226 123
201 111
171 95
140 78
107 62
78 48
52 37
35 27
21 17
19 11
25 13
41 21
62 33
89 44
121 56
152 72
185 89
212 107
234 119
250 126
259 132
259 132
248 132
230 123
208 111
181 99
148 85
115 68
83 52
58 39
39 27
25 19
19 15
23 15
37 19
56 29
82 41
113 56
146 74
179 93
212 113
228 121
238 117
250 115
257 121
253 128
236 126
214 115
187 97
158 83
126 74
93 62
64 46
42 31
27 17
19 11
21 15
31 19
48 25
74 33
105 46
134 64
167 80
199 97
226 113
244 125
5 130
251 134
255 134
242 130
220 121
195 105
164 91
132 76
101 60
72 44
46 31
31 21
21 15
21 13
27 15
44 21
68 33
97 48
3 64
160 78
191 93
218 109
240 121
253 130
259 134
257 134
246 130
226 121
201 109
173 97
142 83
109 66
78 48
46 37
35 27
23 19
19 17
31 27
41 29
50 21
68 19
117 39
158 72
185 99
210 109
232 111
251 119
263 134
259 144
248 140
232 125
210 109
181 97
148 85
115 72
85 52
58 33
37 19
25 15
19 17
23 17
37 19
54 25
80 39
111 56
144 74
175 87
203 99
228 113
248 125
257 132
259 134
251 130
238 125
214 115
187 103
158 91
125 76
93 56
66 41
42 29
29 21
21 17
21 15
31 17
48 23
74 35
103 50
136 66
167 82
197 97
224 113
244 123
255 130
261 134
255 136
244 130
224 123
201 113
173 105
130 82
89 50
64 25
48 17
33 17
21 17
17 13
27 9
46 17
70 33
95 52
126 68
160 80
191 91
216 107
238 121
251 130
259 132
255 130
246 126
226 119
203 111
173 97
142 80
109 64
80 48
54 35
35 25
21 15
19 11
25 13
41 21
60 33
87 42
119 58
152 74
181 91
210 105
234 119
250 126
259 132
257 134
250 130
234 125
210 113
181 99
150 83
117 68
87 52
62 39
41 29
25 19
21 13
23 13
35 19
54 29
80 39
113 54
144 70
175 87
205 103
230 119
253 138
255 140
248 123
244 109
238 109
220 115
191 111
156 91
125 66
97 50
70 44
44 39
27 29
19 15
21 9
31 13
48 25
72 39
101 50
132 60
166 74
197 93
224 115
244 126
255 130
259 130
255 132
244 130
222 125
197 111
167 93
134 76
103 60
74 46
48 33
31 21
21 13
19 11
27 15
44 23
66 33
93 44
126 58
158 76
189 95
216 111
238 121
251 128
257 130
257 134
248 132
228 125
205 113
175 97
144 82
111 66
82 50
56 37
35 25
23 17
21 15
29 21
42 31
54 33
76 31
111 41
150 62
183 87
208 105
232 117
250 123
261 128
259 136
251 138
236 130
210 117
181 99
150 82
119 70
87 54
60 39
37 23
25 13
21 13
23 17
33 19
54 25
80 37
109 54
140 72
171 87
203 101
228 115
246 125
255 130
251 132
253 132
240 126
216 117
189 103
160 91
126 76
95 58
68 42
44 31
29 21
21 15
19 13
31 15
48 23
72 37
101 50
132 64
166 82
197 95
220 111
242 123
5 132
259 136
255 134
244 130
224 121
197 109
167 95
138 83
109 76
72 50
39 19
23 0
21 1
15 15
29 23
41 23
64 23
95 37
3 64
160 80
187 101
214 107
238 113
3 126
250 136
255 138
246 130
230 119
205 107
175 97
142 83
113 66
82 48
56 33
35 23
25 19
21 19
25 17
37 19
58 27
85 41
117 58
148 74
179 87
208 101
232 115
250 126
257 134
259 134
251 130
236 125
212 115
183 101
152 85
121 70
89 54
62 41
39 27
27 19
21 15
23 15
33 17
52 27
78 39
109 54
140 68
171 83
203 101
230 117
251 134
259 142
253 134
244 119
234 111
218 107
193 105
160 91
126 70
97 50
72 41
46 33
29 27
19 17
21 13
31 15
46 25
70 37
99 50
130 62
164 78
193 91
220 109
242 123
255 130
259 134
255 134
244 128
224 121
199 111
169 95
136 76
105 60
76 46
50 33
33 23
21 15
21 13
27 15
42 23
64 31
93 44
125 60
156 76
187 91
214 107
238 121
1 128
251 134
257 134
248 130
230 123
205 111
177 97
146 83
115 68
82 50
48 35
37 25
25 19
21 15
15 15
5 19
62 35
83 56
109 60
134 54
171 64
208 89
236 119
250 132
255 130
259 125
253 126
238 130
212 125
183 107
154 83
123 66
89 54
60 42
41 31
25 17
19 9
21 9
33 17
52 29
78 39
107 50
140 64
171 83
201 101
226 117
244 123
255 128
259 132
253 134
240 128
218 117
193 103
164 91
128 76
97 58
68 42
46 31
29 21
21 15
19 15
29 17
46 23
70 35
99 48
130 64
164 82
193 97
220 109
242 121
255 130
259 134
255 134
244 130
224 121
201 109
171 97
140 83
113 72
80 58
44 33
23 9
17 0
19 3
27 13
41 23
62 29
91 39
125 58
158 80
187 99
212 111
236 117
251 126
257 132
255 136
248 132
232 123
205 109
177 95
146 82
115 68
83 52
56 37
37 25
25 17
19 15
23 15
37 19
58 27
83 41
113 56
146 72
179 87
207 103
230 117
248 126
257 130
259 134
251 130
236 125
214 115
187 105
156 89
121 72
89 54
64 41
41 29
27 19
21 15
21 15
33 17
52 25
76 37
105 52
138 68
169 83
199 99
224 113
246 125
257 134
265 144
257 146
234 126
208 99
189 83
164 83
132 80
99 62
68 41
46 21
33 17
23 23
21 25
29 23
44 21
68 29
97 48
128 66
160 80
191 91
220 105
242 119
253 130
259 136
257 134
246 128
226 121
201 111
169 97
138 80
107 62
78 46
52 35
33 23
23 17
19 13
25 13
39 19
62 31
91 44
121 58
152 74
185 87
214 107
236 121
250 128
257 132
259 134
250 132
232 126
207 113
179 99
148 83
115 68
83 52
58 37
39 25
25 17
19 13
23 15
37 21
58 33
89 50
113 62
136 68
167 74
203 87
232 109
250 125
255 130
250 128
253 126
240 126
216 121
187 109
156 91
123 72
93 52
64 42
42 31
25 19
19 11
21 9
31 13
50 25
13 39
105 52
13 66
169 82
199 99
224 113
236 125
5 130
259 132
253 130
242 128
220 121
195 107
164 89
132 74
101 58
72 44
46 31
29 19
21 13
21 13
29 17
44 23
68 33
97 46
128 62
160 80
191 95
218 109
240 123
253 130
259 134
255 134
246 130
228 123
203 111
173 97
140 82
109 66
78 50
58 42
39 37
15 13
7 0
19 0
42 13
66 37
89 48
119 54
154 64
187 87
214 113
234 128
250 130
259 128
259 128
248 130
230 126
207 113
179 95
148 80
117 66
85 52
60 39
39 27
25 17
19 13
23 15
35 21
56 29
82 39
113 52
144 70
175 87
205 103
228 115
246 125
257 130
259 134
251 130
238 125
218 117
189 107
156 91
125 72
93 56
66 42
44 31
27 19
19 13
21 13
33 17
48 25
74 37
105 52
134 68
167 83
199 97
224 113
244 123
257 134
263 140
263 146
242 134
212 113
185 91
162 76
134 68
103 60
70 44
46 27
33 15
23 15
23 19
29 23
44 27
66 31
95 44
126 62
158 80
189 95
216 107
238 117
251 126
259 132
257 134
246 130
228 121
203 109
173 95
140 80
111 66
80 50
54 35
35 25
23 17
19 13
25 15
39 21
60 29
87 42
119 56
152 74
183 89
210 105
234 117
251 126
259 132
257 134
248 130
234 125
210 115
181 99
150 83
117 68
87 52
60 41
39 27
25 19
19 15
23 15
35 19
54 29
80 41
111 54
150 82
175 99
193 95
216 91
246 107
261 128
261 142
250 134
236 119
216 107
193 103
160 97
125 82
93 58
66 39
42 25
27 21
19 17
19 15
29 13
46 17
74 33
101 50
134 66
167 82
199 95
222 111
242 125
255 134
259 134
255 134
242 126
222 119
197 107
166 95
134 78
103 60
74 44
48 33
31 23
21 17
19 13
27 13
42 21
68 33
95 46
125 62
158 76
189 93
216 109
238 121
253 130
259 134
257 134
246 130
228 123
205 113
175 97
142 82
111 66
80 50
58 39
41 35
21 23
9 7
15 0
37 5
62 23
87 42
115 56
150 68
183 85
212 105
234 123
251 134
257 134
259 132
250 130
234 126
210 115
181 101
150 82
117 64
89 50
60 41
39 29
25 17
19 13
23 13
35 19
46 29
80 39
111 52
142 68
173 85
203 101
228 115
246 125
7 130
259 132
250 132
162 128
218 119
189 105
160 89
126 74
95 60
66 42
44 29
29 19
21 15
21 15
29 19
48 25
72 35
101 48
132 66
167 82
197 99
222 113
242 123
255 132
259 138
255 136
244 132
228 130
197 115
158 83
125 54
101 42
78 42
52 39
31 25
19 9
21 5
31 15
44 31
64 41
93 46
125 54
158 74
189 95
214 113
236 121
251 125
259 130
257 132
246 132
228 123
207 111
177 97
144 82
111 66
82 52
56 37
35 25
23 15
19 13
23 15
37 19
58 27
87 41
117 56
148 74
179 89
208 103
232 117
250 126
257 134
257 134
250 132
236 125
212 115
183 101
152 85
121 68
89 54
62 41
41 29
27 19
21 15
23 15
33 19
52 27
80 39
111 54
146 76
179 97
199 103
216 105
238 107
255 119
261 130
251 132
238 125
218 111
193 101
164 93
130 82
97 64
68 44
44 27
29 19
21 17
19 17
29 17
46 19
72 31
99 46
132 64
164 82
195 95
222 109
242 121
253 130
259 134
255 134
244 128
224 121
199 109
167 95
136 78
105 62
76 44
50 33
33 21
21 13
19 13
27 15
42 23
64 31
91 42
125 60
158 76
187 91
214 107
238 119
253 130
259 134
257 134
248 130
230 123
207 113
177 99
144 82
113 66
83 50
56 37
37 27
25 21
25 29
23 21
27 7
48 5
83 23
119 56
150 80
177 89
207 95
234 109
253 128
259 144
257 142
251 132
236 121
212 113
183 103
152 89
121 70
89 50
62 35
39 25
25 19
21 17
23 15
33 17
52 25
78 41
107 56
140 68
171 83
201 99
226 113
244 125
257 132
259 134
253 132
240 126
218 117
191 105
162 89
130 76
97 58
70 42
44 31
29 21
21 15
21 15
29 17
46 25
70 35
99 48
130 64
164 80
193 95
220 109
242 121
255 130
259 134
255 134
244 130
230 126
207 123
164 97
125 68
97 42
76 35
54 31
31 25
19 13
19 7
29 11
44 25
64 39
91 50
123 60
156 74
187 89
212 107
236 121
251 126
257 128
257 128
248 130
232 126
207 115
177 95
146 80
115 66
83 54
56 39
37 25
25 15
19 13
23 15
37 19
58 29
83 41
115 54
146 70
177 87
207 101
232 117
248 126
257 132
259 134
251 132
236 126
212 117
185 103
156 87
123 72
89 54
64 39
42 29
27 21
19 13
21 11
33 17
52 27
78 41
107 52
138 68
171 83
203 105
230 128
240 130
246 117
251 111
253 119
242 128
220 126
191 105
164 83
132 68
101 62
72 54
46 41
29 21
19 9
21 11
29 21
44 29
68 33
97 41
5 58
162 80
191 99
218 111
240 119
3 126
251 132
255 134
183 130
226 123
201 109
169 93
138 80
107 64
78 48
52 33
33 21
21 15
19 13
25 13
41 21
64 31
91 44
123 60
154 76
185 91
212 105
234 119
251 128
257 134
257 134
250 130
232 125
208 113
177 101
148 83
115 68
83 52
58 37
39 27
25 21
25 21
27 25
31 19
44 15
76 21
113 42
148 70
177 89
205 101
230 111
251 123
261 136
259 142
250 138
236 125
214 113
187 101
156 89
121 74
89 52
64 35
42 25
25 17
17 13
23 13
35 19
50 25
76 37
105 52
138 68
169 83
199 97
224 111
246 125
255 132
259 134
253 132
242 126
220 117
195 107
164 91
130 74
99 56
72 42
48 33
31 23
21 17
21 13
29 17
44 25
68 35
97 48
128 64
162 78
191 93
218 109
240 121
253 128
259 132
257 134
246 132
226 123
203 113
177 103
146 95
103 68
66 33
44 11
35 11
25 19
21 19
23 13
39 13
64 25
93 48
123 70
152 80
183 87
212 101
236 117
250 130
257 136
257 132
250 126
232 119
207 111
181 101
150 85
117 66
83 50
58 37
39 27
25 21
19 15
21 11
35 15
56 27
82 41
113 56
144 72
175 85
207 101
230 115
248 126
257 132
259 134
251 132
236 126
214 117
187 105
156 89
123 70
93 54
66 42
42 31
27 19
19 13
21 13
33 19
48 27
74 37
105 50
138 68
169 85
199 103
230 123
248 134
248 128
248 119
250 115
244 119
224 119
195 109
164 89
134 70
105 58
74 50
46 39
31 25
21 15
21 11
27 13
44 25
68 35
95 46
126 58
158 74
191 93
218 109
240 123
253 128
259 132
257 134
246 130
226 123
201 109
173 97
142 82
109 66
78 48
52 35
35 23
23 17
19 13
25 13
41 19
62 31
87 42
119 58
152 74
183 89
210 103
234 117
250 128
257 132
257 134
250 132
232 125
208 115
181 101
150 85
117 68
87 52
60 39
39 27
25 19
19 15
23 17
37 23
60 41
74 39
101 37
138 48
177 76
207 105
228 121
246 123
257 125
261 130
255 136
238 136
216 121
189 101
158 83
125 70
93 58
64 44
42 27
27 13
21 11
21 13
29 17
48 23
76 35
105 50
134 66
166 83
199 99
224 113
242 123
255 130
257 134
255 132
242 130
222 119
195 107
166 91
134 76
103 60
72 44
48 31
31 21
21 15
19 13
27 13
44 21
68 33
95 46
126 62
158 78
191 95
216 109
238 123
253 128
259 134
257 134
246 132
228 123
205 113
177 101
150 91
111 74
70 44
44 19
33 7
25 9
19 13
23 15
37 17
60 25
89 41
121 62
152 82
181 93
210 105
234 115
250 126
257 134
257 134
250 128
232 121
210 111
181 99
150 85
119 68
87 52
60 39
39 29
25 19
19 15
23 13
35 17
52 27
80 39
111 54
142 70
173 87
203 101
228 113
248 125
257 132
259 134
253 132
240 126
216 117
189 103
158 87
126 72
97 58
66 42
44 31
29 21
21 15
21 15
31 19
48 25
72 37
101 48
134 66
166 83
197 99
224 113
244 125
259 140
263 148
248 132
230 107
218 97
199 99
169 99
134 83
101 56
76 37
52 31
33 31
21 27
19 17
27 11
42 17
66 31
91 50
123 62
158 74
189 85
214 101
236 119
253 132
261 136
257 134
248 128
230 123
205 115
175 101
142 82
111 64
82 46
54 35
35 25
23 17
19 11
25 13
39 17
58 27
85 41
119 56
150 74
181 89
208 103
232 117
250 128
257 134
257 132
250 130
236 126
212 117
183 103
152 85
119 70
89 54
60 41
39 27
27 19
21 17
25 17
37 25
60 37
80 46
99 48
130 54
169 68
205 91
228 113
244 125
255 126
261 128
255 132
240 132
216 123
191 107
162 91
128 74
95 58
66 44
44 31
29 19
19 13
19 11
29 15
48 25
72 35
101 48
132 64
166 80
195 97
220 111
244 123
255 130
259 134
255 134
244 130
222 121
199 107
169 95
136 80
103 62
74 44
50 33
33 23
21 17
19 13
27 15
42 21
66 33
93 46
125 62
158 78
187 93
214 107
238 119
253 130
259 134
257 134
248 130
230 123
207 111
177 99
144 82
111 64
89 60
60 50
27 23
11 0
15 0
29 7
41 27
56 35
83 37
117 46
152 70
181 95
207 113
232 121
250 125
257 128
257 134
250 136
234 128
212 113
181 95
152 82
121 70
89 56
62 39
39 23
25 13
19 13
25 19
33 23
52 27
78 37
107 50
140 70
171 87
201 101
226 113
246 123
255 130
259 134
253 134
240 128
218 117
191 103
162 91
130 78
97 60
68 42
46 31
29 21
21 17
19 13
29 17
46 25
72 35
99 48
130 64
164 82
195 97
220 111
242 123
257 134
267 144
255 140
234 123
214 103
197 93
171 87
138 78
105 62
76 42
52 29
35 23
23 21
19 19
27 17
41 21
64 31
89 44
123 60
154 74
187 89
214 103
236 119
251 128
259 134
257 134
248 130
230 125
207 113
177 99
144 82
113 66
82 50
56 37
35 25
23 17
19 13
23 13
37 17
58 27
85 42
115 58
146 72
177 85
208 103
232 119
248 126
257 132
259 134
251 132
236 126
212 117
185 103
154 87
123 72
89 56
62 41
41 27
27 17
21 15
23 15
33 19
52 27
78 41
113 64
138 80
160 78
189 78
222 91
248 119
259 138
257 138
253 128
240 121
222 119
195 115
162 101
128 76
99 54
70 41
46 33
29 25
19 15
19 9
29 11
44 21
70 35
99 48
130 64
164 78
193 95
218 111
240 123
253 130
257 130
255 130
246 130
226 123
201 111
169 95
138 78
107 62
78 48
50 35
33 23
23 15
19 11
25 13
41 19
64 31
91 44
123 60
154 76
185 91
214 107
236 121
1 130
251 134
257 132
250 130
230 123
207 113
171 101
148 85
115 68
80 56
64 48
35 33
13 11
11 0
21 0
37 13
56 29
82 33
113 50
15 64
181 85
208 107
230 121
248 128
7 128
259 130
251 132
234 128
205 115
187 101
154 83
123 68
91 54
64 42
42 29
27 17
19 13
21 13
33 17
46 17
13 37
105 50
13 66
169 82
199 97
224 111
236 123
7 132
259 136
253 132
162 126
220 119
189 107
164 93
130 76
99 58
70 42
31 31
21 21
19 15
19 13
29 15
46 23
1 35
97 48
5 62
162 80
191 97
218 111
240 123
3 130
259 134
257 136
251 140
226 130
191 101
162 72
138 60
111 60
78 54
50 37
33 17
25 9
23 15
27 25
41 29
62 33
89 41
121 54
152 76
183 93
212 107
234 115
251 123
257 130
257 136
250 132
232 123
208 111
181 99
148 85
115 70
83 52
60 37
39 25
25 19
19 15
23 13
37 19
56 27
82 39
113 56
144 72
177 87
207 101
230 115
246 125
257 132
259 136
251 132
236 126
216 115
189 105
156 89
123 72
91 54
66 39
44 29
27 21
19 15
23 13
33 19
50 27
76 37
107 56
144 80
166 87
187 91
216 95
244 111
257 126
259 136
251 132
242 125
224 115
199 109
166 99
130 80
99 60
72 42
48 31
29 23
19 17
19 13
29 13
44 19
68 33
97 48
128 64
160 78
191 91
218 107
240 121
253 130
259 132
257 132
246 130
226 123
201 111
171 95
140 80
109 64
78 48
52 35
35 25
23 17
19 13
25 15
39 21
62 31
89 44
119 58
152 74
185 89
212 105
234 117
251 126
259 134
259 134
250 132
232 125
208 113
181 101
150 85
117 70
85 54
60 41
41 31
31 31
19 21
11 1
25 0
52 9
83 37
113 60
142 72
175 80
207 95
232 115
250 134
257 140
257 136
251 126
238 123
216 119
187 107
156 87
123 68
93 50
66 41
42 31
27 23
21 15
21 11
31 15
48 27
74 39
103 52
134 66
167 82
197 95
224 111
244 123
255 130
259 132
255 130
244 128
222 121
195 107
166 91
134 78
103 62
72 46
48 33
31 21
21 15
21 13
27 17
44 23
68 33
95 46
126 62
160 78
191 95
218 109
238 121
251 128
261 134
259 136
251 136
232 132
199 115
162 87
134 64
109 52
82 44
54 37
33 23
21 11
21 9
27 15
41 27
60 35
87 44
117 54
152 72
181 91
208 107
232 117
250 123
259 128
257 134
248 130
234 123
210 113
181 99
150 85
117 70
87 54
60 39
39 27
23 17
19 13
23 15
35 19
54 27
80 37
111 52
142 70
173 87
203 101
228 115
248 125
257 132
259 134
251 130
240 126
218 119
189 105
158 89
126 72
93 58
66 44
44 31
27 21
21 15
21 13
29 17
48 27
72 37
103 52
9 66
167 85
203 111
220 117
232 109
246 107
9 119
259 134
244 136
220 121
197 99
169 87
136 80
103 72
72 52
48 31
33 17
21 13
19 17
17 19
42 21
3 29
93 41
0 58
160 80
191 97
208 109
238 117
3 128
251 134
257 138
246 130
228 121
205 109
175 97
142 83
111 66
80 48
46 33
31 23
23 17
19 13
25 15
39 21
58 29
87 41
119 58
152 76
181 89
208 95
232 117
0 126
251 134
257 134
250 130
234 125
203 115
183 101
150 85
119 68
89 54
62 42
41 31
29 25
25 25
17 17
23 7
44 7
62 23
109 50
17 72
171 83
203 95
222 111
0 128
250 140
257 140
253 132
240 125
218 117
189 107
158 91
126 72
95 52
68 39
44 29
27 21
21 15
21 11
31 13
48 25
72 37
101 50
132 64
164 78
195 93
220 111
234 123
5 130
251 134
255 132
242 128
222 121
199 109
167 93
136 78
103 62
74 46
50 33
33 23
21 15
19 13
27 13
42 21
3 31
93 44
0 60
158 76
189 95
203 109
238 121
3 128
251 132
259 136
248 132
230 125
193 109
181 111
140 87
64 50
72 25
56 21
39 27
23 25
17 15
25 7
41 13
62 33
85 52
115 66
148 72
179 82
208 99
232 119
248 130
255 130
259 128
251 128
234 126
210 117
183 103
154 85
121 70
89 54
62 41
41 29
27 19
21 13
23 13
33 17
52 27
80 39
109 52
140 68
171 82
203 99
228 115
246 126
255 132
259 134
253 132
240 128
218 119
191 105
162 89
128 74
97 58
68 42
46 31
29 21
21 15
21 13
29 17
46 25
72 37
99 48
132 62
167 83
201 107
224 123
234 123
244 117
253 117
255 123
244 126
222 121
199 107
169 89
138 76
107 64
76 54
50 39
33 23
21 13
19 11
25 15
41 21
64 29
89 39
123 56
156 76
187 95
214 107
236 117
253 126
259 134
257 134
248 132
230 125
205 111
177 97
144 82
113 66
82 50
56 35
35 23
23 15
19 13
25 17
39 21
56 29
85 41
115 56
148 74
179 89
207 103
232 117
248 126
257 132
259 134
251 132
236 126
212 115
183 101
154 85
123 72
91 56
62 41
41 29
27 21
21 17
27 21
37 31
46 29
66 21
99 27
140 52
175 85
201 105
224 113
246 117
259 126
261 138
255 142
238 132
218 115
193 103
162 91
128 78
97 60
68 41
46 25
29 17
21 13
19 13
29 17
46 21
70 33
99 46
130 66
162 82
193 97
220 109
240 121
255 130
261 136
255 134
244 128
226 121
201 109
169 95
136 80
105 62
78 46
50 33
33 23
21 17
19 13
25 13
41 21
64 31
91 44
123 60
154 76
185 91
214 107
236 121
251 130
259 134
257 134
248 132
232 126
208 117
183 107
150 93
107 64
72 37
52 19
39 15
25 17
19 15
21 11
37 13
60 27
85 46
115 62
144 74
177 85
208 99
230 117
248 128
255 132
259 132
251 128
236 123
212 115
185 103
156 87
123 70
91 56
64 41
42 29
27 21
19 15
21 13
33 17
50 25
76 37
105 50
138 66
171 82
201 99
224 113
244 123
257 130
261 134
255 136
240 128
220 119
195 107
164 93
130 76
99 60
72 44
46 31
29 21
19 15
21 15
29 17
44 25
68 35
97 46
128 62
164 82
193 97
218 111
246 130
259 142
253 134
246 117
240 107
228 111
205 115
169 101
136 78
107 54
80 44
54 39
33 31
21 21
21 11
27 11
41 21
60 33
89 46
121 58
154 72
183 87
212 107
236 123
251 128
257 130
257 130
250 132
232 126
207 115
179 99
148 82
115 66
83 52
58 39
39 27
25 15
19 11
23 13
37 19
56 29
83 39
113 54
144 70
177 87
207 103
230 117
248 125
257 130
259 134
251 132
236 125
216 117
189 105
156 89
123 72
93 56
66 41
44 31
27 23
19 17
23 15
39 27
52 35
66 35
93 35
132 48
169 74
201 97
222 113
244 121
257 125
263 134
257 138
242 134
220 123
193 103
164 89
132 76
101 64
70 46
46 29
29 17
21 13
21 15
29 19
44 23
68 33
97 44
128 62
160 80
191 95
218 109
240 121
253 128
259 134
255 134
246 130
226 121
201 109
173 95
140 80
109 64
78 48
52 33
33 21
23 15
21 15
25 15
41 21
62 29
89 42
119 58
152 76
183 91
212 105
234 117
250 126
259 134
259 134
250 132
232 125
208 113
181 99
148 85
119 74
89 64
52 39
27 7
19 0
21 3
27 17
35 25
54 25
82 31
115 48
146 74
177 95
203 107
228 113
248 121
257 130
257 136
251 134
236 125
216 111
189 99
158 87
125 74
93 56
66 41
42 27
27 17
19 15
23 15
31 19
48 23
74 35
103 50
136 68
166 83
197 95
224 111
244 123
255 132
259 134
253 132
242 128
222 121
195 107
166 93
132 76
101 58
72 44
48 31
31 21
21 15
19 13
27 15
44 21
68 33
97 50
128 64
160 80
191 93
218 111
240 126
259 140
259 142
248 130
236 113
224 105
205 103
175 95
140 80
107 60
80 42
56 33
37 29
21 23
19 15
25 13
41 19
60 31
85 46
119 58
150 72
183 87
210 103
234 117
250 126
259 132
259 132
250 130
232 125
208 113
181 101
150 85
117 68
85 52
60 39
39 27
25 17
19 13
23 13
35 17
54 27
80 39
111 54
142 72
175 87
205 101
228 115
248 126
255 132
257 132
251 128
240 126
216 121
189 107
158 89
126 72
95 58
68 44
42 31
27 19
21 13
21 13
31 19
48 27
78 44
107 62
126 64
154 62
191 74
224 101
248 128
255 136
257 130
255 125
246 126
224 128
197 119
166 97
134 74
103 56
72 46
46 35
31 23
19 11
19 7
27 11
44 21
68 37
95 46
126 60
158 76
189 91
216 111
240 125
251 128
259 132
257 132
248 130
228 125
203 111
173 95
142 80
109 64
80 50
54 37
35 25
23 17
19 13
25 15
39 21
60 31
85 42
119 56
150 72
181 89
208 103
234 117
251 126
257 132
259 134
251 132
234 126
210 117
181 103
152 87
121 72
95 64
62 46
31 23
13 1
15 0
25 3
37 19
52 29
78 35
111 48
146 68
175 91
203 109
228 119
248 125
257 128
259 132
251 134
238 128
216 115
189 99
158 87
126 74
95 60
66 42
44 27
31 17
21 15
21 15
31 17
48 23
74 33
101 48
132 66
166 82
197 95
222 109
242 123
253 130
259 132
255 134
244 130
222 119
197 107
167 93
134 78
103 60
74 46
50 35
33 23
21 17
19 13
27 13
44 23
66 33
93 44
125 60
158 78
189 93
216 109
238 121
253 130
259 136
261 142
248 140
222 117
195 93
171 78
146 76
113 70
82 54
54 33
37 17
25 15
21 19
25 25
37 23
58 27
85 37
115 56
148 76
177 89
207 99
232 113
250 125
259 134
257 136
250 130
236 123
212 115
183 103
152 87
121 70
89 54
62 39
39 27
25 19
19 15
21 13
33 17
50 25
78 37
109 54
142 70
171 85
203 99
228 115
246 125
255 132
259 134
253 134
240 126
218 119
189 105
160 89
128 74
97 58
68 42
44 31
29 21
21 17
21 15
31 17
48 27
74 39
107 60
130 72
154 74
185 80
218 95
242 115
255 128
259 132
255 128
246 125
226 121
199 113
169 99
136 80
103 60
74 42
50 35
33 27
19 17
19 9
27 9
42 19
64 33
91 46
123 60
158 74
187 89
214 107
236 121
253 130
259 134
257 132
248 130
230 123
207 115
177 99
144 82
111 64
82 48
56 35
35 25
21 15
17 11
25 13
39 21
58 31
85 42
117 56
148 72
179 87
208 103
232 117
248 126
259 132
257 132
251 132
236 126
212 115
183 99
154 87
121 74
91 58
62 44
46 37
29 31
11 9
11 0
29 0
54 17
82 41
107 58
138 64
171 76
205 97
228 121
244 134
255 136
259 132
253 130
238 128
216 123
191 107
162 89
128 70
97 54
68 42
46 31
31 21
21 13
21 11
29 15
46 25
68 35
99 46
132 64
164 82
193 97
220 111
242 123
255 128
259 134
255 134
244 130
224 121
201 109
169 95
136 78
105 62
76 46
52 33
33 23
21 15
19 13
27 17
42 23
62 31
91 44
123 60
156 76
185 91
214 107
238 119
251 130
259 136
259 140
255 144
230 130
197 107
167 82
142 66
117 58
83 52
54 37
35 21
25 11
23 13
25 21
37 27
56 31
83 39
115 54
146 72
177 89
207 103
230 113
248 121
257 130
259 134
251 132
236 125
214 115
185 103
154 87
121 72
91 56
62 41
41 27
27 19
19 15
21 13
33 17
50 25
78 37
105 50
138 66
169 83
201 97
226 113
244 125
255 132
259 134
253 132
242 128
220 119
193 107
162 91
130 74
99 56
70 42
48 31
31 23
19 15
19 13
31 15
46 25
70 37
97 50
130 66
167 89
195 105
208 101
228 97
251 109
263 128
257 140
242 132
224 115
203 103
175 97
140 87
107 72
78 50
52 31
33 19
21 17
17 15
25 15
41 13
62 23
91 42
121 60
154 78
185 91
214 105
236 119
251 130
257 134
257 134
248 130
232 123
207 113
177 97
146 82
115 66
83 50
58 37
37 27
25 17
19 13
23 13
37 19
56 29
83 41
113 56
146 70
177 85
207 101
230 117
248 125
257 130
259 134
251 132
236 126
214 115
187 103
156 89
123 72
93 56
66 42
46 35
35 33
17 21
3 5
21 0
48 9
78 31
105 50
136 64
167 78
201 93
226 113
246 128
257 138
259 138
253 132
240 126
220 121
193 109
156 93
130 74
97 54
72 41
48 31
31 23
21 15
21 13
29 15
44 23
68 35
97 46
128 62
162 76
191 95
218 111
240 121
253 128
259 132
255 132
246 128
226 123
201 109
171 95
138 78
109 64
78 48
52 35
33 23
21 15
19 11
25 15
41 23
62 33
89 44
121 58
154 76
185 93
212 107
234 119
251 128
259 132
259 134
250 134
232 128
214 125
181 109
138 76
105 44
82 33
62 33
41 33
23 23
17 9
23 3
39 17
58 37
82 52
111 58
144 66
177 82
205 103
228 121
246 126
7 126
259 128
251 130
236 126
214 117
189 105
158 87
125 72
91 56
64 42
44 29
27 19
19 11
21 11
31 17
48 25
70 35
105 48
136 66
169 83
199 99
224 113
236 123
5 130
251 134
251 134
242 130
222 119
195 107
166 93
132 76
101 60
72 44
31 31
31 21
21 15
21 13
29 17
44 23
68 33
95 48
0 64
156 83
195 103
216 115
228 115
244 113
7 119
259 125
246 130
224 121
201 105
160 91
144 82
111 62
78 54
52 35
35 21
23 15
19 13
23 15
39 19
60 27
89 41
119 58
150 74
183 91
212 105
234 117
251 126
259 134
257 136
250 132
232 125
208 113
181 99
150 85
117 70
85 52
60 37
39 27
25 19
19 15
23 15
35 19
54 27
80 39
111 52
142 70
175 85
205 99
230 115
248 126
257 134
259 134
253 132
238 126
216 119
189 107
158 91
125 72
93 56
68 42
44 31
29 21
21 17
27 25
31 27
37 15
60 13
101 31
140 64
169 89
195 101
222 105
244 115
259 132
261 144
253 142
242 130
222 115
197 103
164 93
132 80
101 62
72 41
48 27
31 19
21 15
21 15
29 17
44 19
66 31
95 48
126 64
158 80
189 93
216 107
238 121
251 128
259 134
257 134
246 130
228 121
201 107
175 97
142 82
111 66
80 50
54 35
37 25
23 19
19 15
25 15
39 21
60 31
87 42
117 56
150 74
181 89
210 105
234 117
250 126
259 132
261 136
251 136
234 126
214 121
191 115
148 89
107 58
78 35
60 25
41 23
25 19
17 13
21 9
37 13
56 27
80 44
111 58
142 72
173 85
203 99
228 115
246 126
257 132
257 132
251 128
238 125
216 117
189 105
158 87
126 72
95 54
66 41
44 29
29 19
21 15
21 13
31 17
48 25
74 37
103 50
134 64
166 80
197 95
222 111
242 123
255 130
259 132
255 132
244 128
222 119
197 107
167 95
136 78
103 62
74 44
48 31
33 21
21 17
19 15
27 15
44 21
66 33
95 46
125 62
158 78
189 93
218 109
246 132
251 138
248 125
248 113
246 113
232 121
205 117
173 99
142 74
113 58
83 48
56 42
35 33
23 19
19 9
23 9
39 19
60 33
85 44
117 54
150 68
181 85
208 105
232 119
250 126
257 130
257 132
250 132
234 128
212 117
183 101
150 83
119 68
87 54
60 41
39 27
25 17
19 11
21 13
35 19
54 27
80 39
109 52
140 68
171 85
201 99
228 115
248 126
257 134
259 134
253 132
240 128
218 119
191 107
160 91
128 76
97 58
68 42
44 31
31 23
23 17
25 21
33 27
44 25
62 25
93 33
132 52
166 78
195 97
220 109
242 117
257 126
261 136
257 140
244 134
222 121
197 107
167 93
134 80
103 62
72 42
48 29
33 21
21 17
19 15
27 15
42 21
66 31
93 46
123 62
31 76
189 93
214 107
236 121
1 128
251 134
257 134
248 130
230 121
205 111
177 97
144 83
113 66
82 50
48 35
37 25
23 17
19 13
25 13
39 21
58 29
83 41
115 54
148 72
179 89
208 105
232 117
250 128
259 134
259 134
250 132
236 125
214 117
185 105
154 91
126 83
87 60
52 27
31 3
25 1
23 13
23 21
31 19
50 19
80 29
111 54
142 78
171 93
201 101
226 109
244 119
255 132
259 138
251 134
240 123
218 111
191 103
162 93
128 76
97 58
68 41
44 27
29 21
21 17
21 15
29 15
46 21
70 35
99 50
130 64
164 78
195 93
222 111
240 123
253 130
259 132
257 132
244 130
224 121
199 109
169 93
138 78
105 62
76 46
50 35
33 25
21 15
19 11
27 15
42 25
64 33
91 44
125 60
156 78
187 95
214 109
240 125
257 138
255 136
248 125
242 115
230 111
208 109
177 99
142 80
115 60
87 48
60 42
37 33
23 23
19 15
25 13
37 19
56 29
83 42
115 54
146 68
177 85
207 101
232 117
248 125
257 130
259 132
251 132
236 128
212 117
185 101
154 85
123 70
89 54
62 41
41 27
27 17
19 13
21 13
33 17
52 25
78 37
107 50
138 66
169 83
201 99
226 113
246 125
255 132
259 134
255 134
240 128
218 119
193 105
162 91
130 76
99 58
68 41
46 29
31 21
21 17
21 15
31 17
46 29
76 48
95 54
119 50
154 54
193 78
222 109
240 126
3 130
251 126
259 126
246 130
226 128
201 117
171 97
138 76
105 60
76 48
50 37
31 23
21 11
19 7
27 13
41 23
64 33
91 44
123 58
156 76
185 93
212 107
236 119
1 125
259 130
259 134
248 132
232 125
207 113
177 97
146 82
115 68
83 52
50 37
37 25
23 15
19 13
23 15
37 19
48 27
83 41
115 54
144 62
177 87
208 103
232 117
248 126
7 132
259 134
250 134
236 128
214 117
187 103
158 89
126 78
95 66
58 42
31 17
15 1
19 1
15 9
31 17
48 23
78 33
109 48
5 70
169 89
201 105
226 113
244 121
5 130
250 136
253 134
224 126
218 113
187 103
164 91
130 78
99 58
70 42
31 29
31 21
21 17
21 15
29 17
46 21
68 33
97 48
128 64
162 80
191 93
218 107
240 121
253 130
259 134
255 132
246 128
226 121
201 109
169 93
138 78
109 64
78 50
52 35
33 23
23 15
21 15
25 17
39 23
62 31
89 42
121 58
154 76
185 91
212 107
236 119
251 128
261 138
263 148
246 136
222 111
201 89
179 85
152 85
117 74
82 50
58 29
41 21
27 21
21 25
21 21
35 19
56 23
82 37
113 58
142 76
175 85
205 95
230 111
248 126
257 134
259 134
251 130
236 125
214 115
187 105
156 91
123 70
91 52
66 41
44 31
27 23
19 15
21 13
33 17
50 25
74 39
103 52
136 66
169 82
199 97
224 113
244 125
255 130
259 132
253 132
242 126
222 121
195 109
164 93
132 76
101 60
72 44
46 33
31 21
21 15
21 15
29 19
46 27
72 41
101 58
123 64
