30000 10000000 6291 333
214 109
214 113
216 115
218 115
220 113
220 113
222 115
224 117
226 119
226 119
228 117
230 119
232 121
232 123
234 121
236 121
238 123
238 125
238 126
240 125
242 125
242 126
244 126
244 126
246 126
246 126
246 128
248 128
248 128
250 130
250 130
250 130
250 128
251 128
253 132
255 136
259 142
253 140
244 126
244 117
1 117
250 123
255 130
253 130
253 126
255 128
250 132
257 138
255 138
253 134
253 130
253 128
255 132
253 134
251 132
253 128
253 126
251 128
251 130
251 130
251 128
251 128
251 128
250 130
248 128
248 128
248 128
248 126
246 126
244 126
244 126
242 126
242 125
242 125
240 125
238 125
238 123
238 123
236 123
234 123
232 121
232 121
230 121
228 121
226 119
226 117
226 115
224 117
220 117
218 115
218 113
218 113
216 113
212 113
212 111
210 111
208 109
207 109
205 109
208 117
203 117
191 99
185 80
193 82
189 97
195 107
187 103
185 91
187 89
187 95
183 103
179 105
177 97
177 89
175 87
171 91
167 93
167 89
164 83
164 82
160 82
160 85
158 85
156 82
152 80
150 78
148 80
146 80
142 76
142 74
140 74
138 74
134 74
132 72
130 68
128 68
126 66
125 68
123 66
121 64
119 62
115 62
113 60
113 60
111 60
107 58
105 56
103 54
101 54
99 54
97 54
95 52
93 52
91 50
89 50
87 48
85 48
83 48
82 46
80 44
82 48
82 46
72 48
62 33
60 21
68 15
70 33
62 39
60 35
60 29
64 31
62 37
58 41
56 41
54 33
54 29
50 27
48 29
48 31
46 29
44 25
44 21
42 23
42 27
41 27
39 25
39 21
39 21
37 23
35 23
33 21
35 21
35 21
33 21
31 19
31 19
31 19
31 19
29 19
27 17
27 17
27 17
27 17
27 17
25 17
27 17
25 15
25 17
23 15
25 17
25 19
23 17
23 15
25 17
25 17
23 19
23 17
25 15
25 15
25 17
25 17
25 17
27 19
27 21
33 29
25 25
17 5
19 0
29 1
33 17
33 25
29 23
31 13
33 13
35 21
35 31
35 31
35 23
35 17
37 19
39 23
39 27
41 25
41 19
44 21
46 25
44 29
46 29
48 27
50 27
50 27
52 31
54 33
56 35
56 33
58 31
60 33
62 37
62 37
64 37
66 35
70 37
72 41
72 42
74 41
76 41
78 41
80 44
82 46
83 46
85 46
87 44
87 46
89 50
91 50
95 50
97 52
99 52
101 52
103 54
105 56
107 58
109 58
111 60
115 62
113 68
0 74
115 66
111 54
117 48
1 54
125 64
130 62
130 68
126 66
138 68
140 76
142 82
144 82
146 78
146 74
150 76
152 80
154 83
154 80
158 78
160 80
156 83
166 87
167 87
169 85
171 87
173 89
175 93
177 95
171 93
181 93
183 93
185 95
189 97
189 99
191 99
193 99
197 101
199 103
199 103
201 103
203 103
205 107
207 109
208 109
208 109
212 109
214 111
214 111
216 111
218 113
220 113
220 115
222 115
224 117
226 117
228 119
228 119
230 119
232 119
234 123
234 123
238 126
242 134
234 126
228 109
232 101
242 111
246 126
242 132
242 126
244 117
248 121
250 130
248 136
248 132
250 126
250 125
250 128
250 132
250 132
251 130
251 126
251 128
251 130
253 132
253 132
253 130
253 128
255 130
255 132
255 134
255 132
255 130
255 130
255 132
255 132
255 132
255 130
255 130
253 132
253 132
251 130
253 130
253 130
251 132
251 130
251 130
251 130
251 130
250 128
250 128
248 128
248 128
248 128
246 126
244 126
246 126
244 126
244 126
242 126
242 126
240 126
240 126
244 132
238 132
226 121
222 107
226 103
232 111
230 119
226 119
224 113
218 111
226 115
224 121
220 121
220 119
218 115
208 111
214 113
212 113
210 111
208 107
207 105
205 105
203 105
203 107
201 105
199 103
197 99
195 101
193 103
191 103
187 99
187 97
185 95
183 95
179 95
175 91
177 91
175 91
173 91
169 91
169 89
167 87
166 87
162 85
160 83
158 82
156 82
154 82
152 80
148 78
146 78
144 76
142 74
140 74
138 74
136 72
134 72
132 72
128 70
126 68
126 68
123 68
121 68
125 72
121 76
107 60
99 41
105 37
111 48
109 60
103 62
101 52
101 46
101 50
99 58
95 62
91 56
89 48
87 44
85 44
83 50
82 48
80 42
78 37
76 37
76 42
74 42
70 41
70 37
66 33
66 35
66 41
62 41
60 37
58 33
58 33
56 33
54 33
52 31
52 29
50 27
48 27
48 29
46 27
44 27
44 27
42 27
42 27
41 25
39 25
39 23
37 23
37 23
35 21
33 19
33 19
35 19
33 21
31 21
31 21
31 19
31 19
29 21
29 21
29 21
35 29
27 25
15 13
13 0
21 0
27 7
27 17
23 17
23 13
25 11
27 15
25 21
23 23
23 19
25 15
25 15
23 17
23 17
23 17
23 13
25 11
25 13
27 15
25 15
27 17
29 17
29 17
29 19
29 19
31 21
31 21
33 19
33 19
33 19
35 21
37 23
37 23
37 23
39 23
39 23
41 25
42 25
42 25
44 25
44 25
46 27
48 27
50 29
50 31
52 29
52 29
56 31
56 33
58 33
58 35
60 35
64 35
64 37
66 39
68 39
70 39
72 41
74 44
80 52
78 52
70 37
70 23
80 27
85 41
87 52
87 52
87 44
93 42
95 48
97 58
99 64
99 56
101 50
105 50
105 58
107 60
107 58
113 56
117 56
117 60
119 64
121 66
125 66
125 66
126 68
128 68
132 70
134 72
136 72
136 72
140 72
144 74
146 78
146 78
148 78
152 78
154 78
156 82
158 83
162 83
162 85
164 85
166 87
169 87
169 89
173 91
173 89
177 91
179 93
181 93
183 95
183 97
187 97
189 99
191 101
193 101
193 99
197 99
201 105
205 111
208 117
201 111
195 99
199 91
208 95
212 105
212 109
214 109
216 107
218 109
222 115
222 121
222 121
222 117
224 115
218 115
228 119
228 121
228 119
232 117
232 117
236 119
236 123
238 125
238 125
240 123
240 125
242 125
244 126
244 126
244 126
244 126
246 126
248 128
246 128
248 126
250 126
250 128
250 130
251 130
251 130
251 130
253 130
251 130
253 130
255 132
253 132
253 132
255 132
255 132
255 132
255 132
255 132
255 130
255 130
255 132
255 132
253 132
253 132
255 132
255 132
255 132
255 134
259 144
251 140
242 121
242 107
250 111
255 126
253 136
248 132
248 123
250 121
251 130
248 138
244 138
244 128
244 121
242 123
242 128
240 128
240 125
238 121
238 119
236 121
236 125
234 125
232 121
230 117
228 117
230 119
228 121
224 119
224 115
222 115
222 115
220 117
216 115
216 113
214 111
214 109
210 111
210 111
208 109
207 107
205 105
203 103
201 105
201 105
199 105
195 103
193 99
193 99
189 99
187 99
185 97
183 97
183 95
179 95
177 93
177 91
173 91
171 91
169 91
171 95
169 97
160 89
150 74
150 64
156 68
158 80
152 83
146 78
148 72
148 74
146 80
142 83
138 80
136 74
134 70
132 70
128 70
126 70
125 68
123 62
121 62
119 62
119 66
115 64
113 62
111 58
109 56
107 58
105 60
103 56
99 54
97 52
97 54
93 52
91 52
89 48
89 48
85 46
83 44
83 46
82 44
78 41
78 42
76 42
72 41
74 41
72 41
68 39
68 39
64 37
62 37
62 35
60 33
58 33
58 33
56 33
54 31
52 31
52 31
50 31
48 31
48 31
48 33
50 41
41 31
29 11
31 0
39 7
44 23
39 31
35 25
35 15
37 15
37 23
35 31
31 29
31 21
31 13
29 13
29 21
27 23
27 19
27 13
27 11
27 15
25 19
25 17
25 15
27 13
27 17
25 19
23 19
25 17
25 15
25 15
23 15
23 17
23 17
25 15
23 15
25 15
25 17
25 17
25 15
25 15
27 17
27 19
27 19
27 17
27 17
29 17
29 17
29 17
31 19
33 21
33 21
33 21
35 21
35 21
37 23
37 25
37 25
41 25
42 27
46 33
46 37
37 25
35 13
41 9
48 17
50 27
50 29
50 27
52 25
56 29
58 33
60 39
60 39
60 35
62 33
64 35
64 37
64 39
68 37
70 35
72 37
74 41
76 42
78 42
80 42
82 42
83 46
85 48
87 48
89 48
91 48
91 50
95 50
97 50
99 54
101 56
103 54
105 54
109 56
111 60
111 60
113 60
117 60
119 62
119 64
121 64
123 64
126 66
128 68
130 70
134 72
136 70
138 74
140 72
142 74
144 76
146 76
148 76
152 78
154 82
156 83
158 85
164 91
167 97
158 87
154 70
128 64
171 66
175 91
173 97
173 89
177 82
173 87
185 99
185 107
185 103
187 97
191 93
191 99
193 103
193 101
197 99
201 99
201 101
203 105
205 109
207 109
208 107
210 107
212 111
214 113
214 115
216 113
216 111
220 113
222 115
222 117
224 117
226 115
228 117
230 119
230 121
232 119
232 119
234 121
236 123
236 125
238 125
238 125
240 125
242 125
244 126
244 126
244 126
246 126
246 126
248 126
248 128
248 128
248 128
250 128
251 132
251 132
253 134
259 138
255 138
244 126
244 117
250 115
255 123
255 130
253 130
253 128
255 126
257 132
257 138
255 138
253 134
255 130
255 130
253 132
253 132
253 130
253 128
253 126
251 128
251 128
253 130
253 130
251 130
251 130
251 130
251 130
250 130
250 130
248 128
248 126
246 126
246 126
246 126
244 126
244 126
242 125
242 125
240 125
240 125
238 125
236 123
234 121
234 119
234 121
232 123
230 121
228 119
228 119
226 117
224 117
222 117
222 115
220 115
218 115
216 113
216 113
214 113
214 113
210 113
208 111
212 119
208 121
195 105
189 83
195 80
199 91
199 107
193 109
191 99
191 91
191 95
189 105
185 107
183 101
179 91
177 89
175 91
173 95
171 93
169 87
167 83
164 83
164 85
162 87
160 83
156 80
156 78
154 82
150 83
148 82
146 76
144 74
142 76
140 76
136 76
136 72
134 70
132 68
128 68
126 68
125 66
123 64
121 64
119 64
117 66
113 62
113 60
109 58
109 58
105 58
103 56
101 54
99 52
97 52
95 52
93 52
91 50
89 50
87 50
85 48
83 48
85 50
87 58
78 52
66 37
64 25
70 25
72 33
70 41
66 39
64 33
64 31
64 35
62 39
60 41
56 37
54 31
54 29
52 31
50 33
48 29
48 27
46 23
46 23
46 27
44 29
42 25
41 23
41 23
41 25
37 25
37 23
37 21
35 21
35 21
33 21
33 21
33 19
31 17
29 17
29 17
29 19
29 19
27 17
27 15
27 17
27 17
27 17
25 17
25 17
25 15
25 17
25 17
23 15
25 17
23 15
23 15
23 15
23 15
25 17
25 17
25 17
25 15
25 17
27 21
31 29
27 29
17 11
15 0
25 0
31 11
31 25
29 23
29 13
33 11
35 19
35 29
33 31
33 25
33 15
37 17
37 21
37 27
37 25
39 19
41 17
41 21
42 25
44 27
46 27
48 27
48 27
48 29
52 31
52 33
52 31
56 29
56 31
58 35
60 35
60 35
62 33
66 35
66 37
68 31
70 39
72 39
74 39
76 41
76 42
78 42
80 42
83 44
83 48
85 46
89 48
91 48
93 50
95 52
95 52
99 52
101 54
103 56
105 56
107 58
109 60
113 64
119 70
113 68
109 58
109 46
119 48
125 58
126 68
126 68
128 66
134 66
136 70
138 78
138 80
140 76
142 72
146 74
146 78
148 80
150 78
154 78
158 80
158 82
160 85
162 85
166 85
167 87
169 87
169 87
173 91
175 91
177 91
179 93
181 93
183 95
185 97
187 97
189 99
193 101
193 101
195 103
197 101
199 103
201 105
203 107
205 107
207 107
208 107
210 109
210 111
214 111
214 111
216 111
218 113
220 115
220 115
222 117
224 117
224 117
226 117
230 119
232 121
232 123
232 123
240 132
236 130
224 113
226 101
236 105
244 121
242 130
238 126
242 119
246 119
248 126
248 134
244 134
246 126
248 123
250 126
248 130
250 132
250 130
251 125
251 126
251 130
253 132
253 132
253 128
253 128
255 130
255 134
253 134
255 132
253 130
255 130
255 130
253 130
255 132
255 132
253 130
253 130
253 130
255 130
253 130
253 130
253 130
253 132
253 132
251 132
251 130
251 128
251 130
250 130
250 130
248 128
248 128
248 128
246 128
246 128
244 126
244 126
244 128
242 128
242 126
244 130
244 134
234 128
224 113
226 103
232 105
236 117
230 121
226 119
228 113
230 115
228 119
224 123
222 121
220 115
220 113
218 113
214 113
212 113
212 111
210 109
208 107
207 107
207 107
205 107
203 105
199 103
199 103
197 105
195 103
193 99
191 99
189 99
187 99
185 97
181 95
181 93
181 93
177 93
173 91
173 89
171 89
169 89
166 87
164 85
164 85
160 83
156 82
154 80
154 82
152 82
148 82
146 78
146 76
144 76
140 76
138 76
136 74
134 72
132 70
128 70
126 68
125 68
126 72
128 80
115 70
105 48
107 39
113 46
113 60
109 64
105 58
103 50
103 50
103 56
99 64
95 60
93 52
91 46
89 46
87 50
85 50
83 46
82 41
80 41
80 44
76 44
76 44
74 39
72 37
70 39
68 41
66 41
64 37
62 35
60 33
60 33
58 35
56 35
54 31
52 29
52 29
52 31
48 31
46 29
46 27
46 27
44 27
42 27
41 25
41 21
41 23
39 25
37 25
37 23
37 21
35 21
33 21
33 21
33 21
33 19
31 19
31 19
29 19
31 21
33 25
33 29
21 17
15 3
19 0
27 5
27 15
25 17
23 13
25 11
27 13
27 19
27 23
23 21
23 15
23 11
23 13
23 19
23 17
23 15
25 13
25 13
25 15
25 17
27 17
27 17
27 17
27 17
27 17
31 19
31 21
29 19
31 17
31 17
33 21
33 21
35 21
35 19
37 21
37 21
39 23
39 23
41 23
42 25
42 25
44 25
44 25
46 27
48 27
48 29
50 29
52 31
54 31
56 33
56 33
58 33
60 33
60 35
64 35
64 37
66 37
68 39
70 41
74 44
78 52
70 42
64 27
70 21
80 31
85 46
85 52
85 48
87 41
91 42
95 52
93 60
95 58
97 52
99 48
103 52
103 58
103 58
107 56
109 52
113 54
115 60
117 66
119 64
121 62
123 64
125 64
128 70
130 72
132 72
132 68
136 68
138 72
140 74
142 76
144 74
146 76
148 78
150 80
154 80
156 80
158 82
158 82
162 85
166 87
166 89
167 87
169 87
171 89
173 89
177 93
179 95
179 93
183 95
185 97
187 99
189 101
191 101
193 101
195 103
199 105
203 111
203 113
187 103
193 91
201 89
208 97
210 105
210 109
212 107
214 107
218 111
220 117
218 121
218 117
222 115
224 115
224 117
224 119
226 119
228 117
230 117
232 117
232 119
234 121
236 123
236 123
236 121
240 123
242 126
242 126
242 126
242 125
246 125
246 126
244 126
246 126
248 126
250 128
248 128
248 128
251 128
251 130
251 132
251 130
251 130
251 130
253 130
253 130
253 132
255 132
255 132
253 130
253 130
255 132
257 134
255 134
255 130
255 130
257 132
255 134
253 134
253 132
255 132
255 136
257 144
246 130
242 111
248 107
253 121
253 134
250 134
248 126
251 121
251 125
250 134
248 136
248 134
246 126
244 123
242 125
242 128
242 126
242 125
238 121
238 121
238 123
238 125
234 123
234 119
232 119
232 121
230 123
228 121
226 119
226 117
224 117
220 115
220 115
220 115
218 115
216 111
212 109
214 111
212 113
210 111
208 109
207 107
205 107
203 107
201 107
199 105
199 103
197 103
193 101
191 101
189 99
189 99
185 97
183 95
181 95
179 93
179 95
177 95
173 93
173 91
177 99
169 99
156 85
152 72
158 68
160 76
158 82
152 82
150 76
152 74
150 76
146 82
144 82
140 78
140 74
138 72
134 72
132 74
130 70
126 66
125 64
123 64
123 64
119 64
117 62
117 60
115 60
111 60
109 60
107 58
105 56
101 54
101 54
99 54
97 54
95 52
93 50
91 48
89 48
87 48
85 48
83 44
82 42
80 44
78 44
76 42
74 41
72 41
70 41
68 37
66 37
66 37
66 39
62 37
60 37
58 33
58 35
56 35
54 33
52 33
52 31
50 29
48 31
50 37
48 39
37 23
31 5
37 1
42 15
44 29
39 29
35 19
37 13
39 19
39 29
35 33
33 27
31 15
33 15
31 19
29 23
27 21
29 15
29 11
29 13
27 17
25 19
27 17
27 13
25 13
25 15
25 19
25 19
23 15
25 13
25 15
25 17
23 17
23 17
23 13
25 13
25 15
25 17
25 17
25 15
25 15
25 15
25 17
25 17
29 17
29 19
29 19
27 17
29 17
31 19
31 21
31 21
33 19
33 19
35 21
35 23
35 21
37 21
33 25
39 29
46 37
33 33
33 19
33 9
41 9
46 17
48 25
48 29
48 27
52 25
56 31
56 37
56 41
56 37
58 33
60 31
62 35
62 37
64 37
66 33
68 33
72 37
72 41
72 42
76 41
80 42
80 44
80 46
83 48
85 48
87 48
89 48
91 48
91 50
95 50
97 50
99 52
101 54
103 54
105 56
107 58
109 58
111 60
115 60
115 60
117 64
121 64
121 64
125 64
126 66
128 68
130 68
132 72
134 70
138 72
140 74
142 76
144 76
146 78
148 78
150 78
154 80
156 83
156 95
156 95
128 78
152 62
164 66
171 82
169 93
171 91
173 83
177 83
179 91
181 103
181 103
183 97
185 91
187 93
189 97
191 103
193 101
195 97
197 95
199 101
201 107
203 109
205 107
207 105
208 107
210 109
212 113
212 111
214 111
216 111
218 113
218 115
220 115
224 115
224 115
226 115
228 117
230 121
230 121
232 119
232 119
232 121
236 123
236 125
236 123
238 123
240 125
242 126
242 126
242 126
244 126
246 126
246 126
246 128
248 126
248 128
250 130
250 130
250 132
250 134
257 140
250 138
242 123
244 113
3 117
257 126
250 132
251 130
253 126
250 126
257 134
255 138
255 138
255 132
255 128
255 130
253 134
253 134
253 132
253 126
253 126
253 130
253 132
251 132
251 130
253 128
251 128
253 132
251 134
250 130
250 128
250 128
248 130
248 130
246 128
246 126
244 126
244 126
244 125
242 126
242 125
240 123
240 125
238 125
238 125
236 123
234 123
234 121
232 121
230 121
228 119
226 117
226 117
224 117
224 119
222 119
220 115
220 115
218 115
216 115
214 113
214 113
212 115
214 121
207 117
195 97
195 83
201 87
203 103
199 109
195 105
193 95
195 95
193 101
191 107
187 107
185 97
181 91
179 91
179 95
175 95
173 91
171 85
169 83
167 87
166 89
164 87
162 83
160 82
158 83
156 83
152 82
152 80
148 78
146 78
144 76
142 78
140 76
138 74
134 72
132 72
132 72
128 68
126 66
126 66
123 66
121 66
119 64
117 62
115 62
113 62
111 60
107 58
107 56
105 56
103 56
95 56
97 52
97 52
93 52
91 52
89 50
89 48
87 50
87 52
89 58
76 48
68 35
68 25
74 29
74 37
70 39
68 37
68 33
68 33
66 37
64 41
62 41
60 37
58 33
56 31
56 33
52 33
50 31
50 27
48 25
46 25
46 27
44 27
44 25
42 25
42 23
39 23
41 23
39 23
37 23
35 19
35 19
35 21
35 23
31 21
31 19
31 19
31 19
31 19
27 19
29 17
29 17
27 17
27 17
25 17
25 17
25 15
25 15
25 15
25 17
25 17
25 17
25 15
25 15
25 15
23 15
23 15
25 15
25 17
25 17
25 17
27 19
33 29
23 23
13 5
17 0
27 0
31 17
29 25
27 19
27 11
33 11
33 21
33 29
31 29
31 21
35 15
35 17
35 23
35 25
37 23
39 19
41 19
41 21
42 27
44 27
44 27
44 23
46 23
48 29
48 33
50 31
50 27
54 29
56 31
56 33
58 33
60 33
62 33
64 35
64 35
64 37
68 37
70 39
72 41
72 39
74 41
78 42
80 44
80 44
82 44
83 46
87 48
87 48
89 48
91 50
93 50
95 52
97 54
101 54
103 54
105 56
107 60
113 66
115 70
107 62
103 50
111 44
119 52
125 62
125 68
123 66
128 62
132 66
134 74
134 78
134 76
140 74
142 72
142 76
144 78
146 78
150 76
152 76
154 78
156 80
158 83
160 83
162 83
156 83
167 87
169 91
171 91
173 89
175 89
177 93
171 95
181 95
181 95
185 95
187 95
189 97
191 99
193 101
195 101
197 101
199 103
201 105
203 105
205 105
207 105
207 107
208 107
212 111
214 113
214 113
216 113
218 115
220 115
220 115
222 115
224 117
226 117
226 119
228 119
226 121
234 125
238 126
228 125
218 105
230 99
240 109
240 125
238 130
238 123
242 115
246 119
246 128
246 136
246 136
246 128
246 123
248 126
248 130
248 132
250 128
250 125
251 125
251 130
251 134
253 132
253 128
253 128
253 130
253 134
253 132
253 130
255 128
255 132
255 132
255 134
255 132
255 132
255 130
253 132
255 134
255 134
253 130
253 128
253 128
253 128
255 132
253 132
251 130
251 128
251 130
251 130
250 128
250 128
250 128
248 126
246 126
246 126
246 126
246 128
246 128
244 126
244 128
248 134
242 136
232 123
228 111
230 105
236 111
234 121
232 121
230 117
230 113
230 117
228 123
226 125
224 121
222 115
220 113
220 113
218 117
214 115
212 111
212 107
212 107
210 109
207 111
205 107
205 105
203 105
201 105
199 107
197 105
195 101
193 99
191 99
189 99
187 99
185 99
183 95
181 95
177 93
175 91
175 91
173 91
171 91
169 89
167 89
166 87
162 85
160 85
158 83
156 83
154 82
152 80
150 80
148 80
144 78
144 76
142 74
138 74
136 74
134 74
132 72
130 72
128 70
130 76
126 78
115 66
109 46
111 41
117 50
115 64
111 68
107 58
107 50
107 52
105 60
101 64
97 60
95 50
95 48
93 50
89 52
87 50
85 46
83 42
82 42
80 44
78 44
78 46
76 42
74 39
72 41
70 41
68 41
66 39
64 35
62 33
62 35
60 35
58 33
56 31
56 31
54 31
52 31
50 29
50 29
48 27
46 27
44 27
44 25
44 27
42 27
41 25
39 25
39 25
37 25
37 23
35 21
35 21
35 21
33 21
33 21
31 19
31 21
31 21
31 23
35 27
29 27
21 15
17 5
21 1
27 7
27 15
25 17
25 13
25 9
27 15
27 19
25 23
23 19
23 15
25 13
23 15
23 17
23 15
25 15
25 11
25 11
25 15
27 17
27 17
27 17
25 15
29 15
29 21
29 21
29 19
29 17
31 17
31 19
31 21
33 19
33 19
35 19
35 19
37 21
37 21
37 21
41 23
41 25
41 25
42 25
44 25
44 27
46 27
48 27
48 29
50 27
52 29
54 31
56 33
56 33
58 33
60 33
60 35
62 37
64 39
66 39
66 37
74 46
76 52
66 41
62 21
72 19
82 33
82 48
82 50
82 44
85 37
89 42
91 54
91 60
91 56
95 48
97 48
99 52
101 58
101 58
105 52
107 50
111 54
113 60
115 64
117 64
119 60
121 62
123 66
125 68
126 70
128 68
132 68
134 70
134 72
136 72
140 72
142 72
144 76
146 78
148 80
150 80
154 82
154 82
156 82
160 83
162 85
164 85
166 85
167 87
169 89
171 89
173 91
175 91
177 93
181 93
183 95
185 97
187 99
189 99
191 99
193 101
197 107
205 117
199 113
189 99
191 87
201 89
207 101
207 109
207 107
208 103
214 103
216 111
216 117
218 119
220 117
220 115
220 115
222 115
224 119
226 119
226 117
228 115
230 117
232 119
234 121
234 123
236 121
236 121
240 125
240 126
240 126
242 125
242 125
244 125
244 125
244 125
246 126
248 128
248 128
248 128
250 128
250 130
251 132
251 130
251 130
251 130
251 130
251 130
253 130
253 132
253 132
253 132
253 132
255 132
255 132
255 134
255 132
255 132
255 132
255 132
255 130
255 132
255 134
255 134
259 142
255 142
244 126
242 111
250 111
253 125
253 134
250 132
250 125
251 121
251 128
251 136
250 138
248 132
246 125
246 123
246 128
244 132
242 128
242 121
240 121
240 123
238 125
236 125
238 123
236 119
234 119
234 121
232 123
230 123
228 121
228 119
224 117
224 117
224 117
222 117
220 115
218 111
216 113
216 113
214 113
212 109
210 109
208 109
207 107
205 107
203 107
201 105
199 105
199 103
197 103
195 103
187 101
189 99
189 99
187 97
185 97
181 97
179 95
179 95
177 95
175 97
177 101
169 95
158 83
156 72
162 72
162 78
160 83
156 82
154 78
154 76
154 80
150 83
146 83
144 80
140 64
140 72
138 74
134 76
132 72
126 66
128 62
126 66
125 70
123 68
121 64
119 62
117 62
113 62
113 62
109 60
107 58
105 54
103 56
101 56
99 54
97 52
93 48
93 50
91 50
89 50
85 48
85 46
83 44
82 46
78 44
78 42
78 42
76 42
72 41
70 41
70 39
68 39
66 39
64 37
60 35
60 35
60 35
58 35
54 33
54 33
54 31
52 31
50 31
54 39
48 37
37 19
35 5
41 7
46 21
44 31
39 29
37 19
39 15
41 21
39 31
35 31
33 23
33 15
33 15
31 19
29 21
29 21
29 15
29 13
29 15
27 21
27 19
27 17
27 15
25 15
25 17
25 19
25 17
25 15
25 13
25 17
23 17
25 17
23 15
23 15
25 15
25 19
25 17
25 15
25 15
25 15
25 17
25 17
27 17
25 17
27 17
27 17
27 19
29 19
29 19
29 17
31 17
31 19
31 19
33 19
35 23
35 23
37 25
39 25
42 29
46 37
37 31
29 17
33 5
41 7
48 19
46 27
44 27
46 23
52 23
54 31
52 37
52 37
48 35
58 33
58 33
58 35
60 37
62 35
64 33
66 33
66 35
62 39
72 41
74 41
76 41
78 41
78 42
82 44
83 46
83 46
78 46
87 46
91 50
91 52
93 52
97 50
99 52
93 54
103 56
105 56
107 56
109 56
111 58
113 60
117 62
117 64
119 64
123 64
125 66
126 66
126 66
130 68
134 70
134 72
138 74
138 72
142 74
144 76
146 78
148 80
152 80
154 83
160 93
156 89
148 70
152 60
162 68
167 83
167 93
167 89
171 83
175 85
177 93
179 101
179 99
181 95
183 91
185 93
187 99
189 101
191 99
193 95
195 97
197 101
199 105
201 105
203 103
205 103
207 105
207 109
210 111
212 111
212 111
214 111
216 113
218 113
218 115
220 115
222 113
224 115
218 117
228 117
228 117
228 117
234 121
234 123
234 123
234 123
236 123
238 123
238 125
240 125
240 125
242 125
244 126
244 126
246 126
248 128
248 128
248 128
248 128
250 130
251 132
255 138
255 142
246 132
240 119
246 113
253 119
253 128
251 130
251 126
255 126
259 130
257 136
255 138
255 136
255 134
255 130
255 132
253 134
253 134
253 130
253 126
253 128
253 132
253 132
253 130
251 128
253 128
253 130
253 132
251 132
251 130
250 130
250 130
250 128
248 130
248 128
246 126
246 126
246 125
244 126
244 126
242 126
240 123
242 123
240 126
238 126
236 125
236 125
234 123
234 123
232 123
230 121
230 121
228 119
226 119
224 117
224 117
224 117
220 117
218 115
216 115
216 113
216 115
216 117
216 123
207 115
187 93
197 83
203 91
205 107
201 111
197 103
197 93
197 95
197 105
191 111
187 105
185 95
185 91
183 95
179 99
175 97
175 91
175 87
173 87
169 89
167 91
167 89
166 85
158 83
160 83
158 83
156 83
152 80
150 78
150 78
148 78
144 78
142 76
140 72
138 72
136 72
134 72
130 70
128 68
128 68
125 68
123 66
121 64
119 62
117 62
115 62
113 62
111 60
109 60
107 58
103 56
101 56
101 56
97 56
95 52
93 50
91 50
91 50
89 52
89 56
87 56
78 46
68 33
70 25
78 31
78 41
72 42
68 39
70 33
70 35
68 41
64 42
62 41
62 35
60 33
58 33
56 35
54 33
52 29
52 27
50 25
48 25
46 27
46 27
46 27
44 27
42 25
42 25
41 27
39 25
39 23
37 21
37 21
35 23
33 21
33 21
33 21
31 21
31 19
29 19
31 19
31 21
29 19
27 19
27 19
27 17
25 17
25 17
25 17
25 15
25 17
25 17
25 17
25 15
25 17
25 17
25 15
25 15
25 17
25 17
25 17
25 17
29 23
31 29
19 19
13 1
19 0
27 5
31 19
27 25
25 17
29 11
33 13
33 23
31 31
31 27
31 19
33 15
33 17
33 23
35 25
37 23
37 19
39 17
41 23
41 27
41 27
42 25
44 23
46 25
46 29
46 29
48 29
52 29
52 29
54 33
54 31
56 33
58 33
60 33
60 35
62 35
64 37
66 37
68 37
70 37
72 39
72 41
74 41
78 41
80 42
80 44
82 44
83 44
87 46
89 50
89 50
91 52
93 50
97 52
99 54
101 56
103 56
105 58
113 64
113 70
103 60
101 46
109 42
119 50
121 62
119 64
121 62
126 60
130 66
130 72
132 76
134 76
134 70
138 68
140 72
142 78
144 78
146 76
148 74
150 76
154 80
156 83
158 82
160 82
162 82
166 85
166 89
167 89
171 89
171 89
173 89
177 91
179 95
181 95
183 95
185 95
187 97
189 99
191 101
193 101
193 99
197 99
199 103
201 107
201 107
205 105
205 105
207 107
210 109
212 111
212 111
214 111
216 111
216 113
218 115
220 115
222 115
222 117
226 117
228 119
228 121
236 128
236 132
226 121
222 103
226 97
238 109
242 126
238 130
238 123
240 115
244 121
246 130
244 138
244 132
244 125
246 121
248 125
246 132
246 132
248 126
250 123
250 125
250 130
251 132
253 132
253 130
253 130
253 130
253 132
255 132
255 132
253 128
253 126
255 130
255 132
255 132
253 132
255 130
255 132
255 132
253 132
253 130
253 128
255 130
253 132
253 132
253 130
251 130
253 130
251 130
250 130
251 130
250 128
250 130
248 128
248 128
248 128
246 126
248 128
248 130
246 130
244 130
250 136
242 134
232 123
228 111
234 107
236 113
236 121
232 121
232 117
232 115
234 117
232 123
228 125
224 123
224 115
224 115
222 117
218 119
214 115
214 109
216 109
214 111
212 111
208 111
208 107
207 107
205 107
203 107
201 107
199 105
197 103
195 101
193 99
191 101
189 101
187 97
183 95
185 95
181 97
179 95
177 93
175 91
173 89
171 89
169 89
167 89
166 87
164 85
162 83
158 83
158 83
154 82
152 80
150 78
148 78
146 80
144 80
140 76
138 74
138 74
136 74
134 74
130 72
134 78
130 80
117 66
109 46
115 42
119 52
117 64
111 64
109 56
109 50
111 56
107 64
103 66
101 60
99 52
95 48
93 50
91 54
89 52
87 46
85 41
85 42
83 46
82 48
80 44
78 42
76 41
74 42
72 44
70 41
68 37
66 35
64 35
62 37
60 37
60 33
56 31
58 31
56 33
54 33
52 33
52 31
50 29
48 29
46 29
46 29
44 27
42 25
42 25
41 25
41 25
39 25
37 21
37 19
37 21
37 23
33 23
33 21
33 21
33 21
31 23
31 23
37 29
29 27
19 13
17 1
23 1
29 9
27 19
23 17
23 13
25 11
29 15
27 23
25 25
23 19
25 17
25 15
23 17
23 17
23 17
23 13
23 11
23 11
25 15
25 17
25 15
27 15
27 15
27 17
27 17
27 17
29 17
29 19
29 19
29 19
31 17
31 17
33 19
33 21
33 21
35 19
37 21
37 21
37 21
39 23
41 23
41 25
42 25
42 23
44 23
46 27
48 29
48 31
50 29
52 29
54 31
54 33
54 33
56 35
58 33
60 35
62 35
64 37
66 39
72 46
72 50
62 37
60 19
70 19
80 35
82 50
80 50
80 41
83 37
87 42
89 54
89 60
89 54
91 48
93 46
97 52
99 58
99 58
101 52
105 50
107 52
109 58
113 62
115 62
117 60
119 60
121 64
123 68
125 68
126 68
128 68
130 68
132 72
134 72
138 74
138 72
138 70
146 74
148 80
148 82
150 80
154 80
156 82
158 83
158 85
160 85
164 83
166 83
167 87
169 89
171 91
173 91
177 91
179 91
181 93
183 97
185 97
187 99
187 97
191 99
187 103
203 113
187 111
187 97
189 87
199 89
205 99
205 107
205 107
208 95
212 103
210 109
214 117
216 119
216 115
216 111
218 111
218 117
222 119
222 119
224 115
220 113
228 117
230 121
230 121
232 119
234 119
234 119
236 123
238 126
240 125
240 125
242 123
242 123
244 125
246 128
246 128
246 126
246 126
248 126
248 128
248 130
248 128
250 128
251 128
251 130
251 130
253 130
253 130
253 130
253 130
253 130
253 130
253 130
255 130
255 132
255 134
255 134
255 134
255 134
255 132
255 134
255 134
255 134
259 142
255 142
244 125
244 109
250 111
255 126
253 136
250 134
250 123
253 123
253 130
251 138
248 138
248 130
248 123
248 125
246 130
242 132
244 126
242 121
242 121
242 123
240 126
240 126
238 123
236 121
234 121
234 121
234 125
232 123
230 119
228 117
228 119
226 119
224 119
222 115
220 115
220 113
218 113
216 113
216 111
214 113
212 111
210 111
208 109
207 107
205 107
205 107
201 107
201 105
199 103
197 103
195 101
193 101
191 99
189 99
187 97
185 97
183 95
181 93
179 95
177 95
173 101
171 97
160 82
158 70
164 70
167 80
162 87
156 83
156 78
158 76
156 82
152 87
148 85
146 80
144 74
142 74
138 76
136 76
134 72
134 68
130 66
128 66
126 68
125 68
123 66
121 62
119 62
117 64
115 64
113 62
109 58
107 56
105 56
103 56
101 54
99 52
97 52
95 50
93 50
89 50
89 48
87 46
85 46
83 46
82 46
80 44
78 44
76 42
74 42
72 41
70 39
68 39
68 37
66 39
64 39
62 37
60 35
60 33
58 35
56 35
54 33
52 31
54 33
56 42
48 41
37 19
35 3
42 7
46 23
44 33
41 27
39 17
41 13
41 23
39 33
35 33
35 25
33 17
33 17
31 21
31 23
31 23
29 17
29 13
29 15
29 19
27 21
27 17
27 15
27 15
25 17
25 19
25 17
25 15
23 13
23 13
23 15
25 15
25 17
25 17
23 15
23 15
25 15
25 17
25 17
23 13
25 15
25 15
25 17
25 17
27 17
27 17
27 17
27 17
29 17
31 19
31 21
31 21
31 19
33 21
33 21
33 21
33 21
37 21
41 27
46 37
35 29
29 15
33 7
41 11
46 21
44 27
42 25
46 19
52 23
52 31
52 37
52 35
46 33
54 29
56 31
58 35
60 37
60 35
62 33
64 31
66 35
68 39
70 41
72 39
74 41
74 41
76 42
80 44
82 46
83 46
83 46
78 46
87 48
91 50
91 50
93 50
95 50
99 52
93 54
103 54
105 54
107 56
109 58
111 60
113 60
115 60
119 62
121 64
121 66
123 66
126 66
128 68
130 70
130 70
134 70
138 70
140 74
140 76
142 76
146 78
150 80
152 83
158 93
152 89
146 70
148 60
160 66
166 82
166 93
166 87
167 80
173 80
177 93
177 103
177 103
177 95
181 89
185 93
185 99
185 103
187 97
191 93
193 95
187 101
197 105
201 105
201 103
187 103
203 105
205 107
207 109
203 111
212 109
212 109
214 111
216 113
216 113
220 113
220 115
222 117
224 117
224 117
226 117
228 117
230 119
230 121
232 119
234 121
234 121
236 121
238 123
240 125
240 125
242 125
242 126
242 125
244 126
246 128
246 126
246 128
248 128
250 128
250 130
253 134
255 140
246 132
240 119
244 113
253 119
255 128
251 132
251 128
255 125
255 128
257 134
255 140
253 138
253 130
255 130
255 130
253 134
253 134
253 130
253 126
253 128
253 130
253 132
255 125
253 130
253 128
253 130
253 132
251 134
251 132
251 130
251 128
250 130
250 130
248 128
248 126
246 126
246 126
246 128
244 126
244 125
242 125
242 125
240 126
240 125
240 123
238 123
236 123
234 123
234 123
232 121
230 119
230 119
230 119
228 119
226 119
224 117
222 115
220 117
218 117
218 115
216 115
218 117
218 125
208 117
197 95
199 85
207 91
208 107
203 113
199 103
199 95
201 97
197 105
193 109
191 105
189 99
187 93
183 95
181 97
181 99
179 95
177 89
173 87
173 89
171 91
167 89
166 87
166 83
164 83
160 85
158 85
154 82
156 82
152 80
150 80
146 80
146 78
144 76
140 74
138 72
134 72
134 72
132 72
130 70
126 68
126 66
125 66
121 66
119 64
117 62
115 60
115 62
111 60
107 60
107 58
105 56
103 56
99 54
99 54
95 52
95 52
93 50
91 52
93 56
91 58
78 48
70 33
74 27
78 31
78 41
76 42
72 39
70 33
74 37
72 42
66 46
64 42
62 37
60 33
60 33
58 35
56 35
54 31
52 27
52 25
50 29
50 31
48 31
46 27
46 25
44 27
44 29
41 29
41 25
39 23
39 21
37 21
37 23
37 23
35 21
31 17
33 19
33 21
33 23
31 21
29 17
29 17
29 17
29 19
27 17
25 15
27 15
27 17
25 17
23 17
25 15
25 17
25 17
23 17
23 17
25 17
25 17
25 17
23 17
25 17
25 19
27 23
29 29
23 21
15 3
17 0
25 3
29 17
29 25
25 19
27 11
29 13
31 19
31 27
29 27
31 19
31 15
33 17
33 23
33 25
33 19
35 13
39 17
39 23
39 27
41 25
42 23
42 23
42 23
44 27
46 29
48 29
48 27
50 27
52 29
54 31
54 33
56 31
56 31
60 31
60 33
62 37
64 37
66 37
68 39
70 39
70 39
72 41
76 41
76 41
78 41
80 42
82 44
83 46
85 46
87 46
89 48
91 50
93 50
95 52
99 52
101 56
105 58
109 64
109 66
101 56
99 46
107 42
115 50
119 60
119 62
119 60
123 60
126 64
130 72
130 76
130 74
132 68
134 62
138 70
125 78
142 78
142 74
146 74
148 76
150 80
152 82
156 82
158 82
160 82
162 83
164 85
166 87
167 89
169 89
171 89
175 89
177 93
179 93
179 91
183 93
185 95
187 97
189 99
191 99
193 99
195 101
197 103
197 103
201 103
203 103
203 105
205 105
207 109
208 109
210 109
212 111
212 111
216 111
218 113
220 115
220 117
222 117
224 117
226 119
226 119
232 125
234 130
226 121
220 103
226 97
236 109
240 125
236 128
236 121
238 115
242 119
244 128
244 136
242 132
244 126
246 123
246 126
246 130
246 130
248 126
248 123
248 125
250 128
251 132
251 132
251 128
251 126
251 126
253 130
255 134
253 132
253 130
253 130
255 132
255 132
253 132
253 130
255 130
255 130
255 132
255 132
255 132
255 132
253 130
253 132
253 130
253 132
253 130
253 130
253 130
251 130
251 128
251 128
251 130
250 130
248 130
248 128
248 128
248 128
246 128
244 128
246 130
250 134
246 134
232 123
228 109
232 105
240 113
238 123
232 123
232 117
234 115
234 117
232 126
228 128
228 123
226 117
224 115
222 117
218 117
218 115
218 113
216 109
214 109
214 111
212 111
210 111
208 107
207 105
205 107
203 107
201 107
199 103
197 101
197 101
193 103
191 101
189 99
189 97
185 97
183 95
181 95
181 95
179 93
175 91
173 89
173 91
169 89
167 89
166 87
164 85
162 83
158 82
158 83
156 82
152 82
150 80
148 80
146 78
144 78
142 76
138 74
136 72
136 72
134 74
132 76
132 82
119 68
113 46
117 42
123 54
121 68
115 66
111 58
111 52
111 56
109 62
105 66
103 62
99 52
99 50
97 54
95 56
91 54
89 48
87 44
87 44
83 48
83 48
80 44
80 41
78 41
76 42
74 41
72 41
70 39
68 39
66 37
64 37
62 35
62 33
60 33
58 33
56 33
56 33
54 33
52 31
50 29
50 29
48 29
48 29
46 27
44 25
44 27
42 27
41 25
41 23
41 25
39 25
37 23
35 21
35 21
35 21
33 23
33 21
33 21
33 23
39 31
31 29
19 15
17 3
23 1
29 9
27 17
25 17
25 13
27 9
27 13
27 19
25 25
23 21
23 13
23 11
25 15
23 19
23 17
23 13
25 11
25 13
25 17
25 19
25 17
25 15
25 15
27 17
25 17
27 17
29 17
29 19
29 17
29 17
31 19
31 19
31 19
33 19
33 21
33 21
35 21
35 19
37 21
39 23
39 23
41 23
41 23
42 23
42 23
44 25
46 27
48 29
48 29
50 29
52 31
52 31
54 33
56 33
58 33
58 33
60 35
62 37
64 37
68 44
70 48
62 35
58 17
66 17
76 31
78 44
78 48
78 41
82 37
87 42
87 54
87 58
87 52
91 46
91 44
93 50
95 56
97 54
101 52
103 50
105 52
107 56
109 60
111 60
113 58
115 56
119 62
121 66
123 68
123 68
125 64
128 66
130 70
132 72
134 72
136 70
140 70
140 74
144 76
146 78
148 78
150 78
152 80
154 80
156 83
160 83
160 83
162 83
158 85
167 89
167 89
171 89
175 91
177 93
177 93
179 95
181 95
185 95
187 97
189 101
191 103
199 109
195 107
185 97
187 85
195 85
205 97
205 105
203 107
205 103
210 103
214 109
212 117
212 117
214 113
218 111
218 113
218 115
220 117
222 115
224 113
218 113
226 115
228 119
230 119
232 119
232 119
232 117
236 121
238 125
238 125
238 123
240 123
242 125
242 126
242 126
242 125
246 125
246 126
246 128
246 128
248 128
250 128
250 130
250 128
250 128
251 130
251 130
251 128
253 130
253 132
253 132
253 132
253 132
255 130
255 132
253 132
253 132
255 130
255 130
253 130
255 132
255 134
255 134
259 142
257 144
244 126
242 109
250 111
257 125
255 138
250 134
250 125
253 123
253 130
251 138
250 138
250 132
248 125
248 125
246 128
244 130
244 128
244 125
242 121
242 123
242 126
242 128
240 125
236 123
236 123
236 123
234 125
224 123
232 119
230 119
228 117
228 117
226 119
226 119
224 117
220 115
220 115
218 115
218 115
214 113
214 111
212 109
212 111
208 109
207 107
207 105
205 107
203 107
199 105
197 103
197 103
197 105
191 103
189 101
189 99
187 99
185 97
183 97
181 95
181 97
185 105
173 99
162 83
162 74
166 74
167 82
164 85
160 83
158 78
160 76
160 83
156 87
152 87
148 82
146 76
144 76
140 76
138 78
136 74
134 68
132 66
130 68
128 70
126 68
125 66
123 64
121 64
119 64
117 64
115 62
113 60
109 58
107 56
105 54
103 56
103 54
99 54
97 52
95 50
93 52
91 52
89 50
85 46
85 44
83 44
82 48
78 44
78 42
78 42
76 42
72 42
70 41
70 39
68 39
66 39
64 37
62 37
62 35
60 33
58 33
56 33
56 33
54 35
58 41
52 41
41 21
37 5
35 7
48 21
46 33
35 31
41 21
41 15
42 21
41 29
39 33
37 27
35 17
35 15
33 21
31 25
31 21
29 17
31 13
29 15
29 19
27 19
29 19
29 17
27 17
25 17
25 17
27 17
25 17
25 15
25 15
25 17
23 17
23 15
23 15
23 13
23 13
25 15
25 17
25 17
25 17
25 17
25 17
25 17
25 17
25 15
25 15
27 15
29 17
29 21
29 19
29 19
29 17
31 19
33 21
33 21
33 21
35 19
37 21
39 25
42 33
35 27
27 13
31 7
39 9
42 19
44 25
42 25
44 21
48 21
50 27
52 35
50 35
52 31
52 27
56 27
56 35
58 37
58 35
60 31
0 31
64 33
64 37
66 37
70 39
72 39
74 41
76 42
78 44
80 44
80 44
82 42
85 44
85 46
87 48
89 46
91 48
93 50
95 52
97 52
99 52
103 54
105 56
105 58
107 58
111 58
113 58
115 60
117 64
119 64
121 64
125 66
126 68
126 68
130 68
130 70
134 70
136 72
138 74
126 74
144 78
146 78
140 80
156 91
152 87
144 72
146 58
158 64
164 80
164 91
162 87
166 78
169 78
175 89
175 101
173 99
177 93
179 89
181 91
183 97
183 101
185 97
189 93
191 93
193 97
187 103
197 105
199 103
201 101
203 103
205 107
205 109
207 107
210 107
212 109
212 111
214 111
216 111
218 113
220 113
220 115
222 115
224 117
226 117
226 119
228 119
228 119
232 119
232 121
232 123
234 121
236 121
238 125
238 125
238 125
240 125
242 125
242 126
242 126
244 126
246 128
248 128
248 130
250 128
251 134
257 142
248 134
240 119
242 113
251 117
253 126
251 130
251 128
255 126
255 128
255 132
255 136
255 138
255 134
255 132
253 130
253 132
253 132
253 130
253 128
253 126
253 128
255 130
253 132
253 130
253 130
253 130
253 132
251 130
251 130
253 130
251 130
250 128
177 128
0 128
250 130
240 128
246 128
246 126
246 126
244 126
244 126
242 125
242 123
242 125
240 126
238 125
238 125
236 123
236 123
234 123
232 123
232 121
230 121
228 119
226 119
226 119
224 119
222 117
220 115
218 115
218 115
218 117
220 126
212 119
201 99
201 85
207 91
208 107
205 113
201 107
201 97
201 97
199 105
197 113
193 109
191 99
189 93
187 95
185 99
183 101
179 95
177 87
177 89
175 91
173 93
171 89
169 87
169 87
164 87
162 87
160 85
158 83
158 82
154 82
150 82
150 80
148 78
146 76
142 76
140 74
140 74
136 74
134 72
132 70
130 70
128 70
126 68
123 66
121 64
121 64
119 64
115 64
113 60
113 60
109 58
107 58
103 56
101 56
101 54
99 54
97 54
95 54
93 54
95 56
93 58
82 52
74 37
74 27
80 29
80 39
78 44
74 41
74 35
74 35
74 41
70 44
66 44
64 39
62 33
62 33
60 35
56 35
56 31
54 27
54 27
52 29
52 31
50 29
48 29
46 27
46 27
44 27
42 27
42 25
41 23
39 21
39 21
37 23
37 23
35 21
35 17
35 19
35 21
33 21
31 19
31 17
31 19
21 19
27 19
29 17
29 17
27 17
27 17
25 17
25 15
25 15
27 17
25 17
25 17
25 15
25 15
25 17
23 17
25 17
25 17
23 17
25 19
31 29
23 21
13 3
15 0
25 0
29 13
27 21
25 19
27 9
31 11
33 21
29 29
29 27
29 19
31 15
31 17
31 21
31 23
33 21
35 17
35 17
37 19
39 25
39 27
41 23
41 21
42 23
44 29
44 31
46 29
46 25
50 27
50 29
52 31
52 31
54 29
56 31
56 33
58 35
60 35
62 35
64 37
64 37
66 37
68 37
72 39
74 41
74 41
76 41
78 42
80 44
82 44
82 46
85 46
87 48
89 48
89 50
93 50
97 52
99 56
99 58
105 60
109 66
101 58
97 46
101 42
111 46
117 58
115 64
115 60
121 56
125 60
126 68
128 74
128 74
132 70
134 70
136 70
136 74
138 74
142 72
142 72
144 72
146 76
150 80
154 80
154 80
156 80
160 82
162 83
164 87
166 87
167 87
169 89
171 91
173 93
175 91
177 93
181 93
181 95
183 95
185 97
189 99
191 99
191 99
195 101
197 103
199 103
199 105
201 103
203 103
207 107
207 109
208 109
210 109
212 109
214 111
214 115
216 115
218 115
220 115
222 117
222 119
226 119
230 123
234 130
224 123
218 103
224 95
234 107
238 123
236 128
234 123
238 115
242 119
242 128
242 134
242 132
242 125
244 121
244 123
246 128
246 130
248 126
246 123
248 123
250 128
250 130
251 130
251 130
251 128
253 130
253 132
251 134
253 132
253 130
253 130
253 130
255 132
253 132
255 132
253 130
253 130
255 132
255 132
253 130
253 128
255 128
255 132
253 134
253 132
253 130
253 130
253 130
251 132
251 130
251 130
251 128
251 128
250 128
250 128
248 128
248 128
248 126
246 126
248 130
251 136
246 138
234 126
230 111
236 107
240 115
238 121
236 123
234 119
234 117
234 119
232 123
232 126
228 125
228 119
224 115
224 115
222 117
220 117
218 113
216 109
216 109
214 111
212 113
210 109
210 109
208 107
207 107
205 107
203 105
203 105
201 105
197 103
195 101
195 101
191 99
191 99
189 99
185 97
185 97
183 95
179 95
177 91
175 91
173 89
171 87
169 89
167 89
166 87
164 87
162 85
160 83
158 83
156 82
152 82
150 78
148 78
146 78
144 78
140 76
140 74
138 74
136 74
136 78
136 82
125 72
115 52
109 44
123 52
125 66
111 70
115 64
113 54
113 54
113 62
109 68
105 64
103 54
101 50
99 52
95 56
93 54
91 48
89 42
89 42
85 46
85 48
83 48
82 44
80 42
78 42
76 44
74 44
72 42
70 39
68 37
66 37
66 39
62 37
60 33
60 33
60 33
58 35
56 33
54 31
52 29
50 29
52 29
50 31
46 29
46 29
44 27
42 27
42 27
41 25
41 25
39 23
39 21
37 21
37 23
35 23
35 21
35 21
33 21
33 23
37 29
35 31
23 21
17 5
23 0
29 5
29 15
27 19
25 15
25 9
27 13
29 21
25 25
23 21
25 17
25 15
23 15
23 17
21 17
23 13
23 11
23 11
23 15
25 17
25 17
25 17
25 15
25 15
27 17
27 19
27 19
27 15
27 15
29 19
29 19
29 21
31 19
31 17
33 19
33 21
33 21
35 19
37 21
37 15
37 23
39 23
41 25
42 25
42 25
42 25
44 27
46 27
46 27
48 27
48 29
50 27
52 27
56 31
56 35
58 35
58 35
60 37
62 37
68 44
70 50
60 39
56 19
64 15
74 29
78 44
74 48
76 39
78 33
83 39
87 50
85 58
85 54
87 44
91 42
91 48
93 54
95 54
97 48
101 46
103 50
105 56
107 58
109 58
111 56
113 56
115 58
117 64
119 66
121 64
125 64
126 66
128 68
130 70
132 70
134 70
136 70
138 72
140 74
144 76
146 76
148 76
150 78
152 80
152 82
156 80
160 82
162 83
164 87
164 87
167 87
169 87
171 89
173 91
175 93
177 93
181 93
181 95
183 97
185 97
189 101
197 109
193 109
183 97
185 87
195 87
201 95
201 103
201 105
187 101
207 93
210 107
212 113
212 117
212 109
214 111
216 109
216 113
220 117
220 117
220 115
222 113
226 115
228 119
228 119
230 119
232 117
232 119
234 121
234 123
236 123
238 123
238 121
240 125
242 125
242 126
242 125
244 125
246 126
246 126
246 128
248 128
248 126
248 128
0 128
250 130
251 130
250 130
251 128
251 128
251 130
253 132
253 132
253 132
253 132
255 132
253 132
255 132
255 132
255 132
255 132
255 132
255 132
255 132
261 140
259 146
248 130
242 113
248 109
257 123
257 136
251 136
250 126
253 121
253 126
253 136
250 140
250 134
248 125
248 123
248 128
246 130
244 128
244 123
244 121
244 125
242 126
240 126
240 125
240 123
238 123
236 123
236 125
236 125
234 121
232 119
228 117
230 119
228 119
226 119
224 115
224 115
222 115
220 115
218 115
216 113
216 111
214 111
212 111
210 111
208 109
207 107
205 105
205 105
203 105
201 105
199 105
197 105
195 103
193 101
191 101
189 99
187 99
177 97
183 97
183 99
185 105
177 101
166 87
162 76
167 74
169 78
167 85
164 87
162 83
160 80
160 82
158 87
154 89
150 85
148 78
146 76
144 76
142 76
138 76
138 72
136 70
134 68
130 62
128 70
126 68
126 68
125 66
121 64
119 64
117 62
115 62
111 60
109 58
107 58
107 58
103 56
101 54
99 52
97 52
95 52
93 50
91 48
91 48
87 48
85 46
83 46
83 46
80 46
78 44
76 41
76 41
74 41
72 41
68 39
66 39
66 37
64 37
62 37
60 35
60 37
58 35
58 35
54 33
56 39
56 42
44 27
37 7
42 5
48 19
48 33
44 33
41 21
42 15
44 21
42 31
39 33
37 27
37 19
35 17
35 19
31 23
31 21
31 15
33 13
31 15
29 19
29 21
29 21
27 17
27 15
27 17
25 19
25 17
25 15
25 15
25 17
25 17
23 17
23 15
25 15
23 17
23 17
23 15
25 15
25 17
25 17
23 15
25 15
25 17
25 17
25 17
25 15
27 15
27 17
27 17
27 17
27 17
29 17
31 19
31 19
31 21
33 21
35 21
35 23
37 25
42 33
37 29
27 17
27 5
37 5
42 17
42 25
41 25
42 19
48 21
50 27
48 35
48 35
50 31
52 27
54 29
54 33
54 35
56 33
58 31
60 31
62 33
64 37
66 37
68 39
70 37
70 37
72 39
76 42
78 44
78 42
80 42
82 44
85 46
85 48
87 48
89 48
91 48
93 50
95 52
97 52
99 52
93 52
103 54
107 58
109 60
111 60
113 58
115 60
117 62
119 64
121 64
123 64
126 66
128 68
130 70
132 70
134 70
136 72
138 72
140 72
144 78
146 80
152 89
152 89
142 74
142 60
152 62
160 78
162 87
162 87
162 80
160 78
171 85
173 95
173 99
173 93
175 87
179 87
181 95
181 101
183 97
185 93
189 91
191 97
191 101
193 103
197 101
201 101
201 103
201 107
203 109
207 107
208 107
208 107
210 109
212 111
214 113
214 111
216 111
218 113
220 115
222 117
222 117
224 115
228 115
228 119
230 121
230 121
232 119
234 121
234 121
234 121
236 123
240 125
240 125
240 125
240 125
244 126
244 126
246 128
244 128
246 128
248 128
251 132
255 140
248 136
240 123
242 113
248 115
253 123
251 128
251 130
253 128
255 128
255 130
255 136
255 138
255 136
253 132
253 130
255 132
255 134
253 132
253 128
253 126
253 128
255 132
255 125
255 132
253 130
253 130
253 125
253 132
253 132
251 130
250 128
250 126
251 128
250 128
248 128
0 128
248 128
248 128
248 128
246 128
244 126
244 126
244 126
242 126
240 125
240 125
238 123
238 123
236 123
236 123
234 123
232 121
230 119
230 117
230 119
228 121
226 121
224 119
222 117
222 117
220 117
218 117
222 123
216 123
205 103
199 87
207 87
210 101
208 111
203 109
201 99
203 97
203 105
199 113
195 113
193 103
193 95
191 97
187 99
183 101
183 97
181 89
179 89
177 91
175 93
173 93
171 91
169 87
166 87
166 87
164 87
162 87
158 83
156 82
154 80
154 82
150 82
148 80
146 76
144 76
142 76
138 74
138 74
134 72
132 70
130 70
126 68
126 68
125 66
121 64
119 64
119 64
117 64
113 62
111 60
109 58
107 58
105 58
101 56
99 54
99 54
99 54
95 56
95 56
99 60
87 56
76 42
74 31
80 29
82 37
80 42
76 42
74 39
76 37
76 41
72 44
68 44
66 41
64 35
64 33
60 35
58 35
58 33
56 29
54 27
54 29
52 31
50 31
48 27
48 25
48 27
46 29
44 29
42 25
41 23
42 23
41 25
39 25
37 21
37 21
35 21
35 23
33 21
33 21
33 19
31 19
29 17
29 17
29 17
31 21
29 21
27 19
27 17
27 17
27 17
25 17
25 15
25 15
25 15
25 15
23 15
23 13
25 15
25 17
25 17
25 17
25 19
31 29
25 27
13 7
15 0
23 0
29 11
27 23
25 21
25 13
29 9
31 17
29 25
29 27
29 21
31 15
31 15
29 19
31 23
31 21
33 17
35 17
37 21
37 25
39 25
39 23
41 21
41 23
42 25
42 27
44 27
46 25
46 25
48 25
50 29
52 29
52 29
54 29
56 31
58 31
60 33
60 35
62 33
62 33
66 35
68 39
68 41
70 39
72 39
74 41
76 42
76 42
78 42
82 44
85 46
85 46
87 48
89 48
91 50
93 52
95 52
99 54
103 58
107 66
101 60
93 46
97 39
109 44
113 56
113 62
113 60
117 56
123 58
126 66
126 74
126 74
128 70
130 66
134 68
134 72
136 74
138 72
140 70
144 70
146 76
148 80
150 80
152 80
154 80
156 80
158 83
162 85
164 87
166 87
167 87
169 89
171 89
173 91
175 91
177 91
179 91
181 93
185 97
185 97
187 97
191 97
191 99
193 101
195 101
199 103
201 105
201 105
203 105
205 105
207 109
208 109
210 109
212 109
212 109
216 111
218 113
218 115
220 115
222 117
224 117
226 119
230 128
228 126
218 109
220 97
228 101
236 117
236 128
234 125
236 117
238 115
242 125
242 134
240 134
240 126
242 121
244 123
244 128
244 128
246 126
248 123
248 125
250 128
250 132
250 132
251 130
251 128
251 128
251 130
253 132
253 132
253 130
253 128
253 130
255 132
255 132
253 132
255 130
255 130
255 132
255 134
253 132
255 132
253 130
255 130
253 132
253 132
255 132
253 132
253 130
253 130
253 130
251 132
250 130
250 128
251 128
251 130
250 130
248 130
248 128
248 128
248 130
248 134
251 138
240 130
230 115
232 107
240 111
242 121
238 125
234 123
234 117
236 117
236 123
232 126
228 125
228 119
228 117
226 117
224 119
222 119
220 115
220 113
218 111
216 113
216 115
214 113
210 109
210 109
208 109
207 111
205 109
203 105
201 103
199 101
199 103
197 103
193 99
191 99
191 99
189 99
185 97
185 97
183 95
181 95
177 95
175 93
173 91
171 87
171 87
169 89
166 87
164 87
164 85
160 83
158 83
156 83
154 83
150 80
148 78
146 76
146 76
144 78
140 78
138 76
138 76
140 83
130 80
117 60
117 44
125 48
126 64
121 72
115 66
115 52
117 54
117 62
111 70
107 68
105 58
103 52
101 52
97 56
95 56
95 52
93 46
91 44
89 46
87 50
85 48
83 44
82 42
80 42
78 44
76 44
74 42
74 39
72 39
70 39
66 41
66 39
64 37
62 35
60 35
58 35
58 33
56 33
54 31
52 29
50 31
50 31
48 31
46 29
46 27
46 27
44 27
42 25
41 23
42 25
41 25
39 23
37 23
37 23
37 23
35 23
35 23
35 21
37 27
37 31
27 23
17 7
21 1
27 3
29 13
27 19
25 15
25 11
27 11
27 17
27 23
25 23
23 19
23 13
23 13
23 15
23 17
23 17
23 13
23 11
23 13
25 15
25 17
25 15
25 15
25 15
25 17
25 19
27 17
27 17
27 15
27 17
29 17
29 19
31 19
31 17
31 17
33 19
33 21
33 21
35 21
35 21
37 21
39 23
39 25
39 23
41 23
42 23
44 25
42 25
44 25
48 27
48 29
50 29
50 29
52 31
54 33
56 33
56 33
58 33
60 35
64 39
68 46
62 42
56 25
60 15
68 21
74 39
76 48
74 44
76 37
80 37
83 46
83 54
83 54
85 48
87 42
89 44
91 50
93 54
95 50
97 48
101 48
103 52
103 56
105 56
109 56
113 56
113 60
113 62
111 62
121 66
121 66
123 64
125 66
128 68
130 70
132 72
132 70
136 72
138 72
142 74
142 74
146 76
148 76
150 78
152 80
154 80
158 82
158 82
160 83
162 83
166 85
166 87
169 87
171 89
173 91
175 91
177 93
179 95
181 95
185 97
187 99
191 105
193 109
187 101
183 89
189 85
197 89
201 99
201 103
201 103
205 101
208 103
210 111
210 117
210 115
212 111
214 109
216 113
216 115
216 115
220 113
224 113
224 115
224 117
226 117
228 119
230 119
232 121
232 121
234 121
236 123
236 123
236 123
238 123
240 123
242 125
242 126
242 125
244 125
246 126
246 128
246 128
248 126
248 126
0 128
250 130
250 130
251 130
251 130
251 130
251 130
251 130
253 130
251 128
253 130
253 130
253 130
255 132
255 132
255 132
255 132
255 134
255 134
255 134
257 136
261 144
251 136
244 119
246 107
255 115
250 132
253 138
251 130
251 123
253 123
255 134
251 142
250 138
250 128
250 125
248 126
248 130
246 130
246 126
244 121
244 121
244 125
244 128
242 126
240 123
238 121
238 123
238 125
236 126
236 125
234 121
232 119
232 121
230 121
228 119
226 117
224 117
224 115
222 115
220 115
218 113
218 113
216 113
214 113
212 113
212 111
208 109
207 109
207 107
203 107
203 105
201 103
199 101
197 103
197 103
189 101
191 99
191 101
187 101
185 101
185 99
187 103
183 105
171 95
164 80
166 74
171 78
171 85
166 89
164 83
162 80
164 82
160 85
156 89
154 87
152 82
150 78
148 78
144 78
140 76
140 74
138 70
134 68
134 70
132 72
130 72
128 68
126 66
125 66
121 66
119 62
117 60
117 60
113 60
111 60
107 58
107 56
105 56
101 54
99 54
97 52
97 52
95 50
91 50
89 48
89 48
87 48
83 46
82 44
80 44
80 44
76 42
74 41
74 41
72 41
70 41
64 39
66 39
66 37
64 37
62 37
60 37
58 35
58 35
58 37
60 44
48 35
31 13
42 5
48 13
50 29
44 33
42 25
44 17
44 19
42 29
41 35
39 31
37 23
37 17
35 19
33 23
33 23
31 21
31 15
31 15
31 19
29 21
29 19
29 17
29 15
27 17
27 19
27 19
27 19
25 17
25 15
25 15
25 19
25 19
25 17
23 13
23 13
25 15
23 17
25 17
25 15
25 15
25 15
23 15
23 15
27 15
27 17
25 17
25 17
27 17
27 17
29 17
29 19
29 21
29 21
31 21
31 19
33 19
33 21
37 25
39 29
39 31
31 21
27 9
33 7
39 11
42 19
42 25
41 23
44 21
46 23
48 29
48 33
48 33
48 29
50 25
54 29
54 33
56 33
56 31
58 29
60 31
62 35
64 37
66 37
68 37
70 37
72 39
72 41
76 41
78 42
78 41
78 41
82 41
85 44
87 48
87 48
89 46
91 48
93 50
93 50
97 50
101 52
103 54
103 56
105 56
109 56
111 58
113 60
115 60
117 60
119 62
121 64
123 64
125 66
126 66
132 68
132 72
132 72
136 72
138 72
140 76
142 76
148 82
152 89
144 82
138 64
144 56
156 68
162 83
160 89
160 83
162 76
169 82
171 91
169 97
171 95
173 89
177 87
177 91
179 97
181 97
183 95
187 93
187 93
189 99
191 103
195 101
195 99
199 99
201 105
187 109
205 107
205 107
207 105
208 109
203 111
212 113
214 111
216 109
218 111
218 113
220 113
222 113
224 115
218 117
226 117
228 119
230 119
230 121
232 121
232 121
234 121
236 121
236 123
238 123
238 123
242 125
242 126
242 126
244 126
244 126
246 128
248 130
248 132
3 136
251 138
242 128
238 117
244 111
251 119
253 128
250 130
250 126
255 125
255 128
255 136
253 140
253 134
251 128
257 130
255 134
253 136
253 132
255 128
255 128
253 130
253 132
255 132
255 130
253 128
253 130
255 132
253 132
253 132
251 130
251 128
251 130
251 128
251 130
250 130
250 130
248 128
248 128
246 126
248 128
246 128
244 128
244 126
242 126
242 125
240 126
240 126
238 123
238 123
236 121
236 123
234 123
234 123
232 121
230 119
230 119
228 121
226 119
224 119
222 117
222 117
220 117
224 123
220 126
208 113
203 93
207 87
210 97
210 113
207 115
203 105
203 99
203 101
201 109
199 113
195 109
193 99
191 95
189 97
187 101
185 99
183 93
181 89
179 87
173 91
177 95
173 93
171 89
169 85
167 87
166 89
164 87
162 85
158 82
158 82
154 82
152 82
150 80
148 78
146 76
142 74
142 76
138 74
138 74
136 72
132 70
130 62
128 70
126 68
125 66
121 66
121 64
117 62
115 60
113 60
111 60
109 58
109 60
105 60
103 58
101 56
99 56
97 56
97 56
99 60
93 58
80 46
76 33
80 29
83 37
82 42
78 41
76 41
76 39
76 41
74 44
72 46
68 42
66 39
64 37
62 35
62 37
60 35
58 33
56 29
56 29
54 29
52 29
52 31
50 29
48 29
46 29
46 27
46 27
44 27
42 27
41 25
39 23
39 23
39 23
37 21
35 21
35 19
35 21
33 21
31 19
31 19
31 19
31 19
29 19
29 17
29 17
29 19
27 19
25 17
27 17
27 17
25 17
25 15
25 15
25 17
25 17
25 15
23 17
23 15
25 17
25 19
25 23
27 29
19 17
13 0
17 0
25 3
29 17
27 21
25 15
25 9
29 11
31 23
29 29
27 23
27 15
29 11
31 17
31 23
31 23
31 19
35 15
35 17
35 21
37 23
39 25
39 21
41 21
41 23
42 25
44 27
44 25
44 23
48 25
48 27
48 29
50 29
52 29
54 31
56 33
56 33
58 33
60 33
62 35
62 37
64 37
66 37
70 37
70 39
70 39
74 41
76 41
78 42
80 42
82 44
83 46
85 46
87 48
89 48
91 50
93 52
95 54
99 56
105 62
103 62
95 52
95 42
101 41
111 48
113 58
111 60
113 56
119 56
123 62
125 70
125 74
125 72
128 68
130 68
132 72
134 72
136 72
138 70
140 68
142 70
144 74
148 78
152 80
152 78
154 80
156 82
160 85
160 87
162 87
164 85
167 87
169 89
171 91
171 89
177 89
177 91
181 93
181 95
183 93
187 95
189 97
189 99
189 99
193 99
197 101
197 103
199 103
201 105
205 105
205 107
207 107
207 107
210 109
212 111
214 111
214 111
216 113
218 115
220 115
222 117
222 119
230 126
230 130
220 115
216 99
224 95
234 111
234 125
232 125
234 117
238 115
242 121
240 132
240 134
240 128
242 123
242 121
242 126
244 130
246 128
246 125
246 123
248 125
248 130
250 130
250 130
250 128
251 128
253 130
253 132
251 132
253 130
253 130
253 130
253 130
253 130
255 130
255 130
253 130
253 130
255 132
255 132
255 130
255 132
255 132
255 132
253 132
253 130
253 130
253 132
253 132
253 130
251 128
251 128
251 130
251 130
250 130
250 130
250 130
250 130
248 128
246 126
250 132
253 140
246 138
234 123
232 109
240 109
242 119
240 125
236 123
236 117
238 117
238 121
234 126
232 126
232 123
230 119
228 117
224 119
224 119
222 117
222 113
220 111
218 113
218 113
216 113
214 111
212 111
210 109
208 111
207 109
205 109
205 105
203 105
199 103
197 103
197 103
195 101
191 99
189 97
189 99
187 99
185 97
181 95
179 93
179 93
177 93
173 93
171 89
169 87
167 87
166 87
164 85
162 83
162 83
160 83
156 83
152 82
152 80
150 80
146 80
144 78
142 76
140 76
138 76
125 80
128 82
125 68
111 50
123 46
126 58
126 70
121 70
117 60
117 56
117 58
115 68
111 68
107 62
105 54
103 52
101 54
97 56
97 54
95 50
93 48
83 48
89 50
87 46
85 48
83 44
82 42
80 42
78 42
76 42
76 41
72 39
70 37
70 39
68 39
64 37
64 33
62 33
62 35
60 37
58 35
56 33
56 31
54 31
52 31
48 29
48 29
46 29
46 27
44 27
44 25
44 25
42 25
41 25
39 23
39 23
37 23
37 23
35 23
35 23
35 23
35 25
39 31
33 27
21 15
19 3
25 1
31 9
29 17
27 19
25 13
27 11
29 15
27 21
25 21
25 19
25 15
25 15
25 17
23 17
23 17
25 13
23 11
23 13
23 15
25 15
25 15
25 13
25 15
25 17
25 17
25 17
25 15
27 17
29 19
29 19
29 19
29 17
29 17
31 17
31 19
31 21
31 19
35 19
35 21
37 21
37 23
37 21
39 21
39 23
41 25
41 25
42 25
44 25
46 27
46 29
48 29
48 29
50 29
52 29
54 31
56 33
58 35
58 35
60 35
66 42
66 46
48 33
56 17
64 15
64 31
74 44
72 44
72 39
78 35
82 39
83 50
82 56
83 50
85 44
87 42
87 48
89 50
93 52
95 50
97 48
99 50
103 54
105 58
107 58
109 56
111 56
109 60
115 64
109 64
117 60
121 62
125 66
126 68
126 68
130 68
125 68
132 68
136 72
138 72
142 74
142 74
144 76
146 76
148 78
152 80
154 82
156 80
158 80
162 82
156 87
164 87
166 87
169 87
171 89
173 91
173 91
177 93
179 93
181 93
185 97
189 101
195 111
189 107
181 93
183 83
193 85
199 97
199 103
197 103
203 97
207 101
208 109
208 115
208 115
212 111
214 109
214 111
214 113
216 115
218 113
220 111
220 111
224 113
224 117
226 115
228 115
230 119
232 121
232 123
234 123
234 121
236 123
238 123
238 125
238 123
240 123
242 125
244 125
242 126
244 126
246 125
246 126
246 126
248 128
248 130
250 130
250 130
250 128
251 128
251 128
251 130
253 130
253 130
253 130
253 132
253 132
253 132
255 130
255 132
255 132
255 132
253 130
257 132
257 134
259 144
255 144
246 125
244 109
251 113
257 128
255 138
251 132
251 125
253 123
255 125
253 138
251 140
250 132
250 125
250 125
250 132
248 132
246 128
244 121
248 123
244 126
244 128
242 126
242 123
240 123
240 125
238 126
236 125
236 123
234 121
234 119
232 121
232 121
230 121
228 119
226 117
224 117
224 117
222 115
220 115
220 113
218 115
216 115
214 115
212 111
212 111
210 109
208 109
205 107
205 105
203 105
201 103
199 105
197 103
197 103
193 101
191 101
189 99
189 99
187 101
185 101
189 107
162 93
167 87
167 76
171 76
171 82
169 87
166 85
166 83
164 82
164 85
160 89
158 89
154 83
150 78
150 76
148 78
144 80
140 76
140 70
138 68
134 68
134 72
132 72
130 72
128 68
125 66
125 66
123 68
119 66
117 64
115 60
113 58
111 60
109 60
107 58
103 56
103 54
101 54
97 52
95 52
95 52
93 52
89 50
87 48
85 48
83 46
82 44
80 44
80 44
78 42
74 42
74 42
72 41
70 39
68 39
66 37
64 37
64 37
62 37
60 35
60 35
58 37
62 44
54 42
42 23
41 7
46 7
52 23
48 33
42 31
42 19
44 17
44 25
42 33
41 33
39 27
37 17
37 17
35 23
33 25
33 21
33 15
33 13
31 17
31 21
31 21
31 19
29 15
27 15
27 17
29 19
27 19
25 17
25 15
25 15
25 17
23 17
23 15
23 13
25 15
25 15
23 17
23 17
25 17
25 15
25 15
25 17
25 17
25 17
25 15
25 15
25 17
25 17
25 17
27 17
27 15
29 17
29 19
31 21
31 21
31 21
33 21
35 23
37 25
41 33
33 27
25 13
27 3
35 7
42 17
41 25
39 23
41 21
46 21
48 27
48 33
46 33
48 27
52 25
52 29
52 33
52 33
54 31
58 29
58 31
60 33
62 35
64 37
64 35
66 33
68 35
72 41
74 42
74 42
76 41
78 41
80 42
82 46
82 46
85 46
87 46
89 48
91 48
93 50
95 50
95 48
101 52
101 56
105 58
105 58
109 58
109 58
111 60
115 62
117 64
117 62
121 62
123 64
125 68
126 68
128 68
132 68
134 70
136 72
138 74
142 76
144 80
150 87
146 85
136 68
140 54
152 62
160 78
158 87
158 85
162 78
166 78
167 87
169 97
169 97
171 91
173 87
175 87
177 93
181 99
181 97
183 91
185 91
189 95
191 101
191 103
193 101
197 99
199 101
201 105
201 107
203 107
205 105
207 105
207 107
210 111
212 113
214 113
216 113
216 111
218 115
220 115
222 115
222 115
224 115
226 117
228 119
228 119
230 119
232 119
232 121
234 121
236 123
238 123
238 123
240 125
240 125
234 125
242 126
244 125
244 128
244 128
248 128
0 132
255 142
173 132
238 119
242 111
250 117
251 126
250 130
251 128
253 126
253 128
255 132
255 138
255 136
253 132
253 128
253 128
255 132
253 134
253 130
253 128
255 126
255 130
255 132
253 132
255 130
255 130
255 132
253 134
253 132
253 130
253 130
251 130
250 130
251 130
251 130
250 128
250 128
250 128
248 130
248 130
246 126
246 125
246 126
244 126
244 128
242 126
242 125
240 125
238 125
238 125
236 123
236 123
234 123
234 121
230 121
230 119
230 119
228 119
226 119
224 117
224 117
222 119
222 119
224 126
216 121
205 99
205 87
210 91
214 109
208 117
205 109
205 99
205 97
205 107
203 115
199 113
195 103
195 95
193 97
189 103
185 103
185 97
183 91
183 89
179 93
175 93
177 93
175 91
173 89
169 87
169 89
166 89
164 87
160 83
158 80
156 82
156 83
152 82
150 80
148 76
146 76
144 78
140 76
138 74
138 72
136 72
134 72
130 72
128 70
126 68
125 66
123 64
119 66
119 64
117 62
113 60
111 58
109 58
109 60
105 58
103 56
101 54
101 54
99 56
99 58
97 60
87 52
80 41
80 31
83 35
85 42
82 46
78 42
76 39
78 37
78 42
74 48
70 46
68 41
68 37
66 35
62 37
60 37
60 35
58 31
56 31
54 31
54 31
54 33
52 31
48 29
48 29
48 29
46 29
44 29
42 25
42 25
41 25
41 25
39 23
37 21
37 21
37 21
35 23
33 21
33 19
33 19
33 21
31 19
29 17
31 19
31 19
29 19
27 19
27 17
27 17
27 17
25 17
25 17
25 17
25 17
25 15
25 15
25 17
25 17
25 17
23 17
25 19
31 29
23 25
13 5
15 0
25 0
29 15
27 23
25 19
25 9
29 9
29 19
27 25
27 25
29 19
29 15
29 15
29 21
31 23
33 21
33 17
33 15
35 17
35 21
37 25
37 23
39 21
41 23
41 25
42 27
44 25
44 25
46 25
46 27
46 27
48 27
52 29
52 29
54 29
56 31
58 33
58 35
60 35
60 33
64 35
64 35
66 37
68 37
70 37
72 41
74 41
76 42
78 42
80 42
80 44
82 44
85 46
87 48
89 50
89 50
93 52
95 54
101 60
103 64
95 54
91 42
99 39
107 44
111 56
111 60
111 58
115 56
121 60
123 66
121 70
123 70
126 68
128 68
130 70
130 70
132 70
136 72
138 72
140 72
142 74
146 76
148 78
150 78
152 80
154 82
156 82
158 82
160 83
164 85
164 85
166 85
169 87
173 89
173 91
175 91
177 91
179 93
181 93
183 95
185 95
187 97
189 97
193 99
193 101
195 103
197 101
199 103
201 103
203 107
205 107
207 107
208 107
210 107
212 109
212 111
214 111
218 113
218 115
220 115
222 117
226 121
230 130
222 123
216 103
220 93
230 103
234 119
234 126
232 121
234 113
238 115
240 125
240 134
240 132
240 123
242 119
244 123
244 130
244 130
244 126
246 123
248 123
248 128
248 132
250 130
250 128
251 128
251 130
251 132
251 132
253 132
251 130
251 128
253 130
253 132
253 132
253 130
253 128
255 132
255 134
253 132
255 132
255 130
255 132
255 132
253 132
253 130
255 130
253 130
253 130
253 132
253 132
253 132
251 130
251 128
251 130
251 130
250 130
248 126
250 128
248 128
250 130
251 136
250 138
238 128
232 115
238 109
242 115
242 123
238 125
236 121
236 117
238 119
238 126
234 130
232 126
230 119
230 117
228 119
226 121
224 119
222 113
222 111
220 113
218 115
216 115
216 113
216 111
212 111
210 111
208 109
208 109
205 107
203 105
203 105
201 107
199 105
197 103
195 99
193 99
191 99
189 99
187 99
185 97
183 95
181 95
179 95
171 93
175 91
173 89
171 89
167 89
166 89
164 87
162 85
160 83
158 83
156 82
154 80
152 80
150 80
148 80
146 80
144 78
142 76
142 80
142 87
128 76
119 54
121 44
3 54
128 68
123 74
117 64
119 54
119 56
117 66
113 62
109 66
107 56
107 52
103 54
101 58
99 58
97 52
95 46
93 46
91 48
89 52
87 50
85 46
83 42
82 44
82 46
78 44
76 42
74 41
74 41
70 41
68 39
68 39
68 37
64 37
62 37
60 35
58 33
58 33
58 33
54 33
52 31
52 29
50 29
48 29
48 29
46 27
46 27
44 25
42 25
41 23
42 25
41 25
39 25
37 23
37 21
37 23
35 25
35 25
39 29
37 31
25 19
17 5
23 0
31 9
31 17
27 19
25 15
27 11
29 13
29 21
25 25
25 23
25 17
25 13
25 15
23 17
23 17
23 15
23 11
23 11
25 15
25 17
25 17
25 15
25 13
25 13
25 17
27 19
25 17
25 15
25 15
27 17
27 19
29 19
29 17
31 17
31 19
31 21
33 21
33 21
33 19
35 19
37 21
37 23
37 23
39 23
39 21
41 23
42 23
42 23
44 25
44 25
46 27
48 29
48 29
52 31
52 31
54 31
56 33
56 33
58 33
64 39
62 46
48 37
52 19
52 13
70 25
72 41
72 44
70 39
74 33
78 35
82 46
82 54
82 52
83 46
78 41
87 46
89 52
89 52
91 50
95 46
97 48
93 52
101 56
103 56
107 54
109 56
111 58
111 60
115 62
119 64
119 64
121 64
123 64
126 66
128 68
128 68
130 68
134 70
136 72
138 74
140 72
142 72
146 76
148 78
148 80
150 80
154 80
156 82
158 83
160 83
162 83
166 85
167 87
167 87
171 89
173 91
175 91
177 91
179 93
183 97
185 101
191 107
189 105
181 95
181 85
187 85
195 91
197 99
197 103
199 99
203 101
205 103
207 109
208 113
203 113
210 111
212 109
214 111
214 113
216 113
216 111
220 111
218 113
222 115
224 117
226 117
228 117
230 117
232 121
232 123
234 121
236 123
236 123
236 121
240 123
240 125
240 125
240 125
242 125
244 126
244 126
244 126
246 125
248 126
248 126
248 128
250 128
250 130
251 130
251 130
251 130
251 130
251 130
253 130
253 132
253 130
253 132
255 132
255 132
255 132
255 132
255 132
255 134
255 134
255 136
259 144
248 132
244 113
248 107
255 121
257 136
253 138
251 128
255 123
257 128
255 138
251 140
250 134
251 126
251 125
250 128
248 132
246 128
246 125
246 123
244 125
244 126
244 128
242 126
242 123
240 123
240 125
240 126
238 126
236 123
234 121
234 121
232 123
230 121
228 119
228 117
228 117
220 119
222 117
222 117
222 115
218 115
208 113
216 113
214 113
212 111
212 111
210 111
208 111
207 109
205 107
203 107
201 105
199 105
197 103
195 101
191 99
191 101
191 101
189 101
187 101
191 105
183 105
171 91
166 78
171 76
175 83
173 89
167 89
166 82
167 82
166 87
162 91
158 91
156 85
156 80
152 80
148 80
146 78
146 76
142 74
140 72
138 72
136 72
134 74
134 72
130 70
128 68
126 68
123 68
121 66
119 64
119 62
115 62
113 62
111 58
109 58
107 56
105 56
103 58
99 56
99 54
97 52
95 52
91 50
91 50
89 50
87 46
83 46
82 44
82 44
80 44
76 42
76 41
74 42
72 41
70 41
68 39
68 37
66 39
64 39
60 37
60 35
60 35
64 44
58 46
46 31
41 9
46 7
52 19
50 33
46 35
44 23
44 17
46 21
42 31
41 33
41 29
41 23
37 21
37 21
35 25
35 25
33 19
33 17
33 15
31 19
31 21
31 19
29 17
29 17
29 17
27 19
27 17
29 17
27 17
25 17
25 15
25 15
25 17
25 17
23 15
23 15
23 15
25 17
23 17
23 15
23 15
25 15
25 17
25 17
25 15
25 15
25 17
25 15
27 15
27 15
27 15
27 15
27 17
31 19
31 21
31 21
31 21
33 21
35 25
41 33
35 31
27 17
25 7
33 5
39 13
41 21
39 23
41 21
42 19
44 23
46 31
48 33
48 31
48 27
48 25
46 29
50 31
46 33
54 31
56 29
58 29
60 33
62 37
64 37
66 37
68 37
62 39
70 39
72 39
76 41
76 41
78 41
80 41
82 44
83 44
85 44
87 46
89 46
91 48
93 50
95 52
97 52
99 54
101 54
103 56
105 56
107 56
109 58
113 60
115 62
117 62
119 62
121 64
123 64
125 66
126 68
130 70
130 70
134 70
136 72
138 74
138 76
144 82
148 87
138 74
136 58
144 56
156 72
158 87
156 87
158 80
162 74
167 82
167 91
167 97
167 91
171 85
175 87
175 93
177 97
177 95
181 91
183 91
185 93
187 97
191 99
193 101
195 101
195 101
197 103
201 105
201 107
203 105
205 103
207 105
208 107
210 111
212 109
214 109
216 111
216 113
218 115
218 113
220 113
222 113
226 115
226 117
228 119
230 121
232 121
230 121
232 121
236 123
236 123
236 123
238 123
240 123
240 125
242 126
242 126
244 126
244 126
246 128
248 128
253 138
248 138
238 125
240 115
248 113
251 123
251 132
250 130
250 126
253 125
255 130
255 138
253 138
253 134
253 130
255 130
253 132
251 132
255 132
255 130
253 130
253 128
255 130
255 132
255 132
253 132
253 130
255 132
255 132
253 132
253 130
251 128
253 130
253 130
251 130
250 128
250 128
250 128
248 126
248 126
248 126
248 128
246 130
244 128
244 126
244 126
242 128
240 126
240 125
238 123
238 123
236 123
234 123
234 123
234 121
232 121
230 121
228 119
228 121
226 121
224 119
222 117
222 117
224 123
222 125
208 109
205 93
210 91
216 105
212 115
207 113
207 103
207 97
207 103
203 113
199 115
197 107
197 99
195 97
191 101
189 103
187 101
185 93
185 89
181 91
179 95
179 95
177 93
173 89
173 87
171 89
167 89
166 87
164 87
162 83
160 83
156 82
156 82
152 80
150 80
148 76
146 74
144 76
142 78
140 76
138 72
136 72
132 72
130 70
128 70
126 68
126 66
123 66
121 66
119 64
117 64
115 62
111 60
109 60
107 58
107 58
103 58
103 56
101 56
99 58
103 64
91 58
80 42
80 33
83 31
87 41
83 48
80 44
80 39
80 39
78 42
76 46
72 46
70 42
70 37
66 35
64 37
62 37
62 37
60 33
58 29
56 31
56 33
54 33
52 31
52 27
50 27
50 29
48 29
46 27
44 25
44 25
42 25
41 25
39 23
39 23
39 23
37 21
37 23
35 21
35 21
33 21
33 19
33 19
31 19
29 19
29 17
29 17
29 17
29 19
27 19
27 17
27 17
27 17
25 17
25 17
25 17
25 17
23 15
25 15
25 17
25 19
25 19
29 27
25 25
15 9
13 0
21 0
27 9
29 23
25 21
23 11
27 9
29 17
29 25
27 27
27 21
27 13
31 13
31 19
29 23
29 21
33 15
33 13
35 17
33 21
35 23
37 21
39 21
39 23
39 25
41 25
42 25
44 25
44 23
44 25
46 29
46 27
48 27
50 27
52 29
54 31
56 33
56 33
58 33
60 35
60 37
62 37
64 37
66 37
68 37
68 37
62 37
74 41
76 42
76 42
80 42
82 42
83 46
85 46
87 48
89 50
91 52
93 52
97 56
103 62
95 58
89 44
91 37
101 39
109 50
109 60
109 60
111 56
117 54
121 62
121 72
121 74
123 68
125 64
128 66
128 70
130 74
132 72
136 68
138 68
140 72
142 76
146 78
148 78
150 78
152 78
154 80
156 82
160 83
160 85
162 85
166 87
167 87
169 89
169 87
173 89
175 91
177 91
179 93
181 93
185 97
185 99
187 99
189 97
193 99
193 101
195 103
197 103
199 103
201 103
203 105
205 105
207 107
208 109
210 109
210 111
212 111
214 111
216 113
218 115
218 115
222 115
228 126
222 125
214 107
216 95
226 101
234 117
232 126
230 123
232 115
236 115
238 123
238 130
238 130
240 126
242 123
242 123
242 126
244 130
244 126
246 125
246 123
248 125
248 128
0 130
250 128
250 126
251 128
251 130
251 132
251 130
251 130
253 130
253 130
253 132
253 132
253 130
253 130
255 130
253 130
255 132
255 134
255 132
255 132
255 132
255 132
253 132
253 132
253 128
253 130
255 130
253 132
251 132
251 130
251 130
251 130
251 130
250 130
251 130
250 128
250 128
248 128
250 132
255 140
242 132
232 119
234 109
244 113
244 121
240 126
236 121
238 119
240 119
238 125
236 128
234 126
232 121
230 117
230 117
228 121
224 121
224 117
222 113
220 111
220 113
218 115
216 111
216 111
216 111
214 113
210 111
208 111
208 109
207 107
205 107
201 107
199 103
199 101
197 101
195 101
193 101
191 99
189 99
187 99
185 97
183 97
181 95
179 95
177 93
173 89
173 89
171 89
169 89
166 89
164 85
164 85
162 85
158 85
156 83
154 82
152 82
150 80
142 80
146 80
144 80
142 80
144 87
134 80
123 60
123 48
128 52
130 66
126 74
121 68
119 56
121 54
121 64
119 72
113 72
109 62
109 54
107 54
105 58
101 60
99 56
97 48
95 46
95 50
91 52
89 50
87 48
87 44
83 46
82 46
82 46
80 46
76 42
74 39
74 39
72 41
68 41
68 39
66 37
64 35
64 35
62 37
60 35
58 33
56 33
56 33
52 31
52 31
50 29
50 29
48 29
44 25
46 25
46 27
44 27
41 25
41 25
41 25
39 25
39 25
37 23
37 21
37 23
39 29
37 31
27 23
19 9
23 1
29 5
31 13
29 17
27 17
27 13
29 13
29 19
27 23
25 23
25 17
25 13
25 15
23 15
21 17
15 15
25 15
23 15
23 15
23 15
25 17
25 17
25 15
23 15
25 17
27 17
27 19
25 17
25 17
27 17
27 17
29 19
27 17
29 17
29 19
31 17
31 17
31 17
33 19
33 21
35 21
35 21
37 23
39 23
39 23
39 23
41 23
41 25
42 23
42 25
44 25
48 29
48 29
48 29
50 29
52 31
54 33
54 35
56 35
58 37
64 46
58 41
50 23
54 11
66 19
72 37
70 46
68 41
72 33
78 35
82 46
80 54
78 52
82 44
83 41
85 44
85 48
87 50
91 48
93 46
95 44
97 50
93 56
101 56
103 56
101 52
109 56
111 60
111 62
113 60
115 58
119 62
121 66
123 68
125 66
128 66
130 66
132 68
132 70
136 72
138 74
140 74
140 72
144 74
146 76
150 80
150 80
152 80
156 82
158 82
160 83
162 85
164 87
166 87
167 87
171 89
173 89
175 91
177 93
179 93
181 95
187 101
191 107
179 97
177 85
185 82
193 87
197 99
195 103
195 99
201 97
205 103
207 109
205 113
207 111
210 109
212 109
210 111
212 113
214 113
216 111
218 109
220 111
222 113
224 117
224 117
226 115
228 117
230 121
230 123
230 121
232 119
236 121
236 123
236 125
238 125
240 123
242 125
242 125
242 125
244 125
244 125
246 125
246 126
246 128
248 128
250 130
250 128
250 128
250 130
251 130
251 130
251 130
251 128
251 128
255 132
253 134
253 132
253 132
255 130
255 132
255 134
255 134
255 134
259 138
259 140
250 136
242 117
246 107
3 117
257 130
255 138
251 132
250 125
255 125
255 134
253 142
251 138
250 128
251 125
251 126
250 132
248 132
248 126
246 121
246 123
246 126
244 130
244 126
242 123
244 123
242 125
240 126
238 126
238 123
236 123
234 123
232 123
232 123
232 121
230 119
228 117
226 117
226 117
224 117
222 117
220 113
220 115
220 115
216 115
214 113
214 111
212 109
210 109
208 109
207 107
205 107
203 105
203 107
199 105
199 105
197 105
195 103
191 99
191 99
189 101
191 105
187 107
175 95
169 80
171 76
177 80
175 89
169 91
169 87
167 83
167 83
164 87
162 91
160 89
156 85
154 80
154 80
150 82
146 80
144 76
144 72
142 72
138 74
136 74
136 72
134 70
130 70
126 70
126 68
125 68
123 66
121 66
117 64
115 62
113 62
111 60
109 58
107 56
105 54
103 54
101 54
99 54
97 54
95 52
93 50
91 50
89 48
87 48
85 46
83 44
80 44
80 44
78 42
76 41
74 41
72 39
70 39
70 39
68 41
64 39
64 35
64 37
62 37
62 42
62 46
52 37
42 15
46 7
52 15
54 31
48 35
44 27
44 19
46 21
46 31
42 35
41 31
41 25
41 21
37 23
35 25
35 25
35 21
35 17
33 17
31 19
33 21
31 21
31 17
29 17
29 17
29 19
27 21
27 19
25 15
25 15
27 17
25 17
25 17
25 17
25 15
25 17
23 17
23 17
25 17
25 15
23 13
23 15
25 15
25 17
25 17
25 15
25 15
25 17
27 17
25 17
25 17
27 15
29 17
29 19
29 19
29 19
31 19
33 21
33 23
37 29
37 33
27 21
23 7
29 3
37 9
41 21
39 25
39 21
41 17
44 21
46 29
44 35
44 31
46 27
48 25
50 27
50 31
52 33
52 29
54 27
56 29
58 33
60 35
62 37
62 35
64 33
68 37
68 39
70 41
72 41
74 41
76 41
78 42
80 44
82 44
83 44
85 44
85 46
87 46
91 48
95 50
95 50
97 52
99 52
101 54
103 56
105 56
107 56
109 58
111 58
115 60
115 60
117 62
121 64
121 64
125 64
126 66
128 70
132 70
132 70
134 72
138 74
144 82
146 85
138 76
134 58
142 54
152 68
156 83
154 87
156 80
160 76
164 80
166 89
166 95
167 93
167 87
171 85
173 87
175 95
177 95
179 91
181 87
183 89
187 97
187 101
189 99
193 97
195 99
197 103
197 105
199 105
201 103
203 103
205 105
205 107
207 107
210 109
