40000 10000000 8388 250
125 68
128 68
125 72
140 78
140 82
130 72
130 60
140 58
150 66
152 78
152 82
154 78
162 76
166 82
166 89
167 95
171 93
173 89
175 89
179 91
181 95
183 97
185 95
189 93
191 95
195 99
197 103
199 103
203 101
205 105
207 107
208 109
210 111
214 111
216 113
216 113
218 115
220 115
224 115
226 117
226 117
230 119
232 121
234 121
236 121
236 121
238 123
240 123
242 125
242 125
244 125
246 128
246 130
246 126
248 126
250 128
251 130
251 132
251 130
251 128
253 130
253 132
253 134
253 132
255 132
255 132
261 140
259 144
248 130
244 111
250 107
257 123
257 136
253 136
253 128
255 123
255 128
253 138
251 140
250 134
250 126
248 123
248 128
246 132
244 130
244 125
244 119
242 123
240 126
238 126
236 123
238 121
236 121
234 123
230 123
230 121
228 119
226 119
222 117
220 117
218 115
218 113
216 113
214 111
212 111
208 111
207 109
205 105
201 103
199 103
197 105
195 103
187 101
189 99
187 97
183 97
181 95
179 93
175 91
171 91
169 89
167 89
164 89
162 87
158 83
156 82
156 82
154 85
156 91
144 85
132 70
128 58
134 58
134 64
130 68
126 68
123 62
123 60
121 64
119 68
113 68
111 62
107 56
103 54
101 56
97 56
95 54
91 48
89 44
87 44
85 48
83 46
80 44
78 42
76 41
72 41
72 41
68 41
66 37
62 35
60 33
60 35
58 33
54 33
52 29
52 27
50 27
48 29
46 29
44 27
44 23
42 25
41 25
39 25
37 23
35 21
33 19
33 19
33 19
31 19
31 19
29 17
29 17
29 17
27 19
27 17
25 17
25 15
25 15
27 17
27 19
29 29
25 27
13 7
13 0
21 0
27 13
27 23
23 19
23 9
27 7
29 15
29 27
27 27
27 19
29 13
31 15
31 21
31 25
33 21
35 15
37 15
37 19
31 23
41 25
42 23
42 23
44 25
46 29
48 31
50 29
52 29
52 27
56 29
58 35
60 37
60 35
64 33
66 35
68 39
70 41
74 41
76 41
78 42
80 42
83 44
85 46
89 48
91 48
93 50
95 50
97 52
103 54
105 56
109 58
111 60
113 60
117 62
119 64
123 66
125 68
128 70
134 74
138 80
132 76
126 62
134 56
144 62
150 74
150 82
152 78
156 76
162 78
158 87
166 93
166 91
171 89
175 89
175 91
177 95
171 95
183 95
187 93
189 95
187 99
187 101
197 103
199 103
201 103
203 103
207 107
208 109
210 111
212 109
216 109
218 113
220 115
220 115
224 115
226 115
228 119
230 119
230 121
234 121
236 121
236 123
238 123
240 125
242 125
242 126
244 126
244 125
246 125
248 128
250 130
248 130
250 130
251 130
251 130
251 132
251 130
253 132
255 125
255 125
255 125
257 138
261 146
251 136
244 117
248 109
5 119
257 134
250 138
251 130
253 123
255 125
255 134
253 142
251 138
251 130
251 125
248 126
248 132
246 132
244 126
244 121
244 121
244 125
242 128
240 126
238 123
236 121
236 123
234 125
230 123
228 119
228 115
226 115
224 117
222 119
218 115
218 113
216 111
214 111
210 111
208 111
207 109
205 105
203 105
199 107
197 105
193 103
191 99
189 99
187 99
183 95
179 93
179 93
177 93
173 93
169 91
167 87
166 87
164 87
160 85
156 85
154 83
156 87
150 87
136 76
130 60
134 56
132 62
134 68
128 70
126 64
126 62
125 64
111 62
115 68
113 66
111 60
107 56
103 54
101 56
99 56
95 52
91 46
89 44
87 48
85 48
82 46
80 42
78 41
76 41
74 42
72 41
70 41
66 37
64 37
62 35
60 35
58 33
56 31
54 29
50 27
50 29
48 29
46 27
44 25
44 27
42 27
41 25
39 23
37 23
37 23
35 21
33 19
33 19
33 19
31 19
29 19
29 19
29 17
27 17
27 17
25 17
25 15
27 17
25 19
31 27
29 29
17 15
13 0
19 0
25 5
27 19
25 21
23 13
25 7
27 11
29 23
27 29
27 23
27 15
29 13
31 17
29 23
31 21
33 17
31 15
37 17
37 23
39 25
41 25
42 23
42 23
42 25
46 27
48 29
50 31
52 29
52 29
56 31
58 33
58 35
60 35
62 33
66 33
70 39
70 41
72 41
76 41
78 42
82 44
82 44
85 46
87 46
91 48
93 48
95 50
99 54
101 54
105 56
107 56
111 60
113 60
115 60
119 62
123 64
125 70
130 72
138 80
132 76
126 64
128 56
138 58
146 66
148 76
150 80
152 76
158 76
162 82
164 87
164 89
167 89
171 87
173 91
175 93
177 95
179 93
183 93
185 93
189 97
191 99
195 101
197 101
199 103
203 105
205 107
207 107
208 109
212 109
212 109
214 109
218 113
220 115
220 115
222 115
224 115
228 117
230 121
230 121
232 119
236 121
236 123
238 125
238 125
242 125
242 126
244 126
244 126
246 126
248 128
248 128
248 126
251 128
251 132
251 132
251 132
251 130
255 130
255 134
255 134
255 136
259 142
255 142
246 125
244 109
251 113
259 128
257 138
251 134
253 125
255 125
255 130
255 140
251 140
251 134
251 126
250 126
248 130
246 132
246 128
246 123
244 119
244 123
244 126
242 128
238 125
238 121
236 121
236 123
234 125
230 121
228 117
228 117
228 119
224 119
220 117
218 113
218 113
216 113
212 113
210 109
208 109
207 109
205 107
201 105
199 105
197 105
195 103
189 99
189 97
189 99
185 99
181 93
177 93
177 93
173 93
169 91
167 89
164 87
162 85
160 85
158 85
158 87
158 91
144 80
134 66
134 58
138 60
138 68
134 72
128 70
126 64
126 64
123 68
119 70
115 68
113 62
111 56
107 58
103 56
101 56
97 52
97 50
93 48
89 48
87 48
85 46
83 46
80 44
78 42
76 42
74 42
70 41
68 37
66 35
64 35
62 37
60 35
58 33
56 31
54 31
52 31
50 31
48 29
46 27
44 25
42 25
42 25
41 25
39 23
37 21
37 21
35 21
33 19
33 17
33 19
33 21
29 21
29 19
27 17
29 17
27 19
25 17
25 17
25 17
27 21
31 31
21 23
11 3
15 0
23 0
27 15
25 21
23 17
25 9
27 9
27 17
29 25
29 27
29 21
27 13
29 13
29 21
31 23
31 21
33 15
35 15
37 19
37 25
37 25
41 23
42 23
42 23
44 27
44 27
46 25
50 27
52 29
54 31
54 33
58 33
60 33
62 35
64 35
66 37
68 37
72 39
72 41
76 42
78 42
80 42
82 44
85 46
89 48
91 48
93 48
95 50
99 52
101 54
103 54
107 56
111 60
113 62
115 64
119 64
123 66
126 70
132 76
132 78
125 68
125 58
132 56
142 64
146 74
146 78
150 76
154 74
158 80
160 85
164 91
166 91
167 87
169 87
173 89
175 93
179 95
181 95
183 91
187 93
189 97
191 101
193 103
197 101
201 103
203 105
205 109
207 109
208 109
210 109
212 109
214 109
216 111
220 115
222 115
222 117
224 117
228 119
230 119
230 119
232 119
236 121
238 123
238 125
238 123
242 121
244 125
244 128
244 128
246 126
248 126
250 128
250 130
250 130
251 130
251 130
253 130
253 130
253 132
253 134
253 132
257 138
257 140
251 132
244 115
250 111
255 121
259 134
255 136
251 130
255 123
255 126
255 136
253 140
251 136
250 126
251 125
250 128
248 132
248 130
246 125
244 121
246 125
244 126
242 126
242 125
240 123
238 123
236 123
236 125
234 123
230 121
228 119
228 119
228 119
224 117
220 117
218 113
218 111
216 113
214 113
210 111
208 107
208 107
207 107
201 107
199 105
197 101
195 101
193 101
189 101
185 99
183 95
181 95
179 93
175 93
173 91
169 89
167 87
166 87
162 85
160 85
158 85
160 89
154 87
140 76
134 62
136 58
138 64
138 72
132 72
128 66
128 62
126 64
125 70
119 72
115 66
113 60
111 56
107 58
103 58
99 56
97 50
95 48
93 48
89 48
87 50
87 48
83 46
80 42
78 42
76 44
74 44
70 42
68 39
66 37
64 37
62 37
58 35
56 31
56 31
54 31
52 33
50 29
48 29
46 27
44 27
42 25
41 25
41 23
39 23
39 23
37 23
35 23
33 21
33 21
31 19
31 21
29 19
29 19
27 17
29 17
27 17
27 17
25 19
25 17
31 25
29 29
15 13
11 0
19 0
27 9
27 21
23 21
23 11
27 5
29 15
29 25
25 27
27 21
29 15
29 13
29 19
29 23
31 21
31 17
33 15
33 17
37 21
39 25
39 25
39 21
41 21
44 25
44 29
46 29
48 27
48 27
52 29
52 31
54 31
58 31
60 33
62 35
62 35
66 37
68 39
72 41
72 39
74 39
80 41
82 44
83 46
85 46
87 46
91 50
93 50
95 52
99 52
93 54
103 56
107 58
109 58
113 60
117 60
119 62
121 66
1 72
134 80
125 74
123 62
1 52
128 56
144 68
144 76
144 76
150 72
156 74
160 82
160 89
162 89
166 87
169 83
169 87
171 91
173 91
177 91
181 91
183 91
185 95
189 99
193 101
195 99
197 99
199 101
203 105
205 109
207 107
208 107
210 109
214 111
214 113
216 113
220 113
222 115
222 115
218 117
228 119
230 121
232 119
232 121
234 121
236 123
238 125
238 125
242 125
242 125
244 125
244 126
246 125
248 128
250 128
248 128
250 128
251 130
251 130
251 132
251 132
253 130
255 132
255 134
259 144
253 140
246 123
246 109
253 115
259 130
255 138
251 134
253 126
255 125
255 130
255 140
253 140
251 132
250 126
251 126
250 130
248 132
246 128
246 123
246 123
244 125
242 126
242 126
242 125
240 123
238 123
236 125
234 125
234 121
232 121
228 119
226 115
226 117
224 119
222 117
220 113
218 111
216 113
214 113
210 111
208 109
208 107
205 107
201 107
199 103
199 105
195 103
191 101
189 99
187 97
185 97
181 95
177 93
175 91
173 91
171 89
167 87
166 87
166 89
162 89
160 91
158 93
146 82
136 68
138 60
140 64
140 70
136 72
132 68
128 64
128 64
128 70
123 74
119 70
115 62
113 58
111 58
107 60
103 58
99 54
99 50
95 48
93 48
91 50
87 50
87 46
83 44
80 42
80 44
78 44
74 42
70 39
68 37
68 37
64 37
62 37
58 33
56 31
56 31
54 31
52 31
48 31
48 27
46 25
44 27
44 27
41 27
41 25
39 23
37 21
35 21
35 23
35 23
33 21
31 19
31 17
31 19
29 21
27 21
27 19
29 17
27 19
25 19
27 21
29 27
23 19
13 1
15 0
23 1
29 17
25 23
23 17
23 7
27 9
29 19
27 25
27 25
27 19
27 15
29 15
29 21
29 23
31 19
31 15
33 15
33 19
35 23
37 25
39 23
39 21
42 23
44 27
44 29
46 29
48 25
50 27
52 29
52 31
54 31
58 31
60 33
60 35
64 37
66 37
70 39
70 41
72 41
76 41
78 41
80 42
83 44
85 46
87 48
91 48
95 50
95 50
97 52
93 54
103 54
107 56
111 58
113 60
115 62
121 64
123 66
128 74
130 78
123 68
121 56
128 54
138 62
142 72
144 78
146 76
150 72
156 76
158 85
160 91
160 87
164 85
167 83
169 87
171 91
173 93
177 91
181 89
183 91
185 95
189 99
191 97
195 99
197 101
201 103
203 107
205 107
207 107
208 107
210 109
212 111
214 111
216 111
218 111
222 115
224 117
224 117
226 117
230 117
232 119
234 121
234 121
236 123
238 123
240 123
240 123
242 125
244 126
244 126
246 128
248 128
248 128
250 130
250 128
251 128
251 130
253 132
253 132
253 130
255 132
255 136
259 146
248 130
242 113
250 107
257 123
257 136
253 136
253 128
255 123
257 126
257 138
253 142
251 136
251 126
251 125
250 130
250 134
248 130
248 125
248 123
248 123
246 128
244 128
242 126
242 123
240 121
238 125
236 126
234 125
234 121
232 119
230 119
228 121
226 119
224 117
220 113
220 113
218 113
216 115
214 113
210 111
208 109
207 109
205 109
193 107
199 103
197 103
195 101
193 101
189 101
185 97
185 95
183 95
179 95
175 93
173 91
171 89
167 87
166 87
164 89
162 89
164 93
154 89
140 74
138 64
140 62
142 68
140 74
134 72
132 66
132 64
130 68
126 72
123 72
119 66
115 60
113 58
111 60
107 62
103 58
99 52
99 48
97 50
93 52
89 50
87 48
85 46
83 44
80 44
78 44
76 42
74 41
72 39
68 39
66 37
64 37
62 35
60 33
56 31
56 31
56 33
52 31
48 29
48 27
46 27
44 29
42 27
41 25
41 23
39 21
37 21
37 21
35 23
35 23
33 21
31 19
31 19
31 21
29 21
27 19
27 19
27 19
27 19
25 19
31 27
27 29
15 11
13 0
21 0
27 9
29 23
23 21
23 13
25 7
29 13
27 23
27 27
25 23
25 13
29 13
29 17
29 23
27 19
29 13
33 13
33 19
33 23
35 23
37 21
41 21
41 23
41 25
42 27
44 27
46 27
46 25
48 27
52 31
46 31
56 31
58 31
58 33
62 35
64 37
66 37
62 37
70 39
72 39
76 41
80 44
80 44
82 44
85 46
87 46
91 50
93 50
95 50
97 52
93 52
105 56
107 58
109 58
113 60
115 60
119 64
125 72
128 78
125 74
119 62
125 52
132 56
138 68
140 74
144 76
146 72
152 74
156 80
158 87
160 89
162 85
164 83
167 85
169 89
171 91
173 89
179 89
181 89
183 93
185 97
189 99
191 99
195 99
197 101
199 103
201 105
203 105
207 105
208 107
210 111
212 111
214 111
218 113
220 113
220 115
222 117
226 117
228 117
230 119
230 121
232 121
234 121
236 121
238 123
238 125
240 125
242 125
244 126
246 126
246 128
246 126
248 126
250 130
250 130
250 130
251 130
253 132
253 132
253 134
255 134
261 142
253 138
244 119
244 107
255 115
259 130
255 138
251 132
255 125
257 126
257 134
253 142
253 138
251 130
251 126
251 128
250 132
248 132
248 128
248 125
246 123
246 126
246 128
244 128
242 125
240 123
240 125
240 125
236 125
234 123
234 119
232 121
230 121
228 119
226 119
224 117
222 115
220 113
216 113
216 111
214 113
212 113
208 109
205 107
205 107
203 107
201 105
197 103
195 101
193 101
189 99
185 99
185 97
181 95
179 93
175 93
173 91
171 89
167 89
166 87
162 87
164 91
162 95
148 82
138 66
142 60
146 66
144 74
138 76
134 70
134 64
134 68
128 72
125 74
121 70
119 64
117 60
113 60
109 60
107 58
105 54
103 50
99 52
97 52
93 52
91 50
87 46
85 44
83 44
82 46
80 46
76 42
74 41
72 39
70 41
66 39
64 37
62 35
60 33
58 33
56 33
54 33
52 31
50 29
48 27
46 27
44 27
42 25
41 25
41 23
39 21
37 21
37 23
35 23
35 23
33 21
31 19
31 21
31 21
29 21
29 19
27 17
27 17
27 19
29 23
29 31
19 17
13 0
17 0
25 3
27 19
25 23
23 17
25 9
27 11
27 19
27 27
27 25
25 15
25 11
27 13
27 21
29 23
29 17
31 13
31 13
33 19
33 23
37 23
39 21
39 19
39 21
41 25
44 27
44 27
46 25
48 25
48 27
50 29
52 29
56 31
58 31
58 33
60 35
64 37
66 37
68 37
70 39
72 41
74 41
76 41
80 41
83 44
85 46
87 48
89 48
93 50
95 52
97 52
101 54
105 56
107 56
109 58
111 58
115 60
121 66
128 76
125 74
119 62
119 54
130 54
136 64
138 72
140 74
142 72
148 70
152 76
154 83
156 87
158 85
160 83
156 83
167 87
169 89
171 89
175 87
177 89
179 93
183 95
185 97
189 97
191 99
187 99
197 101
199 103
203 105
205 107
207 107
208 109
210 109
214 111
216 111
216 113
218 113
220 113
224 117
226 119
226 117
228 117
232 121
234 123
234 123
236 123
238 123
240 125
240 125
242 125
244 126
244 126
246 128
246 128
248 128
250 130
250 130
251 130
251 130
253 130
253 132
253 134
259 140
257 144
246 126
244 111
250 109
259 126
257 138
253 138
253 126
255 123
259 130
255 140
253 140
253 134
253 126
251 126
251 132
250 134
250 130
250 126
248 125
248 125
246 128
246 128
244 126
242 125
240 123
238 125
240 126
238 125
234 123
232 119
232 119
230 121
228 121
226 117
224 117
222 115
220 115
218 115
216 113
214 111
212 111
208 109
207 109
205 107
203 107
199 105
197 101
195 101
193 101
189 99
185 97
185 97
183 97
179 97
175 95
173 91
171 89
169 89
166 89
166 91
164 95
154 87
142 72
142 62
146 64
146 72
142 76
138 72
136 68
136 66
134 72
128 76
125 74
121 66
119 60
117 60
113 64
109 64
107 58
105 54
101 52
99 52
95 52
95 52
93 50
87 48
85 46
83 46
82 46
78 44
76 41
74 41
72 39
70 39
66 39
64 37
62 35
60 33
58 33
54 31
56 33
52 31
50 31
48 27
46 27
44 29
44 27
41 25
41 23
39 23
39 23
31 23
35 21
33 21
33 21
33 21
29 21
29 19
29 19
29 17
27 19
27 19
27 23
31 29
25 23
13 5
15 0
23 1
29 15
25 23
21 17
23 9
27 9
27 17
27 25
25 23
25 17
27 13
27 15
27 19
27 21
29 19
29 15
29 13
33 17
33 23
35 23
35 19
37 17
41 21
41 25
41 27
42 25
44 23
46 23
46 25
48 27
52 31
54 31
54 29
56 31
58 33
62 35
64 37
64 37
68 37
70 39
74 41
74 42
78 42
80 42
82 42
83 46
87 48
91 50
93 52
95 52
99 52
101 54
105 56
107 58
111 60
113 62
117 64
125 70
125 76
117 66
115 52
125 50
134 60
136 72
136 74
138 70
144 70
150 76
152 83
152 85
156 83
160 82
162 83
164 87
166 89
169 89
171 87
175 87
177 89
181 93
183 95
185 95
189 95
191 99
195 101
197 105
199 105
201 105
205 105
207 107
208 107
210 109
212 111
214 111
216 109
220 113
222 115
224 117
226 117
228 117
230 117
230 121
234 121
236 123
236 123
238 123
240 123
242 125
242 128
242 126
244 126
246 126
246 126
248 126
250 130
250 130
251 130
251 130
251 130
253 132
259 138
259 146
248 130
244 113
1 109
250 123
257 136
253 138
253 128
255 123
257 128
255 138
255 142
253 136
251 128
251 126
251 130
250 132
250 130
250 125
250 125
248 126
248 130
246 130
246 126
246 125
242 125
242 126
238 126
238 125
238 123
236 121
232 121
232 121
230 119
228 119
226 117
224 117
222 117
220 117
218 115
216 111
214 109
212 111
210 111
207 109
205 107
203 105
201 105
197 105
195 101
193 101
189 99
187 97
183 95
183 95
179 95
177 93
173 91
171 89
169 89
167 93
169 99
158 91
146 76
144 64
148 64
150 70
146 76
142 76
138 70
138 68
136 72
132 76
128 76
125 70
121 64
119 62
117 64
113 64
109 60
107 56
105 54
103 54
99 54
95 54
93 50
91 48
89 48
85 48
82 44
82 44
78 44
76 42
74 42
72 41
70 41
68 39
64 37
62 37
60 35
58 33
56 33
54 31
52 31
50 31
48 29
46 27
44 27
44 27
42 25
41 25
39 23
39 23
37 23
33 21
33 19
33 19
33 21
31 21
29 19
29 17
29 19
29 21
27 21
31 29
25 25
15 7
15 0
21 0
27 13
27 23
23 19
23 9
25 7
27 17
27 25
25 27
23 17
25 11
25 11
25 17
27 21
29 19
29 15
29 13
31 17
33 21
33 23
35 21
37 19
37 19
39 23
41 25
41 25
42 25
44 23
46 25
46 27
48 31
50 29
54 29
56 29
56 31
58 33
62 35
64 37
66 37
68 39
70 39
72 41
76 42
78 42
78 44
82 44
85 46
87 46
89 48
93 50
95 52
99 52
93 54
103 54
107 58
109 60
113 62
119 68
123 74
117 66
111 54
119 46
130 54
134 68
134 72
136 70
140 68
146 72
150 80
150 87
152 85
156 80
160 80
162 85
162 87
166 87
169 85
173 85
175 89
177 93
179 95
183 95
187 95
189 95
191 99
193 99
197 103
199 103
201 103
203 105
205 107
208 109
210 109
212 109
216 111
218 113
218 113
220 115
224 117
226 117
226 117
228 119
232 121
232 121
234 123
236 121
236 121
240 123
240 125
242 125
244 126
246 128
246 128
248 128
248 130
248 130
250 132
251 130
251 130
251 130
257 138
259 146
248 134
242 113
250 109
257 121
257 136
253 138
253 130
255 125
257 128
255 136
253 140
255 138
253 130
253 128
251 130
251 134
251 134
250 128
248 125
248 125
248 126
248 128
248 128
244 125
244 125
244 125
242 126
240 126
238 123
236 123
236 123
234 123
230 121
230 119
228 117
226 117
224 117
222 117
220 115
218 115
216 113
214 113
212 111
210 111
207 109
203 107
201 103
201 105
197 105
195 103
193 99
191 99
189 99
185 99
181 97
179 95
177 93
175 91
171 91
169 93
173 99
164 95
150 82
146 66
152 66
152 72
148 78
142 76
140 70
142 68
138 72
134 76
130 76
128 72
125 66
121 64
119 64
115 64
113 60
109 56
107 54
105 56
103 56
99 54
95 52
95 50
91 50
89 50
85 48
83 46
82 44
78 42
76 42
74 42
72 41
70 39
62 39
64 37
62 35
60 35
58 35
56 33
52 29
52 31
50 31
48 31
46 29
44 27
44 25
42 25
41 25
39 25
39 23
37 23
35 21
33 21
33 21
33 21
31 19
29 19
29 19
29 19
29 21
31 29
27 29
15 9
13 0
21 0
27 9
27 21
25 21
23 13
25 7
27 13
27 23
25 27
25 21
25 11
25 11
25 17
25 21
25 19
27 13
29 11
29 15
31 19
31 21
35 19
35 19
35 19
37 21
37 23
41 25
42 25
42 25
42 25
46 27
48 29
48 29
50 27
52 29
56 31
56 33
58 33
60 35
64 35
64 35
70 37
70 39
72 41
76 41
78 42
80 42
82 44
85 46
87 46
89 46
93 48
97 52
99 54
101 56
105 54
107 56
111 60
117 66
119 72
113 64
109 54
115 46
125 52
130 64
132 70
132 68
138 66
142 70
146 78
148 83
150 85
152 82
154 78
158 80
162 85
162 87
166 85
169 83
173 87
175 91
177 93
181 95
183 95
187 95
189 97
191 99
193 93
197 103
197 103
201 103
187 105
207 107
208 109
210 109
212 109
214 111
216 113
218 113
220 113
224 115
226 117
228 119
228 119
230 119
234 121
234 121
236 123
236 123
240 123
242 125
242 125
244 125
244 125
246 126
248 128
248 128
250 130
250 130
251 132
251 134
255 136
257 144
248 134
242 115
248 109
255 119
257 134
255 138
253 130
255 123
257 126
257 136
255 142
253 138
253 130
255 126
253 130
251 134
251 132
251 128
250 125
250 126
248 128
248 132
248 130
246 126
246 125
246 126
244 128
242 126
240 125
238 123
238 123
236 123
234 123
230 121
230 119
228 117
226 119
224 117
222 117
220 115
218 115
216 113
212 113
212 113
210 111
207 107
205 107
203 105
201 105
199 105
195 105
191 101
191 99
187 99
185 99
181 97
179 93
177 93
173 93
173 93
175 99
167 97
154 82
150 68
152 66
156 74
152 80
146 80
142 72
144 70
142 74
138 78
132 78
130 72
130 68
125 66
121 68
119 66
115 64
113 60
111 56
107 56
105 56
103 56
99 54
97 52
93 50
91 50
89 50
85 48
83 44
82 44
80 44
76 42
74 41
70 39
70 37
68 39
64 37
62 35
60 35
60 35
56 33
54 33
52 31
50 29
48 29
46 27
42 25
44 25
42 27
41 25
39 25
39 21
37 23
35 23
33 23
33 21
33 21
31 21
31 21
27 19
29 19
35 31
29 31
15 11
13 0
21 0
29 11
27 23
23 21
23 11
25 7
27 13
25 23
23 25
25 21
25 13
25 13
25 17
25 19
27 21
27 15
27 13
29 13
31 19
33 21
33 21
33 19
35 19
37 21
37 23
39 23
39 23
41 23
42 25
44 25
44 27
48 27
48 27
50 27
52 29
56 31
58 33
58 33
60 31
64 33
66 37
68 39
70 39
72 39
76 41
78 42
80 44
82 44
85 46
87 46
89 48
91 50
95 52
99 54
101 54
105 56
107 58
113 64
121 74
111 66
107 52
113 46
123 52
126 60
128 70
130 68
134 66
140 68
142 74
144 82
146 83
150 80
152 78
154 78
158 83
160 85
162 85
166 83
169 83
171 87
175 89
177 91
181 93
183 95
187 97
189 99
191 99
193 99
197 101
201 105
201 105
203 105
207 105
208 107
210 109
212 109
214 111
216 113
218 113
220 115
224 115
226 117
228 119
228 119
230 119
232 121
234 123
236 123
236 123
240 125
242 125
242 125
244 126
246 126
248 128
248 130
248 128
248 128
251 130
251 132
255 138
257 146
250 134
242 115
246 109
253 119
257 132
255 138
253 130
255 125
257 126
257 134
255 142
253 138
253 130
253 125
253 128
253 136
251 134
250 128
251 125
251 126
250 130
250 132
248 130
248 126
246 125
246 126
244 128
242 128
242 126
240 123
238 123
236 123
234 123
234 123
232 121
230 119
228 119
226 119
224 117
222 115
220 117
218 115
216 113
214 111
212 111
210 111
207 109
205 107
201 105
201 105
197 103
195 103
193 101
191 99
187 99
185 97
181 97
179 95
177 95
177 93
177 99
169 97
156 83
152 72
156 70
158 74
156 80
150 80
146 74
146 72
146 74
142 80
138 80
134 76
130 68
128 66
125 68
121 68
117 64
115 58
115 56
109 58
107 60
105 58
103 56
101 52
95 50
93 50
91 52
89 52
85 48
83 44
82 44
80 44
76 44
74 42
70 39
70 39
66 37
64 37
62 37
60 35
58 33
58 33
54 31
50 29
52 31
48 31
46 31
44 27
42 25
42 23
41 25
41 25
37 25
37 23
35 21
35 21
33 21
33 21
31 21
31 21
29 21
35 29
31 31
19 13
13 0
21 0
29 9
29 23
23 21
23 11
25 7
27 13
27 23
23 25
23 17
25 13
25 13
25 17
23 19
25 17
27 13
29 13
29 15
29 19
31 21
31 19
33 19
33 19
35 21
37 23
37 23
37 23
39 21
41 23
42 25
44 27
44 25
46 25
50 27
52 31
52 33
56 33
56 33
60 33
60 35
62 37
66 37
68 37
70 39
70 37
76 39
78 42
80 44
82 44
85 44
87 46
91 48
93 52
95 52
97 54
101 54
105 58
109 62
117 70
109 64
105 54
109 44
119 48
126 62
126 68
128 68
130 64
136 66
140 74
142 80
142 82
146 78
150 76
152 78
154 82
156 83
160 83
164 82
166 82
169 85
173 91
175 93
177 91
181 93
183 95
187 99
187 99
191 99
193 99
197 101
199 103
201 105
203 107
207 105
208 107
210 109
212 111
214 111
218 113
218 113
220 115
222 115
224 117
228 119
230 121
230 121
232 121
236 123
236 123
238 125
238 123
240 123
242 125
244 126
244 126
246 126
248 128
248 130
250 130
250 130
253 136
257 144
248 136
242 115
246 107
255 119
255 132
255 138
253 132
257 126
257 126
257 136
255 142
255 138
255 130
253 126
253 128
253 132
253 132
251 128
251 125
251 125
251 130
250 132
250 130
177 126
248 126
248 126
246 130
242 128
242 125
242 123
242 125
234 125
236 123
236 123
234 121
232 121
228 119
228 119
228 119
220 117
222 117
220 115
218 115
216 115
214 113
212 111
208 109
208 107
205 107
203 107
201 103
197 103
195 101
193 101
191 101
187 101
185 99
183 97
179 95
179 97
179 103
173 101
160 85
154 72
158 68
162 76
158 83
152 82
150 76
150 72
148 76
144 80
140 80
136 76
134 70
130 68
126 68
125 70
123 68
119 62
115 58
113 58
111 60
107 60
105 56
103 54
101 52
97 54
95 52
91 50
89 48
85 46
83 46
80 44
80 44
76 42
74 41
70 41
68 39
66 37
64 35
64 37
62 37
58 35
56 33
56 33
52 31
50 29
48 29
46 27
44 27
44 25
42 27
41 25
39 25
37 25
37 23
35 23
35 23
33 21
33 21
31 21
31 23
31 29
29 29
19 13
17 0
23 0
27 9
27 21
25 21
23 13
25 7
25 13
27 23
25 25
23 19
23 13
23 9
25 15
23 19
25 17
25 13
25 11
27 15
29 19
27 19
31 17
31 17
31 17
33 21
35 23
35 23
37 21
39 21
39 21
41 25
42 25
44 25
44 25
46 25
50 29
50 29
52 31
54 31
56 31
60 33
62 35
62 35
66 37
68 37
70 39
72 39
74 41
80 42
80 44
82 44
83 44
87 46
91 48
93 50
95 52
99 52
101 54
109 60
115 72
105 64
99 50
107 44
117 48
123 58
123 68
125 66
128 62
134 64
136 72
138 78
140 80
140 68
146 66
148 78
152 82
154 83
158 82
160 82
156 82
166 85
167 89
171 89
175 89
177 91
181 93
183 97
185 97
189 99
191 99
193 99
197 101
199 103
201 103
203 103
205 105
208 107
212 111
212 111
214 111
218 113
220 115
220 115
222 115
226 115
228 117
230 119
230 119
232 119
236 121
236 123
238 123
238 123
240 125
242 126
244 128
244 128
246 126
248 128
0 130
248 130
1 134
257 144
250 134
158 115
244 107
253 117
257 132
253 138
251 130
253 121
257 125
257 136
255 142
255 138
255 130
255 126
253 130
253 134
251 132
251 128
253 125
253 126
251 130
251 130
251 130
250 128
250 126
248 126
248 128
246 128
244 126
242 125
242 125
240 125
238 125
236 123
236 121
234 121
232 123
230 121
228 119
226 117
224 117
222 115
220 115
220 115
218 115
214 113
210 111
210 109
208 109
205 109
203 107
199 105
199 103
195 101
193 101
189 101
187 99
185 97
183 97
181 99
183 103
177 101
164 87
158 74
160 70
164 76
160 82
156 85
152 80
152 74
152 76
148 82
144 83
138 78
138 72
134 70
130 70
126 70
123 68
121 62
119 60
117 60
113 62
111 62
109 58
107 56
103 54
99 56
97 54
93 52
91 48
89 48
85 48
83 46
82 46
78 42
78 42
74 42
72 41
70 39
68 37
66 35
62 35
60 35
58 33
56 33
54 31
52 31
50 31
48 31
48 29
44 27
42 27
41 25
41 25
39 25
39 25
37 23
37 23
35 23
33 23
33 21
31 21
35 29
31 31
19 13
15 0
23 0
29 9
29 23
23 21
23 11
27 7
27 13
27 23
25 27
23 19
23 11
23 9
25 15
25 21
23 19
25 15
25 11
27 13
27 17
29 21
29 19
29 17
31 17
31 19
33 21
35 21
37 21
37 21
39 23
39 23
41 25
42 25
44 25
44 25
46 25
48 29
52 31
52 31
54 31
56 31
60 33
62 35
62 37
66 37
68 37
70 39
72 41
74 41
78 42
80 42
82 44
85 46
87 48
91 48
93 50
95 52
99 54
105 58
111 68
103 60
97 48
103 41
115 48
121 60
121 64
121 64
126 62
130 64
134 72
134 76
138 78
140 76
142 74
146 76
148 80
152 82
154 80
158 80
160 80
164 83
166 87
169 89
171 87
175 87
177 91
181 95
183 97
185 95
189 95
191 99
193 101
195 103
199 103
201 103
203 105
205 105
207 107
210 109
212 109
216 111
216 113
218 113
222 115
222 115
224 117
228 117
230 119
230 119
232 119
234 121
238 123
238 125
238 125
240 123
242 125
244 126
244 128
246 128
248 128
250 130
251 134
255 142
246 134
240 115
244 107
253 117
255 132
253 136
251 130
253 125
255 126
257 136
255 140
255 138
255 130
255 126
255 132
253 136
253 134
253 130
253 126
253 126
251 130
251 132
251 130
251 128
250 126
248 128
248 128
246 128
246 126
244 125
242 125
242 125
240 125
238 123
236 121
236 119
234 123
232 123
230 121
228 117
228 117
224 117
222 117
220 115
218 113
216 111
214 111
210 111
210 109
208 109
207 109
203 107
201 107
199 105
197 105
193 103
189 101
187 97
185 97
183 97
185 103
179 101
166 89
162 76
164 72
167 78
164 85
160 85
156 80
156 78
154 78
150 83
146 83
142 80
140 74
136 70
134 72
130 74
126 70
123 64
123 60
121 62
117 64
113 64
111 60
109 56
107 56
103 56
99 56
97 54
95 52
91 50
87 48
85 48
83 46
82 44
78 42
76 41
74 41
72 41
70 39
66 37
64 37
62 35
60 35
58 35
58 33
54 33
52 31
50 29
48 29
48 29
46 27
44 27
41 25
41 25
41 23
39 25
37 23
35 23
35 21
33 21
33 23
37 31
33 31
19 13
17 0
21 0
29 9
29 25
25 25
23 13
25 7
29 13
27 23
25 27
23 19
23 11
25 9
25 15
23 19
23 17
25 13
25 11
25 13
25 17
29 19
29 19
29 17
29 17
31 19
31 21
31 21
35 21
37 19
37 21
37 23
39 23
41 23
44 25
44 25
44 27
46 27
48 27
50 31
52 31
54 31
56 31
58 33
60 35
62 37
64 37
68 39
70 39
72 41
74 41
76 41
80 42
83 46
85 48
85 46
91 48
93 50
97 54
101 58
107 66
99 60
95 46
101 39
111 44
117 56
117 62
119 62
123 58
128 60
132 70
134 78
134 78
138 74
140 72
142 72
144 76
148 80
152 78
154 78
158 78
160 82
164 85
167 89
169 87
171 87
175 89
177 93
179 95
183 95
185 95
187 97
191 97
193 101
195 103
197 103
201 103
205 105
205 107
207 107
210 109
212 109
216 111
216 113
218 115
220 113
224 115
226 117
228 119
230 121
232 121
232 121
234 121
236 123
238 125
238 125
240 125
242 125
244 126
246 126
246 128
248 130
251 134
255 144
244 132
238 113
246 107
253 119
255 134
251 136
251 128
255 123
257 126
257 136
255 142
255 138
255 130
255 128
253 130
253 134
253 134
253 128
253 125
253 126
253 130
251 134
251 132
251 128
251 126
250 128
248 130
248 130
246 126
246 126
244 126
244 126
242 126
236 125
238 123
236 123
236 123
234 123
232 123
230 121
228 119
226 117
224 117
222 117
220 115
218 113
216 111
214 111
212 111
208 109
207 107
207 109
203 107
199 107
197 103
197 103
195 103
187 103
187 101
187 101
191 105
181 105
167 89
164 78
167 74
169 80
166 87
156 85
160 80
160 76
158 82
154 85
150 85
146 80
142 74
138 72
136 74
134 76
130 72
126 66
125 62
123 62
119 66
117 66
115 62
111 58
109 58
107 58
103 58
99 56
97 50
95 48
93 50
89 50
85 48
83 46
82 44
80 44
76 42
74 42
72 41
70 41
66 39
64 37
64 35
60 35
58 33
56 33
54 31
52 31
50 29
48 27
46 27
46 29
44 27
42 27
41 23
41 25
39 25
37 25
35 23
35 23
33 23
37 31
31 29
19 11
19 0
25 0
31 13
29 25
27 21
25 13
27 9
27 15
27 25
23 27
23 19
23 11
23 9
25 15
23 21
23 17
23 11
25 9
25 13
27 17
27 21
27 19
29 17
29 17
29 21
31 21
33 23
33 21
33 19
35 19
37 21
31 23
39 23
41 23
42 23
44 25
46 27
46 27
48 27
52 29
52 31
54 31
56 31
60 33
62 35
62 37
64 37
68 37
72 39
74 41
74 41
76 42
80 42
82 44
83 46
87 46
91 48
93 50
99 56
101 62
95 56
93 44
99 39
109 46
113 56
113 60
115 60
121 58
1 60
128 70
130 76
130 76
134 72
132 70
140 72
140 78
144 80
140 78
152 76
156 78
158 82
160 85
162 85
166 85
169 85
171 87
173 91
177 93
181 93
183 95
185 93
189 97
191 99
193 103
195 103
197 101
201 103
203 107
205 109
207 109
210 107
212 109
214 111
216 113
218 115
220 115
224 117
224 117
226 119
228 119
232 119
234 123
234 123
236 123
238 123
240 123
242 125
242 126
244 128
244 128
246 128
251 134
253 142
244 132
238 113
244 107
253 117
255 132
251 136
251 130
253 123
257 126
257 136
253 142
255 138
253 130
255 126
255 132
253 134
253 132
255 130
255 126
253 128
253 130
253 132
251 132
250 128
251 128
250 128
250 132
248 130
248 126
246 126
246 126
244 126
242 126
242 125
242 123
238 123
238 123
236 123
234 121
232 121
232 119
230 121
226 121
224 119
224 117
222 115
218 115
208 113
214 113
212 111
210 109
207 107
205 107
203 107
201 105
199 105
197 103
195 103
191 103
189 103
193 107
183 105
171 91
166 76
169 74
173 80
171 89
166 89
162 83
162 78
162 82
158 87
152 87
148 82
146 76
144 74
140 76
134 76
132 72
130 66
128 64
125 64
123 66
119 66
117 64
115 60
111 58
109 58
105 58
103 56
101 54
93 52
95 52
91 50
89 50
85 48
83 44
82 44
80 44
78 44
74 42
72 41
70 39
68 37
64 37
62 37
60 35
58 33
56 33
54 33
52 33
50 31
48 29
48 27
46 29
44 29
42 27
41 25
41 25
39 25
37 25
35 25
35 23
39 31
33 29
21 11
19 0
27 0
33 13
29 25
25 21
25 11
27 7
29 15
27 25
23 25
23 17
25 11
25 11
23 17
23 21
23 17
23 11
25 11
25 13
25 17
25 19
27 17
27 15
29 15
29 19
29 21
31 21
31 17
33 19
33 21
35 23
37 23
39 21
39 21
39 21
42 23
44 27
46 29
46 29
48 27
50 29
52 31
54 33
56 31
60 33
62 35
62 35
64 37
68 37
72 39
74 41
76 42
76 42
80 42
83 44
83 46
87 48
89 50
97 56
101 62
91 54
89 42
97 37
107 44
111 56
111 60
113 58
117 56
123 60
125 68
126 72
128 72
130 70
134 70
136 72
138 74
142 76
144 76
146 72
150 74
156 80
160 85
160 85
162 83
166 85
169 87
171 91
173 93
177 91
181 91
183 95
185 97
187 99
189 99
193 99
197 101
199 101
201 105
203 105
205 107
208 107
210 109
212 111
214 111
218 113
218 115
220 115
224 115
224 117
226 119
228 119
226 121
232 121
234 123
234 121
236 121
240 125
242 126
242 126
244 126
246 128
251 136
251 142
242 128
236 111
244 105
251 119
253 132
250 134
251 128
255 125
255 128
255 136
255 142
255 138
255 130
255 126
255 130
253 134
253 134
253 130
253 126
255 128
253 125
253 126
253 130
253 128
251 128
251 130
250 132
248 130
248 126
250 126
248 128
244 128
244 128
244 126
242 125
240 125
240 125
238 125
236 123
234 121
232 119
232 121
230 121
226 119
224 117
222 115
220 115
218 115
216 113
214 113
212 111
210 111
207 109
205 105
205 105
203 107
199 105
195 103
195 103
195 105
195 111
185 107
173 91
169 78
173 76
175 83
173 91
167 89
166 83
166 82
164 83
160 89
156 89
150 83
148 78
146 76
142 76
138 76
136 72
134 68
132 66
128 66
125 66
123 68
121 64
117 62
115 60
111 60
109 60
107 58
103 56
101 52
97 52
95 50
91 50
89 48
85 48
83 46
82 44
80 44
76 42
72 39
74 39
72 41
68 41
64 39
62 37
62 35
58 35
56 35
54 31
52 29
52 29
50 29
46 29
46 27
44 27
42 25
41 25
41 25
39 25
37 25
37 25
39 33
33 29
23 11
19 0
27 0
33 15
31 25
27 21
25 11
27 7
31 17
27 27
23 27
23 17
23 9
23 9
25 17
23 21
23 17
23 11
25 9
25 13
25 19
25 19
27 17
27 15
27 15
27 17
29 19
29 19
31 17
33 17
33 19
33 21
35 23
37 21
39 21
39 23
41 25
42 25
44 25
46 25
46 27
48 27
50 29
52 31
54 31
56 33
58 33
60 35
62 35
64 37
66 37
68 37
74 41
76 42
76 42
80 42
83 44
85 48
87 52
93 56
97 60
89 50
85 39
93 35
103 42
107 52
109 58
109 56
115 54
119 58
123 66
123 72
125 72
126 68
130 66
134 70
138 76
138 76
142 74
144 72
148 74
150 80
154 82
158 83
162 82
162 82
164 83
169 89
173 91
173 91
177 91
179 91
183 95
185 97
187 97
189 97
193 99
195 101
197 103
199 103
205 105
207 107
207 109
208 109
212 111
214 113
216 113
218 115
220 115
222 115
224 117
226 117
228 117
232 119
234 123
234 123
236 123
238 123
240 125
242 126
242 126
242 128
246 130
251 138
240 126
234 109
244 105
253 121
253 134
250 134
250 126
255 123
255 128
255 138
253 140
253 136
253 128
255 128
253 132
253 134
253 132
253 128
255 126
253 128
253 130
253 132
255 132
253 130
253 130
251 130
251 132
250 132
250 128
248 126
248 128
246 128
246 128
244 126
244 125
242 123
240 125
238 125
238 125
236 123
234 121
232 121
230 121
228 121
226 119
224 115
224 115
222 115
218 115
216 113
214 111
212 111
210 111
208 111
205 107
203 107
201 105
199 105
197 105
195 105
199 113
187 107
175 91
173 80
177 80
179 87
175 93
169 89
167 83
167 82
166 85
162 89
158 89
156 85
152 80
148 78
146 78
142 78
138 76
136 70
134 68
132 68
128 68
126 68
123 66
121 62
117 62
115 62
111 62
107 60
105 56
103 54
101 54
97 54
93 50
93 50
89 48
87 48
83 46
82 44
80 44
78 44
74 42
72 41
70 39
68 39
64 37
62 35
60 33
60 35
56 35
54 33
52 31
52 29
48 29
48 29
44 27
42 27
42 25
41 25
41 27
39 25
39 27
41 35
33 29
21 9
23 0
29 1
35 17
31 25
27 21
27 11
29 9
29 17
27 25
25 25
25 17
25 13
23 11
23 17
23 19
23 15
23 11
25 9
25 15
25 19
25 19
25 15
27 15
27 15
27 19
27 19
29 19
31 17
31 17
31 19
33 21
35 23
35 21
37 21
37 21
31 23
41 25
42 27
42 25
44 25
48 27
48 29
50 29
52 29
54 31
56 33
58 33
60 35
62 35
66 37
68 37
70 39
72 39
74 41
76 42
80 44
83 46
85 50
91 56
93 60
85 48
83 37
91 35
101 42
105 52
105 56
107 56
111 54
117 56
119 64
121 70
123 70
125 66
128 64
130 68
134 72
134 74
138 72
142 70
146 74
148 76
150 80
154 82
158 82
162 83
162 85
166 87
167 87
171 89
175 91
175 91
179 93
183 95
185 97
187 99
191 99
193 101
195 101
197 103
201 103
203 105
205 107
208 109
210 111
212 111
214 111
218 113
218 115
220 115
222 115
224 115
228 119
228 121
230 121
232 121
234 121
236 123
236 123
240 125
242 126
242 126
248 134
248 138
238 125
234 109
242 105
250 119
253 134
250 136
250 128
253 123
255 126
257 138
253 142
253 136
253 126
255 126
255 132
253 136
253 134
253 128
255 126
255 128
253 134
253 134
253 130
253 128
253 130
251 130
251 132
251 130
250 130
177 126
0 126
177 128
248 130
246 126
244 125
242 125
242 125
240 125
240 125
236 123
236 123
234 123
232 123
230 121
230 121
228 119
224 117
222 115
220 115
218 115
216 113
214 113
214 111
210 111
208 111
207 109
205 107
203 107
199 107
199 109
201 111
189 105
177 89
175 78
181 83
183 89
177 95
173 91
171 85
171 83
169 91
166 93
160 91
158 83
156 80
152 80
148 80
146 80
142 76
140 72
136 70
132 70
130 70
130 70
126 68
123 66
121 64
117 64
115 64
111 62
107 58
105 56
103 54
101 54
97 54
93 52
91 48
89 48
87 48
83 46
82 46
80 44
78 42
74 42
72 41
70 39
68 37
66 39
64 37
60 35
58 35
56 35
54 33
52 31
52 31
48 31
48 29
44 27
44 27
42 27
42 27
41 27
41 27
42 35
33 29
23 9
23 0
31 3
35 19
31 27
27 19
27 9
31 11
31 21
27 27
25 25
25 17
27 11
25 13
23 19
23 21
23 17
23 11
23 11
25 13
25 17
25 17
25 15
25 13
27 15
29 19
27 21
27 19
29 15
29 17
31 17
31 19
33 21
35 21
35 19
37 19
37 23
41 23
41 25
42 25
44 25
44 27
48 29
48 29
50 29
52 29
54 29
58 31
58 33
60 35
62 35
66 35
68 37
68 39
72 39
76 41
78 44
80 46
82 46
89 54
91 56
82 46
80 37
89 35
99 42
101 52
103 54
103 52
109 52
115 58
117 64
117 68
119 68
123 66
126 64
126 68
128 70
132 72
136 70
140 70
142 72
146 76
148 80
152 80
154 80
158 82
160 83
156 87
166 87
167 87
171 89
175 91
177 93
179 93
183 93
185 95
187 97
189 97
193 101
197 101
199 103
201 103
203 105
205 105
207 107
210 109
212 111
214 111
216 113
218 113
220 115
222 115
224 117
228 117
228 119
230 119
232 123
234 123
236 123
238 125
240 125
240 126
246 136
246 138
236 121
234 105
244 107
0 123
250 132
250 132
250 125
253 125
253 128
253 136
253 140
253 136
253 130
253 128
253 132
253 134
253 132
253 128
255 126
255 130
255 134
255 134
253 130
253 130
253 130
253 132
251 134
251 132
250 128
250 126
250 130
250 130
248 130
246 128
246 126
244 125
244 126
242 126
240 125
238 123
238 123
236 123
234 123
232 121
230 119
228 119
228 117
226 117
224 117
220 117
220 115
216 113
214 111
212 111
212 111
208 111
205 109
203 107
203 107
203 111
205 117
189 107
179 91
179 80
185 83
185 91
179 95
175 91
175 85
173 85
171 91
167 95
164 93
160 87
158 82
146 80
150 80
148 80
146 78
142 74
140 70
136 70
134 72
132 72
130 70
126 68
123 66
121 64
117 64
115 62
113 60
109 58
105 56
103 56
101 54
97 52
95 52
91 50
89 48
87 48
83 46
82 44
82 44
78 44
74 42
72 41
70 39
68 39
64 37
62 37
60 35
58 33
56 33
54 31
52 31
52 31
50 31
48 29
44 27
44 27
44 29
42 29
42 31
42 37
33 27
23 7
25 0
33 5
37 21
33 27
29 21
27 11
31 11
33 21
29 29
25 25
25 15
25 11
25 13
23 19
23 19
23 15
23 11
25 11
23 15
23 15
25 17
27 17
25 15
25 15
27 17
27 19
27 19
27 17
27 13
31 17
31 19
33 21
31 19
33 19
35 19
37 23
37 25
39 23
41 23
42 25
44 27
44 27
46 27
48 27
52 27
52 31
46 33
56 33
58 33
60 33
62 35
66 37
68 39
70 39
72 41
74 41
78 44
82 46
80 54
85 54
80 44
78 35
80 33
95 41
99 50
99 52
95 50
105 50
109 54
115 62
115 68
117 66
119 62
123 62
125 66
126 70
130 70
132 68
136 68
140 72
142 74
146 76
148 78
152 78
154 80
156 82
160 85
164 87
166 87
167 87
171 87
173 89
177 91
179 93
183 95
185 97
189 99
191 99
193 101
195 103
197 103
199 105
203 105
207 107
208 109
210 109
212 111
214 111
216 113
218 115
220 115
222 115
224 117
228 119
228 119
230 121
232 119
234 121
238 123
238 126
238 126
246 134
244 136
234 121
234 105
244 107
250 123
250 132
248 130
248 123
251 121
253 128
253 138
251 138
253 132
253 126
253 128
253 132
253 134
253 132
253 126
255 126
255 130
255 132
255 134
255 132
253 130
253 130
253 132
253 132
253 132
250 128
251 128
250 130
250 130
248 130
248 128
248 126
246 128
244 126
244 126
242 126
240 125
238 125
236 121
236 119
236 121
234 123
230 121
228 119
228 119
226 119
218 119
220 117
218 113
218 113
214 113
212 113
210 111
208 109
207 109
205 109
205 111
203 115
191 107
181 91
183 82
187 85
187 93
181 95
179 91
179 89
177 89
175 93
171 95
166 93
164 87
160 83
158 82
154 82
150 80
148 78
146 74
142 74
140 74
138 74
134 72
132 70
128 68
126 66
123 66
121 66
117 64
113 60
113 60
109 60
105 60
103 56
101 54
99 52
95 52
91 50
89 50
87 48
85 46
82 46
80 44
78 44
76 42
72 41
70 39
68 39
66 37
62 37
60 35
58 35
56 33
54 31
52 31
52 29
50 29
48 29
46 29
44 27
44 27
44 33
44 39
33 25
25 5
29 0
35 9
37 23
33 27
29 19
31 11
33 15
31 25
27 29
27 25
25 17
25 13
25 13
25 17
23 19
23 15
23 11
23 11
25 15
25 19
25 19
25 17
25 13
25 15
25 17
25 17
27 17
27 17
27 17
27 17
29 17
31 19
31 19
33 19
33 17
37 19
37 23
37 23
39 21
42 23
44 27
44 27
44 27
46 27
48 29
50 31
52 31
54 31
56 31
58 33
60 33
62 35
66 37
68 39
70 41
72 41
76 42
80 46
85 54
82 54
74 41
76 29
85 31
93 41
95 50
95 52
99 50
103 50
109 56
111 62
111 66
113 64
119 62
119 62
121 64
125 68
126 68
130 68
132 66
136 70
140 72
142 76
144 74
148 74
154 78
156 82
158 83
160 85
164 83
166 85
167 87
169 89
173 91
177 91
179 91
181 93
185 97
189 97
191 99
193 99
195 99
199 103
201 105
203 107
205 105
207 107
208 107
212 109
216 113
216 115
218 115
220 115
224 115
224 117
226 119
228 119
230 121
232 119
234 121
236 125
238 126
244 136
240 132
232 115
234 103
242 107
248 123
248 134
246 130
248 123
250 121
253 130
253 140
251 140
251 132
251 125
253 126
255 134
251 136
251 132
253 126
255 126
255 128
255 132
255 132
255 132
255 130
253 130
253 132
253 132
253 132
251 130
251 128
251 128
250 128
250 128
250 128
248 128
248 128
246 126
244 126
244 126
242 125
242 125
238 125
236 123
236 123
234 123
232 121
230 121
228 119
228 117
226 117
224 117
220 115
218 115
216 115
216 113
212 111
208 107
210 111
208 113
208 117
205 117
193 105
185 91
187 85
191 89
189 97
185 99
181 93
179 89
179 89
177 95
173 97
169 95
166 87
164 83
162 83
158 85
154 83
150 78
148 74
146 74
144 76
140 76
138 74
136 70
132 70
128 70
126 68
123 68
121 64
117 62
115 60
111 60
109 60
107 58
103 56
101 54
99 52
95 52
91 50
89 50
87 48
83 48
82 46
78 42
78 42
76 44
72 41
70 41
68 37
66 37
64 37
60 35
58 35
58 33
56 33
52 31
50 31
48 31
48 29
46 29
44 29
42 31
46 39
35 25
27 5
31 0
37 9
37 23
33 25
31 19
31 13
33 15
33 25
29 27
27 25
27 15
27 13
25 15
23 17
23 17
25 13
23 11
25 11
23 13
25 17
25 17
25 15
25 13
25 15
25 17
25 17
25 17
27 15
29 17
29 19
27 19
29 19
31 19
31 19
33 21
33 21
35 21
37 21
31 21
39 23
41 23
42 25
44 27
44 27
46 27
48 29
50 29
52 31
54 31
56 31
58 31
60 33
64 37
66 37
68 39
70 39
72 41
78 46
83 54
78 50
64 39
74 29
83 31
91 41
93 50
91 52
95 48
101 48
105 54
107 62
107 64
111 62
115 58
117 60
119 64
121 64
125 66
128 66
130 66
132 68
136 72
140 74
142 76
144 76
148 76
152 80
154 80
156 82
160 83
162 83
166 87
169 89
171 89
173 91
177 91
179 91
181 93
185 95
187 97
189 97
193 99
195 101
199 103
201 103
203 105
205 107
207 107
208 109
212 111
214 111
216 111
218 113
218 113
224 115
226 117
228 119
228 119
230 121
232 121
234 123
238 126
244 136
236 130
228 111
232 99
242 107
248 125
246 134
244 128
248 121
251 121
251 132
251 140
251 140
251 132
251 125
251 126
251 130
251 134
253 130
253 126
253 126
253 130
255 134
255 132
255 130
255 128
255 132
253 134
251 132
253 130
253 130
251 132
251 130
251 130
251 128
250 128
248 128
246 128
246 126
246 126
246 126
244 126
242 126
240 126
240 125
238 123
236 123
234 121
234 123
232 123
228 121
226 119
226 117
224 119
220 117
218 117
216 115
214 113
212 113
210 113
210 113
212 117
207 117
193 105
187 89
191 85
195 91
191 99
187 101
185 93
185 89
183 91
179 97
175 99
173 95
162 89
166 85
164 85
156 87
158 83
146 80
152 76
150 76
146 78
144 76
140 74
138 72
136 70
132 70
130 70
125 68
123 66
121 64
117 64
115 62
111 60
109 58
107 56
103 56
101 54
97 52
95 52
93 50
89 50
87 48
85 48
82 46
80 44
78 42
76 42
72 41
70 41
68 37
66 37
64 37
62 37
58 33
56 33
56 33
54 33
50 31
48 29
48 29
46 31
48 37
46 39
33 23
29 3
33 1
39 13
39 27
35 27
31 17
33 11
33 17
33 25
29 29
27 23
27 15
27 11
27 17
25 21
23 19
23 13
23 11
23 11
25 15
25 19
25 17
23 13
25 13
25 15
25 19
25 19
25 17
25 15
25 15
27 17
27 19
29 19
29 17
31 17
31 19
33 21
33 21
35 19
37 21
39 23
39 23
39 23
42 23
44 25
44 25
44 23
48 27
52 29
52 31
54 31
56 31
58 33
60 35
62 37
64 37
68 37
70 41
76 44
80 52
74 48
68 35
72 27
82 31
89 41
89 48
89 48
93 44
99 48
103 54
105 62
105 62
107 58
111 56
115 60
117 64
119 66
121 64
125 62
128 64
130 68
134 70
136 72
140 72
144 74
146 76
148 80
152 82
156 82
158 82
158 82
162 83
166 85
169 87
171 89
173 89
177 91
181 93
183 95
185 95
187 97
191 99
193 101
195 103
197 103
201 105
203 105
205 107
207 107
210 109
212 111
214 111
216 111
218 113
220 113
222 115
224 115
228 117
230 119
230 121
232 123
236 128
242 136
234 128
226 109
232 101
242 109
246 125
244 132
244 126
246 119
250 121
251 132
251 140
250 136
251 128
251 125
251 128
251 134
251 132
250 130
255 126
253 128
253 130
255 125
255 132
255 130
255 130
253 130
255 132
255 132
253 132
253 128
253 130
251 130
251 130
251 130
251 130
250 128
248 130
248 128
246 128
246 126
244 126
244 125
242 126
240 125
238 125
238 123
236 123
234 123
234 123
232 121
228 119
228 117
226 117
222 115
222 115
218 117
218 115
216 113
214 113
212 115
214 119
208 119
195 105
189 91
193 87
197 93
195 99
191 99
187 95
187 91
187 95
183 101
177 101
173 97
173 89
169 87
166 87
162 87
160 85
158 80
154 78
152 78
148 78
146 78
144 76
140 74
138 72
136 74
132 74
128 72
126 68
125 66
121 64
117 64
115 62
111 60
109 58
107 56
103 56
101 56
97 54
95 52
93 52
89 48
87 48
85 46
82 44
80 44
78 44
76 41
72 41
72 41
68 41
64 39
64 37
62 37
60 35
56 33
56 33
54 33
52 31
50 31
48 31
52 39
46 39
33 21
29 3
37 1
41 17
39 29
35 27
33 17
33 13
35 19
33 27
31 29
29 23
29 15
27 13
27 17
25 21
25 19
23 13
25 11
25 13
25 17
25 17
23 15
25 13
25 13
25 17
25 19
25 17
25 15
25 15
27 17
25 17
27 17
27 17
29 15
29 17
31 19
33 19
33 21
35 19
35 21
37 21
31 23
39 23
41 23
41 23
42 25
44 27
46 27
48 29
50 29
52 31
54 31
54 31
58 33
62 35
64 37
64 39
68 39
74 44
80 52
70 46
64 33
70 25
82 31
85 42
85 48
87 48
91 44
97 46
99 54
101 60
103 60
105 58
109 56
111 56
113 62
117 64
117 64
121 60
123 62
126 64
130 68
134 72
136 72
140 72
142 74
146 78
148 80
150 78
154 80
158 82
160 83
162 83
166 85
169 87
171 89
173 91
177 91
179 91
181 93
183 95
187 97
191 99
193 99
195 101
197 101
201 103
203 107
205 109
207 107
208 107
212 109
214 113
216 113
218 113
220 113
222 115
224 117
226 119
228 121
232 121
236 126
238 134
230 125
224 107
230 99
242 111
246 126
242 132
242 125
246 117
250 121
251 134
250 140
248 134
250 128
250 123
251 130
251 134
251 134
253 128
253 125
253 126
255 132
255 134
255 132
255 130
255 130
255 125
255 134
255 134
255 132
253 130
251 128
253 128
253 130
253 132
251 130
250 128
250 128
250 128
177 128
246 126
246 126
246 126
244 126
242 126
240 125
240 123
238 123
236 123
234 123
232 121
232 121
230 119
228 119
226 117
224 117
220 115
220 115
218 115
216 115
216 115
218 121
210 117
197 103
195 89
197 87
199 95
197 101
193 101
191 95
189 93
189 97
185 101
181 101
177 97
175 89
171 85
169 89
166 91
162 87
158 82
158 80
156 80
154 82
148 82
146 78
144 74
140 76
138 76
134 74
132 72
130 68
126 66
123 66
121 66
117 64
115 62
111 60
109 58
107 58
105 58
101 56
97 52
95 52
91 50
89 48
87 48
85 48
83 44
80 44
78 42
76 42
72 41
72 39
68 39
66 37
64 37
60 35
60 33
58 35
56 35
54 35
52 31
50 31
54 39
46 39
35 19
31 3
37 3
42 19
41 29
35 25
35 17
37 13
37 21
35 29
31 31
29 23
29 15
29 15
27 19
25 19
25 17
25 13
25 11
25 13
25 15
25 17
23 15
23 13
25 13
25 17
25 21
25 19
25 15
25 15
27 15
27 19
27 19
25 17
29 15
29 17
29 19
29 21
31 19
33 19
33 19
35 21
37 21
37 23
39 23
41 23
41 23
42 23
44 25
48 29
48 29
50 29
52 29
54 31
56 33
58 33
60 35
62 37
66 39
70 42
74 48
68 42
62 31
68 25
78 31
83 41
83 46
83 44
89 42
93 44
97 52
97 58
99 58
103 54
107 54
109 56
109 60
111 62
117 60
119 60
121 62
123 64
126 68
130 70
134 70
136 70
138 72
142 76
144 76
148 78
150 78
154 80
158 82
158 83
162 83
164 83
167 83
171 89
175 93
177 93
179 93
183 95
185 95
187 99
189 99
193 101
195 101
197 101
199 103
203 107
205 107
207 109
208 107
212 109
214 113
216 113
218 115
220 115
222 117
224 119
226 119
228 119
234 125
238 134
226 123
222 103
232 99
242 113
244 128
240 130
240 123
244 117
248 123
248 132
248 138
248 134
250 126
250 125
250 128
251 132
251 134
251 130
251 125
253 125
253 130
253 132
255 132
255 130
255 130
255 132
255 134
255 134
253 132
253 130
253 130
253 130
253 130
251 130
251 128
251 128
250 128
250 128
250 128
248 128
246 126
246 126
246 126
244 126
242 126
240 123
240 123
240 125
238 125
234 123
234 121
232 121
230 121
228 121
226 119
224 117
222 115
220 115
218 115
218 117
220 123
210 117
199 103
197 91
203 91
203 99
199 105
195 103
193 97
193 95
191 99
189 103
183 103
181 99
177 91
175 91
171 91
169 91
166 89
164 83
160 80
158 80
156 82
154 83
150 80
146 76
146 76
140 76
138 76
134 74
132 72
130 68
126 66
123 66
121 64
117 60
117 60
113 60
109 58
107 58
105 56
101 56
99 54
95 50
91 50
89 50
87 48
83 46
82 46
80 44
78 42
74 42
72 41
72 41
68 41
66 39
64 37
60 35
58 33
60 33
56 35
54 35
52 35
56 42
46 37
35 17
35 3
41 9
44 23
41 29
37 25
35 15
37 15
37 21
35 31
33 29
31 21
29 15
29 15
29 19
27 21
25 17
25 11
27 11
27 15
25 19
23 17
25 15
25 13
25 15
23 17
23 17
25 17
25 15
25 13
25 15
25 17
27 17
25 17
27 15
27 15
29 19
29 19
31 19
31 17
33 17
33 19
35 21
37 23
37 23
39 23
41 25
42 25
44 27
44 27
46 27
48 27
50 29
52 31
54 31
56 33
60 33
60 35
64 37
62 44
70 48
62 39
60 27
68 23
76 29
80 39
80 42
82 42
87 41
91 46
93 52
95 58
97 56
99 54
103 52
105 54
107 58
109 60
113 58
115 56
119 58
123 64
125 66
126 68
130 68
134 68
134 70
138 74
142 76
146 78
148 78
150 78
154 80
126 82
160 83
162 83
156 83
167 85
171 89
173 89
175 91
179 91
183 93
185 97
187 99
189 99
193 99
187 101
197 103
199 103
203 105
205 105
208 107
210 109
210 111
214 111
216 113
218 115
220 115
222 117
226 119
226 119
232 126
234 130
224 119
222 101
230 101
240 115
240 128
240 128
240 123
244 117
248 123
248 134
246 136
246 130
248 125
250 125
250 128
250 132
251 132
251 126
253 126
253 126
253 132
253 132
255 130
255 128
255 130
255 132
255 134
255 134
253 132
253 130
255 130
253 132
253 132
251 130
251 130
251 128
251 130
251 130
250 130
250 128
248 128
248 128
246 128
244 126
244 126
242 125
240 123
238 123
238 123
236 123
234 121
232 121
232 121
230 123
228 121
226 119
220 117
222 117
220 117
220 119
220 121
212 117
201 103
199 91
205 93
207 101
203 107
197 103
195 99
195 97
195 101
189 105
185 105
183 99
181 93
177 93
173 93
171 93
160 87
167 83
164 83
160 83
158 83
156 82
152 80
152 78
146 78
144 78
142 76
138 74
134 74
130 70
130 70
126 68
125 66
121 64
117 62
115 60
113 60
109 58
107 58
105 56
101 54
97 54
95 52
93 52
91 50
87 48
83 44
83 44
82 44
78 46
74 44
72 41
72 39
68 41
66 39
64 37
62 35
60 35
58 35
56 35
56 37
58 42
46 35
37 15
37 3
44 9
46 25
42 31
37 25
37 15
39 15
37 23
37 31
33 29
31 21
33 15
31 15
29 21
27 21
27 17
27 13
25 11
25 15
25 19
25 19
25 15
25 13
25 13
23 17
25 19
23 17
25 15
25 13
25 15
25 17
25 15
27 15
27 15
27 17
27 17
29 19
31 19
31 19
31 19
33 21
35 23
35 23
35 21
37 21
41 23
41 25
42 27
42 25
44 27
46 27
48 29
50 31
52 31
54 31
56 33
54 33
0 37
62 46
68 46
58 35
58 23
66 21
68 31
78 41
78 42
80 41
83 31
87 44
91 52
91 54
93 52
97 50
99 52
93 56
103 58
107 58
109 56
111 56
115 58
119 62
123 66
125 66
126 66
130 68
134 70
136 74
138 74
140 74
144 76
148 78
150 80
154 80
156 82
160 82
162 83
164 85
167 87
171 89
173 91
177 91
179 91
181 93
185 95
187 97
191 99
193 101
195 101
197 103
201 105
203 107
205 107
207 109
203 109
212 111
210 111
216 113
218 113
220 115
224 117
226 119
232 128
230 130
220 113
222 99
230 101
238 117
238 128
236 126
238 117
242 115
246 125
246 134
246 138
246 130
248 125
248 125
248 130
250 134
250 130
250 126
251 125
251 128
253 132
253 132
255 130
255 130
255 130
255 134
255 132
253 130
257 130
255 132
253 132
253 130
255 130
253 130
253 130
251 130
251 130
251 130
251 130
250 128
250 128
248 128
248 128
246 126
244 126
244 126
242 125
240 125
238 125
238 123
236 123
234 121
234 121
232 121
230 123
228 121
226 119
218 117
222 117
224 123
222 126
203 115
201 101
189 93
208 97
208 105
203 107
199 103
201 97
199 99
197 105
193 107
189 105
185 99
183 93
179 93
177 95
175 95
171 91
169 85
167 83
164 85
162 87
158 85
156 80
154 78
150 80
146 80
142 78
142 76
138 72
134 72
132 70
128 68
126 66
125 66
121 64
119 62
115 62
113 60
109 58
107 56
105 56
101 56
99 54
95 52
93 50
91 50
87 50
85 48
82 46
80 44
80 42
76 42
72 41
70 41
70 39
66 39
64 37
62 37
60 37
58 35
58 41
58 44
46 33
39 11
41 7
46 15
48 31
44 35
39 25
39 15
41 17
41 29
37 33
33 29
33 19
33 15
31 17
31 23
27 23
27 17
27 11
27 13
27 17
25 19
25 19
25 15
25 13
25 15
25 19
25 19
23 17
23 13
23 13
25 15
25 17
25 17
25 15
27 13
27 15
27 17
27 19
29 19
31 17
31 19
31 19
31 19
35 21
37 21
35 21
37 23
39 23
39 23
42 25
44 25
44 25
46 25
48 29
50 29
52 31
54 31
58 33
60 37
68 44
62 42
56 33
56 21
64 21
74 31
76 41
74 42
78 39
82 39
85 42
87 52
87 54
89 52
95 50
97 50
99 54
101 56
103 56
107 52
111 54
115 58
115 62
119 62
123 62
125 64
128 66
128 68
134 72
136 72
138 74
140 74
144 74
148 78
150 80
154 80
156 80
158 80
162 85
166 87
167 87
169 87
173 91
175 93
177 93
181 95
185 95
187 97
189 99
191 99
195 103
197 103
199 103
201 105
205 107
207 107
210 109
212 111
214 111
216 113
218 113
220 115
224 119
230 130
226 128
216 109
220 95
230 101
236 119
236 128
234 125
236 115
242 117
244 126
244 136
244 134
246 128
246 123
246 125
248 130
248 132
250 130
250 126
250 125
251 128
253 132
255 134
253 132
253 130
253 130
255 132
255 134
253 132
253 130
255 130
255 132
255 132
253 132
253 130
253 130
253 130
253 130
251 130
251 130
251 130
250 128
248 128
248 128
248 126
246 126
246 128
244 128
242 126
242 125
240 123
238 123
236 123
236 123
234 121
232 121
230 119
228 119
226 119
226 119
226 125
224 126
212 115
205 101
207 93
212 99
212 107
205 111
201 105
201 99
203 101
199 105
195 109
191 105
189 99
187 95
183 95
179 97
177 95
175 91
171 87
169 83
167 85
164 87
162 87
158 83
156 80
154 80
150 80
146 80
144 76
140 72
140 74
136 74
132 72
128 70
126 66
125 66
121 66
117 64
115 62
113 60
111 60
107 60
103 58
101 56
99 54
95 52
93 50
91 50
87 48
85 48
82 44
80 44
78 42
76 42
74 41
72 41
70 41
68 39
64 39
62 37
60 37
60 41
60 46
46 31
39 9
44 5
50 17
48 31
44 33
41 23
42 17
42 19
41 29
37 33
35 27
33 19
33 15
31 17
31 23
31 23
29 19
27 13
27 13
29 17
27 21
25 19
25 15
25 15
25 17
25 17
23 17
23 15
23 15
25 15
23 15
25 17
25 17
25 17
25 15
25 15
25 17
27 17
29 17
29 17
29 19
31 21
31 21
33 21
33 21
35 21
37 21
37 21
31 21
41 23
42 25
42 27
44 27
46 27
50 29
50 29
52 31
54 33
58 35
66 44
58 42
52 27
54 17
64 19
72 33
72 41
72 41
76 37
80 37
83 44
83 50
85 54
89 50
91 48
93 48
95 52
97 56
101 54
103 52
107 52
111 56
113 60
117 62
119 62
121 60
125 64
126 68
130 72
132 72
136 72
138 72
142 74
144 76
148 78
150 80
154 78
156 80
158 82
162 85
166 87
167 87
171 87
173 89
177 93
179 95
181 93
185 95
187 97
191 97
191 99
193 101
199 103
201 105
201 107
205 107
207 107
210 109
210 113
214 113
216 113
218 115
222 117
228 128
222 125
214 107
218 95
228 101
234 119
234 126
234 123
236 115
240 115
242 125
242 134
242 132
244 125
246 121
246 125
246 130
248 132
248 128
250 125
251 125
251 128
251 132
253 132
253 130
253 130
253 132
253 132
255 132
255 132
255 130
255 130
255 130
255 132
253 130
251 128
253 128
255 132
253 134
251 132
251 130
251 128
251 130
250 132
248 128
248 126
248 126
248 126
244 126
244 125
242 125
242 125
240 123
236 123
236 123
234 123
234 121
232 121
230 121
228 119
226 121
230 125
226 126
212 115
207 101
210 95
214 101
212 111
207 109
205 105
205 99
203 99
203 107
199 111
193 105
191 99
189 95
187 97
175 99
179 97
177 91
175 80
171 87
169 89
166 87
166 87
164 85
156 83
156 83
154 82
150 82
148 80
144 76
140 74
138 72
136 72
132 72
125 68
126 66
125 64
121 64
117 62
115 60
113 60
109 60
107 58
103 56
101 54
99 52
97 52
93 52
91 52
87 50
85 48
83 46
80 46
78 44
76 44
72 41
70 39
68 39
66 39
64 37
62 39
64 42
62 46
48 29
42 11
46 9
52 21
52 35
44 33
42 23
42 15
44 21
42 31
41 35
37 27
35 19
35 15
35 21
31 25
31 23
29 17
27 11
29 13
29 19
27 21
27 19
25 15
25 13
25 15
25 19
25 17
23 13
25 13
25 15
25 17
23 17
25 15
25 15
25 15
25 17
25 17
27 17
27 17
27 17
27 17
29 19
31 19
31 19
33 19
33 21
35 21
37 23
37 23
39 21
39 21
42 25
44 27
44 27
46 25
48 29
52 31
52 35
48 37
62 42
54 39
48 27
52 19
62 21
68 31
62 39
64 39
72 35
78 37
82 44
82 52
82 52
85 48
89 46
91 46
91 48
95 52
99 52
101 52
105 52
107 54
111 58
113 62
115 62
111 62
121 64
0 66
128 68
130 62
132 68
136 68
138 72
142 76
144 76
148 78
150 78
154 80
156 82
158 83
162 83
156 83
167 87
171 89
173 91
175 91
179 93
181 93
185 95
187 97
191 99
193 99
187 99
197 103
201 105
203 105
205 107
207 107
208 109
212 111
214 113
216 115
220 119
226 126
218 119
212 101
218 93
228 103
234 121
232 126
232 121
236 113
240 117
240 128
240 132
240 132
242 125
244 121
244 125
246 130
246 130
248 128
248 125
250 123
250 128
251 132
251 132
253 128
253 128
253 128
253 132
255 134
255 132
255 130
255 130
255 132
253 132
255 132
255 132
253 130
253 130
253 130
253 132
251 132
251 128
251 130
251 130
250 132
248 132
248 128
248 126
248 128
244 128
242 126
242 125
242 125
240 126
238 125
236 125
236 121
234 123
232 123
230 123
230 123
234 126
226 126
212 113
208 99
214 97
216 103
214 111
208 111
208 105
207 103
207 105
205 111
199 111
197 105
195 101
191 99
187 99
185 101
183 99
179 95
177 91
175 91
173 91
169 91
167 87
164 85
162 83
158 83
156 83
152 82
150 78
148 78
140 78
140 76
138 74
136 74
132 72
130 68
126 66
125 66
123 66
119 64
115 62
113 60
111 60
107 60
103 58
101 54
99 54
97 52
93 52
89 50
87 48
85 46
83 48
80 46
78 44
76 42
74 42
72 41
68 41
66 39
64 39
68 46
62 44
48 27
44 11
50 9
54 25
52 35
46 33
44 23
44 17
46 23
44 33
41 35
37 29
37 19
35 17
35 21
33 25
31 23
31 17
31 13
29 15
29 19
27 19
27 17
27 15
25 15
27 17
25 19
25 19
25 17
25 15
23 15
25 15
25 17
25 15
23 13
25 13
25 15
25 17
25 17
25 17
27 17
29 19
29 19
29 19
31 19
31 19
31 19
33 21
37 21
37 23
37 23
39 23
41 23
42 25
44 27
44 27
46 27
48 29
50 29
54 35
58 39
52 35
46 23
52 17
60 21
66 31
66 37
68 37
70 35
76 35
78 41
80 48
80 48
83 46
85 44
87 46
91 50
93 50
95 50
99 50
101 50
105 54
107 58
111 58
115 58
117 60
119 62
121 64
125 66
128 68
130 68
132 68
136 70
140 74
140 76
144 74
146 74
152 76
156 82
156 83
158 83
162 83
166 85
167 87
171 89
173 91
175 91
179 93
181 93
183 95
187 99
191 99
193 93
193 101
197 101
201 105
187 107
205 109
207 107
210 109
212 113
214 115
218 121
222 126
214 117
210 99
216 93
228 105
232 121
230 125
230 119
232 113
238 117
240 126
240 134
240 130
240 123
242 121
244 125
244 128
246 130
246 126
248 123
248 125
0 128
251 132
251 132
253 130
253 128
253 130
253 126
253 126
253 132
253 130
255 130
255 132
255 132
253 132
255 130
255 130
255 130
253 130
251 130
251 130
253 130
251 132
251 130
251 130
250 130
248 128
248 126
248 128
248 128
246 128
244 126
242 125
242 125
240 125
238 125
236 123
236 123
234 123
232 123
232 125
234 128
228 126
214 111
210 99
216 97
220 107
216 115
212 111
210 105
210 105
208 109
207 113
201 113
199 107
197 101
195 101
191 101
187 101
185 97
183 93
181 89
177 91
175 91
173 91
171 91
167 87
164 85
162 85
160 85
158 85
154 82
150 78
148 76
144 76
140 76
138 74
136 72
132 70
130 68
126 68
125 66
123 66
119 62
115 62
113 60
111 60
107 58
103 56
101 54
99 52
97 54
93 52
89 50
89 48
87 48
83 48
80 46
78 44
76 42
74 42
72 42
70 41
68 41
70 48
62 44
48 25
46 11
54 11
58 27
54 37
48 33
46 21
48 19
48 27
44 35
41 33
39 25
41 19
39 21
35 23
33 25
33 21
33 17
31 15
31 17
29 19
29 21
27 17
27 15
27 15
25 17
25 19
25 17
25 15
23 13
25 15
23 17
25 17
25 17
23 15
23 13
23 15
25 17
25 19
25 17
25 15
27 15
27 19
29 19
29 19
29 17
31 17
33 19
33 21
35 21
37 21
37 21
39 23
41 23
41 25
44 27
44 29
46 29
48 29
56 37
56 41
48 33
44 19
50 13
60 21
64 31
64 37
64 33
68 33
74 37
76 42
76 48
78 48
80 44
83 42
85 44
87 46
91 50
93 48
95 48
97 48
101 52
105 56
107 56
109 56
113 60
117 62
119 66
121 66
125 66
126 66
130 68
132 72
134 72
138 72
142 74
144 74
146 76
150 78
154 80
156 82
160 82
160 82
166 85
169 87
169 89
171 91
175 91
179 91
181 95
185 97
187 99
189 99
191 99
195 99
197 103
201 105
203 107
205 107
207 107
208 109
212 111
216 117
220 125
210 113
208 95
216 93
226 107
228 123
226 125
228 117
232 111
236 117
236 126
236 132
238 128
240 121
242 119
242 125
242 128
244 128
246 125
248 123
248 125
250 130
250 132
250 130
251 128
253 128
253 130
253 132
253 130
253 130
253 130
255 130
255 132
255 132
255 132
255 132
255 130
255 132
255 132
253 132
253 130
253 130
253 130
251 130
251 130
250 130
250 128
250 128
248 128
248 128
246 126
246 128
242 125
242 125
242 125
242 126
238 126
236 125
236 123
236 123
236 126
236 132
226 125
216 109
214 99
220 99
220 109
218 115
214 111
212 107
212 105
210 109
208 115
205 113
201 107
199 103
197 101
193 101
191 101
189 99
185 95
183 91
181 91
179 93
175 93
173 91
169 89
167 87
164 85
162 85
160 85
158 83
152 82
150 78
148 78
144 78
142 76
138 72
136 72
132 70
130 70
126 68
123 64
123 64
119 64
117 64
113 62
111 60
109 58
105 58
101 56
99 54
97 52
93 50
91 50
87 48
85 48
83 46
82 46
78 44
76 44
74 44
72 42
70 44
72 50
62 44
50 23
50 9
58 17
60 33
54 39
50 33
50 23
50 21
48 29
46 37
42 35
41 25
41 19
39 19
37 25
35 25
33 21
33 17
33 15
31 17
29 21
31 21
29 17
29 15
27 15
27 17
27 19
25 19
25 17
25 13
25 15
25 17
25 17
23 15
23 15
25 13
25 15
25 17
25 17
25 17
27 15
27 17
27 17
27 19
29 19
29 17
31 17
31 19
33 19
33 19
35 19
37 21
39 23
39 25
41 25
42 25
44 27
46 27
48 29
54 37
52 39
44 29
42 17
48 13
58 21
62 31
60 35
62 33
66 31
72 37
74 44
74 46
74 44
78 41
82 42
83 46
83 50
85 48
91 46
93 46
95 48
99 52
93 56
105 56
107 56
109 56
111 60
115 62
119 64
121 64
123 64
128 68
130 62
132 72
134 72
138 72
126 72
140 74
148 76
150 80
154 82
125 82
160 82
162 83
158 85
167 87
169 89
171 89
175 89
179 93
181 93
183 97
187 97
189 97
193 99
187 101
197 103
199 103
187 105
205 107
207 109
208 109
216 117
218 123
208 109
207 91
216 91
226 109
228 123
224 123
224 115
222 111
234 117
236 128
234 132
236 126
238 121
240 121
240 125
242 128
242 126
244 125
246 123
246 125
248 128
250 130
250 128
251 126
251 130
253 130
253 132
253 132
253 130
253 132
255 130
253 132
253 132
255 132
255 132
255 130
255 132
255 132
255 132
253 132
253 130
253 130
253 130
251 132
251 130
250 128
250 126
250 130
250 130
248 128
246 126
246 126
244 128
242 128
242 126
240 125
238 123
236 123
236 123
238 126
238 130
228 125
216 111
216 101
224 103
224 113
218 117
214 113
214 107
216 107
214 111
210 115
207 113
205 107
203 105
201 105
195 105
193 103
193 101
189 97
185 95
183 95
181 95
179 95
175 91
173 89
169 89
167 89
166 87
162 85
158 83
156 80
154 82
150 82
146 78
146 76
142 76
138 74
136 72
132 70
130 70
126 68
125 66
121 66
119 64
115 62
113 62
109 58
107 58
105 56
101 56
95 54
95 52
93 52
82 50
87 48
87 48
83 46
80 46
78 44
76 42
74 42
74 44
76 52
62 42
52 21
46 11
60 19
60 35
56 39
52 31
50 21
52 21
50 31
48 39
44 35
42 27
41 19
41 21
37 25
35 25
35 19
33 15
35 17
33 21
31 23
31 21
31 17
29 15
29 17
27 19
25 17
25 15
25 15
25 15
23 15
23 17
25 17
23 15
23 13
23 13
25 17
25 17
25 15
23 15
25 13
27 17
27 17
27 17
27 17
29 19
31 19
29 19
31 21
33 21
33 21
35 23
35 21
37 23
39 23
41 25
41 25
44 27
46 29
54 37
50 39
41 25
41 13
48 13
56 21
58 31
58 33
60 33
64 31
68 35
70 41
72 46
74 44
76 42
78 41
80 42
82 46
83 48
87 44
89 44
93 46
97 52
97 54
101 54
105 54
109 56
111 58
111 60
115 60
119 60
123 62
0 66
125 68
130 68
126 70
136 70
138 72
140 74
144 76
148 78
150 78
154 78
156 82
158 83
160 85
164 85
167 87
169 87
173 91
175 91
179 91
181 95
183 95
185 95
189 97
193 101
195 103
197 105
199 105
203 107
205 109
207 111
214 121
212 121
203 103
205 89
214 93
222 109
224 121
222 121
224 111
228 109
232 119
234 128
232 130
232 125
236 117
238 119
240 126
240 128
240 125
244 121
246 121
246 126
248 130
248 130
248 128
250 125
250 128
251 130
251 132
251 130
253 130
253 130
253 130
255 132
255 132
253 130
255 130
255 125
253 132
253 132
253 130
255 125
253 132
253 130
253 130
253 130
253 130
251 130
250 130
250 128
250 128
250 128
240 128
246 128
244 126
244 126
242 126
240 125
240 125
240 125
238 126
240 128
238 130
218 123
218 107
220 101
226 107
226 115
222 117
218 113
218 109
218 109
216 113
212 117
208 115
207 109
205 105
201 105
199 107
195 105
195 99
191 95
189 95
187 97
183 97
181 95
179 93
175 89
173 89
171 91
167 91
166 87
162 85
160 83
156 82
154 82
150 82
146 78
144 76
142 76
138 74
136 72
132 68
130 68
128 68
125 68
121 66
119 64
117 62
113 62
109 58
107 56
105 56
103 56
99 54
95 52
93 52
91 50
89 50
85 48
83 46
82 46
80 44
76 44
78 48
76 52
64 41
56 21
56 13
64 23
64 37
58 41
52 33
54 25
54 25
52 35
48 39
44 33
42 23
44 21
42 25
39 29
39 27
37 21
37 17
35 17
33 21
33 23
31 21
31 17
29 15
29 17
29 21
27 21
25 17
25 15
25 13
25 15
25 17
25 17
23 15
25 15
25 15
25 17
25 17
25 17
25 15
25 15
25 15
25 17
27 17
27 17
27 17
29 17
29 19
29 19
31 19
33 21
33 21
33 21
35 21
37 21
41 25
41 27
42 27
44 29
52 37
46 37
39 23
39 13
46 11
56 23
56 31
56 33
58 29
62 29
68 33
68 41
68 44
72 42
74 39
76 41
62 42
78 44
82 44
83 42
87 42
91 46
93 50
95 52
99 52
101 52
105 54
107 58
109 60
113 62
115 60
119 60
123 64
123 66
125 68
128 68
132 68
134 70
138 72
140 74
144 76
148 78
150 78
152 78
156 82
160 83
162 85
164 85
166 85
171 87
173 91
175 93
177 93
181 93
183 95
187 97
189 99
193 101
195 101
197 103
199 103
203 107
205 107
212 119
208 119
201 101
203 87
214 91
220 109
220 121
220 119
222 111
226 109
230 119
232 128
232 128
232 123
234 117
236 119
238 125
238 126
240 126
240 123
242 121
244 125
246 128
248 130
248 126
250 126
250 126
251 130
250 132
251 128
253 128
253 130
253 132
253 130
255 132
253 130
253 130
255 132
255 132
255 132
255 132
255 132
255 130
253 125
253 132
253 132
251 130
251 128
251 130
251 130
250 130
250 128
240 128
248 128
246 128
246 126
246 126
244 128
240 126
240 125
240 126
236 132
236 126
226 121
220 107
224 101
228 109
228 117
222 117
220 111
220 109
220 111
216 115
214 119
212 117
208 111
207 105
203 105
201 105
199 107
197 103
193 99
191 97
189 97
187 99
183 97
181 95
179 93
175 91
173 91
169 89
167 87
166 85
162 85
158 83
156 82
154 80
150 80
146 76
144 76
142 76
138 74
136 72
134 70
130 70
128 70
125 68
121 64
117 62
117 62
115 64
109 62
107 58
105 56
103 56
99 56
95 54
95 52
91 50
89 50
85 48
83 48
82 46
80 46
82 50
76 52
64 37
58 21
62 17
66 29
64 41
60 39
56 31
56 25
56 29
54 37
50 41
46 33
46 25
44 21
42 25
41 29
39 27
37 21
37 17
37 17
35 23
33 25
33 21
31 17
31 17
29 19
29 21
29 21
27 17
25 15
25 15
25 17
25 19
25 17
23 15
23 13
25 15
25 17
23 17
25 17
25 15
25 17
25 17
25 17
25 17
27 17
27 17
27 15
27 15
31 19
31 21
31 19
31 19
35 19
35 21
35 23
37 23
39 23
41 25
44 29
50 37
42 31
35 19
39 11
46 13
52 23
54 31
54 31
56 29
60 31
64 35
66 41
66 42
68 41
70 35
74 37
76 42
76 44
78 42
82 41
85 42
87 46
89 50
93 50
97 50
99 52
101 54
103 56
107 58
109 60
111 58
113 58
119 60
121 64
125 66
126 68
128 68
132 70
136 72
138 74
140 76
144 76
148 76
150 78
152 80
156 82
160 83
162 83
164 85
167 87
169 89
173 91
175 91
177 91
181 93
183 95
185 97
189 99
191 101
195 103
197 105
199 105
205 109
210 119
205 115
197 95
201 85
212 93
218 111
220 119
218 115
220 107
226 109
230 119
228 128
228 128
230 119
234 115
234 119
236 126
236 126
238 123
240 119
242 121
244 125
244 128
246 128
248 126
248 126
250 128
250 130
250 132
251 130
251 128
253 128
253 130
253 132
253 132
253 130
255 130
255 130
255 132
253 132
253 132
255 130
255 130
253 130
255 132
253 134
253 132
253 130
251 130
251 130
251 130
250 128
248 126
248 126
248 128
246 128
244 126
244 126
244 126
242 126
242 128
244 134
240 134
228 121
222 107
226 103
232 109
228 117
224 117
222 111
224 111
222 115
220 119
216 119
212 115
212 111
208 109
205 107
203 107
203 107
199 103
197 101
193 99
193 99
189 99
187 99
183 97
181 95
179 95
177 93
173 93
169 89
167 85
166 87
164 87
158 85
154 83
154 80
152 80
148 80
144 78
142 76
140 74
136 72
132 72
130 70
128 68
125 68
121 66
119 64
117 62
115 62
111 60
107 58
103 56
103 54
99 54
97 52
93 52
91 50
89 50
85 50
85 48
82 48
83 54
78 54
64 35
60 17
66 15
70 31
66 42
60 41
58 29
60 25
58 31
56 37
52 41
48 33
48 25
46 21
42 25
44 29
41 29
39 21
37 17
37 19
37 23
35 25
33 23
33 17
31 17
31 19
31 21
29 21
27 17
27 15
27 15
25 17
25 17
25 17
25 15
25 13
23 15
25 15
25 17
23 15
23 13
25 15
25 17
25 17
25 17
25 15
27 17
27 17
27 17
27 17
29 17
31 19
31 19
31 21
33 21
35 21
37 23
39 23
39 25
44 29
50 39
39 29
33 15
37 0
46 13
52 25
52 33
50 29
56 27
60 27
62 35
62 41
64 41
62 39
68 37
62 37
72 41
74 42
76 41
80 41
78 41
85 44
87 48
89 50
93 50
97 50
99 52
93 54
105 56
107 58
111 58
113 60
115 62
119 62
121 66
125 68
126 68
128 66
132 68
136 72
138 74
140 74
144 76
146 76
150 78
154 82
156 82
158 83
162 83
156 85
166 87
169 87
173 89
177 93
177 93
179 95
185 95
187 99
189 99
191 101
193 103
197 105
203 111
207 117
199 109
193 89
203 83
212 97
216 113
214 119
216 111
220 105
224 109
224 119
226 126
228 125
228 117
230 115
234 119
236 125
236 125
236 121
238 117
242 119
242 125
244 128
244 128
246 126
248 125
248 126
248 130
250 130
250 128
251 128
251 128
251 128
253 130
255 132
253 132
253 130
255 130
255 132
255 134
255 132
255 130
255 132
255 132
253 132
253 130
253 130
253 130
253 132
251 130
251 130
251 130
251 130
250 130
250 128
248 128
246 126
246 126
246 126
244 128
244 130
248 136
240 132
228 121
224 107
230 105
218 113
222 119
226 119
220 115
218 111
224 115
222 121
218 121
216 117
214 111
212 109
208 109
207 111
203 107
201 101
199 99
199 101
195 103
193 101
189 99
189 97
185 97
181 97
179 95
175 93
173 91
171 89
167 87
166 87
162 85
160 83
156 82
154 80
152 80
148 80
144 78
140 74
138 72
136 72
132 70
130 70
128 68
125 68
123 66
119 64
117 64
115 62
111 60
107 58
105 56
103 56
99 56
97 54
93 50
91 48
91 50
87 50
83 50
85 56
80 54
66 35
62 19
68 21
72 33
68 42
64 39
60 31
60 27
62 33
58 41
54 41
50 33
50 25
48 25
46 29
44 31
42 27
41 21
41 19
39 21
37 15
37 25
35 21
35 19
33 17
31 19
31 21
29 19
27 15
29 15
27 17
27 19
27 19
25 17
25 15
25 15
23 17
23 17
23 17
25 17
25 15
23 15
23 15
25 17
25 15
25 17
25 15
25 17
27 17
27 19
29 17
29 17
29 17
31 19
33 23
33 23
35 23
37 23
39 25
42 31
44 37
37 29
31 13
37 0
44 13
35 25
48 29
48 27
52 25
58 29
60 37
60 42
62 41
64 37
66 35
68 37
62 41
70 39
74 41
62 39
80 41
78 44
85 46
89 48
91 48
93 50
95 50
99 52
93 56
103 56
107 54
109 56
113 60
115 62
117 62
121 64
125 64
126 66
128 68
132 70
134 70
138 72
142 74
142 74
146 76
150 80
154 82
154 82
158 82
162 83
166 85
166 87
169 87
173 89
175 91
179 93
181 95
183 95
187 97
189 99
191 101
193 103
201 109
203 117
195 105
193 89
201 85
210 97
214 113
212 117
212 109
218 103
218 111
224 121
224 125
224 121
226 115
230 115
230 119
232 123
234 123
236 121
238 119
238 121
242 125
242 126
244 126
244 125
244 125
248 128
250 130
250 130
250 128
251 128
251 130
251 132
251 130
253 130
253 130
253 130
253 130
255 132
255 132
255 132
255 130
255 130
255 132
253 132
253 132
253 130
253 130
253 130
251 130
250 130
251 130
251 130
250 130
250 130
248 130
248 130
248 128
246 128
244 128
246 130
250 136
238 132
226 117
226 105
234 107
238 117
232 123
228 119
228 115
230 113
226 119
218 123
220 121
218 117
216 111
212 109
210 111
208 113
207 111
203 105
201 101
199 101
199 103
195 105
193 101
189 97
187 97
185 97
181 97
179 93
177 91
173 91
169 89
167 87
166 85
164 87
160 85
156 83
152 82
152 80
148 80
144 78
142 76
140 74
136 72
132 72
130 70
126 68
125 68
123 66
119 66
115 62
113 62
111 60
107 60
105 58
101 56
99 54
97 54
95 52
91 52
89 50
87 50
89 58
80 54
68 33
68 19
74 25
74 39
70 44
66 41
64 31
64 27
62 33
60 42
56 41
54 33
52 25
50 25
48 31
44 31
42 27
42 19
42 21
41 23
39 27
37 25
37 21
35 19
35 19
33 23
31 21
31 21
29 17
29 17
27 15
27 17
27 17
25 17
25 15
25 13
25 15
25 15
25 17
23 15
23 15
23 15
23 15
25 17
25 17
25 17
25 17
25 15
27 17
27 17
27 19
29 17
29 19
31 19
31 21
33 21
33 21
35 21
39 25
42 31
42 33
33 25
31 11
37 7
44 15
46 25
46 29
48 25
52 25
56 29
58 35
58 39
58 39
60 35
64 33
62 37
68 33
70 41
72 39
74 37
78 39
80 42
82 46
78 46
87 46
89 48
93 50
95 52
99 54
101 54
103 52
105 54
111 58
113 60
115 60
117 62
