610000 10000000 127926 16
214 119
171 99
125 76
80 50
42 31
19 17
15 11
27 13
56 27
99 44
146 70
193 93
230 115
255 128
265 136
255 136
230 128
191 109
144 87
99 66
60 50
21 23
1 0
13 0
46 7
85 39
128 66
173 82
216 97
250 117
267 140
261 148
240 138
207 113
164 87
117 68
70 50
35 29
15 9
15 3
33 11
64 29
109 52
158 76
203 95
238 117
257 128
263 136
251 134
222 125
179 103
134 78
87 56
50 37
23 19
13 11
23 11
48 21
91 41
136 64
185 87
224 111
251 126
263 136
259 136
236 128
199 111
152 87
105 64
64 42
33 25
15 13
17 11
39 17
74 35
119 56
166 80
208 103
244 123
261 134
265 142
253 144
214 126
162 93
115 60
74 33
42 21
21 13
13 9
27 9
58 21
103 46
150 74
193 99
232 117
255 128
265 134
253 134
226 126
189 107
142 82
95 56
54 35
25 21
13 13
21 11
42 19
82 37
128 60
177 87
216 109
248 125
263 134
259 138
240 132
205 117
162 93
115 68
70 44
37 27
17 13
15 9
33 17
66 31
109 50
156 74
205 99
238 121
259 132
263 138
250 132
222 123
181 103
132 80
85 54
48 33
23 17
15 11
23 13
50 23
91 42
138 66
185 89
226 111
259 138
265 146
250 130
224 107
195 89
156 83
107 70
60 44
29 17
17 3
21 9
39 25
74 42
119 58
167 76
210 97
242 121
261 136
261 138
244 126
212 111
169 93
125 76
78 54
42 31
19 13
15 9
29 15
58 31
101 48
150 68
195 91
232 113
255 130
263 136
255 134
228 125
187 105
140 82
95 60
54 39
27 21
15 11
21 11
44 21
83 39
130 60
177 83
218 107
250 125
263 136
259 136
240 128
205 113
162 93
113 70
70 46
37 27
17 15
17 13
35 17
70 35
119 62
158 82
191 91
230 101
259 117
267 134
250 136
216 121
179 97
134 74
89 56
48 41
21 23
15 13
25 9
50 21
91 41
140 68
185 91
224 109
251 125
265 134
257 136
234 130
197 111
152 87
105 62
62 41
29 23
13 13
19 9
41 17
76 35
119 56
167 80
212 101
246 123
261 134
263 138
246 130
214 117
169 95
121 72
78 50
41 31
19 15
15 9
29 13
60 27
101 46
150 70
195 95
234 115
257 132
263 136
253 134
228 125
189 107
140 83
93 60
54 37
29 21
17 17
27 27
42 27
72 25
121 37
177 68
222 107
251 132
261 136
259 128
242 123
207 117
162 103
113 76
68 44
35 21
17 11
15 13
33 21
66 31
111 46
160 70
205 99
240 121
259 132
265 136
250 130
220 121
177 103
130 80
83 52
46 29
23 17
15 13
25 15
52 25
95 42
140 66
187 89
226 115
253 128
263 134
257 134
234 126
195 111
150 87
103 62
60 39
29 21
15 11
17 11
39 19
76 35
123 58
169 82
212 105
246 125
263 134
263 138
246 132
212 119
169 99
126 82
80 58
35 29
7 1
9 0
31 3
62 25
103 48
150 68
195 87
234 111
261 134
267 146
251 140
226 123
187 103
140 82
91 60
52 39
23 17
13 5
21 9
46 21
83 41
132 62
179 83
220 107
250 126
263 136
259 136
238 128
205 113
158 91
111 68
68 44
35 25
15 13
15 9
35 17
68 31
113 52
160 76
205 99
240 119
259 132
263 138
250 134
218 123
177 93
130 78
83 52
46 31
15 19
15 13
25 13
54 25
95 42
1 68
189 93
220 113
3 128
265 136
255 136
222 126
201 125
144 91
89 46
52 15
31 9
15 15
19 19
31 17
76 25
125 48
173 85
214 115
244 130
11 132
261 132
244 128
208 119
166 99
121 72
76 44
39 23
17 13
15 13
31 17
60 27
103 44
152 70
199 97
234 119
257 132
263 134
253 132
226 123
183 103
138 80
93 56
54 37
25 21
13 11
23 11
48 23
87 41
132 64
179 85
220 107
251 125
265 134
259 136
238 128
203 113
158 91
109 66
66 42
35 25
17 15
17 11
35 19
70 33
115 54
164 80
208 103
248 128
263 140
255 134
238 119
212 103
177 91
130 76
82 52
42 27
23 11
17 9
27 19
54 31
93 44
144 66
189 91
228 115
253 130
263 136
257 134
232 123
193 107
146 85
101 62
58 39
29 21
15 9
19 11
41 19
78 35
125 56
173 82
214 107
246 125
263 134
261 136
244 130
210 117
166 95
119 72
74 46
39 29
19 15
15 11
29 15
64 27
105 46
27 72
197 93
236 117
259 132
263 138
251 134
224 123
185 105
138 83
91 58
52 37
25 19
15 11
21 11
48 23
87 42
138 72
185 99
212 105
238 103
259 115
261 130
240 134
199 117
156 85
111 60
68 42
35 33
17 23
15 13
35 13
70 27
115 52
164 82
207 103
240 117
259 125
263 134
248 132
216 119
175 99
128 76
82 52
44 33
21 19
15 11
27 13
54 25
95 44
144 68
189 91
228 113
255 128
265 136
255 134
232 126
193 107
146 85
99 60
58 39
29 23
13 13
19 11
42 19
80 37
125 60
171 83
214 105
248 123
263 134
261 138
242 132
208 117
166 95
119 74
74 50
39 31
21 21
23 23
31 23
52 21
97 33
152 58
201 91
234 117
257 130
265 132
250 130
156 123
185 109
138 85
89 60
50 35
15 17
13 11
21 15
48 23
87 39
9 58
181 83
222 109
1 126
265 136
259 134
218 126
193 113
156 91
107 66
64 42
33 23
17 13
17 11
37 17
64 33
117 52
164 78
207 101
242 121
261 132
263 136
248 132
216 121
173 99
126 76
80 52
37 31
21 17
15 11
27 13
56 25
93 42
146 68
191 91
230 115
255 130
265 138
255 136
230 126
193 109
146 87
99 64
64 52
29 33
5 5
9 0
41 0
83 33
128 66
171 87
214 101
248 115
265 132
263 146
242 140
207 119
166 89
117 66
70 48
35 31
17 15
15 5
33 11
64 27
107 50
156 76
201 97
238 117
257 130
263 136
251 136
224 125
181 103
134 78
89 56
50 37
23 21
13 11
23 11
50 21
89 41
136 64
181 87
220 109
1 126
263 136
259 138
220 128
191 113
156 89
107 66
62 42
33 25
17 13
17 9
37 15
72 33
119 54
166 80
208 103
242 121
261 134
265 140
251 138
220 128
169 103
115 68
72 37
41 17
21 11
15 9
25 13
54 21
101 41
150 70
193 99
230 121
255 130
265 134
255 132
230 128
189 111
142 83
97 56
56 35
27 19
13 13
19 11
44 17
82 35
126 58
173 83
216 107
250 125
263 136
259 136
242 130
207 117
164 95
115 70
72 46
37 27
17 13
15 11
31 15
64 29
109 48
156 74
201 97
238 119
259 134
265 138
251 134
156 123
181 105
136 82
87 56
48 33
15 17
15 11
23 13
48 23
91 41
138 64
185 91
224 113
5 132
271 148
255 142
222 113
191 85
154 74
111 66
62 48
29 25
15 5
21 3
33 21
74 44
117 62
166 78
210 97
242 119
259 134
261 140
246 132
214 115
169 93
125 72
82 54
42 33
19 17
13 7
29 11
58 27
99 48
146 62
193 91
230 113
5 128
263 138
255 136
228 125
189 105
126 82
95 58
56 39
27 23
13 11
19 9
44 19
83 39
128 62
175 85
216 107
250 125
263 136
261 138
240 130
207 115
162 93
115 70
70 46
37 27
17 15
17 11
33 17
66 33
115 58
162 85
195 99
226 105
253 115
267 126
251 132
220 123
179 99
134 74
89 52
50 39
23 25
13 15
25 13
50 21
91 41
138 66
185 89
224 109
251 123
263 132
257 134
234 128
199 111
154 87
107 64
62 42
31 25
15 13
17 11
39 17
74 33
119 56
167 78
210 101
244 121
261 132
261 138
246 132
214 119
171 99
123 74
76 48
42 31
21 17
15 11
29 15
58 27
101 44
150 70
195 95
230 115
257 128
263 134
255 134
228 125
189 107
142 83
95 60
56 39
27 23
15 13
25 19
50 35
78 39
117 42
169 60
220 95
253 126
263 142
257 134
240 123
208 111
156 99
115 80
68 52
35 25
15 9
15 7
33 19
64 33
109 48
158 68
203 95
238 119
259 134
263 138
251 132
220 121
177 101
130 78
87 56
48 35
15 19
13 11
23 11
52 25
91 42
13 66
185 87
226 109
253 126
265 136
257 136
234 126
197 109
152 87
103 64
60 42
31 23
15 13
17 11
39 19
74 35
121 54
167 80
212 103
246 123
263 136
263 140
246 134
214 119
171 99
125 78
83 58
42 39
11 13
5 0
23 0
58 17
103 44
148 72
193 91
234 111
259 128
267 142
255 142
226 128
187 105
142 82
95 62
54 41
25 21
13 9
21 7
44 17
83 39
128 62
177 83
220 103
250 123
263 136
259 138
240 130
205 115
160 91
113 68
68 46
35 27
17 13
15 9
33 15
68 31
113 52
160 76
203 99
240 119
261 132
263 138
250 134
220 121
179 101
130 78
85 54
46 33
23 17
15 11
25 13
52 23
93 42
142 68
187 93
226 115
253 128
263 136
257 136
236 130
201 121
154 101
95 62
48 21
25 1
17 3
21 15
37 23
74 31
123 46
173 78
214 111
244 132
261 138
261 134
244 125
212 117
167 101
121 76
76 46
41 25
19 11
15 11
29 17
60 29
103 46
150 68
195 95
234 117
257 134
263 136
253 132
226 123
187 107
140 85
93 58
52 35
25 17
13 9
21 11
46 21
85 39
130 60
179 85
220 109
250 126
263 136
259 136
240 128
203 115
160 93
111 70
68 44
35 25
17 13
17 11
35 17
68 31
113 52
162 78
205 101
242 123
17 144
265 146
240 128
208 105
173 83
132 70
83 54
44 33
19 11
15 3
29 13
54 31
95 50
142 68
187 87
228 109
255 128
263 138
255 136
232 125
195 105
148 83
103 62
60 42
31 23
15 11
19 9
41 19
78 37
123 58
169 80
212 103
244 121
261 134
261 138
244 130
212 117
167 95
121 72
76 48
41 29
19 15
13 9
29 13
62 27
105 50
152 74
197 97
234 115
250 130
265 138
253 136
226 123
187 105
140 82
93 60
52 39
25 21
15 11
23 13
46 23
85 41
132 64
185 97
222 119
240 119
253 115
257 117
242 125
205 119
156 93
109 62
70 37
37 27
17 23
15 19
35 19
70 29
113 48
160 78
205 103
240 121
259 130
263 132
250 130
218 123
177 103
128 76
83 50
46 31
21 19
13 13
25 13
54 23
95 42
142 66
187 91
228 111
255 126
265 134
257 134
232 126
195 109
148 85
101 60
58 39
29 23
15 13
19 11
41 19
78 35
125 58
169 82
212 105
246 123
263 134
261 138
244 130
210 119
167 97
121 74
76 50
39 31
19 17
19 17
37 27
58 35
93 39
144 54
197 82
236 113
250 132
263 136
253 130
226 119
185 105
140 87
93 64
52 41
25 19
13 7
21 11
48 23
85 41
132 60
179 82
222 107
251 126
263 138
259 136
238 126
203 111
158 91
109 70
66 44
35 25
17 13
15 9
35 15
70 33
115 54
164 78
205 99
242 121
261 134
263 138
248 132
216 119
175 99
128 76
82 54
44 33
21 19
15 11
25 13
54 25
97 44
144 68
189 91
228 111
255 128
265 136
257 138
232 128
193 109
148 87
101 64
60 44
35 35
13 21
7 1
31 0
76 17
126 54
173 89
212 109
246 117
265 126
263 136
246 140
210 126
166 95
117 66
76 44
39 31
17 19
13 11
31 9
62 23
105 48
154 76
199 99
236 117
259 128
263 134
251 134
224 125
183 105
136 80
89 54
50 35
23 19
15 11
23 13
48 21
87 39
134 62
183 87
222 111
250 126
263 136
259 136
236 128
201 113
156 91
109 66
66 42
33 25
17 13
17 11
35 17
62 31
117 54
164 80
207 103
242 121
261 132
263 138
250 134
220 126
179 111
123 78
70 42
37 13
19 3
17 7
27 13
54 23
93 39
148 64
195 95
230 121
5 134
263 136
255 130
222 123
193 111
144 89
97 60
56 37
29 19
13 11
19 13
42 19
80 35
125 56
173 82
216 107
248 126
263 136
261 136
242 130
208 117
164 97
117 72
72 46
37 25
19 13
15 11
31 15
62 27
109 46
158 72
201 99
236 119
259 132
265 136
253 134
222 123
183 103
136 80
89 56
50 35
23 17
13 11
25 13
48 23
89 41
136 64
183 89
224 113
251 128
267 140
265 150
234 134
187 97
146 64
109 50
68 42
33 33
13 13
17 1
39 11
74 37
117 64
164 85
208 101
242 117
261 130
261 138
248 134
214 119
173 93
125 70
78 48
42 33
21 21
15 11
27 13
56 25
97 46
146 70
191 93
230 113
255 126
265 136
255 134
230 126
191 107
146 83
97 60
56 37
29 21
15 11
19 11
42 19
80 37
128 60
173 83
216 105
248 125
263 136
261 138
242 130
208 117
164 95
117 72
72 48
37 29
17 15
15 9
33 15
64 33
109 54
33 83
205 109
228 117
248 119
259 119
251 125
224 121
179 103
132 76
89 48
52 33
27 23
13 19
23 17
50 23
89 39
136 64
181 91
222 113
251 125
263 130
257 132
236 126
199 113
154 91
107 64
64 41
33 25
15 15
17 13
37 17
1 33
117 52
41 78
208 95
244 123
11 134
263 136
246 130
214 119
173 99
125 76
80 50
35 29
19 15
15 11
27 15
56 27
99 44
148 68
193 95
230 115
5 130
265 138
255 136
228 126
189 107
144 83
99 60
56 39
27 23
15 13
21 15
46 27
85 52
121 60
164 66
210 83
250 113
265 138
261 142
240 128
208 109
166 89
119 74
72 56
37 35
17 13
15 5
33 15
64 33
107 52
156 72
203 93
238 115
251 132
263 140
250 134
222 121
181 103
134 80
87 58
48 37
23 19
13 9
23 11
50 23
91 42
138 66
183 87
224 109
251 126
265 136
259 138
234 126
197 107
154 87
107 68
64 46
31 25
15 13
19 11
39 21
74 37
119 56
167 80
210 101
244 121
261 134
263 138
248 132
214 119
171 99
125 76
82 54
48 41
21 25
5 5
17 0
46 9
101 37
150 68
193 95
230 111
257 125
267 136
257 140
230 134
189 113
142 83
95 58
54 37
27 23
13 13
19 9
44 17
82 35
128 60
177 85
218 107
250 125
265 134
259 136
240 130
205 115
162 95
115 70
70 46
37 27
17 15
15 11
33 15
66 29
111 50
158 74
203 99
238 119
259 130
265 138
251 134
220 123
179 103
132 80
87 54
48 33
23 19
15 11
23 11
50 21
91 41
140 66
187 91
224 113
253 128
265 136
259 140
234 132
197 115
156 99
107 74
52 37
19 1
11 0
21 3
42 23
74 39
119 50
167 70
214 101
246 130
261 144
261 140
246 128
214 115
171 99
121 78
76 52
41 27
19 13
13 9
27 15
60 29
101 46
148 68
195 91
232 117
257 132
265 140
253 134
228 125
189 107
142 85
95 60
54 37
25 19
13 11
19 11
44 21
85 39
132 62
177 85
218 107
250 125
265 136
261 138
162 130
205 115
162 93
113 62
70 46
35 27
17 13
17 9
31 17
5 31
111 52
35 76
189 101
240 121
11 136
253 146
250 140
203 115
169 85
130 64
80 46
48 35
19 17
5 5
27 7
54 25
95 50
140 72
185 91
226 109
3 126
263 136
255 138
232 126
197 107
150 83
103 62
60 39
31 23
17 13
19 11
39 17
76 37
123 58
169 82
210 103
244 121
263 134
263 138
246 132
212 117
169 95
123 72
78 50
33 31
19 17
13 11
29 15
60 27
103 46
150 72
195 95
232 115
7 128
250 136
253 136
226 125
187 105
142 83
95 60
54 39
25 21
13 11
23 11
46 21
85 41
130 62
179 89
226 121
248 132
251 123
251 113
240 113
207 113
162 99
111 68
66 37
37 19
19 15
19 21
35 25
68 33
113 46
160 74
205 103
238 125
259 134
263 132
248 126
220 119
177 103
130 82
83 52
46 31
23 17
15 13
25 17
52 25
93 42
142 64
187 89
224 111
255 128
265 138
257 136
232 126
195 109
150 89
103 64
60 41
29 23
15 13
17 11
41 21
76 35
123 56
171 82
212 105
244 123
263 134
263 138
244 132
212 119
167 97
121 72
76 48
41 31
21 17
17 15
35 23
66 39
97 48
140 60
191 78
234 105
259 128
263 138
251 132
226 117
189 103
142 85
95 66
52 42
25 21
13 9
21 11
46 23
21 41
5 60
177 80
220 105
0 125
265 138
259 138
224 130
205 113
160 93
111 70
62 46
35 27
17 13
17 9
33 15
68 31
113 52
162 76
189 99
240 119
261 132
263 138
250 134
218 121
177 101
128 78
83 54
46 33
21 19
13 11
25 13
54 25
95 44
142 68
189 91
228 113
253 128
265 138
257 136
232 126
195 109
150 87
103 64
60 42
35 33
19 27
13 13
29 1
70 11
123 44
173 82
216 111
244 123
263 126
263 130
248 134
212 126
167 103
119 70
74 44
41 27
17 19
13 13
29 13
62 23
105 44
152 72
197 99
236 119
259 130
265 136
253 134
224 125
185 107
138 82
91 56
52 35
25 21
15 13
23 13
46 21
85 37
134 62
181 87
220 109
251 125
263 134
259 136
238 128
203 113
158 93
111 68
66 44
33 25
17 13
17 11
35 17
70 31
115 52
164 78
208 103
242 121
259 132
265 138
250 134
220 125
183 113
130 85
74 48
35 17
17 1
15 1
27 11
54 25
95 41
144 62
191 91
230 119
255 136
263 140
255 134
232 126
193 111
146 89
99 62
58 37
29 21
15 11
19 11
41 19
78 33
125 56
173 82
214 107
246 126
263 136
261 136
244 130
210 117
166 95
119 72
74 48
39 27
17 13
15 11
31 15
62 29
107 48
152 72
199 95
236 119
259 132
263 138
251 136
224 125
183 105
136 82
91 58
50 37
23 19
15 11
23 11
48 23
87 41
134 62
181 87
222 109
251 128
265 140
265 148
240 140
193 107
146 68
107 46
68 39
35 31
13 17
15 5
37 9
74 31
119 62
164 87
207 105
242 117
259 128
263 136
248 136
216 123
173 97
126 70
80 46
44 33
21 19
15 11
25 11
54 21
97 44
146 72
191 95
228 113
255 126
263 134
255 136
230 126
193 109
148 85
99 60
58 39
29 23
15 13
21 11
42 19
78 35
125 58
173 82
216 105
248 123
263 134
261 136
244 130
208 115
164 93
119 72
74 50
39 31
17 15
15 9
33 15
64 31
107 52
158 78
207 109
232 123
248 123
255 121
251 121
226 119
181 105
134 78
89 50
54 31
27 21
13 19
21 17
48 23
89 39
136 62
181 89
220 111
251 126
263 132
259 134
236 126
201 113
156 91
107 64
64 41
33 23
17 15
17 13
37 19
72 33
117 52
164 78
208 103
242 123
261 132
263 136
248 132
216 121
173 101
126 76
80 52
42 31
21 17
15 11
27 15
56 27
97 42
146 68
191 91
230 115
255 128
265 136
255 134
230 125
191 107
146 85
99 62
56 41
29 23
15 13
21 13
44 25
85 50
125 66
162 70
208 82
248 109
267 134
261 142
240 130
208 109
166 89
119 74
74 56
37 35
17 15
15 5
31 11
62 29
105 52
156 74
199 93
236 113
259 130
265 140
251 136
222 121
183 101
134 78
89 56
50 35
23 19
15 11
23 11
48 23
89 41
138 64
183 87
222 109
251 126
265 136
259 140
236 128
199 109
154 87
109 66
64 44
31 25
15 11
17 9
39 17
72 33
117 54
166 80
208 103
242 121
261 134
263 138
248 134
214 121
173 99
126 76
82 54
48 41
25 29
7 11
15 0
50 7
99 33
148 66
193 95
228 113
255 125
267 134
257 138
230 132
191 113
144 83
97 58
56 39
27 25
13 15
19 9
42 17
80 33
126 58
175 83
216 107
248 123
265 134
259 138
240 130
207 115
164 95
117 72
72 48
35 27
17 15
15 11
33 15
64 29
107 48
156 74
201 99
236 119
259 132
265 138
251 134
222 123
181 103
134 80
87 56
48 35
23 19
15 11
25 13
50 23
89 41
138 64
185 89
224 113
251 128
263 136
259 136
236 130
199 115
158 99
109 78
56 41
19 5
9 0
19 1
41 21
74 39
117 52
166 70
212 99
246 126
261 144
261 140
248 128
214 115
171 99
123 80
78 52
35 27
21 11
13 7
27 13
58 29
101 46
23 68
195 93
232 117
5 132
250 138
253 134
228 123
189 105
128 85
95 60
54 39
27 19
15 11
21 11
44 19
82 31
128 60
175 83
218 107
248 125
13 136
261 138
242 130
207 115
162 91
115 70
72 48
37 27
17 13
15 9
33 17
66 31
109 52
158 76
203 99
240 121
263 138
271 150
250 142
212 117
169 85
130 64
87 48
48 35
21 17
11 5
25 5
54 23
93 48
138 72
183 91
226 109
253 126
263 138
257 140
234 128
197 107
152 83
105 62
62 41
33 25
17 13
17 9
39 17
74 33
121 58
167 82
210 103
242 119
261 130
263 136
246 134
212 119
169 97
125 72
78 50
41 31
19 17
15 9
29 13
58 27
99 44
148 70
195 93
232 115
255 130
263 136
255 134
228 125
189 107
142 83
95 60
54 39
27 21
13 13
21 13
44 21
83 39
130 62
179 87
226 121
248 134
251 126
250 113
240 113
208 113
160 97
111 70
70 39
39 21
19 17
17 19
33 23
66 31
111 46
158 72
203 99
236 121
259 130
263 134
250 128
220 119
179 103
132 80
85 54
48 33
23 17
15 11
23 15
50 23
91 41
138 62
187 89
226 113
251 128
265 134
257 134
234 126
187 111
152 87
105 64
62 39
29 21
15 13
19 13
39 19
74 33
121 54
169 80
212 103
244 123
261 134
263 136
246 132
212 119
169 95
123 74
78 50
41 31
19 17
15 13
35 21
64 39
95 50
138 58
189 76
234 101
259 126
263 138
251 132
228 119
189 103
142 85
95 66
54 42
27 19
15 9
19 9
42 19
83 37
0 60
177 83
218 105
248 125
15 136
261 138
224 130
205 113
160 93
113 68
68 46
35 27
17 13
17 9
33 15
0 31
111 52
160 76
189 99
238 119
9 132
265 138
250 132
218 121
177 93
132 80
85 56
46 35
21 17
15 11
25 13
52 25
93 44
125 66
187 89
226 111
255 128
265 138
257 138
234 128
197 111
152 89
103 66
60 44
33 31
21 25
13 11
27 0
70 11
125 44
171 85
212 111
244 121
263 125
265 132
248 136
212 126
167 103
121 70
76 42
41 27
17 17
13 13
27 11
58 19
103 42
150 72
197 97
232 117
257 128
265 134
251 132
226 126
187 109
140 85
93 58
52 37
25 19
15 13
21 13
44 21
83 37
125 60
179 85
220 109
250 126
263 134
259 136
224 130
203 115
158 93
111 68
68 44
35 27
15 13
15 9
35 15
70 31
113 52
160 76
205 101
242 121
261 134
263 138
250 134
220 125
185 111
130 85
74 48
37 15
17 1
15 1
27 13
52 25
93 41
142 62
189 89
228 117
253 134
263 138
257 134
232 126
195 111
148 89
101 64
58 39
29 19
15 9
17 11
39 17
76 33
125 54
171 82
212 105
244 125
263 134
263 136
244 130
210 117
167 97
121 72
76 48
39 29
17 13
13 7
31 15
62 29
105 48
152 72
197 95
236 117
257 132
265 138
251 134
226 123
185 103
138 82
91 58
52 37
25 19
13 11
21 11
46 23
85 41
130 62
181 85
222 111
251 128
263 140
265 148
240 140
195 107
146 70
107 46
70 39
37 31
15 17
15 5
37 7
72 31
115 60
162 85
205 105
240 117
11 130
263 138
248 136
216 121
175 95
128 72
82 50
37 33
21 19
15 9
25 11
54 25
95 44
126 70
189 91
228 111
0 126
265 136
257 136
232 126
193 109
140 85
101 60
58 41
29 25
15 13
19 11
41 19
78 35
125 56
173 83
214 107
246 123
11 132
263 136
246 132
210 119
166 93
119 70
74 48
41 31
17 17
15 11
31 15
62 29
107 50
156 80
207 109
232 121
246 123
255 119
251 119
226 117
185 105
136 80
91 52
52 31
27 21
15 19
23 19
46 23
87 37
134 60
179 87
220 111
250 126
263 132
259 132
236 126
201 111
158 91
111 66
66 42
33 25
17 13
17 11
35 17
70 31
115 54
164 78
207 101
240 119
261 132
263 136
248 132
216 121
175 99
128 76
82 52
44 33
21 17
15 11
27 13
54 25
95 44
144 68
191 91
228 113
255 128
263 136
255 134
230 125
193 107
148 87
101 64
58 41
29 21
15 13
19 15
44 27
85 50
123 62
160 66
207 80
248 109
265 136
261 144
240 128
210 107
169 89
121 76
74 58
39 35
17 13
15 5
31 11
60 29
105 50
154 72
199 91
234 113
257 130
265 140
253 136
224 121
183 103
138 80
91 58
50 39
23 19
15 9
23 11
46 21
87 41
136 64
183 87
222 109
251 126
265 134
259 138
236 128
201 111
156 89
109 68
64 44
33 25
17 13
17 11
37 17
72 33
117 54
164 78
208 101
242 121
11 132
263 136
248 132
216 119
175 93
126 78
83 56
50 33
23 27
5 9
13 0
50 5
93 35
23 68
189 93
218 107
7 123
267 136
257 140
230 132
191 111
146 83
99 60
56 39
27 23
13 13
19 9
41 15
80 33
126 56
173 83
208 107
248 121
263 132
261 138
242 132
208 119
166 95
117 70
72 46
37 29
17 15
15 11
31 15
64 29
107 48
156 74
201 97
236 117
257 130
263 136
251 132
224 123
183 105
134 82
89 56
50 35
23 19
13 11
21 11
50 23
89 42
134 64
183 89
224 111
251 128
263 138
257 138
236 128
201 113
158 99
109 80
54 39
21 3
11 0
19 3
39 23
72 39
115 50
166 70
210 99
244 128
261 142
261 140
248 130
216 115
173 99
125 78
80 52
42 29
19 13
13 9
27 15
56 27
97 42
146 66
193 91
230 115
255 130
265 138
255 134
228 125
189 107
144 85
97 62
56 37
27 19
13 9
19 9
44 21
82 37
126 60
175 83
216 105
248 125
263 134
261 136
242 130
207 115
164 93
117 70
72 46
37 27
17 15
15 9
33 13
66 31
109 52
156 74
201 97
240 121
263 138
271 150
248 138
210 113
173 85
132 66
89 52
48 35
23 17
13 5
25 7
52 23
91 48
138 70
183 89
224 107
251 125
263 136
257 138
234 126
197 107
152 83
107 62
64 42
31 25
15 13
17 9
39 19
72 35
117 56
166 80
210 101
242 121
261 132
263 138
246 132
214 119
171 97
125 74
78 52
42 33
19 15
15 9
29 13
58 27
99 46
146 68
193 93
232 117
255 130
265 136
255 134
230 125
189 109
142 85
97 60
56 39
27 23
15 13
21 13
44 21
83 39
128 62
177 87
222 119
246 130
251 121
253 115
240 115
210 115
164 99
115 70
70 39
39 21
21 19
17 21
33 23
64 29
109 46
156 72
201 99
236 121
257 130
263 132
250 128
220 121
181 105
134 80
87 54
48 33
23 17
13 13
23 15
50 23
89 39
138 62
185 89
224 111
251 126
265 134
257 134
236 126
197 111
152 87
105 64
64 41
31 25
15 13
17 11
39 17
74 35
119 56
167 80
210 103
244 123
261 134
261 138
246 132
214 119
169 97
125 76
80 52
42 33
21 17
17 13
33 23
62 39
93 46
136 56
187 76
232 103
257 126
263 138
253 132
228 119
193 103
146 87
95 68
54 41
27 19
15 9
19 11
42 21
80 37
128 58
177 82
218 105
248 123
263 134
261 136
240 128
205 113
162 91
115 68
70 44
37 25
17 11
15 9
33 15
66 31
111 50
158 74
203 99
238 119
259 132
263 136
250 132
220 121
181 101
132 80
87 56
48 35
21 19
13 11
23 13
50 23
93 42
140 66
185 89
226 111
253 128
265 136
257 136
234 126
197 111
152 87
105 64
62 42
35 33
19 25
9 9
27 0
70 11
125 46
171 85
210 109
242 117
263 125
265 134
248 138
212 128
169 103
123 70
78 44
41 29
19 19
13 13
29 11
58 21
101 42
150 70
195 97
232 115
257 126
265 134
253 134
226 126
189 107
144 83
95 60
54 39
25 21
13 13
21 11
44 21
83 37
128 60
177 83
218 107
250 125
263 134
259 136
240 130
205 115
160 93
113 68
68 44
35 27
17 13
15 9
33 15
68 31
113 52
160 76
203 99
240 119
261 132
265 138
250 134
224 125
187 113
130 85
74 48
37 15
21 1
17 5
25 13
50 21
93 37
142 60
189 89
228 117
253 132
263 138
257 132
234 125
195 111
150 91
101 64
60 39
29 19
15 11
17 11
39 19
76 33
121 52
169 78
212 105
244 125
261 134
263 134
246 130
212 119
164 97
121 72
76 48
41 29
19 15
5 9
29 13
60 29
103 48
150 72
195 95
232 117
257 132
263 136
253 136
226 125
187 105
140 82
93 58
52 37
27 21
13 13
21 11
46 21
15 39
1 62
177 78
220 107
1 126
267 140
265 150
234 136
193 103
150 70
111 52
64 44
35 33
15 15
5 3
35 1
72 33
111 62
35 78
203 101
240 115
1 128
263 140
248 136
218 121
177 95
130 62
83 52
46 37
21 19
5 9
25 9
54 23
93 44
125 68
189 91
226 111
0 125
263 134
257 138
232 128
195 109
148 83
103 60
60 41
31 25
15 13
19 11
41 19
78 35
123 56
169 80
214 103
248 125
11 136
261 138
246 130
212 117
167 97
121 74
76 48
41 29
19 15
15 11
29 15
62 29
105 50
156 80
191 107
228 117
246 119
259 121
253 123
226 121
185 105
138 80
93 52
54 31
27 25
15 19
21 17
46 21
78 37
132 62
177 87
218 109
248 123
263 128
259 132
234 128
203 115
158 91
111 66
68 42
35 25
17 13
15 11
35 15
68 29
113 48
160 74
207 101
240 121
259 132
263 136
250 132
218 121
177 101
128 78
83 52
46 33
21 17
13 11
25 13
54 25
95 42
142 66
189 91
228 113
255 128
265 136
257 136
232 125
193 107
148 85
103 62
60 41
29 25
15 15
19 13
44 27
82 50
117 56
160 62
207 80
248 111
265 138
261 144
242 128
210 109
169 93
123 80
76 60
39 33
17 13
15 5
29 13
60 29
103 50
154 70
197 91
234 113
257 128
265 138
253 136
224 123
185 101
138 80
91 60
50 39
25 19
15 11
23 11
46 23
85 41
132 62
181 85
222 107
250 126
263 136
259 134
238 126
203 111
158 91
109 68
66 44
35 25
17 13
15 11
35 17
70 31
115 52
162 76
207 99
242 121
261 132
263 138
248 134
218 121
177 93
128 80
78 58
52 44
21 25
3 5
15 0
50 5
99 37
146 68
189 91
226 107
255 123
269 136
259 144
230 134
193 111
148 83
101 60
58 41
27 23
13 11
19 7
41 15
78 33
125 58
171 83
216 105
246 123
263 132
261 136
244 132
210 119
166 97
119 70
74 46
39 29
17 17
15 9
31 15
62 27
105 48
152 72
197 93
236 115
259 132
265 138
251 134
224 123
185 105
136 82
89 56
50 35
23 19
13 9
23 11
48 23
87 41
134 64
181 87
222 109
251 126
265 138
259 138
238 130
203 115
164 103
107 76
54 33
23 1
15 0
21 7
37 23
68 35
115 46
166 70
210 101
242 128
259 140
261 136
169 126
218 117
173 103
126 80
80 52
37 27
19 11
13 9
27 15
54 27
35 42
5 64
191 91
230 117
255 130
263 136
257 134
166 125
191 109
146 78
68 60
58 37
29 19
13 9
3 1
42 21
80 37
126 58
171 82
208 105
248 125
13 136
261 138
226 130
208 109
164 95
117 70
74 46
39 29
19 17
15 11
31 15
64 31
107 50
29 74
201 99
238 121
13 140
269 148
246 134
212 109
177 80
138 70
91 54
48 35
21 15
15 5
17 9
46 25
89 46
11 68
183 87
222 109
1 125
263 138
257 138
220 128
191 107
154 83
109 66
64 46
33 27
15 11
17 9
39 17
72 37
115 56
164 78
208 99
234 119
9 134
263 138
248 132
216 119
173 97
126 74
82 52
37 33
21 17
13 9
27 11
56 25
93 44
146 68
191 91
230 115
255 128
265 136
255 136
230 126
191 107
146 85
97 60
56 39
29 21
15 13
21 13
42 21
80 37
126 60
175 89
220 121
240 125
1 117
251 115
244 121
208 119
164 99
115 68
74 39
39 25
19 21
17 21
31 21
64 27
107 44
156 72
199 101
236 121
257 128
265 130
251 130
222 125
181 105
134 80
89 56
50 33
23 19
13 13
23 13
48 21
89 39
136 62
185 89
224 111
251 126
263 134
259 134
236 128
199 113
154 91
107 64
64 42
33 23
15 13
17 11
37 17
74 31
119 54
166 78
208 103
244 123
261 134
263 138
246 132
214 119
173 99
126 76
80 52
42 33
21 19
17 15
35 27
56 35
87 41
136 52
189 78
232 107
255 130
263 136
253 130
230 119
193 105
146 91
99 68
54 42
27 19
15 9
19 11
41 21
80 37
128 56
175 80
216 103
248 125
263 136
261 136
242 130
207 115
162 93
115 70
72 46
37 27
17 13
15 9
33 15
64 29
109 50
156 74
201 95
238 117
259 132
263 136
250 132
222 121
181 103
134 82
87 56
48 33
23 17
15 11
23 13
50 23
91 41
138 62
185 87
224 111
251 128
265 136
259 136
236 128
199 111
154 91
107 68
64 46
37 37
15 21
7 1
27 0
70 13
125 52
169 87
208 105
242 115
263 125
267 138
248 142
212 128
171 99
125 70
78 46
41 33
17 21
13 11
27 9
58 19
101 44
148 72
195 97
232 115
255 128
263 134
255 136
228 126
189 109
142 83
95 58
54 37
27 21
13 13
21 11
44 19
82 37
128 60
175 85
218 107
248 125
263 134
261 136
242 130
207 117
162 93
115 70
70 46
37 27
17 15
15 11
33 13
66 29
111 52
158 76
201 99
238 119
261 134
265 140
251 138
226 128
185 115
128 82
76 42
41 15
21 5
17 7
23 13
48 21
91 37
142 62
189 91
226 117
251 132
265 136
259 132
234 125
197 113
150 91
103 64
62 37
31 19
15 11
17 11
39 19
76 33
119 52
167 78
212 105
244 125
261 136
261 134
246 130
214 121
169 101
123 74
78 48
41 29
19 15
13 11
27 13
58 25
103 46
150 70
193 95
232 115
257 130
265 138
253 134
228 125
189 107
144 83
95 60
54 37
27 21
15 13
21 13
44 21
83 37
130 62
177 85
218 109
250 126
269 144
265 152
234 130
193 95
156 68
115 58
74 50
35 33
15 13
17 1
37 11
68 37
111 60
158 82
203 97
238 115
259 130
263 140
250 136
218 119
177 95
132 72
85 52
48 35
21 21
13 9
25 11
52 23
93 44
140 68
187 91
226 111
253 126
263 136
257 136
234 126
197 111
150 87
103 64
62 42
31 25
13 11
19 9
41 17
76 35
121 56
167 80
210 101
246 123
263 136
263 138
246 130
212 117
169 97
123 76
78 52
41 31
19 17
15 11
29 15
60 29
105 52
158 82
195 103
222 111
248 115
261 123
255 126
226 125
185 105
140 78
95 52
56 37
29 27
13 19
21 15
44 21
83 35
130 62
179 89
218 109
248 123
263 130
259 134
240 130
205 117
160 93
113 66
68 42
35 27
17 15
15 11
35 15
68 29
111 50
160 74
205 99
242 119
259 132
263 136
250 132
220 121
177 101
130 78
85 52
46 33
23 17
13 11
25 13
52 23
95 42
142 66
187 89
226 111
253 126
265 136
259 138
234 126
195 111
150 87
103 64
60 41
31 25
15 15
19 15
46 31
76 44
113 48
158 58
210 85
248 119
263 140
261 140
244 125
212 109
171 97
123 82
76 58
41 31
19 11
15 7
29 15
58 31
101 46
150 64
197 89
234 115
255 132
263 138
253 134
226 123
187 105
138 83
93 60
52 37
25 19
13 11
21 11
46 23
85 41
130 60
179 83
220 107
250 126
265 138
259 138
238 128
203 113
158 91
113 68
68 46
35 27
17 13
15 11
35 17
68 33
113 52
162 76
205 99
240 119
261 132
263 138
250 134
218 121
177 101
132 80
87 60
50 42
17 19
3 1
17 0
52 13
95 39
142 66
187 89
228 109
255 125
267 140
259 142
232 132
193 111
150 85
101 62
58 42
29 23
13 11
17 7
41 15
76 35
123 58
171 82
214 103
246 123
261 134
261 138
244 132
210 115
167 93
121 72
76 50
39 29
19 15
15 9
29 13
62 29
105 50
152 74
197 95
236 115
257 130
265 138
253 136
226 123
185 103
140 82
91 58
52 37
25 21
15 11
21 11
46 21
78 41
134 64
181 87
220 111
1 125
265 136
261 140
238 125
208 121
164 105
105 68
54 27
27 1
17 0
21 3
35 23
5 29
115 44
39 72
210 105
242 132
9 140
263 136
248 126
218 119
171 105
126 80
78 52
46 27
21 13
13 11
25 17
54 27
33 41
1 62
189 89
228 117
1 132
263 136
257 134
232 125
193 111
146 89
99 62
58 39
29 21
15 11
17 11
41 17
80 35
0 56
171 82
207 103
246 123
13 136
261 136
244 130
210 117
166 97
119 72
70 48
39 29
19 17
15 11
31 17
62 29
105 48
29 74
199 97
238 121
17 142
265 146
234 130
214 107
181 89
140 76
91 58
48 37
15 15
17 5
25 11
50 27
87 46
134 64
181 83
222 107
251 126
263 136
259 138
238 126
201 109
154 85
109 66
68 46
35 27
15 13
17 9
37 17
64 33
115 56
162 76
207 99
240 119
259 132
263 138
248 132
216 119
175 99
128 76
82 52
37 33
21 19
15 11
25 13
54 25
93 44
144 68
191 91
230 113
255 130
263 138
257 136
232 126
193 109
146 87
99 62
58 39
27 21
15 13
21 13
42 23
80 39
126 60
179 95
214 117
236 115
253 113
261 119
246 128
208 123
164 97
117 64
76 41
42 31
19 25
15 19
31 17
64 27
105 46
154 74
199 101
234 117
257 126
263 132
251 132
224 125
183 105
136 80
89 54
52 35
25 23
13 13
23 13
48 19
87 37
136 62
183 89
222 111
251 126
265 134
259 136
238 128
201 113
156 91
107 64
64 41
33 23
17 13
17 11
37 17
72 31
117 52
164 80
208 103
242 121
261 134
265 138
248 132
216 119
173 97
128 78
82 54
44 33
23 21
19 17
33 27
50 29
85 33
138 50
191 80
232 111
255 128
263 134
255 130
232 123
193 111
146 93
99 68
56 41
29 21
13 11
19 11
41 19
78 35
126 54
173 80
216 105
248 125
263 134
261 136
242 130
208 117
164 97
117 72
72 46
39 27
17 15
15 11
31 15
64 29
107 48
156 72
201 95
236 119
259 132
263 138
251 132
222 119
183 103
136 82
87 58
48 35
23 19
15 11
23 13
48 23
89 41
136 64
183 87
222 111
251 126
265 136
259 136
236 128
199 113
156 91
109 68
70 52
37 39
11 15
5 0
29 0
72 19
123 58
166 87
207 101
242 113
263 128
267 142
248 142
214 126
171 97
126 70
80 48
42 33
19 19
13 9
27 7
56 21
99 44
146 72
193 95
230 113
255 126
265 136
255 134
230 126
193 109
144 85
97 60
56 37
27 23
15 13
19 11
42 19
80 35
128 60
173 83
216 107
248 125
263 134
261 138
242 130
208 117
164 95
117 70
72 46
37 27
17 15
15 11
31 13
66 29
111 52
158 76
201 99
238 119
9 132
250 140
253 140
222 134
181 111
125 74
78 39
44 19
23 11
15 11
23 13
50 19
83 37
140 64
187 95
224 119
251 130
263 134
257 132
236 128
189 115
150 89
105 62
64 39
31 23
15 13
17 11
39 17
74 31
117 50
166 78
210 105
244 125
261 134
261 136
248 130
216 121
173 101
125 76
78 48
42 29
19 15
13 9
27 13
58 25
101 46
148 70
193 93
230 115
257 128
265 138
255 134
228 125
189 107
144 83
97 60
54 39
27 21
15 11
21 13
44 23
82 37
128 60
175 83
218 109
250 128
269 146
253 146
232 123
197 93
160 76
117 68
72 52
35 29
15 7
17 1
37 15
5 39
109 60
156 74
203 93
238 115
257 134
263 142
250 134
220 119
179 97
132 76
87 56
48 37
23 19
13 9
25 11
52 25
91 44
138 68
185 87
224 107
251 126
263 136
257 136
234 126
197 109
152 85
105 64
62 42
33 25
15 13
17 11
37 17
74 35
119 56
166 78
210 103
244 123
261 134
263 138
246 132
214 119
171 99
125 76
78 52
41 31
21 17
17 11
31 15
60 29
105 54
156 83
189 97
220 103
250 113
265 125
257 132
226 126
187 103
142 76
99 56
58 42
27 29
13 15
21 11
46 21
82 39
128 62
175 85
218 107
248 123
13 132
259 136
224 130
207 115
162 91
115 66
62 44
37 29
17 17
15 11
33 15
66 31
111 50
158 76
203 99
238 119
9 132
263 138
251 134
220 121
179 103
132 80
85 54
48 33
15 17
13 11
25 13
50 23
91 41
140 64
187 91
226 113
3 128
265 136
259 138
218 130
189 111
152 87
105 64
62 44
31 27
15 15
23 17
44 33
70 37
107 41
162 56
212 91
248 125
11 140
259 136
246 123
216 113
171 103
123 83
76 56
41 29
19 11
13 7
29 17
58 31
101 44
150 64
195 91
232 115
255 130
265 138
255 132
226 123
189 107
142 85
95 60
54 37
27 19
13 11
21 11
46 21
83 39
130 60
177 83
218 107
250 126
265 136
261 136
240 128
205 113
160 93
113 70
70 46
35 27
17 13
17 11
35 17
66 33
111 52
160 76
205 99
238 119
259 132
265 138
250 134
220 121
179 103
134 83
93 68
48 44
13 13
3 0
21 0
54 15
93 42
140 68
187 87
228 107
255 126
265 142
259 144
234 130
195 109
150 85
103 64
60 42
29 25
13 11
17 7
39 15
76 35
121 58
169 80
212 103
246 123
261 134
261 138
244 130
212 117
169 97
121 74
74 48
41 29
19 17
15 11
29 13
60 27
103 46
152 72
195 95
232 115
257 130
265 136
253 134
226 123
187 105
140 83
93 60
52 37
25 19
15 11
21 11
46 21
85 41
132 62
179 87
220 109
250 126
265 138
261 140
240 132
208 125
160 101
103 60
56 23
33 7
19 9
17 15
33 19
68 25
115 44
164 76
207 107
240 128
259 134
263 132
250 130
220 123
177 105
128 78
83 48
46 27
21 15
13 11
25 13
54 23
95 41
140 64
189 91
228 115
253 130
263 134
257 134
232 126
195 111
150 89
101 62
58 39
29 21
15 11
17 9
41 17
78 35
123 58
169 80
212 103
246 125
263 136
261 140
244 132
210 117
167 95
121 74
76 50
41 29
19 15
15 9
31 15
60 29
103 48
152 72
199 97
240 123
263 144
259 140
242 125
218 107
185 93
140 80
91 58
50 33
25 13
15 7
25 15
48 29
85 44
132 62
179 83
220 109
250 128
261 138
257 134
238 125
203 111
158 91
109 68
66 42
37 25
17 13
17 11
35 19
70 33
115 52
162 76
205 99
240 119
261 134
263 138
248 132
218 119
177 99
130 78
83 54
46 31
21 17
15 11
25 15
54 25
95 42
144 66
189 89
226 111
255 128
265 138
257 138
232 126
193 109
150 85
101 62
60 41
29 23
15 13
19 11
42 21
78 39
128 64
177 95
208 107
234 105
255 111
263 125
248 134
210 123
164 93
119 62
78 42
42 33
19 27
13 17
31 13
62 23
105 48
152 76
197 99
234 115
257 125
265 132
251 134
224 126
185 107
138 80
91 54
52 35
25 21
13 13
23 13
48 21
85 39
132 64
179 87
222 109
251 125
265 136
259 138
238 128
203 113
158 91
109 66
66 42
33 25
17 13
17 11
35 19
70 33
115 52
156 78
207 101
240 121
259 132
263 138
250 134
218 121
175 99
126 76
83 54
46 37
23 23
21 21
27 23
46 21
85 29
140 50
193 85
230 115
253 128
263 130
257 130
234 126
195 115
146 93
99 64
58 37
29 21
13 15
17 13
41 19
78 33
125 52
173 80
214 107
246 125
263 134
261 134
244 130
210 119
166 99
119 72
72 46
39 27
19 15
15 11
31 15
62 27
107 46
154 72
199 97
234 115
259 130
265 138
253 134
224 123
183 103
138 80
91 56
50 37
23 21
15 11
23 11
48 23
87 41
134 64
181 87
222 109
251 126
263 136
261 138
238 130
201 113
156 91
111 70
72 54
33 35
5 5
5 0
33 0
74 27
117 60
162 82
207 97
244 113
263 134
265 146
248 142
216 121
175 95
126 72
80 52
44 35
19 17
13 5
27 7
54 21
97 46
144 70
191 91
230 111
255 128
265 138
255 138
230 126
193 107
148 85
95 62
56 41
23 21
15 11
19 11
42 19
17 37
1 58
173 83
208 105
246 123
13 134
261 136
242 130
208 115
156 93
117 72
72 46
39 29
17 15
15 11
31 15
64 29
107 50
156 74
201 99
236 119
9 132
265 138
257 142
228 136
177 107
125 68
83 31
50 23
27 15
13 11
21 9
48 17
91 37
138 66
183 95
224 115
251 126
263 132
257 134
236 130
201 115
154 91
107 62
64 41
33 23
15 15
17 11
37 17
72 33
117 54
166 80
208 103
242 121
261 132
263 138
246 132
216 119
173 99
126 76
80 52
42 31
21 15
15 9
27 13
56 25
99 46
146 70
191 93
230 115
255 128
265 136
255 136
228 126
191 109
146 83
97 60
56 39
27 21
13 11
21 13
42 21
80 39
126 58
175 83
218 109
253 134
267 150
255 138
232 113
203 93
166 83
119 72
72 52
37 25
19 5
17 5
35 21
66 41
107 56
156 72
201 91
236 115
257 136
263 142
250 132
222 117
181 97
134 80
87 56
50 35
25 17
13 9
23 11
50 25
91 42
136 64
183 87
224 107
251 126
263 136
259 136
236 126
199 111
154 89
107 66
64 44
33 25
15 13
17 11
37 19
72 33
117 54
166 76
210 103
242 123
261 134
263 136
248 132
216 119
171 99
125 76
80 52
35 31
19 15
15 11
29 15
60 31
44 56
148 78
183 87
220 97
1 115
265 130
255 126
228 125
189 101
125 76
101 60
60 44
27 29
13 15
21 1
44 19
82 31
126 64
173 83
216 103
248 119
13 132
259 136
240 130
207 115
156 93
115 68
62 46
37 29
17 15
15 11
33 15
64 29
109 48
158 76
203 99
236 117
259 130
263 136
251 134
222 123
181 101
134 80
87 56
48 35
21 17
15 11
25 13
50 25
89 41
138 64
185 87
224 111
251 128
265 136
259 136
234 126
197 109
154 89
107 66
64 44
31 25
15 15
23 21
41 29
64 27
109 33
164 58
214 97
246 128
259 138
261 130
248 125
216 119
173 107
123 83
78 52
42 25
19 13
13 11
25 17
56 25
101 42
148 66
193 91
230 117
257 130
265 138
255 134
228 125
189 107
142 85
95 60
54 37
27 19
13 11
21 13
44 21
82 37
128 58
177 83
218 109
248 125
13 134
261 136
242 130
207 115
162 95
115 72
70 46
37 27
17 13
17 11
33 17
66 29
109 50
33 74
187 99
238 119
9 132
250 138
251 136
222 125
173 105
138 85
91 66
42 37
11 7
5 0
23 0
54 19
91 44
136 64
185 83
228 107
255 130
265 144
250 142
234 128
189 109
152 87
103 66
60 42
29 23
13 9
17 7
39 15
74 35
121 56
167 80
210 101
244 121
261 134
261 138
244 130
214 117
171 99
123 74
78 50
41 29
19 15
15 11
29 15
58 27
101 46
150 70
195 93
232 115
255 130
265 138
255 136
228 125
187 107
142 83
95 60
54 39
27 19
13 9
21 11
46 21
83 39
130 60
177 83
220 107
0 126
263 138
261 140
246 138
210 126
154 93
99 50
62 21
37 15
21 17
15 17
33 13
68 23
115 46
162 80
205 109
238 125
257 128
265 132
250 134
220 125
177 105
130 76
85 48
46 29
23 19
13 13
25 13
52 21
93 39
140 64
187 93
226 115
253 128
265 134
257 134
234 128
197 111
152 87
103 62
62 39
29 21
15 11
17 9
41 19
76 35
121 56
169 82
212 105
244 123
263 134
261 138
246 132
212 117
169 95
123 72
78 48
41 31
19 15
15 9
29 15
60 27
103 46
152 72
199 99
242 128
257 138
253 132
244 119
224 109
189 99
140 83
91 58
52 31
27 15
17 11
23 19
46 29
83 42
130 60
177 82
220 109
250 128
255 136
259 134
125 125
203 111
156 91
111 68
68 44
35 25
17 13
15 11
33 17
68 33
113 52
160 76
205 99
238 119
9 132
263 136
250 132
218 119
177 99
130 78
85 54
46 33
21 17
13 11
25 13
52 23
91 42
140 64
189 89
228 113
253 128
263 134
257 134
234 128
195 111
150 87
103 62
62 41
31 23
15 13
19 13
41 19
78 37
128 68
162 89
203 95
234 99
3 115
265 132
246 136
210 119
167 89
123 64
80 50
42 39
19 25
13 11
29 9
60 23
103 48
150 76
195 95
232 111
257 125
263 134
253 136
224 126
185 103
140 80
93 58
52 39
25 23
15 13
21 11
44 19
85 37
132 62
179 87
220 109
250 123
265 134
259 136
238 130
203 115
158 91
111 68
68 44
35 27
17 15
17 11
35 15
68 31
113 52
162 78
207 101
240 121
259 132
263 136
250 132
220 123
177 103
130 78
83 54
48 35
25 25
19 23
21 17
42 13
87 25
142 52
191 87
226 115
251 126
263 130
259 130
236 128
195 117
148 93
101 64
60 39
29 21
13 13
17 11
41 17
78 33
123 54
44 80
212 105
246 123
13 134
263 136
244 130
210 117
167 97
119 72
70 48
39 29
17 15
15 11
29 15
60 27
105 46
154 72
197 97
234 117
7 128
265 134
250 134
226 125
185 105
138 82
93 56
52 37
25 21
13 13
23 13
48 23
85 39
132 60
181 85
222 109
250 126
263 134
259 136
240 130
203 115
158 93
115 76
72 56
29 25
3 0
11 0
37 5
74 37
115 60
160 76
205 91
242 113
263 138
265 148
248 138
218 117
175 95
128 76
82 56
44 35
19 15
13 3
25 7
52 25
95 46
144 68
189 89
226 109
253 126
265 138
257 138
232 126
193 107
148 83
101 62
58 41
27 21
15 11
19 7
41 17
78 35
125 58
171 82
214 103
246 123
263 132
261 136
242 130
210 117
167 95
119 72
74 50
37 29
19 15
15 11
31 17
62 29
105 48
154 72
201 97
236 119
259 132
267 140
259 146
224 130
173 99
126 66
87 41
52 27
25 19
13 9
21 7
50 17
91 41
136 68
181 93
220 111
251 125
265 134
257 138
236 130
201 113
156 87
107 62
64 41
35 25
17 15
17 11
37 15
70 31
117 52
166 80
207 103
240 119
261 132
263 136
248 134
216 121
173 99
126 74
82 52
44 31
19 13
15 9
27 15
56 25
95 44
146 68
191 93
230 115
253 130
263 136
257 134
232 126
193 109
146 85
99 62
58 41
29 23
13 11
19 9
42 17
82 37
126 60
173 85
216 109
253 134
263 144
250 128
232 107
208 97
169 91
119 76
70 48
37 21
19 7
17 9
33 23
64 37
105 50
154 70
199 93
236 119
257 136
261 138
250 128
224 115
183 101
136 83
89 58
50 35
25 15
15 9
23 13
48 25
87 41
136 60
181 83
222 109
251 126
263 136
259 136
236 128
199 111
156 91
109 68
64 42
33 23
17 13
17 9
37 17
72 33
117 54
166 78
208 101
242 121
261 134
263 136
248 132
216 119
173 99
126 76
80 52
44 33
21 17
15 11
29 15
62 33
103 58
140 72
179 80
224 95
255 115
267 132
255 134
228 123
193 103
148 82
101 64
58 44
27 27
15 13
19 9
41 19
80 37
126 60
173 82
214 101
248 119
263 134
261 138
242 132
207 115
164 93
117 70
72 48
37 27
17 13
15 9
33 15
64 31
107 50
156 72
201 97
236 117
259 130
265 138
251 134
222 121
181 101
136 80
89 58
50 37
23 19
13 9
23 11
48 23
89 42
136 64
183 87
222 109
251 126
263 134
259 136
236 128
201 113
154 89
107 66
66 44
33 27
19 21
21 25
31 17
60 15
111 31
167 68
212 105
242 126
259 130
263 128
250 128
218 125
173 109
125 80
78 48
42 23
19 13
15 15
27 19
56 25
99 41
146 64
193 93
230 117
255 130
265 134
255 132
230 125
191 109
144 85
97 60
56 37
27 19
15 11
19 13
42 21
82 35
128 56
175 83
216 107
248 123
263 132
263 136
242 130
207 117
164 95
117 70
72 46
37 27
17 13
15 9
33 15
64 29
109 50
158 74
201 99
238 119
259 132
263 138
251 134
224 125
183 107
140 89
87 62
39 29
13 1
11 0
25 5
50 23
89 41
136 60
185 83
226 111
253 132
265 144
257 138
234 126
199 109
152 89
105 68
62 42
31 21
15 9
17 9
39 19
74 33
119 54
166 78
208 99
244 119
263 136
263 140
246 132
214 117
171 97
125 76
78 52
41 31
19 15
15 9
29 13
56 27
99 46
148 68
193 93
232 115
255 130
263 136
255 134
228 125
189 107
142 83
95 60
54 37
29 19
15 11
21 13
44 21
82 39
128 60
177 85
218 107
250 126
263 136
261 138
248 140
207 125
152 83
105 48
68 27
41 23
19 21
15 13
31 9
68 21
113 48
160 82
201 105
238 119
261 126
263 134
250 134
220 125
179 103
132 76
85 50
48 33
23 19
15 13
25 13
50 21
91 39
140 66
187 93
226 113
251 126
265 134
259 134
234 128
197 111
150 87
103 60
62 41
31 23
13 11
19 11
39 17
74 33
119 54
167 80
210 103
244 123
261 132
263 134
246 130
214 119
169 99
123 74
78 48
42 31
19 17
15 11
29 11
60 25
103 48
150 74
199 103
236 126
1 130
253 125
248 119
228 113
189 105
126 83
93 56
54 31
29 17
17 15
21 19
44 25
83 39
5 60
175 83
208 109
248 125
13 132
259 132
156 125
205 113
162 93
115 62
70 44
35 25
17 13
17 11
33 17
0 31
111 50
158 74
203 99
238 119
9 132
263 136
250 132
220 121
179 103
132 78
87 54
48 33
21 17
3 9
23 11
52 23
93 42
138 64
187 89
226 113
3 130
263 138
257 136
234 126
189 111
150 89
103 64
62 41
31 23
15 13
17 13
41 21
78 41
126 70
162 80
191 83
238 99
5 123
265 140
236 136
212 115
171 89
125 70
80 54
42 39
19 23
15 9
29 9
58 25
101 48
148 72
195 91
232 109
255 123
265 134
255 138
228 126
187 105
140 82
95 60
54 39
25 23
13 11
21 9
44 19
83 39
130 62
177 85
218 107
250 125
263 134
261 136
240 130
205 115
160 91
113 68
68 44
35 27
17 15
17 9
33 15
68 31
113 52
160 76
205 99
240 119
261 132
263 138
250 132
220 123
179 103
130 80
87 56
50 39
29 31
13 19
13 7
42 5
91 27
142 58
187 89
224 111
253 123
265 130
261 134
234 130
197 115
150 89
103 62
60 41
29 23
13 15
15 9
39 15
76 31
123 54
169 82
212 105
244 121
263 132
263 138
246 132
212 119
164 95
123 72
78 48
39 29
17 15
15 11
29 15
62 29
103 46
152 72
197 95
234 117
257 130
263 134
253 132
228 125
187 107
138 83
93 58
54 37
27 21
13 11
21 13
46 23
85 39
130 62
179 85
220 109
250 126
263 136
259 138
240 130
205 115
160 95
117 80
66 52
23 15
5 0
15 0
39 13
70 37
113 54
160 70
207 93
244 121
261 142
263 146
248 134
218 115
177 97
128 80
82 56
44 33
21 13
15 5
25 13
52 27
93 44
142 66
189 87
226 111
253 128
265 138
257 138
232 126
193 107
150 85
103 64
60 42
29 23
13 9
19 9
41 19
76 37
123 56
169 80
212 101
246 121
263 134
261 138
244 132
210 117
167 95
121 72
74 48
39 29
19 13
15 9
31 13
62 29
105 48
152 72
197 95
236 117
259 134
269 146
257 146
218 125
173 91
132 64
91 48
52 33
25 19
11 7
21 5
48 19
87 42
134 68
179 91
220 107
251 123
265 134
257 138
236 128
203 111
158 87
111 66
66 44
33 27
17 13
17 9
35 15
68 31
113 50
162 78
207 101
240 119
259 130
263 136
250 132
218 121
175 101
128 76
83 52
46 31
19 17
13 9
27 13
54 25
95 44
142 66
189 89
228 113
3 130
255 136
257 134
232 126
195 109
146 78
101 62
60 41
29 23
15 13
17 9
41 19
80 37
125 60
171 83
216 111
0 134
255 132
250 119
234 109
205 107
169 99
119 78
72 46
39 21
21 11
17 17
31 25
62 33
105 46
154 68
199 95
234 119
5 132
263 134
253 130
224 121
183 105
138 83
91 58
52 35
15 17
13 9
23 13
48 23
87 39
132 60
181 85
218 109
0 126
263 136
259 134
234 126
201 113
156 91
109 68
66 42
33 25
15 11
17 11
37 19
64 35
115 52
162 76
207 101
242 121
261 134
263 136
248 130
218 119
175 99
128 80
82 54
44 33
21 19
15 13
29 19
62 37
95 50
134 60
181 74
226 97
255 123
265 136
255 136
230 123
195 103
150 85
103 68
58 46
27 23
15 9
19 9
41 19
76 37
125 56
173 80
214 101
246 121
13 134
263 138
244 130
208 115
158 93
119 72
70 48
37 29
17 13
15 9
33 15
62 29
105 48
154 72
201 95
236 117
257 130
263 136
253 134
224 123
183 105
136 80
89 56
50 35
25 19
13 11
21 11
48 21
87 41
134 64
181 87
222 109
251 126
265 136
259 138
238 130
201 113
156 91
109 68
64 46
35 29
23 27
17 17
25 5
60 9
115 37
167 76
208 107
240 123
261 126
265 130
250 132
216 126
173 107
126 76
82 48
42 27
19 17
15 13
27 15
54 21
95 39
146 66
191 93
230 117
255 128
265 132
255 134
230 126
191 111
146 87
99 60
56 39
27 21
13 13
19 11
42 19
80 35
125 56
173 80
216 105
248 125
263 134
261 136
242 130
208 117
166 95
117 72
72 46
37 25
17 15
15 11
31 15
64 29
107 48
156 74
201 97
236 119
259 132
265 138
251 134
226 125
189 113
140 93
82 56
39 21
19 1
15 1
25 11
48 25
87 39
138 58
185 85
224 113
251 132
265 140
259 134
236 126
199 111
154 91
107 66
64 41
31 21
15 9
17 9
37 19
72 33
117 52
166 76
208 101
244 123
261 134
263 138
248 132
216 119
173 99
126 76
80 52
42 29
19 15
13 9
27 13
56 25
99 44
146 70
193 93
230 115
255 130
263 136
255 134
230 125
191 107
144 85
95 60
56 37
29 21
15 13
21 13
42 19
82 35
128 58
175 85
216 107
248 125
265 138
267 146
246 144
201 113
152 74
111 48
74 39
39 29
17 19
13 7
33 7
68 25
111 56
156 83
191 101
220 113
1 126
250 138
250 138
220 125
173 99
134 74
89 52
48 37
23 21
13 11
23 11
50 21
89 41
136 64
185 91
224 111
251 126
263 134
257 134
234 126
199 111
154 89
105 64
64 42
31 23
15 13
17 11
39 17
74 35
117 54
166 80
210 103
244 121
261 134
261 136
246 130
214 119
171 99
125 76
80 52
42 31
21 17
15 11
27 13
56 25
101 46
150 74
201 107
228 121
246 123
255 121
253 121
230 119
189 107
142 83
95 54
58 33
31 21
17 19
21 19
42 23
82 35
128 58
175 85
216 109
246 123
263 130
259 132
240 126
207 115
162 95
117 70
70 46
37 27
17 15
15 13
33 17
64 31
109 48
158 72
203 97
238 119
259 130
263 134
251 132
222 123
181 103
132 80
87 54
48 33
23 19
13 11
23 11
50 23
91 42
138 66
185 91
224 111
253 126
265 136
257 136
234 128
199 111
154 89
105 66
62 42
31 25
15 15
17 13
41 21
80 46
119 64
156 70
201 80
242 103
265 132
263 144
244 132
212 111
173 91
126 78
80 60
41 39
19 17
15 7
29 13
56 29
99 48
146 68
193 87
232 111
255 128
263 138
255 136
228 125
189 105
140 83
97 62
54 41
27 21
13 9
19 9
44 19
83 39
128 60
177 83
218 105
250 125
263 136
259 138
240 130
207 115
162 91
115 68
70 46
37 27
17 15
15 9
33 15
66 31
111 52
160 76
203 99
238 119
257 130
263 136
251 134
222 123
181 105
132 80
87 58
54 42
27 31
7 11
13 0
44 3
93 29
142 62
185 89
222 109
253 121
267 132
259 140
236 134
197 115
152 89
105 62
62 41
29 25
13 11
17 7
39 13
74 31
119 54
167 80
212 103
244 121
261 132
263 136
246 130
212 119
169 97
123 72
78 48
41 31
19 17
13 9
29 13
58 27
101 48
148 70
195 95
232 115
257 128
263 134
253 134
228 126
189 107
142 83
95 58
54 37
27 21
15 13
21 11
44 19
83 37
130 60
177 85
218 109
250 125
263 136
261 138
240 132
205 115
166 101
117 82
60 42
21 5
9 0
19 1
39 23
66 37
109 50
160 66
207 95
240 126
259 142
263 142
250 130
220 115
177 99
130 82
85 56
46 31
21 11
13 5
25 13
52 27
93 44
140 64
187 87
226 111
251 130
263 136
259 134
234 126
195 111
150 87
103 64
62 41
31 23
15 11
17 9
41 17
76 33
121 56
169 80
212 103
246 123
261 134
261 138
244 130
212 119
169 97
121 74
76 48
41 29
17 15
13 9
29 15
60 29
103 48
150 72
197 97
234 119
261 136
271 148
251 140
216 115
179 87
138 68
95 54
52 37
23 17
15 5
23 7
48 21
78 44
132 68
179 87
218 105
248 121
13 134
261 138
238 130
203 111
158 87
109 66
68 44
35 27
17 13
15 7
35 15
68 31
113 52
160 76
205 99
240 119
259 132
263 138
250 134
220 121
177 101
128 78
83 54
46 33
21 19
13 9
25 11
54 25
95 44
140 68
187 89
228 111
255 128
265 136
257 136
232 125
195 109
150 87
101 64
60 41
31 23
15 13
19 11
41 19
76 37
125 60
173 87
218 119
242 128
251 123
253 113
244 117
214 117
169 103
119 74
74 41
42 23
21 17
15 21
29 23
60 29
103 42
152 68
197 97
232 121
257 130
263 130
253 128
226 123
185 109
138 83
91 56
52 33
25 19
13 13
21 15
46 23
85 37
130 60
179 85
220 109
250 126
263 134
259 134
238 126
205 115
158 93
111 68
66 42
35 25
15 13
15 11
35 17
70 33
115 52
162 78
205 101
240 119
261 132
263 138
248 132
218 121
177 93
128 78
83 46
46 33
15 19
17 13
31 21
56 37
87 44
132 54
185 76
228 101
255 126
263 138
255 132
232 121
197 107
150 91
103 70
58 44
29 23
15 9
15 11
41 21
76 35
123 54
171 76
214 101
244 123
11 134
261 136
244 128
210 117
166 95
119 74
76 50
39 29
17 13
13 7
29 13
62 29
105 48
152 70
197 93
236 115
251 132
263 138
251 134
224 123
185 105
138 83
91 58
52 37
25 19
15 11
21 13
46 23
87 41
134 64
181 87
220 111
251 126
263 136
259 136
238 128
203 115
158 93
111 70
66 46
39 33
19 25
9 9
23 0
64 7
117 42
166 82
205 107
238 117
261 125
265 134
251 140
218 130
175 105
128 74
83 48
44 33
19 19
13 11
25 9
54 19
95 41
142 68
189 93
230 115
255 128
263 134
255 138
232 128
193 111
146 85
101 60
58 39
29 23
15 13
19 11
41 17
78 35
125 58
171 82
214 105
248 123
263 134
261 136
244 130
210 119
166 97
117 70
74 46
41 29
19 17
15 13
31 15
62 27
107 48
154 74
199 97
236 117
259 130
265 138
253 136
228 128
189 115
136 87
80 48
42 19
21 5
17 5
23 13
46 23
85 37
136 58
185 87
224 115
251 132
263 138
259 134
238 126
201 113
154 91
107 66
64 42
33 21
13 9
17 9
37 17
72 33
115 52
164 76
207 101
242 121
259 132
263 136
248 132
216 119
173 99
126 76
82 52
44 31
21 17
13 9
25 13
56 25
97 44
144 68
191 91
230 113
255 128
265 136
255 136
230 125
193 107
146 85
99 62
56 39
29 21
17 13
19 13
42 21
80 37
126 58
175 83
216 109
246 126
267 140
267 150
173 136
197 103
158 72
117 56
76 48
37 35
0 15
15 3
35 1
3 33
99 58
29 80
199 95
236 111
1 128
263 140
251 138
222 123
181 99
136 76
89 56
50 39
23 21
13 9
23 9
48 21
89 42
134 66
183 89
222 109
1 126
263 136
259 138
236 130
201 111
156 89
107 64
64 42
33 25
17 13
15 9
37 17
72 33
117 56
166 78
208 101
242 121
261 134
263 138
248 132
214 119
173 99
126 76
82 52
42 31
21 15
15 9
27 13
56 25
101 48
154 80
193 105
220 113
244 115
259 121
257 126
230 123
189 107
144 82
99 56
60 39
31 27
15 19
19 15
35 19
80 35
125 58
173 85
214 109
246 123
11 130
261 132
244 130
208 109
164 95
99 68
72 44
39 29
17 17
15 11
31 15
64 27
107 48
156 74
201 97
236 119
257 130
265 136
251 132
224 123
183 105
134 80
87 56
50 33
23 19
13 13
21 11
50 23
91 42
136 66
183 89
224 111
251 126
265 136
257 138
236 128
199 111
156 89
107 66
64 44
33 25
17 15
19 13
42 29
76 44
109 50
154 58
207 80
244 115
263 138
261 140
244 126
216 111
175 97
126 83
80 62
42 35
19 13
13 5
27 13
56 29
99 46
21 66
193 87
232 111
5 130
265 138
255 134
230 123
191 105
144 85
97 62
56 41
27 21
13 9
19 7
44 21
82 39
126 60
175 83
216 107
248 125
263 136
261 138
242 128
207 113
156 93
115 62
70 46
37 27
17 15
15 11
33 15
1 29
109 50
158 74
201 97
238 117
259 130
265 138
251 136
222 123
181 103
136 82
91 62
56 48
19 23
3 1
15 0
48 7
93 37
138 64
183 87
224 105
253 123
267 136
259 142
236 134
199 113
152 87
105 64
62 42
29 23
15 13
17 7
39 15
72 31
119 54
166 80
210 103
244 121
259 132
261 136
246 132
216 121
171 99
123 74
78 50
42 31
21 17
15 11
27 13
58 25
99 46
148 70
193 93
230 113
255 126
265 138
255 138
228 126
189 107
144 85
97 60
54 37
27 21
15 11
21 11
44 21
82 37
128 60
175 85
218 107
248 125
265 136
261 140
242 132
208 121
167 105
111 74
58 31
27 3
17 0
21 13
35 23
64 31
109 42
160 68
205 101
238 128
257 138
263 136
251 128
220 119
179 105
132 82
85 54
48 29
23 15
13 9
23 13
52 25
29 41
13 62
185 87
224 111
3 130
265 138
257 136
218 126
191 111
154 89
103 64
62 41
31 21
15 11
17 11
39 19
11 35
121 54
167 80
210 103
244 121
261 134
263 138
246 130
214 117
171 95
123 74
78 50
42 29
21 17
15 11
29 15
58 27
101 46
150 72
195 95
234 119
263 140
267 146
246 132
216 109
183 89
142 74
95 60
54 37
23 17
15 5
25 11
46 25
82 44
128 62
179 83
220 107
248 126
261 138
259 136
240 126
205 111
160 91
113 68
70 46
37 25
17 13
15 9
33 17
66 31
111 52
158 74
205 99
240 121
259 132
263 136
250 132
220 121
179 101
132 78
85 54
48 33
21 17
13 9
25 13
52 25
93 44
140 66
187 89
226 111
253 128
265 138
257 138
234 128
197 109
152 87
103 66
62 42
31 23
15 13
17 11
41 21
76 39
123 60
175 91
214 115
234 117
251 113
259 119
248 126
214 123
167 101
121 68
78 42
44 31
21 25
13 19
29 17
60 23
103 42
150 70
195 97
232 117
255 126
263 130
253 132
226 126
187 109
142 83
95 56
54 35
27 21
13 15
21 13
44 19
85 37
130 62
177 87
218 109
250 125
263 134
259 136
238 128
205 115
160 93
113 68
68 44
35 25
17 13
17 11
35 17
68 31
111 52
162 76
205 99
240 121
259 132
263 138
250 132
218 121
179 101
132 78
85 54
48 35
23 19
19 17
31 25
48 29
82 33
132 48
189 78
228 109
251 128
261 132
257 130
236 125
199 113
150 95
103 70
60 42
29 21
13 11
17 11
39 21
76 35
121 54
169 78
212 101
246 123
261 134
261 136
244 128
212 117
169 99
121 74
74 48
41 27
19 15
15 11
29 13
60 29
103 48
152 72
197 95
232 117
257 132
265 138
253 134
226 123
185 105
140 83
93 58
52 37
25 19
15 11
21 13
46 21
85 39
132 62
179 85
220 107
250 125
265 136
261 138
240 130
203 115
160 93
113 70
70 54
39 41
11 17
3 0
27 0
68 17
117 54
162 82
203 97
240 113
263 128
267 142
250 144
218 126
177 101
128 72
83 52
44 35
21 19
13 9
25 7
52 19
95 41
142 68
189 93
228 113
255 126
263 136
255 136
232 128
195 111
148 85
101 60
58 41
29 23
15 13
19 11
41 17
78 35
125 58
171 82
212 103
246 121
265 134
261 138
242 130
210 117
169 97
121 74
74 50
39 29
19 15
15 11
31 15
60 27
103 46
152 72
197 97
234 117
257 130
265 138
255 138
232 134
187 115
130 78
82 42
46 17
27 11
15 11
21 13
46 19
87 35
136 60
181 91
220 117
250 130
263 134
259 132
238 128
201 115
156 91
109 62
66 41
35 25
17 15
15 13
37 17
70 31
115 52
162 78
205 101
242 121
261 132
263 136
248 132
218 121
177 103
128 78
82 52
44 31
21 17
15 11
27 13
52 25
95 44
144 68
189 91
228 113
255 128
265 136
257 136
232 125
193 109
148 85
101 62
60 41
29 23
15 11
19 11
42 21
78 37
125 60
173 83
214 107
246 126
269 146
263 148
234 123
199 93
164 76
123 66
78 56
37 33
17 9
17 1
35 13
64 37
105 58
152 74
199 93
236 113
250 132
263 140
251 134
224 119
185 99
136 80
91 58
52 37
25 19
15 9
21 9
46 21
78 41
134 62
181 85
218 109
0 126
263 136
259 136
238 128
201 111
156 89
109 68
66 44
33 23
17 11
17 11
37 19
0 33
115 52
31 78
207 93
242 121
11 134
263 138
248 132
216 121
175 99
128 78
82 54
44 33
21 15
15 9
29 15
56 31
101 52
148 78
185 95
216 101
248 111
263 123
259 132
230 126
191 107
146 80
93 58
60 44
29 29
13 17
19 11
42 17
80 35
125 60
171 83
214 103
246 119
263 130
261 136
242 132
208 117
166 95
119 70
72 48
39 29
17 17
15 11
31 13
64 27
107 48
154 74
199 97
236 115
259 130
263 136
251 134
222 121
185 105
138 82
89 58
50 33
25 17
15 13
23 13
48 23
87 41
136 62
183 89
222 111
250 126
263 134
259 134
236 128
201 113
156 91
109 68
66 44
33 27
17 15
21 17
42 31
66 37
103 37
156 52
208 85
246 123
261 140
261 136
248 125
220 115
177 105
126 85
80 56
42 29
21 13
13 9
25 17
56 29
95 44
144 64
191 87
230 113
5 130
265 138
255 134
230 123
191 107
146 87
97 62
58 39
29 21
15 13
19 11
42 19
80 37
126 58
173 83
214 107
246 125
263 134
261 138
242 130
208 115
164 93
117 70
72 48
37 29
17 15
15 11
31 15
64 29
107 50
156 74
203 99
238 119
257 132
265 138
253 134
224 123
183 105
138 83
97 66
50 44
13 15
3 0
19 0
52 13
91 41
134 64
181 83
224 105
5 126
265 142
251 140
236 132
201 111
154 87
105 62
64 42
33 25
15 11
17 5
37 13
72 31
117 54
164 78
208 93
244 121
11 134
263 140
248 134
214 119
173 99
126 76
80 52
35 31
21 15
15 9
27 11
56 25
95 44
5 68
193 91
230 115
5 130
263 138
255 136
230 126
189 107
144 85
97 62
56 39
27 21
15 13
21 11
42 21
82 39
128 60
175 83
218 107
248 125
13 134
261 136
244 134
212 128
162 105
105 62
62 23
35 9
21 13
17 17
31 19
64 23
111 42
158 74
203 107
238 126
250 132
263 130
251 128
222 123
181 107
132 80
87 50
48 29
23 17
13 13
23 15
50 23
89 39
136 62
185 91
224 115
251 128
265 136
257 136
234 126
199 113
154 89
105 62
64 41
33 25
15 15
17 13
39 17
72 33
119 54
166 80
208 95
242 121
11 132
263 136
248 132
214 119
171 97
125 74
80 52
42 33
21 17
15 11
29 15
58 29
99 48
148 72
195 97
236 123
261 140
257 138
244 125
222 109
191 95
144 82
95 60
54 35
27 15
15 7
23 13
46 27
82 42
126 60
175 82
218 107
248 126
261 138
259 136
242 126
207 111
162 93
115 70
70 46
37 27
17 13
15 11
33 17
66 31
109 50
158 72
203 97
238 119
259 132
263 138
251 132
220 121
179 103
132 80
87 56
48 35
21 17
5 9
25 13
52 25
89 41
13 64
187 89
226 113
3 128
255 136
259 136
218 126
189 111
148 87
107 64
62 42
31 23
15 11
19 11
41 21
76 37
126 64
171 93
205 105
232 105
5 111
255 126
250 134
212 123
169 95
123 64
82 46
37 37
19 27
13 17
27 11
58 23
101 46
148 74
191 95
230 111
255 125
265 134
253 136
228 126
189 107
144 82
95 58
54 39
27 23
15 13
21 11
44 19
83 37
130 60
177 85
218 107
248 123
13 134
261 136
240 130
205 115
162 91
115 68
68 44
37 27
17 15
17 11
33 17
66 31
111 50
160 76
203 99
238 119
259 130
265 134
251 132
220 121
179 101
134 78
87 56
50 37
25 23
21 21
25 21
42 19
82 25
136 48
187 82
226 111
251 126
263 132
259 130
238 128
199 117
152 95
103 66
62 41
31 21
15 13
15 11
39 17
74 33
121 52
167 78
210 103
244 123
263 134
263 136
244 130
214 119
169 99
123 76
76 48
39 25
19 13
17 13
29 17
58 27
103 44
150 70
195 95
232 115
255 130
263 136
253 134
226 125
187 107
140 83
95 60
54 37
25 19
15 11
21 13
46 23
83 39
130 60
177 83
218 107
250 125
265 136
261 138
240 130
205 115
160 93
115 72
76 58
35 35
5 5
5 0
31 0
70 27
115 58
158 80
203 93
240 111
263 132
265 148
250 142
218 123
177 97
130 74
83 52
48 37
21 19
13 7
23 7
52 21
93 44
140 68
187 89
226 109
253 125
265 136
257 138
232 128
197 109
150 85
103 62
60 41
29 23
15 11
19 9
39 17
76 33
121 56
169 80
212 103
246 123
263 134
263 138
246 130
212 119
167 97
123 74
76 50
41 29
19 15
15 9
31 15
60 29
103 48
25 70
197 95
234 117
257 132
265 140
259 142
232 134
181 107
128 68
87 41
54 27
27 19
13 11
19 9
46 15
89 37
134 64
179 91
218 111
250 126
263 134
259 134
238 130
203 115
158 91
111 64
68 41
35 23
17 15
15 11
33 15
68 29
113 48
162 76
205 101
240 121
259 132
263 136
250 134
218 123
177 101
130 76
83 52
46 31
21 17
13 13
25 13
52 25
93 42
142 66
187 91
228 113
253 128
265 136
257 136
232 126
193 109
150 85
103 62
62 42
31 25
15 13
19 11
41 19
78 37
123 58
169 82
212 107
248 128
265 146
255 136
232 111
207 93
169 85
123 76
76 54
39 27
19 7
17 5
31 19
62 37
105 54
152 70
197 89
234 115
257 134
263 140
251 132
224 117
185 101
140 82
91 60
52 37
25 17
15 9
23 13
46 25
85 42
132 62
179 83
220 107
250 126
263 136
259 136
238 128
203 111
158 91
111 68
68 44
33 25
17 9
17 9
37 17
70 33
113 52
162 76
207 99
240 121
259 132
263 138
250 132
218 121
175 101
128 78
83 54
44 33
21 17
15 11
27 15
58 31
103 56
142 74
179 85
218 97
251 113
265 130
257 134
230 125
193 103
150 82
103 62
60 44
29 29
15 13
17 9
41 17
78 37
123 58
169 80
212 101
246 121
261 132
261 138
244 130
210 117
167 95
119 72
74 48
39 29
19 15
15 9
29 13
60 27
105 48
154 72
197 95
232 115
257 130
265 138
253 136
224 123
183 103
138 80
91 58
52 39
25 21
13 11
21 9
48 21
87 41
132 62
181 87
222 109
251 125
263 134
259 138
238 130
203 115
158 91
111 66
66 44
35 27
17 17
23 23
35 25
60 21
103 29
160 58
210 99
242 128
259 136
261 130
250 125
220 121
177 109
128 85
82 54
44 27
21 13
13 11
25 15
54 25
97 39
144 60
189 89
228 113
255 130
265 136
255 134
230 125
193 107
148 87
101 64
58 41
29 21
15 11
19 11
41 19
78 35
125 56
171 82
214 105
246 123
263 134
261 138
244 130
208 117
166 95
119 72
74 48
37 27
17 15
17 11
31 15
62 29
105 46
156 72
201 97
236 119
257 132
265 136
253 134
226 125
185 107
142 89
95 66
44 35
11 7
7 0
21 0
50 19
80 41
132 60
181 82
224 107
253 128
265 142
250 140
236 128
201 109
156 89
107 70
64 44
33 23
15 9
17 5
35 15
64 33
117 54
164 78
207 99
242 119
261 134
263 140
248 132
214 117
175 97
126 76
80 52
42 31
21 15
15 9
27 11
54 25
95 42
146 68
191 91
228 113
255 128
263 136
255 136
230 126
191 107
146 83
99 60
58 41
27 23
13 11
19 11
42 19
80 37
125 60
173 82
216 107
248 125
265 138
261 138
248 140
212 128
158 95
105 52
66 25
41 19
21 19
15 15
29 13
64 21
109 46
158 80
201 107
236 123
257 128
263 132
251 132
222 125
183 105
134 78
89 52
48 31
23 19
13 11
23 11
50 19
89 41
136 64
183 91
222 111
251 126
263 134
257 134
236 130
199 113
154 89
107 66
66 42
33 23
15 13
17 11
37 17
72 31
117 52
166 78
208 103
242 121
259 130
263 134
250 132
216 121
173 101
125 76
82 52
44 33
19 19
15 11
27 15
56 27
99 46
146 70
195 97
236 125
253 134
253 128
246 117
228 111
193 103
144 85
95 58
56 33
29 17
17 13
21 17
44 27
82 41
126 58
173 82
214 107
246 125
11 134
259 134
220 126
207 113
156 95
115 62
72 46
37 25
19 13
15 11
33 17
64 31
107 48
156 72
201 99
236 119
259 132
265 136
251 134
218 123
181 103
134 82
89 56
48 35
21 15
13 7
25 13
50 25
89 42
136 62
185 87
224 111
251 126
263 136
257 136
236 126
199 111
154 89
107 64
64 41
33 25
17 15
17 13
37 19
76 39
125 68
164 87
197 89
232 97
261 117
265 136
248 138
212 119
171 91
126 68
82 52
44 41
19 25
13 11
27 9
56 21
99 44
146 72
193 95
228 111
255 125
265 136
255 138
228 128
189 107
144 82
97 60
56 41
27 23
15 13
21 11
44 19
82 37
128 60
175 83
218 107
248 123
263 132
261 136
242 130
207 113
162 91
117 70
72 46
35 27
17 13
15 9
33 15
66 31
109 50
156 74
203 97
238 117
259 132
265 138
251 134
222 125
181 103
134 80
89 56
50 39
29 27
17 21
15 11
39 7
85 23
140 54
187 87
222 111
251 123
265 130
261 134
236 130
199 119
154 93
105 64
62 39
31 23
15 15
15 11
37 15
74 29
119 52
167 80
210 103
244 121
261 132
263 136
246 130
214 117
173 99
125 76
80 50
33 31
19 15
15 11
29 15
58 27
99 42
148 68
195 93
230 115
255 128
265 136
255 134
228 125
189 107
142 83
95 58
54 39
27 21
13 11
21 11
46 21
83 39
128 60
175 83
218 107
250 126
263 136
261 138
242 132
207 117
162 95
117 76
72 56
29 25
5 0
11 0
35 7
68 35
109 56
156 72
203 89
240 117
261 138
263 146
248 136
222 119
181 99
132 80
83 58
46 35
23 15
13 5
25 9
46 23
29 44
13 66
185 87
224 109
3 128
265 138
257 138
218 126
189 109
152 87
105 64
62 42
31 23
15 9
17 7
39 15
13 35
121 58
167 82
210 103
244 121
11 134
263 138
246 132
212 119
169 95
123 72
78 50
33 31
19 17
5 9
29 13
60 27
101 48
150 72
195 95
232 117
257 132
267 142
253 146
226 132
177 99
125 66
93 44
56 31
27 21
11 11
19 5
46 15
87 39
132 66
177 91
218 107
250 123
265 134
259 138
238 132
205 113
162 89
113 64
68 44
33 25
17 13
17 9
31 15
66 31
111 52
160 76
205 99
238 119
259 130
263 136
250 134
220 121
177 99
125 76
85 52
46 33
21 17
15 9
25 13
52 23
93 42
138 64
187 89
226 111
251 126
263 134
259 134
234 128
197 111
150 87
103 64
62 41
31 25
15 13
17 13
41 19
76 35
123 58
169 82
214 107
250 136
259 140
251 123
236 107
212 103
173 97
123 80
74 48
39 19
23 7
19 13
31 25
58 35
101 44
152 66
197 93
232 117
255 134
263 134
253 128
226 119
187 103
140 83
95 60
54 37
27 19
13 11
21 13
46 23
17 39
130 58
179 83
220 109
250 126
263 136
261 136
240 128
205 115
158 91
111 68
68 44
33 25
17 13
17 11
35 19
68 33
113 52
160 76
205 99
240 121
259 132
263 136
250 132
220 121
177 101
130 78
83 52
48 35
23 19
15 11
27 17
60 35
97 54
134 66
175 76
222 93
255 119
265 134
255 136
230 121
197 103
152 85
105 68
60 46
29 27
15 11
19 9
39 17
76 37
123 58
169 80
210 99
244 119
263 132
263 140
244 132
210 115
167 93
123 72
76 50
41 31
19 15
15 9
29 13
60 29
103 46
152 70
197 95
234 117
255 130
263 136
253 134
226 123
187 107
138 83
93 58
52 37
25 19
15 11
23 11
46 21
85 39
132 60
179 85
220 109
251 126
263 136
259 138
240 128
203 115
160 93
111 68
68 46
35 29
21 23
19 23
25 11
58 9
111 31
164 70
207 105
240 123
259 126
265 130
251 132
220 128
177 111
130 80
83 50
44 29
21 17
13 15
25 13
52 21
93 39
142 64
189 91
228 115
255 128
265 134
257 132
232 126
195 113
148 89
101 62
58 39
29 21
13 13
19 13
41 19
76 35
123 54
171 82
214 105
246 123
263 132
261 136
244 130
210 117
167 97
121 72
76 50
39 29
17 15
13 9
31 15
64 31
103 48
152 72
199 95
236 117
257 132
265 138
253 134
226 125
189 111
146 93
87 64
41 27
17 1
13 0
23 5
46 23
85 39
132 58
181 82
222 109
251 130
263 140
259 138
238 126
203 111
158 93
109 68
64 42
33 21
17 9
17 9
35 17
70 33
115 50
164 76
207 101
242 121
259 132
263 136
250 130
216 119
175 99
128 76
83 52
44 31
19 13
15 9
27 13
56 27
95 44
142 66
189 89
228 113
255 128
263 136
255 134
232 125
193 107
146 85
99 62
58 41
29 21
15 11
17 11
41 19
80 37
125 60
171 83
214 105
246 123
263 134
265 144
177 146
207 121
154 80
111 46
66 31
42 29
19 21
5 11
29 7
64 21
109 50
21 83
199 105
234 115
0 125
263 136
251 136
224 126
183 103
138 76
91 52
50 33
23 21
15 13
23 11
48 19
87 39
134 64
181 87
218 111
251 126
263 134
259 136
236 130
201 113
156 89
109 64
66 42
33 25
15 13
17 9
37 15
70 31
115 54
164 78
207 101
240 121
11 132
265 138
248 134
216 121
175 93
128 78
82 54
44 33
5 19
5 11
27 13
56 25
97 46
146 72
197 101
230 123
248 125
253 121
251 119
234 119
195 109
144 87
97 56
60 33
33 21
17 19
19 19
41 23
80 35
126 56
173 83
214 107
246 123
263 130
261 132
242 128
208 117
166 97
119 70
74 46
39 27
17 15
15 13
33 17
62 29
107 48
156 74
199 99
236 119
257 130
265 134
253 132
224 123
181 103
136 78
91 54
50 35
25 19
13 13
23 13
48 23
87 41
136 64
183 87
222 111
251 126
263 134
257 136
238 126
201 111
154 89
109 66
66 44
33 27
17 15
17 13
37 19
78 42
119 66
154 72
197 80
238 99
265 126
265 142
246 136
214 113
175 89
128 74
82 60
42 41
19 17
13 3
29 9
56 27
97 50
144 70
191 87
230 109
5 126
265 138
255 138
230 125
191 105
130 83
99 62
48 41
23 23
15 9
21 9
42 19
80 39
126 60
173 82
216 105
248 123
13 134
261 136
166 130
208 117
164 95
115 70
72 48
39 29
17 17
15 11
31 15
64 29
107 48
156 74
201 97
236 117
259 130
265 136
251 134
224 125
183 105
136 82
89 58
54 41
29 29
9 15
11 3
41 5
87 27
138 60
183 89
220 109
251 121
267 132
261 138
236 134
199 117
154 91
107 64
64 41
31 23
15 13
15 9
37 13
72 29
119 52
166 78
208 101
240 119
261 128
265 136
248 134
214 121
173 99
126 74
82 50
42 33
19 17
15 9
27 11
56 25
99 46
146 70
193 93
230 113
255 128
263 136
255 134
230 126
189 107
144 83
97 60
56 39
27 21
15 13
21 13
42 21
82 37
128 60
175 83
216 107
248 125
263 136
261 136
240 130
208 117
167 103
123 85
66 52
25 11
11 0
17 0
35 17
64 37
107 48
158 64
205 91
238 119
259 140
265 144
251 132
220 117
181 99
134 82
87 58
48 33
21 11
13 5
23 9
48 23
89 42
138 62
185 85
224 109
251 128
263 136
259 136
236 126
199 109
152 87
105 64
62 41
33 21
17 13
17 11
37 19
74 33
119 54
167 78
210 103
244 121
261 132
263 136
246 132
214 119
171 99
125 74
80 50
42 31
21 15
15 11
27 15
58 27
101 46
148 70
193 93
230 115
259 134
273 150
255 144
218 121
179 91
140 70
97 52
56 37
25 21
13 7
21 5
46 17
83 42
130 68
175 87
216 105
248 123
263 134
259 140
240 130
205 113
162 89
115 66
70 44
37 29
17 15
15 9
33 15
66 31
109 52
158 76
203 99
238 117
259 130
263 136
250 134
220 123
179 101
132 78
87 54
48 35
21 19
13 11
25 11
50 23
91 42
138 64
183 85
226 111
255 130
265 138
257 136
236 126
199 111
154 91
105 66
62 42
31 23
17 13
17 11
39 19
76 35
121 58
167 83
216 115
244 132
251 126
253 115
244 113
216 113
171 103
121 76
78 44
42 23
23 17
15 19
29 23
58 29
101 42
148 66
193 95
230 117
253 128
263 130
253 128
228 123
189 109
142 87
95 60
56 37
27 19
13 13
21 13
44 21
82 35
128 58
177 83
218 111
248 126
263 134
259 136
242 130
207 117
160 93
113 68
70 44
37 25
17 15
17 13
33 17
68 31
111 50
158 76
203 99
240 121
259 132
263 136
250 132
220 121
179 101
132 78
87 56
48 35
15 19
15 13
29 19
56 35
25 46
0 56
177 72
224 97
255 123
265 136
255 134
232 121
199 105
138 89
105 70
60 46
29 23
15 9
15 11
39 21
72 37
119 54
169 76
210 99
244 121
11 134
263 138
246 130
212 117
169 97
123 74
78 52
33 31
19 15
13 9
31 15
60 29
101 48
150 70
195 93
232 115
255 130
263 136
255 134
228 125
189 107
140 83
95 58
54 37
27 21
13 11
21 11
44 21
83 39
130 60
177 85
218 107
250 125
263 136
259 136
240 128
205 115
160 93
113 70
68 46
39 33
21 25
11 13
23 1
60 7
113 37
164 78
205 107
238 119
259 125
267 132
253 138
220 130
177 107
130 76
85 50
46 31
19 19
13 13
25 11
52 19
93 39
140 64
187 93
226 115
253 126
263 130
257 134
234 130
195 113
150 87
103 60
60 39
29 23
13 13
19 11
39 15
76 33
123 56
169 82
212 105
244 123
261 132
263 136
246 132
212 119
169 97
121 72
76 48
41 29
17 15
13 9
29 15
60 29
103 48
150 72
197 95
234 117
7 130
265 138
253 136
166 126
195 117
142 91
83 54
42 21
21 3
15 5
23 13
44 23
83 35
134 56
183 85
222 113
248 130
265 138
261 136
238 128
201 113
158 93
111 70
68 44
33 23
15 11
17 9
35 17
68 31
113 50
162 74
205 99
240 121
259 134
263 138
250 132
220 121
177 101
128 78
83 52
46 31
23 15
15 11
25 13
52 25
95 42
142 66
187 89
228 113
253 128
263 136
257 134
232 126
195 109
150 87
101 64
58 39
31 23
17 13
19 13
41 21
78 37
125 58
169 82
212 105
246 125
265 138
269 150
244 142
199 107
160 74
119 54
78 46
33 35
1 17
5 5
31 7
64 29
105 56
27 80
197 97
234 111
0 126
263 138
