650000 10000000 136314 15
111 60
64 41
31 27
13 15
17 11
44 17
85 39
136 64
185 93
228 113
255 128
265 134
255 134
224 125
181 105
130 78
82 52
41 29
17 15
13 11
33 15
66 29
115 50
167 80
212 105
248 125
263 136
261 138
238 130
201 113
150 89
99 64
56 41
25 19
13 9
23 11
52 23
95 44
148 70
197 97
238 121
267 142
267 148
242 130
207 107
166 83
121 64
72 46
31 25
13 9
17 5
41 17
80 39
126 66
177 87
222 109
253 125
265 136
257 138
230 126
187 103
138 78
89 54
46 33
21 17
13 9
27 11
62 27
107 50
158 76
205 99
244 119
263 134
263 138
242 132
207 117
158 91
107 66
60 41
27 23
13 9
19 9
44 19
89 39
140 66
189 91
230 115
257 130
267 138
253 136
222 125
177 103
126 76
78 50
39 31
17 15
15 9
33 15
70 31
119 54
169 82
216 107
250 126
265 140
265 148
240 142
189 109
136 66
91 41
54 29
25 25
11 15
21 7
54 15
101 41
154 78
201 107
236 123
261 128
265 132
248 134
212 125
166 99
115 68
68 39
33 23
13 13
15 11
41 17
82 33
130 56
181 85
224 113
255 130
265 138
255 134
228 125
185 105
134 82
85 56
44 31
19 13
13 9
29 17
62 29
111 50
162 76
208 101
246 123
263 134
263 138
242 130
203 113
154 91
105 64
58 41
25 21
13 11
21 13
48 25
91 42
142 66
193 91
234 117
261 134
267 144
259 146
218 128
164 93
115 58
72 35
39 21
15 13
13 9
35 11
74 27
125 54
175 87
220 115
250 130
265 136
259 136
234 126
193 111
142 85
91 56
48 31
21 15
13 9
25 13
56 25
103 44
154 70
201 95
240 119
263 134
263 138
244 130
210 115
164 95
113 70
64 44
31 23
15 11
17 9
41 19
83 37
126 62
185 87
228 113
5 128
265 136
255 136
226 125
181 103
130 76
82 52
35 31
19 17
13 9
31 15
66 31
115 54
166 80
212 105
248 125
265 138
261 140
240 134
207 125
152 97
89 52
44 15
23 1
17 7
23 17
48 25
93 37
148 60
197 95
236 126
259 142
265 138
251 130
216 117
169 101
119 76
72 48
35 23
13 7
15 5
37 17
76 37
126 60
177 82
220 107
253 126
265 138
259 138
232 126
189 105
140 82
89 56
46 35
21 17
13 9
27 13
58 25
105 48
158 74
205 99
242 119
263 134
263 140
246 132
207 117
160 93
109 66
62 41
29 23
13 13
17 9
44 19
87 39
138 64
187 89
230 115
257 130
267 138
255 138
228 128
185 113
125 80
68 41
31 9
15 0
17 5
33 17
68 29
117 48
171 76
218 109
250 132
265 142
261 138
238 126
197 109
146 87
97 62
52 37
23 15
11 7
21 11
52 25
99 44
148 68
197 93
236 115
261 134
265 140
248 134
214 119
167 95
117 70
68 46
33 25
15 11
17 9
39 17
78 35
128 58
179 83
224 109
253 126
267 136
257 138
230 126
187 107
136 80
87 54
46 33
21 17
5 9
29 13
62 29
109 50
162 76
208 101
246 123
263 134
263 138
242 132
205 117
160 97
95 80
46 44
15 7
0 0
19 0
50 23
91 48
140 66
191 83
234 109
1 134
267 148
251 142
220 123
175 95
125 72
76 48
37 31
15 13
13 3
35 11
72 31
121 58
171 82
218 105
251 123
265 134
259 138
234 128
195 111
146 85
95 60
50 37
21 19
13 9
25 11
54 23
99 44
154 70
203 99
240 121
259 132
265 136
248 132
212 119
164 95
113 70
66 44
31 23
13 11
15 9
42 17
83 37
132 62
183 87
226 111
255 130
265 138
255 136
228 125
187 107
140 91
87 66
35 29
7 1
9 0
31 3
66 27
111 50
31 74
212 93
248 121
15 138
263 144
240 134
201 113
154 87
103 64
56 42
25 21
11 7
21 5
48 19
93 42
142 68
193 93
236 115
261 132
265 138
251 136
218 123
171 99
121 72
72 46
37 25
15 13
15 9
37 17
74 33
125 56
175 83
218 107
251 125
267 136
259 136
234 126
191 107
142 83
91 58
48 35
21 17
11 9
25 11
58 25
105 48
156 74
205 99
234 119
9 134
263 138
244 132
210 119
158 97
111 70
68 50
33 37
0 11
5 0
37 0
85 27
138 66
187 95
228 111
5 121
269 134
257 142
226 134
179 109
128 74
82 46
41 29
15 17
11 11
31 13
68 25
115 48
167 80
214 107
248 125
263 134
261 134
238 128
199 115
150 91
99 64
54 37
25 17
13 9
21 13
52 23
97 42
148 68
197 95
236 119
9 132
265 138
250 134
214 121
167 97
119 72
70 48
31 27
13 13
15 9
39 17
78 35
126 58
179 83
224 109
253 130
267 138
257 136
232 126
189 109
138 85
89 62
52 44
21 25
3 5
15 0
56 9
109 41
162 74
207 101
242 117
263 128
267 138
246 136
205 123
156 93
107 64
60 39
27 23
11 13
17 11
44 19
87 37
138 62
189 91
230 115
7 128
251 128
253 134
222 125
177 95
126 78
78 50
31 27
17 13
13 9
33 15
62 31
119 52
169 80
216 107
0 126
265 134
261 136
220 128
187 111
146 85
95 60
52 37
15 19
13 11
23 11
54 25
101 44
150 72
199 97
240 119
261 134
265 138
248 134
212 119
166 97
115 72
68 46
33 27
21 25
19 21
31 11
70 11
128 41
185 83
226 119
1 132
265 130
251 128
230 125
187 115
126 89
83 56
44 27
19 11
11 7
29 15
64 31
111 48
162 72
208 99
246 123
263 136
261 138
240 126
205 111
156 91
103 68
58 42
27 19
13 9
19 11
46 23
89 41
142 64
195 91
234 115
259 134
265 140
251 134
220 121
173 101
123 76
74 48
37 27
15 13
13 9
37 17
74 35
123 56
173 82
220 107
251 126
265 138
259 136
234 126
193 109
144 87
91 60
50 37
25 23
19 21
21 17
44 15
93 29
154 58
205 93
240 121
259 132
263 134
248 128
212 119
164 101
111 74
64 44
31 21
13 11
17 13
41 21
83 37
134 58
185 83
228 111
255 130
265 138
255 134
226 123
181 103
126 80
80 52
35 31
19 15
5 9
29 15
66 29
115 52
158 80
212 103
248 123
263 134
263 136
240 128
199 113
150 87
99 60
56 39
25 21
11 11
21 11
52 21
97 42
5 68
187 93
236 117
9 132
250 138
250 134
216 121
171 99
121 74
72 48
35 27
15 13
17 11
44 29
76 42
115 48
167 60
222 91
255 126
267 144
255 138
230 119
191 99
142 85
91 68
46 42
19 19
13 5
27 9
60 29
105 52
156 74
205 93
242 115
263 132
263 140
244 132
208 117
160 91
107 66
62 42
29 23
13 13
17 9
44 17
87 37
138 62
189 89
230 113
257 130
265 138
253 134
222 123
177 103
128 76
78 50
39 29
17 13
13 9
33 15
70 31
119 54
169 82
216 105
250 125
265 136
259 138
236 130
197 111
148 87
97 62
52 37
23 21
15 13
29 19
56 35
91 44
138 56
193 78
240 107
261 132
265 140
248 132
214 115
167 93
119 74
70 52
31 29
13 11
17 7
41 17
80 39
128 60
179 83
224 107
253 125
265 134
255 134
228 123
187 105
136 82
85 56
44 33
21 17
13 11
29 13
62 29
109 50
162 76
208 101
244 123
263 132
263 136
242 130
205 115
156 91
105 64
60 41
27 19
13 9
21 11
48 23
89 41
140 64
191 91
234 115
259 132
265 138
251 132
220 121
175 101
125 76
76 50
37 29
17 15
17 11
35 19
76 39
126 68
167 83
205 87
244 101
267 125
263 140
234 134
191 107
144 76
97 54
52 42
23 31
11 17
23 9
56 21
103 46
152 76
201 99
238 117
261 128
263 134
246 132
210 119
164 95
113 66
66 41
31 25
13 15
17 13
41 19
82 37
134 60
185 87
226 113
253 126
267 136
255 134
226 125
183 105
132 80
83 54
42 31
17 15
13 9
29 15
66 27
115 52
166 80
212 103
248 125
263 134
263 138
240 130
201 115
152 89
101 62
56 39
27 21
13 13
23 13
50 25
101 52
148 78
187 93
222 101
255 113
267 128
251 132
216 119
171 95
123 68
76 46
37 29
15 19
15 15
39 17
76 33
125 56
173 83
220 109
251 125
265 132
257 132
232 125
191 111
140 85
89 56
48 31
21 17
13 11
25 13
58 27
105 44
156 72
205 99
242 121
261 134
263 136
246 130
207 115
160 91
109 66
64 41
31 23
13 11
19 11
44 21
87 41
136 64
187 89
230 113
257 128
265 136
253 134
224 123
179 103
128 78
80 52
41 29
17 15
15 11
33 17
68 33
117 54
173 87
218 117
240 123
251 115
255 115
242 121
201 117
146 91
97 56
54 27
27 15
15 17
23 21
50 27
97 41
148 64
197 95
236 121
259 134
265 136
248 128
214 117
167 97
117 72
68 44
35 23
15 11
17 11
39 19
78 37
128 58
179 85
222 109
251 128
265 136
257 136
228 123
185 103
136 80
87 56
46 35
19 15
13 7
27 13
62 29
109 50
158 76
207 99
246 121
263 136
265 140
242 132
205 115
158 91
107 66
60 41
27 23
13 11
19 11
46 21
89 41
142 70
199 103
232 123
248 125
255 121
250 119
222 115
177 101
123 74
76 44
39 23
17 13
15 13
35 21
72 35
121 54
171 78
216 107
250 128
263 138
259 134
234 125
195 107
144 83
95 60
50 37
23 17
13 9
25 13
54 27
99 46
152 70
201 95
240 119
261 134
263 138
246 132
212 117
164 95
113 70
68 44
31 23
13 11
17 9
41 19
82 37
132 60
181 83
226 109
257 128
265 140
255 136
226 123
185 105
134 82
83 56
42 33
19 15
15 9
31 15
64 29
111 52
33 78
212 105
1 134
265 146
253 132
230 109
199 93
156 83
105 70
56 44
25 17
13 1
23 9
50 31
93 52
142 70
193 89
234 111
259 132
263 142
250 134
218 117
171 93
121 70
72 48
35 29
15 13
15 9
37 15
74 33
123 58
175 83
220 107
251 126
265 136
259 136
234 128
191 109
142 83
91 58
48 35
21 19
11 9
25 11
58 27
103 48
156 74
205 97
242 119
263 134
263 138
244 132
208 115
162 93
111 68
64 44
29 25
13 11
17 11
42 21
85 41
136 66
187 93
232 119
261 138
263 142
244 126
216 107
179 89
132 74
80 54
39 29
17 9
15 5
35 17
68 37
115 56
167 80
214 103
248 123
263 136
259 138
238 128
199 109
150 85
99 62
52 37
23 17
13 9
23 11
50 23
95 44
148 70
197 93
236 117
259 132
265 140
250 134
216 119
169 97
119 72
72 46
33 27
13 11
15 7
39 17
78 37
126 58
177 83
222 107
253 126
265 134
257 138
232 126
189 107
138 82
89 56
46 35
21 19
13 9
27 13
60 27
107 48
160 76
207 103
244 123
265 136
269 150
242 140
195 105
148 68
107 48
64 39
27 25
11 11
19 5
48 15
89 41
140 72
189 99
230 115
0 126
265 132
251 134
156 125
177 93
125 72
76 44
39 25
17 15
15 11
33 13
70 29
119 54
46 82
208 107
0 126
265 136
261 136
158 128
189 111
148 87
95 60
52 35
15 17
11 9
25 11
52 25
37 44
9 70
201 95
238 119
11 134
263 138
248 132
214 117
167 95
115 64
68 46
33 27
15 13
17 13
41 21
80 31
7 60
181 85
220 111
5 130
271 146
255 150
128 128
173 95
125 64
78 44
44 31
1 17
1 5
29 5
66 25
115 54
39 83
208 107
246 123
13 134
263 138
224 125
203 117
154 89
103 60
58 37
25 19
13 11
21 11
48 21
83 39
142 64
193 93
234 119
7 132
265 136
253 134
220 121
173 101
123 76
76 48
37 25
15 11
13 7
35 15
3 33
123 56
173 82
218 107
1 126
265 136
259 138
234 126
193 107
144 83
93 58
48 35
21 17
13 9
25 13
56 25
103 48
154 72
203 97
234 121
13 136
250 140
248 138
216 130
158 99
93 54
56 21
31 9
17 11
17 15
33 17
83 29
136 56
187 91
228 123
255 136
265 136
255 130
224 121
181 105
132 82
82 52
33 27
17 11
13 9
31 17
66 31
115 52
158 76
212 103
246 125
263 136
261 138
238 128
201 111
150 87
101 64
54 39
25 19
11 9
21 9
50 23
93 42
146 68
195 95
236 117
259 132
265 138
250 134
216 121
171 97
121 74
72 48
35 27
15 13
15 9
37 17
76 35
126 58
177 85
220 109
251 126
267 136
261 140
238 136
193 119
132 82
80 44
42 17
21 7
13 7
25 13
58 23
105 41
160 70
207 103
244 128
263 138
263 136
244 128
207 115
160 95
107 68
60 41
29 17
13 7
17 7
44 21
87 41
138 64
189 89
230 113
257 130
267 140
253 136
222 123
179 101
128 76
80 52
39 31
17 13
13 7
33 15
70 31
119 54
169 80
214 105
250 125
265 136
259 138
236 128
197 109
150 87
93 60
52 37
15 19
13 9
23 11
52 25
37 46
17 70
199 95
238 119
261 134
265 140
250 134
214 121
169 103
121 83
64 46
21 7
7 0
17 0
42 21
80 42
126 56
179 76
228 105
257 134
267 148
255 142
228 123
187 101
136 80
85 58
42 35
19 13
13 5
27 11
62 27
109 52
162 76
208 99
244 119
265 134
263 140
242 134
203 115
156 87
105 64
60 41
25 21
13 9
21 9
48 19
89 41
140 66
191 91
232 115
7 130
250 136
251 134
220 123
177 95
125 76
76 48
39 29
15 13
15 11
35 17
64 31
123 56
173 82
218 107
0 125
265 134
261 138
238 130
189 115
152 95
95 68
42 33
11 5
9 0
27 3
56 23
99 44
152 68
203 93
242 119
13 138
263 144
246 136
212 119
166 95
109 62
64 46
29 25
13 9
17 7
41 17
78 37
125 60
183 87
226 111
255 126
267 136
255 136
226 125
183 103
134 78
83 54
42 33
17 15
13 7
29 13
66 29
113 52
156 78
210 103
246 123
263 134
261 138
240 130
201 113
152 89
101 64
56 39
25 21
13 11
5 11
48 21
93 41
144 66
195 95
234 119
259 132
267 138
251 134
218 123
171 101
123 76
80 58
39 39
5 9
3 0
33 0
78 27
126 62
173 87
218 103
253 117
267 132
261 144
234 138
191 113
140 80
89 52
48 35
21 23
13 13
25 9
56 19
105 44
158 74
205 103
242 121
263 132
265 134
244 132
208 119
160 95
109 66
64 42
29 23
13 13
17 11
44 21
85 37
134 62
185 87
228 111
257 130
267 140
253 134
224 123
181 103
130 80
80 52
41 29
17 15
15 11
31 15
68 31
117 52
167 80
214 105
248 125
265 136
261 138
238 130
199 113
150 91
103 68
60 48
21 25
0 1
13 0
50 11
99 41
148 70
195 93
236 113
263 128
267 140
250 140
216 125
169 99
117 70
70 44
33 25
13 13
15 9
37 13
76 29
128 56
179 85
224 111
251 126
265 134
259 134
232 128
187 111
136 83
87 56
46 31
19 17
5 11
27 13
60 27
107 46
35 74
191 93
244 123
13 134
263 136
242 128
207 115
158 93
105 68
60 41
29 21
13 11
19 11
44 21
89 41
140 64
189 89
230 113
9 130
267 138
253 136
222 123
177 103
126 78
78 54
41 33
21 27
13 17
23 5
60 9
119 37
173 78
218 113
248 126
265 128
263 130
240 130
197 121
144 95
95 60
52 31
23 15
11 11
23 15
52 23
101 41
152 66
201 95
238 121
261 134
265 136
248 130
212 117
166 95
115 72
66 44
29 21
13 9
17 11
42 21
80 39
130 60
183 85
226 111
255 130
265 140
255 136
228 123
185 103
134 80
83 56
42 33
19 15
13 9
29 15
64 27
113 50
164 78
210 103
246 123
263 134
263 138
242 130
205 115
154 91
103 66
60 42
31 29
17 23
15 13
37 9
85 23
142 52
195 87
234 117
257 130
265 132
253 130
222 125
175 107
123 80
74 48
37 25
15 13
13 11
33 17
72 31
125 52
175 82
218 107
250 126
267 136
259 136
234 126
193 109
142 85
93 60
48 35
21 17
13 9
25 13
58 27
103 48
156 72
203 97
240 121
263 134
263 138
246 132
208 115
162 93
111 68
64 44
29 23
13 11
17 9
42 19
83 39
134 64
185 87
228 111
255 128
265 138
255 136
226 125
181 103
132 78
82 54
42 33
17 17
17 15
37 29
62 35
101 37
158 54
214 91
251 126
265 144
259 136
238 121
203 107
154 95
99 74
54 44
25 17
11 3
21 9
50 27
95 46
146 66
195 89
236 111
261 132
267 140
250 136
216 119
169 95
119 72
72 48
33 27
15 13
17 9
39 15
76 35
126 60
177 83
222 109
253 126
265 136
257 136
230 126
189 107
138 82
89 56
46 33
21 15
13 9
27 13
60 27
107 48
158 74
205 99
242 119
263 132
265 138
244 132
207 117
160 93
109 68
62 44
29 25
13 15
25 21
48 29
80 37
126 48
185 74
232 105
259 130
263 138
251 130
224 117
181 101
128 83
78 58
39 33
17 13
13 5
33 15
70 35
117 56
169 78
214 101
250 121
265 136
261 140
236 128
197 109
146 83
97 62
54 41
23 21
11 9
23 11
54 25
99 44
150 70
199 95
238 117
261 130
263 136
248 132
214 121
167 97
115 70
68 44
33 25
15 13
17 11
39 17
80 35
130 60
181 85
224 111
255 126
267 136
257 136
228 125
187 107
136 83
85 56
44 35
19 17
13 11
29 15
68 37
115 64
154 74
199 82
242 103
267 128
265 144
240 134
203 109
156 82
107 62
60 46
27 31
11 15
19 9
46 17
91 41
142 70
191 95
232 113
259 125
265 134
251 136
220 123
173 99
125 72
76 48
37 29
15 15
15 11
35 15
74 31
121 54
173 82
218 107
251 125
265 134
259 136
236 128
195 111
144 85
91 58
50 33
23 19
13 13
25 15
56 25
103 44
154 72
203 99
238 121
261 132
265 136
246 132
210 117
166 95
115 70
66 46
31 25
13 13
19 13
46 27
89 48
130 68
173 78
218 93
253 115
267 132
253 136
224 123
183 99
134 76
83 54
44 39
19 23
13 13
31 13
66 27
113 52
164 80
210 103
246 119
263 132
263 136
240 130
201 113
152 89
101 62
56 39
25 23
11 11
21 11
50 23
95 42
144 68
195 95
236 117
259 132
265 138
250 134
216 121
171 99
121 72
72 46
35 27
15 13
15 11
37 17
76 33
126 56
177 83
220 111
251 128
267 138
259 138
232 128
189 109
140 83
91 58
48 35
21 17
13 11
27 15
60 29
107 52
162 87
203 107
230 109
253 111
263 121
248 130
208 123
158 93
109 60
64 35
33 25
15 21
17 19
35 19
85 33
11 58
187 89
228 115
257 130
265 134
253 130
222 119
179 105
130 80
80 52
33 29
17 13
13 9
33 17
5 33
109 52
42 78
214 103
248 125
15 136
261 138
222 128
191 111
150 87
93 62
52 37
17 17
13 9
23 11
52 25
97 44
150 70
199 95
236 119
7 132
265 138
250 134
214 119
167 97
119 72
70 48
33 25
13 13
17 11
41 21
82 39
134 68
185 95
216 111
242 117
259 119
257 125
232 125
185 107
134 78
87 50
48 31
21 21
13 17
27 19
60 27
109 48
160 76
207 103
242 123
263 132
263 132
242 126
205 115
156 91
107 66
60 41
27 21
11 9
19 11
48 25
89 42
138 64
189 87
234 115
259 132
265 138
251 134
220 121
175 101
125 76
76 50
39 29
15 13
15 9
33 15
72 33
121 56
171 82
216 107
250 125
265 136
259 138
236 128
195 111
146 87
95 62
52 37
23 19
13 9
25 13
56 25
101 48
152 72
205 103
244 132
255 134
251 119
242 109
212 107
169 99
115 78
64 42
31 17
17 9
19 17
41 29
80 41
130 58
183 82
226 111
253 132
265 140
255 134
226 119
183 101
132 80
83 56
42 33
17 13
13 7
31 15
64 31
113 52
164 76
212 101
246 123
263 136
261 138
242 130
201 113
152 87
101 62
58 41
27 23
13 11
19 9
50 21
93 42
144 70
193 93
234 115
259 130
265 138
251 134
218 121
173 99
123 74
74 48
37 29
15 15
15 11
37 17
76 35
125 58
177 85
228 119
253 136
257 132
248 121
230 111
193 101
142 85
89 58
46 29
21 11
15 9
27 19
58 33
103 52
156 72
203 95
240 119
261 134
263 140
181 130
208 113
162 89
111 68
62 44
29 23
13 11
3 1
44 21
85 41
9 64
187 89
230 113
5 130
265 138
255 136
224 123
181 101
125 78
80 52
33 31
17 15
5 9
31 15
68 29
117 54
167 80
214 105
248 123
15 134
261 138
238 130
191 113
150 87
95 60
54 37
25 21
13 13
23 15
52 25
97 44
148 70
199 99
238 123
265 144
265 148
240 125
207 97
167 80
121 68
72 52
33 27
15 7
17 3
41 19
80 44
128 68
179 87
222 107
253 125
265 138
255 138
228 126
187 103
138 78
87 54
46 37
19 17
13 9
27 11
60 27
107 48
160 76
207 101
242 119
263 134
263 138
244 132
207 117
158 93
107 66
60 41
29 23
13 13
19 11
44 19
89 39
138 64
189 91
230 115
257 130
265 138
253 136
222 123
177 101
126 78
78 50
37 29
15 13
15 9
31 17
62 33
121 56
171 82
218 109
255 132
267 146
255 140
226 119
189 95
146 74
97 56
52 37
21 17
13 5
25 9
56 25
101 52
152 76
199 97
238 117
261 130
263 138
248 134
212 119
166 93
115 68
68 44
33 27
13 13
17 9
41 17
82 37
130 60
181 87
226 111
255 128
265 136
255 136
228 125
185 105
134 80
83 54
44 31
19 15
13 9
29 13
64 29
113 52
164 78
210 103
246 123
263 136
263 138
240 130
203 113
154 91
103 64
58 41
27 21
11 9
21 11
48 23
91 42
142 66
193 93
234 117
9 132
250 144
250 148
210 125
164 85
117 52
76 37
41 29
17 21
5 9
33 7
13 27
125 60
175 93
218 115
0 126
267 125
259 136
218 130
191 111
142 83
91 54
48 31
21 17
3 11
25 13
56 25
103 42
154 70
205 101
240 123
11 134
265 136
246 130
210 117
162 95
111 68
64 41
31 21
13 11
17 13
42 21
85 37
134 62
185 89
228 113
255 130
265 138
255 134
226 125
181 105
130 78
83 52
35 33
1 15
13 9
31 15
68 31
115 54
166 78
212 103
248 125
267 140
267 148
242 140
193 111
140 74
95 46
56 29
27 19
11 11
19 7
50 17
97 42
148 72
195 101
234 119
259 130
267 136
250 134
214 123
169 99
119 70
72 44
33 23
13 11
17 11
39 17
78 33
126 56
177 83
222 111
253 128
265 138
257 134
230 126
189 107
140 83
87 56
46 31
21 15
13 9
27 13
60 27
105 48
158 74
207 99
242 121
263 134
263 138
244 132
207 115
160 93
109 68
62 42
29 23
13 11
19 9
46 21
87 41
138 64
187 89
232 115
257 132
265 140
253 136
228 132
183 117
119 74
66 31
35 7
19 7
17 15
31 21
68 27
119 44
171 78
218 113
248 134
263 140
261 134
238 125
197 111
146 91
95 64
52 35
23 13
11 7
21 11
52 27
99 46
150 68
199 93
238 119
261 136
263 140
248 134
214 117
167 95
117 72
68 46
33 25
13 11
17 9
39 17
80 35
130 62
179 85
224 107
255 126
267 140
257 138
228 126
185 105
136 80
87 56
44 35
17 17
13 9
29 13
62 27
111 50
162 78
208 103
246 123
263 136
263 140
246 136
210 126
154 97
93 56
50 23
25 7
15 5
19 9
44 17
91 35
146 62
195 95
234 123
259 136
267 140
251 134
220 121
173 101
123 76
74 48
37 25
15 9
13 7
35 17
72 33
121 56
173 80
218 107
251 126
263 138
259 136
236 126
195 109
144 87
93 60
50 37
23 17
13 9
25 13
54 25
103 46
154 72
201 97
238 117
263 132
265 138
248 134
210 119
164 95
115 70
66 46
31 25
13 11
17 9
42 19
83 37
132 64
183 89
226 113
255 130
267 138
257 136
228 126
185 109
138 93
80 60
31 17
9 0
13 0
33 13
66 35
113 52
164 70
212 95
250 125
265 146
261 146
238 128
201 105
152 83
103 66
56 42
23 21
11 5
21 5
50 21
93 44
144 70
195 91
234 113
259 130
265 138
251 136
216 123
171 99
121 72
72 48
35 27
15 13
15 9
37 15
76 33
125 58
175 83
220 109
251 126
267 136
259 138
232 128
191 109
140 83
91 58
48 35
21 17
13 9
27 13
58 27
105 48
158 74
205 101
242 121
263 134
263 138
246 132
210 121
166 103
113 78
54 41
17 9
7 0
19 1
44 19
85 41
136 60
187 83
230 111
259 134
267 146
255 140
224 125
179 101
128 78
80 54
39 31
15 13
13 5
33 11
68 29
117 52
167 80
214 105
248 123
263 132
261 138
240 132
199 115
150 87
97 60
54 37
25 19
11 11
21 11
52 23
97 42
148 68
197 95
236 117
261 132
265 138
250 134
214 119
169 97
119 72
70 46
33 25
13 11
15 9
41 19
80 37
126 60
179 85
224 111
253 128
265 138
257 138
230 126
189 107
138 83
91 66
50 44
13 15
1 0
21 0
64 17
113 54
160 82
205 99
244 113
265 130
265 144
242 140
205 119
158 89
107 62
60 41
27 25
13 13
19 9
46 17
87 37
138 64
191 93
232 117
257 130
265 136
253 134
222 125
177 103
125 76
76 48
39 27
17 15
13 11
33 15
70 29
121 52
171 82
216 107
250 126
265 136
261 136
236 128
195 111
146 87
95 60
50 35
21 17
13 9
25 13
54 25
99 46
152 70
201 95
240 119
261 134
263 138
248 132
212 119
166 99
117 76
74 56
31 33
3 7
7 0
39 3
83 31
132 62
181 87
224 107
257 123
269 136
257 142
228 130
185 107
134 80
83 52
42 33
17 19
13 9
29 11
64 25
111 48
162 76
210 103
246 125
263 134
261 138
242 130
203 115
154 91
101 64
56 39
27 21
13 11
21 11
48 21
91 41
144 66
193 91
234 115
259 132
265 138
251 132
218 121
173 99
123 76
74 50
37 27
15 11
15 9
37 19
74 35
123 56
175 82
220 105
251 126
267 138
259 138
234 128
193 109
142 87
91 60
50 41
27 31
11 19
13 1
46 1
103 29
158 70
205 103
240 121
261 126
267 132
248 134
210 126
162 103
111 70
64 41
29 19
13 13
17 15
42 21
83 35
134 58
185 85
228 113
257 132
267 138
255 134
226 123
181 105
130 80
82 54
42 31
17 13
13 9
31 15
68 29
115 52
158 78
212 103
248 125
15 136
261 138
222 130
199 111
152 87
101 62
54 39
23 19
13 9
21 13
52 23
95 44
146 68
197 93
236 115
261 132
265 138
250 134
216 121
169 97
119 74
74 52
39 37
19 25
9 11
27 3
72 17
126 46
179 82
220 109
251 125
265 130
261 134
232 130
189 115
138 87
87 56
46 31
19 15
13 13
27 15
58 25
105 44
158 70
187 99
236 123
13 136
263 138
244 130
207 117
158 95
107 68
60 42
29 21
13 11
17 9
44 21
87 41
140 64
189 89
230 113
257 130
265 136
255 136
222 123
179 101
126 78
78 50
39 29
17 15
13 11
33 15
70 31
119 54
171 80
216 107
250 125
265 136
261 138
236 130
197 111
148 87
95 62
54 39
23 21
13 17
27 25
48 23
87 27
146 48
201 87
240 121
259 138
263 134
250 126
216 117
169 103
117 80
68 50
31 23
13 7
17 9
39 21
80 37
128 56
181 80
224 107
255 128
265 138
257 136
228 123
185 103
136 82
85 56
44 33
19 17
13 7
29 13
62 29
111 52
162 76
208 99
246 121
263 134
263 138
242 132
203 113
154 89
103 64
58 39
27 21
13 11
19 11
46 21
89 41
142 66
193 93
234 117
257 132
265 136
253 134
220 125
175 103
123 76
76 50
39 29
19 17
21 23
33 25
64 29
113 33
169 66
220 101
1 126
255 136
259 132
236 123
197 109
146 89
93 66
48 37
23 17
13 9
25 15
56 29
101 44
154 68
203 95
240 119
261 134
263 138
246 132
210 117
164 95
111 70
64 44
31 23
13 11
17 9
42 19
83 39
9 62
179 87
226 109
5 126
267 140
255 138
226 126
183 103
132 78
82 52
33 31
17 15
5 9
31 13
66 29
113 52
158 80
212 103
248 123
13 134
261 136
240 128
201 115
152 91
101 64
56 41
25 21
11 13
23 15
56 35
95 52
126 58
185 70
234 97
263 128
267 146
250 136
216 113
173 89
123 74
74 58
33 35
15 13
15 3
37 13
74 35
125 60
177 83
220 103
251 123
265 134
257 138
232 126
193 109
140 82
89 56
48 35
21 19
13 9
27 11
58 25
105 46
156 74
205 99
242 119
263 132
263 138
244 132
207 117
160 93
109 66
62 41
29 21
13 11
19 13
44 23
85 39
136 62
189 89
230 115
257 132
265 136
253 134
224 121
179 103
130 80
80 52
41 31
17 15
17 13
37 23
74 44
113 56
156 68
207 85
248 111
267 134
259 138
234 125
197 103
152 83
101 66
54 46
23 23
13 9
23 9
52 23
95 46
148 70
197 93
238 113
1 128
265 136
250 134
214 121
167 97
117 70
70 44
33 27
15 13
15 9
39 15
80 35
130 62
179 89
222 111
255 126
265 136
257 136
228 126
185 107
136 82
87 56
46 33
19 17
13 9
29 13
62 29
109 48
160 76
208 101
244 123
263 134
261 138
244 130
205 115
158 93
105 66
60 42
29 21
13 13
19 13
46 25
95 48
146 80
185 91
218 95
253 107
267 126
255 138
220 126
175 97
125 66
78 46
39 35
15 25
13 15
33 13
72 27
121 54
173 85
218 111
250 125
265 130
259 132
236 128
195 113
144 87
93 56
50 33
23 17
13 11
23 15
54 25
101 44
152 70
201 95
240 119
11 134
250 138
246 130
210 117
164 95
109 62
66 42
31 23
13 13
17 11
42 19
83 37
125 60
183 87
226 111
0 126
265 136
257 134
228 126
183 105
132 80
83 54
42 33
19 17
13 11
31 15
68 33
121 62
164 85
201 97
236 105
263 119
265 132
240 130
201 113
154 85
103 58
60 39
27 27
13 17
21 15
48 21
91 41
144 68
193 95
234 117
9 128
265 132
250 130
218 121
173 99
113 72
74 44
37 27
15 15
15 11
37 17
76 35
125 56
175 83
218 109
251 126
265 136
259 136
232 126
191 109
142 85
91 58
48 35
21 17
13 9
27 15
58 27
103 46
156 72
205 97
242 121
261 134
263 136
244 128
210 117
162 95
109 68
64 42
29 23
13 13
19 11
44 21
85 39
136 66
193 101
228 123
246 121
255 115
253 117
228 119
181 109
128 80
80 46
41 21
19 13
15 17
31 23
66 31
117 46
169 76
214 107
246 128
263 136
261 134
238 125
199 111
150 89
99 64
54 37
25 19
13 9
21 13
52 25
97 44
148 68
197 93
236 117
259 132
265 138
250 132
214 117
169 97
121 72
72 48
33 27
15 13
17 9
39 19
78 37
126 60
179 85
222 109
253 126
265 136
257 136
230 126
189 107
138 82
87 56
46 33
19 17
13 11
27 13
62 27
109 50
164 82
212 113
238 125
251 123
257 121
242 121
207 113
158 93
105 64
60 35
29 17
15 13
21 17
46 27
87 41
140 62
189 89
230 117
255 132
263 136
253 130
222 119
177 101
125 76
78 48
41 29
17 13
13 9
33 17
72 33
121 56
169 82
216 105
250 125
265 136
261 138
236 128
195 109
146 85
95 62
46 37
15 17
13 9
23 11
54 25
33 44
11 70
201 97
240 119
11 134
250 138
248 134
212 119
166 97
115 62
68 44
33 23
15 11
17 11
41 19
82 31
132 62
183 89
232 121
9 142
259 140
246 117
220 101
187 93
138 83
83 58
41 27
19 7
17 5
33 21
64 41
111 56
164 74
210 97
244 123
261 138
261 140
240 126
203 109
154 87
103 64
58 42
27 23
13 11
19 9
48 23
91 42
142 66
193 93
234 115
259 130
265 138
251 134
218 121
173 99
123 74
74 48
37 27
15 13
15 9
35 17
74 33
123 54
175 82
220 107
251 126
265 136
259 136
234 128
191 109
142 83
91 56
50 35
21 19
13 11
25 13
58 27
105 48
156 74
205 103
248 130
263 142
255 134
236 117
207 101
164 87
113 68
62 42
29 17
15 5
21 9
44 25
83 44
134 66
185 85
228 109
255 130
265 140
253 136
224 121
181 99
130 76
80 52
41 33
19 15
13 7
31 13
66 29
115 54
166 78
212 103
248 123
265 136
261 138
238 130
199 113
152 89
99 62
54 39
23 17
11 7
23 11
50 23
93 44
146 68
197 95
236 117
259 132
265 138
250 134
216 121
169 99
119 72
72 48
35 27
15 13
15 9
37 17
78 35
126 60
177 87
222 111
255 130
271 148
257 144
220 117
179 83
138 64
93 54
48 41
17 19
13 3
29 7
64 27
107 56
158 83
205 101
244 117
261 130
263 138
242 134
207 117
158 89
107 60
62 39
29 23
13 15
17 9
44 17
89 37
138 68
189 93
230 115
257 128
265 136
253 134
222 123
177 101
126 76
78 48
39 27
17 13
15 9
33 15
70 31
119 52
169 80
216 105
250 125
263 134
261 138
236 128
197 111
148 85
97 60
54 37
23 19
13 11
23 11
54 25
99 46
150 72
199 97
240 121
265 140
271 152
244 136
203 107
160 80
117 58
70 42
31 25
13 9
17 5
42 13
82 39
130 66
181 91
224 111
253 126
265 136
257 138
228 126
185 105
134 78
85 52
44 31
19 17
13 9
29 11
62 27
111 48
162 76
208 103
246 123
263 134
263 136
242 130
205 115
156 91
105 64
58 39
25 17
15 11
21 11
46 23
89 41
142 66
193 93
232 115
257 132
265 136
251 134
220 121
175 99
125 74
74 48
39 29
17 15
15 11
35 17
66 33
123 56
173 82
218 107
251 126
265 136
265 144
240 142
187 111
125 66
85 35
52 21
17 19
11 17
23 11
56 17
103 41
156 76
203 109
238 126
11 130
265 132
246 130
210 121
162 97
111 66
66 39
31 21
13 11
17 11
42 21
83 35
125 60
185 89
226 115
255 132
267 138
255 134
226 123
183 105
132 80
82 54
42 31
17 13
13 9
31 15
64 31
113 50
158 78
210 103
246 123
263 136
261 138
240 130
201 113
152 87
101 64
56 41
25 21
13 9
19 9
48 21
95 42
146 70
195 95
236 117
261 132
267 140
257 146
218 130
162 95
109 58
68 31
37 17
15 13
13 9
35 11
78 29
128 56
177 89
220 117
251 130
265 136
259 134
232 128
189 111
138 83
89 54
48 29
21 15
13 9
25 13
60 25
105 46
156 72
205 97
242 119
263 134
263 138
244 132
208 115
160 93
109 68
60 42
29 21
13 11
19 11
44 21
85 39
136 62
187 89
230 115
257 130
265 138
255 134
224 123
179 103
128 78
80 52
41 29
15 13
13 7
33 15
70 33
117 56
167 80
214 105
250 125
265 138
261 140
238 132
205 121
150 97
87 54
42 15
21 0
15 5
25 17
50 27
95 39
150 60
201 93
240 126
259 142
263 140
248 128
214 115
167 99
117 76
68 48
33 21
13 7
15 9
39 21
80 39
128 58
179 82
224 107
253 128
265 140
257 138
230 125
187 105
136 82
87 56
44 35
19 15
13 9
27 13
60 27
107 48
162 76
208 103
244 123
263 134
263 138
244 132
205 115
156 91
105 66
60 41
27 23
13 11
19 9
46 21
89 41
140 66
189 91
232 113
259 130
267 138
253 138
226 128
181 113
121 78
66 39
31 11
17 1
17 5
35 17
70 29
121 48
173 78
220 109
251 132
265 142
261 136
236 126
195 111
144 87
93 62
50 37
21 15
11 5
23 9
56 25
101 46
152 70
199 95
240 117
263 134
265 140
246 134
210 117
166 93
115 70
66 46
31 23
13 9
17 7
41 17
82 37
132 60
183 87
226 111
255 128
265 136
257 136
228 125
183 105
132 80
83 54
42 31
17 15
15 9
29 15
64 29
111 50
156 78
210 101
246 123
15 136
263 140
240 132
203 115
158 97
109 78
52 42
13 3
5 0
23 0
52 25
91 48
142 66
193 85
236 111
261 134
267 146
251 142
218 121
171 95
121 72
74 50
35 31
13 13
13 5
35 11
74 33
123 58
175 85
220 107
251 125
265 134
259 138
234 128
191 107
142 82
91 56
48 35
21 19
13 9
25 11
58 25
103 46
154 74
203 101
240 121
261 132
263 136
246 132
208 117
162 93
111 66
64 42
31 23
13 11
17 9
44 19
85 39
134 64
185 89
228 113
257 130
265 138
253 134
226 123
185 107
138 91
82 62
31 25
7 0
9 0
31 5
68 29
115 52
166 74
214 99
250 123
265 140
263 144
238 132
201 111
150 85
99 62
54 41
23 19
11 7
21 5
50 17
97 42
148 70
195 95
236 115
261 130
265 140
250 136
216 121
169 97
119 70
70 44
33 25
13 13
15 9
39 17
76 33
126 58
179 85
222 109
251 126
267 134
257 134
232 126
189 109
138 83
87 56
46 35
19 17
13 11
27 13
60 27
107 48
158 72
205 99
244 121
265 136
263 138
244 130
207 117
160 95
109 70
66 54
29 33
3 3
7 0
42 0
91 33
140 70
189 93
230 111
257 123
269 136
255 144
222 132
177 107
125 72
78 46
39 31
15 19
13 11
33 11
70 27
119 52
169 82
216 107
250 125
265 134
259 136
236 126
197 113
148 89
95 60
50 35
23 17
13 11
25 13
54 25
99 42
150 68
199 95
238 119
261 132
265 136
248 132
212 119
166 97
115 72
68 46
33 25
13 13
15 9
41 19
80 35
130 58
183 87
226 111
253 130
267 138
257 136
228 126
187 107
136 83
89 60
48 41
15 19
1 0
21 0
62 15
113 46
164 78
208 101
246 117
265 130
265 140
244 138
203 119
154 91
105 62
58 41
25 23
11 13
19 9
48 17
91 37
142 66
191 93
234 115
259 128
265 134
251 134
220 123
175 103
123 76
74 48
37 27
15 13
15 11
35 17
1 33
123 54
48 80
220 107
1 126
265 136
259 136
158 128
193 111
142 85
91 60
50 35
21 17
5 9
25 11
56 27
103 48
29 72
203 97
240 121
13 134
250 138
246 132
210 117
164 95
109 62
64 44
35 29
21 25
13 15
31 3
76 13
136 48
189 91
226 119
0 128
265 128
251 130
228 128
181 115
130 85
82 50
35 25
17 13
13 11
29 17
66 29
115 46
158 72
210 103
248 125
263 134
261 134
240 128
201 113
152 91
101 64
56 39
25 19
13 9
21 11
50 23
93 42
146 66
187 93
236 117
259 134
265 138
250 134
216 121
171 99
121 74
72 48
31 25
15 11
13 7
39 17
76 35
126 58
175 83
220 109
253 128
267 140
250 138
232 126
191 109
140 83
89 60
48 39
27 27
15 19
17 9
48 11
101 31
160 64
207 99
240 121
261 128
265 130
246 130
208 119
160 99
111 72
62 42
29 21
13 11
17 11
44 21
85 37
136 60
187 85
230 113
257 130
265 138
253 134
224 121
179 101
128 80
80 52
31 29
17 13
13 9
31 15
68 31
119 54
169 80
216 105
248 125
263 136
261 138
238 130
197 113
146 87
97 62
54 37
23 19
11 9
23 9
54 23
99 44
7 70
197 95
234 117
11 132
265 138
248 134
214 119
167 97
117 70
68 44
35 27
15 15
23 23
41 29
70 29
119 37
177 68
226 107
255 134
265 140
255 130
232 119
189 105
136 89
85 64
44 35
19 11
13 5
27 13
62 31
109 50
160 72
207 95
244 119
265 136
263 142
242 132
205 111
158 89
105 68
58 44
27 23
13 9
19 7
46 19
89 39
142 66
191 91
232 113
257 128
265 136
253 136
220 123
175 101
125 74
76 48
39 29
15 17
15 11
35 15
72 33
121 56
173 83
218 107
250 126
265 136
259 136
234 126
195 111
144 87
95 60
52 37
25 21
17 17
31 25
50 29
89 35
144 52
201 83
240 115
261 132
263 134
248 128
212 115
166 97
115 76
66 50
31 27
13 9
17 9
41 21
82 39
132 60
183 83
226 107
255 126
265 138
255 136
226 125
183 103
132 80
83 54
42 33
17 17
13 11
29 13
64 27
113 52
158 80
210 103
246 123
263 132
263 136
240 130
201 115
152 89
103 62
56 39
25 21
11 11
21 11
50 21
95 42
144 68
193 93
234 115
253 130
265 138
250 134
218 121
173 101
123 74
72 48
37 27
15 13
15 11
41 23
80 46
121 60
164 66
214 83
251 113
269 138
259 144
232 126
191 101
142 78
93 62
48 44
19 23
13 9
27 9
58 25
103 50
154 76
203 95
242 115
263 130
263 138
244 132
208 117
162 93
109 66
62 42
29 23
13 13
17 11
42 17
85 37
136 62
187 91
230 113
255 128
265 134
255 134
224 126
179 105
128 78
80 50
33 31
17 17
13 11
31 15
68 29
117 52
167 80
214 105
250 125
265 136
261 138
238 128
199 111
150 89
99 64
54 39
25 21
13 11
25 15
60 35
99 54
138 66
187 80
232 101
261 125
265 138
248 134
214 115
169 91
121 70
72 52
35 33
13 17
15 7
39 15
78 35
126 60
179 87
218 107
253 125
265 134
255 134
230 126
189 107
138 82
87 56
44 33
21 17
15 11
27 15
60 27
107 48
160 74
207 101
244 121
263 134
263 136
244 130
205 115
158 91
107 64
60 41
27 21
13 11
19 11
46 19
89 39
140 64
189 91
232 115
259 130
265 138
253 134
222 123
177 103
126 78
78 50
31 29
17 15
15 11
35 19
64 35
125 66
171 91
207 97
240 103
263 117
263 132
238 134
193 113
144 80
95 52
56 37
25 29
13 19
23 15
54 21
99 41
150 72
199 101
238 119
261 128
263 132
246 128
212 119
166 97
115 70
68 42
31 21
13 11
17 13
41 21
82 37
132 58
183 85
224 111
253 128
267 138
257 136
228 125
183 105
134 80
85 54
44 33
19 15
13 9
29 13
64 29
111 52
162 78
210 103
246 123
263 134
263 138
240 130
203 115
154 89
103 64
58 41
27 21
13 11
21 13
50 25
97 48
148 78
187 95
222 103
251 113
265 126
253 132
218 123
171 97
123 68
76 44
39 31
15 21
13 13
37 17
74 31
123 56
173 85
218 109
251 125
265 132
257 132
234 126
193 111
142 85
91 58
48 33
21 17
13 11
25 15
56 27
103 46
154 72
203 99
240 121
261 134
263 138
246 132
208 117
160 93
111 68
66 44
31 23
13 13
17 9
42 19
85 39
134 64
185 89
228 111
257 128
265 138
255 136
224 125
181 105
130 80
80 52
41 31
19 17
15 13
33 17
68 33
115 54
171 87
218 119
242 126
251 119
255 113
240 117
203 115
150 93
99 60
56 31
29 17
15 17
23 21
50 29
95 42
146 64
195 93
234 121
259 134
265 136
250 128
216 117
169 99
119 76
72 48
35 25
15 9
15 9
39 19
78 37
126 60
177 83
222 109
251 128
267 138
257 138
230 125
189 105
138 80
89 56
46 35
21 17
11 9
27 11
60 27
107 50
158 74
207 99
242 119
263 134
263 136
244 130
208 117
160 95
107 68
62 42
29 23
13 13
19 13
44 23
87 41
140 68
197 103
232 123
248 126
255 121
250 119
224 115
177 101
126 76
78 46
41 23
19 15
15 15
33 21
62 35
119 54
169 80
216 107
250 128
263 138
259 134
236 125
197 109
146 87
95 60
52 37
25 19
13 11
23 13
52 25
99 44
150 70
199 97
238 119
259 132
265 138
248 132
212 117
166 95
117 72
70 46
33 27
13 13
17 9
41 19
82 37
130 60
181 85
224 111
255 128
265 138
255 136
228 125
187 105
136 82
85 56
44 33
19 17
13 11
29 15
62 27
111 50
156 78
212 107
251 136
263 146
253 128
232 109
203 95
158 87
105 72
58 42
25 13
15 1
23 9
46 31
91 50
140 68
191 87
232 111
259 132
265 142
251 134
218 117
175 95
125 72
74 50
39 31
17 15
15 7
35 15
64 33
123 58
173 83
218 107
250 125
265 134
259 136
236 128
193 109
142 83
93 58
50 35
15 17
13 11
25 13
56 25
103 46
154 72
203 97
240 117
263 134
263 138
246 132
210 119
164 97
113 72
66 44
31 25
13 13
17 9
42 19
83 37
126 62
187 89
232 119
261 142
261 140
246 125
220 107
181 91
134 76
82 54
39 27
17 9
15 5
35 19
68 39
113 58
166 78
212 101
248 123
263 138
259 140
238 126
201 109
152 85
99 64
56 39
25 19
13 9
21 9
50 23
95 44
146 68
187 93
234 115
251 130
265 136
251 134
218 121
171 99
121 72
72 46
35 27
15 15
15 11
37 17
76 35
125 56
177 83
222 109
253 128
265 138
257 136
232 126
191 109
140 85
89 58
46 33
21 17
13 11
27 13
58 25
107 48
158 76
207 101
242 123
269 142
269 152
238 134
197 101
154 72
111 56
66 44
29 29
11 9
17 1
46 15
89 44
138 74
187 95
230 111
257 125
265 136
251 138
222 123
179 97
130 72
80 48
39 31
17 15
15 11
33 15
68 31
117 54
169 82
214 107
248 125
263 134
261 136
238 130
197 113
148 87
97 60
54 37
23 19
13 11
23 11
54 23
97 42
148 68
199 95
238 119
261 134
265 138
248 132
216 119
169 99
117 74
68 46
33 23
13 11
17 9
41 19
80 39
130 62
181 87
226 113
255 132
273 150
257 146
218 121
175 89
134 64
87 48
46 33
17 15
11 5
29 7
64 27
111 56
160 83
208 105
246 123
263 134
261 138
240 132
205 115
156 89
105 62
58 39
27 21
13 13
19 11
46 19
87 39
140 64
191 93
232 115
257 130
267 138
253 134
220 123
175 103
125 74
78 50
37 29
15 13
13 9
35 15
72 31
121 56
171 82
218 107
250 126
265 136
259 138
236 128
195 109
144 85
95 60
52 37
23 19
13 11
25 13
54 25
101 46
152 72
201 99
240 121
261 134
267 140
253 144
212 128
154 85
103 44
66 25
35 21
15 19
15 13
41 11
83 29
134 62
183 95
224 119
255 130
267 134
255 132
226 125
183 109
132 80
83 50
42 27
17 13
13 11
29 17
64 29
113 48
164 76
210 105
246 125
263 136
263 138
240 130
201 113
154 91
103 64
56 39
27 19
13 11
21 11
48 23
93 42
144 68
193 93
234 117
259 134
265 138
251 134
218 121
173 99
123 76
72 48
37 27
15 13
15 11
37 17
66 35
125 58
177 78
220 109
1 126
267 138
265 146
238 140
185 111
130 72
85 41
48 23
23 15
11 9
25 9
58 19
107 42
158 76
205 105
240 126
261 132
265 136
246 130
208 121
160 95
109 68
62 39
29 19
11 9
1 9
44 21
23 39
7 62
187 89
228 115
7 130
250 138
253 136
224 123
181 103
126 78
80 52
33 29
17 13
13 9
31 15
68 31
115 52
167 78
214 103
248 125
263 136
259 136
238 128
201 113
150 89
97 62
54 37
25 21
13 13
21 13
50 25
95 44
148 70
197 95
236 119
259 132
265 138
250 136
218 126
173 111
113 72
60 29
27 3
15 1
19 13
37 25
76 33
128 50
181 80
224 115
253 138
265 142
257 134
230 121
189 105
136 85
87 58
44 29
19 11
13 5
27 13
60 29
107 48
160 74
208 99
242 123
263 136
263 140
244 132
205 113
156 89
107 66
62 42
29 23
13 9
19 9
46 21
87 41
138 66
189 89
232 113
259 128
265 138
253 134
222 121
177 101
126 76
78 50
39 29
17 15
15 9
33 15
70 31
119 54
171 82
216 107
250 126
265 138
261 138
162 132
205 123
146 95
78 56
39 21
19 1
5 1
25 11
52 25
97 41
11 64
203 95
240 125
3 140
263 140
248 130
212 117
166 95
109 64
66 44
33 21
5 9
17 9
41 19
80 37
0 60
181 87
226 111
5 128
267 138
257 138
228 126
183 105
134 80
85 54
42 33
17 15
5 9
29 15
64 29
111 50
162 76
210 101
246 123
15 134
263 138
242 130
203 113
156 89
103 64
58 41
27 21
13 11
21 9
48 19
91 39
144 66
193 95
234 117
7 130
267 138
253 136
220 125
175 105
130 85
74 58
25 17
0 0
11 0
39 13
76 41
121 60
171 76
220 99
5 128
267 148
259 148
234 130
193 105
142 82
91 60
48 39
21 19
11 5
25 7
56 23
103 48
154 74
203 97
242 119
263 132
265 140
246 134
210 119
162 93
111 68
64 44
29 25
13 11
17 7
44 19
83 39
134 62
185 89
228 111
257 128
267 138
255 136
226 125
181 103
132 80
82 52
41 29
19 15
15 11
31 15
66 29
115 52
167 80
212 105
248 125
263 136
263 138
240 130
201 115
156 97
105 72
50 41
13 7
5 0
23 0
52 21
93 44
144 66
195 87
238 113
263 134
265 146
250 138
216 121
171 97
119 72
70 48
33 29
13 11
13 3
37 13
78 33
126 60
177 87
222 109
253 125
267 138
259 138
232 128
189 109
138 82
89 56
46 35
19 17
11 7
29 11
60 27
107 48
158 74
207 99
244 121
263 134
263 138
244 132
207 117
160 93
107 68
62 42
29 23
13 11
19 11
44 21
87 39
138 64
189 89
230 113
257 128
267 136
255 134
224 125
179 105
128 80
82 58
44 42
11 15
1 0
25 0
70 19
121 56
169 85
214 103
250 117
267 132
263 142
238 138
197 117
148 85
97 56
52 37
23 21
11 13
21 9
52 17
97 39
150 70
199 99
236 121
261 132
265 136
250 134
214 123
166 99
117 70
70 42
33 25
13 13
15 11
39 17
80 35
128 58
179 85
224 111
253 128
265 138
255 134
228 125
185 107
136 82
87 56
46 33
19 17
13 9
29 15
62 29
111 50
162 76
208 103
244 123
263 136
263 138
242 132
205 117
158 93
109 70
68 52
27 29
1 3
9 0
44 5
91 33
142 66
189 91
232 111
261 126
267 138
253 140
220 128
175 105
125 74
76 48
37 29
15 15
13 9
33 13
72 29
121 52
173 82
218 109
250 125
265 134
261 136
234 128
193 111
144 85
95 58
50 37
21 19
11 9
25 11
56 25
101 44
152 70
201 97
240 119
261 132
263 136
248 130
212 119
166 97
113 70
66 42
31 23
15 13
17 11
41 19
83 37
134 62
183 87
226 111
255 130
267 138
255 136
226 126
183 107
134 82
83 56
44 37
23 29
13 17
19 3
54 5
111 35
167 76
212 109
246 125
263 128
263 130
244 130
203 123
154 97
101 64
54 33
25 15
13 13
21 17
48 25
93 39
144 60
195 91
234 119
259 132
265 136
251 132
216 119
171 99
121 76
72 48
35 25
13 11
15 9
37 17
76 35
125 58
175 82
220 107
251 126
265 136
257 134
234 126
191 109
140 83
89 58
48 35
21 17
13 11
25 13
58 27
105 46
158 72
205 99
242 121
263 134
265 140
244 132
208 117
162 95
111 70
64 46
35 31
17 23
11 9
33 5
80 19
136 50
189 87
230 115
255 128
267 132
255 132
226 128
181 111
128 83
80 50
41 27
17 13
13 11
29 17
66 29
117 48
167 76
212 103
248 125
265 134
261 138
238 128
199 113
150 89
99 64
54 39
23 19
11 9
23 11
52 25
97 44
148 68
197 93
236 117
259 132
265 138
250 132
214 119
169 99
117 74
70 46
33 27
13 13
15 9
39 17
80 37
128 60
179 85
222 109
253 126
267 138
257 138
230 126
187 107
138 82
89 58
46 35
19 19
17 17
33 25
54 27
95 31
154 52
210 91
248 126
263 140
261 134
244 121
208 111
160 97
107 76
58 44
27 19
13 7
19 9
44 25
87 42
140 62
189 85
230 109
257 130
265 140
253 136
222 121
175 99
126 76
78 54
39 31
15 13
15 7
35 13
70 33
119 54
171 80
216 105
250 125
265 136
259 138
236 128
195 111
146 87
93 60
50 35
23 19
13 9
25 11
54 25
101 46
27 72
201 97
238 119
11 134
265 138
248 134
212 119
166 95
115 70
68 46
33 27
17 19
25 21
41 25
72 31
123 44
179 72
228 105
255 128
263 136
255 130
230 121
187 107
134 85
85 62
44 35
19 15
13 9
29 15
62 31
111 52
162 74
208 97
244 119
265 134
263 140
240 132
203 113
154 87
103 64
58 42
27 23
11 9
19 9
48 21
91 42
142 68
193 93
234 115
259 130
265 138
251 134
220 121
173 99
123 74
74 46
35 27
15 13
15 11
35 15
74 33
125 56
175 85
220 109
251 126
265 136
259 138
234 128
191 109
142 83
91 58
48 37
21 19
13 11
27 17
64 39
101 56
142 60
195 74
240 103
265 132
263 142
244 132
210 111
164 87
113 70
64 52
31 31
13 11
17 5
42 15
83 39
134 66
185 89
226 107
255 123
265 134
255 138
224 126
181 103
130 76
82 52
41 33
17 17
13 9
31 13
68 31
115 54
166 80
212 105
248 123
265 134
261 136
238 130
199 113
150 87
99 62
54 37
25 19
11 11
21 11
50 23
95 42
146 70
197 95
236 117
259 132
265 136
250 132
214 119
169 99
121 74
72 46
35 27
15 15
17 13
44 27
82 46
119 58
167 70
216 91
253 117
267 134
257 136
230 123
191 101
142 82
89 62
46 41
21 21
13 9
27 11
58 27
105 50
158 76
207 99
242 117
263 130
263 136
244 132
207 115
158 91
107 64
62 42
29 23
13 13
17 11
46 21
87 39
138 64
189 91
232 115
257 130
265 136
253 134
222 123
177 103
126 76
76 48
41 27
17 13
15 11
33 15
70 31
119 54
171 82
216 107
250 125
265 136
261 138
236 128
195 109
148 87
97 62
52 37
23 19
13 11
25 13
54 27
103 54
29 83
191 91
226 97
5 111
265 128
250 136
214 125
166 93
115 62
64 42
35 33
15 23
17 15
31 15
17 31
5 58
181 89
224 111
1 125
265 132
257 134
228 126
185 107
136 82
87 54
44 33
17 17
5 11
29 15
64 29
109 50
37 76
208 93
246 123
13 132
263 136
242 128
205 113
156 91
103 64
54 39
27 19
13 11
21 11
46 23
29 41
17 64
187 91
234 115
1 132
250 140
251 134
220 121
175 99
125 76
76 50
37 29
15 13
15 9
33 17
5 39
3 68
171 87
208 97
234 109
13 123
261 132
218 128
191 107
126 80
93 52
52 35
17 23
13 17
25 15
56 23
103 44
13 74
201 101
224 119
11 130
250 134
179 130
210 119
164 95
113 68
66 44
31 23
13 11
17 11
42 19
83 37
132 60
185 87
226 113
255 128
265 136
255 134
226 125
183 105
132 80
82 54
42 31
17 15
13 11
29 15
66 29
115 50
166 78
212 103
246 123
265 136
263 138
238 130
199 111
152 89
101 64
56 41
25 19
11 9
23 11
52 27
95 46
148 74
201 107
232 123
250 119
257 115
250 119
220 121
171 105
119 74
72 39
37 21
19 17
17 21
37 25
76 33
126 52
177 82
220 109
251 128
265 134
257 130
232 121
191 107
140 85
89 58
48 33
21 15
13 7
27 15
60 29
105 50
156 72
205 99
242 121
261 134
263 138
244 130
208 115
160 91
109 66
62 41
29 21
13 11
1 9
39 19
25 39
13 64
189 91
230 113
7 128
267 136
255 136
222 125
179 101
125 76
80 52
33 31
17 15
5 9
33 17
62 33
119 56
173 89
216 115
240 121
5 121
257 121
238 121
197 111
146 87
95 56
54 31
27 19
15 15
23 19
52 27
97 42
150 68
197 97
236 121
259 132
265 134
248 128
214 117
167 97
117 72
68 46
33 23
13 11
17 9
39 19
80 37
128 58
181 83
224 111
253 128
265 138
255 134
230 125
187 105
136 82
85 56
44 33
19 15
13 9
27 13
62 29
109 50
162 76
207 101
244 121
263 134
263 138
242 130
203 115
156 91
105 64
60 41
29 23
13 13
19 13
48 21
91 42
140 66
191 93
238 125
261 142
257 132
242 113
218 101
179 95
126 82
74 54
37 23
17 5
17 7
37 23
72 41
121 58
173 78
216 101
248 123
265 138
259 138
234 125
193 103
144 80
93 60
50 39
21 17
13 7
25 9
56 25
101 48
152 72
201 97
240 117
11 132
263 138
246 134
212 119
164 95
109 68
64 44
31 23
13 11
17 9
42 19
82 37
132 62
183 87
226 111
255 128
265 136
257 136
228 126
183 105
132 80
83 54
42 31
19 17
13 11
31 15
64 29
113 52
166 80
214 109
255 138
259 140
250 126
232 111
201 99
154 85
103 64
54 39
25 15
15 5
23 13
50 29
93 48
144 68
195 89
234 113
257 132
265 138
250 132
216 117
171 95
121 72
72 46
35 25
17 13
17 11
37 19
74 35
125 58
175 83
220 107
251 126
265 136
257 136
232 126
191 107
142 82
89 56
48 33
21 15
13 9
25 13
58 25
105 46
156 74
205 99
240 119
263 132
265 136
246 132
208 117
160 93
111 68
64 42
29 23
13 11
17 11
44 21
85 39
136 62
187 89
230 117
259 136
271 152
250 140
214 107
173 80
130 64
83 52
41 35
15 13
13 0
35 9
72 35
117 64
167 85
212 103
248 119
265 132
261 140
236 130
197 109
148 82
99 58
54 37
25 21
13 11
23 9
52 21
95 42
146 70
197 97
236 117
259 130
263 136
248 130
216 119
169 99
119 74
68 46
33 25
15 13
17 11
39 17
78 35
128 58
179 83
222 109
253 126
267 136
257 136
230 126
187 107
138 83
87 56
46 35
21 17
13 9
27 13
60 29
107 48
160 76
208 103
246 126
271 144
265 146
234 128
195 101
154 76
107 58
62 41
27 21
11 5
21 5
48 19
91 46
140 72
189 95
230 113
257 128
265 138
251 136
218 123
175 95
126 72
78 48
39 31
15 15
15 9
35 15
72 31
119 54
171 82
216 105
250 125
265 134
259 136
236 128
195 109
146 85
95 58
50 35
23 17
11 11
23 13
54 23
99 44
150 70
195 95
240 109
13 134
250 140
177 132
212 117
166 95
95 72
68 46
31 25
13 11
17 9
41 19
82 37
130 60
183 87
226 111
255 128
267 140
261 148
230 136
175 99
123 58
80 33
46 25
21 21
13 15
29 9
64 19
115 48
166 85
210 113
244 126
263 130
263 134
240 130
201 117
152 91
103 62
58 35
27 19
11 13
21 13
48 23
91 41
142 64
193 93
234 117
257 132
265 134
251 132
220 121
173 101
123 74
74 46
37 25
15 13
13 11
35 17
74 33
123 54
173 82
218 107
251 126
265 136
259 136
234 126
191 109
144 83
91 58
50 35
21 17
11 7
25 11
58 25
105 48
156 74
203 99
242 121
265 136
269 144
250 142
205 121
152 83
103 50
64 29
31 19
13 13
15 9
42 13
87 35
136 64
187 97
226 119
255 128
267 134
255 134
224 125
179 103
130 78
82 48
41 27
17 13
13 9
31 15
66 29
115 50
166 76
214 103
248 125
263 134
261 136
240 128
199 113
150 89
99 62
54 39
25 19
13 11
21 11
48 21
95 41
146 68
197 95
236 119
259 132
265 138
250 134
216 121
169 99
119 72
72 46
35 27
13 13
15 9
37 15
78 33
126 58
177 83
222 109
253 128
267 138
259 138
234 134
195 121
134 85
76 39
39 7
21 1
17 13
27 21
58 27
107 41
162 70
208 105
242 132
261 142
263 136
244 125
207 113
158 95
107 70
60 41
27 15
13 5
17 9
44 21
87 41
138 62
189 89
230 115
257 132
265 138
253 134
222 123
177 99
126 76
78 50
39 29
17 13
13 9
33 13
70 29
119 52
169 80
216 105
250 125
265 136
261 138
236 128
195 109
148 87
97 62
52 39
23 17
13 9
23 11
54 25
97 46
150 70
199 95
238 119
261 134
265 140
251 136
220 130
167 107
105 66
58 31
29 9
15 3
17 9
37 19
78 31
130 52
183 83
226 117
255 136
265 140
255 134
228 123
187 107
134 83
85 56
42 29
19 9
13 5
29 13
62 29
109 50
162 74
208 99
246 123
263 136
263 138
242 130
205 113
154 89
103 62
60 39
29 23
13 11
19 11
46 19
91 41
142 68
191 91
232 115
259 130
265 138
251 134
220 123
175 99
125 74
76 48
37 27
15 13
15 9
37 17
72 35
121 56
173 82
218 107
251 126
265 138
259 138
236 128
195 111
150 95
93 70
41 29
11 0
9 0
27 7
58 33
101 50
152 68
203 89
242 117
263 142
265 148
246 134
210 113
164 89
113 68
64 46
29 23
13 5
19 3
41 17
82 39
132 62
183 85
228 109
257 128
265 140
255 138
226 125
183 103
130 78
82 52
35 31
1 15
5 9
29 13
66 29
113 50
166 78
210 103
248 123
263 134
261 136
240 130
201 115
152 89
101 62
56 39
25 21
13 9
23 11
50 23
93 42
3 68
187 93
236 117
9 132
250 138
251 134
218 123
175 105
126 85
68 50
17 17
7 0
15 0
31 11
76 35
125 58
175 80
222 103
5 128
267 144
251 142
232 128
189 105
140 82
89 58
46 35
19 15
5 5
27 9
58 25
105 48
156 74
205 97
242 119
13 134
263 138
244 130
208 115
160 93
109 68
62 42
29 23
13 11
17 9
44 19
85 39
136 64
187 89
230 113
257 128
267 138
253 136
224 125
179 103
128 78
80 52
41 29
17 15
13 9
33 15
68 31
115 50
167 78
216 105
250 125
263 136
261 136
238 128
199 113
148 89
103 70
58 48
19 21
1 0
13 0
54 11
101 46
150 78
195 95
236 109
263 125
269 144
250 146
212 126
167 93
117 64
70 44
33 31
11 15
15 7
39 11
80 31
128 60
179 89
224 111
253 126
265 134
257 136
230 128
187 109
136 82
85 54
44 31
19 17
13 11
27 13
60 25
109 48
160 74
207 99
244 121
263 136
263 138
242 130
205 115
158 91
105 64
60 41
27 21
13 11
3 1
46 21
89 41
140 64
191 89
232 115
257 132
265 138
251 134
222 123
177 103
128 80
83 60
39 37
7 7
3 0
31 0
1 23
123 54
44 82
216 101
1 119
265 136
261 144
236 128
193 113
146 83
95 58
50 37
21 21
3 9
23 9
54 19
37 41
11 70
203 97
240 121
11 132
263 136
248 132
212 121
166 97
113 62
66 42
31 23
13 11
17 11
41 19
82 35
125 60
183 85
226 111
5 128
267 136
257 136
226 125
183 105
134 80
83 52
35 31
17 15
13 11
29 15
64 31
113 50
156 76
210 103
246 123
263 136
261 136
242 130
203 117
154 93
103 66
58 44
33 33
13 21
9 3
39 0
91 21
148 62
195 99
230 117
257 123
267 128
255 134
218 130
171 109
121 76
74 44
37 25
13 13
13 13
35 17
74 29
123 50
175 80
220 111
251 128
265 138
259 134
234 125
193 109
142 85
91 58
48 33
21 13
13 9
25 13
58 25
105 48
156 74
203 99
240 121
263 136
263 140
246 132
208 115
162 93
111 68
64 44
29 23
13 11
19 1
44 19
83 31
9 62
187 89
228 113
257 130
265 138
255 134
224 123
183 103
130 82
82 56
46 37
21 25
9 11
19 3
60 13
115 41
167 76
212 105
246 123
265 130
263 134
242 132
199 119
150 93
99 64
54 37
23 19
11 11
21 13
50 21
95 39
146 64
197 93
236 119
259 132
265 136
250 132
216 121
169 99
119 74
70 46
35 25
15 11
15 9
37 17
78 35
126 56
177 83
222 109
253 126
267 136
257 136
230 125
187 105
138 82
89 56
46 35
21 17
13 9
27 13
62 29
107 50
158 76
207 99
244 121
263 134
263 138
244 132
207 117
158 93
107 66
62 42
29 25
17 19
23 25
39 21
76 21
132 42
191 80
232 117
257 134
265 136
253 128
224 119
179 107
128 87
78 56
37 27
15 7
13 7
33 19
70 35
119 52
169 76
216 101
250 126
263 138
261 138
236 126
189 109
146 78
95 62
52 37
15 19
13 9
23 11
54 25
33 44
9 70
201 95
238 117
11 132
250 138
248 132
212 117
164 93
115 62
68 46
31 25
13 11
17 9
41 19
82 37
130 60
181 85
226 109
3 126
265 136
257 134
226 126
185 107
134 78
85 54
44 33
21 21
21 21
27 21
52 19
99 33
160 60
210 95
246 123
261 134
261 132
244 125
207 113
156 97
105 72
58 42
25 19
11 7
19 11
46 23
91 42
142 64
191 87
232 113
259 130
265 138
253 132
220 121
173 99
123 72
74 48
39 29
15 13
13 9
35 15
74 33
123 56
173 83
216 107
250 125
265 134
259 136
234 126
193 107
144 83
93 60
48 37
21 19
13 9
27 13
56 25
103 46
154 72
203 97
240 119
261 134
263 138
246 132
210 117
164 95
111 70
64 44
31 25
15 13
19 15
48 33
83 44
125 50
175 66
224 93
259 126
269 144
255 138
224 119
183 97
134 80
83 62
41 39
17 15
13 5
31 13
64 31
111 54
164 78
212 99
248 119
263 132
261 138
240 132
201 115
150 89
99 62
56 39
25 23
11 13
21 11
50 19
95 41
146 66
195 95
234 117
259 128
265 134
250 132
216 123
171 99
121 74
72 46
35 25
13 13
15 9
39 17
76 35
125 58
177 83
222 109
253 128
265 136
257 136
232 126
189 109
140 83
89 56
48 35
21 19
15 13
33 21
64 37
99 46
146 60
199 82
244 111
265 132
263 138
242 126
207 107
164 89
111 72
62 48
29 27
13 11
19 9
44 21
85 41
136 64
187 89
230 109
255 126
265 136
253 136
224 123
179 101
128 76
80 52
41 31
17 17
13 9
33 13
68 29
117 52
169 80
216 105
248 125
265 134
261 136
238 128
197 113
148 87
97 60
52 37
23 19
11 9
23 11
52 25
97 44
150 68
199 97
238 119
261 134
265 138
250 134
214 119
167 97
117 70
70 44
35 27
15 15
15 13
41 21
83 44
132 72
171 83
212 89
250 105
269 128
259 140
228 130
185 103
138 72
89 52
46 39
19 27
13 13
29 9
62 23
109 48
160 78
207 101
244 119
263 130
263 134
242 130
205 117
158 93
105 64
60 41
27 21
13 13
19 13
46 21
89 41
140 64
193 91
232 115
259 130
265 136
251 134
220 121
175 101
125 76
76 50
37 27
17 13
17 9
35 17
72 33
121 54
173 80
218 107
250 126
265 136
259 136
236 126
195 111
144 85
93 60
50 37
23 19
13 9
27 15
60 31
107 58
152 78
191 89
232 101
259 119
265 132
246 132
210 115
166 89
115 66
68 46
33 31
13 17
17 11
42 17
82 37
132 62
183 89
226 111
255 126
265 132
255 134
226 125
183 105
132 80
83 52
42 31
19 17
13 11
29 13
64 27
113 50
164 78
208 101
248 123
265 136
263 138
240 130
201 113
154 89
101 64
56 41
25 19
11 9
21 11
50 23
93 42
144 66
195 93
234 117
259 132
265 138
251 134
218 121
171 99
123 72
74 48
37 29
15 15
15 11
37 19
76 37
126 64
181 97
216 113
240 113
257 113
259 121
236 126
191 113
138 82
91 48
50 29
23 21
13 19
27 21
58 25
103 41
156 70
205 103
240 125
261 132
263 130
246 126
208 117
160 97
109 70
62 41
29 21
13 11
19 13
44 21
85 39
136 60
187 87
228 113
257 130
267 138
253 134
224 123
179 101
128 78
82 52
41 31
17 15
13 9
31 13
70 33
117 54
167 80
214 105
248 125
263 136
261 138
238 130
199 113
148 87
97 60
54 37
25 21
13 13
23 13
52 25
99 48
154 80
199 107
228 117
250 119
259 121
250 123
214 117
169 97
117 70
72 42
35 23
17 17
17 17
39 23
78 35
126 54
179 83
222 111
251 128
265 134
257 132
230 125
187 107
136 82
89 56
46 33
21 17
13 9
27 13
60 27
109 48
160 74
207 101
242 121
263 134
263 138
242 130
205 113
158 91
107 66
60 42
27 21
13 11
19 11
46 21
87 41
138 62
191 89
232 115
257 132
265 138
253 134
222 123
175 103
125 78
76 50
41 29
17 15
15 11
33 17
72 35
121 56
171 83
222 117
251 136
255 130
250 115
232 107
199 103
148 91
93 64
50 31
23 9
17 9
25 21
54 37
99 50
150 68
201 93
240 119
259 136
263 138
248 128
212 113
166 93
113 72
66 46
33 25
13 11
17 9
41 19
82 37
132 62
183 87
224 109
253 126
267 136
257 136
228 125
185 103
134 78
85 54
42 33
17 15
13 9
29 13
64 27
111 48
164 76
210 103
246 123
263 134
263 136
242 130
203 115
154 91
103 64
58 39
25 21
11 9
21 11
50 23
93 44
144 70
197 99
242 128
257 136
253 128
244 117
218 107
175 95
123 76
72 48
35 21
17 9
17 11
37 23
74 39
123 56
175 78
220 105
251 126
263 138
257 134
234 123
193 105
142 82
91 58
50 35
23 15
13 7
25 11
56 27
103 48
156 74
203 97
240 119
263 134
265 138
246 132
208 115
162 91
111 68
64 44
29 21
15 11
17 11
42 19
83 39
136 64
187 89
228 113
255 130
265 138
255 136
226 125
181 105
130 78
82 52
42 31
17 17
13 11
31 15
68 31
117 54
167 80
212 107
251 130
271 150
257 142
226 113
191 87
152 72
105 64
56 44
21 19
13 3
25 5
54 27
95 52
146 76
197 93
236 111
259 130
263 140
250 138
216 119
169 93
119 68
72 48
35 29
15 15
15 9
39 15
78 35
126 60
179 87
222 111
253 126
267 136
257 136
230 126
189 107
138 82
87 56
46 33
21 17
13 11
27 13
60 25
44 46
33 74
191 93
244 123
13 134
263 136
244 130
207 115
158 93
107 66
62 42
29 23
13 13
19 11
46 21
80 41
138 66
189 93
232 117
13 140
267 148
244 132
212 107
173 85
128 68
80 50
37 29
15 11
15 3
37 13
72 37
119 62
169 83
216 103
250 123
265 136
259 140
236 128
189 109
148 82
95 58
54 37
23 21
11 9
23 9
54 23
99 46
142 72
199 97
238 117
11 132
265 138
248 134
212 119
167 97
117 70
68 46
31 25
13 11
17 9
41 19
80 37
128 60
181 87
224 111
255 128
265 138
257 136
228 125
185 105
134 80
85 56
44 33
19 15
13 9
29 13
62 27
111 50
162 78
208 103
246 123
265 138
269 150
242 142
193 107
146 68
103 44
60 35
27 25
11 13
19 7
48 13
93 41
144 74
193 101
232 119
259 126
265 132
251 134
218 125
173 101
123 70
74 42
37 23
15 13
15 13
35 17
74 31
123 54
173 83
218 109
251 128
265 136
259 136
234 126
193 109
142 85
93 58
50 35
21 17
13 9
25 13
56 25
103 46
154 72
203 97
240 119
11 132
250 136
185 132
210 119
164 95
113 68
66 44
33 25
15 13
17 11
42 19
83 39
134 62
185 89
228 113
257 130
271 144
259 146
222 126
171 93
125 60
82 41
42 27
17 17
13 9
29 9
66 25
117 54
167 87
212 111
248 125
263 132
261 136
240 132
199 117
150 87
101 58
56 35
25 19
13 11
21 13
50 21
95 41
146 66
195 95
236 119
259 132
265 136
251 132
216 119
171 97
123 74
74 48
35 25
15 11
15 9
37 17
76 35
125 56
177 83
222 109
251 126
265 136
257 136
232 126
191 109
140 83
89 56
48 35
21 17
13 11
25 13
58 27
105 46
156 72
207 99
244 123
263 138
263 140
248 138
212 130
154 97
97 52
54 19
29 9
17 13
19 17
3 21
23 31
15 58
191 93
230 123
5 136
265 136
253 130
224 123
177 105
126 80
78 48
31 23
17 9
15 9
33 19
62 33
119 52
169 80
214 105
248 126
15 138
261 138
238 126
189 109
150 87
93 62
52 37
15 17
13 9
23 13
52 25
97 44
150 70
199 95
236 117
259 132
265 138
250 134
214 121
167 97
117 70
70 46
33 27
15 13
15 9
39 17
80 35
128 60
179 85
224 111
255 130
267 140
259 142
234 136
189 117
126 78
76 41
41 17
21 1
13 9
25 13
60 23
111 44
39 76
195 107
244 128
263 138
263 136
244 130
205 117
154 93
103 66
58 39
27 17
13 9
19 11
46 21
89 41
140 66
191 89
232 115
259 132
267 138
251 134
218 117
177 99
126 78
76 52
37 29
15 13
15 9
35 17
70 33
121 54
171 80
218 105
251 125
265 136
259 138
236 128
195 109
144 85
93 58
50 37
23 19
13 11
25 11
56 25
101 44
154 74
201 99
240 121
263 134
265 140
248 136
212 123
171 109
115 82
56 37
21 1
9 0
21 5
44 27
80 42
132 56
185 80
230 113
257 138
265 146
255 138
226 121
183 99
132 80
83 58
42 33
17 11
13 3
31 11
66 31
113 54
164 78
210 99
246 121
263 136
263 140
240 132
203 113
154 89
103 62
56 41
25 21
13 11
21 11
48 21
83 41
17 66
187 93
234 115
1 132
265 138
251 134
218 123
173 101
121 74
74 48
37 29
15 13
15 9
37 15
3 33
0 56
171 83
220 107
3 126
267 138
259 140
234 130
197 117
148 95
85 60
37 23
13 1
13 0
27 9
56 27
101 44
158 68
207 95
244 123
263 140
263 142
246 132
208 115
160 93
109 68
62 44
29 23
13 9
17 5
44 19
83 39
136 64
187 89
230 113
257 130
265 138
255 136
224 125
181 103
130 78
80 52
41 29
17 13
15 9
33 15
68 29
117 52
167 80
214 103
248 125
263 136
261 138
238 128
199 111
150 87
99 62
54 39
25 21
13 11
21 11
50 23
97 44
148 72
197 97
236 117
261 132
265 138
250 134
216 121
169 99
121 78
74 60
27 27
1 0
9 0
41 5
80 39
126 64
177 82
222 99
255 123
267 142
259 148
230 132
189 105
138 78
87 54
44 37
19 19
13 7
27 7
60 23
107 50
160 78
207 101
244 119
263 130
263 138
244 134
207 119
158 91
107 64
60 39
29 23
13 15
19 13
44 21
87 39
140 64
191 91
230 117
257 130
265 136
253 132
222 123
177 103
126 78
78 52
41 29
15 15
15 11
33 17
72 33
119 56
169 82
216 105
250 125
265 136
261 140
236 130
197 113
150 91
103 72
50 44
13 13
3 0
21 0
56 17
99 44
150 70
199 91
240 113
263 132
267 142
250 138
212 121
166 95
115 68
68 46
31 25
11 11
17 7
41 15
82 35
130 62
181 87
224 111
255 128
267 138
257 138
228 126
185 107
134 82
85 54
42 31
17 15
13 9
29 13
62 29
109 48
164 76
210 103
246 123
263 134
263 136
242 130
203 117
154 91
103 64
58 39
27 21
11 11
19 11
48 23
91 41
142 64
193 91
234 115
259 132
265 138
251 134
220 123
173 103
125 78
76 54
42 41
15 23
3 0
25 0
72 15
126 54
175 91
216 109
250 119
267 128
261 138
236 136
193 119
142 85
91 54
50 31
21 19
11 13
23 13
56 21
103 41
154 70
203 101
240 123
263 134
265 136
246 130
208 119
164 97
113 72
66 44
29 23
13 11
17 11
42 21
83 37
126 60
185 87
228 113
5 130
265 138
255 134
226 123
181 103
130 80
82 52
35 29
17 13
13 9
31 15
68 31
113 52
158 76
212 103
248 125
265 136
261 138
240 130
201 113
154 91
101 66
60 48
29 31
7 11
11 0
44 5
95 31
148 66
195 95
234 115
251 126
267 134
253 136
216 126
169 103
119 72
72 44
35 27
13 17
13 11
37 15
78 31
126 54
175 83
222 109
253 126
267 136
257 136
230 126
191 111
140 85
89 58
46 33
19 15
13 9
27 13
60 27
105 46
158 72
205 99
242 121
263 134
263 138
244 132
207 115
160 93
107 68
62 42
27 23
13 11
17 9
44 21
87 41
138 64
187 89
230 113
257 130
265 138
253 134
220 121
179 103
130 80
80 54
41 33
21 25
19 23
25 15
56 11
113 31
171 70
218 107
248 128
263 132
261 130
240 125
199 117
148 97
97 66
52 37
23 15
11 9
21 15
52 27
97 42
148 64
197 91
238 117
261 136
265 140
248 132
214 117
167 97
117 74
68 48
31 25
13 9
15 7
39 17
80 37
130 62
181 85
224 109
253 128
265 136
257 138
230 126
187 107
134 80
85 54
46 35
19 19
13 11
27 11
62 27
111 50
162 78
208 101
246 123
265 134
263 138
242 130
205 117
156 93
105 66
60 42
29 27
21 23
19 19
37 13
80 23
140 50
193 85
234 115
255 130
265 134
255 130
224 123
177 107
125 82
76 52
37 29
15 13
13 9
33 17
72 33
121 54
171 80
218 105
251 126
265 138
259 138
234 128
195 109
146 87
93 60
48 37
23 17
13 9
25 13
54 27
101 44
154 72
201 97
240 119
261 134
263 138
248 132
212 119
164 95
113 68
66 44
33 25
13 13
17 9
42 19
83 37
134 62
183 89
226 111
255 128
265 136
257 136
228 126
183 107
134 82
83 54
42 33
19 17
15 15
37 29
62 35
101 37
156 52
210 87
250 123
265 142
261 138
240 123
205 107
156 91
103 74
56 48
25 21
11 5
19 5
50 25
93 46
19 68
187 89
234 111
1 130
265 140
251 136
218 119
171 97
121 72
72 48
31 29
15 13
15 9
37 15
68 33
125 58
175 83
220 109
1 126
265 134
259 136
232 126
191 109
142 83
91 58
48 35
21 19
5 9
25 13
58 25
42 46
33 72
189 99
234 121
263 134
263 138
246 130
210 117
158 95
109 70
64 44
31 25
15 15
17 21
46 31
15 37
1 48
171 74
230 105
7 128
250 138
253 132
162 119
183 101
130 82
80 58
41 33
17 15
5 7
33 15
5 33
109 54
39 78
214 101
248 123
15 136
261 138
220 128
189 109
148 85
64 62
46 41
23 21
13 9
23 11
52 25
35 44
7 70
199 95
236 117
9 130
250 138
250 134
148 121
167 97
119 72
70 46
33 27
15 15
15 9
39 17
80 35
126 58
177 85
224 111
3 128
267 138
257 136
230 125
189 107
138 83
87 58
44 35
21 17
15 13
29 17
64 37
111 62
27 70
197 78
240 101
265 128
265 144
234 134
203 111
158 83
109 62
62 48
29 33
13 15
17 7
46 17
89 41
140 70
189 93
230 111
257 125
265 134
251 136
220 125
177 93
126 74
76 48
37 29
15 15
15 11
35 15
62 31
119 54
171 82
216 107
250 125
265 134
261 136
236 126
195 109
146 87
95 60
50 37
23 19
13 11
23 13
54 25
101 44
152 70
201 95
240 119
261 134
265 138
248 132
212 117
166 95
115 70
68 46
33 25
15 15
19 13
44 25
87 48
128 66
171 80
216 93
253 115
267 130
255 134
226 125
185 103
134 76
87 56
44 39
17 21
11 9
29 13
64 29
111 52
162 78
208 101
246 119
263 130
263 136
240 130
203 115
154 89
103 62
58 39
25 21
13 11
21 11
48 21
91 39
144 66
193 93
234 117
259 130
265 136
251 134
218 123
171 101
121 72
74 46
35 25
15 13
15 9
33 17
3 33
125 56
175 83
218 107
251 126
267 138
259 138
232 128
193 109
142 85
91 60
48 37
21 17
13 11
25 15
58 29
107 52
162 87
201 103
228 105
253 109
265 125
250 134
208 125
160 93
111 60
68 39
33 29
13 23
17 17
42 19
85 33
134 60
185 91
226 117
255 128
265 132
253 132
224 123
181 105
130 80
82 52
33 27
17 13
13 9
33 15
5 33
115 52
160 76
214 103
248 123
13 134
261 136
238 128
191 111
150 87
95 62
54 39
25 19
11 9
23 11
52 25
95 44
146 70
195 93
236 117
11 132
265 138
250 134
216 121
169 99
119 72
70 46
35 25
15 13
15 11
39 19
80 39
136 70
181 97
214 107
242 113
261 121
259 126
232 126
187 107
138 78
89 50
50 33
23 23
13 17
27 15
60 25
109 46
160 76
205 103
242 123
13 132
263 134
244 128
207 115
160 93
99 66
60 41
29 21
13 11
19 13
44 21
87 39
138 62
189 89
230 115
255 130
265 136
255 134
222 121
175 101
126 76
80 50
41 31
15 13
13 9
33 15
72 31
119 54
169 80
216 105
250 125
265 136
261 138
236 128
197 111
148 87
95 60
52 37
23 19
13 11
25 13
54 25
99 44
152 72
205 107
240 130
251 126
253 117
246 115
216 115
167 103
113 74
66 37
35 15
17 11
19 19
41 29
80 41
130 56
181 82
224 111
253 132
265 138
255 132
228 119
185 101
134 82
85 56
44 31
19 15
13 9
29 15
64 31
111 52
162 76
208 101
244 123
263 134
263 138
242 130
203 113
146 89
103 64
54 41
27 21
13 11
3 1
48 21
19 41
17 66
193 91
232 115
9 130
251 138
251 136
220 123
175 93
125 76
76 50
37 29
15 13
15 9
31 17
3 35
123 58
179 89
224 117
246 130
3 126
253 119
234 117
195 107
126 85
91 56
48 29
23 11
15 11
27 21
56 33
103 48
154 70
203 97
240 123
11 136
263 136
246 126
210 113
164 95
111 72
64 44
31 23
15 9
17 11
42 23
83 39
134 62
185 87
226 111
255 128
265 136
255 136
228 125
181 105
130 78
82 54
42 33
17 17
13 9
29 13
66 29
115 52
164 78
212 103
248 123
265 136
261 138
238 130
201 113
152 89
101 64
56 39
25 19
13 9
23 13
52 27
93 44
146 70
197 95
240 125
265 146
259 142
238 117
210 95
171 83
123 74
72 54
35 27
13 5
17 3
41 21
78 44
125 66
175 83
222 103
253 125
265 140
255 140
230 123
191 101
140 80
89 58
46 35
19 19
15 9
27 13
58 27
105 50
158 74
205 99
244 121
263 134
263 138
244 132
207 117
160 91
109 66
62 42
29 23
13 9
19 9
44 19
87 41
136 66
187 89
230 113
257 130
265 138
253 136
224 123
179 103
128 76
80 52
39 29
17 15
15 9
33 15
70 31
119 54
169 82
218 109
255 134
265 142
251 132
228 115
193 95
150 80
99 60
52 39
21 17
13 5
25 11
54 29
97 52
148 72
197 95
238 117
261 132
263 140
248 132
214 117
167 93
117 70
68 46
33 27
13 11
15 7
41 17
80 37
128 62
181 87
224 109
253 126
265 136
257 138
228 126
187 107
136 80
87 54
44 33
19 17
13 9
29 11
62 27
109 50
160 76
208 101
246 123
263 134
263 138
242 130
205 113
158 91
105 66
58 41
27 21
13 13
21 11
46 23
89 41
140 66
191 91
232 117
259 134
271 148
253 144
210 113
166 78
123 56
80 46
41 35
15 17
11 3
37 7
74 31
123 62
173 91
216 109
250 121
265 132
259 138
234 132
195 111
144 82
93 54
50 33
21 19
13 13
25 13
56 23
101 44
152 72
201 99
240 121
261 132
265 136
246 132
210 119
164 95
113 68
68 44
33 25
13 13
15 9
42 19
83 37
132 62
183 87
226 113
255 128
267 138
255 136
226 125
183 105
132 80
83 54
42 31
19 15
13 9
31 15
64 29
113 50
164 78
210 103
248 125
269 142
267 150
234 132
191 103
146 72
101 52
60 37
25 21
9 7
21 5
52 19
95 44
146 74
193 99
234 117
259 130
265 138
250 136
216 123
171 99
121 70
72 44
35 25
17 15
15 11
35 15
76 31
126 58
177 87
220 111
251 126
265 134
259 136
232 126
191 109
140 83
89 56
48 33
21 17
13 9
25 13
58 27
105 48
156 74
203 99
242 121
263 134
265 138
246 132
208 117
162 93
111 68
64 42
31 25
13 11
17 11
44 21
85 39
136 64
187 91
228 115
257 130
267 138
261 144
230 138
175 105
117 60
76 29
42 19
19 17
13 15
31 11
68 23
119 48
169 83
214 115
248 130
263 134
261 132
238 128
197 115
148 91
97 60
54 33
25 15
13 11
21 13
52 25
97 42
148 66
197 95
236 119
259 134
265 138
250 130
214 119
169 99
117 74
70 44
35 25
15 11
15 9
39 19
78 35
128 58
179 83
222 109
253 128
267 138
257 136
230 126
189 107
138 83
87 56
46 33
21 17
13 9
27 13
60 27
109 48
160 76
207 103
244 123
263 136
267 142
251 144
205 125
146 85
97 48
58 25
29 13
13 11
17 11
44 17
89 35
142 64
191 97
232 123
257 134
265 136
253 132
220 123
175 103
125 76
76 46
39 25
17 11
15 9
35 17
72 31
121 54
171 80
216 107
250 126
265 136
261 138
236 128
195 111
144 85
95 60
52 37
23 17
11 7
23 9
56 25
101 46
152 70
199 95
238 117
261 132
263 138
246 132
212 117
166 95
115 72
66 46
31 25
15 13
17 11
41 19
82 37
132 60
183 87
224 111
253 128
267 138
257 138
228 126
191 117
134 89
74 44
33 9
17 0
17 5
31 21
62 31
111 44
164 68
212 101
248 132
13 144
261 140
240 125
203 111
146 93
103 68
56 41
25 15
13 3
21 9
48 25
91 44
144 66
195 91
234 115
257 132
265 142
251 136
218 121
173 97
121 74
74 48
37 27
15 13
13 7
37 17
74 33
123 58
173 82
218 107
251 126
265 138
259 138
234 128
193 109
142 83
91 58
48 35
23 19
13 11
25 13
56 25
103 46
156 74
203 99
240 119
13 134
250 140
177 136
214 126
166 105
105 70
54 31
25 5
13 1
19 0
42 19
82 35
1 58
187 83
222 113
9 136
251 144
253 136
226 123
181 103
130 80
80 54
41 29
17 11
13 5
31 13
66 31
115 52
160 78
214 103
248 123
15 136
261 138
238 130
191 111
150 87
101 62
56 39
25 21
11 11
21 11
52 23
95 44
146 62
195 93
236 117
9 132
265 138
250 134
216 119
169 97
119 72
72 46
35 25
15 13
15 9
37 17
76 35
126 58
179 85
220 109
251 126
267 136
259 140
232 130
189 111
144 91
95 70
41 33
7 0
7 0
29 1
64 29
107 54
156 72
207 91
248 117
265 140
265 148
242 136
207 113
160 87
107 66
60 44
27 23
11 9
17 3
44 17
87 41
138 66
189 91
230 111
257 128
267 138
253 138
222 125
177 101
128 76
78 50
39 29
17 15
13 9
33 13
70 31
119 54
169 80
216 105
248 125
263 134
261 136
236 128
199 113
148 89
97 62
52 37
23 19
13 11
23 13
52 25
97 44
150 68
201 97
238 119
261 132
265 138
250 134
216 123
169 101
125 82
68 52
23 17
3 0
15 0
42 11
80 35
128 60
181 82
226 105
257 128
267 142
257 142
228 128
187 105
136 80
83 54
42 33
19 17
13 7
29 11
62 27
109 50
162 78
208 103
246 123
263 134
263 138
242 132
203 115
154 89
105 64
60 41
27 23
11 11
19 9
48 21
91 41
140 66
191 91
232 115
259 130
265 138
251 134
220 123
175 101
125 76
76 48
37 27
17 13
15 11
35 17
72 31
123 54
173 82
220 107
251 128
265 138
261 138
236 130
195 111
144 89
95 64
56 48
19 25
0 0
13 0
56 9
107 46
154 80
201 99
240 111
265 126
267 142
248 142
210 126
164 95
109 64
64 41
29 25
13 15
17 11
41 17
82 33
134 60
185 91
226 115
255 128
265 134
255 134
228 126
183 107
132 80
83 52
42 29
17 15
13 11
31 15
66 29
113 48
166 76
212 103
248 126
263 136
261 136
240 128
201 115
152 91
101 64
56 39
25 19
13 9
21 13
50 23
93 42
146 68
195 93
234 117
259 132
265 140
251 134
216 121
171 99
123 74
80 56
39 37
7 13
3 0
33 0
78 23
128 56
175 83
220 105
253 121
269 134
259 142
232 132
191 113
140 83
82 56
46 33
15 19
5 11
25 11
58 21
42 44
31 72
189 99
242 119
263 132
265 136
244 132
207 119
160 93
111 68
62 42
29 23
11 11
17 9
44 19
85 39
136 62
185 87
230 113
257 130
267 138
253 136
224 123
181 103
128 78
80 52
41 29
17 13
15 9
33 17
68 33
117 54
169 80
214 105
248 125
13 136
261 138
222 130
191 111
148 87
64 64
46 41
29 29
15 23
15 7
41 3
93 23
27 62
201 101
236 121
9 128
265 130
251 128
208 125
169 107
119 78
70 44
33 21
15 11
15 13
39 21
78 33
0 54
179 82
224 109
3 130
267 138
257 134
226 125
187 107
136 83
87 58
46 33
19 13
11 7
27 13
62 27
107 48
160 74
208 93
244 123
13 136
263 138
242 130
205 115
158 91
105 66
60 41
27 21
13 11
19 11
44 21
89 42
17 66
191 93
230 115
7 130
267 138
253 136
220 123
