830000 10000000 174063 12
21 7
72 29
140 62
207 97
255 126
273 142
257 138
208 119
144 87
76 52
27 23
3 7
19 7
68 27
136 60
205 95
253 126
275 142
259 142
212 123
148 91
80 54
29 29
9 21
15 13
52 11
123 31
203 78
255 126
273 148
259 140
216 115
154 83
85 58
31 37
3 15
15 5
62 17
128 52
197 95
250 126
271 140
259 134
218 117
156 93
87 62
0 31
5 5
15 3
60 23
126 58
195 95
248 123
23 138
263 138
220 123
158 95
89 60
33 27
5 7
13 3
56 21
123 54
193 91
246 121
271 136
265 140
224 128
162 99
93 64
35 29
5 7
11 3
52 21
119 52
189 87
244 121
271 138
265 140
220 126
166 99
97 64
39 31
7 11
17 13
56 31
109 50
173 74
236 101
21 126
267 140
220 128
167 97
99 60
42 29
9 13
9 11
48 23
111 48
181 82
240 115
269 138
265 142
230 125
171 97
103 64
42 35
7 13
7 5
46 17
109 44
179 82
238 117
269 138
269 142
234 130
175 103
105 70
44 35
9 9
7 1
41 13
105 44
175 82
236 115
267 134
267 142
238 130
179 107
109 72
46 37
9 11
7 3
41 15
101 42
171 78
232 111
269 134
269 142
238 130
183 107
115 74
50 39
9 13
5 5
39 15
99 42
173 85
234 125
261 136
259 125
234 109
185 95
119 78
52 46
9 11
5 0
39 7
97 44
166 85
228 117
265 134
273 140
244 132
187 113
119 78
54 39
13 9
3 0
33 13
89 39
162 74
224 107
265 130
271 142
246 134
191 113
125 78
58 42
15 13
3 3
31 11
87 35
158 72
222 107
263 132
271 142
248 134
195 113
126 80
62 44
15 17
3 3
29 9
85 35
154 70
218 105
263 130
273 142
250 136
197 113
128 80
66 46
19 19
5 7
27 11
82 33
21 70
218 107
1 140
267 152
242 132
187 99
128 66
68 31
21 19
3 5
15 3
78 25
150 62
216 107
9 138
273 146
253 134
205 113
130 85
70 52
19 21
1 1
21 1
76 27
144 64
210 101
257 128
273 140
255 136
207 119
140 89
72 52
23 19
3 1
15 7
72 31
0 64
203 97
5 126
273 142
257 138
208 119
144 87
78 52
25 23
3 7
19 7
68 27
138 60
205 97
253 126
273 140
259 140
212 123
148 89
78 54
27 23
5 5
19 9
66 29
132 60
203 95
253 126
273 142
259 142
220 130
154 103
74 52
17 3
0 0
19 0
66 29
128 60
197 87
251 113
277 138
263 150
218 134
154 97
85 54
31 23
3 7
13 9
58 25
125 50
193 83
248 119
273 142
263 144
220 125
158 93
89 58
33 29
5 9
13 7
56 23
123 52
191 91
246 123
271 140
263 140
224 125
162 95
91 60
35 29
5 7
13 3
52 21
119 50
189 87
244 121
271 140
265 142
226 126
166 99
95 62
39 29
7 9
11 5
50 17
117 50
187 87
242 119
271 140
267 144
230 130
171 105
107 78
39 39
0 1
0 0
46 3
115 42
183 85
238 117
269 132
269 136
234 128
173 109
103 74
42 37
7 9
9 1
44 19
107 48
177 83
238 113
269 132
267 140
234 130
175 105
107 68
44 33
9 9
7 3
42 17
103 44
175 80
234 111
271 136
269 144
236 132
177 105
109 70
48 37
9 11
5 5
41 15
101 41
173 78
232 113
267 136
269 144
238 132
181 107
113 72
50 39
9 13
5 3
37 13
97 41
169 78
230 113
267 136
271 144
242 134
185 111
117 76
52 42
13 17
11 15
35 23
83 29
156 50
226 91
269 132
271 150
242 136
189 103
121 68
58 42
13 21
3 9
33 13
91 35
162 72
224 109
263 136
271 144
244 130
191 107
123 76
58 44
13 15
3 0
33 9
87 37
158 74
222 109
263 132
273 142
248 134
193 113
126 80
60 44
15 15
3 1
29 9
83 35
156 70
220 107
263 132
273 142
250 136
199 115
130 83
64 46
17 17
3 3
27 9
82 33
152 68
216 103
259 128
273 142
251 136
201 115
134 83
68 50
19 21
3 7
29 15
83 44
144 72
203 93
251 113
273 128
253 132
203 117
136 83
70 44
23 15
5 5
25 15
76 37
144 66
212 99
257 128
273 144
253 140
205 117
140 82
72 48
23 19
3 5
21 5
72 27
140 60
208 97
255 128
273 144
255 140
208 119
142 85
76 52
25 25
3 5
19 5
68 25
138 60
205 99
253 128
273 140
257 138
212 121
148 91
78 54
25 23
3 3
17 5
64 25
132 58
203 95
253 126
273 142
259 140
216 123
152 91
83 58
29 27
3 7
17 5
64 25
130 60
201 99
255 136
269 146
250 126
208 99
154 76
87 56
31 31
3 7
15 0
62 17
128 58
197 101
248 130
271 140
261 136
220 121
156 97
87 62
33 27
5 3
13 1
56 19
123 54
193 91
246 121
271 136
263 140
224 126
162 99
93 62
35 27
5 5
11 5
54 21
119 52
189 85
244 117
271 138
265 142
226 126
166 97
95 62
37 29
5 7
11 3
50 19
117 48
187 87
242 119
271 138
267 142
228 126
167 99
99 64
41 33
7 9
9 5
48 17
113 48
185 87
242 121
25 146
271 152
224 128
160 89
95 50
35 23
9 7
9 5
44 15
109 41
181 80
240 119
21 146
267 148
234 130
175 95
105 68
42 35
7 11
7 3
42 13
105 41
175 78
236 115
269 136
269 142
236 130
179 105
109 72
46 37
9 13
5 1
41 13
101 42
171 80
232 111
269 134
271 142
238 132
181 107
113 72
50 37
11 13
5 5
37 13
97 41
169 76
230 113
267 136
271 142
240 132
185 107
117 74
52 41
13 13
5 3
37 13
95 39
166 74
230 111
267 136
271 144
234 134
195 119
125 91
48 44
0 0
0 0
37 0
95 41
162 80
222 107
265 125
275 136
248 138
191 119
123 83
58 42
15 11
3 1
31 13
87 41
160 72
222 103
263 128
273 142
248 138
195 115
126 76
60 41
17 15
5 7
29 13
83 35
156 68
220 103
261 130
273 144
250 136
197 113
128 80
62 44
19 17
3 5
27 11
82 33
152 66
216 103
261 130
273 142
251 134
201 115
132 82
66 48
19 19
3 3
27 9
78 31
148 64
216 103
261 132
273 144
253 138
205 117
138 87
78 60
23 31
0 1
11 0
72 13
146 56
212 101
255 128
271 138
255 132
208 117
142 91
72 58
23 25
3 3
21 5
72 29
140 66
208 101
255 126
271 136
255 134
208 119
144 89
76 54
23 21
3 3
19 0
68 29
138 62
205 97
3 126
273 140
257 138
212 121
148 91
78 54
25 21
3 3
19 7
66 27
134 60
203 95
253 125
273 140
259 140
214 123
150 91
82 56
29 25
3 5
15 5
62 25
130 56
199 93
251 125
273 142
261 140
216 123
154 95
85 60
31 29
5 9
19 13
64 35
111 52
58 70
244 99
25 132
265 146
220 130
156 29
89 52
35 17
7 15
15 15
48 27
123 48
68 83
240 121
21 144
253 144
222 123
162 91
91 58
35 31
3 9
13 3
56 19
121 50
189 87
244 123
21 142
255 140
224 123
164 95
95 64
37 31
5 7
11 1
52 17
109 50
187 87
242 119
17 136
267 140
220 128
167 99
99 66
31 33
7 9
11 3
48 19
113 48
183 85
240 117
21 138
267 142
224 128
171 103
101 68
42 33
7 9
11 5
50 23
117 60
179 91
228 111
11 121
265 126
234 123
173 103
103 66
44 29
9 5
11 5
44 23
107 52
175 83
234 113
269 126
267 144
234 132
175 103
109 64
48 33
9 11
5 3
33 15
103 42
173 78
234 113
267 138
269 144
238 132
181 105
111 72
48 37
11 11
5 1
39 11
99 39
169 76
230 113
267 134
269 142
240 132
185 109
115 74
52 39
13 13
5 5
37 13
95 39
166 76
228 113
267 136
271 144
242 132
187 109
121 76
54 42
11 13
5 3
35 13
93 41
162 76
226 111
271 144
273 152
234 126
179 89
119 58
60 37
17 19
3 7
29 5
89 29
164 72
226 117
263 142
271 146
248 130
195 109
125 80
58 46
13 17
3 0
29 3
83 31
156 70
220 109
261 134
273 140
250 132
197 113
128 82
62 46
17 15
5 1
27 9
82 35
19 70
218 103
7 128
273 142
250 136
201 115
134 82
66 46
19 17
3 3
25 9
80 33
148 68
214 103
259 130
273 142
253 136
203 115
134 82
70 48
21 21
3 5
21 5
76 29
146 66
212 103
257 132
277 146
261 148
203 123
128 78
62 33
21 5
7 0
23 9
70 29
140 58
210 95
259 130
275 148
255 144
208 121
144 83
76 52
23 25
1 7
19 5
68 23
138 56
205 95
253 126
273 142
257 138
210 119
148 87
78 56
27 25
3 5
17 5
66 25
134 58
203 97
251 126
273 140
259 136
216 121
150 91
82 56
29 23
5 3
17 5
64 25
130 58
201 95
251 125
273 138
261 140
218 125
154 93
83 58
31 27
5 7
15 5
60 23
128 56
199 93
250 125
271 142
261 140
220 125
160 99
93 72
31 37
0 0
3 0
56 3
126 52
193 97
246 125
271 132
265 134
226 126
162 107
91 70
35 29
5 3
11 1
54 23
119 56
189 89
244 115
271 134
263 140
226 128
164 99
93 60
37 27
7 7
11 5
52 21
119 52
187 87
244 119
271 138
265 142
228 128
167 99
97 62
39 31
7 9
9 3
48 19
113 48
185 83
242 119
269 138
265 142
232 128
171 101
101 68
41 33
5 9
9 3
48 19
111 48
179 83
238 117
271 138
267 142
234 130
173 103
107 70
48 42
13 23
3 7
33 5
99 29
52 62
238 111
19 138
267 140
236 125
179 101
111 72
48 42
9 17
7 5
41 13
103 41
33 80
234 113
17 126
267 138
238 128
173 105
111 72
48 39
9 9
1 1
31 13
99 44
169 80
230 115
17 128
269 142
240 125
183 107
115 74
52 31
11 11
5 1
37 13
95 41
166 76
228 109
15 126
265 142
242 134
187 109
119 76
54 41
11 13
3 1
35 11
93 41
162 76
224 109
263 132
271 142
244 136
191 113
121 78
58 42
15 17
5 5
35 19
93 50
156 78
210 91
255 107
273 128
251 138
195 121
123 80
60 37
19 11
7 7
29 21
85 42
156 70
220 101
261 128
273 146
248 140
195 111
128 76
62 42
15 17
3 5
29 13
83 33
152 66
216 103
261 132
273 144
250 136
199 115
132 82
66 48
19 19
3 1
25 5
80 31
150 66
214 103
259 130
275 142
253 138
203 119
134 85
68 50
21 19
3 5
23 7
76 29
146 64
212 101
257 130
273 142
253 138
207 119
140 87
72 52
21 21
3 5
23 9
76 33
148 72
212 111
0 126
255 128
251 121
210 109
144 80
74 52
23 17
0 0
23 3
72 33
13 70
205 101
0 125
273 138
257 140
210 125
146 91
78 52
17 19
1 3
17 5
68 29
136 60
205 95
0 125
265 142
259 142
148 125
150 91
82 54
29 25
3 7
15 5
62 25
130 56
199 91
251 125
273 142
261 140
216 123
154 91
83 56
31 25
3 9
15 7
60 25
128 56
197 91
250 123
273 140
261 140
220 123
158 95
87 60
33 29
5 9
13 5
58 23
125 54
193 89
250 125
277 148
269 156
216 126
148 76
85 39
37 19
7 13
11 9
52 17
121 41
193 83
246 126
271 148
263 146
226 123
164 93
93 60
35 33
5 11
11 1
52 15
117 46
187 85
244 121
271 140
265 140
228 126
167 99
97 66
39 33
7 9
9 1
48 13
113 46
185 85
242 121
271 138
267 140
230 126
171 101
101 68
41 35
7 9
9 1
48 17
111 48
179 83
238 115
269 136
269 142
234 130
173 103
105 68
44 33
9 11
9 5
44 19
107 46
177 82
238 115
271 140
271 148
242 142
179 115
99 66
37 21
5 0
7 0
42 15
103 44
173 76
236 109
271 136
271 148
238 138
181 111
111 72
48 35
11 13
5 7
39 15
99 39
169 72
232 109
267 136
269 144
240 132
183 105
115 72
52 39
11 15
5 3
37 11
97 39
167 76
228 113
267 134
271 142
244 132
187 109
117 74
52 41
13 13
7 5
35 13
93 41
164 76
226 111
265 134
271 142
244 134
189 111
121 76
56 42
13 15
5 3
33 13
89 37
160 72
224 107
265 134
271 142
246 136
193 113
126 80
64 52
19 29
0 1
19 0
82 13
158 60
224 111
263 138
271 140
250 126
199 109
130 87
64 56
17 23
1 0
27 3
83 33
152 74
216 107
259 126
271 134
251 132
199 117
132 85
66 48
19 17
5 3
25 11
80 35
150 70
214 103
259 128
271 140
251 136
203 117
136 85
68 48
21 19
3 3
25 9
76 33
146 66
212 101
257 128
273 140
253 136
205 117
140 85
72 50
21 19
3 5
23 9
74 31
142 64
208 99
250 128
275 142
255 138
208 119
144 87
76 54
27 27
9 17
19 15
60 23
128 44
203 82
255 119
275 142
255 138
208 115
140 83
82 54
29 29
3 13
19 9
66 25
134 58
203 97
251 126
271 140
259 136
214 117
148 89
80 54
27 25
5 5
17 5
64 25
130 56
201 95
251 126
273 140
259 138
216 123
154 93
83 58
29 25
3 5
15 5
60 25
128 56
197 93
250 125
273 140
263 140
218 125
156 93
87 60
33 29
3 5
13 3
60 23
125 56
193 91
248 121
273 140
263 144
222 126
158 97
91 60
37 29
5 9
13 7
54 23
126 62
193 99
236 113
259 117
261 121
228 123
164 103
91 64
35 21
7 0
15 5
52 29
117 60
187 89
244 115
271 136
265 142
226 130
166 99
97 60
37 25
5 5
11 5
50 21
115 50
183 83
242 115
271 138
267 144
230 128
167 99
101 64
42 33
7 11
7 5
46 17
111 46
181 83
240 117
269 138
267 142
232 128
173 101
103 68
44 35
7 11
9 3
44 15
107 44
177 82
236 115
269 136
267 140
236 130
179 107
109 72
44 37
9 11
7 5
42 17
103 46
177 83
240 125
265 142
259 134
228 113
179 91
115 66
48 39
7 11
5 0
42 9
103 44
31 85
226 119
267 136
271 140
240 130
181 109
115 76
50 39
9 9
5 0
37 11
97 42
167 78
228 109
267 132
271 142
171 136
185 109
117 74
54 39
13 13
5 3
35 13
93 39
164 72
226 107
0 132
271 142
236 134
187 111
121 78
56 42
13 15
5 5
33 13
89 39
158 72
224 107
0 134
273 144
246 134
193 111
126 80
60 44
15 15
5 3
31 13
87 37
158 72
220 107
265 132
275 146
255 148
195 121
117 68
52 21
15 0
7 1
29 15
82 37
152 60
220 95
265 132
275 152
250 146
199 117
132 76
66 44
19 21
1 9
25 9
80 27
150 60
216 101
259 132
273 144
251 136
203 113
136 83
68 50
19 21
3 5
25 9
76 31
146 64
212 101
259 128
275 142
253 138
205 117
138 85
72 50
21 23
3 5
21 7
74 29
142 64
208 99
250 128
275 142
255 140
208 119
142 87
74 52
25 23
3 7
21 9
72 29
140 64
207 99
5 128
267 144
259 142
216 128
150 101
72 54
15 11
0 0
19 0
62 23
136 60
203 93
3 121
275 138
261 142
214 126
150 97
82 56
27 23
3 5
17 7
64 27
130 56
199 89
251 121
273 138
261 140
216 123
154 91
83 56
31 25
3 7
15 7
62 25
128 54
197 91
250 123
273 140
261 138
220 123
156 95
87 60
31 27
3 7
15 5
58 23
125 56
195 91
248 123
271 140
263 142
222 125
158 95
89 60
35 27
7 7
13 5
54 21
123 52
191 89
246 123
273 140
263 142
226 126
164 97
93 64
31 37
11 23
7 9
41 5
109 27
187 72
248 123
273 146
263 140
226 117
167 91
101 68
41 44
3 15
9 1
50 13
115 48
183 89
240 121
271 136
267 136
230 125
169 101
99 68
42 33
7 9
9 1
46 17
111 48
181 85
238 117
269 134
267 140
232 130
171 103
103 70
42 33
7 9
7 3
44 17
107 46
179 82
236 115
269 138
269 142
234 130
177 105
107 70
44 37
7 9
7 3
42 17
103 46
173 82
234 113
269 136
269 144
238 132
179 107
111 72
50 39
13 17
13 13
42 25
93 41
162 64
226 95
269 125
271 140
238 132
181 103
115 66
54 37
15 17
5 11
37 17
97 41
167 74
230 111
265 136
269 144
240 130
185 105
117 70
54 39
13 15
5 3
35 11
93 39
166 76
226 111
265 136
271 142
244 132
189 109
121 78
56 42
13 15
3 3
33 11
27 37
37 74
224 107
0 132
273 142
242 134
191 111
125 78
60 42
15 17
3 5
31 9
87 31
158 72
220 107
13 132
273 142
250 136
195 115
126 80
62 46
17 17
3 5
29 11
83 37
160 80
222 119
3 130
261 123
246 115
201 107
132 85
62 50
17 13
5 0
29 5
82 39
150 78
216 107
259 126
273 138
251 136
201 119
132 87
68 46
19 15
3 1
25 9
78 33
146 66
212 99
259 126
273 142
253 140
205 117
138 83
70 46
21 19
3 5
21 7
74 31
144 64
210 99
7 128
273 144
255 140
208 119
142 85
74 50
23 21
3 5
21 7
70 27
140 60
207 97
255 128
273 142
257 138
210 119
144 87
78 52
27 23
5 5
19 7
70 29
136 62
207 101
261 138
273 150
248 132
205 105
146 74
82 48
27 25
1 3
15 1
68 19
136 58
203 101
251 130
273 142
259 136
216 121
152 93
82 60
27 27
3 3
15 1
60 21
128 56
197 93
250 123
271 138
261 140
220 125
158 97
87 60
31 27
5 5
15 5
58 25
125 56
195 89
248 121
271 138
261 140
222 125
160 97
89 60
33 27
3 5
13 3
56 23
123 56
191 91
246 121
273 140
263 142
224 126
162 97
93 62
37 29
5 9
11 5
54 21
119 52
189 87
244 121
273 140
267 146
232 140
166 109
87 56
27 7
3 0
13 0
52 25
113 52
183 80
244 111
275 138
269 150
230 138
167 103
99 60
41 27
5 9
7 5
46 19
111 44
181 80
240 115
269 140
267 144
232 128
173 101
103 66
42 33
9 9
9 5
44 17
107 44
177 80
236 115
19 130
267 142
234 128
175 95
107 68
44 37
9 11
7 3
42 15
105 44
160 80
234 115
19 136
269 142
236 130
179 105
109 70
48 37
1 11
7 3
41 15
101 44
173 80
224 115
17 136
271 144
240 126
187 113
121 83
46 42
0 1
0 0
35 0
99 35
169 78
228 111
267 130
273 138
244 134
187 115
117 82
52 41
13 11
5 3
35 15
91 41
162 72
226 105
265 130
271 142
244 134
189 111
121 76
56 41
13 15
3 3
33 11
91 37
162 72
224 107
265 132
273 142
246 134
191 111
125 76
58 42
15 15
5 3
31 11
85 35
158 70
222 107
263 132
273 142
248 134
195 113
126 80
62 44
15 17
3 5
29 11
83 35
154 70
220 105
261 132
273 144
250 136
199 115
130 83
64 48
19 23
11 17
25 15
68 19
142 44
216 87
263 132
273 150
250 138
201 107
136 78
70 50
21 31
3 11
25 7
78 25
146 64
212 103
257 132
273 140
253 132
205 113
138 83
70 50
21 19
3 3
23 7
74 29
144 64
210 101
257 128
273 142
255 136
207 119
140 87
74 52
23 21
3 5
21 5
72 29
140 62
208 99
255 128
273 140
257 138
210 121
144 89
76 54
25 21
3 3
19 7
68 29
136 60
205 95
255 125
273 142
257 142
212 121
150 89
82 54
29 27
5 9
23 13
68 37
125 56
191 82
246 109
275 132
261 138
214 123
150 89
83 52
33 25
7 11
15 13
58 27
130 56
199 93
250 125
271 142
261 140
218 121
154 87
85 56
31 27
5 9
15 5
60 21
126 52
197 91
248 125
273 142
263 140
220 123
160 95
89 60
33 29
5 7
13 5
56 21
123 54
191 89
246 121
271 140
263 142
224 125
162 95
93 62
37 31
5 9
9 3
52 19
119 50
189 89
244 121
271 140
265 142
226 126
166 99
95 66
39 33
7 9
11 5
50 19
115 50
191 95
246 132
263 136
253 121
224 105
169 91
101 68
41 37
5 7
9 0
50 15
113 54
183 95
238 123
269 134
267 136
232 126
171 105
103 70
42 31
7 3
9 0
44 17
107 46
179 83
238 115
269 136
269 142
234 132
175 105
107 68
46 35
7 11
7 3
42 15
105 44
175 80
234 115
269 136
269 142
236 130
179 105
109 70
48 37
11 11
7 3
39 15
101 42
171 78
232 113
267 136
269 142
240 130
183 105
113 72
50 39
11 13
7 3
37 15
97 41
169 78
234 117
275 150
269 152
230 126
175 91
115 60
54 33
11 13
3 3
35 7
95 35
167 76
228 115
265 140
271 144
244 132
187 107
119 76
56 44
13 15
3 1
33 7
91 35
162 74
224 111
263 132
271 140
246 134
193 113
123 80
58 44
15 15
5 3
29 9
85 35
160 70
222 109
263 132
271 142
248 134
197 115
126 82
60 44
15 15
3 3
29 11
83 35
152 68
220 105
263 134
273 144
250 136
199 115
132 82
64 48
17 19
3 5
27 9
82 33
152 68
216 103
261 130
273 144
253 140
207 126
134 93
58 39
7 0
0 0
29 3
80 37
146 70
212 97
259 123
277 142
255 148
205 126
136 87
70 44
21 17
1 5
21 11
74 31
144 60
210 93
257 126
273 142
255 140
207 119
142 85
74 50
21 21
3 5
23 9
72 29
138 60
208 97
255 126
273 142
255 138
208 119
144 87
76 52
25 23
3 5
19 7
68 27
136 58
205 95
255 126
273 142
259 140
212 121
148 89
80 56
27 25
3 5
17 5
66 25
134 60
201 97
251 125
273 142
261 140
216 125
156 99
87 66
25 29
0 0
7 0
60 9
130 52
191 93
248 123
21 134
263 136
222 126
156 101
85 64
29 27
3 3
15 3
50 25
125 56
132 89
248 119
23 138
261 140
158 125
158 97
82 60
35 27
5 7
13 5
56 23
123 54
66 87
246 121
23 138
263 142
224 126
162 95
93 60
35 29
5 7
11 3
54 19
121 52
189 87
244 121
21 138
265 142
218 126
164 99
95 64
37 31
0 9
11 5
50 19
115 48
187 85
242 119
21 140
265 144
222 128
169 103
101 68
41 35
9 17
13 17
44 21
101 33
173 60
240 105
25 140
267 150
226 128
171 93
105 62
44 39
7 19
7 9
44 15
109 42
179 82
236 117
19 140
267 140
234 125
173 99
97 68
44 37
9 13
7 1
42 13
105 44
35 82
236 117
15 136
269 142
236 130
171 107
109 72
46 37
1 11
7 3
41 15
101 42
31 80
234 113
17 128
269 142
238 130
175 107
113 64
50 31
9 11
5 1
31 13
99 42
44 78
230 111
17 126
267 144
171 134
185 109
117 76
54 41
13 15
7 7
42 23
97 50
156 72
210 93
11 117
273 134
244 134
187 111
119 72
56 35
15 13
7 9
33 17
91 42
162 72
224 105
263 132
271 144
236 134
187 109
123 74
58 39
13 13
5 3
31 9
87 35
158 72
222 107
263 134
273 142
248 134
195 113
126 80
62 44
15 15
3 3
29 9
85 35
154 68
216 103
261 130
275 144
250 138
197 115
130 82
66 46
19 19
3 5
27 9
82 33
152 68
216 103
259 130
273 142
251 138
201 117
132 83
68 48
21 21
3 5
25 11
78 33
148 68
218 111
263 144
263 138
242 117
201 95
140 78
72 54
19 25
1 0
23 0
78 27
146 70
210 109
257 132
275 140
255 134
207 119
140 89
72 52
21 19
3 0
21 5
72 29
140 64
208 99
250 126
275 142
255 138
210 121
144 87
78 52
25 23
3 5
19 5
68 27
138 60
205 95
253 125
273 142
259 140
212 121
146 89
80 54
27 23
3 7
17 7
66 25
132 58
201 93
251 123
275 142
261 142
216 123
152 93
83 56
29 25
3 9
17 7
62 25
130 56
201 95
253 128
279 152
259 146
207 115
146 76
83 44
33 21
5 7
13 3
58 19
128 50
197 91
250 126
273 146
263 142
220 123
158 93
89 60
33 29
3 9
11 1
56 19
123 52
193 91
246 123
23 138
265 140
130 126
162 99
68 62
35 29
5 7
11 3
54 21
119 52
189 87
244 117
271 136
265 140
228 126
166 99
95 62
37 29
7 7
11 5
50 19
117 50
185 83
242 117
271 138
265 142
228 126
167 99
99 64
41 31
5 9
9 5
48 19
113 48
181 85
240 115
271 138
269 146
234 134
177 115
101 74
33 21
0 0
5 0
48 17
111 54
177 83
236 109
271 128
271 144
236 140
173 113
105 68
44 31
9 7
7 5
41 19
103 44
175 76
234 109
267 134
269 144
236 132
179 105
109 70
46 35
9 11
7 5
41 17
101 42
171 76
232 111
17 136
269 142
240 132
181 107
113 72
50 37
11 13
5 3
37 13
99 41
167 76
228 111
267 134
271 142
242 134
185 109
115 66
52 31
11 15
5 3
35 13
95 39
166 76
228 111
15 126
271 142
236 134
189 113
125 83
50 50
5 15
0 0
29 0
91 27
164 72
220 109
5 130
271 136
248 132
195 117
123 85
58 48
13 15
5 1
31 11
85 37
156 72
218 105
13 130
271 140
248 134
195 113
126 80
62 44
15 17
3 3
29 11
85 37
156 70
220 105
261 130
273 142
250 136
197 115
128 80
64 44
17 17
3 3
27 7
82 33
152 66
218 103
259 132
271 140
251 136
201 117
134 85
66 48
19 19
5 5
17 9
78 31
148 66
214 101
9 128
273 142
253 138
205 117
138 87
70 52
21 21
5 9
27 23
68 31
0 44
191 76
9 119
273 146
255 144
205 115
142 78
68 46
25 27
3 15
21 3
72 27
17 58
208 97
3 130
271 142
255 136
208 115
144 85
76 52
25 25
3 5
19 5
68 25
136 60
205 99
255 128
273 140
257 138
212 121
148 91
78 56
27 23
3 5
17 5
66 25
134 58
203 95
253 125
273 140
259 138
216 123
152 91
82 56
29 25
3 5
17 5
64 25
130 56
197 91
251 125
273 142
259 140
218 123
156 95
87 60
31 29
5 11
17 9
68 35
126 64
185 85
238 105
269 123
263 134
220 125
156 95
87 56
35 23
7 9
15 11
56 29
123 56
193 87
248 121
271 142
261 142
222 126
160 93
91 58
35 27
5 7
13 5
54 19
119 48
189 87
246 121
271 140
263 140
226 125
166 97
95 64
37 31
7 9
11 5
50 19
115 50
52 87
244 119
17 138
265 142
126 126
164 99
99 66
31 33
7 9
9 3
48 21
113 48
175 85
240 119
21 138
267 142
162 130
171 103
101 66
42 33
7 11
9 5
46 19
111 48
173 85
244 128
19 146
255 130
224 107
158 87
109 68
37 42
5 13
7 0
44 9
109 44
177 89
236 125
269 138
269 138
236 126
177 107
107 74
46 37
9 7
7 0
41 13
103 44
173 80
232 113
267 132
269 140
238 132
181 109
113 72
48 37
11 9
5 3
37 15
99 42
169 76
230 109
267 132
269 142
242 134
185 109
115 74
52 39
13 15
5 5
37 15
95 41
167 76
228 111
265 132
269 140
244 134
189 111
119 76
54 41
13 15
5 5
35 13
91 41
164 76
226 111
269 140
277 156
240 138
181 99
117 60
56 31
15 13
3 5
31 9
89 31
162 68
224 109
263 138
271 146
248 136
195 111
126 80
60 46
15 17
3 3
29 7
83 33
154 68
218 107
261 130
273 142
250 134
197 115
128 82
64 44
17 17
3 3
27 9
82 33
152 68
216 103
259 128
273 140
251 136
201 117
132 83
66 46
19 19
5 5
25 11
78 33
148 66
214 101
259 130
273 142
251 136
205 117
136 85
70 50
21 19
3 5
23 9
76 33
144 66
210 101
257 128
275 142
255 140
210 126
144 101
68 54
11 5
0 0
21 0
78 31
142 70
207 97
255 119
275 134
259 142
210 130
142 95
74 50
25 17
3 3
19 11
68 31
136 58
205 91
253 119
273 140
257 142
212 123
148 89
78 52
27 23
3 7
19 9
66 29
132 58
203 93
253 125
273 142
259 140
214 121
150 89
82 56
29 25
3 7
17 5
64 25
130 56
199 93
250 123
275 140
261 142
216 125
154 93
85 58
31 27
5 7
15 7
60 23
128 56
197 91
250 123
273 140
263 140
222 125
162 99
95 70
35 37
0 5
3 0
50 5
125 44
195 89
246 121
269 134
265 134
226 125
162 103
91 70
33 33
5 7
13 3
54 23
119 54
189 89
246 119
271 134
263 138
226 126
166 101
95 64
37 29
5 7
11 5
52 23
117 52
185 87
242 117
271 136
265 142
228 126
167 97
99 62
41 31
7 9
9 3
48 19
115 48
183 85
240 119
269 136
267 142
224 128
171 101
101 66
41 33
7 11
9 3
46 17
109 46
181 83
240 117
269 138
267 142
232 128
175 103
107 70
44 37
9 13
13 13
46 29
95 41
164 60
232 93
273 130
271 146
234 132
175 99
111 62
50 37
11 21
7 13
41 17
103 41
173 76
232 113
267 138
267 142
236 126
181 101
113 70
50 41
11 15
5 3
39 11
99 41
169 80
230 115
267 136
269 140
240 130
183 109
115 74
52 39
11 13
5 1
37 13
95 41
166 76
228 111
265 134
271 142
242 130
187 107
121 76
56 42
11 15
5 3
35 13
93 41
162 76
226 109
265 132
271 142
244 132
191 111
123 78
58 44
15 17
5 5
37 17
97 50
156 78
212 99
255 115
271 128
250 130
193 113
123 76
60 41
19 13
7 7
31 17
85 41
158 72
220 105
261 130
271 144
248 136
195 111
128 78
64 42
17 15
3 5
27 11
82 33
152 68
218 105
261 132
273 142
250 136
201 113
134 82
66 48
19 21
3 3
27 7
80 31
148 66
214 103
259 130
273 142
253 134
203 117
136 83
70 50
21 21
3 3
23 7
76 31
146 66
212 101
257 128
273 142
253 138
205 117
138 83
74 52
25 25
3 7
21 9
74 31
142 66
212 107
261 142
269 148
244 125
201 95
144 74
78 54
25 29
1 5
21 1
72 21
140 64
207 107
255 134
273 142
257 132
210 117
146 93
78 58
25 23
1 0
19 1
66 27
134 64
203 97
253 125
273 138
259 138
214 123
150 91
82 56
29 25
3 5
15 5
64 25
132 58
201 93
251 123
273 140
261 140
216 123
154 91
85 56
31 27
3 7
15 5
60 23
128 56
197 93
250 125
271 140
253 140
220 125
158 95
80 60
33 27
5 7
13 5
58 23
125 54
195 91
250 125
279 148
267 150
216 125
150 78
87 44
35 19
5 7
11 7
54 19
121 46
193 87
248 125
23 146
265 146
224 125
162 95
95 62
37 33
3 9
9 1
46 15
109 46
187 87
242 121
21 138
265 140
126 126
166 99
97 66
31 33
7 9
9 3
48 19
113 48
52 85
240 117
19 136
267 140
162 128
169 103
101 66
42 33
7 9
9 3
46 17
109 46
48 83
238 117
19 138
267 142
126 128
173 95
101 70
44 35
7 9
7 3
44 15
44 44
37 82
236 115
19 128
269 142
236 134
179 113
113 83
31 35
0 0
1 0
37 7
107 48
48 85
232 111
19 126
265 140
240 138
181 117
111 76
50 35
3 9
5 3
37 19
99 42
44 76
230 107
0 130
269 142
234 134
185 109
115 64
52 37
3 13
5 5
37 15
95 41
166 74
228 109
17 134
271 144
234 132
187 107
119 74
54 41
13 15
5 5
35 13
91 39
164 74
226 107
0 132
273 142
244 134
189 109
121 76
58 44
15 17
3 5
33 11
89 37
160 72
224 109
263 134
273 142
248 136
195 115
126 83
68 56
15 23
0 0
21 0
83 19
158 64
220 107
259 130
271 136
251 130
199 115
130 87
62 52
17 19
3 1
27 9
82 35
152 68
216 103
261 126
271 138
250 134
199 115
132 82
66 46
19 17
3 5
25 11
80 35
150 68
214 101
259 130
275 144
251 138
203 117
134 83
68 48
21 21
3 5
23 9
76 29
144 64
210 99
257 128
275 144
255 138
205 119
138 85
72 50
23 23
3 5
21 7
72 29
142 62
208 99
257 128
273 142
255 138
208 119
142 87
76 54
25 25
5 11
27 21
68 35
126 48
197 74
255 111
277 140
257 144
208 119
146 80
80 46
27 27
5 15
17 13
66 27
134 54
203 93
251 126
273 144
257 138
214 115
150 85
82 54
29 27
3 7
17 5
64 23
132 56
201 97
251 126
273 140
261 138
218 121
152 93
83 56
31 25
5 7
15 5
60 23
128 54
197 93
250 125
273 140
261 138
220 123
158 93
87 60
33 29
5 7
13 5
58 23
125 56
126 91
248 123
273 140
263 142
222 125
160 97
91 62
35 31
5 9
13 7
60 29
125 62
183 89
234 107
265 123
265 132
226 125
162 97
93 58
39 25
9 7
13 9
52 27
117 56
187 87
244 117
271 138
265 142
226 128
166 97
97 60
39 27
7 7
9 5
48 19
115 46
185 83
242 119
271 140
265 142
230 126
171 101
101 68
41 35
5 9
9 3
48 17
111 46
179 83
238 117
271 138
267 142
232 128
173 103
103 68
44 33
9 11
7 3
44 17
107 46
177 82
236 115
269 136
269 142
234 128
175 103
109 70
46 37
9 13
7 3
42 15
105 46
175 83
236 121
271 150
261 140
226 111
175 83
113 62
52 41
9 17
5 1
39 5
103 39
33 83
224 123
17 140
269 140
177 126
175 107
113 78
50 33
11 9
5 0
37 11
97 41
166 80
228 113
17 125
271 140
234 132
187 109
111 76
54 41
13 13
5 1
33 13
93 41
164 74
226 109
15 125
271 142
236 134
187 111
123 78
56 42
13 15
5 3
33 11
89 39
160 72
224 109
5 132
271 142
248 134
193 113
125 78
58 42
15 15
5 5
29 13
85 37
158 72
218 109
265 136
279 156
246 142
187 105
121 64
60 31
17 11
5 3
27 9
82 29
156 64
220 105
263 138
273 150
250 138
199 115
132 82
64 48
17 21
1 3
25 5
80 29
150 66
214 105
259 130
273 142
253 136
203 117
134 85
68 48
21 19
3 3
15 7
76 29
21 66
205 103
259 130
271 142
253 138
207 119
140 87
70 52
23 21
3 5
23 9
72 31
142 62
210 99
257 128
273 142
255 138
208 119
142 87
74 52
25 21
3 5
21 9
70 29
140 62
207 99
255 128
275 144
257 142
212 123
152 101
78 62
15 13
0 0
17 0
70 23
138 66
203 99
251 119
275 132
263 140
216 130
148 99
80 54
29 19
5 3
17 9
62 29
130 56
199 87
251 119
273 138
261 142
216 125
154 91
83 54
31 23
5 7
15 9
60 25
126 54
197 91
250 123
273 142
261 142
218 123
158 93
87 56
31 25
5 7
15 7
58 25
125 54
195 91
248 123
273 142
263 142
222 125
158 95
89 60
35 29
5 7
13 3
54 21
123 52
191 89
246 121
273 140
263 142
226 128
164 101
97 70
41 41
1 11
0 0
44 1
117 39
191 83
244 121
269 138
265 136
230 123
169 103
97 72
39 37
5 7
11 1
50 19
113 50
183 87
240 117
271 134
267 140
228 126
169 101
101 66
41 31
7 7
9 3
46 21
111 50
48 83
240 115
21 128
267 142
130 130
171 101
103 64
44 33
7 9
7 3
44 17
107 44
37 82
236 115
19 136
269 142
236 128
175 103
107 68
44 33
7 7
7 3
42 17
103 44
173 80
234 115
269 136
269 144
238 134
179 107
111 72
48 37
9 13
13 13
44 29
95 44
158 60
224 87
269 123
273 146
238 138
181 105
115 64
54 35
13 17
7 13
37 21
97 41
167 72
228 109
265 138
269 146
242 130
185 103
117 70
54 39
13 17
5 3
35 11
93 37
166 74
226 111
265 134
273 142
244 132
189 109
121 78
56 41
13 13
3 1
33 11
89 37
160 74
224 109
265 134
273 142
246 134
193 113
125 80
60 42
15 15
5 3
31 11
87 37
156 70
220 105
263 132
273 142
248 136
195 113
128 80
62 46
15 17
5 3
33 15
91 46
154 80
208 99
251 115
271 126
251 130
199 115
128 80
64 41
19 11
5 1
27 13
82 39
150 72
216 103
259 128
271 142
250 138
201 117
134 82
66 42
19 15
3 3
25 9
76 31
146 64
214 101
259 130
273 144
253 138
205 117
138 83
72 50
21 21
1 5
23 7
74 29
142 64
208 99
257 128
273 142
255 136
207 119
142 87
74 52
23 21
3 5
21 5
72 29
138 62
207 99
255 126
273 142
257 138
210 119
144 87
78 54
27 25
3 7
19 7
68 27
136 62
205 99
257 138
273 150
248 130
203 97
146 72
83 52
29 31
1 7
15 0
66 17
134 58
203 103
251 134
273 142
259 136
214 119
152 93
83 60
29 27
3 1
15 1
60 21
128 58
197 95
250 123
273 138
261 140
218 125
156 97
87 60
31 25
3 5
13 3
60 23
125 56
195 91
248 121
271 138
263 140
222 126
158 95
89 60
35 29
5 9
11 7
54 21
123 52
193 91
246 123
271 140
263 140
224 126
164 99
93 62
37 29
5 9
13 5
52 21
119 52
189 89
246 123
277 144
271 152
222 128
154 87
89 46
39 19
7 5
9 5
48 17
115 44
187 83
244 121
271 144
265 146
230 128
169 99
101 64
39 35
5 11
7 1
46 13
111 44
181 83
238 119
271 138
269 140
232 126
171 101
103 68
44 35
9 11
7 3
42 15
107 44
179 82
236 117
269 136
267 140
234 128
175 103
107 70
44 35
9 11
7 5
42 15
103 44
175 80
234 115
269 138
269 142
236 130
179 105
109 72
48 37
11 13
7 3
39 15
101 44
171 80
232 113
267 138
271 144
240 134
185 115
119 87
46 42
0 0
0 0
37 0
101 42
167 83
226 109
265 125
275 138
246 138
187 121
117 82
52 39
13 9
5 3
33 15
91 42
164 72
226 103
265 130
271 142
244 136
189 113
121 76
56 39
13 13
5 5
33 13
89 39
160 72
224 107
263 132
271 142
248 134
193 113
125 78
58 44
15 15
3 3
31 9
87 35
156 70
220 105
263 132
273 142
248 136
195 113
128 80
62 46
17 17
3 3
29 9
83 33
154 70
218 105
259 132
273 142
251 138
201 117
132 87
72 58
21 29
0 1
15 0
76 15
152 56
218 103
259 132
271 138
253 130
205 115
136 89
68 56
19 23
3 3
25 5
76 31
144 66
212 103
257 126
273 136
253 134
205 117
138 87
72 50
21 19
3 3
23 7
74 33
142 66
210 99
257 125
273 140
255 138
207 119
140 87
74 52
23 21
3 5
21 5
70 27
140 60
208 99
255 128
273 140
259 140
212 123
144 91
76 54
25 23
3 5
19 7
68 29
136 60
205 97
253 126
273 142
257 140
214 121
150 91
82 56
27 27
5 9
23 17
66 37
123 52
189 72
248 103
275 134
261 146
214 126
150 87
83 48
33 25
7 15
15 15
60 27
126 52
199 87
250 123
271 144
259 142
218 121
156 87
87 56
33 27
3 9
15 5
58 21
126 52
195 91
248 125
271 140
263 140
222 125
158 97
89 62
33 29
5 7
13 3
54 21
121 52
191 89
246 121
271 138
263 140
224 125
162 97
93 62
35 31
5 7
11 3
52 21
117 50
189 87
246 119
271 140
265 140
228 126
167 101
97 66
37 33
5 9
11 5
54 25
121 60
181 89
230 107
263 119
265 128
230 125
167 101
97 64
41 27
9 7
11 7
48 25
111 52
183 85
240 115
269 136
265 142
232 130
171 103
103 64
42 29
7 9
9 5
44 17
107 44
179 78
238 115
21 138
267 144
234 130
177 103
107 68
44 37
7 11
7 3
42 15
41 44
35 80
234 115
17 128
269 140
238 130
171 105
111 72
48 39
9 11
7 3
41 15
101 42
171 80
224 113
17 134
271 142
240 125
181 107
113 72
50 39
11 13
5 5
37 15
99 42
167 78
234 117
273 150
265 146
224 117
179 85
119 62
56 41
13 21
3 3
35 5
95 33
160 80
228 119
15 142
269 140
234 128
189 107
121 80
54 44
11 13
3 0
33 7
91 39
162 76
224 109
265 130
271 138
246 134
193 115
125 82
60 44
15 15
3 1
31 11
87 37
156 70
222 105
263 130
271 142
248 134
195 115
128 82
62 44
17 17
5 5
29 11
83 35
154 70
218 105
261 130
271 142
250 134
199 113
132 83
64 48
19 19
3 5
27 11
82 35
150 68
216 105
263 134
279 152
253 144
193 113
125 70
62 33
21 9
5 3
23 9
76 29
146 60
216 99
261 134
273 152
253 142
205 117
138 82
70 50
21 23
1 5
21 5
74 23
144 60
210 101
257 130
273 142
255 138
208 117
140 87
74 52
23 23
3 5
19 5
62 27
140 62
208 93
5 128
265 140
257 136
210 119
144 89
76 54
25 23
3 5
19 7
68 29
136 60
205 95
255 126
275 142
257 140
212 123
148 91
80 56
27 25
3 7
17 7
66 25
132 56
203 95
253 125
273 142
259 140
216 125
158 103
85 68
21 21
0 0
11 0
64 17
132 62
197 99
248 119
275 132
265 136
126 130
146 103
85 62
31 23
5 3
5 5
56 25
125 56
195 87
248 117
21 138
263 142
222 128
160 97
89 60
33 27
5 7
13 7
56 25
121 52
191 87
246 121
271 140
263 142
224 125
162 95
93 62
37 31
5 9
11 5
52 21
111 50
189 89
244 121
271 140
265 142
220 126
166 99
97 64
39 33
5 9
11 3
50 17
115 48
185 85
242 119
271 138
267 142
222 130
169 103
103 72
48 46
5 15
0 0
37 0
109 31
185 80
240 119
19 138
265 136
234 125
175 95
103 74
42 41
7 11
9 1
44 15
107 46
177 83
236 115
269 134
267 138
234 128
175 103
107 70
44 35
9 9
7 3
42 15
105 44
175 82
234 113
269 134
269 142
236 132
179 107
109 70
48 37
9 11
7 3
39 15
101 42
171 78
232 113
267 136
271 142
240 132
181 107
113 74
50 39
11 13
5 3
37 13
97 39
169 76
232 111
267 136
271 144
242 134
187 109
117 78
52 41
11 15
7 9
42 27
91 44
27 60
218 83
17 119
275 140
244 142
185 111
121 68
58 35
17 17
5 13
31 19
89 37
162 68
224 105
263 134
271 146
236 134
187 107
123 74
58 42
15 19
5 5
31 9
87 33
158 70
222 107
263 134
271 142
240 134
195 113
126 82
52 44
17 17
3 1
29 9
83 33
156 70
220 107
261 130
273 142
250 136
199 117
130 83
64 48
17 17
3 3
27 9
82 35
150 68
216 103
261 128
273 142
251 138
201 115
134 83
68 48
19 19
3 5
27 11
83 41
150 76
207 101
248 115
269 125
255 128
205 115
134 83
68 46
23 15
5 3
25 11
76 37
144 68
210 99
255 125
273 140
255 138
207 121
140 85
72 48
23 19
3 5
21 9
70 27
140 60
208 99
257 128
273 144
257 140
210 121
144 89
76 54
25 23
3 5
19 5
70 25
136 58
203 93
255 126
273 142
257 140
212 121
148 89
80 56
27 25
3 5
17 5
66 25
132 58
201 93
251 123
275 140
261 142
216 125
152 93
83 58
31 27
5 9
17 7
62 27
130 58
199 95
255 134
275 152
253 134
208 101
150 72
87 48
35 31
3 13
13 1
60 15
128 52
199 99
248 134
21 146
253 136
222 119
158 95
87 64
31 29
3 3
13 0
56 19
123 54
191 91
246 121
273 136
265 140
224 126
160 99
93 62
37 29
5 7
11 3
54 21
119 52
189 87
244 119
271 138
265 142
226 128
164 99
95 62
37 29
5 9
11 5
50 19
115 50
187 85
242 119
271 138
265 140
230 128
167 99
99 64
39 31
7 11
9 7
48 21
113 48
183 85
242 119
273 142
273 152
228 134
162 93
95 50
41 19
9 5
9 5
42 17
107 42
181 78
240 117
271 144
269 150
234 132
175 101
105 66
44 37
9 15
7 3
41 13
105 41
175 80
234 115
269 138
269 142
236 130
179 105
109 72
48 39
9 13
7 3
41 13
101 42
171 78
232 113
267 134
269 140
240 132
183 107
113 72
48 37
11 13
7 5
39 15
97 42
169 76
232 111
267 136
271 142
240 132
185 109
117 76
52 41
11 13
5 5
37 13
95 41
166 76
228 109
265 134
271 144
244 136
191 115
125 87
52 46
3 1
0 0
33 0
95 39
164 82
222 111
263 126
273 134
250 136
193 121
123 85
58 42
15 11
5 1
29 13
85 39
158 70
222 101
263 126
271 142
248 136
195 115
126 78
60 42
17 15
5 7
29 15
83 35
154 68
220 103
261 132
271 144
248 136
197 113
130 80
64 46
17 17
3 5
29 9
82 35
150 68
216 103
261 130
273 140
251 136
201 115
134 83
66 48
19 19
3 3
25 9
78 33
148 66
214 101
259 128
275 142
253 138
205 119
138 87
76 56
25 29
0 3
11 0
68 13
146 52
205 99
257 130
271 138
255 132
208 117
142 91
72 58
21 25
3 5
23 7
72 29
138 64
207 99
255 125
273 136
255 134
208 119
144 89
76 52
25 21
3 3
21 7
68 29
136 62
205 97
253 125
273 140
257 140
212 123
146 89
80 54
27 23
3 5
17 7
66 27
134 60
203 95
251 125
273 140
259 140
214 123
150 91
82 54
29 25
3 7
15 7
62 25
130 56
199 93
251 125
273 142
261 140
218 123
156 93
87 60
31 29
5 7
19 15
64 37
119 54
183 72
244 101
275 134
265 146
220 130
156 91
89 52
35 25
7 15
13 15
56 25
123 50
193 85
246 121
271 142
263 144
222 125
160 91
91 56
35 29
5 9
13 5
54 19
119 50
191 89
246 123
271 140
263 140
226 123
166 97
95 62
37 31
7 9
11 3
50 17
115 48
187 87
244 121
271 138
265 140
230 126
169 101
99 66
39 31
5 7
9 1
48 17
111 48
183 83
240 119
271 138
267 144
230 128
171 101
103 68
42 35
7 11
9 5
48 23
115 58
175 89
226 107
261 119
265 126
234 123
175 103
105 70
44 31
11 7
11 5
44 23
105 52
175 83
236 113
19 126
267 140
236 132
177 105
109 66
46 31
1 9
7 5
41 15
101 42
33 78
234 113
17 136
269 144
238 125
183 107
113 74
48 39
9 11
5 3
31 15
99 41
169 78
230 111
17 134
271 142
240 130
185 107
117 76
52 41
11 15
5 3
37 13
95 41
166 76
226 111
15 132
271 142
234 132
189 111
121 76
54 42
13 15
5 5
35 13
91 41
164 76
228 115
21 146
269 148
234 121
183 87
123 62
60 42
15 21
3 5
31 5
82 31
162 74
224 117
13 140
271 142
238 128
195 109
126 83
60 50
15 15
3 0
29 5
85 35
154 74
218 107
263 130
273 140
250 136
197 117
130 83
64 46
17 17
3 3
27 9
82 35
152 70
216 103
259 128
273 142
251 136
201 117
134 83
68 48
19 19
3 5
25 9
78 33
148 66
214 103
259 130
273 142
251 136
203 117
138 85
70 50
21 21
3 5
23 9
76 31
144 66
212 103
259 132
279 152
257 148
197 115
130 72
68 37
23 13
5 3
21 9
72 27
142 58
210 95
257 130
275 148
255 142
208 119
144 85
76 52
25 25
1 7
17 5
68 23
138 58
205 97
253 126
273 142
257 138
212 117
148 89
80 56
27 27
3 5
17 5
66 25
134 58
203 97
251 126
273 140
259 138
216 123
150 91
82 56
29 25
3 5
15 5
62 27
130 58
199 93
251 125
273 140
261 140
216 123
154 91
85 58
31 27
3 7
15 5
60 23
128 56
197 91
250 125
273 142
263 144
220 125
160 101
91 72
25 27
0 0
7 0
60 13
126 58
193 95
244 119
273 130
267 138
224 130
160 105
91 66
37 27
5 3
3 5
52 15
119 54
64 85
244 115
271 136
263 140
226 128
164 99
95 62
37 29
5 9
11 5
52 21
117 50
185 83
242 117
271 138
265 142
226 126
166 95
99 62
41 33
7 13
9 5
48 19
113 48
183 85
240 119
269 138
267 142
230 126
169 99
103 66
42 35
7 11
7 5
46 17
109 46
48 83
238 117
19 138
269 142
234 130
175 105
109 72
46 44
7 19
0 0
33 0
95 31
54 76
236 117
17 138
267 138
238 125
173 105
111 76
46 42
9 15
7 1
41 13
101 44
156 82
224 115
17 134
265 138
238 128
173 105
111 72
48 37
3 11
7 3
39 15
99 44
169 78
230 111
267 134
271 142
240 125
183 107
115 74
52 39
11 13
5 3
35 11
97 39
167 76
228 111
265 134
271 142
244 134
187 111
117 76
54 41
13 13
5 3
33 11
91 39
164 76
226 109
265 134
271 142
246 134
191 113
125 80
58 44
13 17
7 7
39 25
85 42
148 58
214 83
263 117
275 142
246 140
193 113
126 74
62 39
19 19
5 13
29 19
83 37
156 66
220 103
261 132
271 146
248 134
195 109
128 74
64 44
17 21
3 7
27 9
83 31
154 68
218 105
259 132
271 142
251 134
201 115
132 83
64 48
17 19
3 3
27 9
80 33
15 66
214 103
9 130
273 140
251 136
203 117
136 85
70 50
21 21
3 3
23 7
76 31
144 64
210 99
257 128
273 142
255 138
207 119
140 87
72 50
25 21
5 7
23 11
78 39
146 74
201 97
244 113
269 123
257 128
210 117
142 87
74 48
25 17
5 3
21 13
70 35
138 66
207 97
253 125
271 138
257 140
212 123
146 89
78 52
27 21
3 5
17 7
66 27
134 58
203 93
253 126
273 142
259 140
214 123
150 91
82 54
29 25
5 7
15 7
64 25
130 56
199 93
251 125
271 140
259 138
218 123
154 93
85 58
31 27
5 7
15 5
62 23
128 56
197 93
250 123
273 140
263 140
220 125
158 95
87 60
33 29
5 7
13 5
56 23
125 54
132 93
1 130
267 152
255 138
212 105
158 76
91 54
37 33
5 13
11 1
54 13
123 50
191 95
246 130
21 144
255 138
226 123
164 97
95 66
35 33
5 5
1 0
50 17
117 50
185 89
242 119
271 136
267 140
228 128
167 103
97 66
39 33
7 7
9 3
48 19
113 48
183 83
240 117
271 136
267 142
232 130
169 101
101 66
42 31
9 11
9 7
46 19
111 46
181 82
238 117
269 138
267 142
234 130
175 103
105 70
44 35
9 11
9 5
44 17
107 46
177 82
238 117
23 142
275 152
232 136
167 97
101 54
44 23
11 7
7 3
39 15
101 39
175 76
236 115
269 142
269 148
238 134
181 105
111 70
48 39
9 15
5 5
37 13
99 39
169 76
230 111
267 134
271 142
240 130
185 107
115 74
52 41
13 15
5 3
37 11
95 39
167 76
228 111
265 134
269 140
244 132
189 111
119 78
54 41
13 13
5 3
33 13
91 41
162 74
226 109
265 132
271 142
244 134
191 111
123 78
56 42
13 15
5 3
33 13
89 39
160 72
222 107
265 134
273 144
246 136
197 117
132 91
58 50
5 3
0 0
29 0
89 35
158 78
218 107
261 125
275 134
251 138
199 125
128 89
62 46
17 13
3 1
27 13
82 37
152 68
216 99
261 125
271 140
251 136
201 117
132 83
64 44
17 17
5 5
27 13
80 35
148 64
214 99
259 128
273 144
251 138
203 115
136 82
68 46
19 17
3 3
25 9
76 31
144 64
212 101
259 130
273 144
253 140
205 119
140 85
72 50
21 21
5 5
21 9
72 29
142 64
210 101
255 130
273 144
257 140
210 121
144 91
80 60
27 33
0 5
9 0
64 9
138 48
210 97
255 130
271 140
257 132
214 117
148 93
78 64
25 29
3 5
19 5
66 27
132 60
201 97
251 125
273 138
259 136
214 121
150 93
78 58
29 25
3 3
17 5
64 25
132 60
201 95
1 125
273 140
261 140
216 123
154 93
83 56
29 25
3 5
15 5
60 25
126 56
197 91
250 123
271 140
263 140
220 126
158 95
87 58
33 27
5 7
13 5
56 21
125 52
125 91
248 123
273 142
263 142
224 125
162 99
91 64
35 31
5 9
17 13
58 35
113 50
177 68
242 99
275 130
267 146
224 130
162 93
95 54
39 25
7 15
11 15
52 25
117 46
187 82
242 119
271 144
265 144
228 125
166 93
97 60
39 33
7 11
9 5
50 15
113 46
183 85
242 121
269 140
267 142
230 126
169 101
101 66
41 33
7 11
9 3
44 15
111 46
181 85
238 119
269 138
267 142
234 130
173 105
103 68
42 33
9 9
9 3
44 17
105 46
175 82
236 115
269 136
269 142
236 130
177 105
107 72
46 37
9 13
7 5
44 19
111 54
173 85
222 105
259 119
269 126
240 126
181 107
109 72
48 33
13 7
9 5
41 19
99 48
169 80
232 111
267 134
269 142
240 134
183 109
115 70
50 33
11 11
5 3
37 13
97 41
167 76
228 111
267 134
271 144
242 134
187 109
119 76
52 41
11 13
5 3
35 13
93 39
164 74
226 109
265 134
271 142
244 134
191 109
123 76
56 42
13 15
3 3
31 9
89 35
162 74
222 109
263 132
273 142
248 136
193 115
125 80
60 44
15 15
5 5
31 13
85 37
158 72
222 111
269 146
269 148
238 123
187 89
128 64
66 44
17 23
1 5
27 1
83 27
156 72
220 115
261 140
271 142
250 130
201 111
132 85
64 52
17 17
3 0
25 5
80 33
148 70
214 105
261 128
273 140
251 138
203 119
136 87
70 50
19 17
3 1
23 7
78 33
146 68
212 103
257 128
273 140
255 138
205 121
138 87
72 50
21 19
3 5
21 1
74 29
142 62
203 99
5 128
265 142
255 138
208 121
142 87
70 52
23 21
3 5
21 0
70 27
140 62
208 93
7 130
279 152
259 150
205 119
134 76
72 37
25 13
5 1
19 7
66 25
136 54
205 93
5 130
267 148
259 144
214 121
150 89
82 56
27 27
3 7
15 3
62 21
130 54
201 95
251 126
273 142
261 140
218 123
154 93
83 58
31 27
5 7
15 5
60 23
128 56
197 93
250 125
271 140
261 138
220 123
156 93
87 60
33 27
5 5
13 3
58 23
125 56
195 91
248 123
271 140
263 140
222 123
160 95
91 62
35 31
5 9
13 3
56 21
121 54
191 89
246 123
273 142
265 142
226 128
166 105
97 76
29 27
0 0
7 0
54 13
121 56
187 93
242 117
273 130
269 140
230 134
167 109
97 70
39 27
5 3
9 3
48 21
113 50
183 83
242 113
271 134
267 142
232 130
169 101
99 64
41 29
7 11
9 7
46 21
111 46
181 82
240 115
271 138
267 144
232 130
173 101
105 66
42 35
7 11
7 3
44 17
107 44
177 80
236 115
269 136
269 142
236 130
175 103
107 70
46 35
9 11
7 3
41 15
103 44
175 82
234 117
267 138
271 144
238 134
181 109
113 78
54 48
9 19
0 0
29 0
97 25
173 72
232 113
265 134
269 136
242 126
187 109
115 80
50 44
11 13
7 1
37 13
95 42
166 78
228 111
265 132
271 140
242 130
187 109
119 76
54 41
13 13
5 1
33 11
93 41
164 76
226 109
265 132
271 142
244 134
189 111
121 76
56 41
15 13
5 3
33 13
89 37
162 72
224 107
263 132
271 142
246 136
193 113
125 78
60 42
15 17
5 5
31 11
85 35
158 70
222 107
263 132
271 144
250 136
197 113
128 80
62 46
19 19
0 7
31 23
19 42
142 56
208 80
261 115
277 142
250 144
197 117
132 76
68 41
21 21
3 13
25 17
80 33
150 62
214 99
259 132
273 146
251 136
201 111
134 78
68 46
21 21
5 7
23 9
78 29
146 64
212 103
257 132
273 142
253 136
205 115
138 85
70 50
21 21
3 3
21 5
74 29
142 64
210 101
257 128
273 142
255 136
208 119
142 89
74 52
23 19
3 3
21 7
70 29
138 62
207 97
255 126
265 142
257 140
210 121
146 89
78 54
27 25
3 7
21 9
74 37
138 72
197 95
242 111
17 125
251 130
214 121
146 91
78 50
29 17
7 5
19 11
64 33
125 62
201 95
251 125
271 142
251 142
216 125
152 91
83 54
29 23
3 5
15 7
60 25
126 54
197 91
250 125
273 142
261 142
220 125
156 93
85 58
31 27
3 7
15 5
58 23
125 54
193 91
248 123
273 142
263 142
220 125
160 95
91 60
35 29
5 7
11 3
56 21
123 54
191 91
244 121
271 138
265 140
224 126
162 99
93 62
35 29
5 9
11 7
52 23
119 52
189 89
248 128
275 152
257 138
216 107
162 78
99 56
41 35
5 13
9 0
50 9
117 46
187 93
242 128
269 144
265 138
230 123
169 101
99 68
39 33
5 5
9 0
46 13
111 48
181 87
240 119
271 136
267 140
232 130
171 105
103 70
42 35
7 9
7 3
44 17
107 46
177 82
236 115
269 134
269 140
236 130
177 105
107 70
44 35
9 9
7 3
42 17
105 44
173 80
234 113
267 134
269 140
240 132
181 107
111 74
48 37
11 13
7 5
39 17
99 42
171 80
234 117
271 142
275 154
236 138
171 97
105 54
50 25
13 9
5 5
35 13
97 37
169 72
232 113
269 142
271 150
242 134
185 107
117 74
54 42
11 17
3 3
33 7
93 35
164 72
226 111
265 134
271 142
244 130
189 109
121 78
56 44
13 17
3 3
33 9
89 37
162 74
224 111
263 134
271 140
246 132
193 111
125 82
58 46
15 15
5 3
31 11
85 37
156 72
220 107
263 132
273 142
248 134
195 113
128 82
64 46
17 19
3 3
29 11
85 35
154 70
218 107
261 132
273 144
251 138
201 121
138 95
62 54
7 5
0 0
25 0
83 31
152 74
214 105
259 125
275 136
255 140
203 125
134 91
68 48
21 15
3 1
23 9
76 33
146 66
212 97
257 125
273 140
253 138
205 119
140 85
72 48
21 19
3 5
15 11
74 31
1 62
208 97
257 126
273 142
255 138
207 117
142 85
76 52
23 23
3 3
21 7
72 27
140 60
207 99
255 128
273 142
257 138
210 119
144 87
78 54
25 25
3 5
17 5
68 27
136 60
205 97
253 126
273 142
259 140
214 123
150 93
85 64
31 37
0 7
5 0
58 7
134 46
203 93
250 126
271 138
261 134
220 121
154 97
83 64
29 31
5 5
17 3
60 23
126 56
197 93
250 123
273 138
261 136
216 121
156 93
87 60
31 27
3 5
13 3
60 23
125 56
195 91
248 123
271 138
263 140
222 125
158 95
89 60
35 29
5 7
13 5
54 21
123 54
66 89
246 119
21 138
263 142
224 126
162 97
93 62
37 29
5 9
11 5
52 21
119 50
189 85
244 121
271 140
265 142
228 126
166 99
97 66
39 33
7 11
15 13
52 33
37 44
33 64
238 97
273 130
269 148
134 132
164 95
101 56
44 29
9 17
9 13
31 23
111 44
56 78
240 109
19 140
267 144
130 125
171 95
95 62
42 33
7 13
9 3
44 13
107 44
37 82
238 117
19 138
267 142
234 128
175 93
107 68
46 37
1 13
7 5
41 15
103 42
35 80
236 115
19 128
269 142
238 128
171 103
111 70
48 37
1 9
7 1
41 13
101 42
44 78
232 113
17 128
269 142
240 130
173 107
115 64
52 31
11 15
7 5
41 19
41 50
41 78
218 101
7 119
265 130
242 128
185 109
115 74
52 35
5 11
7 5
37 19
93 44
166 76
226 109
15 126
271 144
234 136
187 109
111 72
56 37
15 13
5 5
31 13
27 37
37 64
224 107
0 136
271 144
246 134
193 111
125 78
58 44
13 17
3 5
31 11
87 37
156 70
220 103
263 132
273 142
248 136
195 115
126 80
62 46
17 17
3 5
27 9
83 35
154 68
216 103
261 130
273 142
251 136
199 117
130 82
66 48
19 19
3 5
27 11
82 35
152 68
218 109
265 144
269 148
240 121
193 91
134 68
72 48
19 27
1 5
25 1
80 25
148 68
214 111
259 136
273 142
253 130
205 113
138 87
70 52
21 19
3 0
23 3
74 29
142 66
208 99
257 126
275 140
255 138
207 121
142 89
74 52
23 21
3 5
21 7
72 29
140 62
207 97
255 125
273 140
257 138
210 121
144 89
78 52
25 23
3 5
19 7
68 27
136 60
203 95
253 125
273 140
259 142
214 123
148 91
80 54
29 25
3 7
17 7
64 27
132 58
201 95
253 128
279 152
263 150
208 121
140 78
78 41
29 15
3 3
15 5
60 19
130 50
201 91
251 126
273 146
261 144
218 125
154 91
85 58
31 29
3 7
13 3
58 19
126 52
195 91
248 123
273 140
263 140
222 123
158 95
89 60
35 29
5 7
13 3
54 21
123 52
191 89
246 121
271 138
263 140
224 126
162 97
93 62
35 29
5 7
13 5
52 21
119 50
189 87
244 119
271 138
265 142
226 126
166 99
97 64
39 31
5 9
11 5
50 21
115 50
185 85
242 117
271 138
267 142
230 132
173 111
103 78
33 29
0 0
3 0
50 11
115 52
181 89
238 113
271 128
271 140
234 136
171 111
101 70
42 31
9 7
9 5
42 21
107 48
177 78
236 109
269 134
267 142
234 130
177 105
107 70
44 35
9 11
7 5
42 17
103 42
175 78
234 111
267 134
269 142
236 132
179 105
111 70
48 37
9 11
7 3
41 15
101 42
171 78
232 111
267 134
269 142
238 130
183 105
115 74
50 39
11 13
5 3
37 13
99 42
167 78
230 113
265 134
271 142
242 134
187 111
119 80
60 52
9 19
0 0
25 0
91 25
167 70
228 111
263 134
269 134
246 126
193 111
123 83
56 50
13 17
5 1
33 11
89 41
160 76
222 107
263 130
271 138
246 130
193 111
123 78
58 42
15 15
3 3
31 13
87 39
158 72
222 105
263 130
271 140
248 134
195 113
128 80
62 44
17 17
3 3
29 9
85 35
154 70
218 105
261 130
271 140
251 136
199 117
130 83
64 46
19 17
5 5
27 11
80 35
152 68
216 103
261 130
273 142
251 136
201 115
136 83
68 50
19 21
5 9
31 23
76 39
136 52
205 78
259 115
277 142
253 144
203 117
138 78
74 44
23 23
3 13
21 15
74 29
142 58
210 97
255 130
271 144
253 136
207 113
140 82
74 52
23 25
3 7
21 5
72 27
140 62
208 101
255 128
273 140
257 136
210 117
144 87
76 54
25 23
3 3
19 5
68 27
136 60
205 95
253 125
275 140
259 138
212 121
148 89
80 54
27 23
3 5
17 7
64 27
132 56
201 91
251 123
273 142
259 140
216 123
154 91
83 58
29 27
3 9
17 9
68 35
132 66
189 91
238 107
267 123
261 130
220 123
154 95
85 56
33 21
7 5
17 9
60 31
126 58
195 91
248 121
271 138
261 142
220 126
158 93
89 56
33 25
5 7
13 5
56 23
123 52
193 89
246 121
273 140
263 142
224 126
162 97
93 64
35 31
5 9
11 5
54 21
119 50
187 85
244 119
271 140
265 142
218 126
166 97
95 64
37 31
5 7
9 3
50 19
115 48
52 85
240 117
21 138
267 142
228 128
167 101
99 64
41 33
7 11
9 5
46 19
113 48
183 85
246 128
271 150
257 134
222 107
169 82
105 60
44 39
7 13
7 0
46 9
111 44
181 89
236 125
269 140
269 138
234 126
175 105
105 72
44 37
7 7
7 0
42 13
105 46
175 82
236 113
269 134
269 140
236 132
177 107
111 72
48 37
9 11
5 1
41 15
101 44
171 78
232 111
269 134
269 142
240 132
183 107
113 72
50 39
11 13
5 5
37 13
97 41
167 76
230 111
267 134
269 142
242 132
185 109
117 74
52 39
11 13
5 3
37 13
95 39
166 76
228 111
269 140
279 156
240 138
177 99
111 58
54 27
15 9
3 5
31 11
89 31
164 68
228 109
267 140
271 150
246 134
191 109
125 78
58 44
13 19
1 3
31 7
87 33
158 70
220 105
263 130
275 142
248 134
195 113
126 80
62 44
0 17
0 3
21 9
83 35
21 70
220 105
11 130
271 142
250 136
199 113
130 82
62 46
17 17
0 3
27 11
80 35
17 62
216 101
11 130
273 144
250 138
201 115
134 83
68 48
19 19
3 5
17 9
78 31
15 66
212 103
9 130
273 144
253 138
207 123
142 97
68 54
9 5
0 0
23 0
78 31
146 64
208 101
5 119
277 134
259 142
208 128
140 93
72 50
23 17
3 3
21 11
70 33
138 60
208 93
255 123
273 140
255 140
210 119
146 87
76 52
25 21
3 7
21 9
68 29
136 60
205 95
253 125
273 142
259 140
212 121
148 89
80 54
27 23
3 5
17 7
66 25
134 58
201 95
251 125
273 140
259 138
214 123
150 91
83 56
29 27
3 7
15 5
62 23
130 56
199 95
250 125
273 140
263 142
218 125
156 97
93 68
35 37
0 5
3 0
54 5
126 44
197 91
248 125
271 136
263 134
224 123
160 99
89 68
33 33
5 7
13 3
56 21
121 54
191 89
246 119
273 136
263 140
222 125
162 99
93 62
35 29
5 9
11 5
54 21
121 52
189 87
244 119
271 138
265 142
218 126
164 97
95 62
37 31
5 9
9 5
50 17
117 48
187 87
242 121
269 138
265 140
222 126
167 101
99 66
31 33
7 9
9 3
46 17
113 48
183 87
240 119
269 138
267 142
224 130
171 103
103 70
42 35
7 11
13 13
48 29
99 41
166 58
234 93
273 130
269 148
232 134
173 97
109 60
48 35
9 21
7 13
42 19
105 41
175 78
234 115
267 140
267 144
236 126
177 99
109 68
46 37
9 13
5 1
41 11
103 42
171 80
232 115
267 136
269 140
238 130
181 105
113 72
50 39
11 11
5 1
37 13
97 41
169 78
230 111
267 134
271 142
240 130
185 107
117 74
52 41
11 13
3 3
37 13
95 41
166 78
228 111
265 134
271 142
244 132
189 111
121 78
56 42
13 15
5 3
37 17
99 52
158 78
214 99
257 115
271 128
248 130
191 113
121 76
58 37
17 11
7 5
31 17
89 42
160 74
222 107
261 130
271 142
248 136
193 111
126 76
60 41
17 15
3 5
29 11
83 33
156 68
220 105
261 132
271 144
250 134
197 113
130 80
64 44
17 17
3 3
27 7
82 31
152 68
216 105
259 130
273 142
251 136
201 115
134 83
66 48
19 19
3 3
25 7
80 31
148 66
214 103
259 130
273 142
253 138
205 117
136 83
70 50
23 21
3 7
23 7
74 29
146 66
214 109
13 144
267 146
234 123
201 95
125 74
76 52
23 27
1 5
21 0
74 23
142 66
208 109
255 134
273 140
255 132
208 117
144 91
74 56
23 21
3 0
19 1
68 27
138 64
205 99
253 125
275 138
257 138
212 123
146 91
80 54
27 21
3 3
17 5
66 27
134 58
203 93
251 123
273 140
259 138
216 123
152 91
82 54
29 25
3 7
15 5
62 23
130 56
199 93
251 125
273 142
261 140
218 123
154 93
85 58
31 27
5 7
15 5
60 23
126 54
197 93
251 126
279 150
263 150
212 121
148 80
83 35
35 17
5 5
5 5
54 17
125 44
195 87
0 126
265 148
263 146
224 125
162 95
91 62
35 33
3 9
11 1
54 15
121 50
189 89
244 121
21 138
265 138
226 126
164 99
95 64
39 33
5 7
11 3
50 17
115 48
187 87
242 121
271 138
265 140
222 126
169 99
99 66
31 31
7 9
11 5
48 19
113 48
183 83
240 117
271 138
267 142
232 128
171 101
101 66
42 33
7 9
9 3
46 17
109 46
179 82
240 117
271 140
269 146
234 132
181 115
109 80
37 29
0 0
3 0
46 9
109 50
175 78
234 111
21 128
271 140
175 138
177 115
107 72
48 33
9 7
7 5
39 19
99 42
173 76
234 109
269 134
269 144
238 134
181 107
113 70
48 37
9 13
7 5
39 15
97 41
169 76
230 113
267 136
269 144
240 132
185 107
117 74
52 41
11 13
5 1
37 13
95 41
166 76
226 111
267 134
271 144
244 134
187 109
119 76
54 39
13 13
5 3
35 13
91 41
162 74
226 109
265 134
273 144
246 136
193 115
126 83
62 52
11 19
0 0
21 0
87 21
164 68
222 109
261 132
271 136
250 130
197 115
126 87
60 50
15 17
5 1
29 9
83 37
154 72
218 103
261 126
273 138
248 134
197 113
128 80
64 42
17 15
5 3
27 11
82 37
152 68
216 103
261 130
273 144
251 136
199 113
132 82
66 44
19 17
3 5
25 7
78 33
148 66
214 103
259 130
273 142
253 136
203 117
136 83
70 48
21 21
5 7
23 9
74 31
144 64
212 101
257 130
273 142
253 138
208 119
140 87
72 52
21 21
7 11
29 23
68 35
128 48
201 74
257 115
277 144
255 146
207 119
144 80
78 46
25 25
5 15
19 15
70 27
136 54
205 93
253 128
273 146
257 138
210 115
146 83
80 54
27 27
3 7
17 5
66 23
134 58
203 97
251 128
273 140
259 138
214 121
150 91
80 56
29 23
5 5
17 0
62 27
5 56
138 93
1 125
273 142
259 140
218 123
154 93
85 58
29 25
5 7
15 5
60 23
126 54
197 91
250 123
273 140
263 142
220 125
158 95
87 60
33 29
7 9
15 9
64 33
125 62
183 87
236 107
269 123
265 132
224 125
160 95
91 56
35 23
7 5
15 11
54 29
121 56
191 87
246 117
271 138
263 144
224 126
164 95
93 56
35 25
7 7
11 7
52 21
117 48
187 83
244 119
271 142
265 144
228 128
167 99
97 64
39 33
5 9
9 3
48 17
113 46
183 83
240 117
271 138
267 142
230 128
171 101
101 66
41 33
7 9
9 5
46 17
111 46
179 83
238 117
269 138
269 142
232 130
173 103
105 68
44 35
9 11
7 3
42 17
107 46
177 83
242 126
269 146
259 134
226 109
175 83
111 64
48 41
9 15
7 0
41 7
105 42
175 87
234 123
267 138
269 138
238 126
181 107
111 76
48 39
9 7
7 0
41 13
99 44
169 80
230 113
267 132
271 142
240 132
183 111
115 74
52 37
11 11
5 3
37 15
95 42
166 76
228 109
267 132
271 144
242 134
187 109
119 74
54 41
13 15
5 3
33 11
91 37
164 74
226 109
265 134
271 142
246 134
191 111
123 76
56 41
13 13
5 3
33 13
89 39
160 74
224 111
269 140
277 154
242 138
183 101
119 62
60 31
17 13
3 3
27 7
85 29
158 66
222 107
263 138
273 150
248 138
197 113
128 82
62 48
15 19
1 1
27 7
82 31
152 68
216 105
261 130
273 142
251 134
201 115
132 83
66 48
19 19
1 1
25 9
80 33
150 68
214 103
259 128
271 140
253 136
203 117
136 83
68 46
21 17
5 5
25 9
74 33
144 64
212 101
257 130
273 144
253 138
207 117
140 85
74 50
21 21
3 5
21 7
74 29
142 62
208 101
257 130
275 144
255 140
212 126
148 101
70 54
11 5
0 0
21 0
74 31
140 70
205 97
255 119
277 136
261 144
212 132
146 97
78 52
25 17
3 3
17 9
64 29
134 58
203 91
251 121
273 140
259 140
216 123
152 91
82 56
27 25
3 7
17 7
62 27
130 56
199 93
251 123
273 142
259 140
216 121
156 91
85 56
29 25
1 5
15 5
62 25
128 56
195 93
250 125
273 140
261 140
218 123
158 93
89 60
33 29
5 7
13 3
58 21
125 54
193 91
246 123
271 140
265 140
224 126
162 101
97 72
35 39
0 5
1 0
48 5
123 44
193 89
244 121
269 134
265 134
228 125
166 105
95 72
35 35
5 7
11 1
52 19
117 52
185 89
242 117
271 134
265 138
228 126
167 101
97 66
39 31
7 7
11 3
50 21
113 50
183 83
240 115
271 136
265 142
230 128
169 101
103 66
42 33
7 9
7 3
46 17
111 46
181 83
238 117
269 136
267 140
232 130
173 103
105 68
44 35
9 11
7 3
42 15
107 44
179 82
238 117
269 138
269 144
236 130
177 105
109 72
46 39
9 15
13 15
42 27
93 37
162 56
232 93
271 130
271 148
236 134
179 99
113 64
52 39
11 23
5 13
39 17
99 37
169 74
230 113
267 138
269 142
238 128
183 101
117 72
52 42
11 17
5 3
37 9
97 39
167 78
228 115
265 136
271 140
244 130
187 109
119 78
54 42
13 13
5 3
35 11
91 39
164 76
226 111
15 126
271 140
244 132
189 111
123 80
58 44
13 15
5 3
33 11
89 39
160 74
222 107
263 132
273 142
246 134
193 113
126 80
62 46
17 17
5 5
33 17
91 48
152 74
208 95
255 115
273 130
250 132
195 115
128 80
64 42
19 15
5 5
29 15
83 39
154 70
216 103
259 130
271 144
250 138
199 115
130 80
64 42
19 17
3 5
27 9
80 31
150 64
214 103
259 130
273 144
251 136
203 115
136 83
68 50
19 19
3 3
23 7
13 29
21 64
205 101
9 125
273 142
250 136
126 117
138 87
72 52
23 21
3 5
21 0
74 29
142 64
208 99
5 126
265 142
255 138
208 119
144 87
76 54
25 23
0 5
21 0
72 29
138 64
210 107
259 140
267 142
246 121
207 95
148 78
82 58
25 29
1 5
17 0
68 21
130 62
205 107
251 134
273 140
257 134
214 119
150 95
80 60
27 23
1 0
17 1
64 25
130 62
199 95
251 123
273 138
259 140
216 125
154 95
85 58
31 25
3 5
15 5
60 25
128 56
197 91
250 121
273 138
261 140
220 125
158 95
87 60
33 27
5 7
13 5
56 21
125 54
195 91
248 123
271 138
263 138
224 126
162 99
91 62
33 29
5 9
13 5
56 23
121 54
191 91
248 125
279 150
263 148
216 121
154 82
93 48
39 23
5 7
9 3
52 17
119 46
189 87
246 125
271 144
265 144
228 126
167 99
97 66
39 35
5 9
9 1
48 13
113 44
185 85
242 121
271 140
267 142
230 126
169 101
101 68
41 35
7 11
9 3
46 17
111 46
181 83
238 117
269 136
267 140
234 130
173 105
103 68
42 35
9 11
9 5
42 17
42 46
52 80
238 115
269 138
269 142
236 130
177 103
107 70
46 37
9 13
7 5
42 15
103 42
175 80
234 115
269 138
271 144
238 134
185 119
113 83
39 33
0 0
3 0
42 9
101 48
167 82
230 107
269 126
275 142
242 142
183 117
113 76
52 35
11 9
5 5
35 17
95 41
166 72
228 105
265 132
271 144
242 134
187 109
119 74
54 41
13 15
5 7
35 15
91 37
162 70
228 109
267 138
271 146
244 134
191 109
123 76
58 44
13 17
3 3
33 11
89 37
160 72
222 107
263 134
273 142
246 134
193 111
125 78
60 44
15 17
3 3
31 9
87 35
156 70
222 107
263 132
273 144
250 138
197 117
134 87
70 56
13 21
0 0
19 0
82 21
0 64
218 105
9 130
273 138
251 132
187 119
132 89
66 52
17 19
3 1
19 7
80 33
15 68
214 101
11 126
273 140
251 136
187 117
136 85
70 48
21 19
3 5
17 9
76 33
146 64
212 101
257 128
273 142
250 138
189 117
138 85
72 46
23 21
3 3
21 0
74 29
17 62
208 97
5 126
267 140
257 140
146 119
142 87
76 52
25 23
0 7
5 0
70 27
13 60
207 97
5 126
265 142
257 138
134 121
146 91
78 56
27 27
9 15
23 21
60 29
123 42
72 72
1 113
269 144
259 148
210 119
150 82
83 50
31 29
3 17
17 13
64 25
7 52
136 91
1 126
265 144
259 140
154 119
152 87
83 56
29 29
3 9
15 3
60 21
128 56
197 93
248 125
23 140
263 140
218 123
156 95
87 60
33 29
5 7
13 5
58 21
125 54
195 91
248 123
273 140
263 140
224 125
160 97
91 62
35 29
5 7
13 5
56 23
121 52
189 89
246 119
273 140
265 144
224 128
164 99
95 64
37 33
5 11
13 9
60 31
117 56
177 82
232 103
269 123
267 136
228 128
164 99
97 60
41 25
9 9
7 9
35 25
115 52
185 83
240 115
269 136
267 144
230 130
169 99
99 62
41 29
7 11
9 7
46 19
111 46
181 82
238 115
269 140
267 144
232 130
173 101
105 68
44 35
7 11
9 5
44 17
107 44
177 80
236 115
269 136
269 142
236 130
177 105
107 70
46 37
9 11
7 3
41 15
105 44
173 80
234 113
269 136
271 144
238 132
179 107
111 70
50 37
11 13
7 5
39 15
101 44
171 82
236 123
265 142
261 132
232 111
181 91
117 72
52 44
11 15
5 0
39 7
99 41
169 83
228 119
265 136
271 138
242 130
187 111
117 80
52 41
11 9
5 0
35 9
93 41
164 78
226 109
265 132
273 142
244 136
191 115
121 80
56 42
13 13
5 1
33 11
89 39
160 74
222 105
263 130
273 142
248 138
193 113
125 78
60 42
17 15
3 5
29 11
85 35
158 70
220 107
261 132
273 142
250 136
197 113
126 82
62 46
17 17
5 3
29 11
83 35
154 70
220 107
267 138
277 154
244 138
189 103
126 64
66 35
19 15
3 5
25 7
80 27
152 64
218 107
259 138
257 148
251 138
187 115
128 85
68 52
19 21
3 3
15 5
78 27
21 64
205 101
7 128
273 140
255 136
205 117
138 87
72 52
21 21
3 3
21 5
74 29
144 64
210 101
255 128
273 140
255 138
208 119
142 89
74 52
23 21
3 5
21 7
70 29
138 62
207 97
255 126
273 142
257 140
212 121
146 89
78 54
25 23
3 5
19 5
68 27
136 60
205 97
253 126
275 144
259 142
216 126
154 103
74 56
15 7
0 0
19 0
68 29
132 64
199 93
251 115
277 136
263 146
218 132
152 99
83 54
29 21
3 5
13 9
60 25
128 54
197 89
250 121
271 140
263 142
220 125
158 95
87 58
31 25
5 9
15 7
58 25
125 52
195 89
248 121
271 140
263 140
222 123
160 95
91 60
35 29
3 7
13 3
56 21
121 52
191 89
246 123
271 140
265 142
224 126
164 97
95 62
37 31
5 9
11 5
52 19
119 52
189 89
244 121
271 138
267 142
230 130
169 105
103 76
39 39
0 3
0 0
44 3
115 41
187 85
240 119
269 134
267 136
232 128
171 107
101 74
41 37
7 9
11 3
46 19
109 50
179 83
240 115
269 134
267 138
232 128
173 103
105 68
44 33
7 9
7 3
44 19
107 46
179 82
236 117
269 136
267 142
236 130
177 105
107 70
44 37
9 13
7 5
42 15
105 44
175 80
234 113
267 136
269 142
238 130
179 105
109 72
48 39
9 13
5 5
39 15
101 41
171 80
232 115
267 136
269 142
240 132
183 109
115 76
50 41
13 15
13 15
37 23
85 31
158 52
228 91
271 132
271 148
240 134
185 103
121 68
56 42
13 23
5 11
33 15
91 35
166 72
226 111
265 138
271 144
244 130
189 105
121 76
56 44
13 17
5 3
33 9
91 37
162 74
224 111
263 132
271 140
246 132
193 111
125 78
58 42
15 15
5 3
29 9
85 35
158 70
222 107
263 132
271 140
248 132
197 113
128 83
62 46
17 17
3 1
29 9
83 33
154 70
220 107
261 132
273 142
250 136
199 117
132 85
66 48
19 19
5 7
31 17
83 44
142 68
205 89
255 113
275 132
253 136
201 117
132 80
70 42
23 17
5 9
25 15
78 35
148 66
214 101
257 128
271 142
253 138
205 115
136 82
70 44
23 21
5 7
23 9
74 29
144 62
210 101
257 130
273 144
255 138
208 117
142 87
74 52
23 23
3 5
21 5
72 29
138 62
207 99
255 126
273 142
257 140
210 121
144 87
78 54
27 25
3 5
19 7
68 29
136 60
205 99
253 126
273 142
257 138
214 121
150 91
80 58
29 27
3 9
17 7
66 27
132 60
205 103
255 138
265 140
248 121
212 101
154 83
85 60
29 29
3 3
17 0
64 21
130 62
199 103
250 128
273 138
261 134
218 123
154 97
85 60
31 25
0 1
15 0
50 23
125 56
195 91
250 121
273 138
263 140
220 126
160 97
89 60
33 27
5 5
13 5
56 23
123 54
191 89
246 121
271 138
263 142
224 126
162 97
93 60
37 29
5 9
13 5
52 19
119 50
189 87
244 121
271 138
265 142
228 126
166 99
95 64
39 31
7 11
11 7
50 21
115 50
187 87
246 125
279 152
263 150
218 119
160 83
99 52
42 27
7 9
9 3
46 13
113 42
183 83
242 125
271 144
267 144
232 126
171 99
103 68
41 35
7 11
9 1
44 13
107 44
177 82
236 117
269 138
269 142
234 128
175 105
107 70
46 37
9 11
7 3
41 15
105 44
175 82
234 115
267 134
269 140
236 130
179 105
111 70
46 37
11 11
7 5
41 17
101 44
171 78
232 113
267 136
269 142
238 132
183 107
115 74
50 39
11 13
5 3
39 15
97 42
167 78
230 111
267 136
271 144
244 138
191 123
117 82
42 29
1 0
3 0
41 11
97 48
162 78
226 101
267 126
275 144
244 144
187 119
121 76
56 39
13 13
5 5
31 15
87 37
160 68
224 103
263 130
271 144
246 136
193 113
125 78
58 42
15 15
5 5
33 11
87 35
158 70
220 107
263 134
273 144
248 134
195 113
128 80
62 44
15 17
3 3
29 9
83 35
154 70
218 105
261 130
273 142
250 136
197 113
132 82
66 46
17 19
1 3
27 9
82 35
152 70
216 105
259 130
275 142
253 138
203 119
140 91
72 56
13 19
0 0
17 0
78 19
150 64
212 103
257 126
273 136
255 134
207 123
138 93
70 54
21 19
3 1
23 7
74 33
142 66
208 97
257 125
273 140
253 138
207 119
140 85
74 50
23 21
3 5
21 9
72 31
140 62
207 97
255 126
273 142
257 140
210 121
144 87
78 52
25 23
3 5
19 5
70 29
136 62
205 97
253 126
273 142
259 140
212 123
148 91
80 54
27 25
3 5
17 5
64 25
132 58
203 95
253 125
273 140
261 140
216 125
152 93
83 58
29 27
9 17
19 19
54 21
119 37
193 70
251 115
275 144
259 146
216 119
156 85
89 56
33 35
3 17
13 9
60 19
125 50
195 91
248 125
271 142
263 138
220 119
158 91
89 60
35 33
5 9
13 3
56 19
123 52
193 93
246 123
271 138
263 140
224 125
162 97
93 62
37 29
5 9
11 5
52 21
119 52
189 89
244 121
271 138
265 140
226 126
166 99
97 64
39 31
7 9
9 3
50 19
115 50
185 87
242 119
271 138
265 142
228 126
169 101
101 66
41 35
7 11
11 9
54 31
111 54
171 78
230 99
269 123
269 136
232 130
169 99
103 60
46 29
11 13
9 11
44 25
109 48
179 82
238 115
267 138
267 144
234 130
175 99
107 64
46 33
9 11
7 3
42 15
103 42
175 80
236 117
269 138
267 142
236 128
177 103
111 70
48 39
9 13
7 3
41 13
101 42
171 80
232 113
267 136
269 142
240 132
181 107
113 74
52 39
11 13
5 3
39 15
99 41
167 78
230 111
267 136
271 142
240 132
185 107
117 74
54 41
13 15
5 5
35 13
95 41
167 82
232 125
263 140
259 130
236 109
189 93
123 76
56 48
11 15
3 0
35 5
93 39
162 82
224 117
263 134
255 138
244 130
191 113
115 82
58 42
15 11
5 0
31 11
9 39
33 74
220 105
13 130
273 140
185 136
193 115
126 80
62 44
0 15
3 3
21 9
85 35
156 70
218 103
7 130
273 142
250 136
197 109
130 80
64 46
19 19
3 5
19 9
80 33
15 68
216 103
9 130
273 142
251 136
201 117
132 83
66 48
21 19
3 5
17 11
78 33
15 68
216 105
15 138
277 154
244 136
193 101
134 68
72 42
21 19
1 3
21 3
68 23
146 62
212 105
257 136
273 146
255 138
207 115
140 87
72 52
21 23
1 3
21 3
64 27
140 62
208 99
255 126
273 140
257 138
208 119
144 89
78 54
25 25
0 5
19 7
68 27
136 60
205 97
253 126
273 140
257 138
212 121
148 91
80 54
27 23
3 5
17 7
66 27
132 58
203 95
251 126
273 142
259 140
216 121
154 91
83 58
29 25
3 5
17 5
62 25
128 58
197 95
251 125
273 142
261 142
222 130
158 105
78 54
19 5
0 0
17 0
62 29
126 62
193 89
248 115
275 136
263 146
222 134
158 101
89 58
33 23
5 7
13 9
54 25
123 50
193 83
246 117
271 140
263 142
224 126
162 95
93 58
35 29
5 9
13 5
54 21
119 48
189 87
244 121
271 138
263 140
226 125
166 99
95 62
39 31
5 9
11 5
50 19
115 50
185 85
242 119
271 138
265 140
228 126
167 97
99 66
41 35
7 11
9 3
48 17
113 48
183 85
240 119
271 138
267 142
234 130
175 107
109 76
41 41
0 3
0 0
44 1
111 41
181 83
236 117
267 132
269 136
238 130
177 109
105 76
44 35
9 9
9 3
41 17
103 44
175 80
236 113
269 134
269 142
236 130
179 105
111 70
46 37
1 11
7 3
41 15
103 42
31 78
224 113
267 134
269 142
238 132
181 107
113 72
50 37
11 13
5 3
37 13
97 39
169 76
230 111
267 136
271 142
242 132
185 109
117 76
52 39
13 13
5 3
35 13
93 39
166 76
228 111
265 134
271 142
244 132
189 109
121 76
56 42
15 19
11 17
31 19
80 25
152 48
224 89
269 132
273 150
244 136
191 103
125 72
60 46
15 27
3 13
31 11
87 31
158 68
220 107
263 136
271 142
248 130
195 107
126 78
60 46
15 17
5 3
29 9
83 35
154 70
218 107
261 132
273 142
250 136
197 115
130 82
64 46
17 17
3 3
25 9
82 33
152 68
216 103
259 130
273 142
251 136
201 115
134 83
66 48
19 19
3 5
25 9
78 33
146 64
212 99
259 128
273 144
253 138
203 117
136 85
70 50
21 21
5 7
31 17
80 41
136 62
199 85
251 111
275 132
255 138
205 121
138 82
74 44
25 19
5 9
21 15
72 33
140 60
207 95
255 126
273 144
255 142
210 119
144 85
76 48
25 21
3 7
19 7
68 25
136 58
207 97
253 128
273 144
257 138
212 119
148 89
78 56
25 23
3 5
17 5
66 27
132 58
201 95
251 125
273 142
261 140
214 123
150 91
83 56
29 25
3 7
15 7
62 25
130 56
199 93
250 123
273 140
261 140
218 123
154 93
85 58
33 27
5 9
15 5
60 25
128 58
201 99
251 132
263 136
253 121
216 103
160 87
91 64
33 33
3 3
13 0
60 21
125 60
193 99
246 125
271 136
263 136
222 125
162 101
91 64
35 27
3 1
13 1
54 23
119 54
189 87
244 117
273 138
265 142
226 130
166 99
95 62
37 29
5 7
9 5
50 21
115 48
185 83
242 117
271 138
265 142
228 126
167 99
99 62
41 31
7 9
9 3
48 17
113 48
183 85
240 117
271 138
267 142
232 130
171 103
101 68
42 35
9 11
9 5
46 19
109 48
181 83
242 121
275 148
265 148
222 121
167 85
105 54
46 29
9 11
5 1
42 11
107 41
177 82
236 121
269 142
269 144
236 130
177 105
109 72
46 39
7 11
5 0
41 11
103 42
173 80
232 115
267 134
271 140
240 132
181 109
111 74
50 39
11 11
5 1
39 13
99 42
169 78
230 111
265 132
271 140
242 134
185 109
115 74
52 39
13 13
5 5
35 15
95 41
166 74
228 109
267 134
271 142
242 130
189 109
121 76
56 42
13 15
5 3
35 13
93 39
162 76
224 111
265 134
271 144
248 138
197 125
121 83
48 29
5 0
3 0
35 9
89 44
156 74
222 101
265 125
275 144
248 144
193 121
125 80
60 39
15 13
1 5
29 13
83 37
156 66
220 99
261 128
271 142
250 138
197 115
130 80
64 44
17 17
3 5
27 11
82 33
150 66
216 103
261 130
273 142
250 134
201 113
132 82
66 46
19 17
3 3
27 9
80 33
148 68
214 103
259 130
273 142
251 138
203 117
136 83
70 48
21 19
3 3
23 7
76 29
144 64
210 101
257 128
273 142
255 138
208 121
146 95
76 60
15 19
0 0
17 0
74 19
142 62
207 101
255 125
275 136
259 136
212 125
144 97
74 56
23 21
3 3
19 7
68 29
136 62
205 93
253 121
273 138
257 136
212 121
148 89
80 54
27 21
1 3
19 7
68 29
134 60
203 95
251 123
273 140
259 140
214 123
150 91
82 54
29 25
3 5
15 5
64 25
130 58
199 95
250 125
273 140
261 142
218 125
154 93
83 56
29 25
3 5
15 5
60 25
126 56
195 93
250 123
273 142
261 142
220 126
158 97
89 62
33 31
9 17
17 17
48 19
111 33
189 66
250 113
275 146
263 146
220 121
164 87
95 58
37 37
