470000 10000000 98566 21
113 68
80 48
52 35
31 23
19 15
19 13
29 15
48 23
76 37
107 52
144 70
181 87
212 105
236 119
253 128
261 134
257 134
244 130
220 119
193 105
158 89
123 72
89 54
60 41
39 29
23 19
19 13
25 15
44 25
74 46
97 54
123 52
162 58
203 83
234 115
250 132
259 134
259 128
251 125
230 125
203 119
169 103
132 78
97 54
66 39
41 29
25 21
17 13
21 9
37 13
60 27
91 44
125 62
160 78
195 93
224 111
244 125
255 130
261 134
253 134
236 126
208 115
177 99
144 83
109 64
74 46
48 31
29 21
19 15
21 13
31 17
52 25
82 39
115 56
150 74
185 89
216 107
240 121
253 128
259 132
257 132
244 130
218 121
187 105
154 87
119 70
85 54
56 39
33 25
23 17
25 21
31 27
41 25
60 23
99 33
142 58
177 85
207 105
232 115
251 121
263 130
261 138
246 138
224 126
195 107
164 89
126 74
91 60
62 42
37 25
23 13
17 9
25 13
41 23
64 31
95 42
130 60
167 82
199 103
226 115
248 125
259 132
259 134
250 132
232 125
205 113
173 95
136 78
101 60
70 44
46 33
27 21
17 13
21 13
35 19
58 29
87 42
121 58
156 76
191 93
220 111
242 123
257 132
261 136
253 134
238 126
214 115
183 103
148 85
111 66
78 48
52 35
33 25
25 25
23 27
25 17
39 7
70 17
111 41
150 74
181 95
210 103
236 111
255 125
255 138
257 144
179 134
220 117
187 99
158 85
121 74
87 56
56 37
37 19
21 13
17 13
25 17
44 25
70 33
101 48
136 64
171 85
205 103
230 117
250 125
259 130
259 134
248 132
228 125
201 107
167 91
130 76
95 58
64 41
42 27
27 19
19 15
23 15
37 19
62 29
91 44
126 62
160 80
195 95
224 111
246 125
257 132
259 136
251 134
234 126
208 113
177 97
144 83
109 68
76 50
54 42
31 31
11 11
9 0
27 0
54 15
83 37
117 58
150 72
187 85
220 105
244 125
255 138
259 140
255 132
240 125
216 117
185 107
150 87
115 66
82 46
54 33
33 23
21 17
19 15
29 13
46 23
74 35
107 52
142 72
177 87
208 103
234 117
251 128
261 134
257 134
244 128
222 117
197 107
162 93
125 76
91 56
62 39
39 27
23 17
17 15
25 15
41 21
66 31
97 46
132 64
167 82
201 99
228 113
250 125
259 134
259 136
250 132
230 123
205 113
171 99
136 82
101 62
74 52
46 42
17 17
5 0
17 0
39 9
60 33
85 46
121 56
160 70
195 91
222 117
244 132
257 136
261 134
253 132
236 126
210 119
179 103
144 82
109 60
76 44
50 33
31 23
19 15
19 13
31 15
50 25
80 41
113 56
148 72
181 87
212 105
240 121
253 132
259 134
255 132
242 126
220 119
191 107
156 91
121 72
85 52
56 37
37 25
21 17
19 13
25 15
44 21
72 33
103 50
138 68
173 83
205 101
232 115
250 126
261 134
259 138
248 134
228 125
201 111
167 99
138 89
93 66
54 35
31 9
23 1
21 7
23 13
37 17
62 25
95 41
130 64
158 87
197 103
224 115
246 123
257 130
259 134
250 134
232 125
207 109
173 91
138 76
107 62
74 48
46 33
27 19
19 13
23 15
33 21
46 29
83 33
119 54
29 74
187 91
216 109
240 123
5 128
253 134
255 132
162 128
207 119
185 103
150 83
115 66
82 52
52 37
31 23
15 13
19 11
29 17
48 27
74 37
109 50
144 68
179 87
210 105
234 119
0 128
253 134
259 136
244 132
220 123
195 109
166 103
125 82
80 46
48 15
35 5
19 13
19 21
15 19
41 15
68 25
101 48
134 74
169 95
201 103
228 111
0 121
259 134
257 138
248 132
228 119
203 105
169 93
132 78
99 60
68 42
44 27
27 17
17 13
21 13
37 19
60 29
89 42
123 58
160 78
193 95
222 111
244 123
257 130
261 134
253 132
236 128
210 115
179 99
144 82
109 64
76 46
48 33
31 23
19 15
19 13
31 17
52 27
82 41
113 56
150 72
185 91
216 107
240 123
253 130
261 134
257 136
246 134
226 130
183 107
144 78
111 54
83 41
56 33
33 25
19 13
19 9
29 11
46 25
74 41
105 54
140 70
175 83
207 101
232 119
250 128
259 132
257 130
248 128
226 123
197 111
164 91
130 74
95 56
64 41
39 29
23 19
19 13
25 13
39 19
62 29
95 46
130 64
164 82
199 97
226 115
248 126
259 134
259 136
251 132
232 125
205 113
173 95
138 78
103 64
72 46
44 33
27 19
19 13
21 15
35 19
56 29
85 41
119 56
156 76
189 91
218 111
244 123
257 132
261 138
257 138
244 140
212 125
171 89
138 62
111 50
83 48
52 41
29 25
19 7
21 5
31 17
50 35
76 44
109 52
144 64
179 83
210 107
236 123
251 128
259 128
257 130
244 130
220 123
193 109
160 89
123 70
87 52
58 41
37 29
21 17
17 11
25 11
42 21
68 33
99 48
134 64
171 82
203 101
230 117
250 126
259 134
259 134
250 132
228 123
201 111
167 95
132 76
97 60
66 42
42 31
27 19
19 15
21 13
37 17
60 29
91 44
126 62
162 80
195 97
224 115
248 126
263 140
265 146
246 134
224 113
203 95
177 89
144 80
107 66
72 44
48 25
31 19
23 19
21 21
29 21
54 25
83 37
115 56
150 76
183 93
216 105
240 119
255 128
259 134
255 134
242 128
216 117
187 101
154 87
117 70
82 52
54 35
33 23
21 15
19 15
27 17
46 25
74 35
107 50
142 70
171 87
207 105
234 117
1 128
259 134
257 132
246 130
226 121
197 109
162 93
126 74
93 56
62 41
39 27
23 17
19 13
25 15
41 21
64 31
97 46
132 64
167 83
201 101
228 117
251 132
265 148
253 138
238 117
224 99
207 99
175 99
136 83
99 58
68 33
46 23
31 25
19 25
21 21
35 17
58 23
87 41
119 62
156 80
189 93
218 103
244 117
257 130
259 138
253 134
236 125
212 113
181 101
146 85
109 66
80 46
52 33
31 23
19 17
19 13
31 15
50 25
78 37
111 54
146 72
183 89
212 105
236 119
0 128
253 134
257 134
242 130
218 117
187 105
158 89
121 72
85 54
56 37
35 25
23 17
19 15
25 17
44 21
70 35
103 50
136 70
173 89
210 111
234 126
242 125
248 119
253 119
248 123
228 123
197 109
166 89
132 68
99 56
66 46
41 35
25 21
19 13
23 13
37 19
60 33
91 44
126 60
162 76
195 93
224 111
246 125
257 130
259 132
253 132
234 126
207 115
175 99
142 80
105 64
72 48
46 33
27 19
19 13
21 13
33 17
54 27
83 39
117 56
154 74
187 91
216 109
242 121
255 130
261 136
255 134
240 128
216 117
185 103
150 85
115 68
80 48
54 35
33 23
21 17
19 15
29 17
48 25
74 37
109 52
144 72
179 93
214 117
228 117
242 109
255 111
259 125
248 134
222 126
193 103
162 82
128 70
93 62
62 50
37 31
21 13
17 5
25 13
41 27
64 35
95 42
132 58
169 80
201 101
228 119
250 126
259 132
259 134
248 132
230 125
203 113
171 95
126 78
99 60
68 42
42 29
25 19
17 11
21 11
37 19
58 29
87 42
123 58
158 76
193 95
222 111
244 123
257 130
261 134
253 132
236 126
212 115
181 101
146 83
109 64
76 46
50 33
31 21
19 15
21 13
33 19
52 29
82 42
121 66
150 82
173 87
203 91
234 103
255 121
261 134
255 134
240 125
220 113
191 103
158 93
121 78
83 56
56 37
35 21
21 15
17 15
25 15
44 21
70 29
103 46
138 68
173 87
207 105
232 117
251 126
259 132
259 136
248 134
226 123
197 107
164 91
128 76
95 60
64 41
41 27
25 17
17 13
21 13
39 19
64 31
95 46
128 62
164 80
199 97
226 115
248 126
257 132
259 134
251 132
232 125
207 115
173 97
140 80
105 62
72 46
46 33
27 21
19 15
21 15
33 17
56 29
89 50
121 70
146 72
177 74
214 89
244 115
259 136
259 138
253 128
242 121
218 115
185 109
150 93
113 72
80 46
52 31
31 23
19 19
17 13
29 13
48 19
76 33
109 54
144 72
179 87
208 101
236 115
253 130
259 138
255 136
244 128
222 119
193 107
160 91
121 72
89 52
60 37
37 25
21 17
17 13
25 13
42 21
66 33
99 46
134 64
169 83
203 101
230 115
250 126
259 132
259 134
250 134
230 125
201 111
169 95
134 78
99 60
68 44
42 29
27 21
19 15
25 17
44 31
58 37
80 37
113 41
158 62
197 91
222 113
242 121
257 125
263 130
255 134
236 134
210 121
179 101
144 80
107 64
74 48
46 35
29 19
17 9
19 9
31 15
52 27
82 41
115 54
150 70
185 89
216 107
240 123
255 130
259 132
255 132
240 128
216 119
187 105
154 85
119 68
83 50
54 35
35 23
21 15
17 11
25 13
46 21
74 37
105 52
138 68
175 83
208 103
234 119
251 128
259 134
259 134
248 130
224 123
197 109
164 93
128 76
95 60
62 42
39 29
25 19
19 17
29 25
41 31
54 23
83 21
128 42
169 78
201 107
224 117
246 119
259 125
261 136
253 140
232 134
205 115
171 91
138 76
101 62
70 48
44 33
25 15
19 9
21 11
35 19
56 29
85 41
121 56
156 72
189 93
220 111
244 125
257 132
259 134
253 132
238 128
214 119
181 101
146 83
113 64
80 48
52 35
31 23
19 15
21 11
29 15
50 25
78 37
111 54
146 70
181 87
212 105
236 117
253 126
261 134
257 136
244 130
220 121
193 107
158 91
123 74
87 56
58 39
41 29
29 27
15 19
15 5
33 5
66 17
103 42
136 66
169 82
203 95
232 109
251 126
261 138
259 140
248 134
226 121
201 109
167 95
130 78
95 58
66 39
41 23
25 15
17 13
21 13
39 19
62 29
91 44
125 60
162 80
195 97
222 111
246 123
259 132
261 136
251 132
234 125
208 113
177 99
142 82
107 64
74 46
46 31
27 19
19 15
21 13
31 17
54 27
83 41
117 56
152 74
185 91
216 109
240 121
255 130
259 134
255 134
240 128
216 117
185 103
154 87
117 70
83 52
56 39
41 37
21 25
7 3
17 0
44 5
78 35
107 60
140 72
175 78
210 95
238 119
253 138
259 142
257 134
246 125
224 119
193 111
160 93
126 74
93 52
62 35
37 25
23 19
19 15
25 15
39 17
64 29
97 46
132 68
167 83
199 97
228 111
250 125
259 134
259 136
250 130
230 121
205 111
171 97
136 80
101 62
70 42
42 29
27 19
19 13
23 13
35 17
56 25
87 41
123 60
158 78
191 95
220 109
242 123
257 132
261 136
253 134
238 126
212 115
183 103
148 87
115 74
82 60
46 37
19 11
11 0
19 1
33 13
50 25
78 35
111 48
150 66
185 89
212 111
238 125
253 130
261 134
255 134
242 130
218 119
189 103
156 85
121 68
85 50
56 37
35 25
21 15
17 11
27 13
44 21
70 35
101 46
138 64
173 83
205 103
232 117
250 126
259 132
259 134
248 132
226 121
199 107
167 93
130 76
95 58
64 42
41 29
25 19
19 13
23 13
39 19
62 31
91 44
126 62
162 78
197 97
226 115
246 126
257 132
261 134
253 134
234 128
207 115
175 99
144 85
111 76
68 52
35 17
19 0
19 0
25 13
33 23
52 27
83 33
119 50
156 78
189 103
216 117
240 123
255 126
259 132
253 136
238 130
214 117
183 97
150 80
115 68
80 52
54 37
33 21
21 13
19 11
29 17
48 25
76 39
107 50
142 66
179 87
210 105
236 121
251 128
259 132
257 134
246 130
224 121
195 107
160 89
125 70
91 56
60 41
37 27
23 17
19 13
25 13
41 21
66 33
99 46
134 64
167 82
203 101
230 117
250 128
259 136
259 136
250 132
232 126
208 119
173 105
128 78
87 46
62 25
42 19
27 17
17 13
21 11
37 13
62 27
91 48
125 66
158 82
193 95
220 107
244 123
257 134
259 136
251 132
234 121
210 111
179 101
144 83
109 64
76 46
50 31
31 23
19 15
19 13
33 15
52 25
80 39
113 54
150 72
183 89
214 107
238 121
253 128
261 134
257 134
242 130
218 119
189 105
156 87
119 72
83 52
56 37
35 25
21 17
17 11
25 13
46 23
72 35
103 50
138 68
175 85
207 103
232 117
250 128
261 134
259 136
248 132
230 130
201 121
160 95
117 60
87 35
64 27
42 29
23 23
17 13
23 5
41 15
66 35
95 56
125 70
164 78
197 93
226 111
246 128
7 134
257 132
251 126
232 121
207 113
173 101
138 82
103 60
72 42
44 31
27 21
19 15
21 13
33 15
46 25
85 41
119 60
29 76
187 91
218 107
242 123
5 132
261 136
255 132
238 126
212 117
181 101
148 85
115 68
80 50
50 35
31 21
21 15
19 15
29 17
48 25
76 35
111 52
144 70
179 87
212 103
238 119
3 130
255 138
263 144
246 138
214 119
181 91
154 72
123 62
89 52
56 37
37 23
23 11
21 11
27 19
44 29
68 37
99 48
1 64
169 83
201 101
228 115
0 123
259 125
257 132
185 130
228 123
201 109
169 93
132 76
97 58
68 42
42 29
25 17
17 9
23 11
39 21
60 31
89 44
125 58
162 76
195 97
222 113
244 125
257 130
259 134
251 132
234 126
210 115
177 99
142 80
107 62
74 46
48 33
31 23
19 15
19 13
33 17
54 27
82 41
115 56
150 72
185 89
216 107
240 121
255 130
267 146
259 148
232 126
205 97
181 80
156 80
121 76
82 56
52 31
35 13
23 13
21 19
27 25
44 27
74 31
105 46
140 68
173 89
207 105
234 115
251 123
259 130
257 136
246 132
226 123
197 105
164 89
126 74
93 58
62 41
39 25
23 15
19 11
23 15
39 21
64 29
95 42
130 62
166 82
199 99
226 113
248 125
259 132
259 136
250 134
232 125
205 111
171 95
138 80
103 62
70 44
44 29
27 19
19 13
23 15
35 19
56 27
87 42
121 58
31 76
191 95
222 115
0 136
257 140
251 130
236 117
236 111
207 109
181 101
140 83
109 60
80 44
54 35
33 27
19 21
19 15
29 13
50 23
78 39
109 56
146 72
179 85
210 101
236 117
3 130
261 138
257 134
242 126
220 117
191 105
158 91
121 72
87 52
58 37
35 25
21 17
19 13
27 13
44 19
68 31
99 48
128 66
171 85
205 99
232 115
250 126
259 134
259 136
246 130
228 121
201 111
167 93
130 76
97 58
66 42
42 29
25 19
17 13
23 13
39 19
62 31
91 46
126 62
164 80
197 99
230 123
246 134
248 125
250 113
250 113
236 121
208 119
175 99
142 76
107 56
76 44
48 39
29 29
19 17
19 9
33 13
54 25
82 42
115 56
152 70
185 85
216 105
240 123
253 130
261 134
255 132
240 126
216 119
185 105
152 87
115 68
82 48
52 33
33 23
21 17
19 13
27 13
46 21
68 35
107 52
142 70
177 85
208 103
236 117
251 128
259 134
257 134
246 130
222 121
195 107
162 91
126 74
91 54
62 41
37 25
23 17
19 13
25 17
41 23
66 33
99 48
136 70
175 95
197 105
216 107
240 109
250 117
261 130
250 132
228 123
203 105
173 91
138 78
103 68
70 50
42 31
27 15
19 11
21 13
33 19
56 27
87 39
123 56
158 76
191 95
220 111
244 123
257 132
259 134
251 134
236 126
212 115
181 99
144 82
109 64
78 48
48 33
31 21
19 13
19 13
31 17
50 25
80 37
113 52
140 70
183 89
214 107
238 121
253 130
251 134
257 134
242 130
220 119
189 105
156 87
119 70
85 52
58 37
37 27
21 17
19 13
27 15
44 23
72 35
105 54
144 80
171 91
193 89
222 91
250 109
265 132
259 142
246 132
226 113
201 103
169 97
130 85
93 66
62 41
41 21
25 15
17 15
21 17
37 19
62 25
93 39
1 60
164 82
199 97
226 111
248 121
257 130
259 134
251 134
234 126
207 113
173 97
140 80
105 64
72 46
44 29
27 17
19 13
21 13
33 19
56 27
85 41
119 56
154 74
187 91
218 109
242 123
255 130
261 134
255 134
240 128
214 119
183 101
150 85
115 70
80 50
52 35
33 21
21 15
19 13
31 19
54 33
82 46
103 52
132 56
171 70
210 93
238 117
251 128
257 130
257 126
248 126
224 125
193 113
160 93
125 72
89 54
60 39
37 29
21 17
17 9
25 9
42 19
66 33
99 48
134 66
169 82
203 99
228 115
250 126
259 134
259 134
248 130
228 123
201 111
167 95
134 78
99 60
66 42
42 29
25 19
19 13
23 13
37 19
58 29
89 42
125 58
160 78
193 95
222 111
244 123
257 132
261 134
251 134
236 126
210 115
179 99
144 82
109 64
78 46
50 35
29 25
19 17
19 15
37 25
56 41
76 42
101 37
142 46
185 76
218 111
238 126
253 128
261 126
257 128
244 134
218 128
187 111
154 85
117 66
83 50
54 39
33 27
19 13
19 7
27 11
46 23
72 39
105 50
138 66
175 83
207 101
232 119
250 128
259 132
259 134
246 130
224 121
197 109
166 91
128 74
93 56
62 41
39 27
25 17
19 13
25 13
39 17
64 29
95 44
130 62
166 82
199 97
226 113
248 126
259 134
259 134
251 132
169 126
191 113
173 99
130 82
103 62
72 44
44 31
29 23
25 25
23 23
25 15
44 11
64 23
121 48
156 74
189 93
218 105
244 117
9 130
261 140
255 140
238 130
205 117
183 99
148 83
111 68
78 48
50 31
29 17
21 11
19 13
29 17
48 23
78 35
111 52
146 72
179 89
210 103
236 117
0 128
261 134
255 134
244 130
222 121
193 105
158 89
121 72
87 54
58 37
37 25
21 15
19 13
25 15
42 23
68 33
101 48
136 66
169 85
203 101
230 115
250 126
259 134
259 134
248 130
230 123
201 111
167 97
132 78
99 60
68 44
42 33
29 29
21 25
15 9
25 0
56 7
93 37
128 66
160 83
193 91
224 103
248 121
259 140
261 146
250 134
234 121
208 109
177 99
142 87
105 66
74 42
48 27
29 19
19 15
19 15
33 17
54 23
82 37
115 56
152 76
185 93
216 107
240 119
255 128
261 134
255 134
240 128
216 115
187 101
152 85
117 68
83 50
54 35
35 23
21 17
19 13
27 17
46 25
74 35
105 50
140 68
175 83
208 103
234 119
251 128
259 134
259 134
246 132
224 121
195 109
164 93
128 76
95 60
66 50
37 31
13 9
11 0
23 1
42 15
66 31
95 46
130 60
167 76
203 99
228 121
248 132
259 134
259 132
250 130
230 125
203 113
169 95
136 74
101 56
70 42
42 29
27 19
19 11
21 11
35 17
58 29
87 44
123 60
158 76
191 91
220 111
242 125
257 132
259 134
253 132
238 126
212 117
181 101
146 82
111 64
78 46
50 33
31 23
19 15
19 13
29 15
50 23
80 37
113 56
148 72
181 89
212 103
238 119
253 130
259 136
255 134
242 128
220 119
193 107
158 91
123 74
93 68
56 46
25 15
11 0
17 0
29 13
44 29
68 37
101 41
138 58
175 83
207 111
232 125
250 128
259 130
257 132
248 132
226 126
199 109
166 89
130 70
95 54
64 42
41 29
25 17
19 11
23 11
39 21
62 33
91 44
126 58
162 76
197 95
224 113
244 125
259 130
261 134
251 132
232 126
208 113
177 99
140 82
105 62
72 44
46 31
29 21
19 13
21 11
33 15
54 25
83 41
117 56
152 74
187 91
218 107
240 121
255 130
263 136
255 136
240 130
216 119
191 111
156 97
109 72
70 41
46 17
33 11
23 13
17 15
25 13
48 17
76 31
111 54
144 78
177 93
210 105
236 117
251 126
259 136
255 136
244 126
222 117
195 103
160 91
125 76
91 56
60 39
37 25
23 17
19 13
25 15
41 21
66 31
99 46
132 64
167 82
201 99
230 113
250 126
259 132
259 134
250 130
230 123
203 111
169 95
134 78
101 62
68 44
42 29
27 19
19 15
21 15
35 21
58 29
89 42
123 60
158 78
191 95
220 109
244 123
257 132
261 136
253 134
236 126
216 123
185 115
140 85
97 46
70 23
50 19
33 25
19 21
19 11
31 7
54 19
82 42
113 64
148 78
183 87
212 101
238 117
253 132
259 138
253 132
240 121
218 113
189 105
154 91
119 72
85 50
58 35
35 25
21 17
17 13
27 13
46 21
72 35
103 50
138 68
173 85
207 99
232 115
250 126
259 134
259 136
248 130
226 121
197 107
166 91
130 76
95 56
64 39
41 27
23 19
19 13
23 13
39 19
62 29
93 42
128 62
166 80
199 99
226 113
248 126
259 134
261 140
259 144
234 134
197 109
164 82
134 64
105 54
72 44
44 29
27 15
19 9
23 13
35 23
56 35
85 44
119 58
154 72
187 91
218 109
242 123
255 128
259 130
255 130
240 128
214 119
183 101
150 83
115 66
80 50
52 35
31 23
19 15
19 11
29 15
48 25
76 37
109 52
144 70
179 87
210 105
236 119
251 128
261 134
257 134
244 130
222 121
193 107
160 89
123 72
89 54
58 39
37 25
23 17
19 13
25 15
42 21
68 33
101 48
134 66
169 83
203 101
230 117
250 128
259 136
263 144
251 142
220 119
191 87
164 72
136 70
101 66
66 48
41 25
25 9
21 11
25 21
37 29
58 33
89 39
125 54
160 78
191 99
220 113
244 121
257 126
259 132
251 134
236 128
210 115
179 97
144 80
99 64
76 50
48 35
29 21
19 13
21 13
31 17
52 27
80 37
115 52
17 72
185 89
214 107
238 119
5 128
253 134
255 134
240 128
218 119
187 103
152 87
117 70
83 52
48 37
33 25
21 15
19 13
27 17
46 25
72 37
105 50
140 68
177 87
210 105
238 125
0 140
257 138
248 125
238 115
224 109
191 103
162 93
126 72
91 50
64 35
33 29
23 23
19 19
17 15
39 19
64 29
95 44
130 66
158 82
199 95
226 111
248 123
257 132
259 136
251 132
232 125
205 111
173 97
138 80
103 62
70 44
44 29
27 19
19 13
21 15
35 19
56 29
87 41
121 58
156 76
189 93
218 109
242 123
257 130
259 134
253 134
238 128
212 117
181 101
148 83
113 68
78 50
50 33
33 21
21 15
19 13
29 15
50 23
80 39
113 56
146 74
181 89
214 109
244 132
251 136
248 121
248 111
244 113
224 119
191 113
154 89
121 64
91 46
62 41
37 35
21 23
19 13
25 11
42 19
68 35
99 50
128 64
171 80
203 95
230 115
251 128
259 136
257 134
248 128
230 123
201 113
166 97
130 76
97 56
66 41
41 29
25 21
17 13
23 13
39 17
60 29
91 44
126 62
162 80
187 95
224 111
246 125
259 134
259 136
251 132
236 125
208 115
177 99
142 82
105 62
74 46
48 33
29 21
19 15
21 13
33 17
54 27
83 41
117 56
158 82
191 103
210 109
228 107
250 113
263 125
257 134
238 128
214 113
187 97
156 83
119 74
82 58
54 41
33 23
21 13
19 13
27 17
46 25
74 33
105 48
140 66
177 85
208 105
234 119
251 126
259 132
257 134
246 130
224 123
195 109
162 91
126 74
91 56
60 41
37 27
23 17
19 11
23 13
41 21
66 33
97 46
132 64
166 82
201 99
228 115
248 126
259 132
259 134
250 132
230 123
203 109
171 95
130 80
101 62
68 44
44 29
27 21
19 15
23 17
35 19
58 29
89 44
128 68
162 91
183 93
210 89
238 101
259 123
263 138
253 138
234 123
214 107
183 95
148 89
111 76
78 54
50 31
29 17
19 15
19 17
29 19
48 23
78 31
111 50
148 72
181 93
214 107
238 119
253 126
259 134
255 136
244 130
220 119
189 103
156 87
119 72
85 52
58 37
37 25
21 15
19 13
27 15
46 23
70 35
103 48
138 68
171 83
205 101
232 117
251 128
259 134
259 134
248 130
228 123
199 109
166 95
130 76
95 58
66 42
41 29
23 19
17 13
25 17
42 27
70 42
93 52
119 56
154 64
195 82
226 105
246 125
255 132
259 130
253 128
236 126
208 119
175 105
140 83
105 62
72 44
46 33
27 23
17 13
19 7
33 11
56 25
85 44
117 60
154 74
189 91
218 109
242 125
255 132
261 136
253 132
240 126
214 115
185 103
150 87
115 68
80 48
52 35
33 25
21 17
19 15
29 15
48 23
76 35
107 50
144 70
179 87
210 105
236 119
251 128
261 134
257 136
244 130
222 121
193 105
160 89
125 72
91 56
60 41
37 27
23 17
19 15
27 17
46 33
66 42
87 39
123 41
166 62
205 95
230 119
248 130
259 128
261 126
251 132
232 132
203 121
169 97
134 74
99 56
68 44
41 33
25 19
17 9
21 7
35 15
58 29
89 44
125 60
158 76
191 91
222 111
246 126
257 134
261 134
253 132
236 126
210 117
179 101
142 82
109 64
76 46
48 33
29 21
21 15
21 13
31 17
52 27
80 39
115 54
150 72
183 89
214 105
240 121
255 130
259 134
255 134
179 128
218 119
189 105
154 87
119 70
85 54
56 41
31 29
25 23
25 25
23 17
31 11
62 15
95 35
1 64
171 87
205 101
232 113
3 123
263 138
259 142
242 136
226 121
197 105
164 91
128 76
93 58
62 39
39 25
23 15
17 13
23 15
39 21
64 29
95 44
128 60
166 82
199 99
226 113
248 125
9 132
259 134
250 134
232 125
207 111
173 95
138 80
103 62
70 44
46 29
29 19
19 17
21 15
33 19
56 29
85 42
119 58
154 76
189 91
218 109
242 121
5 130
253 134
253 134
238 128
212 117
183 101
150 85
113 68
80 52
52 37
35 29
25 27
15 17
17 1
42 1
78 23
113 54
144 78
177 87
210 97
240 115
255 132
261 144
255 142
244 128
222 115
193 103
158 93
121 76
87 54
58 33
37 21
23 15
19 15
25 17
42 19
68 29
101 48
136 68
169 87
203 101
230 113
250 125
259 134
257 136
250 132
228 123
201 109
167 95
132 78
99 60
66 42
41 27
25 17
19 15
23 15
37 21
60 29
91 42
125 60
160 76
193 95
224 111
246 125
259 132
259 136
253 132
236 126
210 117
177 101
142 83
109 66
82 58
50 42
19 19
7 0
17 0
33 9
54 27
80 41
115 52
152 68
187 89
216 111
240 126
255 136
261 136
255 132
240 126
216 119
187 105
152 85
115 64
83 48
54 35
33 25
21 17
19 11
29 15
48 25
74 39
105 52
142 68
177 85
207 103
232 117
251 126
259 132
257 132
248 130
224 121
195 109
164 93
126 74
91 56
62 41
39 27
25 17
17 13
23 13
41 21
64 33
95 46
130 64
167 82
199 99
228 115
248 126
259 134
259 136
250 132
232 125
205 113
173 97
138 83
109 72
72 56
35 25
17 0
15 0
23 7
37 25
56 33
85 37
121 50
160 74
193 101
220 121
242 126
255 126
261 130
253 134
236 130
210 117
179 95
146 76
111 64
80 52
50 37
31 23
19 13
19 11
31 17
50 27
78 39
111 52
146 68
181 87
212 105
238 119
253 128
261 132
257 132
244 128
220 121
191 107
156 89
121 70
87 54
56 37
37 25
21 17
19 15
25 15
42 23
70 33
101 48
138 68
171 83
205 101
232 115
250 126
261 134
259 136
248 132
228 125
203 115
173 107
126 82
85 50
56 25
39 13
27 13
19 13
19 13
37 13
64 25
97 46
130 70
162 87
197 99
224 111
246 125
257 134
257 138
250 132
232 121
208 111
175 97
140 83
105 64
74 44
48 31
29 21
17 13
21 13
35 19
54 27
82 41
117 56
154 76
187 93
216 109
240 119
255 128
259 134
255 134
238 126
216 119
185 103
152 87
115 68
82 50
54 37
33 25
21 17
19 13
29 15
46 23
74 37
107 52
142 70
177 87
210 103
236 119
251 128
261 136
257 136
246 132
226 125
201 121
160 97
115 60
82 31
60 23
42 25
25 23
17 13
23 5
44 13
70 35
99 56
130 72
166 80
203 95
228 113
248 128
257 136
257 134
250 126
230 121
203 113
169 99
136 80
101 60
68 42
42 29
27 21
19 15
21 13
35 17
58 29
89 42
123 60
158 78
193 93
222 109
244 123
257 132
261 136
253 134
236 126
210 115
179 99
146 83
111 66
78 48
50 31
29 21
21 15
19 13
31 17
50 25
80 39
113 54
148 72
183 91
214 107
240 123
255 132
261 138
261 140
246 140
212 119
179 93
150 70
121 60
87 52
56 39
33 21
21 11
21 9
29 19
44 29
70 39
103 50
138 66
173 83
205 103
230 117
250 126
259 130
259 132
246 128
226 123
197 109
166 91
130 74
95 60
64 44
41 29
23 17
19 11
25 15
39 23
62 33
93 44
128 60
164 80
197 97
226 113
246 125
259 132
259 134
251 132
234 126
207 113
175 99
140 80
105 60
72 44
46 31
29 21
19 13
21 11
33 17
56 29
83 42
119 58
154 76
189 93
218 109
242 123
255 132
265 146
257 146
232 125
203 95
179 80
154 78
117 74
80 54
50 31
33 15
23 11
21 19
29 27
48 31
76 35
109 46
144 70
179 91
210 107
236 115
251 123
259 128
257 134
244 132
222 121
193 105
160 87
125 72
89 56
60 41
39 25
23 15
17 11
23 13
41 21
68 33
99 48
125 66
169 82
203 101
230 117
250 126
259 134
259 136
250 132
230 125
201 111
169 95
134 78
99 60
68 42
41 29
27 19
19 13
23 13
37 19
60 29
89 44
0 62
160 78
187 97
226 117
1 136
255 140
250 128
173 117
234 113
205 111
179 101
140 82
68 58
78 42
50 33
31 27
19 21
21 15
31 15
52 21
80 31
115 58
25 74
183 87
214 103
238 117
5 130
253 136
255 134
242 126
218 117
189 105
154 89
117 72
83 52
46 35
33 23
19 17
19 13
27 15
46 23
72 33
105 50
140 70
175 85
207 103
232 117
251 126
259 134
257 134
248 132
226 123
197 109
164 93
128 74
93 56
64 42
41 29
23 19
17 13
23 13
41 19
66 33
95 48
130 64
166 82
201 101
232 126
246 134
248 123
250 113
250 115
236 123
205 119
171 97
138 74
105 56
74 46
46 41
27 31
19 17
21 9
35 15
56 29
85 44
119 58
156 72
189 89
220 107
242 125
257 132
261 134
253 128
238 125
214 117
185 105
148 87
113 66
80 48
52 35
31 25
19 15
19 13
29 13
50 23
78 39
111 54
144 72
181 87
212 103
238 119
253 130
259 134
257 134
244 130
220 121
191 105
158 89
123 72
89 56
58 39
37 25
23 17
19 13
25 15
42 23
70 35
103 50
140 72
175 93
199 101
220 103
244 109
259 121
259 132
248 132
226 121
201 105
169 89
134 80
99 66
66 46
41 27
25 17
19 13
21 17
35 19
60 29
91 41
125 58
160 78
193 95
222 111
246 123
257 130
259 134
251 132
236 126
208 115
177 99
142 82
99 64
74 46
46 33
27 19
19 11
21 11
33 19
46 29
82 33
117 54
29 74
187 93
216 109
240 121
255 130
259 134
255 132
240 128
216 117
187 103
152 85
117 68
83 52
54 37
33 25
21 17
19 13
29 17
46 25
72 37
111 56
148 82
171 87
197 85
228 93
253 117
263 138
257 142
244 128
224 111
197 103
166 97
126 85
91 62
60 37
39 21
23 17
17 17
23 17
41 17
66 25
95 42
130 62
166 82
201 99
230 113
248 125
259 132
259 138
250 134
230 125
203 109
171 95
136 80
101 62
68 42
44 29
27 19
19 15
21 13
35 19
58 27
87 42
121 58
158 78
191 95
220 109
242 123
255 130
261 136
255 136
238 128
212 117
181 101
146 85
111 68
78 50
48 33
31 21
21 15
21 15
31 21
58 37
80 46
103 48
7 56
177 72
214 99
240 121
1 130
251 128
257 128
246 128
220 125
191 111
156 91
121 70
87 52
56 39
35 27
21 17
17 11
25 11
44 17
70 33
103 46
13 66
156 83
205 99
224 117
1 130
251 136
259 134
244 128
228 121
199 109
166 91
130 74
97 56
66 41
41 27
23 17
19 13
25 15
39 21
62 29
93 44
126 62
156 80
197 97
226 113
246 125
9 132
259 136
251 132
234 126
208 113
175 99
140 80
93 62
74 46
48 35
29 25
19 17
21 17
33 29
54 37
72 33
107 35
25 54
187 87
218 113
238 125
3 125
263 126
257 134
236 136
216 126
185 105
150 82
115 64
80 52
50 39
31 23
19 11
19 7
29 15
46 27
74 39
109 52
144 68
171 85
208 105
234 121
251 128
259 130
257 132
246 130
222 121
193 107
160 89
125 72
89 56
60 39
39 27
23 17
19 11
23 11
41 19
68 33
99 48
125 66
167 82
203 99
230 115
248 126
9 134
259 134
250 132
230 123
203 111
171 95
125 80
101 62
68 44
44 33
31 27
25 27
17 17
23 7
50 9
87 29
125 54
158 78
193 93
222 107
248 121
259 134
261 142
253 140
236 128
210 115
179 99
144 83
109 68
76 46
48 29
29 17
21 13
21 15
31 17
50 25
82 37
115 56
150 74
181 91
214 107
240 121
255 130
259 134
255 134
242 130
218 117
187 103
154 87
119 70
85 54
56 37
33 23
21 15
19 15
27 17
44 23
70 35
103 50
138 68
173 85
207 101
234 117
251 128
259 134
259 136
248 132
226 123
197 109
164 93
128 76
95 58
66 42
42 35
29 31
15 17
11 0
31 0
64 17
97 46
130 70
164 80
197 89
228 105
250 126
259 142
259 142
250 132
232 117
207 111
175 101
138 85
101 60
70 41
46 27
27 21
19 17
21 15
35 15
56 25
85 41
119 58
29 78
189 93
218 107
242 121
7 130
261 136
253 134
238 126
214 115
185 101
150 85
109 68
80 48
52 35
33 23
21 15
17 13
29 15
48 25
76 37
109 52
144 62
179 87
212 105
236 119
0 130
253 136
257 136
244 130
222 121
193 107
160 91
126 74
97 66
60 46
27 23
13 1
13 0
27 5
42 21
66 35
99 44
136 60
173 82
205 105
230 123
250 130
259 132
259 132
248 132
228 125
199 111
167 91
132 74
97 56
66 41
42 29
27 19
19 13
21 11
37 17
60 31
91 44
125 62
160 76
193 95
222 111
244 125
257 132
259 134
253 130
236 125
210 115
177 101
144 82
109 64
76 46
46 33
27 21
19 13
21 13
33 17
52 27
82 39
115 56
152 74
185 91
216 107
240 121
255 130
259 134
255 134
242 128
218 119
187 105
152 89
123 80
87 64
46 31
21 3
15 0
23 5
29 21
44 27
70 29
107 41
144 66
177 93
207 113
232 121
251 125
261 130
257 134
244 134
224 123
197 103
162 87
126 72
91 58
62 42
39 27
23 15
19 11
25 15
41 23
64 33
95 44
130 60
166 80
199 99
226 115
248 125
259 130
261 134
251 134
230 126
205 113
173 97
138 80
101 60
70 44
44 31
27 19
19 13
21 11
35 19
56 29
87 42
121 58
156 76
191 93
218 111
242 121
257 132
261 136
255 136
238 130
216 123
189 115
144 89
101 56
70 31
50 19
33 17
19 15
17 11
29 9
52 19
80 37
113 60
146 78
181 91
212 103
238 119
251 130
257 134
255 132
244 126
220 117
189 101
158 89
123 72
87 54
58 37
37 25
23 17
19 15
25 15
42 21
70 31
101 48
136 66
169 83
205 99
232 115
250 126
259 134
259 134
248 132
226 123
201 109
167 95
132 78
97 60
64 41
41 27
27 19
19 15
21 15
37 21
62 29
91 42
126 60
162 80
197 97
224 113
246 126
257 134
261 136
251 134
238 130
214 126
171 103
130 66
97 39
74 31
52 33
29 27
17 15
21 5
35 11
56 29
83 50
115 64
152 74
185 85
216 105
240 123
253 134
259 134
253 128
240 123
216 115
185 105
152 89
117 68
82 48
54 35
33 25
21 17
19 13
29 13
46 23
74 35
107 52
142 70
177 85
208 101
234 117
251 128
259 136
257 136
246 128
224 121
195 107
162 91
125 74
89 54
62 39
39 27
23 19
17 13
25 13
41 19
66 33
97 48
130 64
167 80
201 99
230 115
248 128
261 136
267 144
251 142
222 123
193 97
167 80
138 68
101 58
66 42
42 25
27 13
21 11
25 17
37 25
58 33
87 42
123 56
158 76
191 97
220 113
242 121
255 126
261 130
253 132
236 126
212 115
181 99
146 82
111 66
78 48
48 35
31 21
19 13
19 11
31 15
50 25
80 39
113 56
148 72
183 89
214 107
238 123
253 130
259 134
257 134
242 130
220 121
189 105
156 87
121 70
87 52
56 39
35 25
21 17
19 13
27 15
44 21
70 35
103 48
138 66
173 85
207 103
234 119
251 130
263 142
261 146
240 126
216 101
193 87
167 83
132 80
95 62
62 39
41 19
27 15
21 21
15 25
37 25
60 25
93 39
128 62
162 83
187 97
222 109
248 119
259 130
259 136
251 134
234 125
208 111
175 97
140 82
105 64
72 46
46 31
29 19
17 13
21 13
33 19
54 27
83 39
119 54
154 76
189 93
218 109
240 119
255 130
261 136
255 134
240 128
216 117
185 103
150 85
115 68
80 50
52 35
33 23
19 13
19 11
29 15
48 25
76 37
109 52
144 70
179 91
212 111
240 128
250 134
250 126
250 119
242 117
222 115
193 105
160 89
123 68
91 50
62 39
39 31
23 23
17 15
25 13
41 19
66 33
97 48
132 66
167 80
203 95
228 113
248 126
259 134
259 134
250 130
228 123
201 111
169 97
134 80
97 58
68 42
42 29
27 19
19 13
21 13
37 19
60 29
89 44
123 60
158 78
193 95
222 111
244 125
257 132
259 136
253 134
236 126
210 115
179 99
144 83
109 64
74 46
48 31
29 19
21 15
21 15
31 19
52 27
82 41
115 58
150 76
185 95
220 119
236 126
242 117
251 111
257 119
246 128
218 125
185 105
154 80
121 64
87 56
56 46
33 31
19 15
17 7
27 11
44 25
70 37
103 48
138 62
173 82
207 101
234 119
251 130
259 132
257 130
246 128
226 123
197 111
164 95
128 72
93 54
64 41
39 29
23 17
19 11
23 13
39 19
62 31
95 44
130 64
166 82
197 97
226 113
248 125
259 134
259 134
250 132
232 125
205 113
173 97
138 80
103 60
72 42
46 29
29 21
17 15
21 13
35 19
56 29
87 44
125 66
158 83
183 91
208 95
236 103
257 121
263 134
253 136
236 125
214 111
185 99
150 89
113 74
78 54
52 35
31 19
19 15
17 13
29 17
48 21
5 33
109 48
15 68
173 89
212 107
236 119
0 126
253 134
257 136
244 132
220 119
193 105
158 89
123 72
87 54
58 39
37 25
21 15
19 13
25 15
42 23
68 33
93 48
134 64
169 82
203 99
230 115
250 126
259 132
259 134
250 132
228 123
201 111
167 93
132 76
97 58
66 42
42 29
25 17
19 13
23 15
37 21
60 31
95 54
130 72
154 76
183 76
218 89
248 115
259 136
257 138
251 128
236 119
210 111
179 105
144 93
107 68
74 44
46 27
29 21
19 17
19 15
31 15
52 21
82 35
115 56
150 76
185 91
216 105
240 119
255 130
259 136
255 134
240 126
216 115
187 103
152 87
117 70
83 52
54 35
33 23
21 15
19 15
27 15
46 23
72 33
105 50
142 68
177 87
208 103
234 115
251 126
261 134
257 136
246 130
224 119
197 107
162 89
126 74
93 56
62 42
39 29
23 19
19 15
27 19
48 33
64 39
85 39
121 46
166 66
203 91
226 115
246 125
7 126
261 130
253 125
169 130
189 119
171 99
136 78
101 60
68 42
44 31
27 19
17 11
21 9
33 13
58 27
87 44
121 60
158 76
191 91
220 109
244 123
257 130
261 134
253 132
236 126
212 115
181 101
146 83
111 64
78 46
50 33
31 21
19 15
19 11
31 15
52 27
80 39
111 54
146 70
181 89
212 105
236 121
253 130
261 134
257 134
244 130
220 121
189 105
158 89
121 70
87 54
58 39
37 27
23 19
21 17
31 27
41 29
60 23
93 27
136 50
175 82
207 107
230 119
250 121
261 126
261 136
250 140
158 130
199 111
166 89
130 72
95 60
64 46
31 27
25 13
19 1
23 13
39 21
62 31
93 44
126 58
164 78
197 97
226 115
246 126
7 130
259 132
251 134
234 128
207 115
175 97
140 80
99 62
74 48
46 33
27 19
19 13
21 13
33 17
54 29
83 41
117 56
154 74
187 91
216 107
240 121
257 130
261 134
255 132
240 128
216 119
185 105
150 87
115 68
83 52
56 39
37 31
25 27
13 13
17 3
41 5
74 23
107 48
142 70
177 87
208 99
236 115
255 130
261 140
257 138
244 130
224 119
195 107
160 91
123 74
89 54
60 37
37 23
21 17
19 13
25 13
42 19
66 31
99 46
0 64
167 82
201 99
228 113
248 125
259 132
259 134
250 132
230 123
203 109
171 95
136 80
99 62
68 42
42 27
27 17
19 15
21 15
35 19
58 29
87 41
123 58
158 78
193 93
222 111
244 123
255 128
261 134
253 134
236 128
210 117
181 101
146 85
111 68
76 52
52 41
35 35
13 13
7 0
25 0
54 15
83 44
113 60
146 68
183 80
216 103
242 128
253 140
259 140
255 130
242 125
216 117
187 107
154 89
119 66
85 46
56 35
35 25
21 19
19 15
27 13
44 19
72 35
103 52
138 68
171 83
205 99
232 115
251 126
259 134
257 134
248 128
226 121
197 109
164 93
128 76
93 56
64 39
39 25
25 19
19 15
15 15
39 19
62 29
95 44
3 64
156 80
197 93
226 111
248 125
9 134
259 136
251 134
234 126
208 115
175 93
142 85
111 72
72 52
35 25
17 1
15 0
23 3
35 17
54 29
82 37
121 52
158 76
191 99
218 117
242 125
5 130
251 132
250 134
160 130
207 117
183 99
148 82
113 64
80 50
52 37
33 23
21 13
19 11
29 13
48 25
76 37
109 50
144 68
179 87
210 105
236 117
253 128
259 134
257 134
244 128
222 119
193 107
160 89
123 72
87 54
60 39
37 27
21 17
17 13
25 13
42 21
68 33
99 48
134 64
169 82
203 99
230 115
250 128
259 134
259 136
250 132
230 125
201 113
169 99
138 89
97 68
56 33
33 5
23 1
21 11
23 21
35 21
58 23
91 37
126 60
162 85
193 103
222 113
244 119
257 126
259 134
251 136
234 126
208 111
177 93
144 80
109 66
74 48
48 31
31 17
21 13
21 13
31 19
52 25
82 39
115 54
150 72
183 91
214 107
240 121
253 128
259 132
255 132
242 130
218 119
187 103
154 87
119 70
83 52
54 37
33 23
21 15
19 13
27 15
44 21
72 35
105 50
140 68
175 85
207 103
234 117
253 128
259 134
259 136
248 132
230 128
201 119
156 93
115 60
87 39
64 31
41 25
21 17
17 9
25 7
42 17
66 35
95 52
128 68
166 80
195 95
226 113
246 126
7 134
259 134
250 128
162 121
205 111
173 97
128 80
103 60
70 42
44 29
29 21
19 15
21 15
35 17
56 27
85 41
121 58
156 78
189 93
218 107
242 121
257 130
261 136
253 134
238 126
214 115
183 101
148 85
111 68
80 48
50 33
31 21
19 13
19 13
31 17
50 27
78 37
111 52
146 70
181 89
212 107
236 119
253 128
261 134
257 136
248 136
224 132
185 105
146 70
115 48
89 42
62 41
37 31
21 15
17 3
27 9
44 27
70 44
101 56
134 64
171 78
205 99
230 119
248 128
259 132
257 130
248 128
226 123
201 111
169 95
132 76
97 58
66 42
41 31
27 21
19 15
21 13
37 17
60 29
91 44
125 60
160 76
195 95
224 113
246 125
257 132
261 136
253 134
234 126
208 115
177 99
142 82
107 64
74 46
46 33
29 21
19 15
21 13
31 17
52 25
83 39
117 58
152 76
185 91
216 107
242 123
259 136
267 146
255 142
230 121
207 101
183 85
154 80
117 70
82 50
52 29
35 17
23 15
21 19
27 23
46 25
74 33
107 48
142 70
175 89
207 103
234 113
253 123
261 132
257 136
246 130
224 121
197 105
162 89
125 74
91 56
62 41
39 25
23 15
17 11
23 13
41 21
66 31
97 44
132 62
167 82
201 99
228 115
248 125
257 130
259 134
250 132
230 125
205 111
171 95
136 78
101 60
70 44
44 31
27 19
19 13
21 13
35 19
58 29
87 42
121 60
158 78
193 95
220 111
244 125
263 144
261 144
242 125
226 103
210 95
185 99
148 91
109 68
76 41
52 25
35 25
21 25
19 23
29 19
50 21
78 35
111 56
146 74
181 89
212 101
238 113
253 126
259 136
257 136
242 128
220 117
189 103
156 89
119 72
87 54
56 37
35 23
21 15
17 13
25 15
44 21
70 33
103 48
136 66
171 83
205 101
232 117
250 126
259 132
259 136
248 132
228 123
199 109
166 93
130 76
95 60
64 42
39 27
25 17
19 15
23 17
37 21
62 31
95 44
128 64
164 83
201 105
230 125
240 126
248 121
251 117
251 121
236 123
207 115
173 95
140 74
107 60
76 50
46 39
27 25
17 13
21 11
33 17
52 29
82 41
117 54
154 72
187 89
216 109
242 123
255 130
261 134
253 132
240 128
214 119
185 103
150 85
115 66
82 50
52 37
33 23
19 15
19 11
29 15
46 23
74 37
109 52
144 70
177 87
208 103
236 119
0 130
251 134
257 134
244 128
222 121
193 107
160 91
125 74
91 54
60 37
39 27
23 17
19 13
25 15
7 21
68 33
99 48
0 66
175 91
207 115
222 117
236 107
3 111
253 125
251 136
228 128
201 109
171 85
138 72
101 66
68 54
42 35
25 17
15 1
21 11
35 21
58 31
87 41
123 54
160 72
191 93
220 111
244 125
259 132
261 134
253 132
236 126
210 117
181 101
144 82
109 64
76 46
50 33
29 21
19 13
19 13
31 15
52 25
80 41
113 56
148 72
185 89
214 107
238 121
253 130
259 134
255 132
242 128
220 121
189 105
154 87
119 70
85 52
56 37
35 25
21 17
19 13
27 17
46 23
74 39
111 62
138 76
164 78
197 83
230 101
253 123
259 134
255 134
246 126
228 117
199 107
166 99
130 83
95 60
62 39
39 25
23 19
19 15
23 15
37 17
62 27
95 42
128 62
164 82
197 97
226 111
248 125
257 132
259 136
251 132
232 125
207 111
173 97
138 80
103 60
72 44
46 31
27 19
17 13
21 13
35 19
56 29
85 42
119 58
156 76
189 91
218 109
242 123
257 130
261 134
253 132
238 128
214 117
183 101
148 83
113 66
82 50
52 37
33 23
21 15
21 13
29 17
48 29
80 50
109 64
134 62
169 64
210 85
240 117
255 136
259 138
255 128
238 123
224 121
195 115
158 99
113 72
89 48
60 35
35 27
21 19
17 13
25 11
42 17
66 33
99 50
136 66
171 83
203 99
230 115
250 126
259 134
259 134
248 130
228 121
201 109
169 95
132 78
97 60
66 41
42 27
25 19
17 13
21 13
37 19
60 31
91 44
125 60
162 78
195 95
222 111
244 125
257 130
261 134
253 134
236 126
208 113
179 99
144 83
107 66
74 48
48 33
31 21
21 17
25 19
35 29
48 27
72 29
109 39
150 60
187 87
216 109
238 119
5 125
253 130
259 136
242 136
216 125
187 105
154 85
117 70
78 54
54 37
33 23
21 11
19 1
27 15
44 23
72 35
107 50
17 68
175 78
208 105
234 121
1 130
251 134
257 134
242 130
224 123
197 107
162 91
126 72
91 56
62 41
39 27
23 17
19 13
25 13
39 21
64 31
97 46
130 64
166 82
199 97
226 113
248 125
259 134
259 136
250 132
232 125
205 113
173 97
136 80
103 62
70 44
44 31
27 21
23 23
27 29
29 23
44 11
80 17
123 44
160 78
191 101
216 107
242 113
259 125
263 138
253 142
236 134
212 115
181 95
148 82
111 68
78 52
50 33
31 17
19 9
19 11
31 17
50 25
78 37
111 50
146 62
181 91
212 107
236 119
0 126
261 132
255 134
242 128
220 119
191 105
158 89
121 72
87 54
58 39
37 25
21 17
19 13
25 15
44 23
70 33
101 48
134 66
171 83
205 101
230 117
250 126
259 134
259 136
248 132
228 123
199 111
167 95
130 76
97 60
68 46
48 39
27 27
9 9
13 0
33 3
62 21
93 44
125 60
160 72
197 89
228 111
248 130
257 138
259 138
251 132
234 125
207 115
175 101
140 82
105 60
74 42
46 27
29 19
19 17
21 15
31 17
54 25
17 33
117 58
27 76
185 91
216 107
240 121
5 130
251 134
251 134
224 126
207 117
185 103
152 87
115 68
82 50
46 35
33 23
21 15
19 11
29 15
48 23
76 37
107 52
142 68
177 87
208 95
236 119
1 128
251 134
257 134
242 130
224 123
195 109
162 93
126 74
91 58
66 52
31 39
13 11
7 0
21 0
42 15
68 37
95 48
125 60
169 76
187 99
230 123
0 134
259 136
259 132
248 128
230 125
201 115
169 95
134 74
101 56
68 42
44 33
27 21
19 15
23 11
35 19
58 31
87 44
123 60
158 74
191 91
220 111
244 125
257 132
259 134
253 132
238 125
212 115
181 101
146 83
109 64
78 46
50 33
29 23
19 15
19 11
31 15
50 25
80 39
109 54
23 72
183 87
214 105
238 119
255 130
261 136
257 136
244 130
220 121
191 107
160 97
125 82
82 54
44 25
27 7
21 5
21 11
25 15
42 21
72 29
105 46
140 70
173 91
207 107
232 117
250 125
259 132
257 136
248 132
226 123
197 105
166 89
130 74
95 58
64 42
41 27
25 15
19 13
23 15
39 21
62 31
95 44
128 62
164 82
197 97
226 113
246 125
257 130
261 132
253 134
234 126
207 113
173 97
140 80
105 64
72 46
44 33
27 21
19 13
21 13
33 17
54 27
83 41
119 56
154 74
187 93
218 109
242 123
257 132
259 136
255 134
240 128
216 119
189 111
156 99
109 70
68 33
44 9
33 9
23 19
19 21
27 15
48 15
78 29
113 56
146 80
177 95
208 101
236 113
253 126
259 138
255 138
244 128
222 115
193 101
158 89
125 76
91 56
60 39
37 23
23 17
19 15
25 17
42 23
66 31
97 44
9 64
169 83
203 99
220 115
0 125
251 132
259 134
250 132
226 125
203 113
162 97
132 78
97 60
68 42
42 29
27 21
19 15
15 13
37 19
60 29
89 44
125 60
160 78
193 95
222 111
236 125
7 132
261 136
255 136
242 136
212 125
169 97
134 68
105 48
76 39
50 31
29 23
17 11
21 7
35 15
56 33
82 48
113 60
148 70
185 89
214 109
238 125
253 130
259 130
255 130
240 126
216 119
187 105
154 87
119 68
83 50
56 37
35 25
21 17
19 13
27 13
44 21
72 33
105 50
138 68
173 83
207 101
234 117
251 128
259 134
257 134
246 130
224 121
197 109
164 93
128 76
93 58
62 41
39 25
23 17
19 13
25 15
39 21
64 31
95 46
130 64
166 82
199 97
228 115
248 126
259 134
259 136
257 142
234 136
195 107
162 76
134 58
107 56
74 50
42 33
25 15
19 5
25 13
37 27
56 37
85 44
121 54
156 72
189 93
218 113
240 123
257 128
261 130
253 130
238 128
214 117
183 101
150 83
113 66
80 52
52 37
31 23
19 13
19 13
29 17
48 25
76 37
111 52
146 68
179 87
210 105
236 119
253 128
259 134
255 134
242 128
222 121
193 107
158 89
123 70
89 54
60 39
37 27
21 17
19 13
27 13
44 21
68 33
101 48
136 66
171 85
205 101
232 117
253 132
265 146
255 140
236 123
220 105
201 97
169 91
130 78
95 58
66 37
44 25
29 21
19 21
23 21
37 21
60 27
91 42
125 62
160 80
193 95
222 109
244 121
257 130
261 134
251 134
234 126
208 113
177 99
142 83
107 64
74 46
48 31
29 21
17 15
19 13
31 15
54 25
82 41
117 58
152 72
185 89
216 107
240 121
255 130
259 134
255 134
240 128
216 119
185 103
152 87
117 68
82 50
54 35
33 23
23 17
19 15
27 17
46 23
74 37
107 52
142 70
177 87
208 105
238 123
257 140
255 138
246 119
238 109
226 109
199 111
162 97
125 72
91 48
66 35
41 31
25 29
17 19
23 13
41 15
66 31
97 50
130 68
166 80
199 91
228 109
248 125
259 134
259 136
250 130
232 123
205 113
171 99
136 82
101 62
70 42
44 29
25 19
17 13
23 15
35 19
56 29
87 42
123 60
158 78
191 93
220 109
244 123
257 130
259 134
253 134
238 126
212 117
181 101
146 83
111 66
78 50
50 35
31 23
19 15
21 13
31 15
50 25
78 37
113 54
150 76
189 99
214 115
228 115
244 115
257 119
257 126
242 128
218 119
189 101
158 83
123 70
87 58
58 44
37 29
21 15
19 11
25 13
42 25
68 35
99 44
136 60
173 80
207 103
232 119
250 128
259 132
259 134
248 132
226 125
199 111
166 91
130 74
95 56
66 42
41 29
25 19
19 13
23 13
37 19
62 31
91 44
126 62
162 78
197 97
224 113
244 123
257 130
261 134
251 134
234 125
208 113
177 99
142 82
105 64
72 46
46 31
29 19
21 15
21 15
33 17
54 27
83 42
119 60
158 85
189 103
208 103
230 99
251 109
263 128
257 138
238 130
216 113
187 95
154 85
117 76
82 60
52 39
33 19
21 11
19 13
27 19
46 25
74 33
107 46
142 66
177 87
210 105
236 119
253 126
259 134
257 136
246 132
222 121
195 105
160 89
125 72
91 58
60 41
37 25
23 15
19 13
25 15
41 23
66 33
99 46
134 62
167 83
201 99
228 117
250 126
259 132
259 136
250 132
230 125
203 111
171 95
134 78
101 60
68 42
44 29
27 21
19 15
23 15
37 21
62 35
95 56
119 64
148 68
183 78
220 95
246 119
257 134
259 134
253 126
238 121
214 117
181 107
144 89
109 66
76 44
50 31
29 21
17 15
19 11
31 13
50 23
80 37
113 54
150 74
183 91
214 107
238 121
253 130
261 136
255 134
242 128
218 119
189 105
156 89
119 72
85 52
56 37
35 25
21 17
17 13
25 13
44 21
72 35
105 52
138 68
173 85
207 103
234 117
250 128
259 134
257 134
248 130
226 123
199 109
166 93
130 76
95 58
64 42
41 29
25 21
19 17
23 15
42 25
70 44
89 48
115 46
156 56
132 85
230 115
246 132
7 132
259 126
250 128
236 128
207 123
173 103
138 78
105 56
72 44
44 35
27 23
19 13
21 9
33 13
54 27
85 42
119 58
154 74
187 89
218 107
242 125
257 134
261 136
253 132
240 126
214 117
183 103
148 85
113 66
80 48
52 33
31 23
21 15
19 13
29 15
48 23
76 37
109 52
144 72
179 87
210 103
236 119
251 128
259 132
257 132
246 132
222 123
193 107
160 89
123 72
89 56
58 41
37 29
23 19
25 21
27 23
35 19
56 19
95 31
136 56
171 83
201 101
228 111
251 121
263 132
261 140
248 138
228 126
201 109
169 93
132 78
97 60
66 42
42 27
25 15
17 11
21 13
37 21
60 29
89 41
125 58
160 78
195 99
224 115
246 125
257 130
259 134
251 134
234 125
210 115
179 99
142 82
107 64
76 46
48 33
29 21
19 13
19 13
33 17
52 25
82 39
115 56
150 74
185 91
216 109
240 121
255 130
261 134
255 134
240 128
216 119
187 103
156 87
119 72
83 54
56 39
35 25
27 25
23 25
19 13
35 1
68 13
109 42
142 72
175 91
207 99
236 109
253 126
261 140
259 146
246 134
224 119
197 103
162 93
126 78
91 58
60 35
39 21
25 15
17 15
23 17
41 21
66 29
95 44
130 64
166 83
199 99
228 113
248 123
257 132
259 134
251 134
230 123
205 111
173 95
138 80
103 64
70 44
44 29
27 17
17 13
21 15
35 21
56 29
85 41
121 58
156 78
189 95
220 109
242 123
257 130
259 134
250 134
160 128
207 117
181 103
148 85
109 62
82 56
58 48
27 27
9 5
11 0
27 3
50 19
78 39
111 52
146 66
173 83
214 105
240 125
5 136
261 138
255 132
244 128
220 121
191 109
156 89
121 68
87 50
58 37
37 27
21 17
19 13
27 13
42 21
70 33
101 48
11 66
171 82
205 99
222 115
0 126
259 134
259 134
248 130
228 121
201 111
167 95
132 76
97 58
66 42
42 29
25 19
17 13
21 13
37 19
62 31
91 44
126 62
162 78
187 97
224 111
246 123
259 132
261 136
251 134
234 126
210 115
177 93
142 83
109 70
80 58
44 37
17 5
11 0
21 0
35 17
54 33
82 41
117 48
154 66
189 93
218 119
240 128
253 128
251 128
255 132
240 132
216 121
185 103
150 80
117 62
83 50
46 39
33 25
21 15
19 11
27 15
46 27
74 39
107 52
17 66
177 83
208 103
234 121
251 130
259 132
257 132
246 130
222 121
193 107
162 91
126 74
91 56
60 41
39 27
25 19
19 15
23 15
41 21
66 31
97 46
132 64
167 82
201 99
228 115
250 126
259 132
259 134
251 134
232 126
205 115
177 105
138 87
93 58
58 29
39 13
27 9
21 13
21 13
35 15
58 23
89 41
125 64
158 83
191 97
220 109
244 123
257 132
259 138
251 134
236 125
212 113
181 99
144 83
111 66
78 48
50 33
29 21
19 15
21 15
31 19
50 25
78 37
113 52
148 72
183 91
212 107
236 121
255 128
261 134
255 134
242 128
220 119
191 105
156 87
121 70
85 54
56 39
35 25
21 15
19 13
25 15
44 21
72 33
103 48
138 66
173 85
205 101
232 117
250 128
259 134
259 136
248 132
226 123
205 117
169 105
121 72
83 37
60 19
42 21
27 25
17 19
21 11
39 11
66 29
95 52
128 70
162 82
199 95
224 109
246 125
257 134
259 136
251 130
232 119
207 109
175 97
140 83
105 62
72 42
46 29
29 21
19 17
21 15
33 17
54 23
83 39
119 58
154 76
187 91
218 107
242 121
255 130
261 136
255 134
238 126
214 115
185 101
150 85
115 68
82 50
52 35
33 21
21 15
19 13
29 17
48 23
76 37
109 52
142 70
179 87
212 105
236 121
253 130
261 136
261 140
251 144
218 126
181 99
152 72
125 58
91 50
60 41
35 25
23 13
21 9
27 15
42 27
68 39
99 48
134 62
167 80
199 99
228 115
248 125
259 130
259 132
250 130
230 125
203 113
169 95
134 78
99 60
68 44
42 29
25 17
19 13
21 13
37 19
58 29
89 41
125 58
160 78
193 95
222 109
246 123
257 132
259 134
251 130
236 125
210 117
179 101
144 82
109 64
76 46
48 33
29 21
19 13
19 11
31 15
52 25
80 41
115 56
150 72
183 89
216 107
240 123
255 132
263 140
261 148
238 132
207 103
181 80
154 72
123 70
85 58
54 39
33 17
23 11
21 15
29 25
44 31
70 35
103 44
138 64
173 87
205 105
232 115
250 123
259 128
259 134
246 132
226 123
197 107
164 89
128 74
95 58
62 41
41 29
25 19
19 13
23 13
39 21
64 33
95 46
128 60
166 78
199 97
226 113
248 126
257 132
259 134
251 132
232 126
205 113
173 97
138 80
103 62
72 44
44 31
27 19
19 13
23 13
33 17
56 29
85 41
121 58
154 76
189 95
220 113
248 130
257 138
251 130
244 119
234 111
216 107
185 101
146 85
111 64
82 44
54 33
33 27
21 21
19 17
29 15
48 19
76 37
109 56
144 72
177 85
210 99
236 115
253 128
259 136
255 134
244 126
222 119
193 107
158 91
123 74
89 54
58 37
37 25
21 15
19 13
25 15
42 21
66 31
99 46
136 66
169 83
203 101
230 117
250 126
259 134
259 134
248 132
228 123
201 111
167 95
132 76
97 58
68 42
42 29
25 19
17 13
23 13
39 21
60 29
91 42
126 60
162 80
195 99
228 121
248 134
250 126
250 115
248 113
238 119
212 119
177 105
140 78
107 56
78 44
50 39
29 31
19 19
21 11
33 13
52 27
80 42
115 56
150 70
185 85
214 103
238 121
255 130
261 134
255 132
242 126
218 119
187 107
154 89
117 68
83 48
54 35
33 25
21 17
17 11
27 13
46 21
72 35
105 52
140 68
175 85
208 101
234 117
251 128
261 134
257 134
246 130
222 119
197 105
164 93
128 78
91 56
62 41
39 27
25 19
19 15
23 15
41 21
66 33
97 46
134 68
173 93
197 103
216 107
240 109
257 119
261 130
251 134
230 123
205 107
173 91
140 80
103 68
70 48
44 31
27 19
19 13
21 15
33 21
56 27
87 39
121 56
156 74
189 93
220 109
244 123
257 130
259 134
253 134
238 128
212 117
179 101
146 82
111 66
80 50
50 35
29 21
19 13
21 13
29 17
48 25
78 37
113 52
146 70
181 87
212 105
238 121
253 130
259 134
255 134
242 128
220 121
191 107
156 89
121 70
87 52
58 37
37 27
21 17
19 13
27 15
44 25
70 37
105 56
142 82
169 89
193 85
222 91
250 113
263 134
259 142
246 130
228 115
203 103
169 99
132 85
95 66
64 41
41 23
23 15
17 13
23 17
37 19
60 27
91 41
126 60
164 80
195 99
224 111
246 121
259 130
259 138
251 136
232 126
208 113
175 95
140 80
107 64
74 46
48 33
29 19
17 13
21 13
33 17
54 27
82 39
117 56
154 74
187 91
218 109
240 121
255 130
261 134
255 134
240 128
216 117
185 103
152 85
115 68
82 50
54 35
33 25
21 17
19 15
29 19
54 33
78 46
99 50
130 54
171 68
210 93
236 117
250 128
259 130
259 128
248 128
226 126
195 115
162 95
126 74
91 54
60 39
37 27
21 17
17 11
23 9
41 17
66 31
99 48
125 64
167 80
201 97
228 115
248 126
259 134
259 134
250 132
230 123
203 111
171 95
136 78
101 60
68 42
42 27
27 19
19 13
21 13
35 17
56 27
89 41
125 60
158 80
191 95
220 109
244 123
257 132
259 134
251 132
238 126
212 117
181 101
144 83
111 66
78 48
48 35
31 23
19 15
21 15
35 27
54 39
70 33
101 33
144 50
185 82
216 111
238 125
251 125
261 126
259 132
244 136
220 126
189 107
156 85
119 66
83 52
54 41
35 25
21 13
17 9
27 11
44 23
72 37
103 48
138 66
173 83
205 103
232 119
251 128
259 132
257 134
248 130
226 121
199 109
166 93
128 74
93 54
64 39
41 27
25 19
17 13
23 13
39 19
64 33
93 46
126 62
164 80
197 95
226 111
246 125
259 132
259 136
251 132
232 125
207 113
175 99
140 82
105 64
72 44
46 33
31 25
25 25
17 17
23 9
46 9
83 25
121 52
154 74
187 91
218 103
244 119
257 130
263 140
255 140
238 130
214 115
185 99
148 85
113 68
80 48
50 31
31 19
21 13
19 15
29 15
48 21
78 35
109 52
142 70
179 87
212 105
236 119
253 128
259 134
257 134
244 130
222 121
193 105
160 87
125 72
89 54
60 39
37 25
23 17
19 13
25 15
41 21
68 33
99 46
134 64
169 83
203 101
230 117
250 126
259 132
259 136
250 132
230 125
203 111
169 95
134 78
101 60
68 44
44 35
31 31
15 17
11 0
29 0
58 15
93 44
125 66
158 78
193 87
224 105
248 126
259 142
259 142
251 130
236 121
210 111
177 103
142 85
107 62
76 42
48 27
29 21
19 17
21 15
33 15
52 21
80 37
115 56
150 76
183 91
214 105
240 119
255 130
261 136
255 134
240 126
216 115
189 103
154 89
119 70
83 52
56 35
35 23
21 17
19 13
27 15
46 23
72 33
103 48
140 66
175 85
208 103
234 117
251 126
259 134
259 136
248 132
224 123
197 111
166 95
128 78
99 66
66 48
31 25
13 3
13 0
25 3
41 19
64 31
93 42
128 56
167 76
201 101
226 121
248 130
259 132
259 134
251 134
230 126
203 113
171 95
138 76
103 58
70 44
44 31
27 17
19 11
21 13
35 19
56 29
85 42
121 58
156 76
189 93
218 111
242 123
5 130
251 132
250 132
238 128
205 117
181 101
148 83
113 68
78 48
50 33
31 21
19 13
21 13
29 17
48 23
78 37
111 54
21 64
179 89
212 105
238 119
3 130
251 134
257 134
244 130
222 121
191 107
158 91
126 82
91 66
50 35
17 3
17 0
21 3
29 19
41 25
62 27
103 41
138 64
173 91
205 111
222 119
0 123
259 128
257 134
242 134
228 125
201 107
167 87
130 72
97 60
68 44
42 29
25 17
19 11
23 13
39 21
60 31
91 42
125 56
162 76
197 97
222 113
246 125
259 130
259 134
251 134
234 126
210 115
177 99
142 82
107 62
74 46
48 31
29 19
17 13
21 13
33 17
54 27
82 41
117 56
152 74
185 89
216 107
240 119
255 130
261 134
255 134
242 130
220 123
193 115
150 91
105 60
74 33
54 21
35 19
19 17
17 9
27 9
48 17
76 37
107 56
142 74
177 87
208 101
234 115
251 126
257 134
257 132
246 126
224 117
195 107
162 91
126 74
91 56
62 39
39 27
23 19
19 15
17 13
41 19
64 31
95 46
5 62
167 80
201 97
228 113
248 125
259 132
259 134
250 132
230 123
205 111
171 97
136 80
101 60
68 42
44 31
27 19
19 13
21 13
35 17
56 27
89 41
123 60
158 78
191 93
222 111
244 125
257 134
261 136
253 136
240 132
218 128
177 105
134 68
101 41
78 33
54 35
31 29
17 13
19 5
33 9
54 29
80 48
111 62
146 72
181 83
212 103
238 123
253 132
259 134
255 128
242 123
220 119
189 107
156 89
121 68
87 52
58 39
35 27
21 17
19 13
27 13
44 21
68 33
101 48
138 66
171 83
205 99
232 115
250 126
261 134
257 134
248 130
228 121
199 109
167 95
130 76
95 56
64 41
41 27
25 19
19 15
23 15
39 19
62 29
93 44
126 62
164 80
197 97
226 113
248 125
261 134
267 144
253 144
224 123
197 99
171 82
142 72
105 62
72 46
44 27
29 15
21 11
23 17
35 23
56 33
83 41
117 54
152 76
185 93
216 109
240 121
255 126
261 132
253 134
240 128
216 117
185 101
150 85
115 68
80 50
52 35
33 23
21 15
19 13
27 15
46 23
76 35
109 52
142 68
177 87
210 103
236 119
251 130
259 134
257 134
244 130
222 119
193 107
160 91
125 74
91 54
60 39
39 27
23 17
17 13
25 13
42 21
68 33
99 48
132 64
169 83
203 103
230 119
248 128
263 142
263 146
242 128
218 103
199 89
173 87
136 82
99 64
66 39
42 21
29 17
21 21
21 23
35 23
58 25
89 39
123 58
158 80
189 95
220 107
244 117
257 128
259 136
253 136
236 126
210 113
179 99
144 82
111 68
76 50
48 33
29 19
19 13
19 13
31 19
50 25
80 37
113 54
148 72
183 91
212 107
238 119
255 128
259 132
255 132
242 128
220 119
189 105
154 87
119 70
85 52
56 39
33 25
21 15
19 13
27 15
44 23
70 35
105 50
140 68
175 87
208 109
238 128
248 132
248 125
250 117
246 117
228 119
197 109
162 89
128 68
97 52
66 42
41 35
25 23
17 13
23 11
39 19
62 31
93 46
128 60
164 76
197 93
224 111
246 125
257 134
259 134
251 130
232 123
207 113
173 99
138 80
101 60
70 42
46 31
29 21
19 15
21 11
33 15
56 27
83 41
119 56
154 74
189 93
218 109
242 123
255 130
261 134
253 134
238 128
212 115
183 101
148 85
113 68
80 48
52 33
33 23
21 15
19 13
29 17
50 25
78 39
111 56
144 72
183 91
218 117
232 125
242 115
251 109
257 119
248 130
222 126
191 107
160 82
125 66
91 58
60 48
35 31
23 15
19 9
25 13
41 23
66 35
101 46
134 60
169 80
203 99
230 117
250 126
259 130
259 132
248 132
228 125
201 113
167 95
132 76
99 58
68 42
41 29
25 19
19 13
23 13
37 19
58 29
91 42
125 58
160 76
195 95
222 111
246 125
257 132
259 134
253 132
234 125
208 113
177 99
142 82
107 64
76 48
48 33
29 21
19 15
21 15
33 19
52 27
82 42
121 64
154 83
177 89
203 93
234 103
257 119
263 134
253 134
240 125
218 113
191 103
156 93
117 76
83 56
56 35
33 21
19 15
17 13
27 15
44 21
72 31
105 46
140 66
175 85
207 101
234 115
253 128
259 136
257 136
246 132
224 121
197 109
164 93
126 74
91 56
62 39
39 25
23 17
17 13
23 13
41 21
3 31
95 46
5 64
158 80
195 97
226 113
246 123
7 130
259 134
251 132
226 125
205 111
173 95
130 80
103 62
70 44
44 31
29 21
19 15
21 13
35 19
58 31
91 52
123 72
146 72
179 72
216 87
246 115
257 136
259 138
251 128
238 119
214 113
185 109
148 95
111 70
78 44
50 29
31 21
19 19
19 15
29 13
48 19
78 33
111 54
146 74
179 87
212 103
238 117
253 130
259 136
257 136
244 128
220 117
191 105
156 87
121 70
89 52
58 37
37 25
21 15
19 13
27 15
42 23
70 33
101 48
136 66
171 82
205 99
232 115
250 126
259 132
259 134
248 130
228 123
201 111
167 93
130 76
97 58
66 41
42 29
27 19
19 17
27 19
42 31
58 35
82 35
117 44
160 64
197 91
224 111
244 123
257 126
261 130
255 134
236 132
208 121
177 101
142 80
107 62
74 48
46 33
27 21
17 9
19 7
33 15
54 27
82 42
117 56
152 72
187 91
216 109
240 123
255 130
261 134
255 132
240 128
216 119
187 103
152 85
115 68
82 48
54 35
33 23
19 17
19 13
27 15
48 23
74 35
105 48
144 68
179 87
208 105
234 119
251 128
261 134
257 134
246 130
222 121
195 107
162 91
126 74
91 56
62 39
39 27
23 19
21 19
31 27
39 27
54 19
87 23
132 48
169 82
201 105
226 115
248 119
261 126
261 138
250 142
230 132
203 113
171 91
136 76
99 64
66 44
42 27
25 13
19 9
21 13
35 19
58 29
89 42
123 56
158 76
191 95
220 111
242 123
255 128
259 130
255 132
238 128
210 117
179 99
146 82
111 66
78 50
48 35
29 21
19 13
19 13
31 17
50 25
78 39
113 54
148 72
181 87
214 105
238 121
253 130
259 134
255 134
242 128
218 117
191 105
158 89
121 72
85 56
58 41
42 35
25 27
11 13
15 1
39 3
72 23
105 48
136 68
171 82
205 95
234 111
253 132
259 142
257 140
248 130
228 119
199 109
164 95
126 74
93 52
66 37
41 25
23 17
17 13
23 13
39 19
62 29
91 44
128 62
164 80
197 95
224 111
248 125
259 132
259 136
251 132
234 125
207 113
175 99
140 82
103 62
72 44
44 29
29 21
19 15
21 13
33 17
54 27
83 41
117 56
154 76
187 93
216 107
240 121
257 130
261 136
255 134
238 128
216 117
185 103
150 87
115 70
80 52
58 44
35 35
11 11
5 0
23 0
52 15
80 42
107 58
142 66
179 78
214 103
238 128
251 138
259 138
257 130
244 125
220 121
193 109
160 91
123 68
89 48
60 35
37 27
23 19
17 13
25 11
42 19
68 35
99 50
134 66
169 80
203 97
228 115
248 126
259 134
259 134
250 130
228 123
201 109
169 93
134 78
99 60
68 42
42 29
27 19
19 15
21 15
35 17
58 27
89 42
125 60
160 80
193 95
222 111
246 125
257 132
259 134
253 134
236 126
210 115
179 101
148 87
115 76
74 52
37 23
19 3
17 0
23 9
31 19
50 25
80 33
115 50
152 74
185 97
214 113
238 123
255 126
261 132
255 136
240 130
216 119
187 101
154 83
119 68
85 52
54 37
33 23
21 13
19 11
27 17
46 23
72 35
103 48
140 66
173 83
207 103
232 115
251 126
261 134
257 134
246 130
226 121
199 109
164 91
126 74
93 56
64 41
41 27
23 17
17 13
23 13
39 19
64 29
95 46
130 64
166 82
199 99
226 113
248 125
257 132
261 136
251 134
232 126
207 115
175 103
144 93
99 68
60 31
37 7
27 5
21 15
21 21
33 19
56 19
87 35
121 60
156 85
189 101
218 109
242 117
257 128
259 136
253 136
236 125
212 109
183 97
148 83
113 68
78 50
52 33
33 21
21 15
19 15
29 17
48 23
78 37
109 52
144 70
179 89
210 105
236 119
0 126
261 134
257 134
244 130
220 119
187 105
158 87
123 72
89 56
58 39
37 25
23 15
19 13
25 15
42 23
68 33
101 48
136 66
169 83
203 101
232 117
250 126
259 134
257 134
251 134
236 132
205 121
160 91
121 62
91 42
68 33
42 27
23 19
17 11
23 9
39 19
62 33
93 52
125 66
160 80
195 93
224 111
246 126
257 134
259 132
251 128
236 123
208 115
177 101
142 82
107 64
76 46
48 33
27 21
17 13
21 13
33 17
52 25
19 37
115 54
25 72
185 91
216 107
240 121
5 130
251 134
251 125
162 126
208 117
187 103
132 85
117 68
83 52
46 37
33 25
15 15
19 11
29 13
46 23
72 35
107 50
142 70
175 87
208 103
234 117
1 128
261 136
257 138
250 140
226 132
187 103
150 70
123 52
95 46
66 44
37 31
21 13
19 3
21 11
42 29
3 42
95 50
5 58
166 74
201 99
228 117
246 126
7 128
259 128
250 128
162 126
205 115
171 95
136 76
101 58
68 44
44 31
27 21
19 13
21 11
35 17
56 29
87 42
121 58
156 76
189 93
220 109
242 123
257 130
259 134
250 134
160 126
205 117
181 101
142 83
111 66
78 48
46 33
31 21
21 15
19 15
21 17
50 25
15 37
111 54
17 72
181 89
214 107
240 121
7 134
250 144
253 138
232 121
212 103
189 93
158 85
121 72
85 54
56 33
37 21
17 19
19 19
17 21
42 23
70 33
103 48
7 68
156 85
203 99
222 111
0 123
259 132
259 136
248 132
228 123
201 109
166 93
130 78
97 60
64 42
41 27
25 17
15 13
23 15
37 19
60 27
93 42
126 60
162 80
187 97
224 111
246 125
9 132
259 134
250 132
234 125
208 115
177 99
140 82
97 62
74 46
46 33
29 23
17 15
21 13
33 17
54 27
83 41
119 58
152 76
187 93
216 109
244 126
11 144
257 140
244 121
232 103
216 101
189 103
150 91
113 68
82 35
56 29
35 27
21 27
17 21
27 15
46 19
74 33
105 54
142 72
177 85
208 99
234 113
251 126
259 136
257 136
246 128
222 119
195 107
162 93
125 76
89 54
60 37
39 25
23 19
17 15
23 13
41 19
66 31
97 46
132 64
167 82
201 99
228 113
248 125
259 132
259 136
250 132
230 123
203 111
171 97
136 80
99 62
68 42
42 29
27 17
17 13
23 13
37 19
58 31
89 44
125 60
160 80
199 105
224 121
236 123
246 117
255 117
255 123
238 126
208 117
177 95
148 78
113 64
80 52
50 41
29 25
19 13
19 11
29 15
48 25
78 37
113 54
148 70
181 87
214 105
240 123
255 130
259 134
255 134
242 130
218 121
189 107
154 87
121 70
87 52
56 37
33 23
21 15
19 13
27 13
44 23
70 33
103 48
136 66
173 83
207 101
234 119
251 128
259 134
259 134
248 132
226 123
197 111
164 93
130 74
95 56
64 41
41 29
23 19
19 13
25 15
39 21
64 33
95 46
130 64
169 89
199 109
216 107
234 103
255 111
263 130
253 138
232 128
207 109
175 89
142 80
105 70
72 54
44 35
27 15
19 9
21 13
33 23
54 29
83 37
119 52
154 72
187 95
218 113
242 123
255 128
259 132
253 134
240 130
214 119
185 103
150 83
113 66
80 50
52 37
33 23
19 13
19 11
29 15
48 25
76 37
109 52
144 68
179 85
210 105
236 121
251 128
259 134
257 134
244 130
220 119
193 105
162 89
125 74
89 56
60 39
39 27
25 17
19 15
25 17
42 23
72 37
105 56
130 70
158 74
195 83
228 101
251 121
259 132
257 134
248 126
232 119
205 111
169 101
132 83
97 60
66 41
42 27
25 21
17 17
21 13
35 15
60 25
89 42
125 62
158 78
193 91
222 107
246 123
257 134
259 136
253 132
236 125
210 113
179 99
144 83
109 66
76 46
48 31
29 19
19 13
21 13
31 17
52 25
82 39
115 56
150 74
183 91
214 107
240 121
255 130
259 134
255 130
242 128
218 119
187 105
154 87
119 68
85 52
54 37
33 25
21 17
19 13
27 17
48 27
78 46
103 56
128 56
167 62
207 87
238 117
253 134
257 134
257 126
248 123
228 123
197 117
164 99
126 74
93 52
64 39
39 29
21 21
17 11
25 9
41 17
62 31
95 46
130 64
167 80
199 97
226 113
248 126
259 134
259 134
250 130
232 123
207 111
173 97
136 80
103 60
72 44
46 31
27 21
17 13
21 13
35 17
56 27
85 41
119 58
156 78
189 93
218 109
242 123
257 132
261 136
253 134
238 126
212 115
183 101
148 85
113 68
80 50
52 35
33 23
23 19
25 23
33 27
42 23
66 23
105 35
146 60
181 85
210 105
236 117
253 125
263 130
257 138
246 136
220 125
191 105
158 87
121 72
87 54
56 37
35 23
21 13
17 9
25 13
42 21
70 33
101 48
136 64
171 83
205 101
230 117
250 126
259 132
259 134
248 132
228 125
199 109
167 93
132 76
97 58
66 42
41 27
25 17
19 13
21 15
37 19
60 29
91 42
125 60
162 80
195 95
224 111
246 125
257 132
259 134
251 132
236 126
210 117
177 99
142 82
107 64
76 48
48 35
29 23
23 23
23 25
23 13
41 5
78 17
119 48
154 80
185 95
214 103
242 113
257 128
263 142
255 144
240 130
216 113
187 99
152 85
115 72
82 52
54 33
31 15
21 11
19 15
29 19
46 25
74 33
107 48
142 70
177 89
208 105
234 115
251 125
261 132
257 136
246 130
224 119
195 107
162 89
125 72
91 54
62 41
41 27
23 17
17 13
25 13
41 21
64 33
97 46
125 64
167 82
201 99
228 115
248 126
9 134
259 134
250 132
230 125
205 111
173 97
136 82
101 64
72 50
50 41
23 25
7 5
13 0
35 5
60 25
87 42
121 58
156 72
195 91
224 113
236 130
7 138
259 138
253 132
158 126
203 117
179 101
142 83
111 62
78 44
50 31
31 23
19 17
19 13
29 15
50 23
80 39
109 56
21 66
181 87
212 103
234 119
5 130
251 136
257 134
244 128
220 119
189 105
156 89
121 72
85 52
56 37
35 25
21 17
19 13
27 15
44 21
70 33
103 48
136 64
171 83
207 101
232 117
251 126
259 132
259 134
248 132
228 125
199 111
166 95
130 76
99 62
70 56
37 35
13 3
9 0
23 0
41 19
64 37
91 46
126 54
166 72
199 99
226 121
246 130
257 132
259 130
251 130
232 126
207 117
175 99
138 76
105 56
72 44
46 33
27 21
19 13
21 11
33 17
54 29
83 41
117 58
154 74
187 91
216 107
240 123
255 130
259 134
253 130
240 126
216 119
183 105
150 85
113 66
82 48
54 37
33 25
19 15
19 11
29 13
46 23
74 35
109 52
144 70
177 87
208 103
234 119
253 130
261 136
257 136
244 132
224 123
195 111
166 99
126 82
82 52
50 27
33 9
23 7
19 11
23 13
41 17
68 27
101 46
134 68
169 89
201 105
228 115
248 123
257 130
257 136
248 132
228 121
203 107
171 93
134 78
99 60
68 42
44 27
27 17
19 13
21 15
35 19
58 27
89 42
123 58
158 78
193 95
222 111
244 123
257 130
261 134
253 134
236 128
210 115
179 99
144 82
111 64
78 50
48 33
29 21
19 15
19 13
29 17
50 27
80 39
113 54
150 72
185 91
214 109
240 121
255 130
261 134
257 136
244 132
218 121
193 113
158 99
111 66
74 31
50 15
35 13
25 21
19 19
25 13
44 15
74 31
107 56
140 78
173 89
205 97
232 111
250 126
259 138
257 136
246 126
226 117
197 105
164 93
128 76
95 56
64 39
39 23
25 17
19 15
23 15
39 21
64 31
95 44
128 64
166 82
197 97
226 111
248 125
259 132
259 134
250 132
232 125
207 113
173 97
138 80
103 62
72 44
46 33
27 21
19 13
21 13
35 19
54 27
83 41
119 56
156 76
189 95
218 111
242 123
257 132
261 136
257 140
244 138
210 121
173 93
142 68
111 54
82 46
52 35
31 21
19 9
21 7
33 17
50 31
76 44
109 54
146 68
179 85
210 105
236 121
253 128
259 130
257 130
244 126
220 119
193 107
160 89
123 72
87 52
60 39
37 27
23 19
17 13
25 13
42 21
68 33
99 48
134 64
169 83
203 99
230 115
250 126
259 132
259 134
250 132
228 125
201 111
167 95
134 78
97 60
66 42
41 29
27 19
19 15
23 15
37 19
60 29
91 44
126 60
160 78
195 95
224 113
246 126
257 134
263 140
259 146
232 132
197 99
169 74
144 68
111 66
74 54
46 33
29 13
21 9
23 17
31 27
52 33
82 41
115 50
150 70
183 93
214 111
238 121
253 125
259 128
255 132
240 130
218 121
187 103
152 83
117 68
85 54
56 41
33 25
21 15
19 11
27 15
46 25
72 37
105 50
140 68
175 83
207 103
234 119
251 128
261 132
257 132
246 128
224 123
197 109
162 91
126 72
93 54
64 41
39 27
23 17
19 13
25 13
41 21
64 31
97 48
130 64
166 83
199 99
228 115
255 134
263 144
251 134
238 119
226 107
207 103
173 97
136 80
99 56
72 39
46 29
29 25
17 21
21 15
37 17
58 27
85 42
119 60
156 76
189 91
220 105
242 119
255 130
261 136
255 134
238 126
212 115
183 103
148 85
111 68
78 48
50 33
31 23
19 15
19 11
29 15
50 23
78 35
109 50
148 70
181 89
212 107
236 121
253 128
261 134
257 136
244 130
220 121
191 103
158 87
121 70
85 52
58 37
37 27
23 17
19 13
27 15
44 23
70 35
101 48
136 68
173 87
205 103
236 125
253 138
251 130
248 115
244 111
230 117
201 115
166 99
128 72
97 50
68 39
42 35
25 27
17 17
21 11
37 15
62 31
89 46
125 62
162 76
197 93
224 111
246 125
257 134
259 136
251 132
234 125
208 115
177 99
142 82
107 62
72 44
44 29
29 19
19 13
21 13
31 17
52 25
83 39
117 58
152 74
185 89
216 105
242 121
255 132
259 134
255 132
240 126
216 119
185 105
150 85
115 68
83 50
54 35
33 25
19 15
19 13
29 15
46 25
74 37
109 52
146 76
183 97
207 109
224 111
244 113
257 119
259 128
246 130
222 119
195 101
164 87
128 76
93 62
60 46
37 29
23 15
17 11
23 15
41 23
64 33
97 42
132 60
167 80
201 99
228 115
250 125
259 132
259 134
250 132
230 125
205 113
171 97
134 80
99 60
70 44
44 31
25 19
17 13
21 13
35 17
58 29
87 42
121 58
158 78
191 93
222 111
244 123
257 132
261 134
253 134
236 126
212 115
181 101
144 83
111 64
78 48
50 33
31 23
19 15
21 13
31 17
52 27
80 41
115 58
154 85
179 95
203 91
230 97
253 115
263 134
257 140
240 128
218 111
191 99
160 91
121 80
85 60
56 35
35 19
23 15
17 15
25 17
42 21
70 31
103 44
138 66
173 87
205 103
232 117
251 125
259 132
259 136
248 132
226 123
199 107
166 91
130 74
95 58
64 41
39 27
23 15
17 11
23 13
39 21
64 31
95 46
128 62
164 80
197 97
224 113
248 125
257 132
259 132
251 132
234 125
207 115
173 97
140 80
105 62
74 48
46 33
27 21
19 15
23 15
35 21
60 35
85 48
111 56
144 62
181 76
218 99
244 121
255 132
259 132
255 128
242 126
218 121
183 109
148 87
115 66
82 48
52 35
31 25
19 17
19 9
29 13
48 21
76 37
109 52
144 68
171 85
210 103
236 119
0 130
251 134
257 134
244 130
222 121
193 107
160 91
123 72
89 54
60 39
37 25
21 17
17 11
25 13
42 21
66 33
99 48
1 64
169 83
203 99
220 115
248 125
11 134
259 138
250 132
228 123
203 111
162 95
134 80
99 60
68 42
42 29
27 19
19 17
15 17
41 29
62 41
80 39
111 39
156 58
134 89
224 117
244 125
5 126
253 126
255 125
238 125
210 123
179 103
140 80
109 60
76 48
48 37
29 25
19 11
19 7
31 13
52 25
80 41
115 56
150 70
185 87
214 107
238 123
3 130
251 134
255 132
242 128
218 119
187 103
154 85
119 68
85 52
54 37
33 23
23 17
19 13
27 15
44 23
72 35
105 50
15 68
173 85
203 93
234 115
3 126
251 134
257 136
185 130
226 123
197 107
164 91
128 76
95 58
64 42
41 29
27 21
25 23
23 19
29 13
54 13
93 29
132 56
166 82
197 97
226 107
250 121
261 132
261 140
250 138
232 126
207 111
173 95
136 80
103 64
70 46
44 29
27 17
17 11
21 13
33 19
48 27
85 41
117 58
31 76
189 95
218 109
234 123
7 130
259 134
250 132
160 126
207 115
183 101
148 83
113 66
80 48
46 33
33 23
15 17
19 13
29 17
50 17
13 37
111 52
19 62
179 87
212 105
236 119
0 130
251 134
257 134
244 130
220 121
193 107
158 91
123 74
89 54
60 39
39 31
27 29
15 17
5 0
35 0
68 19
95 50
136 74
169 83
203 93
232 109
1 128
261 142
259 142
248 130
228 117
201 107
167 97
130 82
95 58
66 37
33 23
25 19
19 15
21 15
37 17
62 29
91 42
125 60
162 80
189 97
222 113
246 125
7 132
261 136
251 134
234 126
208 113
177 99
144 82
99 64
74 46
48 31
29 19
19 13
21 13
31 17
54 25
78 39
117 56
152 74
185 91
216 107
242 121
255 132
259 136
255 134
242 128
218 119
187 105
152 87
119 72
89 62
56 46
25 21
9 1
13 0
29 5
48 21
64 35
105 48
142 62
179 83
210 107
236 125
251 132
259 132
257 130
246 130
224 125
195 109
162 89
126 70
91 54
62 41
39 27
23 17
19 11
25 13
41 21
64 33
97 48
130 64
166 82
199 97
226 113
248 125
259 132
259 134
248 130
232 123
205 111
173 99
128 80
101 62
70 44
44 31
27 19
17 13
21 13
35 17
56 29
87 42
121 58
158 76
191 93
220 109
242 123
257 130
261 134
253 132
238 126
212 117
181 103
146 85
117 76
80 60
42 31
19 1
15 0
23 5
33 23
48 29
76 33
111 44
150 70
183 97
212 115
236 123
253 125
259 128
255 134
242 132
218 121
189 101
156 83
121 68
85 54
58 39
37 25
23 15
19 11
25 13
44 25
70 37
103 50
136 64
171 83
205 101
230 117
250 126
259 132
259 134
248 132
226 123
199 109
166 93
130 76
95 58
64 41
41 27
25 17
19 13
23 15
39 19
62 31
93 44
126 62
162 80
197 97
226 113
246 125
259 132
259 134
253 134
236 126
212 119
181 109
138 85
95 54
64 29
44 17
31 15
19 15
19 11
31 11
56 19
87 41
119 64
152 82
185 93
216 107
242 121
255 132
259 136
253 132
240 123
216 115
185 101
150 87
115 68
82 50
54 33
31 21
21 15
19 13
29 15
46 23
74 35
107 52
142 68
177 85
210 103
236 117
251 128
261 134
257 134
246 130
222 121
195 107
160 91
125 72
91 54
60 39
37 27
21 15
17 11
25 13
42 21
66 35
97 48
132 64
169 82
203 101
228 117
250 126
259 134
259 136
250 132
232 128
210 125
167 103
123 64
91 35
68 27
46 31
27 27
15 13
21 3
39 11
62 31
89 54
121 68
158 76
193 89
222 109
244 126
255 136
259 134
253 128
236 121
210 115
179 103
144 83
109 64
76 44
50 31
29 23
19 17
21 13
31 15
50 23
80 39
113 56
148 72
183 87
212 105
238 119
255 128
261 136
257 136
242 128
218 117
189 103
156 89
119 70
85 52
56 37
35 23
21 17
19 13
25 15
44 21
72 35
103 50
138 68
173 85
207 103
232 117
251 128
261 136
265 142
250 140
218 121
187 95
160 76
130 66
95 56
62 41
37 23
25 11
21 11
25 19
39 27
62 33
93 42
128 60
164 80
197 97
226 113
246 123
257 128
259 130
251 132
232 125
205 111
173 95
140 80
105 64
72 46
44 31
29 19
19 13
21 13
33 19
54 27
85 41
119 56
156 74
187 93
218 107
242 121
257 130
261 134
255 134
238 126
214 117
183 103
150 85
113 66
80 48
52 35
33 23
21 17
19 13
29 15
48 23
76 37
109 52
144 70
179 87
210 105
236 121
253 132
265 144
259 146
236 126
210 99
189 83
