290000 10000000 60817 34
238 121
248 126
253 130
257 132
255 132
251 132
244 130
230 123
216 115
199 107
179 99
160 89
144 85
119 78
87 54
66 31
54 19
46 19
37 23
25 19
19 11
23 7
31 13
37 25
44 33
58 35
78 37
97 46
115 60
136 72
158 80
179 87
199 95
214 107
230 117
242 125
251 126
257 130
257 132
253 134
248 130
238 125
224 119
207 111
189 103
167 93
148 82
126 70
105 60
85 50
66 39
52 31
39 25
31 19
25 17
21 15
23 15
29 17
39 19
52 27
70 37
87 46
107 56
126 64
150 74
171 85
191 97
207 107
224 115
238 119
248 126
255 132
257 134
255 134
251 132
248 136
234 136
207 111
187 83
175 74
160 80
138 82
115 72
93 52
78 37
62 35
46 37
35 33
25 23
21 13
23 9
25 15
33 23
44 27
58 29
76 33
97 44
117 60
138 72
162 82
181 89
201 101
216 111
230 121
244 126
250 128
255 130
257 132
253 132
248 130
236 125
222 117
207 111
187 103
167 93
146 82
125 68
105 58
85 50
66 42
52 35
39 25
31 19
25 17
21 17
23 17
29 17
41 21
52 29
68 37
85 44
107 54
128 62
150 74
173 87
193 101
212 113
232 126
236 128
238 119
246 115
255 119
257 126
250 130
240 125
230 117
216 111
201 107
179 103
158 91
136 78
115 62
95 52
76 46
58 39
42 29
33 19
27 15
23 15
23 15
27 17
35 17
46 23
60 31
78 41
97 50
117 60
140 70
160 80
179 91
199 99
216 107
232 117
244 125
251 128
255 130
250 132
253 132
248 130
236 126
218 119
207 111
187 101
167 89
146 80
126 70
105 62
83 50
66 41
52 33
31 27
29 21
25 17
21 15
25 15
31 19
33 21
52 29
70 37
89 48
113 66
126 72
140 64
162 64
189 80
212 103
226 121
238 125
248 121
255 123
259 134
257 142
250 140
242 128
230 117
216 111
197 109
175 101
154 85
134 70
115 62
95 56
74 46
58 39
46 29
35 23
25 19
21 17
23 17
27 17
35 19
44 25
60 31
78 41
97 48
117 56
140 68
162 82
181 93
201 103
218 111
234 119
246 125
251 130
255 132
257 132
253 132
246 128
236 125
222 117
207 111
187 103
166 89
146 80
126 72
105 62
83 52
64 41
50 33
39 27
31 23
27 25
27 27
19 17
19 5
33 3
52 13
72 31
89 44
107 52
128 60
154 72
175 89
193 105
208 111
224 113
240 121
250 128
253 134
255 134
255 130
250 126
242 125
228 121
212 115
197 105
177 95
158 83
134 74
113 66
93 54
76 46
58 37
42 27
33 21
27 19
23 15
23 15
27 17
35 19
46 25
62 33
78 41
99 50
119 60
140 70
162 80
181 93
201 103
218 111
232 119
244 123
251 128
255 132
257 134
253 132
248 130
236 125
222 119
205 111
187 103
167 93
146 82
123 70
107 66
89 64
62 44
37 17
29 0
31 5
29 19
23 23
21 15
31 9
42 15
56 31
72 48
87 54
109 54
130 60
152 74
171 89
191 101
210 107
224 109
238 115
248 123
255 132
257 134
255 132
250 128
242 126
228 125
214 117
197 107
177 95
156 83
132 76
111 62
91 52
76 44
58 37
42 29
33 21
27 17
23 15
23 15
27 17
35 21
46 25
62 33
80 41
99 50
119 60
140 70
162 80
181 89
203 103
220 113
232 119
244 125
253 130
257 134
257 138
253 134
248 132
242 132
224 128
197 109
173 85
162 72
146 70
125 68
101 58
80 44
66 35
52 31
41 29
29 25
23 17
23 15
25 15
31 19
39 23
52 29
70 33
89 41
109 52
130 66
152 78
173 87
193 95
210 105
226 115
240 123
250 128
255 130
257 132
255 132
250 130
240 126
228 121
212 113
195 105
175 95
156 85
134 76
113 64
91 54
74 44
56 37
44 29
33 23
25 17
21 15
23 15
27 19
35 21
46 25
62 31
82 42
101 52
119 62
142 72
164 82
183 93
201 103
218 113
234 121
250 132
255 142
248 128
246 113
250 111
248 121
236 128
218 121
205 107
187 93
167 89
146 87
123 80
101 62
82 44
64 35
48 29
37 29
29 23
23 13
21 9
25 13
31 19
41 27
54 29
72 35
89 42
109 56
130 68
152 78
173 85
193 95
208 103
226 113
242 123
250 128
255 130
255 130
255 132
251 132
242 128
228 123
212 113
195 103
175 95
156 87
132 76
113 64
91 54
72 42
56 33
44 29
35 25
25 19
21 15
23 15
29 17
37 21
46 27
64 33
82 42
103 56
128 72
140 78
152 74
173 76
201 87
220 103
232 117
244 123
251 126
259 130
259 134
255 138
246 136
236 128
220 117
205 109
185 101
164 91
144 80
121 66
101 56
82 46
64 41
48 31
37 23
29 17
23 15
21 15
25 17
33 21
41 23
54 29
70 37
91 46
109 56
132 66
152 76
173 85
193 97
212 107
228 115
240 123
250 126
255 130
257 134
255 132
250 130
242 126
228 123
212 113
195 103
175 95
154 85
132 76
111 64
91 54
74 44
56 37
42 29
33 23
25 17
23 17
25 17
33 29
37 31
39 17
52 9
80 21
105 46
123 70
140 76
162 76
187 83
207 103
222 123
234 130
244 126
251 125
257 128
255 134
251 136
244 128
234 119
218 111
203 105
185 101
166 91
142 80
123 68
101 58
82 50
64 42
48 33
37 25
29 17
23 15
21 15
25 17
31 17
42 19
56 27
72 37
91 46
111 56
132 64
154 76
173 85
193 97
212 109
228 119
240 123
250 126
255 130
259 134
255 134
250 130
240 126
220 121
212 115
195 107
158 95
146 83
134 74
97 66
93 60
76 52
52 31
33 19
17 5
23 3
25 11
23 15
25 13
37 15
50 23
3 37
82 48
93 58
121 62
17 68
156 80
179 93
203 105
220 113
234 117
246 123
1 128
255 125
255 134
253 132
246 126
232 121
220 117
205 111
185 103
164 91
142 78
123 68
101 58
80 48
64 39
48 29
37 23
29 19
23 15
23 15
25 13
31 15
42 23
56 31
72 39
91 46
113 56
132 64
154 76
175 89
195 99
212 107
228 115
240 123
0 128
255 132
257 132
255 132
251 130
234 128
226 123
214 119
201 117
171 101
142 72
123 50
111 48
95 52
64 50
52 35
33 21
35 15
27 21
23 25
23 23
27 17
37 17
48 23
62 35
82 44
101 50
121 56
142 66
166 80
185 95
203 103
222 111
236 119
246 126
253 132
255 134
257 132
251 130
244 128
232 123
218 117
203 109
185 101
162 89
142 80
121 68
101 58
80 50
62 39
48 29
37 25
29 19
23 17
21 13
25 13
33 17
44 25
56 31
72 39
91 46
113 56
134 68
154 80
175 89
195 97
212 107
228 117
244 126
255 138
259 142
250 132
244 119
244 115
240 117
226 119
208 111
193 101
173 89
154 82
132 76
111 70
91 58
72 44
54 33
41 27
31 23
23 19
21 13
23 11
29 13
37 19
50 27
64 35
82 41
103 50
123 62
144 74
166 83
185 93
207 95
222 113
234 121
244 125
0 128
250 132
255 134
251 130
236 128
234 123
218 119
203 109
183 99
164 89
142 78
111 66
99 58
80 46
62 37
48 31
37 25
27 19
23 17
23 15
25 15
31 17
44 25
58 31
74 39
91 46
113 58
134 70
156 85
179 103
189 99
201 87
224 93
244 113
251 132
255 136
255 128
255 123
251 128
242 132
226 130
210 117
191 99
173 89
152 85
130 78
107 64
87 48
70 37
54 31
41 29
31 25
25 17
23 11
23 11
29 17
37 21
48 27
66 31
83 41
103 50
123 62
144 72
166 83
185 91
205 101
222 113
236 123
246 126
251 128
257 130
257 134
251 134
244 130
232 123
218 115
203 107
181 99
162 87
142 78
121 68
99 58
80 46
62 39
48 31
37 25
27 19
23 15
23 15
29 19
41 31
44 33
48 27
64 23
89 31
115 48
134 68
154 78
175 83
197 93
216 107
230 121
242 130
250 132
255 130
257 132
255 134
248 134
238 128
224 117
210 109
191 101
171 95
152 83
130 72
109 60
89 50
70 42
54 35
42 29
31 21
25 17
21 15
23 15
29 17
37 19
50 25
66 35
83 44
103 54
125 62
146 72
166 83
187 93
205 103
222 113
236 121
246 126
253 130
255 132
257 132
251 132
244 128
232 125
218 117
203 109
183 99
162 89
140 78
121 66
101 58
80 50
62 41
52 41
39 35
19 13
11 0
17 0
29 7
37 23
42 27
54 23
76 29
97 46
117 66
134 78
154 80
177 85
197 97
214 109
226 119
240 123
251 125
255 128
255 130
253 134
250 130
240 125
226 117
208 109
193 105
171 97
150 85
130 72
109 60
89 52
70 42
54 35
41 25
31 19
25 17
21 15
23 15
29 17
37 19
50 27
66 35
83 42
105 52
125 64
146 74
166 83
189 95
207 105
222 113
234 119
246 125
255 128
257 134
255 134
251 132
244 128
234 125
218 119
205 115
187 109
160 93
128 70
109 50
97 42
82 42
62 39
44 29
33 17
29 15
27 17
23 21
25 21
33 21
44 21
58 29
74 39
93 48
113 56
134 64
156 76
177 87
197 99
214 111
230 115
242 119
250 125
257 134
257 136
253 134
248 128
238 125
226 121
208 115
191 105
171 93
150 82
128 72
107 62
87 52
70 41
54 33
41 25
31 21
25 17
23 17
23 17
29 17
37 19
50 27
68 37
83 44
103 52
125 60
148 72
167 85
187 97
207 105
224 115
236 121
246 128
253 132
257 134
263 146
251 140
232 117
222 99
216 101
205 107
181 105
158 89
138 70
119 58
101 56
80 56
60 46
46 31
35 17
27 15
21 17
21 19
25 17
31 13
42 19
58 29
76 42
95 50
115 56
136 64
158 78
179 91
197 103
214 109
230 117
242 123
251 128
255 132
257 132
255 132
248 128
238 125
226 121
208 113
191 103
171 93
150 82
128 72
107 62
87 52
68 41
54 33
41 25
29 19
25 15
23 15
25 17
29 17
37 21
50 25
68 35
83 44
105 54
125 62
148 74
173 91
193 109
201 109
210 101
230 103
248 115
255 128
255 134
253 130
251 125
246 123
234 125
218 125
201 115
181 99
160 83
138 76
119 68
97 58
76 46
60 33
46 23
35 21
27 19
21 17
15 13
27 15
33 17
37 25
58 31
13 39
95 46
115 56
11 66
158 82
177 91
199 99
214 107
232 117
242 125
1 130
255 125
255 132
253 130
240 130
238 125
224 119
208 111
191 103
169 93
150 83
128 72
107 62
87 50
68 41
52 31
41 25
33 21
25 17
21 15
25 15
31 19
41 25
54 35
72 46
82 46
93 39
117 41
148 60
171 85
189 101
205 103
222 105
240 115
251 130
255 140
255 140
253 132
250 126
244 125
230 125
214 119
199 105
179 91
160 83
138 78
117 68
97 56
78 44
60 35
46 29
35 25
27 21
23 15
21 13
27 13
35 19
44 25
60 33
76 39
95 46
117 56
136 68
158 78
179 91
199 101
216 109
230 117
242 123
251 128
257 132
257 134
253 132
248 128
238 125
224 119
208 113
189 103
169 91
150 82
128 72
107 60
87 52
70 42
54 35
46 35
35 33
17 17
9 1
17 0
31 5
41 21
50 29
66 33
85 37
109 50
128 68
148 82
167 89
187 91
208 103
224 115
236 125
246 128
253 128
250 130
255 130
250 130
234 126
232 121
216 113
199 105
181 99
158 89
138 78
117 66
95 54
78 44
60 39
44 29
35 21
27 15
23 13
21 13
27 17
33 17
46 23
60 31
76 39
95 48
117 60
138 70
160 82
171 91
199 101
216 109
230 119
244 125
0 128
255 130
250 134
250 134
248 130
238 126
224 119
208 111
191 105
169 95
154 91
130 85
99 60
74 29
62 17
46 23
42 31
29 27
21 13
21 5
27 11
33 23
39 31
52 33
5 33
80 39
105 52
1 68
146 78
128 83
187 89
208 93
224 115
238 125
248 126
5 128
250 130
255 134
251 134
242 130
230 121
216 113
199 107
179 99
158 87
132 74
117 64
95 54
76 44
60 37
46 29
35 21
17 17
21 15
25 17
27 17
35 19
44 23
60 31
78 41
97 50
109 60
138 68
160 80
179 91
199 103
216 109
232 117
244 125
251 130
250 134
259 138
261 142
248 134
228 119
214 105
205 97
191 95
169 91
146 82
125 68
107 56
87 50
68 46
52 37
31 29
31 19
25 15
21 15
23 15
29 17
39 19
52 25
68 33
85 42
107 54
128 64
150 72
169 83
191 97
208 107
224 115
238 121
248 126
253 130
255 132
255 132
251 130
242 126
230 121
214 115
197 105
179 99
158 87
136 76
115 64
95 56
76 44
58 37
44 27
35 23
27 19
21 17
21 15
27 15
35 19
44 25
60 31
76 39
97 48
117 60
138 70
160 80
173 91
201 103
222 123
234 128
234 117
242 107
253 113
259 128
255 138
246 130
236 117
224 109
210 111
189 111
167 101
146 83
125 66
105 56
83 52
66 44
50 33
37 21
29 13
25 15
21 17
23 17
31 17
41 19
52 27
68 37
87 46
107 56
128 64
148 72
169 83
191 95
210 107
226 117
238 121
248 125
255 130
257 134
255 134
250 132
242 126
230 121
214 115
197 107
177 97
158 85
136 76
115 64
93 54
76 44
60 37
44 29
35 23
25 17
21 15
21 17
29 17
35 21
48 29
64 37
83 50
95 54
107 50
5 52
158 66
175 85
199 101
216 107
232 113
246 121
3 130
250 138
257 140
253 126
183 128
236 123
222 119
205 111
177 99
167 87
148 78
126 70
103 60
83 50
66 31
52 31
31 27
29 21
23 17
21 15
17 13
29 15
39 21
54 29
7 37
87 42
107 52
3 64
142 76
171 85
187 95
208 105
224 113
238 119
0 126
255 132
257 134
255 134
251 130
234 128
230 123
214 117
197 107
177 97
156 83
128 76
115 66
95 56
76 44
58 37
44 29
35 25
27 23
29 29
21 21
17 3
25 0
44 5
66 31
80 48
95 50
117 52
142 62
158 82
183 101
201 111
216 111
232 113
244 121
0 128
255 134
257 132
253 128
246 125
236 123
222 119
207 113
187 103
167 89
146 80
125 70
103 60
83 50
66 39
52 31
39 25
29 21
23 17
21 13
25 15
31 17
41 23
52 29
70 35
87 44
109 54
128 66
150 76
171 87
193 97
208 105
224 113
240 121
250 126
253 132
255 132
255 132
251 132
242 130
230 125
214 115
197 107
179 99
158 89
140 83
117 76
87 54
64 33
52 17
44 17
35 19
25 17
19 13
23 9
29 13
37 21
48 33
62 39
78 42
99 48
119 58
140 72
162 83
181 89
201 99
218 107
232 115
244 125
251 130
257 132
257 132
253 132
248 128
236 126
222 119
205 111
185 99
167 91
146 82
123 70
103 58
82 46
66 39
50 33
39 25
29 19
25 17
23 15
25 17
31 19
41 23
54 29
70 37
87 44
109 54
130 66
152 76
171 85
191 97
210 107
226 115
240 123
250 128
255 132
257 134
255 134
251 132
248 136
234 134
207 115
185 87
171 72
158 76
136 80
113 70
91 50
74 35
60 31
46 33
33 31
25 23
21 13
23 9
27 15
35 23
46 27
62 31
78 35
97 44
121 58
142 74
162 83
181 89
201 99
218 109
234 121
244 128
251 128
255 130
257 130
253 132
246 126
236 123
222 117
205 107
185 99
167 91
146 82
125 72
103 60
83 48
66 41
50 33
37 25
29 19
23 17
23 15
25 15
31 19
41 23
54 29
70 37
89 44
109 54
130 64
152 76
173 89
193 99
212 111
234 126
240 130
238 123
244 115
253 117
257 125
250 130
238 126
228 115
214 105
199 105
177 101
154 91
134 78
113 64
93 52
72 44
56 37
42 29
33 19
25 13
21 13
23 15
27 17
3 19
48 25
0 31
80 41
95 52
111 60
15 70
126 80
173 91
201 101
220 111
234 119
244 125
251 128
257 130
257 132
253 132
246 128
234 123
220 117
205 111
185 101
166 91
144 80
123 68
103 58
83 50
64 41
50 31
37 25
29 19
23 17
21 13
25 13
33 19
41 23
54 31
72 37
91 48
115 66
132 78
142 70
162 64
189 78
214 103
228 121
238 126
248 123
255 123
259 132
257 142
250 140
240 130
228 117
212 111
195 107
173 99
152 85
132 68
113 58
91 52
72 44
56 37
44 27
35 21
25 17
21 15
23 17
29 17
35 21
46 25
62 31
80 41
99 50
121 60
140 70
164 80
185 91
203 103
218 113
232 119
244 125
251 128
257 132
257 134
251 132
246 128
234 123
220 117
205 111
185 101
166 89
144 78
123 68
101 58
82 48
64 41
48 31
39 25
31 21
29 23
29 29
21 21
21 9
33 5
54 15
72 31
89 44
109 54
130 62
154 72
177 89
195 103
212 113
226 117
240 119
250 125
255 132
255 134
253 130
250 126
242 123
228 121
210 115
195 105
175 95
154 85
132 74
111 64
91 54
74 44
56 33
41 25
33 21
25 19
23 17
23 15
27 15
37 19
48 27
62 35
80 42
99 48
121 60
142 70
164 82
183 91
203 101
220 111
234 119
244 123
251 128
257 132
257 134
251 134
244 128
236 123
220 117
203 111
183 101
166 89
144 80
123 70
103 62
87 62
62 44
37 17
29 0
29 3
27 15
23 21
23 15
31 9
44 15
58 31
72 46
91 52
111 56
132 62
154 74
173 89
193 101
210 107
226 111
240 119
250 125
255 132
257 134
255 132
250 128
240 125
228 123
212 117
193 105
173 93
154 83
132 74
111 64
91 52
72 41
56 33
42 27
33 23
25 17
23 15
23 15
29 17
35 19
48 27
64 33
82 42
101 50
123 60
144 72
164 83
185 93
203 103
220 111
236 119
246 126
253 130
257 132
257 134
253 134
246 130
240 132
224 128
195 109
173 87
158 72
144 68
123 68
99 58
78 44
64 33
50 27
39 29
29 27
23 21
21 13
25 13
31 19
41 25
54 29
72 35
91 42
111 54
130 64
154 76
175 87
195 97
212 107
228 115
240 125
250 128
255 130
255 132
255 132
250 130
240 126
226 119
212 111
195 103
173 95
152 83
132 74
111 64
91 52
72 44
56 35
41 27
33 21
25 17
21 13
23 13
29 17
37 21
48 27
64 33
82 41
101 50
123 62
144 74
166 83
185 95
205 105
220 113
236 123
250 134
255 142
250 128
246 111
250 109
248 121
236 128
216 121
201 103
183 89
166 85
144 87
121 80
99 62
80 44
64 33
48 31
37 27
27 21
23 13
21 7
25 11
33 19
42 27
56 31
72 35
91 42
113 56
132 68
154 78
175 87
197 97
212 107
226 115
240 123
251 128
255 132
255 132
253 132
250 130
240 126
226 121
210 113
193 103
173 95
152 83
130 74
109 62
91 52
72 42
54 35
41 27
33 21
25 17
23 15
23 15
29 17
37 21
48 27
64 35
83 44
105 56
130 74
142 80
154 76
177 76
203 89
224 109
234 121
244 125
253 125
259 128
259 134
253 138
244 134
234 126
218 115
203 107
183 99
162 91
140 78
119 64
99 54
82 48
62 41
46 31
37 23
29 17
23 17
21 17
25 17
31 17
42 21
56 29
74 37
91 46
113 56
134 66
154 76
175 87
195 99
212 107
228 115
242 123
250 126
255 130
255 132
255 134
250 132
240 128
226 121
210 113
193 105
171 95
152 83
130 74
109 62
89 52
72 42
56 35
42 29
31 23
25 17
23 17
25 19
35 29
35 29
39 15
54 9
82 23
105 48
125 68
144 76
166 78
187 85
208 105
224 121
234 126
246 126
253 125
257 130
255 134
251 134
242 126
234 119
218 113
201 107
183 101
162 89
142 78
119 66
99 58
80 48
62 39
48 31
35 23
27 17
23 15
21 15
25 17
31 17
42 21
58 29
74 39
93 46
113 56
134 66
156 78
175 89
197 101
214 107
230 117
242 123
250 126
253 128
257 132
257 134
250 132
238 128
226 121
210 113
193 105
173 95
150 85
130 74
111 64
93 60
74 52
48 35
29 13
25 3
25 5
23 11
23 15
27 15
37 15
52 23
68 37
83 50
101 56
123 62
146 72
166 83
185 97
205 105
220 109
236 117
246 123
253 128
255 132
257 130
253 130
244 128
232 123
216 117
203 109
183 99
162 89
140 78
119 68
99 56
80 46
60 35
46 27
37 23
29 19
23 17
21 13
25 15
33 19
42 25
56 31
74 39
93 46
113 56
134 68
156 78
177 89
197 99
212 109
230 117
242 123
1 128
255 132
255 132
255 132
248 128
240 126
226 123
212 119
197 119
166 93
140 64
125 50
111 52
91 56
68 48
52 31
41 17
35 17
29 23
23 27
21 19
29 15
39 15
50 27
64 39
82 44
103 48
123 56
144 68
166 82
187 95
207 105
222 111
236 119
248 125
253 132
257 134
255 134
251 130
244 126
232 123
216 115
201 107
181 99
162 89
140 78
119 66
99 56
80 46
62 37
46 29
35 23
27 17
23 15
21 13
25 15
33 19
44 25
58 31
74 37
95 46
115 58
136 68
158 80
177 89
197 99
214 109
230 119
244 126
257 138
255 138
248 126
244 117
246 115
240 119
226 119
207 111
189 95
173 85
156 83
130 82
107 70
87 54
70 41
54 33
41 29
29 23
23 15
21 11
23 9
27 13
37 21
52 29
5 35
83 33
103 50
0 64
146 76
167 85
187 93
207 103
222 111
236 121
248 126
3 130
255 132
255 132
251 132
244 125
232 125
218 117
201 107
181 93
160 80
140 78
111 68
97 56
78 44
62 37
46 31
35 23
27 19
23 17
23 15
27 17
33 19
35 23
60 31
13 41
95 50
115 58
13 72
164 91
177 99
177 91
205 85
228 97
246 121
1 134
250 132
255 125
255 125
251 130
240 126
224 128
208 113
191 99
162 89
148 83
126 74
105 58
87 46
70 37
54 33
41 27
31 23
25 17
23 13
25 15
31 17
37 21
50 25
66 33
83 42
105 52
0 64
146 66
167 83
189 95
203 95
222 113
236 121
246 126
3 128
255 128
250 132
251 132
244 130
230 123
216 115
201 107
181 99
160 89
138 78
117 66
97 56
78 46
52 37
46 31
37 25
27 21
21 17
15 17
33 23
39 31
39 25
46 17
70 21
95 35
117 54
134 68
156 76
179 85
201 97
216 111
232 123
242 128
251 130
255 130
255 130
253 132
248 130
236 123
224 115
208 109
191 103
169 95
148 82
128 70
107 60
87 52
68 42
52 33
41 25
31 19
25 17
21 15
23 15
31 19
39 21
50 27
66 35
85 42
105 52
125 62
146 74
167 83
189 95
207 105
222 113
236 121
248 126
255 130
255 132
255 132
251 130
246 128
232 125
216 117
199 107
181 99
160 89
138 80
117 66
97 56
78 46
66 44
50 41
29 23
15 0
17 0
25 3
29 19
33 27
42 23
60 23
78 35
97 52
115 68
136 76
158 78
179 85
197 99
216 113
230 121
242 123
251 123
255 128
250 134
250 134
185 130
238 123
224 117
208 111
189 103
171 95
140 82
126 70
107 60
85 50
68 41
52 33
31 23
31 19
17 17
21 15
15 15
29 17
41 23
52 29
66 37
78 42
105 52
126 64
140 74
167 83
187 95
207 105
224 113
238 121
248 126
5 130
257 132
255 134
251 132
242 128
232 125
220 121
207 119
179 107
148 82
128 60
113 50
97 48
78 44
58 37
44 25
35 17
29 17
25 21
23 23
25 21
33 17
46 21
60 31
76 42
93 48
115 56
136 64
158 78
177 89
199 101
216 109
232 117
244 125
251 130
255 134
257 134
253 134
248 128
236 123
224 119
208 113
189 103
167 91
148 80
126 72
107 62
85 50
68 41
52 33
41 25
29 19
23 15
23 15
25 15
29 19
39 21
50 27
68 35
87 44
105 54
126 64
148 74
169 83
189 97
208 105
224 115
238 123
248 128
253 132
263 144
257 142
240 123
232 105
228 101
218 111
199 115
177 99
158 80
140 70
121 68
95 66
76 56
60 39
44 25
35 19
25 19
21 19
21 15
25 11
35 13
44 23
60 33
78 41
97 48
117 56
138 68
160 82
181 91
199 101
214 109
230 115
244 125
251 130
255 134
257 132
253 132
248 130
236 126
222 121
207 111
189 101
169 91
148 82
126 72
107 60
85 50
66 41
52 31
39 25
31 19
23 15
21 13
25 15
31 17
39 21
52 27
70 35
87 44
107 54
128 66
154 82
177 99
185 101
197 95
216 95
238 107
250 123
253 132
255 130
255 126
253 126
244 130
230 128
214 121
199 107
179 95
158 85
134 78
113 66
95 54
76 42
58 35
44 27
35 23
27 19
23 15
23 15
27 17
35 21
46 25
60 31
76 39
97 48
117 58
13 70
158 78
173 91
201 101
216 111
232 117
244 125
1 128
255 125
257 132
250 132
248 130
238 126
222 119
207 111
189 101
169 93
146 82
125 72
105 60
85 50
68 42
52 33
39 27
31 21
25 17
23 17
25 17
31 19
44 29
58 41
62 37
74 25
101 29
130 52
154 80
169 91
189 93
208 97
228 111
240 128
248 138
253 136
257 130
255 128
250 128
240 128
230 123
214 113
197 101
177 91
158 85
136 78
115 66
93 52
76 42
60 37
44 31
33 23
25 15
23 13
23 15
27 17
35 19
46 25
60 31
78 39
97 48
117 58
138 70
160 80
179 91
201 101
216 111
232 119
244 125
251 128
255 130
259 132
255 134
248 130
236 126
224 119
207 113
187 103
167 93
146 82
125 72
105 62
83 52
68 42
60 42
41 35
19 17
13 0
17 0
27 7
31 17
39 23
52 25
70 31
89 42
109 58
130 72
150 80
171 85
191 93
210 105
224 117
236 123
246 125
253 126
257 130
255 134
250 132
242 126
230 121
214 115
197 107
177 97
158 85
136 74
115 64
93 54
74 44
58 35
44 27
35 21
27 19
21 15
23 15
27 15
35 19
46 25
60 31
80 41
97 50
117 58
140 70
162 82
181 91
201 101
216 109
232 117
244 123
251 128
255 130
257 132
255 134
248 130
236 125
222 119
208 113
189 107
171 105
146 91
115 62
93 37
82 31
68 37
52 39
39 29
27 13
25 9
25 13
27 23
31 27
39 25
52 25
70 31
87 46
107 58
126 66
150 72
171 80
193 93
210 109
224 117
240 123
250 125
255 130
257 134
255 136
250 132
242 126
228 121
214 115
197 107
177 97
158 87
134 74
113 64
93 54
76 44
58 37
44 29
35 21
25 17
21 13
23 13
29 17
35 21
46 25
62 31
80 41
99 50
119 60
140 70
162 80
183 91
201 103
218 111
232 119
246 126
253 132
261 140
261 144
250 134
236 119
228 107
222 107
207 107
187 103
164 87
146 76
126 66
107 62
83 56
66 44
50 33
39 23
29 19
23 17
21 15
23 13
31 13
41 19
54 29
70 37
89 44
109 54
130 64
152 76
171 87
193 99
210 107
224 113
238 121
250 126
255 132
257 134
255 132
250 128
242 126
230 123
212 115
195 105
177 97
156 87
134 76
113 66
93 54
76 44
58 37
42 29
33 23
27 19
23 15
23 13
27 15
35 19
46 25
62 33
78 41
99 50
121 62
142 74
162 83
185 97
207 115
207 115
220 103
234 101
3 117
259 134
257 138
250 130
246 119
238 119
224 123
207 121
185 107
166 89
144 74
125 68
103 64
82 52
64 37
50 25
39 21
29 21
23 19
23 17
25 13
31 15
41 21
54 31
70 39
89 44
109 52
130 64
152 76
173 87
191 97
210 105
226 113
240 123
248 128
5 125
257 132
255 130
250 128
234 126
230 123
214 115
197 107
162 95
156 85
134 78
113 66
91 52
76 44
58 35
44 29
33 25
25 19
23 17
25 15
29 19
37 25
54 37
64 41
70 37
89 35
115 42
142 62
156 80
183 93
201 99
220 107
236 119
246 130
251 136
255 136
255 132
253 130
246 128
234 125
220 117
203 107
187 99
166 89
144 82
123 70
103 58
82 46
64 39
50 33
39 27
29 21
23 15
21 13
25 13
31 19
42 25
54 29
70 35
91 42
109 56
130 66
152 76
173 87
193 97
210 107
226 115
240 123
248 128
253 130
257 132
255 132
250 130
240 125
230 121
214 115
195 105
175 95
154 85
134 74
113 66
93 54
72 44
56 37
44 29
39 33
27 29
11 9
11 0
25 0
39 15
50 33
60 37
80 37
101 41
123 60
142 80
164 91
185 95
203 97
218 107
234 119
244 128
251 132
255 128
255 126
253 128
246 130
236 126
220 117
205 107
187 99
166 91
144 82
123 70
101 58
82 46
64 39
48 31
37 25
27 17
23 13
23 13
25 17
31 19
42 23
56 29
72 37
91 46
111 56
1 66
144 76
173 85
195 97
212 109
226 117
240 121
250 126
255 130
257 134
255 134
250 130
242 126
228 121
212 115
195 107
181 103
162 99
126 78
99 52
83 37
74 31
58 33
41 29
29 19
25 11
25 11
25 15
29 23
37 27
48 27
62 31
80 39
99 52
121 64
140 72
164 80
183 89
203 101
220 111
234 119
246 125
253 130
257 132
257 136
253 132
246 128
234 123
220 117
203 109
177 99
166 89
144 78
113 68
99 56
82 48
64 39
46 31
37 25
27 19
25 15
21 15
17 15
29 15
42 21
58 31
11 41
89 46
111 56
7 66
154 78
173 89
193 99
205 107
228 115
240 123
0 128
255 125
257 136
259 140
253 144
236 128
216 103
207 91
195 93
177 97
154 91
130 72
111 54
93 48
68 48
56 46
42 35
33 21
25 13
23 13
21 19
27 19
35 17
48 19
64 27
82 41
101 54
123 64
144 70
166 80
185 93
203 105
220 115
236 121
246 123
251 126
257 130
257 134
253 134
244 128
234 123
220 117
203 111
185 103
164 91
142 80
123 68
101 58
82 50
64 39
48 31
37 25
29 19
23 17
23 15
25 17
31 17
42 23
54 31
72 37
89 44
113 56
134 68
156 80
177 93
203 109
212 117
220 113
230 109
246 113
255 123
257 132
253 130
248 126
242 123
230 121
214 119
193 111
173 99
152 83
132 72
111 64
89 54
70 42
56 31
42 25
31 19
25 17
21 15
25 15
29 17
37 21
48 27
64 35
82 42
101 50
121 60
142 70
166 83
185 93
203 103
220 111
234 119
246 126
253 130
255 132
255 132
251 130
244 126
234 123
220 117
203 109
183 99
164 89
142 78
121 68
101 58
82 48
62 39
48 31
37 25
29 21
23 17
21 15
27 15
33 19
42 25
56 33
80 48
93 56
101 46
123 44
152 56
179 83
199 107
212 113
226 113
242 115
253 128
257 140
255 142
253 134
250 126
240 123
226 121
208 115
191 103
173 89
154 80
130 72
109 64
89 54
72 42
56 33
41 25
31 23
25 19
21 15
21 13
27 13
39 21
50 29
64 35
82 41
103 48
123 60
144 74
134 83
185 93
203 101
218 111
236 121
246 126
3 125
257 132
257 132
251 130
236 128
234 123
220 117
203 109
183 99
164 89
142 80
113 68
99 58
82 48
62 41
48 33
41 31
33 31
19 17
1 3
17 0
33 3
44 21
56 31
72 37
91 41
115 52
128 70
156 83
175 93
187 99
212 107
228 115
240 125
0 130
255 130
255 130
253 130
248 128
240 126
226 121
210 113
193 103
173 93
152 85
130 74
109 64
89 50
72 41
54 33
41 27
31 19
25 15
23 13
25 15
27 17
37 21
50 27
64 35
82 44
101 52
123 62
144 72
167 82
187 95
205 103
220 113
234 121
244 125
253 128
257 132
257 134
253 134
244 128
234 125
218 119
203 109
183 101
164 91
148 89
125 82
93 58
68 29
56 15
50 19
39 27
27 25
21 13
23 5
29 11
35 25
42 33
56 37
74 37
93 42
113 56
132 70
154 82
175 87
195 93
212 101
228 115
242 126
251 130
253 130
255 128
255 132
250 134
238 128
226 121
210 111
193 101
171 95
150 83
130 74
109 62
89 50
70 42
54 35
41 29
33 21
25 17
21 15
23 15
29 17
37 21
50 27
66 33
83 42
103 52
125 62
146 72
167 83
187 95
205 105
220 111
236 119
246 126
253 130
257 134
259 136
259 142
244 134
224 119
208 101
199 93
183 91
162 89
138 76
119 60
101 50
83 48
62 42
46 37
37 27
29 17
23 15
21 15
25 17
31 19
42 21
56 27
74 37
91 48
113 58
134 68
156 76
177 89
197 101
214 111
228 117
242 123
250 126
255 130
257 132
255 132
250 130
238 125
224 117
210 111
193 105
171 95
150 83
128 72
109 60
89 52
70 42
54 35
41 27
31 21
25 17
23 15
23 13
29 15
39 21
50 27
66 35
83 42
103 52
125 64
146 76
167 87
187 97
207 109
228 125
236 128
234 117
244 107
255 113
259 130
253 136
242 130
232 117
218 107
201 107
183 107
162 99
138 82
119 64
97 52
78 46
60 41
44 29
37 19
27 15
23 13
21 17
25 17
35 19
44 21
58 29
74 39
93 48
113 58
134 68
156 78
177 89
197 99
214 109
230 115
242 123
250 126
255 130
257 134
253 132
248 128
240 125
226 121
210 115
189 105
171 93
152 83
130 74
107 64
87 52
70 42
54 33
41 27
31 21
25 17
23 15
23 15
29 17
39 21
52 29
72 42
89 54
97 54
113 50
140 56
167 72
189 93
207 105
220 111
236 115
250 123
255 132
257 140
255 138
251 132
244 125
232 123
216 117
199 109
179 97
160 83
140 74
119 66
97 58
78 48
62 37
46 29
37 23
27 19
23 17
23 15
25 13
31 15
44 23
60 31
76 41
93 46
115 56
136 66
158 80
177 91
197 99
216 107
230 117
242 123
251 128
255 132
257 132
255 132
248 128
236 123
226 119
210 113
191 103
169 93
150 82
128 72
107 62
87 52
68 41
56 33
41 27
31 23
25 23
27 27
17 15
17 0
31 0
52 15
70 37
83 48
103 50
125 54
150 68
171 87
189 107
207 111
222 111
238 115
248 126
253 134
255 136
255 132
251 126
242 123
230 123
216 119
201 109
179 97
160 85
138 76
119 68
97 58
78 46
58 35
44 27
35 23
27 19
21 15
21 11
27 15
35 19
44 25
58 31
76 39
95 46
115 56
136 68
158 80
179 89
197 99
214 109
230 117
244 125
251 128
255 132
255 132
255 132
248 130
238 126
224 119
208 113
191 103
171 95
152 87
136 83
107 70
76 44
58 25
50 17
42 19
31 21
23 17
21 11
25 9
33 17
41 29
52 35
66 39
85 42
105 52
125 64
146 76
167 83
189 91
207 101
222 111
236 119
248 126
255 130
257 132
255 132
251 132
244 128
232 125
216 115
199 105
179 97
160 89
138 78
117 64
97 54
78 44
60 37
44 31
35 23
27 19
21 15
23 13
27 17
35 21
44 25
58 29
76 39
97 50
117 60
136 70
158 80
179 89
199 99
214 111
230 119
242 125
251 128
257 132
257 134
253 134
250 132
244 136
222 128
197 101
181 78
169 76
152 80
128 78
103 60
83 41
72 33
56 35
41 35
29 29
23 17
23 11
23 11
27 17
39 23
52 27
68 31
83 39
105 50
126 64
148 76
169 85
189 93
208 103
224 115
236 123
246 126
253 130
257 130
255 132
251 132
244 128
232 123
216 115
199 107
179 99
160 89
138 78
117 66
95 54
78 44
60 37
46 31
35 23
27 17
23 15
23 15
27 17
35 19
44 23
60 31
78 41
95 48
115 58
138 70
162 82
181 93
199 103
222 117
236 128
236 125
240 115
250 115
257 123
255 130
246 130
236 123
226 115
210 109
191 107
169 99
148 85
126 72
107 60
85 50
66 42
50 33
39 23
29 17
23 13
23 15
23 17
31 17
41 21
52 27
68 35
85 44
107 54
128 64
148 74
169 85
189 95
208 105
224 115
238 121
248 125
253 128
257 130
255 134
251 132
242 126
230 119
216 115
201 109
179 99
158 87
132 76
117 66
95 56
76 46
60 37
44 29
35 23
27 19
21 15
15 15
27 17
35 21
46 27
60 33
15 42
101 58
119 72
1 66
140 60
175 68
193 91
218 115
224 125
242 121
1 121
259 128
259 138
255 142
240 134
236 121
222 113
207 111
189 105
167 93
130 78
125 62
107 56
85 52
68 44
52 33
33 23
31 17
23 19
21 17
23 17
31 17
31 19
50 25
68 37
87 46
107 54
126 64
148 72
171 83
191 97
208 107
224 113
238 119
248 126
255 132
255 134
255 132
251 130
244 126
230 121
214 115
199 107
179 99
158 87
136 78
115 66
97 56
78 46
58 39
44 29
37 25
31 23
31 27
21 21
15 9
25 1
44 9
62 25
78 41
95 48
117 56
140 64
162 78
181 93
201 105
218 113
232 117
242 123
251 130
255 134
255 134
253 130
248 126
236 123
222 119
207 111
189 101
167 91
148 82
125 72
105 60
85 50
68 41
50 31
39 25
29 21
23 15
21 13
25 13
31 17
41 23
52 29
68 35
87 42
107 54
128 64
148 76
169 85
191 95
208 103
224 113
238 121
248 126
255 132
257 132
255 132
251 130
242 128
232 123
214 115
197 107
177 97
158 87
138 80
117 72
99 68
74 52
48 25
35 5
31 5
31 17
23 23
21 15
25 9
37 13
50 27
62 41
78 48
95 50
117 54
138 66
160 82
179 93
199 101
216 105
230 113
242 119
1 128
250 134
257 134
250 130
246 126
236 125
222 121
207 113
187 101
167 89
146 80
126 72
103 60
83 48
66 39
50 31
41 25
29 21
23 17
21 15
25 15
31 19
39 21
52 27
70 37
87 46
107 54
128 64
152 74
171 85
191 95
208 105
226 113
238 121
248 126
253 130
257 132
257 136
251 134
248 136
234 132
208 115
187 93
171 80
158 76
136 74
113 64
91 50
76 39
62 35
46 35
33 31
25 23
23 15
23 13
27 15
33 21
44 25
60 29
78 37
97 46
117 58
140 70
162 80
181 89
201 101
216 111
232 119
244 126
251 128
255 130
255 130
253 130
248 130
236 126
222 119
207 109
187 101
167 91
146 82
125 70
103 60
83 48
66 41
50 33
39 25
29 21
23 15
21 13
25 15
31 19
41 23
52 29
70 35
89 44
107 54
128 64
152 76
173 87
193 99
210 107
226 115
244 130
251 140
246 128
246 111
251 109
253 123
244 130
226 125
212 109
199 99
181 95
158 93
134 85
113 68
93 52
74 41
56 35
42 29
33 23
27 15
21 11
21 11
27 17
5 23
48 25
0 31
80 31
99 48
111 62
15 64
158 80
175 89
201 101
218 111
224 119
244 123
1 126
255 130
250 134
250 132
246 128
234 125
220 117
205 109
189 101
167 93
130 82
115 70
103 60
83 50
66 41
50 31
31 23
29 17
25 15
23 15
25 15
31 19
35 23
54 31
9 39
91 50
115 66
1 72
140 68
162 68
191 80
205 101
226 117
236 121
248 121
7 126
261 134
257 140
250 138
242 130
228 119
210 113
195 107
160 97
156 85
134 72
93 60
93 50
68 44
58 39
42 29
33 21
19 17
23 17
23 17
27 17
35 19
46 23
62 31
80 41
95 50
113 60
17 70
126 80
175 89
201 103
218 113
224 119
244 123
1 128
255 125
255 134
253 132
246 126
236 123
220 117
203 111
185 101
166 91
144 80
125 68
95 58
83 50
66 41
50 33
31 25
29 19
25 17
25 21
31 29
27 23
29 7
46 3
64 21
91 44
111 60
128 66
142 68
173 78
189 99
212 117
226 123
238 123
248 121
3 128
250 136
255 138
250 130
240 121
228 115
214 113
195 107
175 97
156 83
134 72
113 64
91 54
74 46
58 37
44 27
31 21
25 19
21 15
23 15
27 15
35 19
46 25
62 31
80 41
99 50
121 60
142 72
164 82
183 91
201 101
218 109
234 119
246 125
251 130
255 132
257 132
253 132
246 130
234 126
222 119
205 111
185 101
166 91
144 80
126 72
109 70
85 60
56 39
39 15
33 7
31 11
25 17
21 15
23 11
33 13
44 21
56 33
72 44
89 50
109 54
130 62
152 76
173 91
191 99
210 105
226 109
240 119
248 126
255 132
257 134
255 132
250 130
240 126
228 123
212 115
195 105
175 95
154 83
132 74
113 64
91 54
72 44
56 33
44 27
33 21
25 19
23 17
23 15
29 17
37 21
48 27
62 31
80 39
101 50
121 62
142 72
164 82
185 91
203 103
218 113
232 119
246 126
253 130
257 132
255 134
253 132
246 130
236 126
226 128
207 121
177 95
154 70
140 60
125 64
103 64
82 52
64 33
50 21
41 23
31 29
23 27
21 17
25 11
33 15
42 25
54 35
70 39
89 41
111 48
130 62
152 78
173 89
193 97
212 105
226 113
240 123
250 130
255 132
255 132
255 130
250 128
240 126
228 123
212 115
193 105
160 95
156 85
132 76
95 64
91 54
74 42
56 35
42 27
33 21
17 17
23 15
23 13
27 15
37 21
48 25
64 33
80 41
101 50
121 62
17 72
164 82
183 91
205 103
218 115
238 126
1 136
250 132
246 123
250 117
251 119
248 125
234 123
218 115
205 103
187 95
167 91
144 85
121 74
101 58
82 46
64 39
48 33
37 27
27 17
23 11
23 11
25 15
31 19
41 21
56 27
74 37
91 46
111 56
132 66
154 76
173 87
193 97
212 107
228 117
240 123
248 125
255 130
257 132
255 132
250 130
240 125
228 119
212 113
193 103
175 95
154 85
132 76
111 64
91 52
72 42
56 35
42 29
31 23
25 17
23 15
23 15
29 17
37 21
48 27
64 35
82 42
101 52
126 68
150 87
160 85
173 76
195 78
220 97
238 121
246 132
250 128
255 123
259 128
255 138
246 138
234 130
220 115
203 103
183 97
162 91
140 82
121 66
99 52
80 42
64 37
50 35
37 27
27 17
23 11
23 13
27 17
31 21
42 23
56 25
72 35
91 44
111 54
134 68
156 78
175 87
193 97
212 107
228 117
240 123
250 126
253 130
257 132
255 134
250 132
240 126
226 119
212 111
195 103
175 95
154 85
132 74
111 62
91 52
72 44
56 35
42 29
33 23
25 19
23 19
29 25
31 27
27 17
37 11
58 15
83 33
103 52
121 62
140 66
166 76
189 91
205 107
220 119
236 123
246 125
253 126
255 132
255 134
251 132
244 126
234 119
218 113
203 109
183 101
164 89
142 78
121 66
101 58
82 50
62 41
48 31
37 23
27 19
23 17
21 15
25 13
33 17
44 23
56 31
72 39
91 46
113 56
134 68
154 78
175 87
195 97
214 109
228 117
240 123
250 128
255 132
257 132
253 132
250 130
240 126
228 121
210 113
193 105
173 95
152 83
130 74
111 64
91 56
78 54
56 46
31 19
21 0
23 0
25 9
25 21
27 21
35 15
50 19
66 31
83 48
101 60
123 64
144 68
166 78
185 93
203 107
218 111
234 115
246 121
253 126
257 134
257 136
251 130
246 125
234 123
218 117
203 111
183 99
164 87
142 76
121 66
99 56
80 48
64 39
48 29
35 23
27 19
23 17
23 15
25 15
31 17
42 23
56 29
72 37
91 44
113 56
134 68
156 78
175 89
197 99
214 109
228 117
240 123
250 126
257 132
257 134
253 134
250 130
240 128
232 126
216 125
187 107
162 83
146 66
130 60
111 60
87 54
70 41
54 27
44 23
33 25
27 25
23 21
23 17
29 13
37 19
48 27
64 35
82 41
101 46
123 56
144 70
166 85
185 93
205 101
222 111
234 119
246 126
251 130
257 130
255 130
251 130
244 126
234 125
220 117
203 109
181 99
162 87
140 80
121 68
99 58
78 46
62 37
48 31
37 25
27 19
23 15
23 15
27 17
33 19
42 23
58 29
74 39
93 46
113 56
134 66
156 78
177 89
197 101
214 111
230 119
242 125
255 136
259 144
251 134
244 115
242 105
242 113
230 123
210 119
191 101
173 85
154 78
134 80
109 74
87 58
70 41
54 29
41 25
31 25
23 19
21 11
25 9
29 13
37 21
48 29
66 35
83 41
103 50
123 62
146 74
166 83
187 93
205 101
220 111
236 121
246 126
253 130
255 130
255 132
253 130
244 128
232 123
218 115
201 107
181 97
162 89
140 80
119 68
99 56
80 48
62 39
48 31
37 23
27 19
23 15
21 13
27 15
33 19
42 25
58 31
76 39
95 48
117 62
142 80
156 85
167 83
187 82
208 91
230 107
244 123
250 130
253 128
257 126
257 132
251 136
238 132
224 123
208 109
193 101
171 95
150 85
125 72
109 58
89 46
70 39
52 33
41 27
33 21
25 17
21 15
23 15
29 19
39 23
50 29
64 33
83 42
103 50
125 62
146 72
167 83
187 95
207 105
222 113
236 121
248 126
3 130
250 132
251 132
251 130
173 125
232 123
218 115
193 107
181 93
160 78
140 78
111 68
99 58
80 48
62 39
48 31
37 25
27 21
23 17
23 15
27 17
39 31
44 35
48 21
64 13
91 27
119 52
11 76
156 82
175 82
189 91
216 109
230 125
242 132
1 130
255 128
250 130
253 134
248 134
238 126
224 117
208 107
189 99
171 95
152 83
128 70
109 58
87 50
70 42
54 37
41 29
31 19
17 17
21 15
23 15
29 15
37 17
50 25
66 35
83 44
103 52
125 64
148 74
167 85
187 95
207 103
222 113
236 121
246 125
253 130
257 132
255 132
251 130
244 126
232 123
218 117
201 109
181 99
162 89
140 78
119 68
97 56
83 52
68 50
41 33
23 11
19 0
23 3
25 11
25 17
31 17
44 17
60 25
78 41
95 54
113 62
134 68
158 76
177 89
197 101
214 111
228 115
242 121
250 125
255 130
255 132
253 132
250 130
238 125
226 121
208 113
191 105
169 95
150 83
128 72
107 62
87 50
68 41
52 31
41 25
31 21
23 17
23 15
25 15
31 17
39 21
50 27
66 35
83 42
105 50
125 60
148 74
167 85
187 95
207 105
224 113
238 121
248 128
253 132
255 132
257 132
251 130
244 128
232 125
218 117
203 115
185 111
152 87
126 58
113 42
99 46
80 50
60 41
44 27
35 13
31 13
25 21
23 27
25 23
33 17
44 17
58 29
74 42
93 50
113 56
134 60
158 74
179 89
199 103
214 111
230 115
242 121
251 128
255 134
255 134
255 132
248 128
238 125
222 119
210 113
191 105
169 93
150 82
128 70
107 62
87 52
68 42
52 33
41 25
31 21
25 17
21 15
25 13
31 17
39 23
50 29
66 35
85 42
105 52
126 64
146 74
167 83
189 93
208 105
224 115
238 125
250 132
261 142
255 140
246 126
244 115
242 113
234 117
216 115
197 107
179 93
162 83
140 78
117 72
97 62
78 48
60 37
44 29
35 25
25 19
21 15
21 3
27 11
35 17
37 27
60 33
13 39
95 46
109 58
11 70
158 82
171 89
199 99
216 107
228 119
242 125
1 128
255 130
250 132
253 132
248 130
238 126
224 121
207 111
189 101
171 91
150 83
128 74
105 60
87 50
70 42
52 35
31 27
31 21
25 15
23 15
23 15
29 17
39 21
52 29
68 37
85 44
105 54
126 66
150 80
175 99
187 103
197 93
214 89
236 103
251 125
255 138
255 134
255 126
253 125
246 130
232 134
216 125
199 107
179 91
158 83
136 80
115 70
95 54
76 41
60 31
44 27
33 25
27 21
23 15
23 13
27 15
33 21
37 27
60 33
76 39
95 46
117 56
136 70
158 78
179 89
199 99
216 109
232 117
244 125
251 128
255 132
257 132
253 132
248 128
238 125
224 119
208 111
189 101
169 91
150 82
126 72
105 62
87 50
68 41
52 35
39 27
29 21
23 17
23 15
25 19
35 27
42 33
46 27
56 21
80 25
107 41
128 62
148 78
167 82
189 89
210 101
226 117
240 128
248 132
253 130
257 130
255 132
251 134
242 130
230 121
216 111
199 103
179 95
158 87
138 76
117 64
95 54
76 46
58 37
46 31
35 25
27 19
21 15
23 15
27 17
33 17
44 21
60 29
78 41
95 50
115 58
138 68
162 80
181 91
199 103
214 111
232 117
244 123
251 128
255 132
255 132
253 132
248 128
236 125
222 119
208 111
189 103
169 93
148 83
126 72
105 60
87 52
70 44
56 41
42 37
23 17
13 0
15 0
27 7
33 23
39 29
50 25
68 25
89 41
109 60
128 74
148 78
169 82
191 91
208 105
224 117
236 125
248 125
253 125
255 128
255 132
251 134
244 128
230 121
214 111
199 107
179 99
158 89
136 76
115 62
95 54
76 46
58 39
44 29
35 21
27 17
21 15
21 15
27 17
35 19
46 23
60 31
78 39
97 48
119 58
138 70
160 80
181 89
199 101
201 109
232 119
244 125
1 130
255 132
257 134
250 132
185 130
238 126
224 121
208 115
187 111
166 93
136 74
117 54
103 44
87 44
68 42
48 31
37 19
33 15
27 19
23 23
23 23
31 21
41 19
52 27
68 37
85 44
107 54
128 62
148 70
171 83
191 97
208 107
224 113
238 119
248 125
255 132
257 136
255 134
250 130
242 126
230 121
214 117
197 107
177 97
158 85
136 76
115 66
93 56
76 46
58 37
44 29
33 23
27 19
23 15
23 15
27 15
35 19
46 25
60 31
78 41
97 48
119 58
138 70
160 80
181 89
201 101
218 113
232 119
244 126
251 128
259 136
263 148
250 140
234 115
228 99
222 103
208 113
187 109
166 91
146 74
126 64
107 64
85 60
66 48
52 31
39 19
29 15
21 15
23 17
25 17
31 13
39 17
52 25
68 37
87 46
107 52
128 62
150 74
171 87
191 97
208 105
226 113
238 119
248 126
253 130
257 132
255 132
251 128
242 126
230 123
214 115
197 105
177 95
158 83
136 76
115 68
93 54
76 42
58 33
44 29
33 25
25 19
23 15
23 15
27 17
35 21
46 25
62 33
80 41
99 50
119 60
142 74
167 91
185 101
191 99
207 95
228 101
244 115
253 128
255 132
255 130
255 126
250 126
238 128
224 125
207 115
187 101
167 89
144 80
125 72
103 60
83 48
64 37
50 29
39 25
29 21
23 15
23 13
25 15
31 19
41 25
54 29
70 35
87 44
107 54
128 64
150 74
171 85
191 95
210 105
226 115
240 123
250 128
253 132
257 132
255 134
251 132
242 128
228 121
212 111
197 105
177 97
156 85
134 74
115 64
95 56
76 46
58 37
44 29
35 23
27 19
23 17
21 15
29 17
37 21
52 35
64 42
70 35
87 27
115 39
144 64
164 85
181 95
201 97
220 103
234 115
246 130
253 138
255 136
255 130
253 126
246 130
236 128
220 121
205 107
187 95
166 87
146 82
125 72
103 60
83 48
66 39
50 33
39 27
29 23
23 17
21 13
23 15
31 17
41 23
52 29
70 33
89 42
109 56
130 66
150 76
171 85
193 95
210 107
226 117
238 121
250 126
255 130
257 132
255 132
250 130
242 128
228 123
214 115
195 107
177 97
156 87
134 76
115 64
93 54
76 46
62 42
48 41
29 27
15 7
13 0
21 3
29 13
35 21
44 23
62 27
82 35
101 52
121 68
142 78
162 82
183 89
201 101
218 113
232 121
244 125
251 125
257 128
255 130
251 132
246 130
236 125
222 117
205 111
187 101
166 91
146 82
123 70
101 58
83 46
66 41
50 33
37 27
29 19
25 15
23 17
25 17
31 19
41 23
54 29
70 37
89 44
109 54
130 64
154 76
173 87
191 97
210 107
226 115
240 123
248 128
255 132
257 134
255 134
250 132
242 126
230 121
214 115
195 107
179 103
160 99
130 78
101 48
83 29
74 31
60 37
44 35
31 21
25 9
25 9
27 19
29 27
35 27
46 25
62 27
80 39
99 52
119 62
140 68
162 76
183 87
201 101
220 113
234 121
244 123
253 126
255 130
257 134
253 134
246 128
234 121
220 115
205 109
187 103
166 93
144 80
125 68
103 58
82 50
64 41
50 33
37 23
29 17
23 17
23 17
25 17
31 19
41 21
54 29
72 37
89 46
109 56
130 64
152 74
173 85
193 97
210 107
228 115
242 123
250 130
257 136
263 144
257 142
242 126
230 111
224 105
214 105
195 103
173 95
154 80
134 68
115 64
93 58
72 50
56 39
42 27
33 21
25 17
21 17
21 13
29 15
37 19
46 25
62 33
80 42
101 50
121 60
142 70
164 82
183 93
203 101
218 111
234 117
246 125
253 130
255 132
255 132
253 130
246 128
234 125
220 119
205 109
185 101
164 91
142 80
115 68
103 60
83 50
64 41
48 31
39 25
29 21
23 17
21 15
25 13
31 17
42 23
56 31
72 39
91 46
111 56
132 68
154 80
175 91
199 111
212 117
216 107
230 99
248 107
257 126
259 140
253 136
248 125
242 119
232 121
214 123
195 115
175 97
154 82
132 72
111 64
91 56
72 44
56 33
42 21
33 19
25 19
21 17
23 13
29 15
37 19
48 27
64 37
82 42
101 50
121 60
142 72
164 82
183 91
203 101
220 111
234 119
246 126
251 130
257 132
257 132
253 132
246 130
234 125
220 119
205 111
185 99
166 89
142 80
121 68
101 56
83 48
64 41
48 33
37 25
29 19
25 17
23 17
25 17
33 19
46 29
62 41
66 39
80 33
105 37
132 54
156 74
173 87
191 95
212 103
230 113
242 125
250 134
255 136
257 134
255 132
250 130
240 128
226 123
212 113
193 103
173 91
154 83
132 76
111 64
91 52
74 42
56 35
42 29
33 23
25 19
23 15
23 13
29 15
35 19
48 25
1 33
80 31
101 50
121 60
144 64
166 83
185 93
203 103
220 111
234 121
244 126
0 128
250 130
257 132
250 132
244 125
234 125
220 117
203 111
185 101
164 89
144 80
123 70
101 60
82 48
64 41
46 33
33 31
33 35
17 17
1 0
19 0
35 7
44 27
56 37
70 35
91 37
113 52
126 72
154 87
175 93
187 97
212 103
228 115
240 126
248 130
3 130
250 128
255 128
248 130
240 126
228 121
212 113
193 103
173 95
154 85
132 76
111 64
89 52
72 42
54 35
41 29
31 21
25 17
21 13
23 15
29 17
37 21
48 27
64 33
83 41
101 52
123 62
142 72
164 82
185 91
205 103
220 113
236 121
246 126
253 130
257 132
257 134
253 134
246 130
234 123
218 117
205 111
187 105
171 101
140 85
111 62
91 42
78 33
64 33
48 31
35 25
27 13
23 11
23 13
29 21
33 27
42 27
56 29
72 35
91 48
111 60
130 68
154 74
175 83
195 95
212 109
226 115
242 121
251 126
255 130
255 134
255 134
250 130
240 126
226 121
210 113
193 103
173 93
154 83
130 74
109 64
91 52
72 44
56 35
42 27
31 21
25 17
21 15
23 13
29 17
37 21
50 27
64 33
82 41
103 50
125 62
144 72
164 82
185 93
205 103
220 111
234 119
246 126
3 125
257 136
257 138
259 144
244 136
222 113
210 93
201 91
187 97
164 95
140 80
119 60
101 50
83 48
64 48
46 39
35 23
27 13
23 13
21 17
23 17
31 17
44 19
58 27
74 37
91 48
113 58
134 68
156 76
175 87
195 99
212 109
228 117
240 121
250 126
255 130
257 132
253 134
248 130
240 125
226 121
210 113
193 105
173 95
152 83
130 72
109 62
89 52
72 44
56 35
41 29
31 21
25 17
23 15
23 15
29 17
37 21
50 27
66 35
82 42
103 52
123 62
146 74
167 85
193 103
208 115
214 113
224 107
240 109
253 119
257 130
255 134
251 130
246 123
236 121
220 123
203 117
181 103
162 89
142 76
121 68
97 60
78 48
62 37
48 25
37 21
27 17
23 17
23 15
25 13
31 15
44 23
58 33
74 41
91 48
113 56
134 66
156 80
175 89
195 99
212 105
228 113
242 123
251 128
255 132
257 134
255 132
250 130
238 126
226 119
210 115
193 105
171 93
150 83
130 74
109 62
89 52
70 41
56 35
42 27
31 21
25 17
23 15
25 15
29 19
39 23
46 27
7 41
87 54
95 50
111 42
15 50
162 76
189 99
205 109
220 107
236 111
0 123
253 136
255 140
250 138
253 130
236 125
232 123
216 119
201 109
183 97
162 85
140 76
119 68
99 58
80 48
62 37
46 29
37 25
27 21
23 17
21 15
27 17
33 19
42 25
56 29
74 37
93 46
115 58
134 68
156 80
177 89
197 99
214 109
228 117
242 125
250 128
255 130
255 132
255 132
250 132
234 126
218 121
210 113
193 103
156 93
144 83
130 74
109 64
89 54
70 42
54 35
44 33
39 33
23 25
11 7
13 0
27 1
41 17
50 29
64 33
83 37
107 48
126 64
146 80
167 91
187 97
205 101
222 111
236 121
246 128
253 130
255 128
255 128
251 128
244 128
234 125
218 117
201 107
183 97
162 89
140 80
119 68
99 56
80 46
60 39
46 31
35 23
29 19
23 15
21 13
25 15
33 19
44 25
58 31
74 39
93 46
115 56
134 68
156 78
177 87
197 101
214 109
230 117
242 123
251 128
255 132
257 134
253 134
248 130
240 126
226 121
210 113
191 105
171 95
154 89
134 87
105 68
76 37
62 19
54 19
44 29
31 29
23 17
21 7
25 7
33 21
41 33
50 37
66 35
83 37
103 50
125 66
144 76
166 83
187 87
207 99
222 111
236 123
246 128
253 128
257 130
257 132
251 132
244 128
232 123
218 115
199 105
179 97
162 87
140 80
119 68
95 54
78 44
62 37
46 31
35 23
29 17
23 15
23 15
27 17
33 19
44 25
58 31
76 37
93 48
115 58
136 68
158 80
177 89
197 99
216 109
230 117
242 125
251 130
257 134
259 138
261 144
250 140
230 123
214 105
205 95
193 93
171 91
148 82
126 68
109 56
91 50
72 46
54 41
41 29
29 19
25 13
23 15
23 19
27 19
37 19
50 21
68 31
85 44
103 54
125 62
148 72
169 83
187 95
207 107
222 115
236 121
248 125
253 128
255 132
257 134
251 132
244 128
232 121
216 115
201 109
181 99
160 87
138 76
119 66
97 56
78 46
62 37
46 31
35 23
27 19
23 15
23 13
27 15
35 21
44 27
58 33
76 39
95 48
117 60
136 70
158 80
179 91
199 103
220 121
232 128
234 117
240 107
253 111
259 128
255 138
246 132
238 121
228 111
212 111
193 111
169 101
148 85
126 68
107 58
87 52
68 44
52 33
41 23
31 15
25 17
21 17
23 17
29 15
39 17
52 25
68 39
85 46
105 54
126 62
146 72
167 83
189 97
207 105
222 111
236 117
246 123
255 130
257 134
255 132
251 130
244 126
232 123
216 117
199 109
181 99
160 87
138 76
117 66
97 56
78 46
60 37
46 29
37 25
27 21
23 17
23 15
27 17
35 21
46 29
62 37
80 48
91 52
105 48
128 52
156 66
181 85
199 101
214 107
230 113
246 119
253 130
257 138
255 138
253 132
250 126
238 125
222 121
207 113
189 101
169 89
150 80
126 70
107 60
87 50
68 41
52 33
39 27
31 21
25 17
23 15
23 15
29 17
39 21
52 29
68 35
83 41
105 50
126 62
150 76
169 85
189 95
208 103
224 113
236 123
246 126
253 130
257 132
255 132
251 130
244 128
232 123
216 117
199 107
179 97
160 87
138 78
117 68
95 56
78 46
60 39
46 31
35 25
31 25
29 31
17 19
13 0
27 0
46 11
64 35
76 46
93 48
115 50
140 62
164 83
179 103
199 109
216 109
230 113
242 123
250 130
255 134
255 132
253 126
246 125
236 125
224 123
208 115
189 103
169 89
148 80
126 74
105 64
85 50
68 39
52 31
39 25
29 21
23 17
21 15
25 13
29 17
39 23
52 29
68 37
85 44
105 52
126 64
148 74
169 83
189 93
208 105
224 115
238 123
248 126
253 130
257 134
255 134
251 132
242 128
230 121
216 117
199 109
181 99
160 91
144 87
117 76
85 50
66 29
56 19
48 21
35 23
25 19
21 11
23 7
29 13
37 25
46 33
58 35
78 39
97 48
115 58
136 72
158 82
179 87
197 95
216 107
232 117
244 126
251 128
255 128
257 130
255 134
248 132
236 128
222 119
207 111
187 101
167 91
148 82
128 72
105 60
85 50
66 41
52 31
39 25
29 21
25 17
21 15
25 15
29 17
39 23
52 27
68 35
80 44
107 54
126 64
148 76
171 85
191 97
208 105
224 113
238 121
250 128
255 132
257 134
255 136
253 134
250 140
222 132
203 105
187 83
177 78
162 83
130 83
115 68
95 48
78 39
62 37
46 39
35 33
27 21
23 11
23 11
27 17
33 23
44 25
58 25
78 33
97 48
117 62
138 74
160 80
181 89
201 101
216 111
232 119
242 125
1 126
257 130
255 134
253 134
248 130
238 125
222 119
207 111
189 103
169 93
148 82
126 70
103 60
85 50
68 42
52 35
31 27
29 21
25 17
23 17
25 17
31 17
39 21
52 27
68 35
80 44
107 54
128 66
142 76
171 87
193 99
214 113
228 125
232 123
238 113
248 113
257 121
255 130
250 130
234 126
232 119
216 113
199 109
179 105
158 91
136 78
115 64
95 54
76 46
58 39
42 27
33 17
27 13
21 15
21 15
27 17
35 19
46 23
62 31
78 41
93 50
111 60
138 70
160 80
173 91
201 101
218 111
224 117
242 123
1 126
250 130
257 134
250 134
183 128
238 125
224 121
207 113
187 103
167 91
148 80
125 72
103 60
83 50
66 41
35 31
33 25
29 21
25 17
23 15
25 15
29 17
41 25
54 31
7 39
91 52
111 66
123 64
13 56
166 64
189 85
212 109
224 121
236 119
248 119
257 126
259 138
255 142
250 136
242 125
228 117
214 115
197 111
177 101
156 83
136 70
115 62
93 54
74 44
58 37
44 27
35 21
25 17
21 17
23 15
27 15
35 19
44 23
62 33
80 41
97 48
117 58
138 68
162 82
181 93
199 103
216 109
232 117
246 125
251 130
255 132
257 132
253 130
246 128
236 125
222 119
207 109
187 99
167 91
146 82
125 72
105 62
83 50
66 42
52 35
39 27
31 25
31 27
21 21
13 9
21 1
39 7
54 21
70 37
85 44
107 50
130 60
154 76
173 93
191 103
208 109
224 113
240 121
248 128
253 134
255 132
255 130
250 126
242 125
228 121
214 113
197 105
179 95
156 85
134 76
115 66
95 56
76 44
56 35
44 29
35 23
27 17
21 15
15 13
27 15
35 21
46 25
62 31
80 39
99 50
111 60
140 70
162 82
173 91
201 101
218 111
234 119
244 126
1 128
250 132
257 132
253 132
246 130
236 125
222 119
207 111
187 103
167 93
146 83
126 74
109 70
82 54
56 29
41 9
37 7
33 19
25 23
19 17
23 7
33 9
44 23
56 39
70 44
87 44
109 50
130 62
150 78
169 89
191 97
203 101
226 109
238 119
248 128
5 132
257 132
255 130
250 128
234 128
230 125
212 115
195 103
158 95
156 85
134 76
113 64
93 54
74 42
56 35
44 29
35 23
27 19
23 15
23 13
27 15
35 19
46 25
62 33
78 41
93 48
121 60
140 70
162 82
173 91
203 103
220 113
234 119
244 125
1 128
250 132
257 136
255 136
251 138
240 126
214 117
195 97
181 83
167 82
146 80
123 70
101 54
83 42
68 39
52 37
37 31
29 23
25 17
23 13
25 17
31 19
33 23
54 27
5 31
80 41
109 54
1 66
144 78
173 85
193 95
205 107
226 115
240 123
248 126
5 130
250 132
255 134
250 130
242 126
228 121
212 113
195 105
175 95
156 85
134 74
113 64
91 52
74 44
56 35
44 27
33 23
25 17
23 15
25 15
29 17
35 21
48 25
62 33
80 42
99 50
121 60
142 72
164 82
183 93
203 103
220 113
240 128
248 136
242 125
246 111
253 113
255 126
248 134
234 126
220 115
207 103
189 101
167 99
146 89
123 72
101 56
82 44
64 39
48 35
37 25
29 17
23 9
21 11
25 15
31 21
41 25
54 27
70 35
89 44
111 58
130 68
152 76
173 83
193 95
210 107
226 117
240 123
248 126
253 128
257 130
255 132
251 132
242 128
228 121
212 113
195 105
177 97
154 85
134 74
113 64
91 54
72 44
56 35
42 29
33 21
27 17
23 15
23 15
27 17
37 21
48 27
66 37
83 50
107 66
117 66
130 60
154 64
183 80
205 97
218 111
232 117
244 119
255 125
259 134
257 138
253 136
246 128
236 123
220 117
203 111
185 103
164 89
142 76
123 66
101 58
82 48
64 41
50 29
39 23
29 19
23 19
21 17
25 15
31 17
42 23
54 29
70 37
91 46
111 56
130 66
152 76
173 85
193 95
212 109
228 117
240 123
250 126
255 130
257 134
255 132
250 130
240 126
228 121
212 113
195 105
175 95
154 83
132 74
111 64
91 54
74 44
56 37
42 29
33 21
25 19
25 21
29 29
25 21
25 5
41 1
64 19
83 42
101 56
119 62
142 64
166 78
187 95
205 113
220 119
234 119
246 121
253 128
255 136
255 136
251 130
246 123
234 119
220 117
203 109
183 99
166 89
144 78
123 70
101 60
82 50
66 41
48 31
37 25
29 17
23 17
21 15
25 15
31 17
42 23
56 29
72 37
91 44
111 54
130 64
154 78
173 89
193 99
212 107
226 113
240 123
250 128
255 132
257 132
255 132
250 130
240 126
228 123
212 115
195 105
173 95
154 87
134 80
119 74
91 62
64 39
46 19
39 11
33 13
27 17
21 15
21 9
29 9
37 17
52 31
64 41
80 46
99 50
123 58
144 72
164 83
183 91
203 99
220 107
234 117
244 125
251 130
257 132
257 132
253 132
244 128
234 125
220 119
203 109
183 99
164 89
142 80
121 68
101 58
82 48
64 39
48 31
37 25
29 19
23 17
23 15
25 15
31 19
42 23
56 29
72 37
91 46
111 56
132 66
154 78
175 87
195 97
210 105
228 115
242 125
250 128
255 130
257 132
257 134
250 134
240 130
232 132
212 123
185 97
164 72
150 64
134 70
113 68
89 56
70 37
56 27
44 27
35 31
25 27
21 17
23 11
29 13
37 21
46 29
62 33
80 37
101 44
123 60
142 74
164 85
185 93
203 101
220 111
234 121
246 126
253 130
255 132
257 130
253 132
246 130
234 125
220 117
203 109
183 99
164 89
142 78
121 68
99 58
80 48
62 37
48 29
37 25
29 21
23 17
21 15
25 15
33 19
42 23
56 29
72 37
93 46
113 56
132 68
154 78
177 87
197 99
214 109
232 123
246 134
244 130
244 119
251 115
255 121
251 128
238 126
224 115
212 107
197 103
177 99
152 91
130 78
111 62
91 50
72 44
54 37
41 27
31 19
25 13
23 13
21 13
29 17
37 21
50 25
64 33
82 41
101 50
125 62
144 74
166 83
185 93
205 103
220 113
234 119
246 125
253 130
257 130
255 130
251 130
248 128
234 126
218 119
201 107
183 99
164 91
142 80
119 70
99 56
82 46
62 39
48 31
35 23
27 17
25 15
23 17
25 17
33 19
44 25
58 31
74 41
91 48
117 64
138 82
148 78
164 70
189 76
214 97
232 119
240 128
248 125
255 123
259 130
257 138
248 138
240 130
228 119
212 111
191 105
171 97
152 85
130 72
109 58
87 48
72 42
56 35
41 27
31 17
25 15
23 15
23 17
29 19
37 21
48 25
66 33
82 42
101 52
123 62
144 70
166 80
187 91
207 105
222 115
236 121
246 125
253 128
257 132
257 134
251 132
244 126
234 123
218 115
203 107
183 101
162 89
142 78
121 70
99 58
80 48
64 41
48 31
37 25
27 21
25 19
31 27
27 25
21 13
33 7
54 13
76 31
93 48
111 56
132 62
158 72
179 87
197 103
212 115
228 121
242 121
250 125
255 130
255 134
255 134
248 126
238 121
226 117
210 113
191 103
173 93
152 82
130 72
109 62
89 52
70 42
54 33
41 27
31 21
25 17
21 15
25 13
29 17
37 21
50 27
66 33
83 42
103 52
125 62
144 72
167 82
187 93
205 103
220 111
236 119
248 126
253 130
255 130
255 132
253 132
244 128
232 125
218 117
203 109
183 99
162 89
140 78
121 68
101 62
85 60
60 44
37 19
27 0
27 1
27 13
23 21
23 17
31 11
44 15
60 29
76 48
93 56
113 60
134 62
156 74
177 91
195 103
212 109
228 111
242 117
250 126
255 134
255 134
255 132
250 126
171 125
226 121
210 115
193 105
171 93
150 80
128 72
107 62
89 50
70 42
54 33
41 27
31 21
25 19
21 17
23 13
29 17
37 21
50 27
66 35
83 42
103 52
123 62
146 72
166 83
187 93
207 103
222 113
236 121
248 126
253 132
255 132
257 132
253 132
246 132
238 132
222 126
193 107
171 87
156 72
140 68
119 64
97 56
76 42
62 31
50 27
39 29
29 27
23 21
21 15
25 13
33 19
42 27
56 31
72 35
93 41
115 52
136 68
156 80
177 89
197 97
214 107
230 117
242 125
251 128
257 130
255 132
253 132
248 130
240 126
224 119
208 111
191 101
171 93
150 83
128 74
107 60
87 50
70 42
52 35
39 25
31 19
27 19
23 17
23 17
29 17
39 21
50 29
66 37
83 44
105 52
125 64
146 74
167 83
187 95
207 107
224 115
238 123
251 134
255 144
248 130
244 115
248 109
246 119
234 126
216 121
199 103
181 89
164 85
142 83
119 78
97 60
78 44
62 33
46 29
33 27
25 19
21 11
23 9
27 13
33 19
44 27
58 31
76 37
95 44
115 56
134 68
158 80
177 89
197 97
214 107
230 117
242 125
250 128
255 128
257 130
253 132
248 130
238 125
226 119
210 113
191 103
171 93
150 82
128 74
107 62
87 52
68 41
54 33
41 25
31 19
23 15
21 13
25 15
29 19
39 23
52 29
68 37
85 46
109 58
130 74
144 80
156 76
179 78
205 87
224 107
238 121
246 125
253 125
259 126
259 134
253 138
244 134
230 123
218 113
201 109
181 101
158 89
138 76
119 64
97 52
78 44
60 39
46 31
37 23
27 19
21 15
23 15
27 17
33 19
44 23
58 29
76 39
95 48
115 58
136 68
158 78
177 89
197 99
214 109
232 119
244 125
250 130
255 132
257 132
255 134
248 130
238 126
224 119
208 113
191 105
169 95
148 83
128 72
109 62
87 50
68 42
52 33
41 27
33 21
25 17
21 15
25 19
37 31
37 27
41 13
58 9
85 27
109 52
126 72
144 76
167 78
191 87
210 107
224 123
236 126
246 125
253 125
257 128
255 134
251 134
244 126
230 119
216 109
201 105
179 99
158 89
138 76
119 64
97 56
78 48
60 39
46 29
35 23
27 17
23 15
21 15
27 15
35 19
44 23
58 31
76 39
95 48
117 58
138 68
158 80
179 91
199 101
216 111
230 117
242 123
251 128
257 132
257 134
253 132
248 128
238 125
224 119
208 113
189 103
171 93
150 83
128 74
109 64
93 60
70 50
44 31
29 9
27 3
27 7
23 15
23 17
27 13
41 15
54 25
70 39
87 50
105 58
126 62
146 70
169 83
189 97
207 107
222 113
236 117
246 123
253 130
257 134
255 132
251 128
244 125
232 123
216 119
199 109
179 97
158 85
138 76
117 66
95 54
78 44
60 37
44 31
33 23
27 19
23 17
23 15
25 17
33 19
44 25
60 31
76 39
95 48
117 58
138 70
160 80
179 89
199 99
216 109
232 119
242 125
251 128
257 130
257 134
253 132
248 128
240 126
224 123
214 123
191 113
160 85
138 60
125 52
109 56
87 54
68 42
52 27
41 17
33 19
27 25
23 25
23 19
29 13
39 17
52 27
68 39
83 44
105 50
126 56
150 72
169 87
189 99
208 105
224 111
238 119
248 128
253 134
257 134
255 132
251 128
242 126
230 123
216 117
199 107
179 97
158 85
138 76
115 68
95 56
76 44
58 35
46 29
35 23
25 19
23 15
25 15
27 17
33 21
44 25
60 33
78 41
95 50
117 60
138 68
160 80
181 91
199 101
216 111
232 121
248 130
255 138
251 134
246 123
248 117
248 119
238 123
222 119
205 109
189 95
171 89
152 85
126 78
105 64
85 50
68 39
50 31
39 27
29 21
23 15
21 9
25 11
29 17
39 23
52 29
68 35
87 42
107 52
126 64
148 74
169 83
191 95
208 105
224 115
238 123
248 126
253 130
255 130
255 132
251 132
242 128
228 121
216 113
199 107
179 99
158 89
136 78
115 64
95 54
76 44
58 37
44 29
35 23
27 19
23 15
21 13
27 15
35 21
46 25
60 33
78 39
97 50
111 60
144 78
156 93
175 91
187 83
203 87
232 107
246 126
1 134
250 130
250 125
255 126
251 134
234 126
222 125
205 109
189 97
162 93
130 78
125 74
103 56
85 44
66 37
50 33
31 27
31 21
25 15
23 13
23 15
31 19
41 25
52 29
68 35
87 42
107 54
128 66
150 76
169 85
191 95
208 103
224 113
238 123
248 126
255 130
257 132
255 132
250 130
171 128
230 121
216 115
199 105
179 97
158 87
136 76
115 64
95 54
76 46
60 39
44 29
35 23
27 19
23 17
25 19
33 27
35 27
37 19
50 15
74 23
99 41
119 58
138 70
160 76
181 85
203 101
218 115
232 125
242 126
251 126
257 130
257 134
253 134
246 128
236 123
222 113
205 107
187 101
167 91
146 80
126 70
105 60
83 50
66 42
52 35
39 27
29 19
23 17
21 17
25 17
31 19
41 21
52 27
70 35
87 44
107 54
128 64
150 76
171 87
191 97
210 107
226 115
238 121
248 125
255 130
257 134
255 134
251 130
242 126
230 121
216 117
197 107
177 97
158 87
136 78
115 68
95 56
76 48
64 48
44 39
23 13
15 0
21 0
27 13
29 23
33 23
44 19
64 25
82 41
99 58
119 70
140 74
162 78
181 87
201 103
216 115
232 119
242 121
251 123
255 128
257 134
253 134
248 130
236 123
222 117
207 111
187 105
167 93
144 78
125 68
105 60
83 50
64 39
52 31
41 25
29 21
23 17
21 15
25 15
31 19
41 23
52 29
70 37
87 44
107 54
128 64
152 76
171 85
191 97
210 105
226 113
240 123
250 128
255 132
255 132
255 132
250 130
244 128
232 126
220 123
201 117
171 97
146 74
128 58
115 54
95 52
74 44
56 33
44 21
37 19
29 21
23 21
23 19
27 17
37 17
46 25
60 33
78 41
97 48
119 54
138 66
162 80
183 93
201 103
218 111
232 117
246 125
251 132
255 134
257 134
253 130
246 128
236 125
222 119
205 109
187 101
166 91
146 80
125 70
103 60
83 50
66 39
50 31
39 23
29 21
25 19
23 17
25 15
31 17
41 23
54 29
70 37
89 46
109 54
130 66
152 76
171 87
193 97
210 107
226 117
240 123
250 130
259 140
259 146
248 130
238 111
238 105
232 113
214 117
195 109
177 93
158 80
128 74
115 72
93 64
74 48
56 33
42 23
31 19
27 21
21 17
21 13
27 11
35 17
46 27
62 37
78 42
99 48
113 58
17 70
130 82
173 93
203 103
218 111
224 117
244 125
1 128
255 125
255 132
253 132
246 128
236 125
222 117
205 111
187 101
166 91
146 80
115 70
103 58
83 50
66 41
50 33
37 25
29 19
23 15
23 13
25 15
31 19
42 25
54 31
72 39
89 46
111 58
134 72
158 87
169 93
181 89
203 89
224 99
240 117
248 128
253 130
257 126
257 128
251 132
242 134
228 126
212 115
197 103
177 95
154 87
132 78
113 64
91 50
74 41
56 35
42 29
33 23
25 17
23 13
23 13
27 17
37 21
48 27
62 33
80 41
97 48
121 60
142 70
164 80
181 91
201 99
220 109
234 119
244 126
251 130
257 130
257 132
253 132
246 130
234 125
220 117
205 109
185 101
164 91
144 80
123 68
103 58
83 48
64 39
50 31
39 25
29 19
23 17
23 15
25 17
33 23
46 35
52 37
60 25
82 23
109 41
134 66
152 83
171 87
193 89
212 99
228 117
242 132
250 136
253 132
257 128
255 130
250 134
240 130
226 121
212 109
195 99
175 95
154 87
134 76
115 64
93 52
72 44
56 37
42 29
33 23
25 17
21 13
21 13
29 17
37 21
46 25
62 31
80 39
101 50
121 62
142 70
164 82
183 91
203 103
220 111
234 119
244 125
251 128
255 132
257 134
253 134
246 130
236 125
220 117
205 109
187 101
166 91
144 82
123 70
103 60
83 52
62 50
52 41
29 23
17 5
19 0
23 5
25 13
31 19
41 19
56 23
74 33
91 48
111 62
130 70
154 76
173 85
193 97
210 109
226 117
238 121
248 125
253 128
257 132
253 132
250 130
242 126
228 121
212 115
195 105
175 97
154 85
132 74
111 62
91 52
72 44
56 35
42 27
33 21
25 17
23 15
23 15
27 17
37 21
48 25
64 33
80 39
99 50
121 60
142 70
164 82
185 91
203 103
220 113
234 119
246 125
253 130
250 134
255 134
251 130
246 130
236 126
220 121
203 111
191 111
167 103
134 76
111 48
97 37
83 41
68 44
48 37
35 19
29 11
27 15
25 23
25 25
31 21
42 19
56 25
72 37
89 48
109 54
130 62
154 72
173 85
193 97
205 109
228 117
240 121
250 126
255 132
257 134
255 134
248 128
240 125
228 119
212 113
193 105
173 93
154 83
132 74
111 64
91 54
72 42
56 35
42 27
33 21
27 17
23 17
23 15
27 17
37 19
48 27
64 35
80 42
101 50
123 60
144 72
164 83
185 93
203 103
220 111
236 121
246 128
257 136
261 142
251 138
242 123
238 111
234 111
220 113
203 111
181 97
164 83
146 76
125 72
101 66
82 54
64 39
48 29
37 25
27 21
21 17
21 13
25 13
31 13
41 21
56 29
72 37
91 46
111 54
7 66
154 78
173 87
195 97
212 107
228 115
240 123
248 126
3 130
250 132
255 134
250 130
240 126
218 119
212 111
195 105
175 97
152 85
132 72
113 62
89 52
72 44
54 35
42 29
33 21
25 17
21 15
23 15
29 15
37 21
50 27
64 35
82 42
103 52
123 64
144 74
169 89
191 107
197 105
208 95
228 95
248 113
5 134
255 138
255 130
253 125
248 126
236 130
218 126
203 113
177 97
164 87
140 80
111 72
95 60
82 44
62 33
48 27
37 25
29 21
23 17
23 11
27 13
33 17
31 25
56 33
72 37
91 46
111 56
132 68
154 78
175 80
195 97
212 105
228 115
242 123
1 128
255 125
257 132
251 125
250 130
177 126
218 121
210 113
195 105
158 95
154 85
130 74
111 62
89 52
72 44
54 35
42 29
33 21
25 17
23 15
23 17
31 21
44 31
50 35
54 29
72 27
97 35
125 54
144 72
164 83
183 89
207 99
224 111
236 125
246 132
253 134
257 132
257 130
251 132
244 130
232 125
218 113
203 103
183 97
164 91
140 80
119 66
101 54
82 48
64 41
48 33
37 25
29 19
23 15
21 15
25 17
33 17
42 21
56 29
72 37
91 46
113 58
134 68
154 76
175 87
195 97
214 109
228 117
240 123
250 126
255 130
257 132
255 134
250 130
240 126
226 121
210 113
193 103
173 93
154 85
132 76
111 64
89 54
72 44
56 39
46 41
31 31
15 7
11 0
21 0
31 13
39 27
48 29
64 27
83 35
105 50
125 70
146 82
166 87
185 89
205 99
220 113
234 125
246 126
251 126
257 126
255 130
251 132
244 130
234 123
220 115
203 107
183 99
162 89
142 78
121 68
99 56
80 46
62 39
48 31
35 21
27 17
25 15
23 15
25 17
33 19
44 23
58 29
74 39
93 48
113 56
134 68
156 78
177 87
195 99
214 109
230 117
242 123
250 126
255 130
257 134
255 134
248 132
238 126
226 119
212 117
199 113
175 105
144 83
119 60
103 44
89 41
72 41
54 35
39 23
31 15
27 13
25 17
25 23
29 23
37 19
50 25
64 33
82 44
101 52
123 60
144 68
166 78
185 91
205 105
222 113
236 119
246 125
253 128
255 134
257 134
251 132
244 126
232 121
218 115
201 109
181 101
162 87
140 76
121 66
99 58
78 46
62 37
48 29
37 23
27 19
21 15
21 13
27 15
35 19
42 25
56 29
74 37
93 46
113 58
134 68
156 78
177 87
197 99
214 107
230 117
242 125
251 130
255 134
261 144
259 146
242 128
226 107
220 97
212 103
195 107
169 97
150 80
130 64
113 60
91 60
70 52
52 39
41 23
33 17
25 19
21 19
21 17
29 13
39 15
50 25
66 35
83 44
105 52
125 60
146 72
167 83
187 97
207 105
220 111
236 117
248 126
253 132
255 132
255 132
251 130
244 128
232 125
218 119
201 109
181 97
162 85
140 78
119 68
97 56
80 46
62 37
46 31
35 23
27 19
23 15
23 15
25 15
33 19
44 23
58 31
76 39
95 48
115 60
136 70
160 83
185 99
195 105
205 101
220 99
240 107
251 123
255 132
255 132
253 126
251 125
242 126
228 126
208 119
191 103
171 91
152 82
128 74
107 64
87 50
70 39
54 29
41 25
31 21
25 17
23 13
23 13
31 17
39 23
50 29
66 35
83 42
105 52
126 64
146 76
167 85
187 93
207 103
222 113
236 121
248 126
253 132
257 134
255 134
251 130
244 128
232 125
216 117
201 107
181 97
162 87
140 78
119 68
97 56
78 44
62 37
46 31
35 25
27 19
23 17
23 15
27 17
33 19
46 29
66 44
74 46
82 37
105 35
136 52
162 80
177 97
195 101
214 101
232 111
246 126
251 136
255 138
255 132
255 128
248 126
238 128
224 123
208 111
191 99
169 89
150 82
128 74
107 62
87 50
70 41
52 33
41 29
31 23
25 17
23 13
23 15
29 17
37 21
50 25
68 33
85 42
103 54
125 64
146 74
169 83
187 95
207 105
224 115
236 121
248 126
253 130
255 130
257 132
253 134
244 130
232 123
216 117
201 109
181 101
156 89
138 78
119 68
97 56
80 48
62 41
52 39
39 33
0 17
3 1
17 0
27 5
35 19
35 25
58 27
76 33
95 44
117 60
138 76
158 85
179 91
197 97
214 109
230 119
242 126
250 128
255 126
255 128
255 130
248 130
238 125
224 117
208 111
191 103
171 95
150 83
128 70
107 60
87 50
68 42
52 33
41 25
31 21
25 17
21 15
25 15
31 19
39 23
50 27
66 35
85 42
105 52
125 62
146 74
169 83
189 95
207 105
222 113
238 121
248 126
253 132
255 132
255 132
251 132
244 128
232 123
218 117
201 109
181 101
166 99
140 89
109 62
85 35
74 25
64 31
48 35
35 27
25 15
23 7
25 13
29 23
35 31
44 29
58 27
76 35
95 46
115 62
134 70
156 74
177 82
201 97
216 113
230 121
242 123
251 126
257 130
257 134
253 134
248 130
238 125
224 117
208 111
189 103
169 95
150 82
126 70
107 60
87 50
68 42
52 33
39 25
31 19
25 15
21 15
25 15
31 17
39 23
52 29
66 35
85 44
107 54
126 64
148 74
169 83
189 95
207 105
224 115
238 123
248 128
255 134
261 140
261 144
246 134
232 119
224 105
216 103
201 103
177 97
158 83
138 70
119 62
97 58
78 52
60 42
46 31
35 21
27 17
23 17
21 15
25 13
33 15
44 21
60 31
76 41
95 48
115 58
138 68
160 80
179 91
199 101
216 109
230 115
244 123
251 128
257 134
255 134
253 132
248 128
238 125
224 121
207 113
189 101
169 89
148 80
128 72
107 64
85 50
68 41
52 31
41 25
31 21
25 17
23 15
23 13
29 17
39 21
52 29
68 35
87 44
107 54
126 66
150 76
169 87
193 103
214 119
218 117
226 105
240 103
253 115
251 134
255 140
248 130
242 121
234 117
218 121
199 117
177 103
158 83
138 72
117 66
95 58
76 46
60 35
46 25
35 21
27 19
21 17
23 15
27 15
33 17
44 25
60 33
78 41
95 48
117 56
136 68
160 80
179 93
199 101
216 109
230 115
244 123
251 130
255 132
255 132
255 132
248 130
238 126
224 121
207 111
189 101
169 91
148 82
126 72
105 62
85 50
68 41
52 33
41 27
31 21
25 17
21 15
25 15
31 19
41 25
60 37
70 44
78 41
95 39
123 46
152 66
171 85
189 97
207 101
224 109
240 121
250 132
255 138
255 136
255 132
251 128
242 126
230 125
214 117
197 105
179 95
158 83
136 76
115 66
95 54
76 42
60 35
44 29
35 25
27 19
23 15
23 13
27 15
35 19
46 25
60 31
78 39
97 46
117 58
138 70
160 80
181 89
199 99
216 109
230 119
244 125
251 128
255 132
255 130
253 130
248 130
236 126
222 119
207 111
189 103
169 95
148 83
125 72
105 60
85 50
68 42
52 35
39 29
35 31
25 25
11 5
13 0
29 0
42 19
56 35
68 39
85 39
109 44
130 62
152 83
171 95
191 99
208 101
224 109
238 123
248 130
253 132
255 130
255 126
251 128
242 128
230 125
214 115
197 103
179 95
158 89
136 80
115 66
95 52
76 42
60 37
44 29
33 21
27 17
23 15
23 15
25 17
35 21
46 25
60 31
78 39
97 48
119 60
140 70
160 80
181 89
201 101
218 111
232 119
244 125
251 128
257 132
257 134
253 132
248 128
236 125
222 119
207 111
189 105
173 101
150 91
119 72
93 50
78 35
68 31
52 29
37 25
27 17
23 11
25 13
27 17
31 23
41 27
52 29
70 35
87 44
107 54
128 66
150 74
169 82
189 91
208 105
226 117
238 123
248 126
253 128
257 132
255 134
250 132
240 126
230 121
214 115
197 107
177 97
158 87
136 76
113 64
93 52
76 44
60 37
44 29
33 21
25 17
23 15
23 15
27 17
35 21
46 25
60 33
78 41
97 48
119 60
140 70
162 82
181 93
201 101
218 111
232 119
244 125
253 130
257 132
257 134
259 140
251 142
228 123
210 99
201 89
189 91
169 95
146 85
123 66
105 52
87 46
68 44
50 41
39 29
29 17
23 11
21 13
23 19
29 19
41 19
52 23
70 31
87 44
109 56
125 66
152 74
171 83
191 97
203 107
226 117
238 121
248 125
253 128
250 132
257 134
250 132
242 126
228 121
214 115
197 109
177 97
156 85
134 74
113 62
95 54
76 46
58 37
42 29
35 21
19 17
23 17
23 15
27 17
35 19
46 25
60 31
15 41
93 48
113 60
15 72
126 83
177 97
208 115
208 117
222 111
236 107
0 113
250 126
255 125
251 130
175 125
238 121
224 119
207 117
187 107
167 93
128 78
125 66
103 60
83 52
64 39
48 27
37 19
29 17
23 17
23 17
25 15
31 17
33 21
54 29
70 37
89 44
109 54
128 64
150 74
171 85
193 97
210 107
224 113
238 119
248 125
255 132
257 134
255 132
251 130
242 126
228 123
214 115
197 107
177 95
156 85
134 76
113 64
93 54
76 44
58 37
42 27
33 21
19 17
21 15
15 15
29 17
37 15
48 27
62 35
78 54
93 58
107 48
7 46
162 64
185 89
203 109
216 113
232 111
246 117
5 132
257 142
255 142
251 132
246 123
236 121
220 121
205 115
185 99
166 85
144 76
123 68
101 60
82 48
68 39
52 31
39 25
29 21
25 17
23 15
25 13
29 13
41 21
54 29
70 37
87 44
109 54
130 64
152 76
171 87
193 97
203 107
226 115
240 123
248 126
5 130
250 134
250 132
250 130
234 126
230 123
212 115
195 105
175 95
156 85
134 76
113 66
91 54
74 44
58 39
44 33
39 33
29 29
15 13
11 0
21 0
37 9
48 23
60 33
78 37
99 44
123 58
142 74
164 87
183 97
201 101
218 109
224 119
244 126
1 130
255 130
255 128
251 128
236 126
234 125
222 119
207 111
185 99
166 89
144 80
123 70
103 60
82 48
64 39
50 31
37 25
27 17
23 15
23 15
25 15
31 19
33 23
54 29
70 37
89 44
109 54
132 66
152 76
173 87
193 95
203 105
228 115
240 123
250 128
253 130
250 132
255 134
251 130
240 126
228 121
212 113
197 107
177 99
154 89
138 85
115 76
83 48
62 23
52 13
46 21
35 27
25 21
19 9
25 7
31 15
39 29
48 35
62 37
80 37
99 46
119 60
142 74
164 83
181 89
201 95
220 107
234 121
246 128
251 130
257 130
257 130
253 132
246 132
234 126
220 117
205 107
185 99
166 91
142 80
123 68
101 56
82 48
64 41
48 33
37 25
29 19
23 17
21 13
25 15
31 17
35 23
56 29
72 35
89 44
111 56
1 66
152 76
173 85
195 97
212 107
226 115
240 123
0 128
255 125
259 134
259 138
255 142
236 130
208 111
205 95
193 91
177 91
154 85
130 72
113 58
95 50
68 48
56 42
42 33
33 23
27 17
21 15
21 17
19 19
35 19
46 21
62 29
80 39
101 50
121 62
144 72
164 80
183 91
203 103
