140000 10000000 29360 71
197 95
203 105
208 107
218 107
228 113
236 121
238 128
244 130
248 128
251 126
251 128
253 132
255 134
255 132
253 128
251 126
250 128
246 130
242 128
236 123
230 119
224 115
218 115
208 113
199 107
191 103
183 97
171 91
162 87
152 82
142 76
132 70
123 66
111 60
103 56
91 52
83 46
74 41
66 37
60 35
52 31
46 29
41 25
35 23
31 19
29 19
25 17
25 17
25 17
25 15
23 17
27 17
31 19
35 21
39 23
46 27
52 31
60 37
72 48
74 48
72 35
82 25
99 35
115 54
123 70
130 72
140 68
152 70
164 83
173 97
181 103
189 99
199 97
208 103
216 113
222 119
228 117
234 115
242 119
246 126
0 132
251 132
255 130
255 130
255 132
255 134
253 136
251 132
248 128
244 125
238 123
232 123
226 121
218 115
210 109
203 105
195 103
185 99
177 93
167 89
156 83
146 80
136 76
126 70
117 64
105 60
97 54
87 48
78 44
70 39
62 37
56 33
48 31
42 27
39 25
33 23
29 19
27 17
27 21
29 25
29 29
19 17
15 5
21 0
33 7
39 19
42 25
46 25
54 25
64 31
72 41
80 48
87 52
95 50
105 50
117 58
128 68
136 76
146 76
156 76
167 82
177 91
185 97
197 101
205 103
212 107
220 113
226 117
234 121
240 123
244 125
248 126
251 128
253 130
253 132
255 130
255 130
255 130
251 132
250 130
246 128
242 126
236 123
230 121
222 117
216 113
208 109
199 105
189 101
181 97
171 91
162 87
150 82
140 76
130 70
123 68
111 64
101 58
89 50
83 46
76 44
66 42
60 42
56 44
41 29
27 7
27 0
31 5
31 19
27 23
21 15
23 7
27 9
29 21
29 27
29 25
33 17
41 19
44 25
50 33
58 35
66 35
76 37
83 41
91 48
103 56
113 60
123 62
130 66
142 74
154 80
164 85
171 87
181 91
191 97
201 105
208 111
216 113
224 115
232 119
238 123
242 125
246 126
250 126
253 130
255 132
255 134
255 134
255 132
251 130
250 128
248 128
244 128
238 125
232 121
224 117
218 115
210 113
203 107
193 101
185 97
175 93
166 91
158 87
152 87
138 83
117 66
103 48
99 41
95 42
87 46
76 44
68 37
62 31
56 31
50 35
42 35
35 29
31 21
27 15
25 17
25 17
23 17
23 15
25 11
27 13
29 17
33 21
37 23
42 23
48 25
56 29
64 37
72 41
78 42
87 44
99 50
109 56
117 62
126 66
138 70
148 76
158 80
167 85
179 91
187 97
197 101
205 105
214 109
220 113
226 115
234 119
240 123
246 126
250 130
251 130
253 130
255 132
255 134
255 134
253 132
251 130
250 130
246 128
240 126
236 125
230 121
226 125
216 126
197 107
185 83
185 78
181 87
171 95
158 91
148 78
140 68
132 68
121 72
109 70
99 60
89 46
80 41
72 41
64 41
56 37
48 27
42 21
39 21
35 23
29 23
27 17
25 13
25 15
23 17
23 19
25 19
29 17
31 17
31 19
31 25
46 27
52 29
60 31
5 35
68 41
85 44
93 50
95 54
109 58
0 64
126 70
125 66
154 78
132 83
175 91
183 95
193 99
201 103
210 107
218 113
224 117
230 119
238 123
242 126
248 128
251 130
253 132
257 136
263 144
255 140
173 126
242 115
248 115
0 123
119 126
234 125
222 117
228 115
220 117
210 117
201 115
193 105
183 95
173 89
162 87
152 83
144 78
126 70
123 64
113 58
105 58
95 54
85 48
76 42
68 39
60 37
52 33
46 29
41 23
33 21
31 21
21 17
27 17
25 17
25 15
23 15
25 17
23 19
31 19
33 21
31 21
44 25
50 29
56 31
64 33
72 39
82 42
89 46
99 52
109 58
119 62
128 68
140 72
150 76
160 82
169 87
181 95
189 99
199 103
208 107
216 113
226 126
228 126
224 113
230 101
242 107
1 125
253 136
251 134
250 126
250 125
257 132
251 140
251 140
177 130
244 123
240 121
234 123
226 125
218 117
212 109
205 103
197 103
187 101
177 97
162 89
158 82
140 76
138 74
128 72
119 68
107 60
97 52
82 48
80 46
64 44
62 39
56 31
48 27
42 25
39 25
33 23
31 21
27 17
25 17
23 17
25 17
25 17
25 15
27 15
31 17
37 23
41 27
46 27
54 29
60 33
70 37
76 42
85 46
95 52
107 56
117 62
130 72
142 83
142 80
144 72
158 66
173 76
185 91
195 101
201 103
210 101
220 107
228 117
234 126
238 128
236 126
242 125
1 128
253 132
253 134
253 132
255 128
253 128
251 130
248 128
246 126
244 125
238 123
230 121
224 119
216 115
208 111
199 105
191 99
183 97
173 93
162 87
152 82
142 76
132 72
123 68
111 62
103 56
93 52
83 48
74 42
66 37
60 35
52 33
44 29
41 27
37 23
31 21
29 19
25 17
23 17
25 15
25 15
25 17
27 17
29 17
37 19
41 25
46 29
52 33
64 44
64 42
62 27
72 19
91 33
105 52
111 64
119 62
130 60
142 66
154 80
162 91
169 93
181 91
191 93
199 101
207 107
214 113
222 113
228 113
236 117
240 123
246 128
250 130
251 130
253 128
255 132
255 134
255 134
253 130
251 128
248 126
244 126
238 125
232 121
228 119
220 115
212 113
203 107
195 103
187 99
177 93
167 89
158 85
148 82
136 76
126 68
117 62
107 60
97 54
87 50
78 44
70 41
62 37
54 33
50 31
44 27
37 25
33 21
31 21
29 21
31 25
29 27
17 17
13 3
19 0
29 5
35 17
35 23
41 21
48 21
58 27
64 37
70 42
78 46
87 48
97 48
105 54
115 62
125 68
134 70
146 72
156 78
166 83
177 91
185 97
195 101
205 103
212 107
220 113
224 117
232 119
240 123
244 126
248 128
250 128
253 130
255 132
255 134
253 132
253 130
253 130
250 130
246 128
240 125
236 123
230 121
222 117
214 115
208 109
199 105
189 101
179 95
171 91
162 87
152 82
140 76
130 72
123 66
111 62
101 58
91 52
83 48
74 44
70 44
62 48
46 35
33 11
33 1
37 9
33 23
27 23
25 15
25 9
27 11
25 19
27 27
27 25
31 19
35 15
39 19
44 29
50 31
58 31
66 31
74 35
83 42
91 48
103 52
113 56
123 62
130 68
142 74
152 82
164 85
171 87
181 93
191 97
201 103
207 107
214 109
222 111
230 117
238 123
242 125
246 126
250 128
253 130
253 132
255 132
255 130
255 130
253 132
250 132
246 128
242 126
240 125
234 123
226 119
218 115
212 111
205 109
195 103
185 99
175 95
167 93
162 95
146 87
126 72
115 54
111 44
107 48
97 52
85 50
76 42
70 35
64 35
56 37
48 37
41 31
35 21
33 17
29 17
25 21
23 19
23 13
23 11
25 13
27 17
29 21
33 19
39 19
42 21
48 25
56 31
64 37
72 41
78 41
87 44
97 50
107 56
117 62
126 64
136 70
148 74
158 80
167 87
177 89
187 95
197 101
205 107
212 109
220 113
228 117
232 121
240 123
244 125
248 126
251 130
253 130
255 132
255 132
255 132
253 134
251 132
248 130
248 128
242 128
236 126
232 128
226 128
207 111
187 89
193 83
191 93
183 101
169 97
158 83
150 72
142 74
132 78
121 76
109 64
99 50
91 46
82 48
62 44
64 41
58 33
50 25
44 23
39 25
35 23
31 21
27 17
25 13
25 15
25 17
25 19
25 17
27 15
31 17
35 21
33 25
44 25
52 27
60 31
66 37
74 41
83 44
95 48
103 54
113 58
123 64
132 68
142 76
154 80
164 83
173 87
183 95
193 99
201 103
208 107
218 111
224 115
230 119
236 123
244 126
246 126
251 130
255 134
261 144
255 140
246 126
244 115
250 115
251 123
248 128
240 126
236 119
234 117
228 119
220 121
210 117
201 109
193 101
185 97
173 95
164 91
154 83
144 76
134 70
125 66
113 62
105 58
95 54
85 46
76 42
68 41
62 39
54 33
46 27
41 23
37 21
33 21
29 19
25 15
25 13
25 15
23 17
23 15
27 15
31 19
35 21
39 23
42 25
50 29
56 31
64 35
72 39
82 42
89 46
99 50
109 56
119 62
128 66
138 72
148 76
160 82
169 87
179 95
189 99
197 103
207 107
220 121
224 126
218 111
224 99
236 103
248 121
250 134
250 132
251 126
257 125
259 132
257 140
253 142
250 134
248 125
244 123
240 126
234 126
226 119
220 111
212 107
207 107
197 107
189 103
179 95
169 89
160 85
148 82
138 78
126 70
119 62
109 58
99 54
89 50
80 46
72 39
64 37
56 35
50 31
44 27
39 25
35 21
29 19
27 17
25 17
25 17
23 15
25 15
27 17
29 19
31 19
35 19
42 23
48 27
54 31
60 33
68 37
78 41
85 46
95 52
105 56
117 64
130 74
132 74
132 66
146 62
164 70
177 83
183 93
191 95
201 97
212 103
220 113
226 121
232 125
238 125
244 123
246 126
250 128
251 132
253 132
255 130
255 130
253 130
253 132
250 130
246 128
242 125
238 123
232 123
224 119
216 115
210 111
201 107
191 101
181 97
173 93
164 87
154 82
142 76
132 70
123 66
115 64
103 58
93 52
83 46
76 44
68 39
60 35
52 31
46 27
41 25
35 23
31 19
29 17
27 17
25 17
23 15
23 15
25 17
29 19
31 19
35 21
31 23
46 29
56 41
56 41
52 25
64 15
80 25
93 44
101 58
107 58
119 54
132 60
144 74
152 87
160 89
169 87
179 87
189 93
199 103
205 109
212 109
220 109
228 111
236 121
240 126
246 128
250 128
251 128
253 130
253 132
255 134
255 132
253 130
250 128
248 128
244 128
240 125
234 121
226 117
220 115
205 109
205 107
197 103
187 99
177 95
160 89
158 83
140 80
138 76
126 70
117 66
109 60
99 56
89 50
80 46
64 41
64 37
48 33
48 31
35 27
37 25
35 21
31 23
31 25
29 29
19 17
5 3
17 0
27 3
31 15
33 21
35 19
33 17
48 21
56 31
62 41
70 42
78 42
87 42
97 48
105 56
115 60
125 64
134 64
146 72
156 80
166 85
175 89
187 95
195 101
203 103
210 109
218 115
226 117
232 119
238 121
244 125
248 126
251 130
251 130
253 130
255 132
255 132
253 132
251 130
250 128
246 126
242 126
236 125
230 123
222 119
216 113
208 111
201 107
191 103
181 97
171 91
162 85
152 83
142 78
130 72
123 66
113 62
103 58
93 54
83 50
78 48
72 50
54 39
41 15
37 3
41 11
39 23
33 27
25 17
25 7
27 9
27 19
25 25
25 23
27 17
31 13
33 17
39 25
44 29
50 27
58 27
64 31
72 37
82 44
93 50
101 54
111 56
121 62
132 70
142 76
150 80
156 82
171 85
181 91
189 99
191 101
193 105
216 109
222 115
230 119
236 121
242 125
246 126
250 128
251 128
255 130
255 134
255 132
253 132
253 130
251 130
248 130
244 126
238 125
234 123
226 119
218 115
212 111
205 107
195 103
187 99
179 97
173 99
160 97
140 80
125 60
121 52
117 54
107 58
95 54
83 44
78 37
72 37
64 41
56 41
48 35
42 25
37 21
33 19
29 21
25 21
23 17
23 11
23 11
25 15
27 17
29 19
31 17
37 17
37 23
48 31
54 33
62 35
62 37
80 42
87 46
93 52
99 54
117 58
1 64
125 70
130 76
158 82
160 87
177 91
185 95
195 101
189 105
210 109
220 113
220 115
234 121
238 123
244 126
248 126
1 130
253 125
255 132
255 132
255 132
253 130
251 130
250 130
238 128
242 128
238 130
234 134
214 117
203 93
201 83
201 93
193 105
181 103
169 89
162 78
154 76
142 82
130 82
111 72
109 58
101 48
91 48
80 48
64 44
64 35
58 27
50 25
44 27
39 27
35 23
33 17
29 15
25 15
23 19
23 17
25 17
25 15
27 15
29 17
35 21
41 23
44 23
52 25
60 33
68 37
76 41
83 44
93 46
101 52
113 58
123 64
132 68
142 74
152 78
162 82
173 89
181 93
191 97
193 103
193 107
216 109
224 115
232 119
238 123
242 126
248 126
251 132
259 142
255 142
244 128
246 117
251 117
255 125
250 130
246 128
244 123
240 119
234 121
226 123
218 121
210 115
203 105
193 99
183 97
173 97
164 89
154 80
144 72
134 70
125 68
113 64
105 58
95 52
87 48
78 44
68 42
62 37
54 33
46 29
41 25
37 23
33 19
29 19
25 17
23 15
25 15
25 17
25 17
25 17
29 17
35 19
39 23
41 25
48 27
56 31
64 35
72 39
80 42
89 46
97 50
107 56
119 60
126 64
138 72
148 78
158 82
167 85
179 91
189 97
197 105
208 115
216 121
212 109
216 97
230 99
242 117
246 130
246 130
250 125
253 123
257 130
257 140
255 140
253 134
251 126
248 125
244 128
240 128
234 123
228 117
220 113
214 111
207 111
197 107
189 101
179 95
169 89
160 85
150 82
138 76
128 70
119 64
109 60
99 56
89 50
80 44
74 41
66 39
56 37
48 31
42 27
39 23
35 21
29 21
27 17
25 17
25 15
23 15
23 15
25 17
29 19
33 19
35 19
41 21
44 25
54 29
62 35
68 39
76 42
85 46
95 52
107 58
121 70
123 70
123 62
134 56
150 62
166 78
173 89
181 93
191 93
203 97
212 107
218 117
224 123
232 121
238 121
242 123
246 126
250 130
251 130
253 128
255 128
255 128
253 132
253 132
250 130
246 128
242 125
238 123
232 123
224 119
216 113
210 111
203 107
193 103
183 97
173 91
164 87
154 83
142 78
132 72
125 68
115 62
103 58
93 54
85 48
76 44
68 39
60 35
52 31
46 27
41 23
37 21
33 21
29 19
27 17
23 17
23 17
23 17
27 17
27 17
31 19
33 19
39 23
50 35
52 39
48 23
52 11
70 17
83 39
93 54
97 56
107 50
121 54
132 66
140 80
150 85
158 83
169 83
179 87
187 97
197 105
207 107
214 107
220 109
230 115
234 123
240 126
244 125
248 125
251 126
253 132
255 136
255 134
255 130
253 128
251 130
248 132
244 128
240 125
234 121
228 119
220 117
214 115
207 111
197 105
187 97
179 93
169 91
158 85
148 80
138 74
128 70
119 66
109 62
97 54
89 50
80 44
70 41
62 37
56 33
52 31
42 29
39 25
35 23
33 25
37 33
23 23
13 7
15 0
23 1
27 11
27 19
31 19
37 15
42 19
50 29
54 35
62 39
70 39
76 39
85 42
95 50
103 54
113 58
125 60
134 66
144 74
156 80
166 85
175 89
185 93
195 99
203 105
210 109
218 111
226 115
232 119
236 121
242 125
248 126
250 126
253 130
255 132
255 132
255 132
255 132
251 130
250 128
248 126
244 126
238 125
230 121
224 117
216 113
208 111
201 107
191 101
183 97
173 93
162 87
152 82
142 78
132 72
123 68
113 62
103 58
95 52
85 52
80 56
64 44
48 21
42 7
44 9
44 23
37 31
29 23
25 11
29 9
27 17
25 25
23 25
23 17
27 9
31 13
33 21
37 27
42 25
50 21
58 25
66 33
74 42
82 44
91 46
101 50
109 56
119 62
130 70
142 74
152 78
160 80
169 85
181 93
189 99
199 103
207 105
214 109
222 115
230 119
234 121
242 123
246 126
248 128
251 128
253 130
255 132
255 132
253 132
253 130
251 130
248 128
244 126
240 125
234 123
228 119
220 117
212 113
205 109
197 105
189 103
181 103
169 99
150 85
136 68
130 58
126 58
119 60
107 58
95 50
87 44
80 41
72 42
64 42
54 35
48 27
42 23
39 23
33 23
27 21
25 15
25 13
25 15
23 17
23 17
27 17
29 17
33 19
37 21
41 25
48 27
54 29
62 33
68 35
78 41
87 46
97 50
105 54
115 58
125 64
136 70
146 76
156 82
166 85
177 89
185 95
195 99
205 105
212 109
218 113
226 115
234 119
238 123
244 126
248 128
250 128
253 130
255 130
255 134
255 134
255 132
251 132
250 130
246 130
246 134
240 136
224 121
210 97
210 89
210 97
203 109
189 107
179 93
171 82
164 83
154 87
142 87
130 76
121 64
111 56
101 54
89 54
82 48
74 39
66 31
58 29
50 29
44 29
41 25
35 19
29 15
27 17
27 19
25 17
23 15
25 15
25 15
29 17
31 19
33 21
39 23
44 25
52 29
58 33
66 35
76 39
82 42
91 48
101 52
111 58
123 62
130 68
142 72
152 78
162 83
171 87
181 91
191 97
201 103
208 107
216 111
224 115
230 119
238 123
242 126
248 128
257 138
253 140
246 128
244 117
251 115
250 125
253 132
248 130
246 123
246 121
242 123
234 126
224 126
218 117
210 109
203 105
195 103
183 101
173 93
166 85
154 80
144 76
134 74
126 70
115 62
105 56
95 52
87 48
78 46
70 41
60 35
54 31
48 29
41 27
37 23
33 19
21 19
25 17
23 15
23 13
25 15
27 17
27 19
29 17
33 19
31 21
42 25
48 27
54 29
62 33
62 37
80 41
87 44
97 50
99 56
117 60
126 66
138 70
148 76
158 82
160 85
177 91
187 97
201 111
207 117
205 105
208 91
224 95
236 115
234 128
242 130
248 123
3 121
255 130
255 140
255 142
255 134
253 126
251 126
250 130
236 132
240 126
234 119
230 115
222 115
214 115
205 111
189 103
187 97
173 95
169 91
160 87
150 82
140 74
128 70
119 66
109 62
101 56
91 50
82 44
72 41
64 37
58 35
50 31
44 27
39 23
33 21
31 21
27 19
25 15
23 15
23 13
25 15
25 15
29 17
33 19
35 21
33 23
46 27
52 29
60 33
66 37
76 41
83 46
97 54
109 64
109 64
111 54
125 50
142 60
154 76
164 83
171 87
183 89
193 93
203 103
210 113
218 119
224 119
230 117
236 119
242 125
246 128
248 128
1 126
253 128
255 130
255 132
253 132
251 128
251 128
248 128
244 128
236 125
232 119
226 117
218 115
203 113
201 107
193 103
185 97
173 91
162 87
154 83
144 78
126 74
125 68
115 62
105 58
93 52
78 48
78 42
70 41
62 37
52 33
46 29
42 25
37 23
31 21
29 19
27 17
25 15
25 17
23 17
25 17
27 17
31 19
37 25
44 37
41 33
39 17
46 5
62 15
66 35
83 50
89 50
97 46
111 48
121 62
130 76
138 80
148 78
158 76
169 82
177 93
187 99
187 101
205 101
214 103
220 111
228 119
234 123
240 123
246 123
248 126
251 130
253 132
253 132
255 130
255 130
253 130
251 130
248 128
244 126
240 125
234 125
228 121
220 117
214 113
207 109
189 105
189 101
177 95
169 89
160 85
148 80
138 76
128 70
119 66
109 60
99 54
87 48
80 44
74 42
66 39
56 35
50 31
44 29
41 29
39 31
35 31
21 19
15 5
17 0
23 3
27 13
25 17
27 15
31 11
37 17
44 27
48 35
54 35
60 33
70 33
76 41
83 46
91 50
103 52
115 56
123 60
132 68
144 74
156 80
166 83
175 87
183 93
193 99
203 105
210 109
218 111
224 115
232 119
238 123
242 125
246 126
1 126
253 130
253 130
255 125
255 125
253 130
253 130
250 130
246 128
242 125
238 125
232 123
224 119
216 115
210 111
201 107
191 103
183 97
173 91
164 87
154 83
142 78
134 72
125 68
113 62
103 58
99 60
89 62
70 46
54 21
52 11
54 21
50 33
41 31
33 19
31 9
31 11
29 21
27 27
23 23
25 15
25 11
27 15
29 21
33 23
37 19
44 19
50 23
56 33
64 39
72 41
82 41
89 42
101 50
111 60
119 64
128 66
140 70
152 76
160 83
169 89
179 93
189 97
199 101
207 105
214 111
222 115
230 119
236 121
240 123
246 126
250 128
251 130
253 130
255 130
255 132
255 132
253 134
250 130
248 128
244 126
240 125
234 123
228 121
220 119
214 113
205 109
199 107
195 111
179 103
158 85
146 68
144 62
140 66
128 70
115 66
105 56
99 48
91 50
80 50
70 48
64 41
56 33
48 27
42 27
37 27
33 23
29 17
27 13
25 13
23 15
23 17
25 17
25 15
29 15
33 19
37 23
41 23
46 25
56 27
62 33
68 37
76 41
85 44
97 48
105 56
115 60
125 66
136 70
146 76
156 82
166 85
175 91
185 95
195 99
203 103
210 109
218 113
226 117
232 121
238 123
244 125
248 128
250 130
253 130
255 132
255 132
255 132
255 132
253 132
251 134
251 140
242 136
226 117
220 97
222 97
220 111
208 117
197 107
191 95
183 89
173 91
164 95
152 89
142 78
132 66
121 62
111 62
101 60
91 52
82 42
74 37
68 37
60 37
52 33
44 27
41 23
35 21
31 21
27 21
25 17
25 13
23 13
23 15
25 17
27 17
31 19
35 19
39 21
44 25
50 29
58 33
66 37
74 39
82 42
91 46
101 52
111 58
121 62
130 68
142 72
152 78
162 83
171 87
181 93
191 97
201 103
208 107
216 111
222 115
230 119
238 123
246 130
251 138
246 132
242 121
248 115
255 119
255 128
253 132
251 128
251 126
250 126
246 128
240 130
234 126
226 119
218 113
212 111
203 109
195 105
185 97
175 89
167 85
156 83
146 80
136 74
126 66
117 62
107 60
97 54
87 48
78 44
70 39
64 37
54 33
48 31
42 25
39 23
33 21
29 17
27 17
25 15
25 15
23 15
25 17
27 17
29 19
33 19
37 21
42 25
48 27
54 29
62 31
72 37
80 42
87 48
95 48
109 54
119 62
126 68
136 72
148 76
158 82
167 87
179 97
193 109
193 105
193 89
205 83
220 97
230 119
234 126
238 121
244 117
250 121
253 134
255 142
253 138
255 130
255 126
253 128
251 132
248 132
244 126
240 121
236 119
228 121
222 119
214 113
208 107
199 103
189 101
181 97
171 93
162 87
150 80
140 76
130 72
121 68
109 60
101 54
91 48
82 44
74 42
64 37
58 33
52 31
44 29
39 25
35 21
31 19
27 19
25 17
23 15
23 13
25 15
25 15
27 17
31 19
35 21
41 23
46 27
52 29
60 33
66 35
78 42
91 54
95 60
95 52
101 44
117 44
134 58
144 74
152 80
162 78
173 80
185 89
195 103
201 113
208 113
216 111
224 113
230 121
236 126
240 126
246 125
250 125
251 126
251 130
255 132
255 132
255 130
253 130
251 130
248 130
244 128
238 125
232 121
224 119
218 115
210 111
203 105
195 101
185 97
175 93
166 89
154 82
146 78
134 74
125 68
115 62
105 58
95 52
85 46
78 42
70 41
62 37
54 33
46 29
41 25
37 25
33 23
29 21
25 17
25 15
25 17
23 17
25 19
27 19
35 25
37 33
29 19
31 3
44 5
58 23
66 39
70 42
76 37
91 37
103 50
111 64
117 70
126 70
138 68
148 74
158 82
167 89
177 93
187 91
197 95
205 101
214 111
220 117
228 117
234 119
240 121
246 126
248 130
250 130
253 130
255 130
255 130
255 130
253 132
251 130
248 128
246 126
240 125
236 123
228 121
222 117
214 113
205 107
197 103
189 101
179 97
169 91
160 83
150 82
140 76
128 72
119 66
111 60
101 54
89 50
80 44
74 42
66 39
58 35
50 33
46 31
46 37
33 29
19 13
17 0
23 1
27 9
25 17
23 15
25 11
31 13
35 19
37 27
41 31
46 29
52 29
60 31
66 37
74 42
82 44
93 44
105 50
113 58
125 66
132 70
144 74
154 78
164 83
173 89
183 95
191 97
201 103
210 107
218 113
224 117
230 119
238 121
242 123
248 126
250 128
253 132
255 132
255 132
253 132
253 130
253 132
250 132
246 128
242 126
238 125
232 123
224 119
216 113
210 109
203 107
191 101
183 97
175 93
166 87
154 83
144 78
134 74
125 70
117 68
109 72
91 60
74 35
66 19
66 21
64 35
56 41
46 31
39 19
37 15
35 21
31 29
25 27
23 17
23 9
25 11
25 17
27 21
29 19
33 15
39 15
44 23
50 29
56 33
64 35
72 37
80 42
89 48
99 52
111 58
121 64
128 68
138 72
150 78
160 83
169 87
179 91
189 95
199 101
207 105
214 109
220 113
230 117
234 121
240 125
244 126
250 128
251 130
253 132
253 132
255 132
255 132
253 130
251 128
250 128
246 128
240 126
234 123
228 121
222 119
216 117
210 117
201 115
181 99
167 80
162 72
160 74
150 78
136 76
126 66
119 58
111 56
101 58
89 58
80 50
70 41
62 33
56 31
50 33
42 29
37 21
33 17
31 17
27 19
25 19
23 17
25 15
25 13
27 15
27 19
33 19
37 21
41 21
46 25
52 29
60 35
68 39
78 41
85 42
95 48
103 52
117 58
126 64
136 70
144 76
154 80
166 83
175 89
185 95
193 101
201 105
210 107
218 111
226 117
232 119
238 123
244 126
248 126
251 130
253 132
253 130
255 132
255 130
255 132
257 140
253 144
240 126
230 105
232 101
232 111
226 123
216 119
207 105
201 95
195 97
185 105
171 103
160 91
154 78
144 72
132 74
121 72
109 64
103 54
93 46
83 42
74 44
66 41
58 35
52 29
46 27
41 27
35 25
33 21
29 17
25 15
25 15
23 17
23 17
25 15
27 15
31 17
33 21
39 23
44 25
50 27
58 31
64 35
72 41
82 42
91 46
101 54
111 58
119 62
130 66
142 72
152 80
160 83
171 87
181 93
189 97
199 103
207 107
216 113
224 117
232 121
244 132
240 132
236 121
240 113
250 115
255 125
255 132
253 130
253 126
255 125
255 130
250 136
244 134
238 126
234 121
228 119
218 117
210 115
203 107
195 99
185 95
177 91
167 89
158 83
148 78
138 74
126 68
117 66
107 62
97 54
87 48
78 44
70 41
62 37
54 33
48 29
42 25
37 23
33 21
21 19
27 17
25 17
25 17
23 17
25 17
27 17
29 17
33 19
37 21
42 25
48 27
54 31
60 33
70 37
78 42
87 46
97 50
97 54
117 60
1 68
126 72
126 76
158 83
173 99
175 93
173 85
185 76
203 85
216 105
220 119
220 119
232 113
242 115
246 126
248 136
0 138
253 132
255 128
255 128
255 125
253 126
251 128
250 125
171 125
242 125
236 125
218 123
222 117
216 113
208 111
199 107
191 103
181 97
171 91
162 85
152 82
140 76
130 72
123 68
111 62
101 56
91 52
82 48
74 42
64 37
56 33
50 31
46 29
41 25
35 21
31 19
29 17
27 17
25 17
23 15
25 15
27 17
29 17
31 19
35 21
41 23
46 25
52 31
60 35
72 44
80 52
78 44
80 37
95 35
111 44
123 60
130 68
140 72
152 72
164 80
175 91
183 101
191 105
201 103
208 105
216 111
222 117
230 121
236 119
240 121
246 123
250 126
251 132
253 132
255 130
255 130
255 130
251 132
250 130
248 126
244 125
240 125
232 121
224 117
220 115
212 111
203 107
193 103
185 99
177 93
166 87
156 83
144 78
136 74
126 68
115 64
105 58
97 54
85 50
78 44
70 41
62 37
54 31
48 29
42 27
37 23
33 21
29 19
27 19
25 19
25 19
25 19
29 23
31 31
23 17
21 1
31 0
44 13
52 29
56 37
60 33
70 29
82 37
91 50
99 62
107 62
117 58
126 60
138 70
146 80
156 83
166 82
177 85
187 93
195 103
205 107
212 111
220 111
228 115
234 121
238 125
244 126
248 126
251 128
253 130
253 132
255 134
255 132
253 130
251 130
248 128
246 126
242 126
236 123
228 121
222 117
216 115
207 109
199 105
189 101
181 97
169 91
160 85
150 80
140 76
130 72
121 66
109 60
99 54
91 52
82 48
74 44
66 39
60 37
58 44
44 37
29 23
25 7
27 3
29 11
25 17
23 17
21 11
25 9
27 13
31 21
33 27
35 25
41 23
46 23
52 31
58 37
66 39
74 39
83 41
93 46
103 54
111 58
123 62
134 66
144 74
154 80
164 85
173 89
183 93
193 97
201 103
208 109
216 113
224 115
230 117
236 121
242 125
246 128
250 128
251 128
255 130
255 132
255 132
253 132
251 130
251 130
248 130
242 128
238 125
232 121
224 119
218 115
210 111
203 107
193 103
185 99
173 93
166 89
156 85
146 82
134 76
130 80
117 72
93 50
83 29
83 29
80 41
70 46
58 39
52 27
48 21
44 27
39 33
33 31
27 21
25 13
25 13
23 17
23 19
23 17
27 13
29 13
33 17
37 15
44 27
50 29
56 29
1 33
64 39
64 46
82 48
97 50
99 52
119 60
5 68
130 74
148 76
158 80
162 85
179 91
187 97
189 99
207 105
214 111
220 115
220 119
234 123
240 125
244 126
248 128
1 130
253 130
255 132
255 132
255 132
253 130
251 130
250 128
238 128
242 126
236 125
222 123
226 123
220 125
193 113
185 93
181 83
179 83
171 87
156 85
146 78
130 68
132 66
123 68
111 68
99 60
89 52
80 35
72 41
62 39
54 35
50 29
44 23
39 21
33 19
29 19
27 19
25 17
25 15
23 15
25 17
25 17
29 17
31 17
31 19
33 23
46 27
52 29
60 33
5 37
76 41
83 46
93 50
103 54
113 58
125 64
134 72
144 76
154 80
134 85
173 91
183 95
193 99
193 103
212 107
218 113
218 117
232 121
238 125
234 126
248 128
1 130
253 126
255 125
255 132
261 140
259 146
246 132
238 111
240 95
246 117
240 128
222 128
222 115
218 105
197 107
203 113
191 113
183 103
173 91
164 82
152 80
142 80
132 74
123 64
113 56
103 52
93 52
83 50
74 44
68 37
60 33
52 31
46 31
33 27
35 23
31 19
29 19
25 17
23 17
23 17
25 15
25 15
27 17
31 19
35 21
31 23
44 25
50 27
58 31
64 37
64 39
78 42
89 46
99 52
109 56
119 60
128 66
142 72
152 78
160 83
169 87
181 93
191 97
199 103
207 109
216 115
230 125
230 126
226 117
230 107
242 111
251 121
251 130
251 130
253 126
250 126
257 132
255 136
251 136
248 130
244 125
240 123
234 123
226 123
218 117
212 109
205 103
197 103
187 101
162 95
160 87
158 82
148 78
138 76
128 72
117 64
107 60
97 54
87 50
80 46
70 41
62 35
56 33
48 29
42 25
39 23
35 23
31 21
25 17
25 17
25 17
25 17
25 17
25 17
29 17
33 19
37 21
41 23
48 27
54 31
62 33
70 37
78 41
87 46
95 52
105 56
115 58
125 64
138 72
152 87
156 91
156 76
166 68
183 76
197 99
205 111
208 111
216 105
228 107
236 119
242 132
244 136
246 128
250 125
253 126
255 134
253 136
253 132
253 126
251 125
250 128
246 130
240 126
236 121
232 119
224 117
214 117
208 113
201 107
193 101
181 97
171 91
162 85
152 82
142 76
132 70
123 66
113 62
101 58
93 52
82 46
76 42
66 39
58 35
50 29
46 27
41 27
35 25
31 21
29 19
27 17
25 19
23 19
23 17
25 15
29 17
31 19
35 21
41 25
46 29
56 37
64 44
60 37
64 29
76 27
91 37
101 50
111 58
119 60
132 62
144 70
154 80
162 91
171 95
181 95
191 95
199 103
207 107
214 111
220 111
228 113
236 119
242 125
246 128
248 128
251 130
255 130
255 132
255 134
255 134
253 130
250 128
246 126
244 126
240 126
234 123
226 119
218 113
212 111
205 109
195 103
185 99
175 93
167 89
156 83
146 80
136 74
126 68
117 64
107 58
95 54
87 50
80 44
70 41
62 37
54 33
48 29
42 25
39 25
33 23
29 21
27 19
25 19
29 25
29 31
19 19
13 0
21 0
35 5
41 23
42 31
46 27
54 21
64 29
74 42
80 52
85 52
95 48
107 50
117 58
125 68
134 72
146 74
158 76
167 82
175 91
187 99
197 103
205 105
212 107
220 113
226 117
232 121
238 123
244 125
248 128
251 130
253 132
255 130
255 130
255 132
253 132
251 132
248 128
246 128
240 125
236 123
230 123
222 119
216 113
207 109
199 107
189 101
181 97
171 91
162 85
150 80
140 76
132 72
121 68
111 62
101 56
93 50
83 50
76 48
72 48
58 42
42 25
33 11
37 7
37 15
33 21
27 19
23 13
25 9
27 15
25 21
25 25
27 21
31 17
37 17
39 23
44 29
50 29
58 29
66 31
74 37
83 44
91 50
103 54
113 56
123 62
132 68
142 74
154 80
164 83
171 87
183 93
191 99
201 103
208 107
216 111
224 115
222 119
236 121
240 123
246 126
0 128
251 130
253 132
255 132
255 132
255 132
251 130
251 128
240 128
242 125
236 123
234 121
226 119
218 117
212 111
203 107
195 103
185 101
175 95
158 89
156 85
150 91
136 83
115 60
105 41
103 39
99 50
80 56
76 46
68 33
62 27
56 31
48 37
33 35
35 25
33 17
31 15
25 19
23 21
23 17
23 11
25 11
27 15
29 21
33 23
37 21
35 21
48 25
56 33
62 37
64 37
80 41
87 44
99 50
107 56
117 62
128 66
136 68
146 74
158 82
169 87
179 91
187 95
197 99
205 105
214 111
220 115
220 117
234 119
240 123
244 125
248 126
1 128
253 130
255 132
255 132
255 132
253 132
253 132
250 130
236 128
240 126
240 130
236 134
216 121
203 101
201 89
199 93
191 99
177 97
167 89
160 80
152 76
142 78
130 78
121 72
109 62
99 54
89 50
80 48
64 44
64 39
56 31
48 25
44 25
39 25
33 23
31 17
29 17
27 19
25 19
25 17
25 17
27 17
29 17
31 19
35 21
41 23
46 25
52 29
60 33
68 37
76 41
85 44
93 48
103 52
113 58
123 62
134 68
144 74
154 80
164 83
173 89
183 95
193 99
201 105
210 109
218 111
224 115
232 119
238 123
242 126
248 126
250 128
253 130
261 142
259 146
250 132
244 113
248 107
251 117
248 130
242 132
236 123
232 113
226 115
220 119
210 123
201 113
193 99
183 91
173 91
164 91
152 85
142 76
132 66
125 62
113 62
103 60
93 54
85 46
76 42
68 41
60 37
52 33
46 27
42 25
37 23
31 21
29 19
25 15
25 15
25 15
23 17
25 17
27 17
31 17
33 19
39 21
44 25
50 29
56 29
64 33
72 39
80 42
89 46
99 50
109 54
119 60
128 64
140 72
152 78
160 83
169 87
179 91
189 99
201 107
214 119
214 119
212 107
218 101
232 105
242 117
244 126
248 128
251 125
255 125
257 130
257 138
255 138
253 134
251 128
248 126
244 128
238 126
234 123
226 115
220 111
212 111
205 109
189 105
187 99
171 93
169 89
158 85
148 82
138 76
128 70
117 64
107 58
99 54
89 50
80 46
70 41
64 37
56 33
48 31
42 27
37 21
35 21
31 21
27 19
23 17
23 13
25 17
25 19
25 17
29 17
31 19
37 21
41 23
46 27
54 31
0 35
68 37
78 42
85 46
95 52
97 56
115 62
5 76
134 78
134 64
140 56
164 66
179 87
187 103
193 103
201 97
212 99
222 113
218 126
232 128
236 123
244 121
248 125
0 130
251 134
251 130
255 126
255 128
253 132
251 134
250 132
246 128
242 123
236 121
230 123
226 121
216 117
208 109
193 105
193 103
183 99
173 93
162 85
154 80
142 76
132 74
123 68
111 62
103 56
93 50
83 46
76 44
66 41
60 35
52 31
44 27
41 25
31 21
31 19
29 19
25 17
25 17
25 17
23 15
25 17
29 19
31 21
35 25
42 31
50 37
46 31
46 21
58 17
72 25
83 39
91 48
99 50
109 50
123 58
132 70
142 80
150 83
160 82
173 85
181 91
189 101
197 103
203 105
214 107
222 111
220 117
236 123
242 125
246 125
0 126
251 128
253 132
255 134
255 132
253 130
253 128
251 130
248 132
244 128
238 125
234 121
226 119
218 115
205 111
205 109
189 103
185 99
177 95
167 89
158 85
148 80
136 74
126 68
117 64
107 60
97 56
87 48
80 44
72 41
62 37
54 33
48 31
42 27
39 25
33 23
29 19
31 25
31 31
19 17
11 0
17 0
27 3
33 21
33 27
35 21
41 15
50 21
58 33
62 44
70 44
78 41
87 41
97 48
105 56
115 62
125 64
136 64
146 70
156 80
166 87
175 91
185 93
197 99
205 105
210 113
218 115
218 117
234 119
240 123
242 125
246 128
1 128
253 128
253 130
255 132
255 132
255 132
251 130
250 128
246 126
242 126
236 125
228 121
222 117
216 115
208 113
199 107
191 101
181 95
171 91
162 87
152 82
140 76
132 70
123 66
111 62
103 58
95 56
89 58
74 50
56 33
48 19
48 15
48 21
41 25
33 21
29 13
29 13
29 17
27 21
23 23
25 17
25 15
29 15
29 17
33 21
39 23
44 23
50 25
58 29
66 37
74 41
82 44
91 48
101 52
113 58
123 64
7 68
126 72
148 78
130 82
171 87
183 93
191 99
191 103
208 107
216 109
224 115
222 119
236 121
240 123
246 125
0 126
251 130
253 130
255 130
255 130
255 132
253 132
250 130
248 126
244 126
240 125
232 123
226 119
218 115
212 113
205 109
187 107
185 101
177 97
171 101
156 93
134 70
125 50
125 50
111 60
107 64
93 56
85 42
80 37
74 41
64 44
54 41
46 31
41 21
37 19
33 21
27 21
23 17
23 13
25 11
23 15
25 19
27 19
29 17
33 17
37 21
42 27
48 31
56 33
62 35
70 37
78 41
87 48
97 52
107 56
117 58
126 64
138 72
148 78
158 82
166 83
177 89
189 95
197 103
205 107
212 109
220 113
228 117
234 123
238 123
244 126
248 126
251 130
253 132
255 132
255 134
255 134
253 132
251 130
250 132
250 136
244 136
228 125
218 109
216 101
214 101
208 107
199 107
189 99
179 91
171 87
162 87
152 87
140 82
130 72
119 64
109 58
99 58
89 52
80 44
72 37
66 35
58 33
50 31
44 27
39 23
35 21
31 21
27 19
25 17
25 17
25 15
23 15
25 15
29 19
33 21
35 21
39 21
46 25
52 29
60 33
66 37
76 41
83 44
93 48
103 54
111 58
125 64
132 68
142 74
154 78
164 83
173 89
183 93
193 97
201 103
208 109
216 113
224 117
232 119
238 123
242 126
246 128
250 134
257 142
248 130
244 113
250 109
255 123
255 134
250 136
246 126
244 119
240 121
234 126
226 128
216 119
208 107
203 103
195 103
183 103
171 95
164 85
154 78
144 76
134 74
125 70
115 64
105 56
95 52
83 48
78 46
68 42
60 35
52 31
46 27
42 25
37 23
31 21
29 17
25 15
25 15
25 15
23 17
25 17
27 15
29 17
33 21
37 23
42 25
48 27
56 31
64 35
72 41
80 44
89 46
99 52
109 56
119 62
128 68
138 72
150 78
160 82
169 87
181 95
195 107
197 107
197 101
205 95
218 99
230 109
236 121
238 123
244 123
250 123
253 130
255 136
255 136
255 134
255 130
253 130
251 130
248 130
244 126
240 123
234 119
228 117
220 115
214 113
207 109
197 103
189 99
179 95
169 93
160 85
148 80
138 74
128 70
119 66
107 60
97 54
89 48
82 44
72 42
64 39
56 33
50 31
44 27
39 25
33 21
29 17
27 17
27 17
23 17
23 17
25 17
27 17
29 17
31 19
35 21
41 25
46 27
52 29
60 31
70 37
78 44
85 48
95 54
111 66
115 68
113 54
123 44
142 56
158 78
164 89
171 89
183 87
197 93
205 107
210 119
216 119
226 115
232 115
236 119
240 125
246 128
250 128
251 126
253 126
255 130
255 134
255 134
251 130
250 126
246 126
242 128
238 126
230 121
222 115
216 109
210 111
203 109
191 103
183 97
173 91
164 87
152 83
142 80
132 74
123 66
113 62
103 58
93 54
83 48
76 44
68 39
60 35
54 33
46 29
41 25
37 23
31 21
29 19
25 17
25 17
25 19
25 17
25 19
29 21
35 27
39 33
33 25
31 11
44 9
58 19
66 31
72 41
80 41
91 42
103 50
113 60
121 70
128 72
138 72
150 76
160 82
167 87
179 93
189 97
197 99
207 103
214 109
222 115
230 119
234 121
240 123
246 126
250 128
251 130
253 130
255 130
255 130
255 132
253 130
250 130
248 128
244 126
238 125
234 123
228 119
220 115
212 109
207 107
197 105
187 101
177 97
167 89
158 85
148 80
138 76
128 70
117 64
107 58
97 54
87 50
80 46
72 41
64 37
56 35
48 31
44 29
39 25
39 31
33 33
17 15
13 0
19 0
27 7
27 21
25 23
27 15
33 11
39 17
42 29
48 37
54 35
60 31
68 31
76 39
85 48
95 54
103 54
115 54
126 60
136 70
146 78
156 82
166 83
175 87
185 93
195 101
205 107
212 109
218 111
224 115
232 119
238 123
244 126
248 126
250 126
253 128
253 132
255 132
255 132
253 130
251 130
250 130
246 128
242 126
236 125
230 121
224 119
214 115
208 109
201 103
193 101
183 99
171 93
164 87
154 82
142 78
132 74
123 70
115 66
109 68
91 58
72 41
66 27
64 23
60 29
52 31
44 27
39 21
37 19
35 21
29 25
25 23
23 17
25 15
23 15
25 19
27 19
29 17
33 17
39 19
44 23
50 29
56 33
66 35
74 39
82 42
91 48
101 54
111 60
121 64
130 68
140 74
152 78
162 83
171 87
179 91
189 95
201 103
208 109
216 113
222 115
230 117
236 121
242 125
246 126
250 128
251 128
253 130
255 132
255 132
255 132
253 130
250 130
246 128
244 126
240 125
234 123
226 119
218 115
212 111
205 109
197 109
193 111
175 103
156 78
148 62
146 64
140 74
128 78
115 66
105 52
97 44
91 50
80 56
70 50
60 39
54 27
48 27
42 29
37 29
33 21
29 15
27 13
25 13
23 17
23 17
27 17
27 15
29 17
33 19
37 23
42 25
48 27
54 29
62 33
70 39
78 42
85 44
97 48
109 54
117 62
126 66
136 72
148 76
158 80
166 85
177 91
187 97
195 101
205 103
212 107
220 113
226 117
232 121
238 123
242 125
248 126
251 130
253 132
255 132
255 132
257 134
257 134
257 140
253 140
238 126
230 113
230 105
230 109
224 117
216 115
207 107
199 99
193 99
183 99
171 99
162 93
150 82
142 74
130 70
119 68
109 62
99 54
91 48
80 44
74 41
66 39
58 35
52 31
44 25
41 23
35 23
31 21
27 17
25 15
25 15
23 17
23 17
25 17
27 17
31 17
35 21
31 25
44 27
52 29
60 31
66 35
74 41
83 44
93 48
101 52
111 56
123 64
132 70
142 74
152 80
162 83
171 87
183 93
193 99
201 105
208 107
216 111
224 115
232 121
236 125
246 132
250 140
242 126
240 111
250 111
259 125
257 138
253 136
251 126
251 123
250 126
244 134
234 134
232 125
226 115
218 111
210 111
201 111
193 105
185 95
175 87
164 83
156 83
146 82
128 76
125 68
115 60
105 58
95 56
85 52
76 44
68 37
62 35
54 31
46 29
41 25
37 23
33 19
29 17
25 15
25 17
25 17
25 17
25 17
27 17
31 19
33 21
37 23
42 25
48 27
56 31
64 35
70 39
80 42
89 46
99 52
107 56
119 60
128 66
140 74
150 80
162 87
173 97
177 97
175 87
187 83
205 91
216 105
220 115
224 115
234 115
242 119
248 128
250 134
251 134
253 132
255 130
255 130
253 132
253 132
251 130
248 126
244 125
240 123
234 123
228 121
222 117
214 111
207 107
199 105
189 103
179 97
169 89
160 83
150 80
140 76
130 72
119 66
109 60
99 54
89 48
82 46
72 42
64 39
56 33
50 29
44 27
39 25
33 23
29 19
27 17
25 15
25 15
23 15
25 15
27 17
27 19
31 19
37 21
41 25
46 27
52 31
60 35
68 39
80 46
91 58
91 56
91 41
105 35
123 48
136 68
144 80
152 80
164 78
175 83
185 97
193 107
203 111
210 109
218 109
224 113
230 121
236 125
242 125
246 123
250 125
253 128
253 132
255 134
255 130
255 130
253 130
250 130
246 130
242 126
238 123
232 121
224 117
218 115
210 111
201 105
193 99
183 95
175 93
164 89
154 83
144 76
134 70
125 68
115 64
103 58
93 52
85 46
76 42
68 39
60 35
52 31
46 27
42 25
35 23
33 21
29 19
27 19
25 17
25 17
25 19
33 27
31 29
23 17
21 5
35 3
44 15
50 27
54 33
62 33
72 33
83 41
91 48
101 58
109 62
119 62
128 64
138 72
148 78
160 83
167 87
177 89
189 93
199 101
205 107
212 109
222 113
230 117
236 121
240 125
244 125
250 128
251 130
253 132
255 132
255 132
255 132
253 130
250 130
250 128
246 126
240 126
234 123
228 121
220 117
212 113
205 109
197 105
189 101
179 97
167 91
158 83
148 80
138 76
128 72
117 64
107 58
99 54
89 52
80 46
72 42
64 39
58 35
50 33
48 37
41 35
25 17
17 0
23 0
27 7
25 19
23 19
25 13
27 9
31 15
35 27
37 31
41 29
46 23
54 25
60 31
68 41
74 42
83 42
95 44
105 52
113 60
125 66
134 72
146 74
154 78
164 83
175 89
185 95
193 99
203 103
210 109
218 113
226 117
232 119
238 121
244 125
248 128
250 130
251 130
255 130
255 130
255 130
253 130
251 130
250 130
248 128
242 126
236 125
230 123
224 119
216 115
208 111
201 105
191 101
183 99
173 95
162 87
154 83
144 82
136 78
130 82
109 68
91 46
85 35
83 35
76 39
68 41
58 35
52 27
48 23
42 27
37 31
31 27
27 21
25 15
25 15
23 17
21 17
25 15
27 13
31 15
33 19
39 23
44 25
52 27
58 31
64 33
74 41
83 44
91 48
101 52
109 56
121 62
130 70
140 74
150 78
160 82
171 87
181 93
189 97
199 103
208 107
214 111
222 113
230 117
236 123
242 125
244 126
248 126
251 130
255 132
255 132
255 132
253 132
253 130
251 128
248 130
244 128
240 125
234 123
228 121
220 119
216 119
210 123
191 109
173 83
160 70
167 74
162 78
148 87
134 74
126 62
119 58
109 62
97 64
78 54
78 42
72 35
62 35
54 35
48 33
42 25
37 19
33 17
29 19
27 19
25 19
25 15
23 13
25 15
27 17
29 19
33 19
37 19
42 23
46 27
54 31
62 33
70 37
78 41
85 46
95 50
107 56
117 60
126 64
136 70
146 76
156 82
166 87
177 91
185 95
195 99
205 105
212 111
218 113
226 115
234 121
240 125
244 128
248 128
251 130
255 132
255 134
255 136
263 144
257 140
244 126
238 113
242 111
244 119
236 123
228 121
222 111
216 107
210 109
201 111
191 109
181 99
171 89
162 83
152 82
140 80
130 72
121 64
111 58
101 54
91 52
82 48
74 41
66 37
58 33
52 31
44 29
39 25
35 19
31 19
27 19
25 17
23 15
23 15
23 15
25 15
27 17
29 17
35 19
41 23
44 27
50 29
60 31
66 35
74 39
83 44
91 48
103 52
113 58
121 64
130 68
142 74
152 78
162 83
171 87
183 93
191 99
201 103
208 107
216 111
224 117
236 128
238 132
232 119
236 105
248 109
255 126
255 138
253 136
253 126
255 125
255 130
251 138
248 136
244 130
238 123
232 119
224 119
218 119
210 113
201 105
193 99
185 95
177 95
166 91
156 83
144 76
136 72
126 72
115 68
105 60
95 52
87 48
78 44
68 41
62 37
54 33
48 29
41 25
37 23
33 21
29 19
25 17
25 15
23 15
23 15
23 17
27 15
31 17
33 21
37 23
42 25
48 27
56 31
64 35
70 39
78 42
89 46
99 52
107 56
117 62
128 68
142 76
152 85
154 83
156 76
169 74
187 83
197 97
205 105
210 105
220 107
232 115
236 125
240 130
244 130
250 128
251 128
251 130
253 134
253 134
253 130
251 126
251 126
250 128
244 128
240 126
236 123
230 119
222 119
214 115
207 111
199 105
189 99
179 93
169 91
162 87
150 82
140 76
128 70
121 66
111 62
101 56
91 50
82 44
72 41
64 39
56 33
50 31
44 27
41 25
35 23
31 21
27 19
25 17
25 17
23 17
23 15
25 15
29 17
33 21
35 23
41 23
46 27
54 31
64 41
72 50
70 42
72 27
85 25
103 41
117 60
123 70
130 68
142 64
156 74
166 89
173 99
181 101
191 97
201 97
208 105
216 113
220 115
230 115
238 119
242 123
246 128
250 130
253 130
255 130
255 130
255 132
253 132
253 132
250 130
246 126
242 126
238 125
232 123
226 117
218 113
210 109
203 107
193 103
183 99
173 91
166 87
156 83
146 80
134 74
125 68
117 62
105 58
95 54
85 48
76 44
70 41
60 35
52 31
46 29
42 27
37 27
33 23
29 21
27 19
27 21
31 29
23 25
15 11
15 0
25 0
35 13
41 23
42 25
48 23
58 25
66 33
74 44
80 50
89 50
97 50
109 52
119 62
126 68
136 74
148 74
158 78
169 83
177 91
187 99
199 101
207 105
212 109
220 113
228 117
236 121
242 125
244 126
248 126
251 130
253 132
255 132
255 132
255 130
255 130
251 130
248 128
246 126
240 125
234 123
228 121
222 115
214 113
207 109
197 105
187 99
177 95
169 91
160 85
150 82
138 76
130 70
121 66
109 62
99 56
89 52
80 46
72 42
64 41
62 44
50 39
35 19
27 1
33 1
33 15
29 25
23 21
21 11
25 7
27 15
27 25
29 27
31 23
37 17
41 21
46 29
52 33
60 35
68 33
76 37
83 42
95 50
105 56
115 60
125 62
134 68
144 76
154 82
164 87
173 89
185 93
193 97
201 101
210 109
218 113
226 117
232 119
238 123
242 125
248 128
251 128
251 130
253 130
255 132
255 132
253 132
251 132
250 130
248 128
242 126
234 125
230 121
226 119
218 115
208 113
193 107
193 103
185 101
175 95
156 91
158 89
150 87
125 76
111 58
105 46
103 44
95 48
83 48
66 41
66 33
64 33
56 37
48 37
31 31
35 23
33 19
29 21
23 21
23 17
23 13
23 11
23 11
27 15
31 19
37 21
31 23
44 25
50 29
58 33
66 39
72 41
80 42
89 46
99 52
109 58
119 60
128 64
140 72
150 78
160 83
169 87
181 91
189 97
199 103
207 107
214 111
222 115
228 117
234 121
240 123
246 126
248 126
251 128
255 130
255 132
255 134
255 132
253 130
251 130
250 130
246 130
240 126
234 123
234 128
226 130
207 115
193 91
191 80
189 87
179 99
166 95
156 82
150 72
142 72
130 76
119 74
107 66
97 54
87 44
78 42
72 44
62 41
54 33
48 25
42 21
39 23
33 25
29 21
25 15
25 11
25 13
25 19
25 19
25 17
29 17
33 17
37 21
41 25
48 27
54 29
60 33
68 35
78 41
85 46
95 50
107 54
115 60
125 66
136 72
146 76
154 80
166 83
175 91
185 97
193 101
203 105
212 109
218 113
226 117
234 121
238 123
244 126
248 128
1 130
255 134
263 144
255 142
175 128
244 115
250 115
251 123
246 128
240 125
236 117
234 117
226 119
216 121
208 117
201 109
191 101
181 97
171 93
162 89
152 82
142 74
130 66
123 64
111 62
101 56
91 50
83 46
76 42
68 41
58 37
52 31
44 27
41 25
35 25
31 21
27 17
25 15
25 17
23 15
25 15
25 17
29 17
31 17
35 21
41 23
44 27
52 29
58 31
64 35
74 39
83 42
91 50
101 54
111 58
121 64
130 68
140 72
152 80
162 83
171 87
181 93
191 99
201 105
208 111
220 123
222 123
218 109
226 99
238 107
248 123
250 132
251 130
253 126
257 126
257 132
257 140
253 140
250 132
246 125
244 125
238 126
232 125
224 119
218 111
212 107
203 107
195 105
185 99
177 93
167 87
158 83
144 80
136 76
128 70
119 66
107 60
95 52
87 48
80 46
70 41
60 35
54 33
48 29
42 27
37 23
33 19
31 19
27 17
25 15
23 15
23 15
25 15
27 17
29 19
33 21
37 21
35 25
48 29
56 31
62 35
62 39
64 42
87 46
99 54
109 58
121 68
7 78
132 72
136 64
150 64
166 74
179 85
185 97
195 99
205 99
214 105
222 115
220 123
234 126
238 125
244 123
248 128
1 132
251 132
253 130
255 128
255 128
253 130
251 130
250 128
246 126
242 125
236 125
230 121
224 119
214 115
207 107
199 103
191 103
181 99
169 93
160 85
152 80
142 76
130 74
121 68
111 60
101 54
91 52
82 48
74 42
66 37
58 33
52 31
44 29
41 25
35 23
29 19
29 17
27 17
25 17
23 17
25 17
27 17
29 19
31 21
35 23
41 25
50 31
56 41
54 35
54 19
66 15
83 29
97 50
103 60
111 58
121 56
134 64
146 78
152 87
162 89
173 87
183 87
191 95
199 105
207 109
216 109
224 111
222 115
236 121
242 126
248 128
0 128
251 128
255 130
255 134
255 134
253 132
253 130
251 128
248 128
242 126
236 123
234 119
226 117
220 117
210 113
203 109
195 103
185 99
175 95
166 89
156 83
144 78
134 72
125 68
115 64
105 58
95 52
85 48
76 44
70 39
62 39
54 35
46 31
42 27
39 25
33 21
31 23
35 31
25 27
15 11
13 0
21 0
29 9
31 19
31 21
37 17
44 17
52 25
58 35
64 41
70 42
80 42
87 46
97 52
107 58
117 62
126 62
138 68
148 76
158 82
167 87
177 93
189 95
197 99
207 107
214 113
220 115
226 117
234 119
240 123
246 126
248 130
251 130
253 130
255 130
255 132
253 132
253 132
251 130
248 128
244 126
242 126
236 125
230 123
220 117
214 113
207 109
191 105
189 101
179 95
169 91
160 87
150 78
140 76
128 70
121 68
109 62
99 56
89 50
83 48
80 52
66 48
46 27
39 7
42 7
42 19
37 29
27 23
25 11
27 7
27 13
25 23
25 27
25 21
27 13
31 13
35 21
33 27
44 27
50 25
60 25
68 33
76 42
83 48
93 50
105 52
115 58
123 66
132 72
142 76
154 78
164 82
173 87
183 93
193 99
203 103
208 107
216 111
224 115
232 119
238 123
242 125
246 126
0 128
253 132
253 130
253 130
255 130
255 125
253 132
185 130
248 128
244 126
238 126
230 123
224 119
218 115
210 113
203 107
193 105
185 101
177 99
169 99
150 87
130 66
126 54
123 52
117 58
103 60
91 52
83 42
78 39
70 41
60 42
52 39
44 29
41 21
37 19
31 23
27 21
25 17
23 11
25 11
25 13
25 17
27 17
31 17
33 17
39 21
44 25
50 31
56 33
64 35
72 39
80 42
89 46
99 52
109 56
119 62
128 66
138 72
150 78
160 83
169 85
179 91
189 97
197 101
207 105
214 111
220 113
228 117
236 121
240 125
246 126
250 128
251 130
253 132
255 130
257 132
255 134
253 134
251 130
250 130
246 130
244 132
240 136
224 123
208 99
207 87
205 95
199 105
189 107
177 95
169 83
160 80
152 83
140 85
128 78
117 66
107 54
99 50
87 52
80 48
70 41
64 33
56 29
48 29
42 29
39 25
33 21
29 17
25 15
25 15
25 17
25 17
25 15
25 15
29 17
33 21
37 23
41 25
46 25
54 27
62 33
68 39
76 42
85 44
95 48
105 54
113 60
125 66
136 70
144 76
154 80
164 83
175 91
185 95
193 99
203 103
212 107
218 113
226 117
232 121
238 123
244 126
250 130
255 138
253 138
248 128
248 119
251 119
255 125
253 130
250 130
246 126
242 121
238 123
232 126
224 125
216 117
208 109
201 105
193 103
181 99
171 93
162 83
152 80
142 76
132 72
123 68
113 62
103 56
93 50
82 46
76 42
70 41
60 37
52 33
44 27
41 25
37 23
31 21
27 19
25 15
25 15
25 15
23 17
25 17
29 17
31 17
33 19
39 21
46 25
52 29
58 33
64 35
72 39
82 42
91 48
101 54
111 58
121 62
130 68
140 74
150 78
162 83
171 89
181 93
189 99
205 109
210 121
207 109
210 95
224 95
240 113
244 130
244 132
248 123
251 121
257 128
257 138
255 142
255 136
253 128
251 126
248 128
242 130
238 126
232 119
226 113
220 113
214 113
205 111
197 105
187 97
177 91
167 89
158 87
148 82
136 74
126 68
117 62
107 60
97 56
87 48
80 42
70 39
62 37
54 33
48 29
42 27
37 23
33 19
29 17
27 19
27 19
23 15
23 13
25 17
27 19
29 19
31 21
37 21
42 25
48 27
54 31
62 35
70 37
80 42
87 48
99 54
113 66
115 68
115 58
126 52
144 60
158 76
167 87
173 89
185 89
197 93
207 105
212 115
218 121
226 117
234 117
238 123
242 126
246 128
250 128
253 126
253 128
255 130
255 132
253 132
251 130
250 126
246 128
242 128
236 126
230 121
222 117
216 113
207 109
199 107
191 101
181 97
171 91
162 87
152 82
142 78
132 70
121 66
113 62
101 56
91 52
83 48
76 44
66 39
58 35
50 31
44 29
39 25
33 21
31 21
27 17
25 17
25 17
25 17
25 17
27 17
29 19
31 21
37 27
46 37
44 33
41 17
50 7
66 19
78 37
83 48
91 50
101 46
115 50
123 64
132 76
142 82
152 82
162 80
171 83
181 93
191 101
199 103
207 103
214 105
224 113
230 119
236 125
242 123
246 125
250 126
251 130
253 132
255 134
255 132
253 130
253 130
250 132
248 130
244 126
234 123
232 121
226 119
220 117
212 113
203 107
195 101
185 99
177 95
158 91
156 83
146 78
128 74
126 70
115 64
97 58
97 52
80 48
78 44
70 41
64 37
46 35
48 31
35 27
39 27
39 29
33 29
19 19
5 3
17 0
25 5
27 13
25 17
27 15
33 15
31 19
44 29
48 33
54 35
1 33
62 37
78 41
87 48
93 52
99 54
117 58
1 64
136 70
146 76
158 80
160 85
177 89
187 97
187 101
205 105
212 109
220 113
218 117
234 119
240 123
246 126
248 128
251 128
253 130
255 132
255 132
255 132
253 130
251 130
250 128
246 126
242 126
236 123
230 121
222 117
214 113
207 107
199 105
191 101
179 97
169 91
160 85
152 82
140 78
130 72
119 66
111 60
101 56
95 60
85 60
68 42
54 19
52 9
52 19
46 29
39 29
33 19
31 11
31 15
29 23
25 25
23 23
23 15
25 13
27 15
31 21
33 23
39 21
46 19
52 25
60 33
66 39
76 41
83 44
93 48
101 52
113 58
125 66
134 70
142 74
152 78
164 83
173 89
183 95
191 97
201 101
208 107
216 111
224 115
230 117
238 121
242 125
246 126
250 128
251 130
253 130
255 132
255 130
253 130
253 132
250 132
246 130
242 126
238 123
232 123
226 121
218 117
210 111
203 107
197 107
191 109
175 101
156 83
144 68
142 62
136 64
126 68
113 64
103 54
95 46
87 46
80 50
70 48
60 41
52 31
48 25
42 27
35 27
29 23
27 17
25 11
25 13
23 15
23 17
25 17
27 17
29 17
33 19
37 21
44 27
50 31
56 31
64 35
72 39
80 44
87 48
97 52
107 54
119 58
128 66
138 72
148 78
160 82
169 85
179 91
187 97
197 101
207 107
212 109
220 111
230 117
236 123
240 125
244 125
248 126
3 130
253 125
253 132
255 132
255 132
255 132
251 134
248 132
250 138
242 136
224 117
216 97
218 95
218 109
208 117
195 109
185 93
181 89
173 91
162 97
148 89
138 78
130 66
119 62
107 60
97 58
89 50
80 42
72 37
64 35
56 35
50 33
42 25
39 21
35 19
31 21
27 21
25 19
25 15
25 15
25 17
25 17
29 17
31 19
37 19
41 23
46 27
52 29
60 33
68 35
76 39
83 42
95 50
105 56
113 60
123 64
134 68
144 74
156 82
164 87
173 89
183 95
195 99
203 105
210 109
218 111
226 117
232 121
238 125
246 130
253 138
246 132
244 123
246 115
5 119
257 128
253 125
251 130
251 125
250 125
173 125
238 130
224 126
224 119
218 113
208 111
191 109
191 103
181 95
171 87
162 83
144 80
144 78
126 74
123 68
113 62
95 58
93 54
83 50
68 44
68 37
58 33
52 31
46 29
41 25
31 23
31 19
29 19
25 17
25 17
23 17
23 15
25 15
27 15
31 19
35 21
31 23
44 23
50 27
58 33
64 37
64 39
82 42
91 46
99 52
109 56
119 62
130 68
140 74
150 80
156 83
171 89
183 97
195 111
195 107
195 91
207 85
222 97
232 119
234 126
238 123
246 119
251 123
253 132
253 140
253 138
255 132
255 128
253 130
250 132
248 132
244 126
238 121
234 117
228 119
220 119
212 115
205 107
195 101
189 99
179 99
167 93
158 85
148 78
138 74
126 70
117 64
109 58
99 54
87 48
78 44
72 41
64 39
56 35
48 29
42 27
39 25
33 21
29 19
25 17
25 15
25 15
25 17
23 17
25 15
29 17
33 21
37 23
41 25
46 27
54 29
60 33
70 37
78 42
91 52
99 60
99 54
105 46
121 48
136 58
148 74
154 80
164 82
177 83
189 93
197 105
205 113
210 115
218 113
226 115
232 119
238 125
242 128
246 126
250 125
253 128
253 132
255 134
255 132
253 128
253 130
250 130
246 130
242 126
236 123
230 121
224 117
214 113
208 109
201 107
193 103
181 97
171 91
164 87
154 83
142 78
132 70
123 66
111 62
101 56
91 50
83 46
68 42
66 39
58 35
52 31
46 29
41 25
35 21
31 19
29 19
25 17
25 15
25 15
25 17
25 19
27 19
33 25
39 33
33 25
33 7
44 5
60 21
70 39
74 46
80 41
91 39
105 48
115 64
123 74
130 74
140 70
152 72
162 82
169 91
179 95
189 93
199 95
208 103
214 111
222 117
230 119
236 119
242 123
246 126
250 130
251 130
253 130
255 130
255 130
255 130
253 132
250 130
246 126
244 125
240 125
232 123
226 119
218 113
214 113
205 111
195 105
185 99
177 95
167 89
156 85
146 80
136 74
126 68
117 64
107 60
97 54
87 50
80 46
70 41
62 39
56 35
50 33
44 31
44 35
33 29
19 13
17 1
21 1
25 9
25 15
23 15
25 13
31 13
35 19
39 27
42 31
48 31
54 29
62 33
70 37
78 44
85 46
95 48
105 50
117 58
126 66
136 70
148 76
158 80
167 85
177 91
187 97
195 101
203 105
210 109
220 111
226 117
234 121
238 123
244 125
248 126
251 128
253 130
253 128
257 130
257 134
253 134
251 132
250 128
248 128
242 126
236 125
228 121
222 117
216 113
207 109
199 103
191 101
183 99
171 93
160 87
152 82
142 78
132 74
121 68
111 62
107 66
93 62
72 41
62 21
62 17
62 29
54 37
42 31
37 17
37 13
37 19
31 29
25 27
23 19
23 11
25 11
25 17
27 21
29 19
35 17
39 15
44 21
52 31
60 35
66 37
74 39
83 42
93 48
103 54
111 58
123 62
132 66
142 74
152 80
162 83
173 87
181 93
191 97
199 103
208 107
216 113
224 115
222 119
236 121
242 125
246 128
0 130
251 130
253 130
255 130
250 134
255 134
253 132
251 128
248 128
244 126
234 125
234 123
226 121
218 117
212 113
207 113
203 115
173 103
164 82
158 68
156 70
130 76
134 74
125 66
109 58
109 56
93 56
87 54
78 48
70 41
62 35
54 31
46 29
41 27
37 21
31 17
29 15
25 15
25 17
23 17
23 13
25 13
27 17
31 21
33 21
37 21
44 23
50 29
56 31
62 35
70 37
80 41
89 44
97 52
107 56
117 60
128 64
138 70
148 76
158 82
167 85
177 91
187 93
197 97
207 105
214 111
220 115
228 117
234 121
240 125
244 128
248 130
251 130
253 130
255 132
255 134
255 134
255 132
255 136
253 142
240 134
228 111
228 99
230 107
224 119
212 119
205 107
199 97
191 95
181 97
171 101
160 93
150 80
138 70
128 68
119 68
109 64
99 54
87 44
80 41
74 41
64 41
56 35
50 29
46 25
39 25
33 23
29 21
27 17
25 15
25 15
23 15
23 17
25 17
29 17
31 17
35 21
41 23
46 27
52 31
60 31
68 37
76 41
83 46
93 48
105 52
115 60
123 64
132 68
142 74
154 80
164 83
173 89
183 95
193 99
201 105
210 109
218 113
226 117
234 123
244 130
246 134
238 125
238 115
248 113
255 123
257 132
253 132
253 128
255 126
251 128
250 132
244 132
238 128
232 121
224 115
218 113
210 113
201 109
191 101
183 91
173 89
164 87
154 85
144 80
134 72
125 68
115 62
103 60
93 54
85 48
76 42
68 39
60 35
52 31
46 27
42 25
37 23
31 21
29 17
27 17
25 17
25 17
23 17
25 15
27 15
29 17
35 19
39 23
42 25
50 27
58 31
64 37
72 41
80 42
89 46
101 52
111 58
119 64
128 68
140 72
150 78
160 85
171 93
183 105
181 95
185 82
201 82
216 99
224 117
228 123
232 119
242 115
248 123
251 134
251 140
253 136
255 128
255 128
255 132
251 136
250 134
248 126
244 123
240 123
234 123
226 121
220 117
214 111
205 107
195 105
189 101
179 97
169 89
158 83
148 78
138 74
128 70
119 66
107 58
99 54
89 48
80 46
72 42
64 39
56 33
48 29
42 27
39 25
33 21
31 21
27 17
25 15
25 15
25 17
25 17
25 15
29 17
33 19
37 23
41 27
46 29
54 31
62 37
70 42
83 52
78 54
85 44
95 41
111 44
126 56
136 70
144 74
154 76
166 80
177 89
187 101
193 107
201 107
210 107
218 109
224 117
230 121
238 123
242 125
248 125
250 126
251 128
255 132
255 132
255 130
253 130
253 130
250 132
246 130
242 126
236 123
232 121
224 119
216 115
208 109
201 105
193 103
181 99
171 91
164 85
154 80
144 76
134 74
123 68
113 62
103 56
93 52
83 48
76 42
68 39
60 35
52 31
46 27
41 25
37 23
31 21
27 17
27 15
25 17
25 17
25 19
25 19
33 27
33 29
25 15
27 0
41 3
54 21
60 35
64 39
72 33
83 35
95 46
103 62
111 68
119 66
130 64
140 68
150 78
160 85
169 89
179 87
189 91
199 97
208 107
214 113
222 115
228 115
236 119
242 125
246 130
250 130
251 130
253 130
255 130
255 134
255 134
253 130
251 128
250 128
244 126
240 126
234 123
228 119
220 115
212 113
205 109
195 105
185 99
177 93
169 89
158 85
146 80
136 74
128 68
119 64
107 60
97 56
87 50
80 44
72 41
64 39
56 35
52 35
50 33
35 29
21 11
21 1
25 3
27 11
23 17
21 15
15 11
29 13
31 19
33 25
37 27
42 25
48 25
54 29
60 35
68 39
78 41
85 42
93 42
107 52
119 62
126 68
126 70
146 74
158 80
160 87
175 93
185 97
195 99
205 103
210 107
218 113
226 117
234 119
238 123
244 125
246 126
250 128
253 130
255 132
255 132
255 132
255 132
251 130
248 128
248 126
242 126
236 125
230 121
222 117
216 115
208 111
199 107
191 101
181 97
171 91
162 87
152 82
142 78
132 76
123 72
117 74
99 62
82 41
74 25
72 27
68 39
60 41
48 29
44 19
42 19
37 25
33 31
27 27
25 17
23 11
25 13
23 19
25 21
25 15
29 13
35 15
39 21
44 29
50 31
58 29
66 33
74 39
82 44
91 50
101 54
111 56
119 60
130 66
142 72
152 80
162 83
171 87
181 91
191 99
201 105
207 109
216 111
224 113
230 119
236 123
240 125
246 126
250 128
251 130
253 130
255 132
255 132
255 132
251 130
251 130
250 130
244 128
238 125
234 123
228 121
220 119
216 121
207 119
189 103
175 85
169 76
166 78
158 80
146 78
126 70
126 62
117 58
109 62
97 60
87 54
78 44
70 37
62 37
46 35
48 31
41 23
37 17
33 17
29 17
25 17
25 17
25 15
25 15
25 15
25 17
29 17
33 21
37 23
42 23
48 27
56 31
62 35
62 37
62 41
87 44
97 50
99 56
117 60
126 66
136 70
148 76
158 82
160 85
177 91
187 97
189 101
205 105
212 109
220 113
218 117
234 119
240 123
244 126
248 128
251 128
253 130
255 132
257 134
255 136
259 140
257 144
244 130
234 111
234 103
236 111
232 123
222 123
214 111
207 101
201 101
191 105
179 105
169 97
162 83
152 76
140 76
128 74
119 68
111 60
101 52
91 46
80 44
74 42
66 39
58 33
50 27
44 27
41 27
35 25
29 19
27 13
27 15
25 17
23 17
23 15
25 15
27 15
31 17
35 23
41 25
46 27
52 29
60 33
66 37
76 41
83 46
91 48
103 52
113 56
123 64
9 70
142 74
152 78
164 83
173 89
181 95
191 99
201 103
210 109
216 113
224 119
238 130
240 132
232 123
234 111
246 113
255 123
255 132
253 132
253 126
257 125
255 130
251 136
246 134
244 130
238 123
232 121
224 119
216 117
210 111
203 105
193 99
175 95
175 91
166 89
156 83
144 78
126 72
125 68
115 64
105 60
95 52
78 46
78 42
70 41
60 39
52 33
48 27
41 25
37 23
31 21
29 19
27 17
25 15
23 15
23 15
25 17
27 15
29 17
33 19
31 23
44 25
50 29
56 31
64 35
72 39
80 44
89 48
99 52
109 54
119 62
130 68
138 74
150 80
164 91
171 99
169 87
177 74
195 80
208 99
214 115
220 117
226 113
236 113
244 123
246 134
248 138
251 132
253 126
253 126
255 132
255 136
253 132
251 126
248 123
244 123
240 126
234 125
220 121
222 115
207 113
207 111
197 107
187 101
179 95
169 89
160 83
148 82
138 76
130 70
119 64
107 58
99 54
91 52
80 46
72 42
64 37
58 33
50 31
44 29
39 25
33 21
31 19
27 17
25 15
25 15
25 15
25 17
25 17
27 17
33 19
37 23
41 25
46 27
54 31
64 37
76 48
74 48
74 39
83 31
103 39
117 52
125 64
132 70
144 70
156 74
167 83
175 95
183 101
193 99
201 101
210 107
218 115
224 119
230 119
238 117
242 121
246 125
250 130
253 130
253 130
255 130
255 130
253 132
251 132
251 130
248 128
242 126
236 125
232 121
224 119
216 115
208 109
201 105
191 101
181 95
173 91
164 85
154 80
144 78
134 74
123 68
113 62
103 58
95 54
83 48
68 42
68 39
60 35
52 33
46 29
41 25
31 23
33 21
29 19
27 19
25 19
25 19
25 21
31 29
27 25
21 1
25 0
37 5
46 21
52 35
48 35
64 29
74 31
83 33
91 54
101 62
109 60
119 58
5 64
130 74
150 82
158 83
169 83
179 85
189 95
197 101
207 107
214 111
222 113
228 115
234 119
242 125
244 126
250 128
251 128
253 130
255 134
255 132
255 132
251 130
251 130
248 128
244 128
238 125
234 121
228 119
220 117
212 111
205 109
197 105
187 101
177 95
167 89
158 85
148 80
138 76
126 70
119 64
109 60
97 54
87 50
80 46
72 44
64 41
60 41
52 39
39 29
27 13
25 5
29 5
29 13
25 17
21 15
23 11
25 11
29 17
31 25
31 27
35 23
42 21
48 25
54 31
60 35
68 35
76 37
85 39
95 48
105 56
115 62
125 66
136 70
146 76
156 82
166 87
175 91
183 93
193 97
203 103
212 109
218 113
226 115
232 117
238 121
242 123
248 128
251 130
253 130
255 132
255 132
255 132
255 132
251 132
250 128
246 125
242 125
238 126
230 123
222 117
216 113
208 109
201 107
193 103
181 97
173 93
164 87
154 83
142 80
134 78
128 82
109 66
89 41
83 27
83 31
78 42
68 46
56 37
50 23
48 21
44 29
37 31
31 27
27 19
25 13
23 13
23 17
23 19
25 15
27 13
29 13
35 17
41 25
46 29
50 27
58 29
66 35
76 42
82 46
91 48
101 50
111 54
121 62
130 66
140 72
152 78
162 82
171 87
181 91
191 97
199 101
207 105
214 109
224 115
230 119
236 123
240 125
246 126
250 128
251 130
253 132
255 130
255 130
255 132
253 132
250 130
248 128
244 126
240 125
234 123
228 121
226 125
216 125
197 109
183 89
181 82
177 83
169 87
156 83
144 76
136 68
128 66
119 68
107 66
95 58
87 48
80 42
70 41
62 39
54 35
48 27
42 21
37 19
33 19
29 21
27 17
23 13
25 13
25 17
25 19
27 19
29 17
33 19
37 21
42 23
48 29
56 31
62 33
70 37
78 41
87 46
97 50
107 54
117 60
126 64
136 70
146 76
156 82
166 85
175 91
187 95
195 99
205 105
212 109
218 113
228 117
234 121
238 125
244 126
248 128
251 130
253 132
255 132
255 134
257 138
259 144
246 130
236 111
240 105
242 113
240 126
228 126
220 115
216 105
210 107
201 111
191 111
179 103
171 89
160 82
150 78
140 78
130 74
121 64
111 56
101 50
91 50
82 50
74 42
66 37
58 33
50 29
44 29
41 27
35 23
31 19
27 17
25 17
25 17
23 17
23 15
25 15
29 17
31 19
33 19
39 21
46 25
52 31
60 33
66 37
74 39
83 44
93 48
101 54
111 58
123 62
132 68
142 74
152 78
164 83
173 87
183 95
191 99
199 103
210 109
220 115
232 126
232 128
226 117
232 109
244 111
251 123
251 130
253 130
253 126
257 126
257 132
253 136
251 136
248 130
244 125
238 123
232 123
224 121
218 117
210 109
203 103
195 101
185 99
175 95
166 87
156 83
146 78
136 74
125 68
115 62
105 56
95 52
85 48
78 44
70 39
60 37
54 31
48 29
42 27
37 23
31 21
29 17
25 17
25 17
25 17
23 15
25 15
25 15
29 17
35 21
37 23
42 25
50 27
56 31
64 35
62 39
80 42
87 46
99 52
99 56
119 62
3 68
138 74
154 87
162 95
160 82
160 70
183 76
199 93
207 111
205 113
218 109
220 107
238 119
242 130
244 136
246 130
0 125
253 126
253 134
255 138
253 132
253 128
251 126
248 128
246 130
240 128
236 123
228 117
218 115
214 115
208 111
191 107
187 99
177 91
169 89
162 87
150 83
138 76
128 68
121 64
109 60
99 56
89 50
82 44
74 41
64 37
56 33
52 31
44 29
39 25
33 21
29 19
27 17
27 17
25 17
23 15
25 15
25 15
29 19
31 21
35 23
41 25
46 27
56 33
68 44
66 42
66 33
74 27
91 33
105 48
113 60
121 62
132 62
146 68
158 80
166 91
173 97
183 95
193 97
201 103
208 109
216 113
224 115
230 115
236 119
242 123
246 126
251 128
251 128
253 128
255 130
250 132
255 134
251 132
250 130
248 126
244 126
236 125
232 121
224 117
218 113
210 111
201 107
193 103
183 97
173 93
164 87
154 83
142 78
132 72
125 68
115 62
103 58
95 52
85 48
76 44
68 39
60 37
52 33
46 29
41 25
35 23
33 21
31 19
27 19
25 19
25 19
31 29
25 27
15 7
19 0
33 1
42 21
44 31
48 31
54 25
66 27
76 39
82 52
89 56
99 54
109 52
119 58
128 68
138 74
148 76
160 78
169 82
177 89
187 97
199 103
207 107
214 109
220 113
228 119
234 123
240 125
246 125
248 126
251 130
253 132
255 132
255 132
255 130
253 130
251 130
250 128
244 126
240 123
234 121
228 121
220 117
212 113
205 109
199 105
189 101
179 95
169 91
158 83
148 80
138 76
128 72
117 66
109 60
99 56
89 52
80 46
74 42
70 44
62 46
44 37
31 17
31 5
33 9
33 15
27 19
21 13
25 9
27 13
27 19
27 23
29 23
33 19
37 19
41 23
46 27
52 29
60 31
68 33
76 37
85 44
95 50
105 56
115 58
125 62
134 70
144 76
154 80
166 83
175 87
185 95
193 99
203 103
210 107
218 113
224 117
232 119
238 123
244 125
248 126
250 128
251 130
253 130
255 132
255 130
255 132
253 132
250 130
246 128
242 126
238 123
230 121
224 119
216 115
208 111
201 107
193 103
183 97
173 93
164 87
154 83
146 82
138 85
121 72
101 46
95 33
93 37
87 48
76 50
64 39
58 27
54 25
48 29
42 35
35 31
31 19
29 13
25 15
23 17
23 17
23 15
25 13
27 15
31 19
35 23
39 25
44 27
52 27
58 31
64 37
74 41
82 44
91 48
101 50
109 56
121 62
130 68
140 72
150 76
160 80
171 87
181 95
189 97
199 101
208 107
216 111
222 117
228 119
236 121
242 123
244 126
248 128
251 130
255 132
255 130
255 132
255 130
253 130
251 130
248 130
244 128
240 126
236 125
232 128
224 126
205 111
193 95
189 85
187 89
179 93
166 91
156 82
148 74
138 70
130 74
119 72
107 62
97 52
89 48
80 44
70 44
60 39
54 31
48 25
42 25
37 25
33 21
29 19
27 15
25 13
25 17
23 17
25 17
27 17
29 15
31 17
37 21
42 25
48 29
54 29
62 31
70 35
78 42
87 46
95 50
105 54
117 58
126 64
136 70
146 76
156 80
166 85
175 91
185 95
193 99
205 103
212 109
220 115
218 119
234 121
240 125
244 126
248 128
251 130
253 132
253 132
259 138
261 144
250 132
240 115
234 107
248 117
246 128
236 128
228 119
224 109
218 111
210 115
199 115
187 105
181 93
173 87
162 87
150 83
140 78
132 68
123 62
111 60
101 56
91 54
83 48
74 42
66 39
58 35
52 33
44 27
41 25
35 21
31 19
27 19
25 17
23 15
23 15
25 15
25 15
27 17
31 19
35 19
41 21
44 25
50 27
58 31
66 35
74 39
82 44
93 48
103 54
111 60
121 62
132 66
142 74
152 78
162 83
171 87
181 93
191 99
201 105
210 111
224 121
226 125
220 115
224 107
236 107
248 119
251 130
250 130
251 126
257 125
257 130
257 138
253 140
250 134
248 126
244 125
238 125
232 125
226 119
218 113
210 107
203 105
193 101
185 99
177 95
166 89
156 83
146 78
136 76
126 70
115 64
105 58
97 52
87 48
78 44
70 41
62 35
54 31
48 29
42 27
37 23
33 21
29 17
27 17
25 17
23 17
23 17
25 15
27 17
29 17
33 21
37 21
42 23
48 25
56 31
62 35
70 39
78 41
87 48
97 52
107 56
119 64
128 70
140 80
150 87
150 78
158 66
173 70
189 89
197 107
203 109
210 103
222 105
230 115
234 128
240 132
244 128
248 125
251 125
253 130
253 136
253 134
255 128
253 125
251 128
250 132
246 130
240 125
236 121
230 119
222 117
214 115
208 111
199 105
189 99
179 95
169 91
162 87
152 82
140 76
128 70
121 64
111 62
101 56
91 50
82 44
74 41
66 37
58 35
50 31
44 27
39 23
33 21
31 17
29 17
25 17
25 17
23 15
23 15
27 17
29 19
31 21
35 23
41 23
48 29
60 41
58 41
56 29
64 21
82 27
95 41
103 52
111 56
123 58
134 64
144 74
154 83
164 91
173 91
181 93
191 97
201 103
208 109
214 113
222 113
230 113
238 119
242 125
246 128
250 126
251 126
255 130
255 134
255 134
253 132
253 130
250 128
246 128
242 126
238 125
232 121
224 117
218 113
210 111
203 107
193 103
183 97
175 93
158 89
154 83
144 80
126 72
125 68
113 64
97 58
95 54
85 48
78 42
68 39
60 37
54 31
48 29
42 27
37 25
31 21
29 21
27 19
27 19
29 27
25 25
15 7
15 0
27 0
35 15
33 29
42 29
48 21
48 21
3 33
66 46
80 52
82 50
97 48
109 52
111 62
1 70
136 72
148 72
158 76
167 83
177 91
187 97
189 101
187 95
214 109
220 113
220 119
234 121
240 123
244 125
248 128
1 130
253 132
255 132
255 130
255 130
253 130
251 130
248 130
246 128
240 126
234 123
228 121
222 117
214 113
207 109
189 103
187 97
171 95
169 91
160 87
148 80
140 76
130 70
119 68
109 62
99 56
89 52
82 46
76 46
72 50
54 39
39 21
35 9
37 9
37 17
29 21
25 17
25 13
27 11
25 17
25 23
25 23
27 21
31 17
37 19
41 25
44 27
52 29
60 29
68 33
76 39
83 42
93 46
103 52
115 58
125 64
134 70
144 76
154 80
164 83
173 87
183 93
193 99
201 103
210 107
218 111
226 115
232 119
238 123
242 125
248 126
250 128
253 130
255 132
255 132
255 132
255 132
253 130
250 130
246 128
242 125
238 123
232 121
224 119
218 115
208 111
201 105
193 103
183 99
173 93
164 89
156 89
150 91
130 80
111 54
105 39
103 41
97 52
85 56
74 44
66 31
62 27
56 33
46 37
41 33
35 23
33 15
29 17
25 19
23 21
23 17
23 11
25 11
27 15
31 19
33 21
39 21
42 21
50 25
56 31
66 37
72 41
82 44
89 46
99 52
109 58
119 62
128 66
140 72
150 78
160 82
169 87
181 91
189 97
197 101
207 105
214 111
222 115
228 117
234 121
240 123
246 126
250 130
251 130
253 130
255 132
255 132
255 132
253 130
251 130
250 128
246 128
240 128
240 130
232 130
214 117
201 99
199 89
197 93
187 97
175 93
166 85
160 80
150 80
138 80
128 78
119 70
107 60
99 52
87 48
78 46
70 41
62 33
54 29
48 27
42 25
39 25
33 21
31 17
27 17
25 17
23 15
23 15
25 17
27 17
29 17
31 19
35 21
42 23
48 27
52 29
60 33
68 37
78 41
85 44
95 50
105 54
115 60
126 64
136 72
144 76
154 80
166 83
177 91
185 97
193 99
203 103
212 109
218 113
226 117
232 121
238 123
242 125
248 128
251 130
253 132
259 138
261 144
250 134
244 115
246 107
250 117
250 128
242 132
234 121
230 111
226 113
218 119
208 121
199 113
191 99
181 91
173 91
162 91
150 85
140 74
132 66
123 62
111 62
103 60
91 52
83 44
76 41
68 39
58 37
50 33
44 27
41 23
35 23
31 21
27 19
27 17
25 15
25 15
23 15
25 17
27 17
29 17
33 17
39 19
44 23
52 31
58 33
64 35
74 39
83 42
91 48
101 54
111 58
121 62
130 68
140 72
152 78
162 83
171 87
181 93
191 99
201 107
214 117
218 121
214 113
218 105
230 105
242 115
246 125
248 128
251 126
255 126
257 128
257 134
257 138
253 136
250 130
246 125
244 126
240 128
232 125
224 117
218 111
212 109
205 107
195 105
185 99
177 93
167 89
158 85
146 80
136 76
126 70
117 66
105 58
95 54
87 50
78 44
68 39
62 33
56 33
48 29
42 27
37 23
33 19
31 19
27 17
23 15
23 15
25 15
25 17
25 17
29 17
33 19
37 21
42 25
48 29
56 31
62 35
72 39
80 42
87 48
97 52
107 56
117 62
130 76
140 82
140 74
146 60
162 62
179 82
189 101
195 107
203 101
212 99
222 107
230 123
234 130
238 126
244 121
248 123
250 130
251 134
253 132
255 128
255 126
253 128
251 130
250 130
246 128
242 123
236 121
230 121
224 119
216 117
207 109
197 103
189 99
181 97
171 93
160 85
152 80
142 76
132 72
121 68
111 62
101 56
91 50
82 46
72 42
66 39
58 35
50 31
44 27
39 25
35 23
31 21
27 17
25 17
25 17
25 17
25 17
25 17
29 17
31 19
37 23
42 29
52 37
52 37
50 29
56 21
70 25
83 37
93 48
99 52
111 52
123 56
136 68
144 78
150 83
162 85
173 87
179 93
191 99
191 105
193 107
216 111
222 113
222 117
236 121
244 125
246 126
0 128
251 128
253 132
255 134
255 134
253 130
253 128
251 130
248 130
244 126
234 123
232 121
226 119
218 117
210 113
203 107
195 103
185 97
175 93
158 87
156 83
146 78
128 74
125 70
115 64
105 58
95 52
80 48
78 44
68 41
62 37
54 33
48 29
42 27
37 25
33 23
29 21
27 19
31 27
25 27
15 9
13 0
23 0
33 11
37 25
37 27
41 19
50 17
60 29
66 42
72 48
78 46
87 44
97 46
107 56
117 64
126 68
136 66
146 70
158 78
167 87
177 93
187 95
197 97
207 105
214 111
220 117
228 119
234 119
240 121
244 125
248 128
1 130
253 130
255 130
255 130
255 132
253 132
251 130
248 128
244 125
242 126
236 125
228 123
220 117
214 111
207 109
191 107
189 103
179 95
169 91
160 85
150 82
138 76
128 70
121 66
111 62
99 56
89 52
83 50
80 52
64 44
46 27
41 13
42 11
41 19
35 23
27 19
25 13
27 11
27 17
25 21
25 23
25 19
29 15
31 17
35 21
31 25
44 23
52 25
60 29
68 37
76 42
83 46
93 48
95 52
113 60
123 64
132 70
144 72
154 78
164 83
173 89
183 95
193 99
201 103
208 107
216 111
224 113
232 119
238 123
242 126
246 126
250 128
253 130
255 132
255 132
255 130
253 130
251 130
250 128
246 126
244 126
238 125
232 123
224 119
218 115
212 113
203 109
193 105
185 99
175 95
166 91
160 95
142 85
123 62
115 44
113 44
107 56
95 60
83 50
76 39
70 33
64 35
54 41
46 37
41 27
35 19
31 17
29 21
25 21
23 15
23 11
23 11
25 15
27 19
31 19
33 19
39 19
42 21
50 27
58 33
66 39
72 39
80 41
89 46
99 52
109 58
119 62
128 64
138 70
150 76
160 82
169 87
179 91
189 95
197 101
205 105
214 109
222 115
220 119
234 121
240 123
246 126
250 130
251 130
253 130
255 132
255 132
255 132
253 132
251 130
250 130
246 128
244 132
240 134
222 123
210 105
207 95
205 95
199 101
187 99
177 93
169 85
162 82
150 82
140 82
128 76
117 66
109 58
99 54
87 52
78 46
70 41
64 33
56 31
48 29
42 27
39 25
35 21
31 19
25 15
25 17
25 17
25 15
25 15
25 17
29 17
31 19
37 21
41 21
46 25
54 29
60 33
68 37
76 39
85 44
93 50
103 54
115 60
125 66
134 70
144 76
154 80
166 85
171 89
185 93
195 99
187 105
210 109
218 113
218 117
232 121
238 123
244 126
248 126
0 130
255 126
261 144
253 138
181 119
242 107
3 115
253 130
246 134
238 125
236 113
234 115
228 123
218 126
203 117
201 105
193 97
175 95
171 95
162 89
152 80
142 70
132 66
123 66
115 64
95 60
91 50
83 44
76 42
68 41
60 39
52 33
46 27
41 23
35 23
31 21
27 17
25 15
25 13
25 15
23 17
25 15
29 17
31 19
33 21
31 23
44 27
50 29
58 31
64 35
72 37
82 44
91 48
99 52
111 56
121 62
130 68
140 72
150 78
162 83
171 89
181 97
191 101
189 111
205 117
205 111
203 101
222 99
236 111
242 123
244 126
248 125
251 125
257 128
257 136
255 140
255 136
253 130
251 128
248 130
242 128
238 125
234 121
226 117
218 113
212 111
205 107
195 103
187 99
177 93
167 89
158 85
148 80
136 74
126 68
117 64
107 60
97 54
87 48
80 44
70 41
64 37
54 33
48 29
42 25
39 23
33 23
29 21
27 17
25 17
25 17
23 15
25 15
27 17
29 17
31 17
37 21
42 25
48 29
54 31
62 33
70 37
80 42
87 48
95 52
107 56
121 66
130 80
130 72
134 58
150 56
167 74
179 93
185 101
193 97
203 95
214 103
222 117
226 126
232 126
238 121
244 121
248 126
250 132
251 134
251 128
255 125
255 128
255 134
251 134
250 130
246 125
242 123
236 125
230 125
222 119
216 113
207 107
199 103
191 101
183 99
173 93
162 85
152 80
142 76
132 72
123 68
111 60
101 54
93 52
83 48
74 44
66 39
58 35
52 31
46 29
39 25
35 21
31 19
29 17
25 15
25 17
25 17
25 17
25 17
27 17
31 17
39 23
48 35
46 35
42 25
48 15
62 19
76 33
82 44
89 48
101 48
113 52
125 62
132 74
142 80
152 82
162 82
171 83
181 93
191 101
199 103
207 103
216 107
224 113
230 119
236 123
240 123
246 125
250 126
253 130
253 132
255 132
255 130
255 128
253 128
251 132
248 130
244 128
238 123
232 121
226 119
220 117
212 113
203 107
195 101
185 97
175 93
166 89
156 83
146 80
136 76
125 68
117 62
107 58
97 54
87 50
78 44
68 41
62 37
56 33
48 31
41 27
37 23
33 21
29 21
31 25
29 29
17 13
11 0
19 0
29 7
33 25
33 25
35 17
42 13
50 21
58 37
64 44
68 42
78 39
89 41
97 50
105 60
115 62
126 62
136 66
146 72
156 82
166 87
177 91
187 95
197 99
205 105
212 109
220 113
228 117
234 121
240 123
244 126
248 128
250 128
251 128
255 130
255 132
255 132
253 130
251 130
250 130
246 128
240 126
234 123
228 119
222 117
216 113
207 111
199 107
189 101
181 97
169 91
162 87
150 82
140 78
130 70
121 66
111 62
101 58
95 56
87 58
72 48
54 31
48 17
48 15
46 21
41 25
33 21
29 15
29 13
29 17
25 21
23 21
23 17
25 15
29 15
31 19
35 21
39 21
44 23
52 25
58 29
66 35
76 41
85 44
93 48
101 52
113 56
123 64
132 70
142 74
152 78
162 83
173 87
