590000 10000000 123731 16
35 25
17 17
15 13
31 15
1 27
105 46
27 72
195 95
232 115
5 128
255 134
257 134
232 126
195 111
152 87
105 64
64 41
31 25
17 15
17 11
33 15
66 27
109 48
156 74
197 97
232 117
5 128
265 134
255 134
230 126
193 109
150 87
105 64
62 42
33 25
17 15
17 11
35 17
68 29
111 52
158 76
201 99
234 117
257 130
265 138
255 136
228 126
193 111
154 97
101 70
50 31
19 0
15 0
21 7
39 25
66 35
111 44
160 68
205 101
238 128
255 138
263 138
253 132
226 123
187 109
144 87
99 60
60 37
29 17
15 11
19 13
39 21
72 33
115 50
160 74
203 99
238 121
9 132
263 138
253 134
226 123
187 107
142 83
99 60
58 39
29 21
15 11
19 11
41 19
72 35
117 54
162 78
205 101
238 119
257 132
263 136
251 134
224 125
185 105
140 82
95 60
56 39
29 23
15 13
19 11
41 19
76 37
121 56
166 80
212 109
246 132
255 136
251 125
242 115
222 109
185 101
138 83
89 56
54 31
31 17
17 15
21 19
41 25
78 37
121 54
167 78
207 103
240 123
259 132
263 132
248 128
220 119
181 103
138 82
91 58
54 37
27 21
15 13
21 15
42 21
80 37
125 56
169 80
208 103
242 121
261 132
263 136
248 132
218 121
179 101
134 78
89 56
52 37
25 21
15 13
21 11
44 19
82 37
126 60
171 83
212 103
244 121
263 132
263 136
248 132
216 119
177 99
132 78
87 56
48 37
25 21
17 13
27 19
52 37
78 42
117 44
41 60
152 89
248 123
11 140
261 136
246 123
216 113
177 95
130 85
83 60
46 33
15 13
15 7
23 13
46 27
83 31
3 56
175 80
208 105
246 126
11 136
261 136
244 128
214 117
173 99
126 78
83 54
46 33
23 17
15 9
25 15
50 25
87 39
130 58
179 82
218 109
248 126
261 134
261 134
244 128
212 119
169 99
125 74
82 50
37 31
21 17
5 11
25 13
50 23
27 41
134 62
179 85
220 109
250 128
263 136
261 138
244 132
212 121
173 107
126 85
72 48
33 17
15 0
15 1
27 11
52 25
91 39
136 58
183 83
222 113
250 134
263 142
259 136
240 126
208 113
166 99
119 76
74 48
41 25
21 13
15 9
27 15
54 25
95 42
140 62
183 87
222 109
251 128
263 136
259 136
240 128
207 113
164 93
119 72
74 48
41 29
19 15
15 9
29 15
56 27
95 44
142 66
185 89
224 111
251 126
263 134
259 138
238 128
203 113
162 91
117 70
74 48
39 29
21 15
17 11
31 15
58 29
97 46
144 70
189 93
226 115
255 134
267 148
251 134
224 109
197 89
162 82
117 72
72 50
35 23
19 5
19 7
33 21
60 39
99 50
146 66
191 87
226 113
251 130
261 136
257 132
236 123
201 109
158 91
111 70
70 46
37 25
17 13
15 9
31 15
62 31
103 48
146 70
193 91
230 113
255 130
263 138
257 134
234 126
199 109
154 89
109 66
68 44
35 25
17 13
17 11
33 17
64 31
97 48
25 72
195 95
232 115
5 130
255 136
255 134
232 126
197 109
154 89
107 68
66 44
35 27
17 15
19 15
41 27
66 39
97 44
142 56
193 78
234 107
257 130
263 136
253 128
232 119
199 107
152 93
105 72
62 44
33 23
17 11
17 11
33 19
66 31
109 48
154 70
197 93
234 117
257 130
265 136
255 134
228 123
193 109
150 87
103 66
62 41
31 23
15 11
17 11
35 17
68 31
111 50
158 74
201 97
234 115
257 130
265 138
253 134
228 125
191 107
148 85
99 62
60 41
31 23
17 13
17 13
37 19
70 33
115 52
162 76
203 99
236 119
257 130
263 136
253 136
226 125
189 107
144 83
105 70
62 50
21 19
3 0
15 0
41 11
76 39
115 60
160 74
205 91
240 115
259 138
263 146
251 138
224 119
185 99
140 82
97 64
56 41
29 19
13 5
19 5
39 19
74 37
119 54
166 76
207 99
240 121
259 134
263 138
251 134
222 123
183 103
138 82
93 58
56 37
27 21
15 11
21 11
41 19
76 35
121 56
166 80
208 101
242 119
259 132
261 134
250 132
222 123
183 105
136 80
93 56
54 37
27 21
15 13
21 13
42 21
80 37
123 58
167 82
210 105
246 125
267 144
261 142
236 125
210 101
179 87
138 76
89 58
50 33
25 15
17 7
23 13
44 27
80 44
125 60
169 80
210 101
242 121
261 136
263 138
246 130
216 117
177 99
132 80
87 56
50 35
25 19
15 11
21 13
44 21
82 37
126 58
171 80
212 103
244 123
263 134
263 136
246 130
216 119
175 99
130 78
85 56
48 35
23 19
15 11
23 13
46 21
83 39
130 60
173 83
214 105
246 123
263 134
263 138
244 132
214 119
173 99
128 78
83 54
46 35
23 19
15 11
25 15
50 27
91 52
130 70
166 76
207 83
244 105
263 130
263 142
244 132
212 113
173 91
128 76
83 62
46 41
21 21
15 7
25 9
48 25
87 44
132 62
177 82
218 101
248 123
261 134
261 138
244 128
210 113
169 95
125 76
80 54
44 33
21 17
17 9
25 13
50 27
89 42
134 62
181 85
220 107
248 126
263 136
259 136
242 128
208 115
167 97
121 74
78 50
42 29
21 15
15 11
27 15
54 25
91 42
138 64
183 89
222 111
250 126
263 136
259 136
240 130
208 117
166 97
125 78
80 58
39 33
9 7
7 0
27 1
56 21
95 42
138 64
185 85
224 107
253 128
265 144
259 142
238 130
207 111
164 91
117 72
72 50
39 27
19 13
15 7
27 13
56 25
97 44
142 64
189 89
224 111
251 128
263 136
259 136
238 128
203 113
160 93
115 70
72 46
39 27
19 13
15 11
29 15
56 25
99 44
146 68
189 91
226 115
251 128
263 136
259 136
236 128
201 113
160 91
113 68
70 46
39 27
19 15
15 11
31 15
60 29
101 46
148 70
193 95
228 117
253 130
267 142
263 150
232 134
189 97
146 66
111 50
72 44
37 33
15 15
15 3
35 7
66 33
103 58
148 78
191 91
230 109
255 126
263 138
255 138
232 125
197 105
152 83
109 64
68 46
35 29
17 13
17 7
35 15
64 33
105 50
150 72
195 91
232 113
255 128
263 136
255 134
232 125
195 109
152 87
107 64
66 44
35 25
17 13
17 9
35 17
66 31
109 50
154 72
197 95
234 115
255 130
263 136
255 134
230 125
193 109
150 87
103 64
64 42
33 27
17 17
17 13
37 19
3 39
113 62
148 76
187 83
228 97
257 117
267 134
253 136
226 121
193 101
150 83
105 68
62 48
31 29
17 13
17 9
37 17
68 33
109 52
158 72
203 95
236 115
257 130
263 138
253 136
228 125
191 107
144 83
99 62
60 41
31 21
17 13
17 11
37 17
72 33
115 52
160 76
203 99
236 117
257 128
263 136
253 134
226 125
187 105
142 83
99 60
58 41
29 23
15 13
19 11
39 17
72 33
115 52
164 78
207 101
238 121
7 130
263 136
253 134
162 125
185 107
140 83
95 58
62 46
33 35
3 15
7 0
33 0
5 21
123 58
166 85
205 101
240 111
3 126
265 140
251 142
156 128
183 103
138 76
93 56
52 41
25 23
13 9
21 5
35 15
76 35
121 58
167 80
208 93
242 121
9 132
261 138
250 134
220 123
181 103
136 80
91 56
54 37
27 19
15 11
19 9
42 17
80 35
125 60
169 82
210 103
244 121
11 134
261 138
248 134
218 121
179 101
134 78
87 56
52 37
17 21
15 11
21 11
44 21
82 31
126 60
171 82
205 103
246 123
13 138
269 148
248 142
208 117
167 85
128 60
87 46
50 33
23 17
13 7
23 7
48 21
83 42
128 66
173 87
214 103
244 121
11 134
261 138
244 132
214 115
175 95
130 76
85 56
48 35
15 17
15 11
23 13
46 23
83 41
130 62
175 82
214 105
246 125
11 136
261 138
244 130
214 119
171 97
126 76
83 52
46 33
23 17
15 13
25 15
48 25
87 41
132 62
177 85
216 107
248 125
263 134
261 138
244 132
212 119
171 97
125 76
82 52
44 33
21 17
15 11
25 13
52 25
89 42
138 72
183 97
212 107
238 107
257 113
263 128
246 134
208 121
167 93
123 66
82 48
46 39
21 27
15 15
25 9
52 19
89 41
134 66
181 89
220 107
250 121
263 132
259 136
242 132
208 117
166 91
121 70
78 50
42 33
21 19
15 11
27 11
54 23
93 42
138 66
183 87
222 107
250 125
263 134
259 136
224 130
207 115
156 93
117 70
74 48
42 31
21 17
15 9
27 11
56 25
97 44
142 68
185 89
222 107
253 126
265 138
259 138
238 130
205 113
164 93
119 72
76 52
46 41
19 25
5 5
19 0
54 9
99 37
144 68
187 89
224 105
253 119
267 136
261 144
236 136
203 115
160 91
115 68
70 48
37 29
19 15
17 7
29 11
58 25
99 46
146 70
191 93
226 111
251 125
265 134
257 138
236 130
201 111
158 89
113 66
70 46
37 29
19 15
15 9
31 15
62 27
101 46
148 70
193 91
228 113
253 128
265 136
257 136
236 128
197 111
156 87
111 66
68 44
35 25
17 13
17 9
33 15
64 31
105 50
150 72
195 95
232 115
5 130
255 136
257 136
162 138
197 121
142 82
97 42
64 23
39 21
19 21
15 13
33 11
66 21
109 48
154 82
197 105
232 119
255 125
263 130
253 134
230 130
195 111
150 83
105 58
64 39
33 27
17 17
15 11
35 13
68 29
109 50
154 74
199 97
234 117
255 128
263 136
253 134
230 126
193 107
148 83
103 62
62 44
31 27
15 15
17 11
35 17
68 33
111 52
156 76
199 95
236 115
257 130
265 138
253 134
228 125
191 107
148 85
101 64
60 41
31 23
17 11
17 11
37 17
72 35
117 58
167 87
201 105
226 111
250 115
263 123
253 130
226 125
187 103
144 80
99 56
60 41
31 29
15 19
19 13
37 17
72 31
115 52
160 76
203 97
236 115
259 126
263 134
251 134
224 125
187 103
142 82
97 60
56 41
29 23
15 13
19 9
39 17
74 35
117 54
164 78
207 101
240 119
257 130
263 136
251 132
222 121
185 103
140 82
95 60
56 37
27 21
15 11
21 11
41 21
76 35
119 54
166 78
208 101
240 121
261 132
263 136
250 132
222 121
183 105
138 83
93 60
54 39
27 23
21 23
21 21
31 13
66 13
119 37
171 76
212 111
240 125
259 126
265 128
251 132
222 130
179 113
134 82
89 52
52 33
25 21
13 17
19 13
42 17
80 31
125 54
169 83
212 107
242 123
261 130
263 136
248 134
218 123
179 103
132 78
87 54
50 35
25 21
15 13
21 13
44 19
82 35
128 58
173 83
212 105
244 123
261 132
261 136
246 132
216 121
177 101
130 78
85 52
48 33
25 19
15 13
23 13
46 21
83 39
130 60
175 83
214 107
246 123
263 134
263 138
250 138
218 128
169 101
119 66
78 37
46 19
25 13
15 11
21 9
48 17
89 37
134 64
177 91
216 111
248 125
263 132
261 136
244 132
212 119
171 97
126 72
82 48
46 33
23 17
15 11
25 13
50 23
87 41
134 62
179 85
218 107
248 123
263 134
261 138
244 132
210 117
169 97
125 74
80 52
44 33
19 17
13 9
25 13
52 25
89 42
134 64
181 87
220 109
250 126
261 134
259 136
242 128
210 115
167 97
123 74
78 50
44 31
21 17
15 11
27 13
54 27
93 46
138 68
185 91
228 123
248 134
251 123
250 113
240 113
210 115
166 103
119 72
76 42
44 23
23 17
17 19
27 21
54 27
95 39
140 62
183 89
222 115
250 128
261 130
259 130
240 126
207 117
164 97
117 70
74 44
41 29
19 19
15 15
27 15
56 25
97 42
142 68
187 91
224 111
251 125
263 134
259 138
238 128
203 115
162 91
115 68
72 46
39 29
19 19
15 13
29 15
58 27
99 46
144 70
189 91
224 109
253 126
263 136
259 138
236 128
203 113
160 91
115 70
72 50
39 29
23 21
21 21
25 17
48 15
95 29
148 58
193 91
228 113
251 125
265 130
259 134
236 132
201 119
156 95
111 66
68 44
35 25
17 15
17 11
31 15
62 27
101 44
150 70
193 95
230 115
251 126
263 134
257 136
234 128
197 111
154 87
109 66
68 42
35 27
17 15
15 9
33 13
64 27
103 46
152 72
195 95
232 115
255 130
263 136
257 136
232 128
195 111
152 89
107 64
64 41
35 25
17 15
17 11
35 15
66 31
107 50
154 74
197 95
232 115
257 130
265 138
255 136
232 128
199 117
156 101
99 68
50 27
23 1
17 0
21 13
35 25
64 31
109 44
158 68
203 101
236 126
257 138
263 134
253 128
228 121
191 109
148 89
101 62
60 37
33 19
17 13
17 13
37 19
70 31
113 48
158 74
199 97
236 119
259 132
265 136
251 132
228 123
189 107
146 85
99 62
58 39
31 21
15 11
19 11
39 19
72 33
115 54
160 78
203 99
236 117
257 132
263 138
253 134
226 123
187 107
142 85
97 62
58 41
29 23
17 15
19 13
39 19
72 33
117 54
164 80
212 109
242 130
251 130
251 123
248 117
226 113
187 105
140 83
93 56
58 33
31 19
17 17
21 19
41 23
74 33
119 52
164 78
205 103
238 121
257 128
263 132
250 130
222 121
183 103
138 80
95 56
54 35
27 19
15 13
21 13
41 21
76 35
121 56
167 80
208 103
240 119
259 130
263 136
250 132
220 121
181 103
136 80
91 56
54 37
25 21
15 11
19 11
44 19
78 37
123 58
167 80
210 101
244 121
261 134
263 138
250 134
220 121
179 103
134 80
89 58
52 37
27 21
15 13
23 17
48 33
74 37
113 41
166 58
214 93
248 126
261 140
259 134
248 123
220 117
179 107
132 89
85 60
50 33
25 17
15 13
21 15
44 23
82 37
126 54
171 80
212 105
244 125
261 134
263 134
246 130
216 119
175 101
130 80
85 54
46 33
25 17
15 11
23 13
46 21
83 37
130 60
175 85
214 107
244 123
261 134
263 136
244 132
212 117
173 97
128 76
82 52
44 33
23 17
15 13
25 15
48 23
85 39
132 62
177 85
216 109
246 125
263 134
263 138
244 132
214 123
177 109
126 83
72 46
35 15
19 0
17 3
27 13
50 25
87 37
134 58
183 85
220 115
248 130
263 136
261 134
244 128
210 117
167 97
121 72
80 48
44 29
21 15
15 11
25 13
52 23
91 41
136 62
181 87
222 111
250 126
263 134
259 134
242 128
208 117
166 97
121 72
78 48
42 29
21 17
13 11
27 13
54 25
93 42
138 64
183 87
222 111
250 126
263 134
259 134
220 128
207 115
158 95
119 74
76 50
41 29
19 15
15 11
29 15
56 29
95 44
1 66
185 89
224 113
0 138
265 148
250 128
218 105
203 91
166 87
119 76
72 50
39 23
21 7
17 9
31 21
58 37
97 50
142 64
187 85
224 111
251 130
263 138
257 132
236 123
203 109
160 93
115 70
70 46
39 27
19 15
15 11
29 17
58 29
101 46
146 68
189 91
226 113
253 128
263 134
257 134
236 126
201 113
158 91
113 68
70 44
37 27
19 15
15 11
31 15
60 27
101 46
148 70
193 93
228 113
253 126
265 136
257 136
234 128
199 111
156 89
111 68
68 44
35 27
21 17
21 19
31 29
60 35
91 37
142 54
193 82
232 111
253 130
263 134
255 128
234 123
199 113
154 95
109 72
66 44
35 23
17 13
15 11
33 17
64 29
105 44
152 66
197 91
232 117
255 130
263 136
255 134
232 126
195 111
150 89
105 64
64 42
33 23
15 13
15 11
35 17
66 31
109 48
154 70
197 95
234 117
257 132
263 136
255 134
230 125
193 107
150 85
103 64
62 42
33 25
17 13
17 9
37 17
68 33
111 52
156 74
199 97
236 117
257 132
265 138
253 134
228 125
193 109
148 89
107 74
60 48
21 13
5 0
15 0
39 13
72 39
113 56
158 70
203 91
238 119
259 140
263 146
251 136
226 121
189 103
140 85
99 66
58 41
29 19
15 9
17 9
37 19
64 33
115 50
162 72
205 99
238 119
257 134
263 138
251 134
226 121
187 105
142 83
97 60
56 37
29 19
15 9
17 11
41 21
74 35
119 54
164 78
205 101
238 121
259 134
263 138
251 132
222 121
185 103
140 83
95 60
56 39
27 21
15 13
21 13
41 19
76 35
121 56
167 82
208 105
244 126
265 142
257 138
240 123
216 105
183 91
138 78
91 58
52 35
27 15
17 9
23 15
44 29
78 42
123 56
167 78
208 93
240 123
9 134
257 134
248 126
220 117
179 103
134 82
91 58
54 35
27 19
15 11
21 13
44 21
80 37
123 56
169 80
210 103
242 123
261 132
261 134
248 130
218 121
177 103
132 80
89 54
50 35
25 19
15 11
21 13
46 21
82 39
126 60
171 82
214 105
244 123
261 134
261 138
248 132
216 119
177 101
130 78
85 54
48 35
23 19
15 13
23 15
50 29
89 54
125 64
162 68
207 82
246 109
265 134
261 142
244 130
216 111
177 93
132 80
85 64
46 39
23 17
15 7
23 9
46 23
83 41
130 60
175 80
216 101
246 123
263 136
261 138
244 130
212 115
173 97
126 76
82 52
46 31
23 17
15 11
23 11
48 23
87 41
134 62
177 85
216 107
246 125
263 134
261 138
244 130
210 117
169 97
125 74
80 52
44 33
21 17
15 11
25 13
50 25
89 41
136 62
181 85
220 109
248 126
263 134
261 136
244 130
210 119
169 99
128 83
82 60
35 29
9 1
9 0
27 3
54 23
89 41
136 60
183 82
224 109
251 130
263 142
259 140
240 128
207 111
164 93
119 74
76 50
41 29
19 11
13 7
29 13
54 27
95 44
140 64
183 87
224 109
251 126
263 136
259 136
240 128
207 115
162 93
117 72
74 48
41 29
19 15
15 11
29 13
56 25
97 44
142 68
185 89
224 109
253 126
265 136
259 138
238 128
205 115
162 93
115 70
72 48
39 29
19 15
15 11
29 15
58 27
99 46
146 70
189 93
226 113
253 128
267 144
259 148
228 123
191 93
154 72
115 62
72 50
37 33
17 11
17 3
33 13
62 33
101 56
146 74
189 87
228 107
255 128
263 138
255 136
236 125
201 107
156 87
111 70
68 48
37 27
19 11
17 9
31 17
62 31
103 48
148 70
193 91
228 113
253 128
263 134
257 134
234 126
199 111
154 91
109 68
68 44
35 25
17 13
17 11
33 15
62 29
105 48
152 72
195 95
232 115
255 128
265 134
255 136
232 126
195 109
152 87
109 66
66 44
35 27
17 13
17 11
39 21
9 42
105 58
17 66
189 78
218 101
7 125
263 136
253 134
230 119
195 103
132 87
107 72
64 48
33 27
17 11
17 9
31 17
66 33
109 52
21 70
199 91
234 115
5 130
265 138
255 136
230 125
193 107
148 87
101 64
62 42
33 25
17 13
17 9
37 17
70 33
113 52
156 74
201 97
236 117
257 130
263 136
253 134
228 123
191 107
146 85
99 62
60 41
33 23
17 13
19 11
37 19
72 33
115 52
160 78
203 99
238 119
259 132
265 136
253 134
226 125
189 107
144 85
99 64
64 50
29 31
5 3
9 0
37 1
76 31
117 60
160 80
205 95
240 113
261 132
265 146
251 142
224 123
185 99
140 80
95 60
54 41
27 21
15 7
19 5
39 17
74 35
119 56
166 78
207 99
240 119
257 132
263 138
250 134
220 121
183 101
140 82
95 60
54 39
27 21
15 11
21 11
41 19
76 35
121 56
166 80
208 101
240 119
259 130
263 138
251 134
220 123
181 101
136 80
91 58
52 39
25 21
15 11
21 11
42 21
78 37
123 58
169 80
210 103
244 123
265 142
267 150
244 134
208 109
173 85
134 66
91 52
50 35
23 17
15 5
23 9
46 25
82 44
125 62
169 80
212 101
244 123
259 134
261 138
248 130
216 115
177 99
132 80
87 56
50 35
25 17
15 11
21 11
44 23
82 39
126 60
173 82
214 103
244 123
261 134
261 136
246 130
216 119
175 101
128 78
85 54
48 35
23 19
15 11
21 11
46 21
85 39
130 62
175 85
214 105
246 123
263 134
263 138
244 132
214 119
173 97
128 76
83 54
46 33
23 21
15 11
25 13
48 23
91 46
136 76
171 87
205 89
240 99
263 121
263 138
242 134
210 115
171 91
128 72
83 54
46 41
23 25
15 9
25 9
50 21
87 44
132 66
177 85
218 103
248 119
263 134
261 138
242 130
210 115
169 95
123 74
80 54
44 33
21 15
15 7
27 13
52 25
89 42
136 64
181 87
220 109
248 125
263 134
261 136
242 130
208 115
166 95
121 72
78 50
42 31
21 17
15 9
27 13
54 25
91 42
138 64
183 87
222 109
250 126
263 136
259 138
240 130
207 115
166 95
123 76
83 62
42 41
11 13
3 0
23 0
56 17
97 44
138 66
185 85
224 103
253 125
265 140
259 144
240 132
205 113
162 91
117 70
74 50
41 31
19 15
13 5
29 11
58 27
97 48
142 68
187 89
224 111
251 128
263 138
257 138
236 128
203 111
160 91
113 70
72 44
39 29
19 15
15 11
29 13
58 27
99 46
146 68
189 91
228 113
253 126
263 136
257 134
236 126
201 113
158 91
111 68
70 44
37 27
19 15
15 11
31 15
62 27
101 46
148 70
191 95
228 115
255 130
265 138
261 146
236 136
191 107
146 70
107 46
70 39
39 31
17 19
15 7
33 9
64 27
105 56
150 80
193 97
230 111
253 125
263 136
255 138
232 126
197 105
154 83
109 64
66 44
33 27
17 13
17 9
33 15
64 31
107 52
154 74
197 95
232 113
255 128
263 138
255 136
230 125
195 107
152 87
107 64
64 44
33 25
17 13
17 11
35 17
66 31
109 50
154 74
197 95
232 115
257 130
263 136
255 136
230 125
193 107
150 85
105 66
64 44
33 25
17 13
17 11
37 19
72 37
115 62
154 78
189 87
226 99
255 117
265 130
253 134
226 123
191 101
148 80
103 62
64 48
31 31
15 13
17 7
37 15
70 33
111 54
156 72
201 93
236 115
257 130
263 138
253 134
226 123
189 105
144 83
99 62
60 42
31 25
15 13
17 9
37 17
72 33
115 54
160 76
203 99
238 117
257 130
265 138
253 136
224 123
187 105
144 83
97 62
56 41
29 23
15 15
19 11
39 17
74 33
117 54
162 78
205 101
238 119
259 132
263 138
251 136
224 123
185 105
140 83
95 60
56 41
33 33
15 19
9 0
31 0
74 17
123 52
167 85
205 103
238 113
261 125
267 138
251 142
220 128
183 103
138 76
91 54
54 39
25 23
15 11
19 7
41 13
76 35
121 58
167 82
208 93
242 119
7 132
263 138
250 134
220 123
181 101
134 80
91 58
52 31
25 21
15 11
21 11
42 21
80 37
125 58
169 82
212 103
242 121
11 132
263 136
248 132
218 121
177 99
126 78
89 56
52 37
25 21
13 11
21 11
44 23
82 39
125 60
171 82
212 105
244 123
263 136
267 144
251 142
210 121
166 87
125 60
89 44
52 35
23 21
13 9
21 5
48 19
85 42
128 68
173 89
214 105
246 121
261 132
261 138
244 132
214 117
173 95
128 72
83 52
48 35
25 19
15 11
23 11
48 21
85 41
130 62
175 83
216 105
246 123
261 132
261 134
244 130
214 119
171 99
126 76
82 52
46 31
23 19
15 13
23 13
48 23
87 41
132 64
177 85
218 107
248 123
263 134
261 136
244 130
210 117
169 97
125 74
80 52
44 31
23 17
15 11
27 15
52 27
89 44
136 70
185 99
212 107
236 107
257 113
263 126
244 134
208 121
167 93
123 64
82 46
44 37
21 25
15 15
27 13
52 23
89 41
136 66
181 91
220 107
248 121
263 130
259 136
240 130
207 115
158 93
121 70
78 48
42 31
19 15
15 9
29 13
54 25
93 44
13 66
185 89
224 109
251 126
263 134
259 136
240 128
205 115
164 93
119 72
74 48
41 31
19 15
15 11
29 13
56 25
97 44
142 68
187 91
224 111
251 126
265 136
261 138
238 130
205 115
162 93
117 72
76 52
46 41
19 25
5 5
19 0
54 9
101 39
144 68
187 91
226 107
253 121
267 134
259 142
238 134
203 115
160 91
113 66
70 44
39 29
19 15
15 7
29 11
60 25
99 46
146 70
189 91
228 111
253 128
265 138
257 138
236 128
201 111
158 89
111 66
68 44
37 27
19 15
15 9
31 15
62 29
103 48
148 70
193 91
230 115
255 130
263 138
257 136
234 126
199 111
154 91
109 66
66 44
35 25
17 13
17 11
33 17
64 31
105 48
152 72
195 95
230 115
255 128
265 138
257 140
238 138
195 119
142 78
97 41
64 25
37 23
19 21
15 15
33 11
66 21
109 48
156 82
197 105
232 117
255 125
265 132
255 136
230 130
193 109
150 83
105 60
64 41
33 27
17 15
17 9
35 15
66 29
109 50
158 76
199 99
234 117
255 128
265 136
255 134
228 125
193 107
148 83
103 62
62 42
33 25
15 15
17 3
37 17
5 31
111 52
160 76
201 99
236 117
7 130
263 136
253 134
228 126
187 107
130 83
93 60
60 39
31 23
15 11
19 11
39 19
72 37
119 60
166 87
195 101
226 107
1 115
255 125
253 130
218 123
187 103
142 78
93 56
62 42
31 31
15 19
19 11
39 17
72 33
115 54
162 80
203 99
238 115
1 128
263 136
251 134
224 125
185 105
142 82
95 58
56 39
29 23
15 13
19 11
39 17
74 35
119 56
164 80
207 101
240 119
9 130
263 138
250 134
218 121
183 101
140 82
95 60
54 39
27 21
17 11
21 13
41 19
76 35
121 56
167 78
207 101
240 121
259 132
263 136
250 132
220 121
183 103
138 82
93 60
52 39
31 29
21 25
17 15
31 3
72 13
123 44
171 83
210 109
240 121
259 125
265 132
251 138
220 130
179 107
134 78
91 50
52 35
25 23
13 15
21 9
44 15
80 33
125 58
171 83
212 105
244 121
261 132
263 136
248 134
218 123
177 101
132 78
87 54
46 37
17 21
13 11
5 13
46 21
82 39
126 58
173 82
214 105
244 123
261 132
261 136
248 132
216 119
175 99
128 76
85 54
48 33
23 17
15 11
25 13
46 23
83 39
128 60
175 83
216 107
246 126
263 136
263 140
251 140
216 128
166 95
117 62
80 37
48 23
25 17
13 11
21 9
50 17
89 39
134 66
177 91
216 109
246 121
263 132
261 138
242 132
212 119
171 93
125 72
80 48
44 31
21 19
15 11
23 11
50 21
87 41
134 64
179 87
216 105
248 123
263 134
261 138
242 130
210 115
169 95
123 72
78 48
44 31
23 19
13 11
25 13
52 23
91 42
136 66
179 87
220 107
250 123
263 134
259 136
164 130
208 115
160 95
123 72
78 52
35 31
5 17
15 11
27 15
54 27
93 44
138 66
187 97
224 121
240 121
251 113
257 115
244 125
208 123
164 99
119 68
78 41
44 29
21 25
15 21
27 17
54 21
95 39
0 66
177 93
222 111
0 123
263 128
259 132
218 128
205 115
162 93
119 68
74 46
39 31
19 19
15 11
29 15
56 25
95 44
142 68
187 91
224 109
251 125
263 134
259 138
238 128
203 113
160 91
115 62
72 48
39 29
19 17
15 11
29 15
60 29
99 46
144 68
189 89
226 111
253 126
265 136
257 136
236 128
203 113
158 91
113 70
72 48
41 33
25 27
11 15
19 5
50 11
101 33
150 64
191 93
226 111
253 125
265 132
259 138
236 134
199 117
154 89
109 62
68 42
37 29
17 17
13 9
31 11
62 25
103 46
148 72
193 95
230 113
255 126
265 136
255 136
232 126
197 109
156 87
109 64
66 44
35 27
19 15
17 11
31 15
64 29
105 48
152 72
195 95
230 115
255 128
263 136
255 134
232 126
195 109
152 87
105 64
64 42
33 23
17 13
17 11
35 19
66 31
109 50
154 74
197 97
232 117
255 130
265 138
255 136
232 130
199 121
148 93
93 52
54 19
31 9
21 13
19 19
33 19
66 23
111 44
160 76
201 107
234 125
255 130
263 132
253 132
228 126
191 111
146 83
101 58
60 37
31 23
15 15
17 11
37 15
72 31
113 54
158 78
201 101
236 119
257 130
263 136
253 134
226 125
189 107
144 83
99 60
60 41
31 23
15 15
19 11
39 17
72 33
115 54
160 76
203 99
238 119
257 130
263 134
253 134
226 125
187 107
142 83
97 60
58 39
29 25
15 15
19 11
39 17
74 35
119 56
167 85
208 111
232 119
248 117
259 121
251 125
224 123
183 105
138 80
95 52
58 35
29 25
17 21
19 17
39 19
76 33
119 54
164 82
205 103
240 117
259 128
263 134
250 132
218 123
183 103
138 80
93 56
54 37
27 21
15 13
21 11
42 19
78 33
121 56
41 80
203 99
242 117
261 132
263 140
250 134
220 121
181 101
136 80
91 58
52 37
25 19
15 9
21 11
42 21
78 37
125 56
169 80
210 103
242 121
261 132
263 138
248 132
218 121
179 101
134 80
89 56
52 37
27 23
19 21
25 25
37 19
62 17
121 37
173 74
214 109
242 126
257 128
263 126
250 128
220 126
177 111
130 80
87 52
50 31
25 21
13 15
21 15
46 19
82 33
126 56
173 83
214 107
246 123
261 132
261 134
246 132
216 123
173 101
128 76
85 52
48 33
23 21
15 13
25 11
48 21
85 37
130 62
175 85
216 107
246 123
263 134
261 136
244 132
212 119
171 99
126 76
83 54
46 33
23 19
15 11
25 13
48 23
87 39
132 62
177 85
218 107
248 126
263 136
263 140
248 138
218 130
167 105
115 68
72 35
42 17
23 13
15 11
23 11
50 17
91 37
138 64
181 93
218 115
248 126
263 132
259 134
242 130
208 119
167 95
121 70
78 46
44 29
21 19
15 13
27 13
52 23
91 42
138 66
181 89
220 109
250 125
263 134
259 136
240 130
208 115
166 93
119 72
76 48
41 31
21 15
15 9
27 13
54 25
93 42
138 66
183 89
222 109
250 126
263 134
259 136
240 128
207 113
164 93
119 72
76 50
41 29
19 15
17 11
29 17
56 27
95 46
142 68
189 95
230 123
250 132
251 121
251 113
238 111
207 113
162 97
115 70
74 41
41 23
21 17
17 19
29 23
58 29
97 41
142 64
187 91
224 113
251 126
263 130
257 130
236 126
203 115
160 93
113 66
72 42
39 27
19 17
15 13
29 15
60 27
101 44
130 70
191 93
220 113
3 126
263 134
257 134
158 128
201 113
158 91
111 66
68 42
37 25
19 15
17 11
31 15
60 29
101 48
150 72
191 93
228 113
253 128
263 136
257 134
234 126
199 111
154 89
111 68
70 46
39 29
23 23
21 21
25 17
52 17
97 31
148 58
197 91
230 115
253 126
263 130
259 132
234 130
197 117
154 93
107 66
64 41
33 23
17 17
17 13
33 15
64 25
107 46
154 72
197 97
232 117
255 128
263 134
255 134
230 126
195 111
150 87
105 64
62 41
33 25
17 15
17 11
35 17
66 31
109 50
156 74
199 95
232 115
257 130
265 138
255 136
228 126
193 109
150 85
103 64
60 44
33 25
15 13
17 9
35 17
68 33
111 52
158 76
201 97
236 117
257 132
265 138
253 138
228 126
195 115
150 97
93 60
50 21
25 1
17 1
21 15
37 25
68 31
113 44
37 64
189 105
238 128
0 136
261 132
253 128
158 123
187 111
142 85
62 58
58 35
31 19
15 13
19 15
31 21
72 33
117 52
162 76
205 103
234 123
7 130
263 134
251 132
224 125
185 107
142 83
95 56
56 37
29 21
15 13
19 11
41 17
76 33
119 54
164 78
205 101
240 119
259 132
263 136
250 132
222 121
183 101
140 82
95 60
54 39
29 21
15 13
21 13
41 21
76 37
121 58
167 82
214 111
240 125
250 125
253 121
248 117
222 115
183 103
136 80
91 52
54 31
29 21
17 17
19 17
42 23
80 35
123 54
167 80
208 103
242 121
259 130
263 134
248 130
218 121
181 103
134 80
89 54
52 35
27 21
15 15
21 13
42 21
80 35
125 58
171 83
210 105
242 121
261 130
265 136
248 134
218 123
177 101
134 78
87 56
50 37
25 19
15 11
21 13
46 21
82 37
126 58
173 83
212 105
244 121
261 132
263 136
248 132
216 121
175 101
130 78
85 56
48 35
23 19
17 13
31 27
46 33
74 29
119 37
173 64
218 103
246 130
259 136
259 128
248 123
216 121
173 107
128 85
83 54
48 29
23 15
13 13
23 17
48 23
85 37
130 54
175 82
216 107
248 126
13 136
261 134
244 128
212 119
171 101
126 76
82 50
46 29
23 17
15 11
21 11
52 23
89 41
134 64
177 85
218 107
248 125
263 134
261 136
226 130
210 117
169 97
123 74
80 50
37 31
21 17
5 11
25 13
52 25
91 44
134 64
181 87
220 107
0 126
263 136
261 138
242 132
214 121
173 107
117 74
66 39
35 11
21 3
17 7
25 13
50 21
93 37
140 60
185 91
222 117
250 132
265 136
259 134
240 130
207 117
166 97
119 72
76 46
41 25
19 13
15 11
27 15
56 25
95 42
140 66
185 89
222 111
250 126
263 134
259 136
238 130
205 115
162 91
119 70
76 46
41 29
19 17
15 11
29 15
58 27
95 44
142 68
187 91
224 111
251 126
265 136
259 136
238 128
203 113
160 91
115 70
72 48
39 29
19 15
15 11
31 15
60 29
99 46
144 68
191 93
232 123
257 142
257 136
246 117
230 107
187 103
162 95
111 66
68 42
39 19
21 9
17 15
31 25
60 35
101 46
146 64
191 91
228 117
251 130
263 132
255 128
234 123
201 111
156 93
111 70
70 44
37 25
19 15
15 13
31 19
62 29
103 46
148 68
193 91
230 113
255 128
263 136
255 132
234 126
199 111
154 89
109 66
66 42
35 25
17 15
17 11
33 15
62 27
105 48
152 74
195 95
232 117
255 130
265 136
255 134
232 126
195 109
152 87
107 66
66 44
35 29
19 19
25 23
33 25
56 25
97 35
150 56
199 87
232 115
255 130
263 132
255 128
232 123
197 113
150 95
103 68
62 41
33 21
17 13
17 13
35 19
66 29
109 44
156 70
199 97
234 117
257 128
265 134
253 134
228 125
191 109
148 87
101 62
60 39
31 23
17 13
19 11
37 19
70 33
113 50
158 74
203 99
236 119
257 130
263 136
253 134
226 125
189 107
144 83
99 60
58 39
31 23
15 11
19 11
37 17
1 33
111 54
35 76
189 99
236 119
7 130
250 138
253 136
226 126
189 109
140 95
99 72
48 33
15 1
3 0
21 3
35 25
72 39
115 48
31 68
208 99
240 126
1 140
261 138
251 128
224 121
185 107
138 87
93 60
56 35
29 17
15 9
19 11
41 21
76 35
119 54
166 76
207 101
240 121
259 132
263 136
251 132
222 123
183 105
138 82
93 58
54 37
27 21
15 13
21 11
41 17
78 33
123 56
42 82
208 95
242 121
9 132
263 138
250 134
220 123
181 103
134 80
91 56
52 35
27 21
15 13
21 13
42 21
80 37
125 60
169 83
214 111
248 132
255 136
251 125
242 117
218 107
181 97
134 80
87 54
50 29
27 17
19 13
23 19
44 27
80 37
125 54
171 80
212 105
244 125
259 134
261 134
248 130
216 119
177 101
132 80
87 54
50 33
25 17
15 11
23 13
46 23
82 37
128 58
173 82
214 105
244 123
261 132
261 136
246 132
214 119
173 99
128 74
85 54
48 35
23 19
15 11
23 13
48 23
85 39
128 60
175 83
216 107
246 123
261 132
261 138
246 132
214 119
171 99
128 76
83 52
46 35
23 21
15 13
27 19
54 35
82 41
121 44
171 62
218 95
251 126
261 140
259 136
244 125
214 113
173 103
125 83
80 56
44 29
21 13
15 9
23 15
50 27
89 41
134 58
179 82
218 107
248 126
263 136
259 134
242 126
212 115
169 99
123 78
78 50
44 29
21 17
15 11
25 15
52 25
91 41
136 64
181 87
220 109
250 126
263 134
259 136
240 128
208 115
167 95
121 74
78 50
41 31
21 17
15 11
27 15
54 25
93 42
138 66
183 89
222 109
250 125
263 134
261 138
242 132
208 119
171 105
121 80
66 46
29 15
15 1
17 3
29 13
54 25
93 41
142 62
189 89
226 115
251 132
263 138
259 136
238 126
205 113
162 95
115 72
72 46
39 25
19 13
15 9
29 15
58 27
97 42
144 66
189 91
226 113
251 128
263 134
259 134
236 126
203 113
158 91
115 68
72 44
37 25
19 13
15 9
31 17
60 29
99 46
146 68
191 93
226 113
253 128
263 136
257 134
236 126
201 111
156 91
111 68
70 46
37 27
19 15
15 11
31 15
62 29
103 48
148 70
193 95
230 115
259 138
263 144
248 128
224 107
195 91
158 85
111 72
66 48
35 23
19 7
17 9
35 23
64 39
103 52
150 68
195 89
230 115
253 132
263 138
253 130
232 121
197 107
152 89
107 68
66 42
35 23
17 11
17 13
33 19
64 31
107 48
152 72
195 95
232 115
255 130
263 136
255 134
230 125
195 109
152 89
105 64
64 42
33 23
17 13
17 13
35 19
66 29
109 48
156 72
199 95
234 119
257 132
263 136
255 134
230 126
193 109
150 87
103 64
62 42
33 25
17 15
21 19
41 29
64 35
99 41
150 56
199 83
236 113
250 132
261 134
253 128
230 121
193 107
148 91
103 70
60 42
31 23
17 13
17 13
37 21
62 33
111 48
158 70
203 95
238 119
257 132
263 136
253 132
226 123
189 107
144 85
99 62
58 39
29 21
15 11
17 11
37 17
72 33
117 52
162 78
205 101
238 119
257 130
263 136
251 134
224 125
187 105
140 82
97 60
58 39
29 23
15 13
19 11
39 19
74 33
119 54
164 78
207 101
240 121
257 132
263 134
251 132
224 125
185 107
142 89
99 72
52 41
17 7
7 0
19 0
44 21
78 42
117 56
164 72
210 95
244 123
261 142
261 144
250 132
222 117
183 103
136 83
89 60
52 35
27 15
15 7
21 11
42 23
78 39
123 56
167 78
208 101
242 123
259 134
263 138
248 130
218 117
179 101
134 80
91 58
52 37
27 17
15 11
21 13
42 21
80 37
125 56
169 80
210 103
242 121
261 134
263 136
248 130
216 117
179 101
134 80
87 58
50 35
25 19
15 11
23 13
44 23
83 39
126 60
173 83
214 109
251 132
263 142
253 132
236 117
212 101
177 91
130 76
85 54
48 31
25 13
17 9
25 17
48 31
83 42
128 60
175 82
214 105
244 126
259 134
261 134
244 128
214 115
173 97
128 76
83 54
46 33
23 17
15 11
25 15
48 25
85 41
130 60
175 83
216 107
246 123
263 132
263 136
244 132
212 119
171 97
126 76
83 52
46 31
21 17
15 11
25 13
48 25
87 41
132 62
179 87
218 107
248 125
263 134
259 136
244 130
210 117
169 97
123 74
80 50
44 31
23 19
15 15
25 17
56 37
93 54
126 58
169 66
216 87
1 119
265 140
259 140
240 125
210 107
169 95
125 80
78 58
42 33
21 13
15 7
25 13
52 27
91 44
11 62
181 78
222 105
1 126
255 138
259 136
162 126
208 113
158 97
119 76
76 50
41 29
21 15
15 9
27 15
54 25
95 42
0 64
185 87
222 111
1 126
263 134
259 136
238 128
205 113
162 93
117 72
74 48
41 29
21 17
15 13
29 15
56 27
97 44
126 68
187 91
224 113
251 126
265 136
259 138
238 130
205 115
158 99
125 83
62 52
27 19
9 0
15 0
33 9
58 29
97 44
144 62
191 87
230 113
253 134
263 142
259 138
236 126
201 111
158 93
111 70
70 46
37 25
17 11
15 9
31 15
60 29
101 46
146 66
191 91
228 113
253 130
263 136
257 136
234 126
199 111
156 91
111 68
68 46
37 27
17 13
15 9
33 15
62 29
103 46
148 68
193 93
230 115
253 128
263 134
257 136
234 128
199 113
154 91
109 66
66 44
35 29
17 15
15 11
33 15
64 29
105 50
152 72
195 95
232 117
257 134
269 150
251 140
220 111
189 85
152 74
109 66
64 48
33 25
17 9
19 5
35 19
68 39
107 58
152 74
195 89
234 113
255 132
263 140
253 134
230 119
195 103
152 85
103 68
62 44
33 23
17 11
17 9
35 19
68 35
109 52
156 72
199 95
234 115
257 130
263 138
253 134
228 121
193 107
148 87
103 66
60 42
33 23
17 13
17 13
35 19
68 31
113 50
158 74
201 99
236 117
257 130
265 136
253 134
226 125
189 107
146 85
101 62
60 41
31 25
17 17
21 15
44 27
74 42
107 50
150 62
197 82
238 109
1 128
263 136
251 130
218 117
189 103
126 87
99 66
50 42
29 23
15 11
19 11
37 21
1 35
115 50
162 72
205 97
238 119
7 132
263 136
251 132
224 123
185 105
140 83
95 60
56 39
27 21
15 11
19 11
41 19
76 33
119 54
164 78
207 101
240 119
259 132
263 136
251 132
224 123
183 105
138 82
95 58
56 39
27 23
15 11
19 11
41 19
78 35
121 56
167 80
208 103
242 121
9 134
263 138
250 132
222 123
183 105
136 82
95 64
56 48
19 17
3 0
15 0
46 13
82 42
123 64
167 80
210 95
246 119
263 140
263 146
248 134
218 117
179 97
134 80
87 60
50 37
25 17
15 5
21 9
44 21
82 39
126 58
171 80
210 99
244 123
263 136
261 140
246 132
216 117
177 101
132 80
87 56
48 35
25 17
15 9
21 13
44 23
83 39
126 58
173 82
214 105
244 123
11 134
263 136
248 132
214 119
173 99
130 78
85 54
46 33
23 19
15 11
23 13
48 21
83 39
130 60
177 85
216 109
248 128
269 144
261 142
236 125
205 103
171 83
128 70
83 54
44 33
21 13
17 7
27 13
50 29
85 44
132 64
179 83
216 107
246 125
261 134
261 136
244 128
212 115
169 95
125 74
80 52
46 33
21 17
15 11
25 13
52 25
89 42
134 62
179 85
218 107
248 123
263 134
261 136
242 130
210 117
167 95
123 72
80 50
42 31
21 17
15 11
25 13
52 25
91 42
136 64
181 87
220 109
248 125
263 134
259 134
242 128
208 117
166 97
121 74
78 50
42 31
21 19
15 13
27 15
56 29
101 56
138 74
171 78
212 85
250 107
267 134
261 144
236 130
207 107
166 85
123 74
76 60
41 39
19 17
15 7
29 11
54 29
95 48
140 66
185 83
224 105
251 125
255 138
259 138
160 128
205 111
162 91
115 62
74 50
41 31
0 17
15 9
29 13
56 27
97 46
17 68
187 89
224 109
3 126
265 136
259 138
236 128
203 111
162 91
115 70
72 48
37 29
19 13
15 7
31 13
60 29
99 46
146 68
191 91
228 113
253 128
263 138
259 138
236 128
201 113
158 91
117 76
74 56
31 29
5 1
9 0
31 3
62 25
99 46
146 66
193 89
232 113
255 132
263 144
257 142
234 128
191 111
154 89
109 68
68 44
35 25
17 11
17 7
31 13
62 31
103 48
150 70
195 93
232 115
255 130
263 136
257 136
234 126
197 111
152 89
107 66
66 44
35 25
17 13
15 9
33 15
64 31
107 48
152 70
197 95
232 115
255 130
263 136
255 134
232 126
195 111
150 87
105 64
64 41
35 25
17 17
17 13
35 17
68 31
109 50
156 76
197 99
234 117
257 130
269 144
259 150
224 126
181 89
142 60
105 48
66 44
33 31
15 13
17 3
37 9
72 35
113 64
156 82
199 95
234 111
257 128
263 140
251 138
226 123
191 101
146 80
99 60
60 42
33 25
17 11
19 9
37 17
68 33
113 54
160 76
203 97
236 117
257 130
265 138
253 136
226 125
187 105
144 83
99 60
58 41
29 21
15 11
19 11
39 21
72 35
115 54
162 78
205 99
238 119
257 130
263 136
251 132
224 123
187 107
142 83
97 62
56 41
29 23
15 11
21 13
42 25
80 44
119 62
154 74
195 85
236 103
259 125
263 136
250 132
222 117
185 99
142 80
62 64
48 44
27 25
15 11
19 11
41 21
11 37
119 56
41 76
191 97
240 117
9 132
263 138
250 134
218 121
183 103
136 80
91 58
54 39
27 21
15 11
19 11
42 21
78 37
123 56
166 78
208 99
244 119
261 134
263 138
248 132
220 121
181 103
134 80
89 56
54 37
27 19
15 11
19 11
44 19
80 37
125 58
169 80
210 101
244 119
263 134
263 138
248 134
218 121
179 103
134 80
87 58
56 46
27 31
5 5
9 0
41 0
85 31
128 64
169 87
210 97
246 111
265 130
265 146
246 144
214 123
177 95
132 74
85 56
48 39
23 21
13 7
21 5
46 17
83 39
128 64
175 83
214 103
246 121
261 134
261 140
244 132
214 117
173 95
128 76
85 56
46 35
23 19
15 9
23 11
48 21
85 39
130 62
177 83
216 105
246 123
261 132
261 136
244 130
212 117
171 97
126 74
83 52
46 35
21 17
15 11
25 13
50 25
87 42
132 64
179 85
218 107
250 126
265 140
267 148
242 136
201 109
160 80
123 60
82 46
44 31
19 15
13 3
27 9
54 27
91 50
134 70
181 87
220 107
248 125
261 138
259 138
240 128
208 113
166 93
121 72
78 50
44 33
21 15
13 7
27 11
54 25
91 44
136 62
183 85
222 109
250 128
263 136
259 136
242 128
208 115
166 95
119 72
76 50
41 29
21 15
15 9
27 13
54 25
95 42
140 64
183 87
224 111
251 126
263 134
257 134
240 126
207 115
164 95
117 72
74 48
41 29
21 17
15 13
29 15
56 27
99 46
148 78
185 97
212 99
242 103
263 117
263 134
238 134
203 115
160 85
117 62
74 48
41 37
19 25
15 13
29 11
58 23
97 46
144 74
187 91
224 107
251 121
263 132
257 136
234 126
201 109
160 89
115 70
70 50
37 31
19 15
17 11
31 15
58 29
99 48
148 70
191 91
228 111
253 126
263 136
257 136
234 126
199 111
156 89
111 66
68 44
37 25
19 15
17 11
31 17
62 29
103 48
150 72
193 95
230 115
3 128
263 134
257 136
234 128
189 111
154 91
111 68
64 52
41 39
11 15
5 0
25 0
64 15
107 44
150 72
193 95
232 109
257 125
265 138
255 142
232 132
195 111
152 85
107 64
64 44
33 27
15 13
15 7
35 13
66 29
107 50
152 72
197 95
234 115
255 130
263 138
253 134
230 125
195 109
150 89
103 64
64 42
33 23
17 15
17 11
35 17
68 31
109 50
156 74
199 97
234 117
257 130
263 138
253 134
228 125
193 109
148 87
101 64
60 41
31 23
15 11
19 11
37 19
62 35
113 52
158 76
201 97
236 119
259 134
263 138
255 140
224 136
185 109
134 70
93 39
60 27
33 25
17 19
15 11
35 9
74 27
117 56
162 87
203 107
236 119
257 126
265 134
251 138
224 126
187 105
142 78
97 56
56 39
29 23
15 13
19 9
39 15
72 33
117 56
162 78
205 99
238 117
257 130
263 136
250 134
218 121
187 103
140 82
97 60
56 39
29 23
15 13
19 11
41 19
74 35
119 54
164 78
207 99
238 119
259 128
265 136
251 134
222 123
183 103
140 82
95 60
54 39
27 23
15 11
21 11
42 21
80 41
126 68
167 87
201 99
232 105
255 115
263 128
250 132
220 121
181 99
136 74
95 56
56 41
27 27
13 15
21 11
42 17
78 37
123 60
167 82
208 101
242 115
259 128
263 136
248 132
220 121
179 101
134 78
89 56
52 37
25 21
15 11
21 9
44 19
80 37
125 58
169 82
212 103
244 121
261 134
263 138
248 130
218 119
177 101
130 76
87 52
52 35
25 21
15 13
21 13
44 21
83 39
128 60
171 83
212 105
244 123
263 134
261 138
246 132
214 119
175 99
130 78
85 56
48 37
29 29
17 23
15 9
31 0
80 13
134 52
179 91
214 111
242 117
13 123
265 136
248 140
212 128
171 103
128 72
83 48
46 33
21 21
5 13
23 9
48 17
78 35
130 62
177 87
216 107
246 121
13 132
261 138
244 134
212 119
171 95
126 72
78 52
37 35
21 19
15 9
25 11
50 23
87 42
134 64
179 87
218 107
248 125
11 134
261 136
244 130
210 115
167 93
125 72
80 52
37 33
21 17
15 9
25 11
52 23
91 42
136 66
181 87
220 109
0 126
263 136
263 142
248 142
207 123
156 87
111 54
76 35
46 25
21 17
13 9
25 7
56 19
97 44
125 74
183 95
222 111
250 125
263 134
259 138
240 132
205 113
156 89
117 66
76 44
41 29
21 17
15 9
27 11
56 25
95 44
125 68
185 89
222 107
251 125
263 134
259 138
238 130
205 115
162 93
117 70
72 48
41 29
19 15
15 9
29 13
56 25
93 46
142 68
187 89
226 111
253 126
265 138
259 138
238 128
203 115
162 93
115 70
70 46
39 27
21 15
17 11
31 17
60 29
101 48
148 72
195 105
226 121
242 117
255 111
257 117
238 125
201 117
156 93
113 62
72 39
41 29
19 23
17 19
31 17
60 23
101 42
146 70
191 95
228 113
253 125
263 132
257 134
234 128
199 113
156 89
111 64
68 42
37 27
17 15
15 11
33 13
62 25
103 46
152 72
195 97
230 115
253 128
263 134
255 136
234 126
197 111
154 87
109 64
66 44
35 25
17 13
17 11
35 15
64 29
107 48
152 72
197 95
232 117
255 130
263 136
255 134
232 126
195 109
152 89
105 64
66 44
39 31
21 23
11 13
25 5
60 13
109 39
156 68
197 97
232 115
257 125
267 132
255 136
230 132
193 115
148 87
103 60
62 41
31 27
15 15
17 9
31 13
68 29
111 50
31 74
199 95
236 117
259 130
263 138
253 136
228 125
191 107
146 85
101 62
60 41
31 21
17 13
17 11
37 17
70 31
113 50
160 76
201 99
236 119
259 132
263 138
253 134
226 123
189 105
144 83
101 62
58 41
31 23
17 13
19 13
37 19
72 33
115 54
162 78
203 99
238 119
257 132
265 138
251 136
228 128
193 119
140 87
85 46
48 15
29 7
19 13
19 17
37 19
72 27
121 48
167 82
207 113
238 126
259 130
263 132
251 132
222 125
183 107
138 80
95 54
54 33
27 21
15 13
21 13
41 17
76 33
119 54
166 80
207 103
240 121
259 130
263 134
250 132
222 123
183 103
136 80
93 56
54 35
27 21
15 11
21 11
42 19
78 35
123 56
167 82
208 103
242 119
9 132
263 136
250 134
220 123
179 103
134 78
89 54
54 37
27 21
15 13
21 11
44 21
82 31
1 62
171 89
214 113
236 121
0 119
257 121
248 123
220 119
173 93
130 76
87 48
52 33
19 25
15 17
21 15
37 21
82 37
0 58
171 83
205 105
244 121
11 130
261 132
246 130
218 121
177 93
130 76
85 52
50 33
17 19
15 15
21 13
44 21
83 37
3 60
173 83
207 105
244 121
11 132
263 136
246 132
214 121
173 101
125 76
85 52
46 35
15 19
15 13
23 13
46 21
15 39
1 60
177 78
216 107
246 123
261 134
263 136
244 132
212 119
171 97
128 76
83 56
46 35
23 21
19 19
29 27
42 23
74 21
126 39
179 76
220 111
248 130
261 132
261 128
246 126
212 123
169 105
125 78
82 50
44 29
21 17
13 13
25 15
50 23
89 37
134 60
179 85
218 109
248 125
261 132
261 132
244 130
210 119
166 97
123 72
80 48
44 31
19 17
15 11
27 13
52 23
91 41
136 62
183 89
222 111
250 125
263 134
259 134
242 130
207 115
166 95
119 70
78 48
42 31
21 17
15 11
27 13
54 25
93 44
140 68
183 89
224 109
251 126
263 136
259 138
242 132
214 125
164 101
109 66
66 33
39 13
21 9
15 11
27 13
56 21
97 39
5 66
187 93
224 117
1 128
255 134
259 134
125 128
203 115
160 93
115 66
64 42
41 27
19 17
15 11
29 15
58 25
37 44
3 62
189 91
224 111
3 126
255 136
257 136
126 128
203 113
160 91
113 68
70 44
37 27
21 17
15 13
29 15
60 27
101 46
148 70
189 93
228 113
253 126
265 134
257 134
234 126
199 111
158 89
111 68
70 46
37 27
19 15
17 11
31 17
62 29
103 48
150 72
195 95
236 125
255 140
253 130
246 115
230 107
201 105
156 95
107 70
66 39
37 17
21 11
17 17
31 25
62 33
105 44
150 66
195 95
230 117
253 130
263 132
255 130
232 123
195 109
152 91
107 68
66 42
33 25
17 15
17 13
33 19
66 31
107 48
152 72
197 95
232 117
255 130
263 134
255 132
232 126
195 111
150 87
105 64
64 41
35 25
15 13
17 11
35 19
68 31
109 50
156 74
199 95
234 119
257 132
263 136
255 132
230 126
193 111
148 87
103 64
62 42
35 27
19 19
21 21
33 23
60 25
103 35
154 60
201 91
236 117
255 130
263 132
253 130
230 125
191 113
146 91
99 64
60 39
31 21
15 13
17 11
37 17
70 29
115 48
160 74
203 99
236 119
259 130
265 136
251 134
226 125
189 107
144 85
99 62
58 37
29 21
15 11
19 11
39 17
72 31
117 52
164 78
205 101
236 119
259 130
265 138
251 134
224 125
185 105
142 82
95 60
56 39
29 23
15 13
19 11
41 19
74 33
119 54
164 78
207 101
240 119
259 132
265 140
251 136
222 125
185 107
146 93
95 68
44 29
17 0
13 0
25 9
42 27
74 39
119 50
167 70
212 103
242 130
259 142
263 138
250 128
222 119
179 105
134 83
89 56
54 33
27 15
15 9
21 13
44 23
80 37
123 54
167 80
210 103
242 125
259 132
263 134
248 132
220 121
177 101
134 78
89 56
52 37
25 21
15 11
21 11
44 21
80 37
123 56
169 80
214 103
244 125
259 136
261 138
248 132
218 121
177 101
130 80
87 54
50 35
25 19
15 11
21 13
44 21
83 39
128 60
175 85
218 113
250 136
257 136
251 126
238 115
216 105
175 95
130 78
83 52
48 31
27 15
17 15
23 21
46 29
83 41
128 58
175 82
214 107
244 125
261 132
261 134
244 126
214 117
173 101
126 78
83 52
46 31
23 17
15 13
23 13
48 23
87 39
132 62
177 85
216 107
248 125
263 134
261 136
244 130
212 117
171 97
125 74
82 52
44 33
21 17
15 11
25 13
50 25
87 41
134 62
181 87
218 109
248 126
263 134
261 136
244 130
210 117
169 97
123 74
80 52
44 31
21 17
15 11
29 19
58 39
85 44
125 46
173 62
220 95
251 126
263 140
259 136
242 123
210 109
169 99
123 82
78 56
42 29
19 11
15 7
27 15
52 27
91 42
138 60
183 83
222 109
250 126
263 136
261 134
240 128
207 115
156 97
121 74
76 52
41 31
19 15
13 9
29 13
54 27
95 44
140 64
185 85
224 109
251 126
263 134
257 134
240 128
207 115
156 95
115 72
74 48
41 29
19 17
15 11
29 15
56 27
97 44
144 68
187 91
226 113
253 128
263 136
259 138
238 130
205 117
166 101
119 78
66 46
27 15
13 0
15 0
31 11
58 27
97 44
146 64
191 89
228 115
253 134
263 140
257 136
236 125
203 113
158 93
111 70
68 42
37 21
19 11
15 11
29 17
60 29
103 44
148 68
191 93
228 115
253 128
265 136
257 136
234 126
199 111
156 91
111 68
68 44
35 25
19 13
17 11
31 15
62 29
105 48
150 72
193 95
230 115
255 128
263 136
255 136
234 128
197 111
154 87
109 66
66 42
35 25
17 15
17 13
33 17
64 31
107 50
154 74
197 97
232 117
257 134
267 150
248 134
220 107
189 87
152 78
107 68
64 48
33 25
17 5
19 7
37 23
68 41
107 56
154 72
199 91
232 115
255 132
261 138
255 132
230 121
193 105
148 85
103 64
64 42
33 25
17 13
17 11
37 19
68 33
109 52
156 72
201 95
236 117
257 132
263 136
253 134
228 125
191 109
146 87
101 62
60 41
33 23
17 15
17 13
37 19
70 33
113 52
158 76
201 99
236 117
257 130
263 136
253 134
226 125
191 107
144 85
99 60
60 39
31 23
17 15
21 17
44 29
74 42
107 50
150 62
199 82
240 109
261 132
263 138
250 130
226 119
189 105
144 89
97 68
56 41
29 21
15 11
19 13
39 23
72 35
117 52
162 74
205 99
238 119
259 132
263 136
251 132
224 121
185 105
140 83
95 60
56 37
29 21
17 13
21 13
41 21
74 33
119 54
166 78
207 101
240 121
259 130
263 136
251 134
222 123
183 105
138 82
93 58
56 37
27 23
15 13
21 13
42 19
78 35
123 56
167 80
208 103
242 121
259 132
263 138
250 136
220 125
181 105
136 82
95 64
56 50
19 19
3 0
17 0
46 11
83 41
123 64
167 78
212 95
246 119
263 138
263 146
248 136
218 117
177 95
132 78
87 60
50 39
25 17
15 5
23 7
44 21
82 41
126 60
173 80
212 101
244 123
261 134
263 138
248 130
218 119
175 99
130 76
87 56
50 35
25 21
13 11
21 11
46 21
83 39
128 60
173 83
214 103
246 123
261 134
263 138
246 134
214 119
173 99
128 78
83 54
48 35
23 21
15 11
23 13
48 23
87 41
130 62
177 85
216 109
248 126
269 144
259 144
234 125
205 103
171 85
128 70
83 54
44 33
21 15
17 7
27 13
50 27
87 46
132 64
177 83
218 105
246 123
261 134
259 136
242 126
210 113
169 95
125 76
80 52
37 33
21 17
15 11
25 13
50 25
89 42
134 64
179 85
218 107
248 125
263 134
259 136
242 128
208 113
167 93
123 74
80 52
42 33
19 17
15 11
27 15
52 25
91 42
136 64
183 87
220 109
248 125
263 134
261 136
242 130
208 117
166 95
121 72
78 50
42 31
21 17
15 11
29 17
56 29
99 54
140 74
173 82
212 87
248 107
265 130
261 142
175 132
205 109
158 87
117 70
76 56
39 37
19 17
15 7
29 13
56 29
95 48
140 68
185 85
224 107
251 126
263 136
259 136
238 128
205 111
158 91
115 62
72 48
41 29
19 15
15 9
29 11
58 25
99 46
144 62
187 91
226 111
1 126
263 136
259 138
222 128
203 113
160 91
113 68
62 46
39 27
19 15
15 11
29 15
60 27
101 46
21 62
189 93
228 113
3 128
265 136
257 136
218 128
193 111
160 93
109 74
78 60
35 31
0 5
9 0
29 1
62 23
105 48
23 70
187 89
232 109
7 128
265 142
250 142
232 128
199 109
156 89
109 68
66 46
35 25
17 11
17 7
31 15
62 29
105 46
152 70
195 93
230 115
5 130
263 138
255 136
232 125
195 107
154 87
107 68
66 46
33 25
17 13
17 11
35 17
64 31
107 48
152 72
197 95
232 115
255 130
265 136
255 134
230 125
195 109
152 89
105 66
64 44
33 25
17 13
17 11
35 19
66 31
109 50
156 72
197 95
234 119
257 134
265 140
261 148
228 132
181 95
138 62
103 46
66 42
33 33
13 15
17 3
31 11
72 35
113 64
31 83
193 99
236 111
0 128
263 140
251 138
226 125
191 103
146 80
101 58
60 41
31 25
15 11
19 9
37 19
72 35
113 56
160 78
203 99
236 117
257 130
263 138
251 134
226 123
189 105
142 83
97 62
58 41
31 23
15 13
19 11
39 19
72 33
117 52
162 76
205 99
238 119
259 132
263 138
251 134
224 123
187 107
142 83
95 60
56 39
29 23
17 13
21 13
41 21
80 41
125 66
158 82
195 89
232 101
259 119
265 132
250 132
222 121
185 99
142 80
97 62
56 44
27 27
15 13
21 9
41 17
76 35
119 58
166 78
207 97
240 115
261 132
263 138
250 134
220 121
183 103
138 82
91 60
54 39
27 21
15 11
21 11
42 21
78 39
123 58
167 78
210 101
244 123
259 134
263 138
250 132
220 121
179 103
134 82
89 58
52 37
25 19
15 9
21 11
44 21
80 39
0 58
171 80
205 103
244 121
13 134
263 138
248 134
218 123
177 95
134 80
87 58
54 41
29 33
11 15
9 0
37 0
83 23
130 60
173 89
212 105
244 115
263 126
263 138
248 140
216 126
175 101
130 74
85 50
48 35
23 23
13 11
21 7
46 17
83 39
128 64
173 85
214 105
246 121
11 132
261 136
246 134
216 121
173 99
128 76
83 52
48 35
23 19
15 11
23 11
48 21
85 41
132 62
177 85
218 107
248 125
263 136
261 138
244 130
212 119
171 99
126 76
82 52
44 33
23 17
15 11
23 13
48 21
87 39
136 64
179 87
218 109
248 126
265 138
267 146
246 142
203 119
158 83
119 56
80 41
44 29
21 17
13 7
27 9
54 21
91 44
138 72
181 93
220 111
250 125
263 134
259 138
240 132
208 115
166 93
121 70
78 50
42 31
21 17
15 11
27 13
54 25
91 42
138 64
183 87
222 109
251 126
263 136
259 136
240 128
207 115
164 95
119 72
76 50
42 29
19 13
15 9
29 15
56 27
95 46
140 66
185 89
224 111
251 126
261 134
261 136
240 130
205 115
162 93
117 70
76 50
41 31
19 17
15 11
29 15
58 29
97 48
148 76
193 105
218 113
240 109
257 111
259 123
240 130
205 121
160 93
115 62
74 42
42 35
19 27
15 17
29 13
58 21
99 44
144 70
187 93
226 111
253 123
263 132
257 134
236 128
201 113
160 89
113 68
70 46
37 31
17 17
15 11
31 13
62 27
101 48
148 72
191 93
228 111
253 126
265 136
255 136
234 128
199 111
156 91
109 66
66 44
37 27
19 15
17 11
31 15
62 29
105 48
150 72
193 93
230 115
253 128
265 136
257 136
234 128
197 111
154 91
109 68
68 46
42 37
21 25
9 11
21 1
60 11
107 39
154 72
195 97
228 111
255 123
267 134
257 138
232 132
195 113
152 87
107 64
64 42
33 27
17 15
15 9
33 13
64 27
107 48
154 72
197 95
234 115
257 128
265 136
255 136
230 126
193 109
150 87
105 64
62 42
33 25
15 11
17 9
37 17
68 31
109 50
156 72
201 97
236 119
257 132
263 136
255 134
228 126
191 109
146 85
101 62
62 42
33 25
17 15
17 11
39 17
70 33
111 54
158 74
203 99
238 119
259 132
263 138
253 138
232 132
193 121
138 83
87 41
54 17
33 13
19 17
17 15
37 13
72 25
117 48
164 83
205 109
236 123
257 126
265 132
251 134
224 128
187 107
142 80
97 54
56 35
29 25
15 15
19 11
41 15
74 31
117 54
164 80
205 101
240 119
259 130
263 134
250 132
224 125
187 107
140 83
93 58
56 37
29 23
15 13
19 11
41 19
76 33
121 56
166 80
207 101
240 119
259 130
263 136
250 134
222 123
183 105
138 82
91 56
54 35
29 23
17 15
21 13
42 21
78 37
125 60
175 93
208 111
230 115
251 115
261 121
251 126
220 121
179 101
136 74
93 50
56 37
27 27
15 19
21 15
42 19
80 37
123 60
167 83
208 103
242 119
261 130
263 136
248 132
218 121
179 101
134 78
89 56
52 37
25 21
15 13
21 11
44 19
80 35
126 58
171 83
212 105
244 123
261 132
263 138
248 132
216 121
175 101
130 76
87 54
50 35
25 21
15 11
21 11
46 21
83 39
126 60
173 83
214 107
246 125
263 134
261 136
248 132
216 121
175 101
128 76
85 54
48 35
25 21
19 21
25 23
41 17
76 17
126 41
177 78
218 111
246 126
259 128
263 130
248 130
216 126
173 107
126 78
82 48
46 31
23 21
13 15
23 13
48 19
87 37
132 60
177 87
218 109
248 123
263 132
261 134
244 130
212 121
169 101
125 74
82 50
44 31
21 19
15 13
25 13
50 21
89 39
134 64
179 87
218 107
248 123
261 134
259 136
242 130
210 117
167 99
123 74
80 50
42 31
21 17
15 13
25 13
52 23
91 42
138 64
183 89
220 111
250 126
263 136
261 140
244 136
214 126
164 101
111 64
68 33
39 15
23 9
15 11
25 11
52 19
95 39
144 68
185 97
222 117
250 128
263 132
259 136
240 132
205 119
162 95
119 68
76 44
41 29
19 17
5 11
29 13
58 25
95 44
142 68
187 91
224 113
251 126
263 134
259 136
238 128
203 115
162 93
115 68
74 46
39 29
19 15
15 9
29 13
58 27
97 44
3 68
189 91
226 113
1 126
263 134
259 134
218 128
203 113
158 93
113 68
64 46
39 29
19 17
15 11
31 15
60 29
101 48
146 62
189 93
234 125
5 140
253 128
248 113
234 109
205 109
158 99
109 70
68 41
39 19
21 15
17 19
31 23
60 31
103 42
7 66
191 93
220 117
0 128
255 132
257 130
234 125
191 113
156 91
111 68
68 42
35 25
17 15
15 11
33 17
64 29
105 48
150 72
193 95
230 115
5 128
263 134
255 132
232 126
197 111
152 89
107 66
64 42
35 25
17 15
17 11
33 17
64 29
107 48
154 72
197 95
232 115
5 128
263 136
255 132
232 126
195 111
152 89
105 66
64 44
35 27
21 21
15 25
31 21
54 21
101 31
29 58
201 91
232 117
3 128
263 130
255 130
224 126
193 115
142 93
103 66
62 41
33 23
15 13
17 13
35 17
68 29
111 46
158 74
201 97
236 119
7 130
263 136
253 134
228 126
189 107
146 83
93 60
60 41
31 25
15 15
19 11
37 17
62 33
113 52
158 76
203 99
236 119
257 130
263 136
253 134
226 123
189 105
144 83
99 60
58 39
31 23
17 13
19 13
37 19
74 33
117 54
162 78
205 101
238 119
259 132
263 138
251 134
226 125
189 111
148 95
95 66
46 25
19 0
15 0
23 11
41 27
72 37
117 46
166 70
210 103
242 130
9 142
263 138
250 128
224 119
183 107
138 85
93 58
54 31
27 15
15 9
19 13
41 21
76 35
121 54
166 80
208 103
240 123
259 134
263 136
250 130
220 121
181 103
136 80
91 54
54 35
27 21
15 13
21 13
42 21
78 37
123 58
167 82
208 103
242 121
259 130
263 136
248 132
218 119
181 101
136 80
91 58
52 39
25 21
15 13
21 15
44 23
80 37
125 60
173 83
216 111
248 132
255 134
251 125
242 117
218 109
179 97
132 78
85 52
50 31
27 19
17 15
23 19
44 27
82 39
126 58
171 83
212 107
244 123
261 132
261 134
248 130
214 119
175 101
130 78
87 54
48 33
23 17
15 11
25 15
46 25
83 41
128 60
175 83
216 107
246 125
261 134
261 134
246 130
214 119
173 99
126 76
83 52
46 33
23 17
15 13
25 15
48 25
85 41
132 62
175 85
216 107
246 125
261 134
261 134
244 128
214 119
173 99
126 76
82 54
46 33
23 19
17 15
29 21
56 39
83 46
123 46
171 62
218 93
251 126
263 142
259 136
242 121
214 109
171 101
125 85
80 58
42 29
21 11
15 9
23 15
48 25
91 41
13 60
179 83
218 107
248 126
263 136
261 136
242 130
208 115
167 97
123 74
78 50
41 29
21 17
15 11
27 13
52 25
93 42
140 66
183 89
220 111
250 125
263 134
259 136
240 128
205 113
166 95
121 72
76 50
41 29
21 15
15 9
27 15
54 27
93 42
140 64
185 87
224 111
251 128
263 136
259 136
240 130
207 117
167 101
121 82
66 48
29 13
13 0
15 0
31 13
56 29
95 42
142 62
191 87
228 117
251 134
263 140
259 136
238 125
203 111
158 93
115 70
72 46
39 25
17 11
15 9
31 15
58 29
99 44
144 66
189 89
228 113
251 130
261 134
257 134
238 126
203 113
158 91
113 68
70 46
39 27
19 15
13 11
31 15
60 27
101 44
146 68
191 91
230 113
255 128
263 134
257 132
236 128
201 113
158 91
109 68
70 44
37 27
17 17
15 11
31 15
64 29
105 50
150 74
193 95
230 115
261 136
269 150
250 136
220 107
191 85
156 78
111 70
66 50
33 25
17 5
19 7
35 21
64 41
105 54
152 70
195 89
230 113
253 132
261 138
255 132
232 119
195 105
152 87
107 68
66 46
35 25
17 13
17 11
33 19
64 33
107 50
154 72
197 93
232 115
255 130
263 136
253 134
230 123
193 107
148 87
105 64
62 42
31 23
17 13
17 13
37 17
66 31
109 50
156 74
199 97
234 117
257 130
265 136
253 134
228 125
191 107
146 85
103 64
62 42
33 25
15 13
19 13
44 29
72 41
103 48
148 60
197 82
236 109
257 130
263 136
251 130
228 119
191 105
146 89
101 68
60 44
31 23
15 11
17 9
35 19
72 33
115 52
160 72
203 97
236 117
259 130
265 138
251 134
226 123
187 105
142 83
97 60
58 41
29 23
15 11
19 11
39 19
72 35
117 54
162 76
205 99
240 119
257 130
263 136
251 132
226 125
185 107
140 83
95 60
56 39
29 23
15 15
19 13
41 19
76 33
119 54
164 78
207 101
240 121
259 132
263 136
251 132
224 123
183 107
138 83
99 64
58 50
21 21
3 0
13 0
42 7
82 39
121 64
166 78
208 93
244 115
263 138
263 146
248 138
220 119
181 97
136 80
89 60
50 37
25 15
15 7
23 9
42 21
78 39
125 58
169 80
210 103
240 121
259 132
263 138
250 132
218 119
179 99
134 80
89 56
50 37
25 17
15 9
21 11
44 23
80 37
126 56
171 80
212 105
244 123
261 134
263 136
248 132
216 121
175 99
132 78
87 54
50 35
23 19
15 11
23 13
46 21
83 39
128 60
173 85
214 107
248 126
269 142
263 146
236 128
205 105
171 83
130 68
85 54
46 35
21 15
17 7
25 11
50 27
85 46
128 64
175 83
216 105
244 125
259 134
259 134
246 128
214 117
171 97
126 74
83 52
48 33
23 19
15 11
23 13
48 23
87 41
132 62
179 85
218 107
248 123
261 134
259 134
244 128
212 119
169 99
125 76
80 50
46 31
23 19
15 13
23 13
50 23
89 41
134 64
179 87
218 109
248 125
263 134
261 136
242 130
210 119
167 97
123 72
80 50
44 33
23 19
15 13
25 13
54 27
97 52
140 78
171 82
210 87
246 105
265 128
261 142
240 134
207 109
167 85
125 70
80 58
42 42
19 21
15 7
27 7
52 25
93 48
138 68
183 85
222 103
250 123
263 136
259 136
238 126
208 111
166 93
119 74
74 50
41 29
21 15
15 11
27 15
54 27
95 44
142 66
187 89
224 109
250 126
263 134
259 136
238 128
205 113
162 91
117 70
74 48
41 31
19 15
15 11
29 15
56 27
97 44
1 66
189 89
226 111
1 128
263 136
259 136
238 130
203 115
160 93
115 64
80 58
39 37
9 9
5 0
27 0
62 21
93 46
19 68
189 87
226 107
5 128
265 142
250 142
234 128
193 111
158 89
111 70
68 48
37 29
17 11
13 5
31 13
62 29
103 50
146 62
193 89
230 113
3 130
263 138
257 136
234 126
191 109
154 89
109 66
68 46
35 27
17 13
15 9
31 13
62 29
105 46
152 70
195 95
230 115
5 128
263 136
255 136
218 126
189 111
154 89
107 66
66 42
35 25
17 15
17 11
33 15
66 29
107 50
152 72
195 95
232 115
7 130
265 140
253 146
232 136
185 103
140 66
95 46
66 39
35 31
15 17
15 5
35 7
68 29
111 58
156 83
189 99
232 111
7 125
263 136
253 138
230 126
193 105
148 80
103 60
62 42
31 25
17 13
17 11
37 17
68 31
111 52
158 76
199 97
234 117
257 128
263 138
253 134
226 123
191 105
146 85
101 64
60 41
31 23
15 11
17 9
37 19
62 33
113 52
160 74
203 97
236 117
257 130
265 138
253 136
226 125
189 105
144 83
99 60
58 39
29 21
17 13
21 13
39 21
76 37
121 62
160 82
193 91
228 101
257 117
265 130
251 134
218 123
187 101
144 78
99 60
60 46
29 31
15 15
19 9
39 15
74 35
117 58
162 78
205 97
240 115
251 130
263 138
251 134
224 121
185 103
138 80
95 58
56 39
27 23
15 13
19 11
41 17
76 35
119 54
166 80
208 101
240 121
259 132
263 136
250 132
222 123
181 105
136 82
91 56
54 37
27 21
15 13
19 13
41 19
78 35
123 56
167 80
208 103
242 119
261 130
265 138
250 136
220 123
181 103
136 82
91 58
52 41
31 33
15 21
11 1
33 0
78 17
128 54
171 89
208 107
242 115
13 125
265 138
248 140
218 128
179 103
134 76
87 52
50 35
15 23
13 11
23 7
44 17
80 35
126 60
173 83
205 105
244 121
261 132
263 138
248 132
216 119
175 97
130 76
87 54
48 37
23 19
15 11
23 11
46 21
83 39
128 60
175 83
214 105
244 123
261 132
261 136
244 130
214 119
173 99
128 76
83 54
48 33
23 19
15 13
23 13
48 21
85 39
132 62
177 85
216 109
248 125
263 136
265 142
250 142
208 123
160 85
119 56
82 39
48 29
21 19
11 9
25 7
52 19
91 42
134 70
179 91
218 107
248 121
261 130
261 138
244 132
208 117
169 91
123 70
80 48
44 33
21 17
15 9
25 11
52 23
91 42
134 66
179 85
220 107
248 123
261 132
261 136
242 130
208 117
167 95
121 72
78 50
42 31
21 19
15 11
25 11
52 23
91 41
138 64
183 89
220 109
250 125
263 134
259 136
240 128
208 115
166 95
119 72
76 48
42 29
21 17
15 13
27 15
54 27
95 46
142 70
191 103
220 119
240 115
255 111
259 121
242 130
207 121
162 93
117 62
76 41
42 31
21 27
15 19
27 15
56 21
95 41
140 68
187 93
224 111
250 123
263 130
259 134
238 130
205 117
162 91
115 68
74 46
39 29
19 17
15 11
31 13
58 25
97 44
146 68
189 91
226 111
251 125
263 134
259 136
236 130
201 113
158 89
115 68
72 48
37 29
17 13
17 9
33 15
60 29
99 48
146 70
193 91
228 113
253 128
263 136
257 136
236 126
201 111
156 91
111 70
70 48
41 33
25 27
11 13
21 3
54 11
103 35
150 68
193 95
228 111
253 123
265 130
259 138
234 134
199 117
154 89
107 62
68 42
35 29
15 17
13 11
31 11
64 23
107 48
152 74
193 95
232 113
257 126
263 136
255 136
232 128
197 111
152 87
105 64
64 42
35 27
17 15
17 9
33 13
66 29
107 50
154 74
197 95
232 113
255 128
263 136
255 136
230 126
193 109
150 87
105 64
64 42
33 25
17 13
15 9
35 17
68 31
111 52
156 74
199 97
234 115
257 130
265 138
253 134
232 130
197 121
144 91
89 50
52 17
31 9
21 13
19 19
35 17
68 25
115 44
162 80
203 109
234 125
255 128
265 130
253 132
226 126
187 109
144 83
99 56
58 37
31 23
15 15
19 13
37 17
70 29
113 50
162 76
205 103
236 121
257 128
263 134
253 134
224 126
187 107
142 82
97 58
58 37
29 23
15 13
19 11
39 19
72 33
117 52
162 76
207 101
240 121
259 132
263 136
251 134
226 125
185 107
140 83
95 60
56 39
29 23
15 13
19 11
41 19
76 37
121 60
169 87
210 113
232 121
248 119
257 119
251 123
224 121
181 105
136 78
93 52
56 35
31 25
17 21
19 17
41 19
78 33
121 56
166 82
208 103
240 119
259 128
261 132
248 130
220 123
181 103
136 80
91 54
54 37
27 21
15 13
21 11
42 17
78 35
123 56
167 78
210 101
244 123
261 132
263 136
248 132
220 121
179 103
134 80
89 56
50 35
25 19
15 11
21 13
42 21
82 37
126 56
169 82
210 103
244 123
261 134
263 138
248 132
216 119
177 101
132 80
87 56
50 35
25 21
19 19
27 27
41 23
70 19
121 37
175 70
216 107
244 126
259 130
263 128
250 128
216 125
175 109
130 82
85 52
48 31
23 17
13 13
23 15
46 19
83 33
128 56
175 83
214 107
246 123
261 130
263 136
246 132
214 121
173 99
126 76
83 52
46 33
23 17
15 11
23 13
48 21
85 39
132 60
177 85
216 107
246 125
263 134
261 134
244 130
212 119
171 99
125 74
80 52
44 31
23 17
15 11
25 13
50 25
89 41
134 62
179 85
220 109
250 125
263 134
261 136
244 132
216 125
171 107
115 72
68 37
39 13
23 7
15 9
25 13
50 23
91 37
138 62
183 91
222 115
250 130
261 132
257 130
242 128
208 119
166 99
121 70
76 46
42 29
21 17
15 13
25 13
54 21
93 41
13 64
183 87
222 109
1 126
255 134
259 136
240 130
207 115
158 95
119 72
76 46
41 27
19 15
15 11
27 13
56 25
93 44
1 68
185 91
222 111
1 126
265 136
259 138
222 130
205 113
156 91
117 72
74 48
39 29
19 17
15 11
29 15
58 29
97 46
19 62
189 93
230 119
5 138
257 134
181 117
232 107
189 103
158 97
115 66
70 44
39 19
21 11
19 17
31 25
58 33
99 42
3 62
191 89
226 115
1 128
253 132
257 128
236 123
201 113
158 95
109 68
62 44
37 25
17 15
15 11
31 15
60 27
101 44
148 70
193 93
228 115
3 128
263 134
257 134
234 126
199 111
156 89
111 66
68 44
35 27
17 15
15 9
33 15
62 29
103 48
150 70
195 93
230 115
253 130
263 136
255 134
234 125
199 111
154 89
107 66
66 44
37 29
19 19
15 21
35 17
56 25
95 35
148 56
197 87
232 115
253 128
263 132
257 128
234 125
197 113
152 93
105 68
66 44
35 25
17 17
15 13
33 17
66 27
107 44
154 72
197 95
234 117
257 128
265 134
255 134
228 126
193 109
148 85
103 64
62 42
33 25
15 15
17 11
37 17
68 31
111 50
158 76
199 97
236 115
257 128
265 136
253 134
226 125
191 105
148 83
103 62
60 42
31 25
17 15
19 11
37 17
70 33
113 52
160 76
201 97
236 117
257 130
263 136
253 134
228 126
189 109
148 93
103 74
50 39
19 3
11 0
21 5
41 25
70 39
113 48
162 66
208 97
240 126
257 142
263 140
251 130
224 117
187 105
142 87
97 64
56 35
29 15
15 7
19 11
39 21
74 35
119 52
164 76
207 101
240 123
259 134
263 136
251 130
224 121
185 105
140 83
95 60
54 37
27 19
15 11
21 13
41 21
76 35
119 54
166 78
208 101
240 121
259 132
263 136
250 130
222 123
183 105
138 82
93 58
54 37
27 21
15 11
21 9
44 21
80 39
123 60
167 82
212 107
250 132
259 142
251 132
238 115
218 105
183 95
136 80
87 56
50 31
27 15
19 13
21 17
42 27
82 41
126 58
169 82
208 103
242 123
261 134
263 136
248 128
218 117
179 101
132 80
87 56
50 35
25 19
15 13
21 13
44 21
82 37
126 58
171 82
212 103
244 121
261 132
263 138
246 132
216 119
177 99
130 76
85 54
48 35
25 19
15 13
23 13
46 21
83 37
130 60
175 83
214 107
246 123
261 132
261 136
246 130
214 119
173 99
128 78
85 54
48 35
23 21
15 13
25 15
54 33
87 50
123 54
166 62
212 85
248 117
263 138
261 140
244 125
214 109
175 97
128 83
82 62
44 37
21 13
15 5
23 13
48 27
85 41
132 58
177 78
218 103
248 125
263 136
261 136
244 128
212 117
169 99
125 76
82 54
44 31
21 13
15 9
25 13
52 25
89 42
9 60
181 85
220 109
248 126
11 136
259 136
242 128
208 109
167 97
121 74
78 50
35 31
5 17
15 11
25 13
54 23
29 41
11 62
181 87
218 111
1 128
255 134
259 136
242 130
208 119
167 101
126 83
66 54
31 21
3 0
13 0
29 7
56 25
93 42
13 62
185 83
224 109
3 132
265 144
251 140
234 126
207 111
156 95
117 74
72 48
41 25
17 11
15 9
27 13
56 27
97 44
1 66
185 87
224 111
1 128
255 136
259 136
222 128
205 113
162 93
115 62
72 46
39 27
19 13
15 11
29 15
58 27
97 42
3 66
191 91
226 113
1 126
255 134
259 136
222 130
193 115
158 93
113 62
72 46
37 27
17 15
15 11
31 15
60 27
101 46
23 72
189 95
220 117
0 130
269 146
250 146
224 121
189 89
154 70
115 62
62 52
35 31
17 9
17 1
35 13
64 37
103 58
148 74
193 89
230 109
253 128
263 140
255 136
232 123
197 105
154 85
109 68
68 46
35 27
17 13
17 7
33 15
64 31
107 52
150 72
195 93
232 115
255 130
263 136
255 134
232 125
197 109
152 89
105 66
66 44
35 25
17 15
15 11
33 15
66 31
107 50
154 72
197 95
234 115
255 130
263 138
255 134
232 125
195 109
150 87
103 64
62 42
33 25
17 15
17 13
37 21
74 41
109 56
146 68
191 80
234 101
259 126
263 138
251 134
228 119
193 103
150 87
103 68
60 48
31 25
17 13
17 9
35 17
68 33
111 52
158 74
201 95
234 115
257 130
265 138
253 134
226 123
189 105
146 85
101 64
60 42
29 23
17 11
19 11
37 17
70 33
113 54
160 76
203 97
238 117
259 132
263 138
251 134
226 123
187 105
144 83
99 62
58 41
29 23
15 11
19 11
39 19
72 33
115 52
164 78
205 101
238 119
257 130
265 138
253 136
224 126
185 107
142 85
99 64
62 50
27 31
3 1
9 0
39 0
78 31
121 60
164 82
207 95
242 113
261 132
265 146
251 142
222 123
183 99
138 76
93 58
54 41
25 21
13 7
21 5
42 17
78 39
121 60
166 80
208 99
242 119
259 134
261 138
250 134
220 121
181 101
134 80
91 58
54 37
27 21
15 11
19 9
42 19
80 37
123 60
167 82
210 101
244 121
261 134
263 138
248 132
220 119
179 101
134 80
89 56
52 37
25 21
15 13
21 13
44 21
80 37
126 58
171 83
212 105
244 123
267 140
269 148
242 138
207 111
169 83
132 64
89 50
48 35
23 17
15 7
23 9
48 23
83 44
126 66
173 83
214 103
244 121
259 134
261 138
246 130
214 117
175 97
130 76
85 54
48 35
23 19
15 11
23 13
46 23
83 39
130 60
177 83
216 107
246 123
261 134
263 136
246 130
214 119
171 99
128 76
83 54
46 35
23 17
15 11
25 13
48 23
85 39
132 60
177 85
218 109
248 126
261 134
261 138
244 132
212 119
169 99
125 74
82 52
46 33
21 19
15 11
25 13
52 25
91 44
140 76
177 91
207 95
240 101
263 119
263 138
244 138
208 117
167 87
125 66
83 54
46 42
21 27
13 9
25 7
52 21
91 44
9 68
179 85
220 103
0 119
257 132
259 138
242 132
210 117
164 93
121 72
78 50
44 35
21 17
15 11
25 11
54 25
29 44
11 64
183 87
222 109
0 125
255 134
259 134
242 128
208 115
156 95
117 72
76 48
42 29
21 17
15 11
27 15
54 25
33 42
0 68
185 89
224 111
1 126
265 134
259 136
238 128
207 115
164 95
119 74
78 56
44 41
15 17
3 0
21 0
56 13
99 42
142 68
185 87
224 105
253 123
267 138
259 144
236 134
203 115
160 89
115 68
70 48
37 31
19 17
15 9
29 11
58 27
37 46
21 62
189 91
226 111
0 126
265 136
257 138
158 128
193 111
158 89
113 68
62 46
37 29
17 15
17 9
31 13
60 25
103 48
148 72
193 95
228 113
253 128
265 138
257 138
234 128
199 111
156 87
111 66
68 44
37 27
19 15
17 11
33 17
64 31
105 50
150 72
195 95
230 117
255 130
263 138
259 142
238 142
193 115
140 72
101 41
68 29
39 29
17 21
15 9
33 9
68 25
109 52
152 83
195 103
232 115
255 125
263 134
253 136
230 128
195 109
150 82
105 58
66 42
35 29
17 17
17 11
35 15
68 31
109 52
154 76
197 95
234 115
5 128
255 136
253 136
230 125
193 107
132 85
103 62
62 42
33 25
17 15
17 11
35 15
5 31
113 52
158 76
199 97
236 115
0 130
263 136
253 134
228 123
191 107
130 85
101 62
60 41
31 23
17 13
19 13
37 21
64 35
119 60
164 87
195 101
224 105
1 113
265 125
253 130
218 123
187 103
130 80
93 60
60 42
31 29
17 17
21 13
39 19
72 33
115 54
162 78
203 97
236 115
0 128
263 136
251 134
220 123
187 103
126 82
97 60
58 41
29 21
15 13
21 11
41 21
74 35
117 54
164 78
207 93
238 119
9 132
263 136
251 132
220 123
185 103
140 82
95 60
56 39
29 21
15 11
21 3
41 19
11 33
119 56
166 78
203 93
242 121
9 134
263 138
251 134
218 123
181 103
138 82
93 62
48 41
31 29
21 25
15 15
31 5
0 13
123 44
44 82
210 109
240 121
259 125
265 130
253 138
222 132
179 109
134 78
91 50
52 35
25 25
13 15
19 9
42 15
78 31
123 56
169 83
212 105
244 121
259 130
263 136
248 134
220 125
179 103
132 78
87 54
50 35
25 21
15 13
21 11
44 17
82 35
126 60
171 85
212 105
244 121
261 132
263 138
246 132
216 121
177 101
132 76
85 52
48 31
25 19
15 13
23 13
46 21
83 39
128 60
173 83
214 107
246 125
263 136
265 140
251 142
218 130
167 99
119 64
80 37
48 23
25 17
13 13
21 9
48 17
87 35
132 66
177 91
214 111
244 121
263 132
263 138
244 134
212 119
171 95
126 72
82 50
44 33
21 17
15 11
25 11
48 23
87 42
132 64
179 87
218 107
246 123
261 132
261 136
244 130
212 119
169 97
125 72
82 50
44 31
21 17
13 9
25 13
52 25
89 42
134 64
181 87
220 107
250 125
261 134
261 136
242 130
210 115
169 97
123 74
80 50
44 31
21 17
15 11
27 15
54 25
93 44
138 66
189 95
226 123
244 126
251 119
253 113
242 119
212 119
166 101
119 70
78 41
46 27
23 23
15 23
27 21
54 23
93 39
140 64
183 91
222 113
250 123
263 130
259 132
126 130
207 119
164 95
117 70
74 44
41 29
19 19
15 13
29 15
58 27
97 44
142 68
187 91
224 113
251 126
263 134
259 136
238 128
205 115
162 93
117 70
72 48
41 29
19 15
15 11
29 15
58 27
97 44
144 68
189 93
226 113
253 128
263 136
259 136
236 128
201 113
158 91
115 70
72 48
41 31
25 25
19 21
23 15
48 13
95 29
148 60
193 91
226 113
251 125
263 126
261 130
240 132
201 121
156 95
111 68
70 42
37 27
17 17
15 11
31 13
62 25
101 44
148 70
193 95
228 113
255 125
265 134
257 138
234 128
199 111
156 89
109 66
66 44
35 27
17 15
17 9
33 15
64 29
105 48
150 70
195 93
232 115
255 130
263 136
255 136
234 126
197 111
152 89
107 66
66 42
35 25
17 15
17 9
33 15
66 29
107 50
154 72
197 95
234 117
257 132
265 138
255 138
232 128
197 115
156 101
97 64
50 23
29 1
17 3
19 13
35 23
66 29
111 42
158 70
201 103
236 126
255 136
263 134
253 128
228 123
193 111
148 89
101 62
60 35
33 19
17 13
17 13
35 19
70 31
113 48
158 76
201 101
236 119
257 130
265 134
253 132
226 125
191 107
146 85
101 60
60 39
31 23
15 13
19 11
39 19
72 33
115 52
160 76
203 99
236 119
257 130
265 136
251 134
226 123
189 107
144 83
99 62
58 41
31 23
15 13
19 13
39 19
72 33
117 54
166 82
212 111
240 128
248 128
253 123
248 119
226 115
187 105
140 82
95 54
58 33
31 21
17 17
21 19
41 21
74 33
119 52
164 80
205 103
238 119
259 128
263 134
250 130
222 121
185 105
140 82
95 58
56 37
27 21
15 13
19 13
41 19
76 35
121 54
166 80
208 101
240 121
257 128
263 134
250 132
220 123
181 103
136 80
91 58
54 39
27 21
15 11
19 11
42 19
78 35
123 56
169 82
210 103
242 121
259 132
263 134
250 132
220 123
179 103
134 80
91 56
52 39
27 23
15 15
25 19
48 33
74 35
113 39
166 60
214 95
246 126
259 138
259 132
250 123
220 119
179 109
132 89
87 60
50 33
25 15
15 11
21 17
44 23
82 35
126 54
173 78
212 103
244 125
261 134
263 134
246 130
216 119
175 103
130 80
85 54
48 31
25 17
15 13
23 13
46 23
85 39
130 60
175 85
214 107
246 125
263 134
261 136
244 132
214 119
173 99
128 76
83 52
46 31
23 17
15 11
25 15
48 25
85 41
132 62
177 87
216 109
246 125
261 132
263 136
246 134
214 123
177 109
126 82
72 46
35 15
19 1
17 3
25 13
48 25
87 35
136 58
181 87
220 115
248 132
261 138
261 134
244 128
208 117
167 97
123 74
80 48
44 29
21 17
15 13
25 15
52 25
91 41
11 64
181 87
220 111
0 126
253 134
259 134
242 130
208 109
166 95
121 70
