160000 10000000 33554 62
162 85
150 80
138 74
126 70
117 62
103 56
91 50
83 46
74 42
64 39
56 33
48 29
41 25
35 23
31 21
27 19
23 17
23 15
25 15
25 17
27 19
31 19
37 21
42 25
48 27
54 33
64 37
74 41
89 56
91 56
93 42
107 37
126 48
144 70
152 83
160 83
171 82
185 87
199 103
207 117
214 119
222 115
230 113
236 119
242 126
248 132
250 128
251 125
255 126
255 130
253 134
251 132
248 128
246 125
240 123
234 123
224 121
218 117
208 111
199 107
189 101
177 97
167 91
156 83
142 78
130 70
121 66
111 62
99 54
87 48
78 44
68 41
60 37
50 31
42 27
39 23
33 21
29 21
27 19
25 15
23 15
23 15
25 17
29 19
33 19
39 23
44 25
50 29
62 35
74 44
82 52
82 46
87 39
103 39
123 50
134 64
144 74
156 78
167 80
181 87
193 101
201 111
208 115
216 113
226 113
234 119
240 125
244 128
248 126
251 126
255 126
255 130
255 134
253 130
251 126
248 126
244 126
236 126
230 121
224 117
214 113
205 109
193 103
183 97
173 91
162 85
148 78
138 74
128 70
115 64
103 58
91 50
83 46
74 44
64 41
54 35
48 29
41 25
35 23
29 21
27 17
25 15
25 15
23 15
25 17
27 19
33 19
37 21
41 23
46 27
56 31
66 37
78 48
87 58
87 50
93 37
109 37
128 54
142 76
150 83
160 82
173 80
187 89
197 105
207 117
214 115
222 111
230 115
238 121
242 128
246 128
250 126
255 126
255 130
255 132
253 134
253 132
250 128
244 126
238 125
234 125
226 121
218 115
208 109
199 105
189 101
177 97
167 89
154 82
144 76
134 72
121 68
109 62
99 56
87 50
78 44
68 41
58 37
52 31
44 27
39 23
33 19
29 19
27 17
25 15
23 15
25 15
27 17
29 19
33 19
37 21
46 25
54 31
62 37
74 46
80 50
80 42
89 39
105 42
123 54
134 68
144 74
154 76
167 80
181 91
193 101
201 107
208 109
218 111
228 115
234 123
238 126
244 126
250 126
253 126
255 130
255 132
255 132
255 130
251 128
248 128
244 126
236 125
230 121
222 117
212 111
205 107
195 105
185 99
171 93
162 85
150 82
138 76
126 70
115 64
105 58
93 52
83 48
72 42
64 37
56 33
48 29
41 25
35 21
31 19
27 17
25 15
25 17
25 17
25 17
27 17
31 19
35 21
41 25
48 29
56 33
64 37
78 46
85 56
85 46
91 33
111 37
130 56
142 76
150 82
160 80
175 80
187 91
195 105
205 113
214 115
222 111
230 113
236 121
242 128
248 130
250 126
253 126
255 126
255 132
255 134
251 132
250 128
246 126
240 126
234 125
224 119
218 113
210 111
201 109
189 103
177 95
167 89
158 83
144 78
125 72
121 66
111 60
99 54
87 50
78 44
68 41
60 35
52 31
44 27
39 25
33 21
29 19
25 15
23 13
25 15
23 17
25 17
29 17
33 19
39 23
44 27
52 31
62 37
76 48
76 48
76 39
89 33
109 42
123 58
132 70
142 74
156 76
169 82
181 91
191 101
199 107
210 109
220 111
226 117
232 121
240 125
244 126
248 126
251 126
253 130
255 132
255 132
253 130
250 126
248 126
244 128
238 128
230 123
222 117
214 113
205 109
187 105
183 99
173 91
162 83
150 80
138 74
126 70
115 64
105 56
93 52
83 48
74 44
62 39
56 33
48 29
41 27
35 25
31 21
27 17
25 17
25 17
25 17
25 15
27 17
31 19
35 21
41 25
46 27
56 29
66 37
80 50
83 54
83 42
93 33
113 41
130 62
140 78
150 82
160 78
173 80
187 93
197 109
205 115
212 113
222 109
230 113
236 123
242 128
246 126
251 125
253 125
255 128
255 134
255 134
253 130
250 128
246 126
238 126
234 123
228 121
218 115
208 109
191 105
189 101
179 97
167 89
156 83
144 76
134 72
123 68
109 62
99 56
87 48
78 44
68 39
60 35
52 31
44 27
39 23
33 21
29 19
25 19
23 17
23 13
25 15
27 17
29 19
33 21
31 21
44 27
52 31
64 39
74 48
76 44
62 37
82 35
109 42
123 56
7 68
144 66
156 76
169 82
181 91
191 103
201 109
208 111
216 111
226 115
234 121
240 125
244 125
248 125
253 126
253 130
255 132
253 132
253 130
253 130
248 130
242 128
238 125
222 121
222 117
214 113
205 109
187 103
179 97
173 91
162 87
152 82
138 76
126 70
95 64
97 56
93 50
83 46
74 44
64 39
56 33
48 29
41 25
35 23
31 21
27 19
25 17
23 15
23 15
25 15
27 19
31 21
35 21
42 25
48 29
56 33
64 37
80 50
82 50
82 37
93 31
115 41
130 64
138 76
146 76
160 74
175 82
189 97
197 111
203 115
214 111
222 109
230 115
236 125
240 126
246 125
251 125
253 126
253 130
255 134
255 132
253 128
250 125
246 126
242 128
234 125
226 119
218 113
210 109
201 107
189 103
177 95
167 89
156 83
144 78
132 74
121 66
111 60
99 54
87 50
76 42
68 39
62 37
52 33
44 29
39 25
33 21
29 21
27 19
23 15
23 15
25 15
25 17
29 19
33 21
39 23
44 25
52 31
64 37
74 48
72 44
76 35
91 33
111 44
125 60
132 72
142 72
156 74
169 82
181 95
189 105
197 107
208 105
218 109
226 115
232 123
238 125
244 125
250 125
251 128
253 130
255 132
255 132
253 132
250 130
248 128
242 126
238 126
230 123
222 117
214 113
205 107
195 103
183 97
173 91
162 87
150 80
138 74
128 68
117 64
103 58
93 52
83 48
74 44
64 39
56 33
48 27
41 25
37 23
31 21
27 17
25 15
23 13
25 15
25 17
27 17
31 19
37 21
41 25
46 27
56 33
66 41
78 52
78 48
82 33
95 31
117 46
128 68
138 78
148 76
162 74
175 82
185 97
195 109
205 111
212 109
220 107
228 113
236 125
242 128
246 126
250 125
253 126
255 132
255 136
253 134
251 130
250 128
246 126
240 128
232 125
226 117
218 113
210 109
199 107
189 103
179 97
167 89
156 83
144 78
132 74
123 68
111 60
99 52
89 48
78 44
68 42
58 35
50 29
44 25
41 25
33 23
29 19
25 17
25 15
25 17
23 17
25 17
29 17
33 19
37 23
44 27
52 31
64 41
72 48
70 41
76 33
91 35
111 46
123 60
130 68
142 70
156 72
167 82
181 95
191 105
199 107
208 107
218 109
226 115
232 123
240 125
244 125
248 123
251 126
253 132
255 134
253 132
253 130
251 128
248 128
242 126
236 123
232 121
224 119
214 115
205 109
195 103
185 99
173 93
162 87
152 80
140 76
128 72
117 66
103 58
95 52
83 46
74 42
64 37
56 33
48 29
42 25
35 23
31 21
27 17
25 15
25 15
25 15
25 17
27 17
31 19
35 21
41 23
48 29
56 31
66 41
78 50
78 44
82 31
97 31
117 46
130 68
138 78
148 76
160 74
175 82
187 99
195 109
203 111
212 105
222 109
230 119
236 126
240 126
246 125
251 125
253 126
253 132
255 134
255 132
253 128
250 126
246 126
240 126
234 125
226 119
216 111
208 107
201 107
191 103
177 97
167 89
156 83
146 78
134 74
123 68
111 60
99 54
89 50
78 44
68 41
60 37
52 29
46 27
39 23
33 23
29 21
27 17
25 17
25 15
25 17
25 17
27 17
31 17
39 19
46 27
52 35
66 44
70 44
70 37
76 31
93 37
111 48
123 60
130 68
142 70
156 72
169 83
181 95
191 105
199 107
208 107
218 109
226 117
232 123
238 125
244 123
248 123
251 126
253 132
255 134
255 132
253 130
251 130
248 130
244 128
236 125
230 119
222 115
214 113
205 111
195 105
185 97
173 91
162 87
152 82
140 76
128 70
117 64
105 58
95 52
83 46
74 44
64 39
56 35
48 29
41 25
35 23
33 21
27 21
23 17
23 15
25 17
25 17
27 17
29 19
35 21
41 25
48 27
54 31
68 41
76 50
76 42
80 29
99 31
119 50
128 70
138 76
146 72
162 72
175 83
187 101
193 111
203 109
214 107
222 109
228 117
236 126
242 126
246 125
250 125
253 128
255 134
255 136
253 134
251 128
250 126
246 128
240 128
234 125
226 119
218 113
208 111
199 107
189 101
181 95
169 89
158 83
146 78
134 74
123 68
111 62
99 54
89 50
80 44
70 41
60 37
52 29
44 25
39 23
33 21
29 19
27 17
25 17
23 15
23 15
25 15
29 19
33 21
39 23
44 27
54 33
66 44
68 46
66 37
76 29
95 35
111 48
121 60
130 66
142 68
158 74
169 85
179 97
189 103
199 105
208 107
216 111
224 115
232 121
240 125
244 125
248 125
251 126
255 130
255 132
255 132
253 130
251 128
248 128
242 128
236 125
230 121
222 117
214 113
205 111
195 105
185 99
173 93
162 87
150 82
138 76
126 68
117 64
107 58
95 54
83 48
74 44
64 39
56 35
48 31
42 27
35 23
31 19
27 17
25 17
25 15
23 15
25 15
27 17
31 19
35 23
41 25
48 29
56 33
68 44
72 48
72 35
80 25
101 33
119 56
128 72
136 76
148 72
162 74
175 87
185 101
193 107
203 107
212 105
220 109
228 119
236 126
242 125
246 123
251 125
253 128
255 134
255 134
255 130
253 128
251 130
246 130
240 126
234 125
228 119
218 115
208 111
201 107
191 101
179 95
167 87
156 83
146 80
134 74
123 66
111 60
101 56
89 50
78 46
68 39
60 35
52 31
46 29
39 25
33 21
29 19
27 17
25 15
23 15
23 17
27 17
29 17
33 19
37 23
44 27
54 35
66 42
64 42
66 33
78 29
95 37
111 50
121 60
130 66
142 68
158 76
167 85
179 97
189 103
199 105
208 105
216 111
224 119
232 121
238 123
244 121
248 125
251 128
255 132
255 132
255 132
253 130
251 130
248 128
242 126
240 126
232 123
222 117
214 113
205 109
197 105
185 99
173 91
164 87
152 82
138 76
126 70
117 64
105 58
93 52
83 46
74 42
64 39
56 33
48 27
42 25
37 23
31 21
27 19
25 17
23 17
25 15
25 17
27 17
29 19
35 19
41 23
48 29
54 35
68 46
72 48
72 35
82 25
101 35
119 56
126 72
136 74
146 68
162 74
175 87
183 101
193 107
205 105
212 105
220 111
228 119
236 125
242 125
246 123
250 125
253 128
255 134
255 134
255 132
251 130
250 128
246 128
242 128
234 125
226 117
218 113
210 111
201 107
189 101
179 95
169 89
158 85
144 80
126 72
123 68
113 62
99 56
87 50
78 44
70 41
60 37
52 31
44 25
41 23
35 23
29 19
27 17
25 17
25 17
25 17
25 17
29 17
31 19
31 23
44 29
54 35
1 42
64 41
62 31
78 29
95 39
111 52
113 62
5 66
142 68
156 74
167 85
179 97
189 103
195 103
193 105
218 111
224 117
232 119
238 121
244 121
248 121
1 126
255 125
255 134
253 132
253 130
251 130
250 130
244 128
236 125
230 119
224 117
214 115
205 111
195 103
185 99
175 91
164 87
152 82
140 76
128 70
117 64
105 56
95 52
85 48
76 44
64 39
54 31
48 29
42 27
37 25
31 23
27 17
25 17
25 17
23 17
23 17
27 15
31 17
35 21
41 25
46 27
56 33
70 46
70 44
70 29
82 23
103 37
119 58
126 72
136 72
148 68
164 76
173 91
183 105
193 107
203 105
212 105
220 111
228 119
236 125
242 123
246 121
250 123
253 128
255 132
255 134
253 130
253 128
251 130
246 130
240 128
234 123
228 119
220 115
210 111
201 105
191 101
181 95
169 89
158 83
146 80
134 74
123 70
111 62
99 54
89 48
80 46
70 42
60 37
52 33
46 29
39 25
33 23
29 21
27 17
25 17
23 17
23 15
27 19
29 19
33 21
39 21
44 25
54 35
64 44
62 39
64 29
80 29
99 41
111 54
119 64
130 66
142 66
158 76
169 87
177 99
187 101
199 101
208 103
216 111
224 119
232 121
238 121
244 121
250 125
251 128
253 132
255 130
255 128
255 130
251 132
248 132
242 128
238 125
232 121
222 117
214 115
205 109
197 103
185 99
173 93
164 87
152 82
140 76
128 72
117 66
105 58
95 54
83 48
74 42
64 37
56 33
50 31
42 29
35 23
31 21
29 19
25 17
25 15
25 15
25 15
27 15
31 19
35 21
41 25
46 27
58 37
68 46
68 42
70 29
83 25
103 39
117 60
126 70
136 72
148 68
162 76
175 91
183 103
193 107
203 105
212 105
220 113
228 119
234 125
240 125
246 123
250 125
253 130
255 134
255 134
255 132
253 130
250 128
246 130
240 128
234 123
226 117
220 115
210 111
201 107
191 103
179 95
169 89
158 85
146 82
134 74
123 68
113 60
101 56
89 50
78 44
70 41
60 33
52 29
46 27
41 27
35 23
29 21
25 17
25 17
25 17
23 17
25 17
27 17
33 19
37 21
44 29
56 37
62 44
60 37
66 27
80 29
97 39
109 56
121 64
130 64
142 68
158 76
167 89
177 99
189 101
199 103
208 103
216 111
224 117
230 121
238 123
244 121
250 125
251 128
253 132
255 132
255 130
255 130
251 130
250 130
244 128
238 125
232 121
224 117
214 115
205 111
195 105
185 99
175 91
164 87
152 82
140 74
128 70
119 64
107 60
95 54
83 48
74 42
64 37
56 33
48 29
42 27
37 25
31 21
29 19
25 17
25 17
23 17
25 17
27 17
31 17
35 21
41 25
46 27
60 39
68 46
66 39
70 25
83 25
103 41
117 62
125 70
134 68
150 68
164 78
173 95
183 105
193 105
203 103
212 105
220 113
228 119
236 123
242 121
246 121
250 125
253 130
255 134
255 134
253 130
253 128
250 130
246 128
240 126
234 121
230 119
220 117
210 113
201 107
193 101
181 95
169 89
158 85
146 80
136 72
123 66
111 62
99 54
89 50
80 46
70 41
60 37
52 33
44 29
39 25
35 21
31 19
27 19
25 17
23 15
23 15
27 17
29 19
33 21
37 23
44 27
56 37
60 41
58 33
64 25
82 29
99 41
109 54
119 62
130 64
142 66
156 76
167 87
177 95
189 101
199 103
208 105
214 111
224 117
232 119
236 119
244 121
250 126
251 130
253 132
255 132
255 130
255 130
251 130
248 130
242 128
238 125
232 121
222 117
214 113
205 107
197 103
187 101
175 93
164 89
152 82
142 78
130 72
117 66
107 58
95 52
83 48
74 42
64 37
56 33
48 31
42 27
37 21
31 19
27 17
25 15
23 15
27 17
25 17
25 17
31 19
35 21
41 25
46 29
58 41
66 46
64 35
70 23
85 25
103 44
117 62
125 70
136 66
150 68
162 78
175 93
183 103
193 105
201 101
212 103
222 113
228 123
234 123
240 121
246 121
251 126
253 132
253 134
255 132
255 128
253 128
250 128
248 130
242 126
234 123
228 119
218 113
210 111
201 109
191 101
179 95
169 89
158 83
146 80
134 72
123 66
115 62
101 58
89 50
80 44
70 41
62 37
52 33
44 29
39 23
35 21
31 19
27 17
23 15
25 15
25 17
27 17
27 17
33 19
39 23
46 29
56 39
56 37
56 31
68 27
83 33
97 44
109 56
119 62
130 64
144 68
158 80
167 89
177 95
187 99
197 99
208 105
216 113
224 117
230 119
238 121
244 123
248 126
251 130
253 130
255 130
255 130
253 130
251 130
250 130
244 128
238 125
230 121
224 117
216 115
207 111
195 105
185 97
173 91
166 87
152 83
140 76
128 70
119 64
107 58
95 54
83 48
74 42
64 37
58 33
50 31
42 29
37 25
33 21
27 17
27 17
25 17
23 17
25 15
27 15
29 15
35 21
41 25
46 29
60 41
64 44
62 33
70 23
87 27
105 46
117 64
125 68
134 66
148 68
162 80
173 95
183 103
193 103
203 101
212 105
220 113
228 121
236 123
242 123
248 123
250 125
253 132
255 136
255 134
255 130
253 130
250 130
246 130
240 126
234 123
228 117
218 113
212 113
203 109
193 101
181 95
169 89
158 85
146 80
126 74
125 68
113 60
101 54
89 50
80 46
62 41
60 33
54 31
46 29
41 27
33 23
29 19
27 17
25 17
23 17
23 15
27 17
29 19
33 21
37 23
46 29
56 39
56 39
56 29
66 23
83 29
99 44
109 56
117 60
130 62
144 68
158 80
167 91
175 97
187 97
199 99
207 105
214 111
222 117
230 117
238 119
244 123
248 126
251 130
255 132
255 132
255 132
253 130
251 132
248 130
244 126
238 125
232 121
224 119
214 115
205 109
197 103
187 99
175 93
164 87
152 82
142 76
128 70
117 64
105 58
97 54
85 50
76 44
64 39
56 33
50 31
42 27
37 23
31 19
29 17
25 15
23 15
23 15
25 15
25 15
31 19
35 23
41 25
48 29
60 42
60 42
60 27
70 19
89 29
105 50
115 66
125 66
134 62
150 68
162 83
173 95
181 101
193 101
203 99
210 103
220 115
228 121
234 121
240 119
246 121
250 126
253 132
253 134
255 130
255 130
253 128
250 130
246 130
242 128
236 123
228 117
220 115
212 111
203 107
191 101
181 93
169 87
160 83
146 80
134 74
123 68
113 60
101 54
91 52
80 46
70 39
60 35
54 31
46 27
39 25
35 21
29 19
27 17
25 17
23 15
23 15
27 17
29 17
33 21
37 23
48 31
54 39
52 33
56 23
68 23
85 33
97 46
107 54
119 58
130 62
144 70
156 82
158 91
177 95
187 97
189 97
208 105
216 113
222 117
230 117
238 117
244 123
250 128
251 130
253 132
255 130
255 130
253 132
251 132
248 130
244 126
238 123
232 121
222 119
214 115
207 109
189 103
185 97
175 93
166 87
154 83
140 78
128 70
119 62
107 58
97 56
83 50
74 42
66 39
58 35
48 31
42 27
37 23
33 19
27 19
25 17
25 17
25 17
25 15
27 17
31 19
35 23
39 25
48 31
60 41
58 37
60 23
72 19
89 33
105 54
115 64
123 64
136 62
150 70
162 83
171 97
181 99
191 97
203 97
210 105
220 115
218 119
234 119
242 119
246 123
250 128
251 132
255 132
257 130
255 130
253 130
251 130
248 130
242 126
234 123
228 119
220 117
210 111
201 107
191 101
181 95
169 89
158 85
146 80
128 72
125 66
113 62
101 56
89 50
80 44
72 41
62 37
52 33
46 29
41 25
33 21
29 19
27 19
25 17
23 15
23 15
25 15
29 19
33 23
39 25
48 33
52 37
50 31
54 21
70 23
85 33
93 48
107 56
117 56
126 60
146 62
156 83
158 93
175 93
187 95
189 99
207 107
214 113
222 115
222 117
238 119
244 123
248 126
1 130
255 130
255 125
255 130
253 130
253 132
248 130
244 126
234 125
232 123
224 119
214 115
207 109
189 103
187 99
175 93
156 87
148 82
142 76
130 72
119 62
107 60
95 52
78 48
76 44
66 39
56 33
46 31
42 27
37 23
31 19
27 15
25 17
25 17
23 17
25 17
27 17
31 19
35 23
39 25
50 35
58 42
54 33
58 19
74 19
93 37
105 58
111 64
123 60
136 62
150 74
162 87
169 97
181 99
191 95
203 97
212 107
220 117
228 121
234 119
240 119
246 123
251 130
253 134
255 132
255 130
255 128
253 130
250 132
246 130
240 125
236 123
228 119
220 117
212 113
203 107
191 99
181 95
169 91
158 85
148 80
136 76
125 68
113 62
101 58
91 52
82 46
70 41
62 35
52 33
46 29
39 25
35 21
31 19
27 19
25 17
23 17
25 17
27 17
29 21
33 21
39 25
50 35
48 35
46 25
56 19
72 25
85 39
97 50
105 56
119 56
132 62
144 72
154 82
164 91
177 93
187 95
197 101
207 107
214 113
224 115
230 117
238 119
244 123
248 126
251 130
253 130
253 128
257 130
255 134
251 134
248 130
244 126
240 125
232 123
222 119
214 115
208 109
197 103
187 99
175 93
166 89
154 83
142 76
128 70
119 66
107 60
95 54
85 48
74 41
66 39
58 35
48 31
42 27
37 23
33 21
29 19
25 17
25 17
25 17
25 17
27 17
29 19
35 21
41 25
52 37
54 39
52 25
60 15
78 23
93 42
103 58
113 62
123 58
136 62
150 74
160 89
171 97
181 97
191 95
203 99
212 109
218 119
228 119
234 117
242 119
246 123
251 130
253 132
255 132
255 130
255 132
253 132
251 132
246 130
242 126
234 121
228 119
220 115
212 111
201 107
191 99
181 95
171 91
158 87
146 80
134 74
125 68
113 64
101 58
89 50
80 44
70 41
62 37
52 31
46 29
41 25
35 21
31 19
27 19
25 17
25 15
25 15
25 15
29 17
33 23
42 29
48 37
46 31
46 21
58 19
74 27
85 41
95 50
105 54
119 56
132 64
144 76
154 85
164 89
175 91
187 93
197 99
207 109
214 113
222 115
232 115
238 119
244 125
248 128
251 130
255 130
255 132
255 132
255 134
251 132
250 130
244 126
238 123
232 121
226 119
216 117
207 111
197 103
187 99
177 95
164 91
152 83
142 76
130 70
119 64
107 60
95 54
87 48
76 44
66 41
58 35
50 31
44 27
37 25
31 21
29 19
25 17
23 15
25 17
25 17
27 19
29 21
35 21
42 29
52 39
50 35
50 19
62 13
80 25
93 44
101 58
111 58
123 56
140 64
150 80
160 91
169 95
181 93
193 93
203 101
210 111
218 115
226 115
236 115
242 119
246 125
251 130
253 130
255 130
255 130
255 130
253 132
250 130
246 128
242 125
236 123
228 121
220 117
212 113
203 107
193 101
181 97
169 91
160 85
148 80
136 74
125 68
113 64
103 58
91 52
80 46
72 41
62 37
54 33
46 29
39 23
33 19
31 19
29 19
25 17
23 15
25 15
27 17
29 21
33 23
42 29
46 35
42 27
44 19
60 17
76 29
87 42
95 50
105 52
119 56
132 64
144 78
154 85
164 89
175 89
187 91
197 101
205 107
214 113
224 115
232 115
238 121
244 125
248 130
251 130
253 130
255 130
255 132
255 132
251 132
248 128
244 125
238 125
232 121
224 119
214 115
208 109
199 103
187 99
175 91
166 87
154 83
142 78
130 72
119 66
107 60
97 54
85 50
74 42
66 39
58 35
50 31
42 27
37 23
33 19
29 19
27 19
25 17
25 17
25 17
27 19
29 21
33 21
44 33
48 37
46 27
50 15
64 15
82 33
93 50
99 58
111 56
125 56
138 66
150 82
158 91
169 93
181 89
193 93
201 101
210 111
220 115
228 115
234 117
242 121
248 126
250 132
251 130
253 128
257 130
255 132
253 136
250 132
246 128
242 125
236 123
228 121
220 117
212 113
203 107
193 101
181 97
171 91
160 87
148 80
136 74
125 68
113 62
103 58
91 52
80 44
70 41
62 35
54 33
46 29
41 25
35 21
31 19
27 17
25 17
25 17
25 17
25 17
27 17
35 23
42 33
41 31
41 21
46 15
64 21
78 35
85 44
93 50
107 50
119 54
132 66
142 76
154 85
134 89
175 89
187 93
189 101
187 107
214 111
222 111
222 115
238 119
244 126
248 128
1 128
255 130
255 125
255 134
253 134
251 132
250 128
173 126
234 125
224 121
224 117
216 115
208 111
189 105
187 99
177 95
158 89
154 83
142 78
130 72
121 66
107 62
95 54
85 48
76 42
66 39
58 35
50 31
42 27
39 23
33 21
27 17
27 17
25 17
23 17
23 15
27 17
31 21
35 25
44 35
44 33
44 19
50 11
68 19
82 39
91 52
99 54
111 52
125 56
136 68
148 83
160 89
169 89
179 89
191 95
201 105
210 113
218 113
226 111
234 115
242 123
246 128
250 130
253 130
255 130
255 130
255 134
253 134
251 132
246 128
242 125
236 123
228 121
220 117
212 111
203 105
193 101
181 97
171 91
160 85
148 80
136 74
125 68
113 60
101 56
91 52
80 46
70 41
64 37
54 35
46 31
39 27
35 21
29 19
27 17
25 17
25 17
23 17
25 17
29 19
37 25
42 33
37 27
39 17
48 13
64 21
78 35
83 44
93 46
107 48
121 56
132 70
142 80
152 83
164 85
175 87
185 95
195 103
205 107
214 107
224 111
232 115
238 121
242 125
250 128
253 130
253 130
255 132
255 132
255 132
253 132
250 130
244 126
238 125
232 123
226 119
216 115
207 109
197 105
187 99
177 93
166 89
154 82
142 78
130 72
119 66
107 60
97 54
85 50
76 44
66 39
58 35
50 31
42 25
37 23
33 23
29 21
25 17
23 15
23 15
25 19
27 21
29 21
37 25
44 35
42 31
41 13
52 11
70 23
83 42
89 52
99 52
111 50
126 58
138 74
146 85
156 85
169 83
183 87
191 97
201 107
210 111
220 111
228 113
234 117
240 123
246 128
251 130
253 128
255 130
255 132
255 134
253 134
250 130
246 126
242 125
236 123
230 121
220 117
212 111
203 105
193 101
183 99
171 93
160 87
148 80
136 74
125 68
115 64
103 58
91 52
80 46
72 41
62 37
54 33
46 29
41 25
35 21
31 21
27 19
25 17
25 17
25 17
27 19
29 19
37 27
39 31
35 23
37 13
50 13
66 25
76 39
83 44
93 46
107 48
121 58
132 72
142 80
152 82
164 83
175 87
185 95
195 101
207 105
216 109
224 111
230 117
238 121
244 125
248 126
251 128
253 130
255 132
255 134
255 134
251 130
250 128
244 126
238 125
232 123
226 119
216 115
207 111
189 105
187 99
177 95
158 89
154 83
142 76
132 72
121 66
107 62
97 54
85 48
76 44
68 41
58 37
48 31
42 27
39 23
33 21
29 19
25 17
25 15
25 15
25 15
25 17
31 21
31 29
41 35
37 21
33 7
56 11
72 29
82 46
80 52
97 48
113 48
126 62
136 78
146 85
158 85
169 82
181 87
187 97
201 105
210 111
218 109
226 111
234 119
242 126
246 130
0 128
253 126
255 130
255 132
255 134
253 132
251 128
238 126
242 125
234 123
230 121
222 117
212 113
203 107
193 103
183 99
171 93
160 87
148 80
136 74
126 68
115 64
93 56
91 50
82 46
64 42
62 37
46 33
46 27
39 25
31 23
31 21
27 19
25 17
25 15
25 17
27 19
31 23
37 31
33 27
29 15
41 9
54 15
5 29
74 39
66 42
95 44
109 50
113 60
5 72
125 78
144 80
132 83
173 87
185 95
195 103
205 105
212 105
222 109
232 117
238 125
242 126
248 126
253 128
253 130
255 132
255 134
255 132
253 130
248 128
244 126
240 126
232 123
226 119
216 115
207 109
199 105
189 99
177 95
166 89
154 82
142 76
130 72
121 68
107 60
97 54
87 48
76 44
66 39
58 37
50 31
42 27
37 23
31 19
29 19
27 19
25 17
23 15
25 17
27 19
31 23
39 33
37 29
35 13
44 5
58 15
72 35
82 48
87 50
99 46
113 50
126 64
136 80
146 83
156 82
169 82
181 89
191 99
199 107
208 107
218 107
228 111
234 119
240 125
246 128
250 128
253 128
255 130
255 134
255 136
253 134
251 130
246 126
242 126
236 125
228 121
220 117
212 109
203 105
195 103
183 99
171 91
160 85
150 80
138 76
125 70
115 64
103 58
91 50
82 44
70 39
64 37
54 35
46 31
41 25
35 21
31 21
27 19
25 19
23 17
25 17
27 19
33 27
35 31
29 23
31 11
42 9
56 17
66 33
74 41
82 41
95 44
109 50
119 62
128 72
140 76
152 80
166 83
175 89
185 97
195 103
205 105
214 107
224 113
230 117
238 121
244 125
248 126
251 128
253 130
255 132
255 132
255 132
251 130
248 128
244 126
240 125
232 123
224 117
218 113
208 111
191 107
187 101
177 93
167 89
154 83
142 78
130 72
121 66
109 60
97 54
85 48
76 44
68 41
58 37
50 31
42 27
39 23
33 21
29 19
25 17
25 15
25 15
23 15
27 17
33 23
39 35
33 23
33 7
46 5
62 21
74 41
80 48
87 44
101 42
115 52
126 70
134 82
146 82
156 80
169 82
179 91
189 101
201 105
210 105
218 107
226 111
232 117
242 125
248 130
250 128
253 128
255 130
255 134
255 136
253 132
250 128
246 126
242 126
236 125
228 119
222 115
212 111
203 107
193 103
183 99
173 91
162 87
148 80
136 74
125 68
115 64
103 58
91 52
82 46
72 41
64 37
54 33
46 29
41 27
35 23
29 21
27 17
25 17
23 17
25 17
29 21
35 27
33 27
27 15
31 7
44 9
58 23
64 35
64 39
62 31
97 44
109 56
119 66
128 72
140 76
152 78
164 83
173 89
185 97
195 101
205 103
214 107
222 113
230 119
238 123
244 125
248 125
251 128
255 132
255 134
255 132
253 130
251 130
250 130
236 128
238 125
234 123
226 119
216 115
208 111
191 105
189 101
177 95
158 89
154 82
144 78
125 72
117 66
109 60
97 54
87 48
78 44
68 41
58 35
50 31
44 27
37 23
31 19
29 19
27 19
25 17
23 17
25 17
27 19
35 31
35 31
27 13
35 1
48 7
64 27
70 42
78 44
89 42
101 44
113 56
125 72
134 80
146 78
156 76
167 82
179 91
189 101
201 105
210 105
218 107
228 113
236 121
242 126
246 126
250 126
253 130
255 132
255 134
255 132
253 130
251 128
246 128
242 126
236 125
230 121
220 115
212 111
205 107
195 103
183 97
169 91
160 83
150 80
138 76
126 72
115 64
103 56
91 52
82 48
72 42
62 39
54 33
46 27
41 23
37 23
31 21
27 21
25 17
25 17
27 17
31 23
33 29
27 23
25 9
35 5
48 13
56 27
64 35
74 37
83 39
97 44
107 56
119 68
128 74
140 74
152 76
164 82
175 89
185 95
195 97
205 101
214 107
222 113
230 119
238 123
244 123
248 125
251 128
255 132
255 134
255 132
255 130
253 130
248 130
244 128
240 125
232 121
224 117
216 113
208 111
199 107
189 101
177 93
166 87
156 83
144 80
130 72
121 66
109 60
97 54
87 48
76 44
68 41
58 35
50 31
42 25
39 23
33 23
29 21
25 19
25 17
25 17
25 19
29 25
33 31
29 23
27 5
37 1
52 13
64 33
62 44
62 41
87 39
101 44
115 60
125 74
134 78
144 74
156 76
169 83
179 95
189 101
201 103
210 103
218 109
220 115
234 123
242 125
246 125
0 126
250 130
255 125
257 134
255 132
253 130
251 128
248 128
244 126
236 123
230 119
222 117
214 113
203 109
193 103
183 97
173 93
160 87
150 82
136 74
126 70
115 64
103 56
91 50
82 44
72 41
64 37
54 33
46 29
41 27
37 23
31 19
25 19
25 17
25 17
27 19
33 27
29 27
21 17
25 5
37 7
48 19
58 31
64 37
72 35
83 37
97 46
107 58
117 68
128 70
140 70
152 76
164 83
173 91
183 95
195 97
205 99
214 107
222 115
230 121
238 123
244 125
248 126
251 130
253 132
255 134
255 132
253 130
251 130
250 130
244 128
240 126
232 121
226 117
216 115
207 109
199 105
189 101
177 97
166 89
154 82
142 76
132 72
121 68
109 62
97 54
87 48
78 44
68 41
58 35
50 29
44 25
39 23
33 21
29 19
25 19
25 17
25 17
25 17
31 27
33 31
25 17
27 1
41 3
56 23
62 39
68 41
78 37
91 39
103 50
113 66
123 72
132 70
146 70
158 76
167 87
179 95
191 99
201 99
210 103
218 109
226 117
234 121
242 123
246 123
250 126
253 130
255 134
255 134
253 130
253 128
250 128
248 130
242 128
236 125
230 119
222 115
214 113
205 109
195 103
183 97
173 91
160 85
150 82
138 76
126 70
115 64
103 56
91 52
82 44
72 42
62 37
54 33
46 31
41 25
35 21
31 21
29 21
25 19
25 19
27 21
31 27
25 25
19 11
25 3
41 7
50 21
56 33
62 35
72 35
85 41
97 52
107 62
115 68
128 68
140 70
150 76
162 83
171 89
185 93
197 97
205 103
214 109
222 115
232 119
238 121
244 123
250 128
251 132
250 134
255 132
255 132
255 132
251 132
248 130
244 126
240 125
234 121
224 119
216 115
208 111
199 105
189 99
177 95
167 91
156 85
144 80
132 72
121 66
109 62
97 56
87 48
76 44
68 37
58 33
50 29
44 27
39 25
35 21
29 19
25 19
23 17
25 17
27 21
33 31
27 23
21 5
29 0
44 7
56 29
60 41
68 39
78 35
91 39
103 54
113 68
123 72
132 70
144 70
156 78
167 89
179 97
189 97
199 97
210 101
218 111
226 119
234 121
242 123
248 125
250 128
251 132
255 134
255 134
255 132
253 130
250 128
246 128
242 125
238 125
230 121
222 117
212 113
205 109
195 103
183 97
173 91
162 87
150 82
136 74
126 68
117 62
105 58
91 52
82 46
72 42
64 39
54 33
46 29
41 27
37 23
31 21
27 19
25 19
25 19
29 25
29 27
19 15
19 5
29 3
42 13
48 25
54 31
62 31
72 33
85 41
97 54
107 64
117 66
126 66
138 70
150 78
162 85
171 91
183 93
195 95
205 101
214 109
222 115
230 117
238 121
244 123
248 128
251 130
253 132
255 132
255 132
253 130
251 130
250 128
246 128
240 125
232 121
226 117
218 115
208 111
199 105
189 99
177 95
167 89
154 82
144 78
132 72
121 66
109 60
97 54
87 48
78 44
68 41
60 37
50 31
44 27
39 25
33 23
27 19
27 17
25 19
25 19
29 27
29 29
23 17
21 1
33 0
44 15
54 33
60 39
66 35
78 33
91 42
103 58
111 68
121 68
132 64
146 70
158 80
166 89
175 91
189 91
201 95
210 105
218 115
226 119
234 121
242 123
246 126
250 130
253 132
255 132
255 132
255 130
253 128
251 130
248 128
242 126
236 123
230 119
222 117
214 113
205 109
195 103
185 97
171 91
162 85
150 80
138 76
126 70
115 64
103 58
93 52
83 48
72 44
62 39
54 33
46 29
42 27
37 25
31 21
29 19
27 19
27 21
31 29
23 25
17 11
21 3
33 5
42 15
48 27
52 31
62 29
76 33
87 44
95 56
105 62
117 62
128 64
140 70
150 80
162 85
173 87
183 91
195 97
205 103
212 109
222 115
232 119
238 121
242 125
248 128
251 130
253 132
253 130
255 130
255 132
253 132
250 130
244 126
240 125
234 123
226 119
216 115
208 111
199 105
189 101
177 95
167 89
154 83
144 78
132 72
121 66
109 60
99 54
87 48
78 44
68 39
60 35
50 31
44 27
39 25
33 21
29 21
27 19
25 17
25 19
29 29
25 25
17 7
21 0
37 1
48 23
54 37
58 35
68 29
80 33
91 46
101 62
109 66
121 64
134 64
144 70
156 82
167 89
179 93
191 93
199 97
208 105
218 113
228 119
234 121
240 123
246 125
250 130
253 132
253 132
255 130
255 130
253 132
250 130
246 128
242 126
236 123
230 121
222 117
212 111
205 107
195 101
185 97
173 93
162 89
150 82
138 76
126 68
117 64
103 58
91 52
82 46
72 41
64 37
54 33
48 31
42 27
37 23
33 21
29 21
27 21
29 25
27 27
19 17
15 3
23 0
35 7
42 21
48 27
52 29
64 29
76 37
87 48
95 56
105 60
115 60
128 64
138 72
150 80
160 85
173 87
183 91
195 97
205 103
214 111
222 115
230 115
238 121
244 125
248 130
250 130
253 130
255 130
255 132
253 132
251 132
250 128
246 126
240 125
234 123
226 119
218 115
208 111
191 105
189 101
179 95
167 91
156 85
144 78
125 70
121 66
111 62
99 56
87 50
78 44
68 41
60 35
52 31
37 27
39 25
33 21
21 19
27 17
25 17
25 21
29 31
19 17
17 0
27 0
41 11
46 29
50 35
58 31
68 27
80 35
89 50
101 62
111 64
121 62
132 64
144 74
156 83
166 89
177 89
189 91
201 97
210 107
218 115
226 117
234 117
242 121
246 126
250 132
253 132
255 132
255 132
255 132
253 132
251 130
248 128
244 126
236 123
230 121
222 117
214 113
205 109
193 103
185 99
173 91
162 87
150 80
138 76
126 70
115 64
103 58
93 52
83 48
72 42
64 39
56 33
48 31
41 27
35 23
31 21
29 19
27 21
33 29
25 25
15 11
17 1
27 3
37 13
41 25
46 27
54 27
64 29
76 39
85 48
95 56
105 58
115 58
126 64
138 72
150 82
162 83
171 85
183 87
195 97
205 107
212 111
222 115
232 117
238 121
244 126
248 128
251 128
253 132
255 130
255 132
255 132
253 132
250 130
246 126
240 125
234 123
226 121
218 115
208 111
201 105
191 101
177 95
166 87
156 83
146 80
125 74
121 68
111 60
99 56
87 50
78 44
68 41
60 35
52 31
46 29
39 25
33 21
29 19
27 19
25 19
29 29
25 25
15 7
19 0
29 0
41 17
46 31
50 31
58 27
68 29
80 41
91 56
99 62
109 60
123 58
132 64
144 74
154 83
166 85
179 87
189 91
199 99
208 107
218 113
220 117
234 117
240 121
246 126
250 130
251 130
253 130
255 130
255 132
253 134
251 132
248 126
244 125
238 123
230 123
222 119
214 113
205 107
195 103
183 99
173 93
162 85
150 80
140 76
128 70
117 66
105 60
93 52
83 46
64 41
64 37
54 33
48 31
41 27
37 23
33 21
29 21
31 25
29 27
19 19
5 5
19 0
29 5
37 17
33 25
46 25
54 25
0 31
68 42
68 50
93 54
103 54
117 56
1 66
128 72
148 78
126 82
173 85
183 91
195 99
189 97
214 111
222 115
222 117
238 121
244 126
248 130
1 130
253 130
255 130
255 132
255 132
251 130
250 130
175 126
240 125
234 123
226 119
218 115
208 109
201 105
191 101
179 95
167 89
156 83
144 78
132 72
121 68
111 62
99 56
87 48
78 42
70 39
60 37
52 31
44 29
39 25
35 25
29 23
27 19
29 25
29 29
19 17
13 0
21 0
33 5
42 23
44 33
48 27
58 23
72 31
82 46
89 58
97 60
109 56
121 56
132 66
144 78
154 83
167 85
177 85
189 91
199 101
208 109
218 113
228 115
234 119
240 125
246 128
250 130
251 128
255 130
255 132
255 134
253 132
251 130
248 128
244 126
236 125
230 121
222 117
214 113
205 107
193 103
185 99
173 93
162 87
150 80
140 74
128 70
117 66
105 60
93 52
83 46
74 42
64 39
56 33
48 29
41 25
37 23
31 23
29 23
33 29
25 25
15 11
13 0
23 1
33 9
37 19
41 25
46 23
56 25
66 33
76 44
83 50
93 52
103 52
115 58
126 64
138 74
150 78
162 82
171 83
183 89
195 99
205 107
214 111
222 113
230 117
238 123
244 126
248 128
251 128
253 130
255 132
253 132
255 132
253 132
250 130
246 128
240 125
234 123
228 121
216 115
208 111
201 105
191 101
179 97
167 91
156 83
144 78
134 74
121 68
111 62
99 54
89 50
80 44
68 41
58 35
52 31
46 27
41 25
33 23
31 21
27 21
29 27
25 27
15 7
15 0
25 0
35 13
39 27
42 29
50 23
60 23
70 35
80 48
87 56
97 56
109 52
119 56
132 68
144 78
154 82
166 82
179 85
189 95
199 103
208 111
218 113
226 115
234 119
240 125
244 128
250 130
253 130
253 130
255 130
255 132
253 132
251 130
248 128
242 126
238 125
230 123
222 119
212 111
205 107
197 103
185 101
173 93
162 87
152 80
138 76
126 70
115 64
105 58
93 52
83 46
74 42
64 39
56 31
48 31
33 27
37 25
33 23
33 27
29 27
19 19
3 5
17 0
25 0
31 13
35 21
31 23
46 21
50 27
3 37
66 44
66 50
83 50
103 52
115 58
126 66
136 74
148 78
160 80
173 83
183 93
193 101
203 105
214 109
222 113
230 117
238 123
242 126
242 126
251 130
253 132
255 132
255 132
255 132
253 130
250 128
246 126
240 125
234 123
226 119
218 115
210 111
201 107
189 101
179 97
167 91
158 85
144 80
132 74
123 66
111 62
99 56
87 48
78 44
70 41
60 39
52 33
44 27
39 25
33 25
29 21
29 23
0 29
19 19
13 1
17 0
29 3
37 21
39 29
42 25
50 19
60 25
72 41
80 50
87 54
97 48
109 50
115 60
7 72
126 78
146 80
136 80
177 80
189 95
187 105
193 109
218 111
218 115
234 119
240 125
236 125
0 128
251 128
253 128
255 132
255 134
253 132
250 128
248 126
244 126
238 125
230 123
222 119
214 113
205 109
195 105
185 99
173 93
162 87
150 78
138 76
128 70
117 66
105 58
91 52
83 46
68 44
64 41
54 35
48 31
35 27
37 25
33 25
33 29
27 27
15 13
13 0
19 0
29 7
33 19
33 21
31 19
48 19
50 27
66 39
74 46
82 48
83 48
103 50
115 60
0 68
130 72
148 76
160 78
171 83
175 91
195 101
189 107
214 109
222 113
222 117
238 123
242 126
246 128
0 128
253 128
255 132
255 132
253 132
253 130
250 128
246 126
240 126
234 123
226 119
218 117
210 111
199 105
191 101
181 97
167 89
156 83
146 78
126 74
123 68
111 62
99 56
89 50
80 44
68 41
60 37
52 31
46 29
39 25
33 21
29 21
33 29
27 29
15 11
11 0
23 0
33 11
35 25
37 27
42 21
52 21
62 31
70 42
78 50
87 50
97 46
109 52
119 62
132 72
142 76
154 76
166 80
177 85
189 97
201 105
208 109
218 109
218 113
234 121
240 126
244 128
248 126
1 126
255 130
255 134
255 132
253 130
251 128
248 128
244 128
238 125
230 123
222 117
214 111
205 107
195 105
185 99
173 93
162 78
152 80
140 76
128 72
117 64
105 58
95 52
83 48
66 42
64 37
48 33
48 31
35 29
37 27
35 27
35 31
21 23
13 7
0 0
15 1
29 11
31 19
33 17
33 17
46 21
48 31
1 39
72 44
66 44
93 46
95 52
113 60
0 66
130 70
150 74
160 80
173 87
183 95
195 99
205 105
214 109
222 115
230 119
238 123
242 125
248 126
251 128
253 130
255 132
257 132
255 132
253 130
250 130
246 126
240 125
234 123
226 119
216 113
210 111
201 107
191 103
179 97
167 89
158 83
146 80
134 74
121 66
111 60
99 54
89 50
78 44
70 41
60 37
52 33
46 29
41 25
33 25
33 25
33 31
21 21
13 0
15 0
25 0
31 17
35 27
37 23
44 17
52 21
62 35
70 46
78 50
85 46
97 44
109 52
121 64
130 72
142 72
154 74
167 80
179 89
189 101
199 103
208 107
218 111
226 115
232 121
240 125
246 126
251 128
251 130
253 130
255 132
255 132
253 130
251 130
248 128
244 126
238 125
232 123
222 117
214 111
207 109
197 105
185 99
173 93
164 87
152 82
138 76
128 70
117 64
105 58
93 52
83 48
74 44
64 41
56 35
48 29
42 27
39 27
39 31
29 29
17 13
13 1
19 0
25 5
27 15
29 19
33 17
42 17
48 25
56 35
64 41
72 44
82 42
91 44
103 50
115 60
126 68
136 72
150 74
162 80
171 89
183 95
195 99
205 105
212 109
220 113
228 119
236 123
242 125
248 126
250 128
253 130
255 132
255 132
253 130
251 128
250 130
246 128
240 125
234 123
228 121
218 117
210 111
201 107
191 101
181 97
169 91
158 85
146 78
134 74
123 68
111 62
99 54
89 48
80 48
62 44
60 37
52 33
46 29
41 29
33 25
33 31
29 29
15 11
11 0
19 0
29 7
33 23
33 25
37 17
44 15
54 25
62 41
68 46
68 44
85 41
93 44
109 56
119 64
5 70
142 70
154 74
166 82
177 91
189 99
191 103
193 105
216 109
226 115
234 123
240 126
244 126
0 126
251 128
255 132
255 134
255 132
253 130
251 128
248 128
244 128
238 125
232 121
222 117
214 113
205 107
195 103
187 99
175 93
162 87
150 82
140 76
128 72
117 66
103 58
95 52
83 46
66 42
64 39
56 35
48 31
44 29
41 29
39 31
25 21
15 7
15 0
21 1
27 11
27 17
27 17
33 15
42 17
50 29
56 39
62 41
70 41
83 41
93 48
103 56
109 62
125 64
136 68
148 72
156 80
171 87
183 95
195 99
205 105
212 109
218 115
222 119
236 123
242 123
246 125
1 126
255 125
255 134
255 132
255 130
253 130
250 130
238 128
240 126
234 123
228 119
218 115
203 111
201 109
191 101
179 95
167 89
158 83
146 80
126 74
123 68
111 62
93 56
85 50
78 46
62 41
62 39
54 35
44 31
39 25
37 27
37 35
23 25
11 3
13 0
23 0
29 15
29 25
29 19
37 13
46 17
52 31
58 41
66 42
78 41
87 41
97 48
109 56
119 64
130 66
144 68
154 76
166 83
177 91
189 99
199 101
208 105
218 111
226 117
232 121
240 123
244 125
250 126
251 130
253 132
255 132
255 132
253 130
251 130
248 130
244 128
238 125
230 121
222 115
214 113
207 109
195 105
185 99
173 91
164 85
152 82
140 78
128 72
117 64
107 58
95 54
83 48
74 44
64 39
56 35
48 31
42 29
42 33
33 31
19 17
13 1
17 0
25 5
25 15
27 19
29 17
35 15
42 21
48 29
54 37
62 39
72 39
82 41
91 46
101 54
113 60
125 64
136 68
148 72
160 82
171 87
183 95
193 99
205 103
214 111
220 115
228 117
236 119
244 123
248 126
250 130
251 130
255 132
255 132
255 132
251 132
250 130
246 128
240 125
234 123
228 119
218 115
210 113
201 107
189 101
179 95
169 91
158 85
144 80
134 74
123 70
111 62
99 56
89 52
80 48
70 42
60 37
54 33
44 31
41 29
37 33
31 31
17 11
13 0
19 0
25 9
27 21
27 21
31 15
39 13
46 23
52 37
60 42
66 41
76 37
85 39
97 50
107 62
119 64
130 64
142 68
156 76
166 87
175 93
189 95
199 99
208 105
216 111
224 117
234 121
240 123
244 125
248 126
251 128
255 132
255 132
255 130
253 130
251 128
248 128
244 126
238 125
232 123
222 117
214 115
205 109
197 105
185 99
173 93
164 87
152 82
140 76
128 72
117 64
105 56
95 52
85 50
74 44
64 39
56 35
50 31
46 33
42 35
29 25
17 9
15 0
21 0
25 9
25 17
25 15
31 13
37 17
42 25
48 33
56 37
62 37
72 37
82 41
91 48
103 56
113 58
125 60
136 66
148 74
160 82
173 89
183 93
195 99
203 103
212 111
222 115
230 119
236 123
242 123
246 126
250 130
253 132
255 132
255 132
255 130
253 132
250 130
246 128
240 125
236 123
226 119
218 115
210 113
201 107
193 101
181 97
169 91
158 85
146 80
134 74
123 68
111 62
101 56
89 52
80 46
70 41
60 37
54 33
44 31
41 29
41 33
27 25
15 5
15 0
23 0
27 15
27 23
25 17
31 9
39 13
46 27
50 39
58 41
66 37
78 35
87 42
95 52
107 58
119 60
132 64
142 68
154 78
166 85
177 93
189 95
199 99
207 105
218 113
226 117
232 121
238 121
244 123
250 128
251 132
253 132
255 132
255 130
255 132
251 132
248 130
244 126
238 123
232 121
222 117
214 113
207 109
197 105
185 99
175 91
164 87
148 82
140 78
128 62
117 64
107 58
95 54
85 48
76 44
66 41
58 37
50 33
46 37
33 35
25 21
15 3
19 0
17 5
25 13
23 17
25 15
29 11
37 17
35 27
48 35
52 37
62 35
64 35
82 42
89 48
101 52
115 56
1 62
128 68
148 74
160 83
171 89
183 93
193 99
187 105
212 109
220 115
220 117
236 121
242 125
248 128
1 130
253 130
253 132
255 132
255 125
253 130
250 128
175 126
240 125
234 123
228 119
220 117
210 113
201 107
191 101
181 95
169 91
158 85
146 80
126 72
123 66
113 62
93 58
89 52
80 46
62 41
62 39
52 33
46 29
44 33
37 35
21 13
13 0
19 0
29 7
27 21
25 21
27 13
33 11
41 19
44 33
50 37
50 35
66 31
68 35
85 44
95 54
107 58
119 60
7 62
126 70
154 80
134 89
177 93
187 95
187 99
191 107
216 113
226 119
234 121
240 123
244 125
248 128
251 130
253 132
255 132
255 130
253 130
251 130
250 130
244 128
238 125
232 121
224 119
216 115
205 111
189 105
187 99
175 95
156 87
148 82
142 76
130 72
119 62
105 60
95 54
85 50
76 46
66 33
56 37
52 35
48 37
35 29
21 13
19 1
23 1
27 11
25 17
23 15
27 11
31 13
37 21
41 27
44 31
52 29
64 31
72 37
80 44
91 50
101 52
113 48
0 60
136 68
148 76
128 82
171 85
183 91
195 99
187 105
212 111
220 115
222 117
236 121
242 125
246 128
1 128
253 130
255 125
255 130
255 130
255 125
251 132
179 128
240 125
234 123
228 121
220 117
210 113
201 107
191 101
179 95
169 89
158 78
148 80
134 74
123 68
111 60
103 58
91 54
80 48
70 42
62 37
54 33
48 33
44 39
31 29
17 5
17 0
23 0
29 13
25 23
23 17
27 9
33 11
41 23
44 35
50 37
48 31
0 29
76 35
85 46
95 54
107 56
119 56
130 60
142 70
154 80
166 87
177 91
189 95
199 101
208 109
216 115
226 117
232 119
238 121
244 125
248 128
251 130
253 130
255 130
255 130
255 132
251 132
248 130
244 126
238 125
230 121
224 119
216 115
207 111
197 105
187 99
175 93
164 89
152 83
140 78
128 70
117 64
107 60
95 54
85 48
74 44
64 39
60 37
56 41
44 39
29 23
21 7
21 1
25 7
25 13
21 15
23 13
27 11
33 15
37 23
41 29
46 31
46 29
0 31
64 37
64 44
89 48
101 52
113 54
1 62
128 70
148 78
125 82
171 85
183 91
193 99
203 105
212 109
220 113
220 117
236 121
242 125
248 128
1 128
253 130
255 130
255 125
255 132
253 132
250 130
175 128
242 126
234 123
228 119
218 115
205 111
203 107
191 103
181 93
169 91
158 85
146 80
126 72
125 68
115 64
93 58
89 52
80 46
62 42
62 39
52 35
48 37
42 37
27 19
17 0
21 0
25 7
27 19
23 21
23 13
29 9
35 17
41 29
42 35
48 31
56 27
68 31
76 41
85 50
95 52
107 52
119 56
130 64
142 72
154 82
166 85
177 87
187 93
197 101
208 109
216 113
224 115
232 117
240 123
246 126
248 130
251 130
253 130
255 130
255 132
253 130
251 132
250 130
244 126
236 125
232 121
226 119
216 117
207 111
195 105
187 99
175 95
164 89
152 83
140 76
130 70
119 66
107 60
95 54
85 48
76 44
68 41
60 39
56 41
41 31
27 17
23 5
25 5
27 11
25 17
23 15
23 11
29 13
33 19
37 27
41 29
46 27
54 27
62 31
70 39
80 42
89 46
103 50
115 56
125 64
136 70
148 76
160 82
171 85
181 91
193 99
203 107
212 111
220 113
228 117
236 121
242 125
246 128
250 126
253 128
255 130
255 132
255 132
253 130
250 130
246 128
242 126
236 123
228 121
220 117
210 113
201 107
191 101
181 95
169 91
158 85
146 80
134 74
125 68
113 62
101 56
91 52
80 46
70 42
62 37
54 37
52 42
37 33
23 11
19 0
25 0
29 15
25 23
21 17
25 9
31 9
35 21
37 31
42 31
48 29
58 27
66 33
74 41
83 48
95 50
107 50
119 56
130 64
142 74
154 80
166 83
177 87
189 95
197 103
207 107
214 109
224 115
234 117
240 123
244 126
250 128
253 130
253 130
253 130
255 132
255 132
253 132
248 130
244 126
238 125
232 123
224 119
214 115
207 109
197 103
187 99
175 95
164 87
154 82
142 76
128 70
119 64
107 62
97 56
85 50
76 44
68 42
64 42
54 42
35 27
25 9
25 1
29 5
27 15
23 19
23 13
25 9
29 13
33 23
35 29
39 29
44 27
54 27
62 33
70 41
80 44
89 48
101 48
113 54
125 62
138 72
148 80
160 82
169 85
183 91
193 99
203 107
212 109
222 113
228 115
236 121
242 125
248 126
251 128
253 130
255 130
255 132
255 132
253 132
250 130
246 128
240 126
236 123
228 121
220 117
212 115
201 109
191 101
181 97
169 91
158 87
146 82
134 74
123 68
113 64
101 58
91 52
80 46
72 42
62 39
58 42
48 42
33 23
23 1
25 0
29 9
27 19
23 21
23 13
27 9
29 15
35 27
37 31
42 31
48 25
56 25
66 35
76 44
83 48
95 48
107 50
119 58
130 68
140 74
154 78
166 82
177 87
187 95
197 103
208 107
216 111
224 113
230 117
240 123
244 128
248 130
251 128
253 130
255 132
255 132
255 132
251 130
248 126
244 126
238 125
232 123
224 117
216 115
207 109
197 105
185 99
175 93
166 89
154 83
140 78
128 72
119 66
107 58
95 54
85 50
76 46
68 42
64 44
48 37
33 19
27 7
29 5
29 11
27 15
23 15
23 11
25 11
29 17
31 23
35 27
39 25
44 25
54 27
62 35
70 39
78 41
89 42
103 48
113 58
125 66
136 72
148 76
160 80
171 85
181 93
193 101
203 105
212 109
220 113
228 117
236 123
242 125
246 126
250 128
253 128
255 132
255 132
255 132
253 130
251 130
246 126
242 126
236 125
228 121
220 117
212 111
203 107
193 101
181 99
169 91
160 85
148 80
136 74
125 70
113 64
93 56
91 50
82 46
62 42
62 39
60 44
44 37
29 13
25 0
27 1
29 15
27 25
23 19
21 1
27 7
31 19
33 29
35 31
33 27
48 23
58 27
66 35
66 42
68 44
95 46
99 50
119 58
3 68
142 76
154 78
164 82
175 87
187 95
197 103
208 107
216 111
224 115
232 119
238 123
244 126
248 126
253 128
255 132
255 132
255 132
255 132
253 130
248 130
244 128
238 125
232 123
224 119
216 115
207 109
197 105
187 99
175 95
164 87
154 83
142 78
130 72
119 66
107 58
97 54
87 50
76 46
70 46
60 44
42 29
31 13
31 5
31 9
31 15
25 19
23 13
23 9
27 11
31 21
31 27
33 25
39 21
46 21
54 29
60 37
68 41
80 41
89 44
101 50
111 58
125 66
136 70
148 74
160 80
171 87
183 95
193 101
201 105
210 107
220 113
228 117
236 123
242 125
246 125
251 126
253 128
255 132
255 134
255 132
253 132
250 130
248 128
242 126
236 123
228 121
220 115
212 111
203 107
191 103
181 97
169 91
160 85
148 80
134 72
125 68
113 64
103 58
91 54
82 48
72 44
68 46
58 46
39 27
27 5
29 0
31 7
31 23
25 23
21 13
25 7
29 13
31 23
33 31
37 27
42 21
50 21
56 29
64 39
74 42
83 42
95 42
107 50
121 62
130 72
142 76
154 76
166 82
177 89
187 99
197 103
207 105
216 109
224 113
232 119
238 125
244 126
250 126
251 128
253 130
255 134
255 134
255 132
251 130
248 128
244 126
240 126
232 123
224 117
216 113
208 109
189 105
187 101
175 95
166 87
154 83
142 78
130 70
119 66
109 62
97 56
85 50
78 48
66 50
56 42
39 25
33 9
31 7
33 13
29 19
25 15
23 11
25 11
27 17
29 23
0 25
31 23
41 23
44 25
52 29
60 35
70 39
80 39
89 42
101 48
113 58
125 64
134 70
148 74
160 82
169 87
181 95
191 99
201 103
210 105
222 115
228 119
236 123
242 125
248 126
250 128
253 130
255 132
255 132
255 132
253 130
250 128
248 128
242 126
234 123
228 119
220 115
212 113
203 107
191 101
181 97
169 91
160 87
146 80
136 72
125 68
115 64
101 58
91 52
82 48
72 44
68 50
52 41
35 17
31 1
33 3
33 15
29 25
23 19
23 9
25 9
27 17
29 27
31 29
35 23
41 19
48 23
56 31
64 39
76 41
83 42
95 44
107 52
119 62
130 70
142 74
154 76
166 83
175 91
187 99
197 103
207 105
216 109
224 113
232 119
238 125
244 126
248 126
251 128
255 132
255 134
253 132
253 128
253 128
250 130
244 130
238 125
232 121
226 117
216 115
207 111
197 105
187 99
175 95
166 89
152 82
142 78
130 72
119 66
107 60
97 56
87 52
82 52
70 50
52 35
39 17
37 7
39 11
35 19
27 21
25 15
25 11
27 13
27 19
29 25
29 25
33 21
39 19
44 23
52 31
60 37
68 37
80 39
89 42
101 52
113 60
125 64
136 70
148 74
158 80
169 87
181 93
193 99
187 105
210 107
220 113
220 117
236 121
242 123
246 125
250 126
253 130
255 132
255 132
255 132
253 130
251 130
246 130
242 126
236 125
220 121
220 117
210 111
203 107
193 101
181 95
171 91
162 87
148 83
136 76
125 70
109 64
95 60
91 56
80 48
68 48
66 48
46 31
35 9
35 1
37 11
33 25
27 25
23 13
23 7
27 11
29 23
29 29
29 25
35 17
44 19
48 27
56 35
64 39
74 37
85 39
95 46
107 54
119 64
130 68
142 70
152 76
166 83
177 93
187 99
197 101
207 105
216 109
224 117
232 121
238 123
244 123
248 123
253 128
253 132
253 132
255 132
255 130
251 130
250 130
244 128
240 126
232 123
224 117
216 115
207 111
197 107
187 101
175 93
166 87
154 83
142 76
130 72
121 68
109 60
97 56
89 54
82 54
66 46
48 29
41 15
41 11
39 17
33 21
27 19
25 15
25 11
27 15
27 21
27 23
29 21
33 19
39 21
44 27
52 29
60 33
70 35
80 39
89 42
101 52
113 60
125 66
134 70
146 74
160 82
169 89
181 95
191 99
201 101
212 107
220 113
228 117
234 121
242 123
246 125
251 128
253 125
255 125
255 132
255 132
253 130
250 130
248 130
242 128
236 125
228 119
220 117
212 113
203 109
193 103
181 97
171 91
160 87
148 82
136 76
126 70
115 64
103 58
91 52
82 50
78 54
62 44
42 21
37 5
31 7
39 19
31 27
25 21
25 11
25 9
27 15
27 25
29 27
31 23
37 17
33 21
48 29
56 35
66 37
66 37
83 33
95 48
99 56
119 64
1 66
126 62
152 78
132 85
171 91
185 97
195 99
208 105
216 111
222 115
232 119
240 123
244 125
248 126
251 130
253 132
255 130
255 130
253 130
253 130
250 130
244 128
238 125
232 121
226 119
216 117
207 111
197 105
187 99
177 95
166 89
154 83
144 78
132 72
121 68
109 62
97 56
91 56
80 56
60 41
46 21
42 13
44 15
39 21
31 21
27 15
27 11
27 13
27 19
25 25
25 21
29 19
33 19
39 21
44 27
52 31
60 33
70 35
78 37
89 44
101 52
113 60
123 64
136 68
148 74
158 82
169 89
181 93
193 97
201 103
210 107
218 113
228 117
236 121
242 125
246 126
250 128
253 130
253 130
255 132
255 132
253 132
251 130
248 130
242 126
236 125
228 121
220 117
212 113
203 107
193 103
183 97
171 93
160 87
148 82
136 74
126 70
115 66
103 60
91 54
85 54
74 54
54 35
42 13
41 5
42 17
37 25
29 25
25 15
25 9
25 11
25 21
25 27
27 23
31 17
35 15
42 21
48 31
56 33
64 33
74 35
83 41
95 50
107 58
117 62
130 64
140 70
152 78
164 87
175 93
185 95
197 99
207 103
216 111
224 117
232 121
238 123
244 123
250 126
251 130
253 132
255 130
255 130
255 130
253 130
248 130
244 128
240 125
232 123
224 119
216 115
208 111
199 107
189 101
175 95
166 89
156 83
142 80
130 74
119 66
109 62
99 58
93 60
76 52
56 33
48 17
48 15
44 21
37 23
31 21
29 15
27 13
27 17
27 23
25 23
25 19
29 17
33 19
39 23
44 27
50 29
60 29
70 35
80 41
89 46
99 52
113 58
125 62
134 70
146 76
158 82
169 87
181 93
191 97
201 103
212 109
220 113
220 117
234 119
240 121
248 126
1 130
253 132
253 132
255 132
255 130
253 132
251 132
248 130
242 126
236 123
228 121
220 117
212 113
203 109
193 103
183 97
171 91
160 85
148 82
138 76
126 70
115 64
95 60
93 56
87 60
70 50
52 27
44 9
44 9
42 21
37 29
29 23
25 13
27 9
27 17
27 27
25 27
27 19
31 15
35 17
33 23
48 31
56 33
64 31
74 33
85 41
95 52
107 60
119 62
128 64
140 70
152 80
164 87
175 91
185 93
195 97
207 105
214 111
224 117
230 117
240 121
244 125
248 128
251 130
253 130
255 130
255 130
253 130
253 132
250 130
244 126
238 125
232 121
226 119
216 117
207 111
197 103
187 97
177 93
166 91
154 85
142 78
132 72
121 68
109 64
103 64
91 60
70 44
54 27
50 17
50 19
44 23
37 23
31 19
27 13
27 13
27 19
25 23
25 21
25 17
29 15
33 19
37 23
42 27
52 27
60 29
70 33
80 41
89 48
101 54
113 58
123 62
134 68
146 74
158 82
169 87
181 91
193 97
203 103
210 109
218 113
228 117
236 121
240 125
246 126
250 126
253 128
255 130
255 132
253 132
253 132
251 132
248 128
242 126
236 123
230 121
220 117
212 113
203 107
193 101
183 97
173 95
156 89
148 82
138 76
126 70
115 68
95 60
95 60
85 60
64 41
46 17
48 3
48 19
35 29
35 29
29 17
27 9
27 13
27 23
23 25
25 21
27 15
31 13
37 19
41 27
48 31
54 31
64 29
74 35
83 44
95 52
107 56
117 58
130 64
140 72
152 80
164 87
175 89
187 93
197 99
207 107
214 111
224 115
232 119
238 121
244 125
248 128
251 130
255 132
255 132
255 132
255 132
253 132
248 130
244 126
240 123
234 123
224 119
216 115
208 109
199 105
189 99
177 95
166 89
156 83
142 78
130 74
121 68
111 66
105 68
85 56
66 37
58 21
56 19
52 25
44 27
35 23
31 15
31 13
27 17
25 21
23 21
25 17
27 15
29 17
33 21
37 25
44 27
52 27
60 29
70 35
80 42
89 48
101 52
111 56
123 62
134 68
148 78
126 82
162 87
181 91
191 97
193 103
210 109
220 113
220 117
234 121
240 123
246 126
1 130
253 130
253 130
255 125
255 132
253 132
250 130
238 128
242 126
236 123
228 121
220 117
214 113
205 109
193 103
183 97
171 93
162 80
150 78
136 76
125 70
95 64
97 62
97 64
80 56
62 31
52 13
52 15
50 27
42 33
35 25
29 13
29 9
27 17
25 25
23 25
23 17
29 13
31 15
35 23
41 27
48 27
54 25
66 29
74 39
83 46
93 50
107 54
119 60
128 66
140 72
152 80
164 85
175 89
185 95
195 101
207 107
216 111
222 115
230 117
238 119
246 126
250 130
251 130
253 130
255 132
255 132
253 134
251 132
250 128
244 126
240 125
232 121
224 119
216 115
208 111
197 105
189 101
177 95
166 89
156 83
144 78
132 74
123 68
115 70
101 68
80 52
66 33
60 21
58 23
50 27
41 25
37 21
33 15
31 17
29 21
25 23
23 21
25 17
25 13
29 17
33 21
37 23
42 23
52 23
60 29
68 35
80 41
89 48
101 52
113 58
123 64
134 70
146 78
158 82
167 87
179 91
191 97
201 101
210 107
218 113
226 115
236 121
242 125
246 128
250 128
253 130
255 132
255 132
253 130
253 130
251 132
248 130
242 128
236 125
230 121
222 117
212 115
203 109
193 103
183 97
171 93
160 87
150 82
138 76
126 72
115 66
105 64
97 66
76 48
60 25
56 15
56 21
50 33
39 31
33 19
31 11
31 15
27 23
23 27
23 21
25 15
27 13
31 19
35 25
41 25
48 25
56 25
64 31
74 39
83 46
95 50
107 54
117 58
128 66
140 74
152 80
162 83
173 87
187 95
197 101
205 107
214 111
224 113
232 119
238 123
244 126
248 128
251 128
255 130
255 130
255 132
255 132
253 132
250 130
244 126
240 125
234 123
226 119
216 115
207 109
199 103
189 99
179 97
166 91
156 83
144 78
132 74
123 72
117 72
97 62
76 42
66 27
64 23
60 29
52 31
41 27
37 19
35 15
31 19
29 25
25 23
23 19
25 13
27 15
27 17
33 21
37 21
37 21
52 17
60 31
5 37
80 35
89 46
99 52
111 56
123 64
9 70
125 76
156 80
167 85
179 91
191 99
201 103
210 107
220 113
228 117
234 121
240 123
246 126
250 128
253 130
253 132
255 134
255 132
253 132
251 130
246 128
242 126
238 125
230 121
220 117
212 113
205 109
193 103
183 97
173 93
162 87
150 83
138 78
126 72
117 68
109 72
91 60
70 37
62 19
62 19
58 31
48 37
39 27
35 15
33 13
29 19
25 25
23 25
25 15
25 11
27 13
29 19
35 23
41 25
46 23
56 25
64 33
74 41
83 46
93 48
105 50
119 60
130 70
140 76
150 78
164 82
175 87
185 95
195 101
205 105
214 109
222 113
230 117
238 121
244 125
248 126
251 128
253 130
255 132
255 132
253 132
251 130
248 128
246 126
240 125
234 123
226 121
218 115
208 111
199 105
189 101
177 97
167 91
156 85
144 80
132 74
126 74
113 72
91 56
74 35
70 25
70 29
62 35
48 33
42 25
39 17
35 17
31 21
25 23
25 21
23 17
25 13
25 15
27 19
33 23
37 21
44 21
50 23
60 31
68 37
80 42
89 44
99 50
111 58
123 66
132 70
146 76
158 80
169 85
179 91
189 97
199 101
210 107
220 113
226 117
234 121
240 123
248 126
250 128
251 130
253 132
255 134
255 132
253 132
251 130
248 128
242 126
236 123
228 121
222 117
214 113
203 109
193 103
183 97
173 93
162 89
150 82
138 76
126 72
117 70
107 72
83 52
70 29
66 17
64 25
56 37
48 37
39 25
37 15
33 15
29 25
27 27
23 21
23 13
25 11
27 15
31 23
35 25
39 21
48 21
56 29
64 37
74 42
83 44
93 48
105 54
117 60
126 68
140 74
152 76
164 82
173 87
185 95
195 101
205 105
214 109
222 113
230 119
238 123
242 125
248 126
251 130
255 132
255 132
255 134
255 132
253 132
250 130
244 126
240 125
234 123
226 121
216 117
207 111
199 105
189 101
177 97
167 91
154 83
144 80
134 76
128 78
107 68
85 46
76 31
76 29
70 33
58 37
48 31
42 21
39 17
35 19
31 25
27 25
23 19
23 13
25 13
25 17
29 21
33 21
37 19
44 21
52 27
60 33
68 39
78 41
89 44
99 50
111 56
123 64
134 70
146 76
156 80
167 85
179 91
191 97
201 103
210 107
218 109
226 115
234 121
240 125
246 125
0 128
253 130
255 130
255 125
255 125
253 132
251 130
175 130
242 126
236 123
230 121
222 117
212 113
205 109
187 103
185 99
171 93
162 87
150 82
138 76
126 72
121 76
103 66
82 42
72 23
70 23
66 35
48 41
46 31
39 19
37 13
33 19
29 27
25 27
23 17
25 13
25 13
27 19
29 21
35 21
33 19
48 23
54 29
64 35
66 41
68 44
95 48
93 52
117 60
3 68
130 74
150 76
162 82
173 87
185 97
195 99
205 103
214 107
222 113
224 121
238 125
236 125
248 126
1 130
253 132
255 132
255 134
255 132
251 130
250 128
236 128
240 126
234 123
226 119
216 115
208 111
191 107
189 103
177 95
167 89
156 85
144 82
128 80
125 76
105 64
87 42
80 33
78 33
70 39
58 37
48 29
42 21
41 19
37 23
31 29
25 25
25 17
25 13
25 15
25 19
27 19
33 19
31 17
44 21
50 25
60 33
68 37
80 41
89 46
99 52
111 58
123 64
134 68
144 74
158 80
167 85
179 93
189 97
201 101
210 107
218 113
218 117
234 121
242 125
246 126
0 128
253 130
255 130
255 130
255 130
253 132
251 132
248 130
242 128
236 125
230 121
222 119
214 115
205 111
193 103
183 97
173 93
162 87
150 83
138 76
128 76
121 78
97 58
80 33
76 23
74 31
66 41
54 39
44 25
41 15
39 17
33 25
27 29
23 23
23 13
25 11
25 15
25 21
29 21
33 17
33 15
48 21
48 31
1 39
74 41
68 33
93 44
105 54
117 64
1 68
130 72
150 76
162 82
171 87
185 95
197 101
189 105
214 109
222 113
230 119
238 125
244 126
246 126
251 128
253 130
255 132
255 132
253 132
251 130
250 130
246 128
240 126
232 123
226 119
218 115
208 111
189 103
187 101
181 93
167 93
156 87
148 82
140 83
111 74
99 56
87 39
83 33
78 37
68 39
56 35
50 27
44 23
41 23
35 27
29 27
25 21
23 15
23 13
23 13
25 17
27 17
31 15
39 15
44 21
52 29
60 35
68 37
78 41
89 44
99 52
109 58
121 62
132 66
146 72
158 80
167 89
179 93
191 97
201 101
208 105
218 111
226 117
234 121
238 123
246 125
250 130
253 132
255 132
255 132
255 132
255 132
251 130
248 128
242 126
236 123
230 121
222 117
212 113
205 109
195 103
185 99
173 93
162 87
150 83
140 80
132 82
113 74
91 48
82 29
82 27
76 41
66 44
52 37
46 23
42 19
39 23
33 29
27 29
23 17
23 9
23 11
25 17
25 21
29 19
35 15
33 15
48 23
54 33
64 37
66 39
83 41
93 46
95 54
117 62
128 68
138 72
150 76
162 82
175 89
185 95
195 101
189 103
214 107
222 115
222 119
236 123
242 123
250 126
251 130
253 132
255 132
255 132
255 132
253 132
250 130
244 126
240 125
234 121
226 119
218 115
208 111
201 105
189 101
179 97
167 91
156 87
150 85
136 82
115 66
99 48
91 39
87 37
78 41
68 39
56 33
52 25
46 23
41 27
33 29
29 25
25 17
23 11
25 15
25 19
25 19
27 17
33 15
37 17
44 25
52 31
60 35
68 37
78 39
87 46
99 52
111 58
123 64
132 68
144 74
156 80
167 87
179 91
189 95
201 101
208 105
218 111
228 117
234 121
240 123
246 126
251 128
253 130
253 132
255 132
255 132
253 130
251 130
248 128
242 126
238 125
230 121
222 117
214 113
205 109
195 103
185 99
173 93
162 87
150 82
140 80
132 82
109 66
91 41
85 29
83 37
76 46
64 44
52 33
48 21
44 21
39 29
31 31
25 25
25 13
25 9
23 13
23 19
25 19
29 17
35 15
41 19
46 27
54 31
64 33
74 37
83 42
93 48
105 56
117 62
126 66
138 70
150 76
162 83
173 89
183 93
195 97
205 103
214 109
222 115
230 119
238 121
244 125
248 128
251 130
253 132
255 132
255 130
253 130
253 130
250 130
244 128
240 125
234 121
228 119
218 117
208 113
199 105
189 101
179 97
167 91
158 87
150 87
132 78
111 60
101 44
95 41
89 42
80 44
66 41
58 31
52 25
46 25
41 29
33 29
29 23
25 15
25 13
23 17
23 17
25 17
29 15
33 15
37 19
42 25
50 29
60 33
68 37
78 39
87 46
99 54
111 58
121 64
132 68
146 74
156 82
166 87
177 89
191 95
201 103
210 107
218 113
226 117
234 119
240 123
246 125
248 128
3 130
255 130
255 125
255 130
253 125
251 130
177 128
242 126
238 123
230 121
222 119
214 115
205 107
195 103
187 101
173 95
162 91
152 83
146 87
126 78
103 54
93 35
91 35
85 42
74 46
62 39
54 27
48 23
42 25
37 31
31 29
27 21
25 13
23 13
23 15
25 19
25 17
29 15
33 13
42 21
48 29
56 33
62 35
74 37
83 42
93 52
105 58
115 62
126 64
140 70
150 78
160 83
173 89
185 93
195 99
205 103
212 109
222 115
230 119
236 121
244 125
248 128
251 130
253 130
253 130
257 130
255 134
251 134
250 132
246 126
242 125
234 123
226 121
218 117
208 111
201 105
189 103
179 97
169 93
162 91
148 89
126 74
109 54
103 42
99 44
91 50
76 46
66 37
60 31
54 29
46 31
39 31
33 27
29 19
25 15
23 15
23 17
23 17
25 15
27 13
31 13
39 19
44 27
52 31
60 31
68 35
78 41
87 44
99 52
111 58
121 62
132 68
144 74
156 80
167 87
179 91
189 95
199 101
208 107
218 113
226 115
234 119
240 123
246 125
250 130
253 130
253 132
255 132
255 132
253 132
250 130
248 128
244 126
238 125
230 123
222 117
214 115
205 109
195 105
185 101
173 95
162 87
152 87
142 89
119 70
105 44
99 37
95 42
85 50
72 46
62 35
56 25
50 25
42 31
37 31
29 25
27 15
25 11
23 15
23 17
23 17
25 13
31 13
35 17
41 23
46 29
56 29
64 33
74 37
83 44
91 50
105 56
117 60
126 64
138 70
150 78
164 83
173 89
183 93
193 95
205 105
214 111
222 117
230 119
238 121
244 125
248 128
251 130
253 132
255 132
255 132
255 130
251 130
250 130
246 128
240 125
234 123
226 119
218 117
210 111
201 107
189 101
181 97
171 95
162 95
144 85
123 66
113 50
107 46
101 48
87 48
76 42
68 35
62 31
54 31
46 33
39 31
33 25
29 17
25 15
23 17
23 17
23 17
25 13
29 13
33 17
37 23
42 27
50 27
60 29
70 37
78 42
87 48
97 52
111 56
121 62
132 68
144 74
156 80
167 85
179 91
189 95
201 103
210 107
218 111
218 115
234 119
240 123
246 126
250 128
253 130
253 130
255 132
255 130
253 130
251 130
248 128
242 126
236 123
230 121
222 119
214 115
205 109
187 103
185 99
173 93
156 89
156 93
130 83
117 60
107 41
103 39
97 50
83 54
72 42
62 29
58 23
50 29
42 33
37 31
31 21
27 13
25 13
21 15
23 17
25 15
27 13
31 13
35 17
41 23
46 29
56 31
64 33
72 37
83 42
93 50
103 54
115 58
126 62
140 70
150 78
160 82
171 85
185 91
195 99
205 105
212 109
222 115
230 119
238 123
242 125
246 126
251 130
253 130
255 130
255 132
255 132
253 132
250 130
244 128
240 123
234 123
228 121
218 117
208 111
201 107
191 103
181 99
171 99
160 95
138 80
123 60
115 50
111 50
101 52
87 50
74 41
68 33
64 33
54 37
44 35
37 29
33 21
29 17
25 17
23 17
21 15
23 13
25 11
27 13
31 17
39 21
44 27
52 29
58 31
68 37
78 41
87 48
99 54
109 56
121 60
132 68
144 74
156 80
167 85
179 89
189 95
199 101
208 107
218 111
226 115
232 119
240 123
246 126
250 128
251 130
255 130
255 132
255 132
253 132
251 130
248 128
244 126
238 125
230 121
222 117
214 113
205 109
195 105
185 101
173 95
167 95
156 95
130 74
115 50
111 41
107 48
97 58
82 54
72 39
64 29
58 29
50 37
41 37
35 29
31 17
27 13
25 15
23 19
23 19
25 13
27 11
29 13
35 21
41 27
46 29
54 29
64 31
64 37
82 44
93 52
97 54
115 58
126 64
138 70
150 78
162 83
173 87
183 93
193 97
205 103
214 111
222 115
222 117
238 121
244 125
248 128
1 130
251 130
255 130
255 125
253 132
251 130
177 128
246 128
242 126
234 123
226 119
218 117
210 113
201 109
191 103
181 101
175 103
156 93
134 74
123 56
121 52
113 54
99 56
85 48
78 41
70 35
64 37
52 37
42 31
39 25
35 21
29 19
25 19
23 17
23 15
23 13
25 13
27 15
33 17
39 21
44 23
52 27
60 31
68 39
78 42
85 46
99 50
109 56
123 64
130 68
144 74
156 78
166 83
177 89
189 97
201 103
208 107
218 111
226 115
234 121
240 125
246 126
250 128
251 128
255 130
255 132
255 132
253 132
251 130
248 128
244 126
238 125
230 123
222 119
214 115
205 109
195 103
185 99
177 97
169 101
150 89
128 64
119 46
115 48
109 58
95 60
82 48
72 35
66 31
58 35
50 39
41 35
35 23
31 13
27 13
25 17
23 21
23 17
23 11
25 9
29 13
37 21
41 27
46 27
54 29
64 33
72 39
62 46
93 50
95 54
115 56
126 64
138 70
150 78
160 83
171 87
183 91
195 99
205 105
214 111
220 113
230 117
236 123
242 125
246 126
251 130
255 132
255 132
255 132
255 132
253 132
250 130
238 128
240 125
234 123
228 119
218 115
203 111
203 107
193 105
185 105
171 103
150 85
134 66
126 56
123 56
111 58
97 56
87 46
78 37
72 37
64 39
54 41
44 33
39 25
33 19
29 19
25 19
23 17
21 13
23 9
25 11
29 17
33 21
37 23
44 23
52 27
58 31
68 37
78 42
87 46
97 50
109 54
119 60
132 66
146 76
156 82
166 85
177 91
189 97
199 103
208 107
216 113
226 115
234 119
240 123
244 125
250 128
253 130
253 130
255 132
255 132
255 132
251 130
248 128
244 126
238 123
230 121
224 117
214 115
207 111
195 107
185 101
179 101
166 101
144 82
126 56
121 44
119 52
107 60
95 60
83 44
74 33
66 35
58 39
48 41
41 33
35 21
31 15
27 17
23 19
21 17
23 11
25 11
27 13
31 19
35 23
41 25
48 25
54 29
64 35
72 41
82 46
93 48
103 52
115 58
1 66
130 72
150 78
156 82
173 87
183 93
193 99
205 103
214 111
222 115
220 117
236 121
244 125
248 128
251 130
253 130
255 130
250 132
255 132
251 132
250 130
246 126
242 126
234 123
226 121
218 115
203 113
201 109
193 107
187 109
160 95
146 76
136 62
132 58
123 60
111 60
99 54
87 44
80 41
72 41
62 41
52 37
37 29
39 21
35 21
21 19
23 17
23 15
23 13
25 11
25 13
27 17
33 19
31 21
42 23
50 25
60 33
7 41
62 42
87 44
97 48
109 56
121 62
7 70
126 74
156 78
160 83
177 91
189 97
199 101
193 107
218 111
218 117
232 119
240 125
246 126
248 126
1 130
255 125
255 132
255 132
255 132
251 132
248 128
244 126
240 125
222 123
224 119
214 115
207 111
187 107
187 103
181 107
162 95
140 70
130 52
126 52
113 62
107 66
93 52
83 33
76 35
68 41
56 42
48 37
42 27
37 19
31 17
27 21
25 19
23 17
23 11
23 11
27 15
31 21
35 23
41 23
46 25
56 29
62 35
64 41
78 44
93 48
103 54
115 60
126 66
136 70
148 76
160 80
173 87
183 95
193 101
205 105
212 109
222 113
230 119
238 123
242 125
246 128
250 128
253 130
255 132
255 132
253 130
253 130
251 130
246 128
240 126
234 123
228 121
220 117
210 113
201 107
197 111
185 107
162 91
144 70
140 60
136 62
125 68
109 64
99 52
82 44
82 42
70 44
60 42
52 37
44 27
39 21
33 21
27 21
25 19
23 15
23 11
23 11
25 15
27 17
33 19
31 21
42 23
50 27
60 33
68 37
78 41
87 44
97 50
109 56
119 62
7 68
144 64
156 80
158 83
177 89
189 97
201 103
208 107
216 111
226 115
234 121
238 125
244 125
0 128
253 130
255 132
255 132
255 132
255 132
251 132
248 130
242 126
234 125
232 123
222 119
214 115
207 111
189 107
191 109
177 107
156 85
140 62
126 54
126 62
111 70
101 64
91 50
83 31
76 41
68 46
48 44
48 35
35 23
37 19
31 21
27 23
25 19
23 13
23 9
25 11
27 17
29 19
35 21
33 21
48 25
54 31
62 37
64 39
62 42
91 46
103 52
115 58
1 66
130 72
148 76
160 80
173 85
183 95
193 101
187 105
214 109
222 111
222 119
236 123
242 125
248 126
1 128
253 128
253 130
250 132
255 132
253 132
250 130
175 128
240 125
234 123
228 121
218 117
212 113
205 111
199 115
179 103
158 83
148 68
144 64
136 66
123 66
111 60
99 52
91 46
82 44
72 46
60 42
52 35
44 27
39 23
33 23
29 21
25 17
23 13
23 11
25 13
25 17
27 17
33 19
39 21
44 25
50 29
58 33
68 37
78 41
85 44
97 50
109 56
121 62
132 68
142 74
156 78
167 85
177 89
187 95
199 99
210 107
218 113
224 117
232 119
240 123
246 126
250 128
251 130
255 130
255 132
255 132
253 132
251 130
248 130
244 126
238 125
230 123
222 119
216 115
207 111
199 109
191 111
173 101
154 76
142 58
140 58
132 70
117 72
103 60
93 46
85 41
78 44
66 48
56 42
46 29
42 21
37 19
31 21
27 21
23 15
23 11
23 11
25 13
27 17
31 21
35 19
41 21
46 23
56 31
62 37
72 39
82 42
91 46
103 52
113 60
125 64
138 68
150 76
160 82
171 89
181 93
193 99
205 103
212 109
220 115
228 119
236 123
242 125
248 126
250 128
253 130
255 132
257 134
255 132
253 132
250 130
248 128
240 126
236 125
228 121
220 119
212 115
205 115
195 113
173 97
158 78
150 68
146 68
136 72
123 68
109 58
99 48
93 46
82 50
70 48
58 39
52 31
46 27
39 25
33 25
29 19
25 15
25 11
23 13
23 15
25 17
29 17
33 17
37 19
42 23
50 29
60 33
68 37
76 41
87 44
97 50
109 56
119 60
130 66
142 72
156 80
167 87
177 91
189 97
199 101
208 107
216 111
224 115
234 119
240 123
244 126
248 128
253 130
255 132
255 132
255 132
253 132
251 130
248 128
244 126
238 125
232 123
224 117
214 113
207 109
203 115
191 113
167 93
152 68
148 58
142 68
130 76
117 70
105 54
95 42
87 44
76 50
64 48
56 39
48 27
42 21
35 21
31 23
27 21
23 13
25 9
23 11
23 17
29 19
31 21
35 19
41 21
48 27
54 33
62 37
70 39
82 41
91 46
103 54
113 60
126 64
138 70
148 76
160 82
171 87
185 95
195 99
203 105
212 109
222 113
228 119
236 121
242 123
248 126
251 130
253 132
255 134
255 132
255 132
253 132
250 130
246 128
242 126
236 125
228 123
220 119
214 117
208 119
191 111
169 89
160 74
156 70
148 74
134 74
121 66
111 56
103 50
93 50
82 52
70 48
60 41
52 31
44 27
39 25
33 25
29 21
25 15
23 11
23 13
23 15
25 17
27 17
33 17
37 19
42 25
50 31
56 33
66 35
78 39
85 44
95 50
109 56
121 62
130 68
142 72
154 80
167 85
177 91
189 95
197 99
208 105
218 111
224 117
232 119
240 123
244 126
250 128
251 130
253 132
255 132
255 132
253 132
251 132
248 128
244 126
240 125
232 125
224 119
216 115
208 115
203 117
183 107
164 82
154 64
152 64
144 76
128 76
117 68
105 54
97 48
87 48
76 52
66 48
56 35
48 25
42 23
37 25
31 25
25 17
23 11
25 9
25 15
25 19
27 19
29 17
35 19
41 23
46 27
54 31
62 35
72 37
82 41
91 46
103 54
115 60
125 64
136 68
148 76
160 82
171 87
183 93
195 99
205 105
212 109
220 113
228 119
236 123
242 125
248 128
250 128
253 130
255 130
255 132
255 132
253 132
250 130
246 128
242 126
236 123
230 121
222 119
216 121
205 117
183 101
169 82
164 74
160 76
146 78
125 74
123 64
113 56
103 54
91 54
80 52
62 44
60 35
50 27
46 27
39 29
33 25
27 17
25 13
25 13
23 15
23 17
25 17
29 17
31 17
37 21
35 25
50 31
58 33
66 35
68 39
85 46
97 52
109 58
119 62
130 66
142 72
156 80
166 85
177 91
189 95
199 101
208 107
216 111
224 115
232 121
240 123
244 126
248 126
251 128
253 130
257 132
255 134
253 132
251 132
248 130
244 128
238 126
232 125
224 119
216 115
210 119
201 119
179 99
164 76
158 66
154 72
144 82
128 78
115 62
107 50
97 50
87 56
74 54
64 41
56 31
50 27
42 27
35 27
31 23
29 15
25 11
23 13
23 17
25 17
27 17
29 15
35 17
41 23
46 29
54 33
62 35
70 37
82 42
91 48
101 54
113 58
125 62
136 68
150 76
162 83
171 89
183 93
193 99
203 105
212 109
220 115
228 119
236 121
242 123
246 126
251 128
253 130
255 132
255 132
255 132
253 132
250 130
246 128
242 126
236 125
228 123
220 119
218 123
203 115
181 97
171 80
167 76
162 80
146 82
132 74
123 62
113 56
103 56
91 56
80 52
70 42
62 35
52 31
44 29
37 27
33 21
29 17
25 13
25 15
23 17
23 15
25 17
29 17
33 19
37 23
42 27
50 29
58 31
66 35
76 41
85 46
95 50
107 54
119 58
132 66
142 76
154 80
166 83
177 89
189 97
197 103
208 107
216 111
224 115
232 117
240 123
246 126
250 128
251 130
253 130
255 132
255 132
255 134
251 132
248 128
244 126
238 126
232 123
224 119
216 119
214 123
195 113
173 87
166 70
164 72
156 82
140 83
126 70
117 56
109 52
99 56
85 60
74 52
66 41
56 29
50 27
41 29
37 29
31 21
27 13
25 11
23 15
25 19
25 19
27 17
31 17
35 19
33 25
46 29
54 29
62 33
72 37
80 42
91 48
103 54
115 60
125 64
136 70
148 76
160 83
171 89
181 93
193 99
203 103
212 109
220 113
220 117
238 121
244 125
248 126
0 130
253 130
255 132
255 132
255 132
253 132
250 128
248 128
242 128
236 125
220 123
226 125
214 123
195 109
179 89
175 80
171 80
156 82
144 78
126 70
125 64
115 62
95 60
89 58
80 50
62 42
62 37
52 33
37 29
39 25
33 19
19 13
25 13
27 15
25 15
23 17
25 15
29 15
33 19
37 25
42 27
50 27
58 31
3 35
76 41
85 46
97 50
107 56
119 60
130 66
142 72
154 80
167 85
177 91
187 95
199 101
208 109
216 113
224 115
232 121
240 123
244 126
248 128
251 130
253 132
255 132
255 132
253 130
251 130
250 130
244 128
238 126
232 123
224 121
220 125
208 121
189 101
175 80
171 72
166 80
154 87
140 82
128 68
119 56
109 56
97 60
85 58
74 48
64 35
56 29
48 29
42 31
35 27
31 17
27 13
25 13
25 17
23 19
23 15
27 15
31 17
35 23
39 25
46 29
52 27
62 31
72 37
82 44
91 50
101 52
115 56
125 62
136 70
148 78
158 82
169 87
183 91
193 99
203 105
212 109
220 113
228 117
236 121
242 125
248 128
251 132
253 132
255 132
255 132
255 134
253 132
251 132
246 128
242 126
236 125
232 125
228 128
208 109
191 99
175 83
179 82
171 83
160 85
146 80
126 70
126 64
115 62
103 62
91 56
80 48
62 41
60 35
52 33
44 31
39 25
33 19
29 15
27 17
25 17
23 17
25 15
25 15
27 17
33 19
37 23
42 25
50 27
58 31
66 35
76 41
85 46
95 50
107 54
121 60
132 68
142 76
154 80
166 83
177 89
189 97
197 105
207 107
216 111
226 115
232 119
238 125
244 126
250 128
253 130
253 132
255 132
255 132
255 134
251 132
248 128
244 126
238 125
234 126
226 125
220 126
205 117
187 91
177 76
175 78
167 87
154 89
138 78
128 64
121 58
109 62
97 64
83 56
74 42
64 33
56 31
48 33
41 31
37 23
31 15
27 11
25 15
25 19
25 19
25 17
27 15
31 17
35 21
33 25
46 29
52 27
62 29
72 37
82 44
91 48
103 52
113 56
0 64
128 70
148 76
160 82
171 87
181 93
193 99
187 95
212 107
222 115
222 119
236 121
242 125
248 126
0 130
251 130
255 125
257 134
251 134
253 132
251 130
248 130
242 128
236 126
234 128
224 126
205 111
191 93
185 85
181 85
171 89
158 85
144 76
136 66
128 68
115 68
101 66
89 54
80 44
72 41
60 37
52 35
44 29
39 23
33 17
29 17
25 17
25 17
25 17
23 15
25 15
27 15
33 21
37 23
42 25
48 27
58 29
66 35
76 42
85 46
95 48
107 54
119 60
130 66
140 74
154 78
166 83
177 89
187 95
197 101
208 107
216 113
224 115
232 119
240 123
244 126
248 128
251 130
255 132
255 132
255 132
253 132
253 132
250 130
244 130
238 126
232 125
228 126
218 126
199 107
185 83
183 76
179 83
166 91
152 87
140 74
130 64
121 62
109 66
95 64
85 54
76 42
66 35
56 33
48 33
41 27
35 19
31 15
27 15
27 19
23 19
25 17
25 15
27 15
31 19
33 23
39 23
46 25
54 29
62 33
72 39
80 42
91 46
101 50
111 56
125 64
138 72
150 80
160 83
169 87
181 91
193 99
203 105
210 109
218 113
228 115
236 121
242 125
246 128
250 130
253 130
255 132
255 134
255 134
253 132
251 132
246 130
242 128
238 128
236 130
218 121
201 105
193 91
191 89
183 91
169 93
156 85
146 76
138 70
126 68
113 68
101 62
91 54
82 46
70 41
60 37
52 33
44 29
39 23
33 19
29 17
27 17
25 17
23 13
23 13
27 15
29 19
33 19
37 21
42 23
48 27
56 33
66 37
74 41
85 44
95 48
107 54
119 62
130 68
142 72
154 78
164 83
175 91
187 97
197 101
207 105
214 109
224 113
232 119
240 125
244 126
248 128
251 130
253 132
255 134
255 134
255 134
251 132
248 130
244 128
240 126
234 126
230 132
214 121
195 97
189 82
185 83
