350000 10000000 73400 28
123 60
148 74
173 85
199 99
220 111
236 121
248 126
255 130
250 132
255 134
244 130
230 123
212 113
189 103
166 91
138 80
113 66
89 52
68 41
48 31
35 23
25 19
21 17
25 17
33 21
52 33
62 41
74 39
97 39
130 50
162 72
185 93
205 105
224 109
244 117
257 128
259 138
257 140
250 132
240 125
222 117
201 109
177 99
154 85
128 72
103 58
78 46
58 39
42 29
29 21
21 15
21 13
27 15
37 19
50 27
70 33
93 44
121 58
144 74
171 85
195 97
216 107
236 119
248 126
255 132
257 134
250 132
246 128
232 125
214 117
193 105
167 93
126 80
109 66
93 56
70 44
48 33
35 23
27 19
23 17
21 15
29 17
42 23
60 31
82 42
105 54
130 66
158 80
187 101
205 113
205 105
230 99
0 109
251 128
257 138
251 132
242 121
228 113
208 111
183 107
158 95
130 76
105 56
82 44
60 39
42 33
29 23
23 13
21 9
25 13
35 21
48 29
68 35
89 42
115 56
142 72
167 85
191 97
212 107
230 115
246 125
253 132
257 134
255 134
248 130
236 125
218 117
197 107
171 95
148 82
123 68
95 56
72 46
54 35
37 25
27 19
23 15
21 15
27 15
41 21
58 31
78 39
101 50
126 62
154 76
179 89
201 103
222 113
240 123
253 132
261 140
253 136
242 123
236 111
228 109
210 109
185 103
160 87
134 70
111 58
89 52
66 48
46 37
33 23
23 15
21 13
23 15
31 19
44 23
64 31
85 39
111 54
136 68
162 82
187 93
210 105
228 115
244 125
3 130
250 132
255 132
250 130
238 126
220 119
201 109
177 95
142 83
125 70
99 58
76 46
56 35
39 25
27 19
21 13
21 15
27 15
37 19
46 27
74 37
97 48
115 62
25 76
173 87
197 99
218 111
236 119
250 128
255 134
257 134
253 134
246 130
232 125
216 121
195 117
162 95
128 62
107 41
91 39
70 42
48 37
31 21
25 9
25 9
27 19
33 29
42 31
60 31
83 37
107 52
132 70
158 83
183 89
207 99
226 109
242 123
251 130
259 134
257 134
251 130
240 126
224 121
205 113
179 99
154 83
128 70
103 60
80 48
58 39
41 25
29 19
23 15
21 15
25 15
35 19
50 25
72 37
93 48
119 60
144 72
171 83
195 97
214 109
234 119
248 126
255 130
257 132
255 132
248 130
234 125
216 117
193 105
169 93
144 82
119 72
99 64
74 52
44 31
25 11
19 1
21 3
25 13
29 17
39 21
60 25
82 37
107 54
130 72
154 82
179 89
205 101
224 113
238 123
250 130
257 132
257 130
251 130
240 126
226 121
207 113
183 99
158 87
132 74
107 62
83 50
60 39
44 27
31 19
23 17
21 15
25 15
33 17
48 25
68 35
87 42
115 54
142 68
167 83
191 97
212 107
232 117
246 126
255 130
257 132
255 132
248 130
236 125
218 117
197 107
173 95
148 83
123 70
97 58
72 44
54 37
39 27
27 21
21 15
27 25
33 31
33 21
42 9
70 15
105 41
128 70
150 83
173 85
201 91
224 109
240 128
250 138
255 136
257 130
253 126
244 128
226 125
207 113
187 99
162 83
136 74
111 64
87 54
64 41
46 29
33 21
23 19
21 17
23 17
33 17
46 21
64 31
87 44
109 56
136 68
164 80
189 93
208 107
228 117
244 126
253 130
257 132
255 134
250 132
238 126
220 119
201 107
177 95
152 83
126 72
101 60
76 46
56 37
41 27
29 19
23 17
21 15
27 17
39 23
54 29
76 41
105 60
123 70
138 68
162 70
195 82
220 103
236 121
246 126
255 125
259 126
255 132
246 134
232 130
214 119
191 103
166 89
140 80
113 66
89 52
68 39
48 29
33 21
25 17
21 17
23 15
31 17
44 21
60 31
83 44
107 54
132 66
158 78
183 91
205 101
226 113
242 123
251 130
257 132
255 132
251 132
240 126
224 121
203 111
181 97
156 85
130 74
103 62
80 48
60 37
42 27
29 21
23 17
21 13
25 13
37 19
50 27
70 35
93 46
119 60
144 72
169 85
195 99
216 111
240 130
248 136
244 123
248 109
3 113
250 126
234 130
207 119
193 99
171 85
146 80
111 76
93 64
64 44
35 29
35 19
27 19
21 19
21 15
27 13
41 17
58 29
80 42
103 54
128 62
154 74
181 87
203 103
222 113
240 121
251 126
257 132
257 132
251 132
242 128
226 121
207 111
183 99
160 87
134 76
107 60
83 46
62 39
44 31
33 23
23 17
21 13
25 13
35 21
46 27
66 33
89 44
115 56
140 70
166 83
189 95
212 107
232 117
246 126
253 130
259 134
259 140
253 142
232 128
207 107
191 89
173 83
150 80
123 72
95 56
74 41
56 31
41 27
29 25
21 21
21 15
27 13
39 19
54 29
74 41
97 46
125 56
152 72
175 87
199 99
220 111
238 121
250 128
255 132
257 134
253 132
244 128
230 123
208 113
187 101
164 89
138 78
111 64
85 50
66 39
46 29
33 21
25 17
21 15
25 15
31 17
44 23
64 33
85 44
111 54
136 68
162 80
187 93
208 107
228 117
244 123
253 128
259 132
257 134
250 132
238 126
222 119
201 109
179 99
156 91
132 87
97 64
66 33
48 11
41 11
33 21
23 23
19 15
25 7
39 13
56 29
74 48
95 56
121 60
146 68
173 83
197 101
216 115
234 119
248 123
255 126
257 132
253 134
246 132
232 123
214 113
191 103
167 93
142 83
115 68
89 52
68 39
48 31
35 25
25 19
19 15
23 13
31 15
44 23
60 33
82 41
107 52
132 64
156 76
181 89
207 103
226 115
242 123
251 126
257 132
257 134
251 132
240 126
224 121
205 111
181 101
156 87
130 74
105 62
82 50
62 41
48 37
35 31
15 17
9 1
17 0
37 9
52 25
68 37
89 44
117 50
146 68
171 89
193 103
212 113
232 117
248 123
255 130
257 136
253 134
246 128
234 119
216 113
195 105
169 93
144 80
121 66
95 56
72 44
52 35
37 27
27 19
21 15
23 15
29 17
41 23
56 29
78 39
103 50
126 62
154 76
179 87
203 101
224 111
240 123
251 130
257 132
257 132
251 132
244 128
226 121
207 113
185 101
160 87
134 76
109 64
85 52
64 41
44 29
33 21
25 17
21 17
23 15
33 19
50 31
70 48
82 44
101 37
134 44
167 70
191 97
212 113
228 115
246 117
257 125
259 138
255 142
248 136
236 123
218 113
197 105
173 99
148 83
123 68
97 52
74 41
54 33
39 27
27 19
21 13
23 13
29 17
39 23
54 29
76 37
99 48
125 62
150 76
175 87
201 99
220 111
236 121
248 126
257 132
259 132
253 132
244 128
228 121
210 113
189 103
164 91
136 78
113 64
87 52
66 42
48 31
33 23
25 17
21 15
23 15
33 17
46 25
64 35
85 44
109 56
138 70
169 91
187 103
199 103
216 99
240 107
253 123
257 132
253 132
248 123
242 121
226 121
203 117
177 107
154 89
128 72
101 58
76 48
56 39
41 27
27 17
21 11
21 11
27 17
37 21
52 25
70 33
95 46
121 62
146 76
171 87
197 97
218 107
236 119
248 128
255 132
257 134
253 132
246 128
232 123
214 115
191 103
167 93
142 80
117 66
91 54
68 42
48 31
35 21
25 17
21 17
23 15
29 17
42 23
60 31
82 42
105 54
132 64
158 78
183 91
207 103
224 115
234 123
3 130
265 144
251 144
242 126
230 105
222 99
208 105
183 105
154 91
128 68
107 50
83 48
62 46
35 39
29 25
23 11
21 9
25 15
33 23
48 27
5 31
91 41
117 54
17 72
164 87
193 97
207 107
232 117
246 126
5 126
259 134
251 132
185 128
236 123
216 119
195 107
171 95
146 80
121 68
95 56
72 44
52 33
37 23
27 19
21 17
21 15
29 17
41 21
58 29
78 41
101 52
126 64
154 76
179 89
201 101
222 111
240 123
251 130
257 134
257 134
253 134
244 132
230 128
212 123
181 105
150 80
126 60
107 50
85 44
64 39
44 27
31 17
25 13
23 13
25 19
35 23
46 27
66 31
87 42
113 58
138 72
162 82
189 91
210 103
230 115
244 125
253 130
259 132
255 132
250 130
236 126
220 121
199 109
175 97
148 82
123 70
99 58
74 46
54 35
37 25
27 15
23 15
23 17
27 17
39 21
54 27
76 37
97 50
123 62
148 74
175 85
199 99
220 111
236 121
250 128
255 132
257 134
253 132
244 130
230 125
210 115
189 103
166 91
138 78
113 66
89 56
74 54
46 41
23 13
15 0
21 0
27 13
33 25
42 25
60 23
87 33
113 56
136 78
160 89
185 91
208 99
228 111
242 125
250 132
257 132
257 130
250 126
238 123
222 119
203 113
179 99
152 83
126 72
103 60
80 48
56 37
41 25
29 19
23 15
21 15
25 15
37 19
52 27
72 37
95 46
119 60
146 72
171 83
195 95
216 109
234 121
248 126
255 130
259 132
255 134
246 132
232 125
212 115
193 103
169 93
142 83
117 68
91 52
70 41
50 33
37 27
27 21
25 21
29 27
25 19
31 11
50 13
80 29
107 48
130 66
154 74
181 83
208 101
228 119
240 130
251 132
257 132
257 132
251 132
240 128
224 121
205 109
183 97
156 85
130 74
107 62
82 50
60 37
42 27
29 21
23 17
21 17
25 15
33 17
50 25
68 35
91 46
115 56
142 68
169 82
193 95
212 107
232 117
246 125
255 130
257 132
255 132
248 130
236 126
216 119
195 105
171 95
146 83
121 70
95 56
72 44
52 33
37 25
27 19
21 15
23 15
29 19
41 23
56 31
78 41
105 58
130 76
148 80
167 72
195 78
222 99
242 123
250 134
255 130
257 126
255 126
244 132
228 128
210 119
187 101
160 85
134 74
109 66
83 54
64 39
44 23
31 17
25 15
21 17
25 17
33 17
48 21
66 33
87 44
111 56
138 68
166 80
189 93
210 107
230 117
244 125
253 128
257 132
255 132
250 130
238 126
220 119
199 107
175 95
150 83
125 72
99 58
76 46
56 35
41 27
27 21
21 15
21 15
27 17
37 19
54 27
76 39
99 52
123 62
150 76
175 87
201 103
224 121
238 128
242 125
246 117
253 119
255 123
246 128
228 123
210 111
191 97
166 89
140 82
115 74
89 58
66 41
46 29
33 23
25 19
21 17
23 15
31 13
44 19
62 31
83 42
107 54
134 66
160 78
185 91
207 105
226 115
242 123
251 128
257 132
255 132
251 132
240 126
222 117
201 107
181 97
156 87
128 74
101 58
80 44
60 37
42 29
29 23
21 15
21 13
27 17
37 21
50 27
70 35
95 46
119 58
144 72
169 85
195 97
216 109
234 119
248 126
257 132
259 134
255 134
251 138
238 138
208 115
181 87
164 70
144 70
119 72
91 60
68 41
50 23
39 19
27 25
21 25
21 21
29 15
42 17
58 31
80 44
103 54
128 60
156 70
181 85
203 103
224 117
242 123
251 126
257 130
257 134
251 134
240 128
226 119
207 109
183 99
158 89
132 76
107 62
82 48
62 37
42 31
29 21
23 15
21 13
25 15
35 21
48 25
68 33
89 44
115 56
140 70
166 83
193 95
214 109
232 117
246 125
255 130
257 132
255 134
250 132
236 126
218 119
197 109
175 99
156 95
123 80
85 52
62 29
50 17
39 17
29 19
19 15
21 9
29 9
42 19
60 35
78 46
99 54
126 60
152 72
177 89
201 103
220 113
236 117
251 123
257 130
257 134
253 134
244 128
228 121
208 111
187 103
162 91
136 78
111 62
78 48
64 39
46 31
31 23
23 15
21 13
25 15
33 19
46 25
64 33
80 42
111 56
7 68
162 80
189 93
203 107
228 117
244 125
3 128
251 134
257 134
250 132
234 126
220 119
195 109
177 97
152 85
126 74
101 60
76 48
56 37
41 29
35 31
17 27
11 7
15 0
35 0
48 21
76 42
97 52
113 56
25 62
175 78
199 107
218 119
236 123
0 123
255 128
250 134
250 136
246 130
230 119
210 109
189 99
158 91
140 82
113 64
89 50
68 41
48 31
33 23
25 17
21 15
15 13
31 17
35 23
62 33
83 33
107 52
134 66
158 78
183 91
207 105
226 113
242 121
3 128
251 134
257 136
250 132
240 126
224 119
203 111
171 99
154 87
128 74
103 60
80 48
58 37
42 29
31 23
23 17
23 15
27 19
41 27
58 39
68 42
82 39
109 41
15 56
171 80
193 97
205 105
234 113
0 123
257 132
259 140
255 140
248 132
234 123
214 115
193 107
169 97
126 82
109 66
91 50
70 41
48 33
35 25
25 17
21 13
23 13
31 17
31 23
58 31
17 33
103 50
3 64
154 76
181 89
205 103
224 113
240 121
251 128
250 132
257 134
251 132
158 126
220 119
203 111
175 101
158 89
132 74
107 62
83 50
62 39
44 29
31 21
17 15
21 13
25 15
31 19
48 25
0 35
83 46
115 60
15 74
167 87
197 109
210 113
220 105
236 101
0 115
253 132
257 138
248 132
236 119
220 111
193 109
173 105
148 89
121 70
97 50
64 41
54 37
37 29
25 19
21 1
21 7
29 13
41 25
56 31
13 39
101 48
1 62
152 76
177 89
201 101
220 111
234 119
0 126
250 132
257 134
250 132
242 126
228 121
210 115
187 105
162 89
136 76
111 64
85 52
64 41
46 29
35 23
25 19
21 15
15 15
33 19
46 25
64 33
78 42
111 54
13 68
162 82
187 95
210 107
230 117
246 126
9 138
261 144
250 134
240 119
232 109
220 107
201 105
175 95
150 80
126 66
95 56
80 50
58 42
41 31
27 19
23 13
21 15
25 17
37 21
52 25
72 33
95 44
121 60
146 74
173 85
199 97
218 109
234 119
250 128
250 132
257 134
250 130
246 128
232 123
212 115
191 105
166 91
140 76
115 66
89 52
68 42
48 31
35 21
17 17
21 15
15 15
31 17
44 23
60 31
82 41
107 54
132 66
158 80
183 91
205 103
226 115
244 125
3 132
257 134
257 134
251 132
242 130
224 123
208 117
185 111
150 87
117 56
93 37
66 37
62 41
39 33
27 17
21 0
25 9
29 19
37 29
48 33
0 33
91 39
119 56
17 76
167 87
193 95
207 103
232 115
246 126
5 134
257 136
255 132
248 126
234 123
216 119
195 109
169 93
128 78
111 66
93 56
70 44
50 33
35 21
27 17
23 15
21 13
31 17
35 23
58 29
80 41
103 52
128 64
154 78
179 89
203 101
224 113
240 121
1 128
250 132
257 132
253 132
242 128
226 123
207 113
185 103
160 89
134 78
109 66
89 60
64 46
37 25
21 5
19 0
23 5
27 15
33 19
46 21
68 29
91 42
117 62
140 78
166 87
189 95
212 105
230 117
244 126
253 130
257 132
255 130
248 126
236 125
218 117
197 107
173 93
148 80
125 70
99 60
74 48
54 35
39 23
29 19
21 17
21 15
27 15
41 15
54 29
76 39
99 48
125 62
150 74
175 87
199 97
220 111
238 123
250 128
255 130
259 132
253 132
244 130
228 123
210 113
189 101
164 89
136 76
113 66
87 52
66 41
46 31
33 23
25 19
23 17
29 27
35 29
35 17
52 9
82 23
113 50
138 74
160 83
185 87
208 95
232 115
246 132
253 140
257 136
255 130
250 126
238 126
220 123
199 111
175 93
150 78
126 68
101 62
76 50
56 35
41 25
29 17
23 17
21 17
25 17
37 17
52 25
72 35
95 48
121 60
146 74
171 83
195 95
218 109
236 121
250 128
255 130
257 130
255 132
246 130
232 125
212 115
193 103
167 91
140 80
115 66
91 54
68 41
50 31
35 23
25 17
21 13
23 13
33 19
44 27
62 35
87 48
115 66
128 72
146 70
175 74
205 89
228 109
240 123
250 126
257 126
259 128
253 132
242 132
224 125
205 113
181 99
156 85
130 76
105 62
80 46
60 33
42 25
31 21
23 17
21 15
27 15
37 19
50 27
68 37
91 46
117 58
144 70
167 82
193 95
214 109
232 119
248 125
255 128
257 132
255 134
248 130
234 125
216 115
193 105
171 93
146 83
119 70
93 54
72 42
52 33
37 25
25 19
21 15
23 13
29 17
41 23
58 31
80 41
103 52
128 64
154 76
181 89
203 103
226 117
246 134
248 134
246 119
250 109
251 115
246 126
228 130
207 115
185 95
162 82
138 80
111 74
83 60
62 41
44 25
31 19
23 19
19 17
23 13
33 13
46 19
66 33
87 46
113 58
140 70
166 80
189 93
210 107
232 119
246 126
253 130
257 132
255 132
250 132
236 126
218 117
197 107
173 93
150 82
123 70
97 56
74 44
54 33
39 27
27 21
21 17
21 15
29 17
39 21
54 29
76 39
99 48
125 60
150 74
175 87
201 101
220 113
238 121
251 128
257 134
259 136
259 142
248 138
222 121
201 99
183 85
164 80
138 76
111 64
85 48
66 35
48 27
35 25
25 25
19 19
21 13
31 13
46 25
62 37
83 44
109 52
134 62
162 78
185 93
208 107
228 117
242 123
253 128
257 132
257 134
251 134
238 126
220 117
201 107
177 99
152 87
126 72
101 58
78 44
56 35
41 29
29 21
23 17
21 15
27 17
37 21
52 29
72 37
95 48
121 60
146 72
171 85
195 97
216 109
234 119
0 126
250 132
257 136
255 134
183 130
232 125
214 117
191 105
167 93
148 89
121 80
83 54
56 23
44 9
39 13
29 23
19 21
19 11
31 7
46 19
62 37
82 52
105 58
130 62
158 72
181 89
203 107
224 117
240 121
251 123
257 128
257 132
251 132
242 128
224 119
205 109
175 99
158 91
130 78
97 62
82 48
52 37
42 27
29 21
23 15
21 13
25 13
35 19
48 25
70 35
91 44
115 56
142 70
167 83
193 97
214 109
232 117
246 125
3 130
250 134
255 134
248 130
234 123
216 115
197 107
171 95
146 82
121 70
95 58
72 46
54 39
44 37
27 25
11 9
11 0
25 0
42 15
58 31
76 39
101 44
130 58
156 78
179 97
201 109
222 115
240 121
250 126
255 132
255 134
251 132
242 125
226 117
207 109
185 101
160 89
134 76
109 60
85 48
64 41
44 31
31 21
23 15
23 15
25 17
33 21
46 25
66 33
87 44
113 54
138 68
164 82
189 93
212 105
230 115
244 123
253 130
259 134
255 134
250 130
238 125
220 117
199 107
175 97
150 83
123 70
99 56
76 46
56 37
39 27
29 19
23 17
23 15
27 19
41 25
60 41
74 46
85 37
115 37
15 56
179 85
199 107
218 113
236 113
251 119
257 130
259 142
253 140
244 128
230 117
210 109
189 103
164 97
138 80
111 60
87 46
66 39
46 33
33 25
25 17
23 11
23 11
31 19
44 25
62 33
83 41
109 52
134 66
160 80
185 93
208 105
226 115
242 121
251 128
257 132
257 134
251 132
238 125
222 119
203 111
179 99
154 83
128 72
103 60
80 48
56 37
41 27
29 21
23 17
21 15
25 15
37 19
52 27
72 37
95 48
121 62
150 80
175 95
189 97
205 95
230 103
248 117
255 130
255 134
253 130
246 125
236 121
216 119
193 111
167 97
142 80
117 66
91 54
68 44
48 35
35 23
25 13
21 11
23 13
31 19
42 23
58 29
82 39
107 54
130 68
156 80
181 91
205 103
224 113
240 123
251 128
257 134
257 132
251 130
242 126
226 121
205 111
183 101
158 87
132 74
107 62
82 50
60 39
42 27
31 21
23 17
21 13
25 15
37 21
50 27
68 35
91 44
117 58
142 70
167 83
191 97
214 109
232 119
246 126
259 140
263 146
250 134
236 115
228 101
218 105
201 109
171 101
144 80
121 60
97 50
74 48
54 44
37 33
25 17
21 9
23 13
27 19
39 25
56 27
78 33
101 46
126 62
152 78
179 89
203 99
222 111
238 121
250 130
257 136
257 134
251 130
244 126
228 123
208 113
185 101
160 87
136 76
111 64
85 52
64 41
46 29
33 23
25 19
19 15
25 15
33 17
48 25
64 33
85 42
113 56
138 68
164 82
189 93
210 107
230 117
244 125
253 130
257 132
255 132
251 134
240 130
228 130
201 117
167 91
140 70
121 56
99 50
76 44
54 35
39 23
29 15
25 15
23 21
27 23
37 25
54 27
74 37
97 50
121 62
146 74
173 83
197 93
216 107
236 119
250 128
255 130
257 132
253 132
183 128
230 125
212 117
189 103
166 87
138 76
113 66
87 52
66 41
48 29
35 23
25 17
21 15
23 13
29 15
44 21
64 33
83 44
107 56
134 66
160 80
185 93
207 105
226 117
242 123
251 126
255 130
257 134
251 134
240 128
222 119
205 109
181 99
154 89
128 76
103 62
85 58
58 46
33 19
17 0
19 0
25 9
29 23
35 25
50 21
72 29
97 46
121 68
144 82
169 89
195 93
214 103
232 119
246 130
253 132
257 128
253 126
246 126
234 126
216 119
193 105
167 89
142 78
119 68
93 58
68 44
50 31
37 21
27 17
21 17
21 15
29 15
42 19
60 29
80 41
105 52
130 64
156 76
181 89
205 101
224 115
240 125
251 128
257 130
257 132
251 132
240 126
226 119
207 111
185 101
158 91
132 76
107 62
83 52
62 41
44 33
31 25
27 23
27 25
21 17
23 7
41 5
68 21
93 41
115 58
138 68
166 76
193 91
216 111
232 123
244 128
255 130
259 132
255 134
246 130
234 126
218 117
197 103
171 91
146 80
121 68
97 56
74 44
52 31
37 25
29 21
21 19
21 15
29 15
41 21
56 29
76 39
101 50
125 60
150 74
177 87
201 101
222 113
238 123
250 126
257 130
257 134
253 134
244 130
228 121
208 111
187 101
162 89
136 78
111 62
87 50
64 41
46 31
33 23
25 17
23 15
23 15
33 19
44 23
66 33
91 48
117 70
132 72
150 66
181 72
210 93
232 119
244 130
251 128
257 125
259 128
251 134
238 136
220 125
199 107
175 91
150 82
125 76
99 62
74 44
54 29
39 21
27 19
23 19
23 17
29 15
39 19
54 27
74 39
97 50
123 62
148 72
173 85
197 99
218 111
236 121
248 126
255 128
259 132
255 134
246 132
230 125
212 113
191 103
166 93
138 80
113 64
89 50
68 41
48 33
33 23
25 17
23 15
23 15
31 19
42 25
62 33
83 42
107 54
132 66
160 80
187 95
214 115
228 125
232 119
242 113
253 117
257 126
251 130
238 126
222 115
205 103
183 97
156 91
130 82
103 64
80 46
58 37
42 27
29 23
21 17
21 11
25 9
35 15
50 27
70 37
93 46
119 58
144 70
169 85
193 99
216 109
234 119
248 125
253 128
257 130
255 134
248 132
232 125
214 115
195 105
169 93
144 82
117 68
93 54
70 42
50 33
37 25
25 17
21 13
23 13
29 17
42 23
58 31
80 41
103 52
128 64
156 76
179 89
203 101
224 113
242 123
251 130
250 136
257 136
257 142
244 140
216 115
195 89
181 80
162 83
134 82
107 68
82 44
62 29
46 27
35 31
23 27
21 17
25 11
33 15
48 27
66 37
87 42
115 52
140 64
166 80
191 95
212 109
232 119
246 125
253 128
257 134
255 136
248 132
236 125
218 115
197 107
173 97
146 83
121 68
97 54
74 44
54 35
37 27
25 19
23 15
23 15
29 17
39 21
56 29
78 39
99 50
125 62
150 76
177 87
201 99
220 111
238 121
251 128
257 134
257 134
251 132
244 128
230 125
212 117
191 109
167 101
132 82
101 54
78 35
62 25
48 23
35 21
23 17
19 11
27 11
37 19
48 31
64 39
83 44
111 52
136 66
162 82
185 95
208 105
228 113
244 119
251 126
257 132
257 134
250 130
238 125
220 117
203 109
179 99
152 85
125 70
99 56
76 44
56 37
41 27
27 21
21 15
21 13
27 17
37 21
52 29
74 37
97 48
121 60
146 74
173 87
197 99
218 111
236 119
248 126
255 130
257 132
255 132
246 130
232 125
214 115
193 105
166 93
140 80
115 68
91 54
68 42
52 37
41 37
21 23
9 0
15 0
31 1
46 25
60 39
80 42
107 46
134 60
162 82
183 101
205 111
226 115
242 119
251 128
255 134
255 136
251 130
240 123
222 115
205 109
181 101
156 87
128 72
105 58
82 46
60 39
42 31
29 21
23 15
21 13
25 17
35 21
50 25
70 33
91 44
119 58
144 72
169 83
193 97
214 107
232 117
248 126
255 132
257 134
255 134
246 128
234 123
216 117
193 107
169 93
144 80
119 68
93 54
72 44
52 33
37 25
27 19
21 17
23 17
37 27
44 33
50 29
68 25
99 33
130 54
156 76
177 89
201 97
224 107
244 121
253 132
255 140
257 138
253 132
242 126
226 121
207 113
183 103
160 87
132 74
107 60
83 48
62 39
44 29
33 21
23 15
21 15
25 15
33 19
48 25
68 33
89 44
113 56
138 68
166 82
189 93
212 107
230 117
246 125
255 130
259 134
255 132
248 130
236 125
218 119
197 107
173 95
148 82
123 70
99 58
74 46
54 35
39 25
27 19
23 15
21 15
27 17
39 21
56 29
76 39
99 50
125 64
156 85
177 99
191 93
210 89
234 101
251 123
259 138
255 136
251 126
246 121
232 121
212 123
189 113
162 93
136 74
111 60
87 54
64 44
44 31
31 17
25 9
21 11
23 17
31 21
44 23
64 29
85 41
109 54
134 68
162 80
187 93
208 105
226 115
242 123
253 128
259 134
257 134
250 130
238 126
222 119
201 109
177 97
152 85
126 72
101 60
78 46
56 35
41 27
29 21
21 17
21 15
27 15
37 21
52 27
72 37
95 46
121 60
146 74
171 85
197 99
220 113
240 126
255 140
251 136
248 123
248 117
246 117
234 121
212 115
189 101
167 85
144 76
117 70
91 60
68 48
50 33
35 21
25 17
21 17
21 17
29 17
42 17
60 25
82 39
107 54
132 66
158 78
183 91
207 103
226 115
242 125
251 130
257 132
257 132
250 130
240 126
224 121
205 111
181 99
158 85
130 74
105 62
80 48
60 39
42 29
31 21
23 19
21 15
25 17
37 19
50 27
70 37
91 46
117 58
142 70
167 82
191 93
216 107
234 121
246 126
255 130
259 134
257 134
248 134
236 130
222 128
191 111
160 80
138 58
119 54
97 56
74 48
50 33
37 17
29 11
25 19
23 25
29 25
41 21
58 25
80 39
101 54
126 66
152 76
179 85
203 97
222 113
240 123
250 130
257 132
257 132
251 130
242 128
228 121
208 113
185 101
160 87
134 76
109 64
83 52
62 39
44 29
33 21
25 17
21 15
23 15
33 17
48 25
66 35
87 44
113 56
140 68
164 80
189 93
210 105
232 117
246 125
253 130
259 134
257 134
250 132
238 126
218 119
199 109
175 97
150 87
130 80
101 66
66 42
44 21
33 9
29 9
23 15
21 15
27 13
39 15
58 27
78 42
99 56
123 64
148 72
177 83
201 101
218 115
234 121
248 125
255 126
257 130
251 132
244 128
230 121
212 113
189 103
164 91
138 80
113 66
87 52
66 41
46 31
33 25
25 19
19 15
23 13
31 17
44 23
64 33
78 44
109 54
9 62
160 80
187 91
208 105
228 117
244 123
3 128
250 132
257 132
250 132
234 126
222 119
201 109
179 99
154 85
126 74
103 60
78 48
56 37
41 29
29 21
29 27
25 29
17 13
25 0
48 5
68 29
97 54
119 64
15 68
173 76
199 97
218 117
234 128
248 130
5 126
250 130
253 134
244 132
232 125
214 111
191 99
158 89
142 80
109 68
91 56
68 42
50 31
37 25
27 19
21 17
15 15
29 15
42 21
60 31
82 33
107 52
130 66
156 78
183 91
205 105
224 115
234 125
1 128
250 132
257 132
251 132
240 126
224 119
207 111
183 101
156 89
130 74
105 60
82 48
62 39
42 29
31 21
23 15
21 15
25 17
31 21
46 31
78 48
89 50
105 48
132 52
167 70
195 91
214 109
230 115
246 117
257 125
261 136
257 142
248 136
236 125
216 115
195 107
169 95
144 83
119 68
95 52
62 39
52 33
37 25
27 19
21 13
21 13
29 17
41 23
56 31
78 33
101 50
1 64
152 76
177 87
203 101
222 113
238 121
250 126
255 130
257 134
253 134
242 128
228 121
208 111
185 99
162 89
134 78
109 64
85 50
64 39
46 29
31 23
23 17
21 15
25 15
33 19
46 25
66 33
89 46
113 58
138 70
166 82
193 99
216 121
226 121
232 109
246 107
259 119
259 134
250 136
236 125
220 111
201 103
177 99
150 93
123 78
99 56
74 41
54 33
39 29
25 21
21 13
21 9
29 13
39 21
54 31
76 41
99 48
125 60
150 74
173 89
199 101
220 111
236 119
250 126
255 132
257 132
253 132
244 128
230 121
210 113
189 103
164 91
138 76
113 64
89 52
68 42
48 33
33 23
25 17
21 15
23 15
31 19
44 23
62 31
83 41
109 52
136 68
162 80
185 93
208 107
228 117
244 126
255 134
265 144
257 142
242 126
228 111
218 103
203 99
181 97
152 85
126 68
105 54
82 46
60 42
42 35
29 27
21 17
19 11
25 15
35 21
50 29
70 33
93 42
121 56
146 72
171 85
195 97
216 107
234 117
248 126
255 132
257 134
255 132
248 130
234 125
214 117
193 105
169 93
142 80
117 66
93 54
70 42
50 33
35 23
25 17
21 15
23 15
29 17
41 21
60 29
82 41
103 52
128 64
158 78
183 93
205 105
224 113
240 123
253 130
257 134
257 134
251 132
242 128
226 123
207 115
187 111
160 99
115 68
95 39
80 29
64 33
46 35
31 27
21 11
21 5
27 13
37 25
50 35
68 39
89 41
117 52
142 70
166 87
191 97
212 103
232 111
246 123
255 130
259 134
255 132
248 128
236 123
216 117
197 109
171 97
146 83
121 68
95 56
72 44
52 35
37 25
27 19
21 15
21 15
27 17
41 21
58 29
78 39
101 50
126 62
152 76
179 87
201 101
220 113
238 121
251 126
257 132
257 134
253 132
244 128
228 123
208 113
185 103
162 89
136 76
113 66
89 58
70 52
42 35
21 13
15 0
19 1
25 11
33 19
44 23
64 27
89 37
115 56
138 76
164 87
187 95
210 103
230 115
244 126
251 134
257 132
255 130
250 126
236 125
220 119
201 109
177 97
150 83
125 70
99 60
76 48
54 37
39 25
29 17
21 15
21 15
27 15
37 19
54 27
74 37
97 48
123 60
148 74
175 87
199 99
218 111
236 119
250 126
255 130
257 132
253 132
246 130
230 123
212 113
191 103
166 93
140 80
113 68
89 52
66 41
48 31
35 25
25 19
21 15
27 19
39 31
41 27
50 17
74 17
109 39
138 68
160 85
181 91
208 95
230 109
246 128
251 140
257 140
257 132
251 128
240 125
220 121
203 113
179 97
154 82
128 68
103 60
80 50
58 39
41 25
31 17
23 17
21 17
25 17
37 19
50 25
70 33
93 46
119 60
144 72
169 83
195 95
216 109
234 119
248 126
255 130
257 132
253 132
248 130
234 125
214 117
193 105
167 91
144 80
119 68
93 54
70 42
50 33
37 25
25 17
21 13
23 15
31 19
42 25
60 33
82 42
113 62
132 76
146 76
169 76
201 85
226 105
242 123
250 128
255 128
259 126
255 130
244 132
226 126
207 115
183 101
158 87
130 76
107 64
82 48
60 35
44 25
31 19
23 17
21 15
25 15
35 17
48 25
68 35
89 46
115 58
140 70
167 82
191 95
212 107
230 117
244 123
255 128
257 134
255 134
248 130
236 125
218 117
195 105
171 95
148 83
123 70
95 56
72 42
54 33
39 27
27 21
21 17
21 13
27 15
41 21
56 31
76 41
101 50
126 62
152 76
177 91
201 103
222 115
244 132
251 138
246 125
248 111
250 111
246 123
232 126
208 117
185 97
162 82
140 76
113 74
87 62
64 44
46 27
33 19
23 17
21 19
23 15
31 15
46 17
64 29
85 46
111 58
136 66
162 78
189 93
210 109
228 119
244 126
253 128
257 132
255 132
250 132
238 126
220 119
201 107
175 95
152 83
126 72
99 60
76 44
56 33
41 25
29 21
21 15
21 13
29 15
37 21
52 27
74 37
97 48
123 60
23 74
173 85
197 99
218 111
236 121
250 126
257 132
259 134
259 138
250 140
226 126
201 103
183 85
166 80
142 76
113 66
87 50
68 37
50 27
37 25
25 23
21 21
23 17
31 17
42 21
60 33
82 44
105 54
130 62
158 72
185 89
207 105
226 115
242 121
253 126
257 132
257 134
250 132
240 126
222 119
203 109
179 99
154 85
128 74
103 58
80 46
60 37
42 29
29 21
23 17
21 13
27 15
35 21
50 27
7 37
93 46
111 58
19 64
169 83
195 97
216 109
234 119
248 125
5 130
250 132
255 132
248 130
234 125
216 117
195 107
156 95
140 89
123 82
89 58
58 27
42 9
35 11
29 19
21 21
21 15
21 9
44 15
60 33
82 50
103 60
128 62
154 72
179 87
203 107
222 117
238 121
1 123
255 128
255 125
253 134
244 130
228 121
207 109
175 99
160 91
134 78
107 62
82 48
62 37
37 29
31 23
23 17
21 13
25 15
33 19
48 27
66 35
89 44
115 56
140 70
166 83
189 95
212 107
232 117
246 126
3 130
250 134
255 134
250 130
236 125
218 117
197 107
173 95
148 83
123 70
97 56
76 46
56 39
44 37
29 29
13 11
11 0
23 0
41 11
58 27
76 39
99 46
126 56
154 74
179 93
201 107
220 115
238 119
0 125
255 132
257 136
251 132
244 126
226 117
208 111
187 103
164 89
136 78
111 62
87 46
64 41
46 31
33 23
23 17
15 11
23 13
35 19
46 27
1 31
78 41
111 52
3 68
162 82
177 93
208 103
228 115
244 125
0 130
250 134
257 134
250 130
238 126
220 119
201 109
177 97
152 83
125 70
101 58
78 46
58 37
41 27
29 21
23 17
23 17
27 17
37 23
58 39
74 48
85 41
111 37
144 52
177 82
199 105
216 113
234 113
250 117
259 130
259 142
253 142
246 130
230 119
212 109
191 105
166 95
140 82
115 64
89 48
68 39
50 35
35 27
25 19
21 11
23 11
31 17
44 27
60 33
82 41
107 50
132 64
158 78
183 91
207 103
226 113
242 123
251 128
257 132
257 132
251 130
240 126
224 119
205 111
181 99
156 87
128 74
105 60
80 48
60 37
41 25
29 19
25 17
21 17
25 19
35 19
50 27
72 37
93 48
119 60
148 78
175 95
189 99
203 97
224 99
248 113
257 128
257 134
251 130
248 125
238 121
218 119
195 113
169 99
144 82
121 66
93 54
70 46
50 35
37 25
25 15
21 11
21 13
29 17
41 21
58 29
17 39
103 46
3 66
146 78
179 89
203 101
224 111
240 123
0 128
255 125
257 132
251 132
242 126
226 121
207 113
177 101
160 89
132 76
107 62
83 50
62 39
44 29
29 19
25 17
21 17
17 17
33 19
48 23
5 33
82 46
113 58
140 70
166 82
191 95
212 107
230 117
246 126
9 136
263 146
250 136
238 115
222 103
220 107
201 111
173 101
146 82
123 62
99 50
78 48
56 44
39 33
27 17
21 11
21 11
27 19
37 23
54 27
76 33
99 44
125 60
150 78
175 89
201 97
222 109
238 121
0 128
250 132
259 134
250 132
244 128
228 123
210 113
189 103
164 89
138 76
113 64
87 52
66 42
46 31
33 21
25 17
21 15
23 15
31 17
44 23
64 31
85 42
109 54
136 66
162 80
187 93
208 105
228 115
244 125
253 128
259 132
257 136
251 134
242 130
230 130
203 117
167 93
142 70
123 56
103 52
78 46
56 35
39 23
31 15
25 13
23 19
29 23
37 25
52 27
72 33
95 48
121 62
146 74
169 83
195 93
218 107
236 121
248 128
255 130
259 132
255 132
246 130
232 126
214 115
191 103
167 91
140 80
115 66
91 52
68 41
48 31
35 23
25 19
21 15
23 15
31 17
42 23
60 31
82 41
105 52
130 64
158 78
183 91
207 105
226 113
242 123
251 128
257 134
257 134
251 132
242 126
224 119
205 111
181 99
158 87
132 76
105 64
87 60
60 46
33 17
19 0
21 0
23 9
27 21
33 21
50 21
70 27
95 46
119 68
142 80
167 85
193 91
214 105
232 121
246 130
253 130
257 128
255 126
248 126
234 126
216 119
195 107
171 93
146 80
119 68
95 58
72 44
52 31
35 21
27 17
23 17
21 15
29 17
41 21
58 29
80 41
101 52
126 64
154 76
179 89
203 103
222 113
238 123
251 128
257 130
257 132
251 132
244 128
228 123
208 113
185 99
160 87
134 76
109 64
83 50
64 41
46 31
35 27
27 25
25 27
19 17
15 7
41 7
1 21
89 41
113 56
136 66
166 76
191 89
214 109
232 123
244 128
253 130
257 130
255 132
248 132
234 125
218 115
199 105
173 95
148 83
123 72
99 58
76 44
56 35
39 25
29 19
23 15
21 15
27 15
37 19
54 27
76 39
99 48
123 60
150 74
175 87
199 99
218 111
236 121
248 125
257 132
257 134
253 134
244 130
230 123
210 113
187 103
164 91
138 78
113 64
87 50
66 39
48 33
35 25
25 19
21 15
25 15
33 19
44 27
62 35
85 48
115 66
128 66
148 60
179 68
210 93
230 119
244 130
251 128
259 125
261 130
251 138
240 138
222 125
201 107
179 93
152 83
125 76
101 62
78 44
56 31
41 23
29 19
23 17
23 15
27 15
37 19
52 27
72 39
95 48
121 60
146 72
171 85
195 99
216 111
234 119
248 126
255 130
257 134
255 134
246 130
232 123
214 113
191 103
169 93
142 82
115 66
91 52
70 41
52 33
35 27
25 19
21 15
23 13
31 17
42 23
60 31
82 41
107 52
130 66
158 80
185 95
212 115
224 121
230 117
242 111
255 117
259 126
251 132
238 126
224 115
207 105
185 99
160 93
132 80
105 64
82 46
60 37
42 29
29 23
23 17
21 13
25 11
35 17
48 25
68 35
91 46
115 56
142 68
167 83
193 97
214 109
232 117
246 125
255 130
257 132
253 132
248 128
236 126
216 117
195 107
171 93
146 82
121 70
95 56
72 42
52 33
37 25
27 19
21 15
21 15
29 17
41 23
56 31
78 41
101 50
128 64
154 78
179 89
203 101
222 113
238 121
251 128
259 134
259 138
259 144
242 136
216 109
201 89
185 85
164 87
136 82
107 64
83 44
66 33
48 33
33 31
23 25
21 17
23 11
33 15
46 27
64 37
85 44
111 50
138 60
166 80
189 97
210 111
228 115
244 121
253 128
257 134
255 136
250 132
238 125
220 117
199 107
175 97
150 85
125 70
99 56
74 42
54 33
39 25
29 19
21 15
21 13
27 15
37 21
56 29
76 39
99 48
123 62
150 76
175 87
199 99
220 111
238 121
250 126
255 130
257 134
253 134
244 130
230 123
214 117
195 111
167 101
132 78
103 52
83 37
68 31
48 29
33 21
23 13
23 9
25 13
33 23
44 31
64 37
85 42
109 52
132 66
160 80
183 93
207 103
226 111
242 119
251 128
257 134
257 134
250 130
240 125
222 119
203 111
179 99
154 85
126 72
103 58
80 46
58 39
41 27
29 19
21 13
21 11
27 15
37 21
52 29
72 37
95 46
121 60
144 74
171 85
195 97
216 107
234 119
248 126
255 130
257 134
255 132
246 128
232 123
214 115
193 107
169 95
142 80
117 68
93 56
70 46
54 42
39 37
19 15
11 0
17 0
31 7
46 27
60 37
80 37
105 42
132 60
158 83
181 101
205 107
224 111
240 117
251 125
257 134
255 136
251 128
240 121
226 115
207 111
181 103
158 89
132 74
107 60
82 48
60 41
42 31
31 21
23 15
21 13
25 15
35 21
48 25
68 33
91 42
115 58
140 70
166 82
191 95
214 109
232 119
246 125
253 130
259 134
255 134
246 130
234 125
218 117
197 107
171 95
146 82
123 70
97 60
72 48
52 35
39 25
29 19
23 19
25 21
35 29
39 27
46 21
68 21
99 35
128 56
154 76
175 89
201 95
224 107
242 121
251 134
257 140
257 136
253 130
244 126
228 123
207 115
185 101
162 87
134 74
109 62
83 50
64 39
46 29
35 21
25 17
21 15
25 15
33 19
46 25
64 33
87 42
111 54
138 68
162 80
187 91
210 105
230 115
244 123
253 130
257 132
257 134
250 132
238 126
220 119
201 107
175 95
150 83
126 72
99 60
76 46
56 37
39 25
29 19
23 17
21 15
27 15
37 21
54 27
76 39
99 50
125 64
156 85
171 91
185 87
210 87
236 105
253 126
255 138
255 134
253 125
248 123
232 125
212 123
189 111
166 91
140 74
113 64
87 56
66 44
46 31
33 21
25 13
21 13
23 15
31 19
44 23
62 29
83 41
109 54
134 68
160 80
185 89
207 103
226 113
242 123
251 128
259 132
257 132
251 132
240 126
224 119
203 111
179 99
154 87
128 72
103 60
80 48
58 37
41 27
29 19
23 15
21 13
25 17
37 19
52 27
9 37
93 48
119 58
144 72
171 85
195 97
216 113
240 128
250 136
248 130
248 119
250 117
248 121
234 123
212 115
191 99
169 85
148 80
119 74
93 62
70 46
52 31
37 23
25 19
19 17
21 15
29 13
41 17
58 25
80 39
105 52
130 64
154 76
181 87
205 103
224 115
240 125
250 128
257 130
257 132
251 132
242 126
226 119
207 109
183 99
158 87
132 74
107 62
83 50
62 39
44 27
31 19
21 13
21 13
27 15
35 19
48 27
68 35
89 44
115 56
142 70
166 83
191 95
212 107
232 117
246 126
255 132
257 134
257 132
250 132
240 134
220 130
187 103
162 74
144 62
125 62
97 60
72 46
52 29
39 17
31 17
23 23
23 23
29 21
39 19
56 25
76 39
99 52
125 64
150 72
177 82
201 97
220 113
238 123
250 128
257 130
257 132
253 134
242 130
228 123
208 111
187 99
162 89
136 76
111 64
87 50
64 39
46 27
33 23
25 19
21 17
23 13
31 15
46 25
64 33
85 44
111 54
136 66
164 80
187 93
208 107
228 117
246 125
253 130
257 132
255 130
250 130
240 128
222 123
201 111
177 99
156 89
134 85
95 64
64 37
48 17
39 9
29 13
21 15
19 13
27 11
41 15
56 27
74 42
97 54
123 62
148 72
173 83
197 101
216 111
234 119
248 123
255 126
257 132
253 132
244 128
232 121
212 113
191 105
166 93
140 80
113 64
89 50
68 41
48 31
35 23
25 17
21 15
23 13
31 17
42 23
60 33
82 42
107 52
132 64
158 78
185 93
207 105
226 115
244 123
253 128
257 132
257 134
251 132
240 126
222 119
203 109
181 99
156 89
130 76
103 62
80 48
60 39
42 31
33 29
29 29
17 17
13 0
27 0
50 11
74 37
95 56
117 60
17 64
171 78
191 101
216 119
232 126
246 125
5 125
250 130
253 136
246 134
232 123
216 109
193 101
169 93
126 82
109 70
93 52
64 41
52 33
37 27
27 21
21 15
15 13
29 15
42 21
58 31
80 41
103 48
125 62
154 76
179 89
203 101
222 113
234 123
1 128
250 132
257 132
253 132
242 128
226 121
207 109
185 99
160 89
134 76
107 62
83 48
62 39
44 31
31 23
23 17
21 15
25 17
37 23
54 37
68 44
82 42
103 42
136 52
166 74
191 95
212 107
230 113
246 119
257 128
259 138
255 140
248 134
236 123
218 115
189 109
173 99
146 83
123 68
97 54
74 44
54 35
39 27
27 19
23 15
21 13
29 17
41 23
56 31
76 39
99 48
125 60
152 76
177 89
199 99
220 109
238 121
251 128
255 134
257 134
253 132
244 128
228 123
208 113
187 103
164 89
136 78
111 64
85 50
66 39
46 29
33 21
25 17
21 17
25 17
33 19
46 25
64 33
87 44
111 56
138 68
164 83
193 105
210 117
218 109
232 101
251 109
261 128
257 140
248 134
236 119
222 111
205 109
179 107
152 95
125 74
101 54
78 42
56 37
39 31
29 21
21 11
21 7
25 11
37 21
54 31
74 37
95 44
123 56
148 74
173 89
197 101
216 109
236 117
250 126
255 132
257 134
253 132
246 126
232 121
212 115
191 105
167 93
140 80
115 66
89 54
68 42
48 31
35 23
25 19
21 15
23 15
31 17
42 23
62 31
82 42
107 54
132 66
158 78
183 93
207 105
226 117
242 125
255 134
263 144
251 138
240 123
232 111
224 107
207 107
179 101
154 83
128 66
109 56
83 52
60 44
41 33
31 21
23 15
21 15
25 17
35 21
50 25
70 31
91 42
117 56
144 72
169 83
193 95
214 105
234 117
248 126
255 132
257 132
255 130
246 128
234 123
216 117
195 107
169 91
144 80
119 68
95 56
70 44
52 33
37 25
27 19
21 15
23 15
29 17
41 21
58 29
80 39
103 52
128 64
154 78
179 89
203 101
224 113
238 123
250 126
257 132
259 136
251 134
242 130
228 123
214 123
189 115
154 91
121 58
101 39
85 39
64 41
42 35
29 19
23 7
23 7
27 19
35 31
48 33
66 33
89 39
113 54
138 72
164 83
189 91
212 101
230 113
244 125
253 132
257 134
255 132
250 128
236 125
218 119
197 109
173 95
150 82
123 70
97 58
74 44
54 35
39 25
27 19
21 15
21 15
29 17
39 21
54 25
76 37
99 50
125 64
150 74
175 87
201 101
220 113
236 123
250 126
257 132
257 132
253 132
244 128
230 123
212 115
189 103
164 91
138 80
115 70
95 64
66 48
37 25
23 5
21 0
23 5
25 13
31 17
44 19
64 27
87 42
111 60
136 74
162 83
185 93
208 103
228 115
242 125
251 130
255 130
255 126
251 128
240 128
222 121
201 109
177 95
154 82
128 74
101 62
78 48
56 35
41 25
29 19
21 15
21 15
27 17
37 19
52 25
72 35
95 46
121 60
146 72
171 85
197 97
218 109
234 119
248 126
255 130
250 132
253 132
246 128
232 125
214 115
193 105
167 93
142 80
117 66
91 54
70 44
50 33
35 25
25 19
23 19
29 27
31 27
33 13
50 7
80 21
109 48
126 72
156 82
181 85
207 95
228 113
242 130
251 138
257 134
257 130
251 128
240 128
222 125
205 111
181 95
156 82
130 72
105 62
82 50
60 37
42 27
29 19
23 17
21 15
25 17
31 17
50 23
70 35
91 46
117 58
142 70
169 80
193 95
214 109
232 121
246 126
255 130
251 134
255 134
248 132
234 125
216 115
195 105
171 93
144 82
121 70
95 56
72 42
52 33
37 25
27 19
21 17
21 15
29 17
41 23
60 33
83 48
99 64
121 64
142 64
173 72
203 89
224 111
240 123
0 126
257 126
259 128
255 134
244 136
228 126
203 113
185 99
160 89
134 78
107 64
83 48
62 35
44 25
31 19
15 17
23 15
25 15
33 17
46 25
62 35
89 46
113 58
138 68
164 80
189 93
212 107
230 117
244 123
3 128
251 132
257 134
250 130
236 125
220 117
201 107
175 97
140 83
123 70
97 56
76 46
54 35
39 27
29 21
23 15
23 15
27 17
39 21
54 31
76 39
99 50
125 62
150 76
177 89
199 101
224 119
242 132
242 126
244 113
251 111
255 123
248 132
228 126
208 109
189 93
167 87
140 85
113 76
85 56
66 39
48 27
33 23
23 21
21 17
23 11
31 11
44 19
62 33
85 44
109 56
134 64
160 78
185 93
208 107
228 117
242 123
251 126
257 130
257 132
250 132
238 126
222 119
203 109
179 99
154 85
126 74
101 58
78 46
56 35
41 27
29 19
23 15
21 13
27 13
37 19
52 27
72 37
93 48
121 58
148 74
171 87
195 97
214 107
236 119
250 128
255 136
259 138
263 144
246 134
222 117
205 99
191 89
169 85
142 80
115 66
91 48
70 37
52 33
37 31
25 25
21 17
23 13
31 15
42 23
58 31
80 39
105 48
132 62
156 76
181 91
207 103
224 115
242 123
251 126
257 132
257 134
251 134
240 126
226 119
207 111
183 101
156 87
130 74
105 60
82 48
60 37
42 27
31 21
23 15
21 13
25 13
35 19
50 29
68 37
91 46
117 58
142 70
167 83
191 97
214 107
232 117
246 125
253 130
259 134
255 134
248 130
236 125
218 117
195 107
173 99
152 95
119 76
83 42
62 21
52 17
41 23
29 27
21 17
21 7
31 9
42 25
58 39
80 48
101 52
126 58
152 72
177 89
201 105
220 113
238 117
250 123
257 130
257 136
251 134
244 126
230 119
208 113
185 103
160 91
134 76
111 62
85 50
64 39
44 29
33 21
23 15
21 11
25 13
33 19
48 25
66 33
87 44
111 54
138 68
164 82
189 95
210 105
228 115
244 123
253 130
257 134
255 134
250 130
238 126
220 119
199 109
177 97
150 85
125 72
99 58
78 48
62 44
42 39
21 19
11 1
17 0
29 5
41 19
52 29
74 35
99 42
125 58
150 76
173 91
201 103
220 113
236 121
248 126
255 132
257 134
253 132
244 126
230 119
212 111
189 103
164 91
138 76
113 64
89 52
66 42
46 33
35 23
25 17
21 15
23 15
31 17
44 23
62 29
83 42
109 54
134 68
160 80
185 91
208 103
228 115
242 123
251 130
257 132
257 132
250 130
240 126
224 121
203 109
179 99
154 85
128 74
101 60
78 48
58 37
41 27
29 19
23 15
23 17
27 21
41 31
54 39
64 33
83 27
115 39
148 64
173 89
195 101
214 105
234 111
251 123
257 138
257 144
253 136
246 126
234 119
214 115
191 109
167 95
142 76
117 62
91 50
70 42
52 35
37 25
25 17
21 13
23 15
29 19
42 23
60 31
80 39
105 50
130 64
156 78
181 91
205 101
224 111
242 121
251 128
255 132
257 134
251 130
234 126
224 121
205 109
183 99
158 89
132 76
105 62
82 48
62 39
44 29
31 21
23 17
21 15
25 17
35 21
48 25
70 35
93 48
119 64
150 83
164 87
181 87
205 91
230 105
248 121
253 130
255 130
255 126
250 126
238 126
218 125
197 113
171 95
146 80
121 70
95 60
72 46
52 33
37 21
19 13
21 13
23 15
29 17
41 21
56 29
78 41
101 50
1 64
140 76
177 80
201 97
220 109
240 123
1 130
255 125
257 132
250 132
181 125
228 123
208 113
187 101
162 87
136 76
93 64
85 50
64 39
46 29
33 21
17 17
21 15
25 15
33 19
44 25
64 31
87 42
113 56
136 70
164 82
189 93
210 107
230 119
248 130
9 144
253 136
244 119
242 107
238 113
224 119
199 113
175 95
152 76
128 66
95 62
76 56
54 41
39 25
27 15
21 13
19 15
27 17
39 21
54 23
74 33
97 48
123 62
148 76
173 85
197 97
218 109
236 121
250 128
255 132
257 132
253 132
246 128
230 125
210 115
191 103
166 91
138 78
113 66
87 52
66 39
50 29
33 23
25 19
21 15
23 17
31 17
44 23
62 33
83 42
107 54
132 66
158 78
185 91
208 105
228 117
242 125
251 128
259 134
257 136
253 136
246 138
224 128
193 107
169 83
150 68
128 62
105 58
78 48
56 33
42 21
33 19
25 23
21 23
25 19
37 19
50 23
70 35
91 46
117 58
144 70
169 82
193 95
214 107
234 119
248 126
5 128
259 132
255 134
246 132
234 125
214 115
193 105
169 95
142 82
117 68
91 54
70 42
52 33
37 25
25 17
21 15
23 13
31 17
41 23
60 31
80 41
103 52
128 64
156 76
181 89
205 105
224 115
240 121
251 126
257 132
257 134
251 134
242 130
226 121
207 113
185 101
160 89
132 78
113 74
83 60
52 31
33 5
29 0
27 11
23 21
23 17
33 11
48 15
72 33
93 54
115 68
138 74
166 80
191 91
212 107
230 121
244 126
253 126
257 126
255 130
248 132
236 126
218 117
197 103
173 93
146 83
121 70
97 56
74 44
54 35
37 25
27 19
21 13
23 13
29 17
39 21
54 29
78 39
101 50
126 62
150 74
177 87
201 101
220 113
238 121
250 128
257 130
257 134
253 132
244 128
230 123
210 113
187 103
162 89
136 78
111 64
87 52
66 41
48 33
37 31
31 31
15 17
11 1
25 0
46 11
68 31
85 44
109 52
136 62
166 78
191 97
210 113
228 121
244 125
253 128
257 130
255 134
250 132
236 125
220 113
199 103
177 95
152 87
125 72
101 58
78 44
56 35
41 27
29 21
23 15
21 13
27 15
37 21
52 27
74 37
97 48
123 60
146 72
173 85
197 97
218 111
236 121
248 126
255 130
257 132
253 132
246 128
232 125
212 115
191 103
166 91
140 80
115 66
91 54
68 41
48 29
35 23
25 19
21 17
23 15
31 19
44 25
68 41
87 56
101 54
121 48
152 56
185 80
208 107
226 121
240 119
253 121
259 130
259 140
251 142
240 132
222 117
203 105
181 99
154 89
128 76
103 58
80 42
58 33
42 29
29 23
23 15
21 11
25 13
35 19
50 27
70 37
93 46
117 56
142 70
169 83
195 99
216 111
232 119
246 125
255 130
259 134
255 134
248 130
234 123
216 115
195 105
169 93
144 82
119 68
93 56
70 44
50 31
37 23
27 19
21 17
21 15
29 17
42 23
58 29
80 41
103 54
130 66
158 82
187 101
203 111
212 109
230 105
248 113
257 125
257 132
250 130
242 123
228 117
208 111
185 105
160 95
132 78
107 60
83 48
62 39
42 31
29 21
21 11
21 11
25 13
33 19
48 25
68 33
89 42
115 56
140 72
166 83
191 95
212 105
230 115
244 125
255 130
257 134
255 132
248 128
236 123
218 117
199 107
173 95
148 82
123 68
97 56
74 46
54 37
39 27
29 19
21 15
21 15
27 17
39 21
56 29
13 39
99 48
0 62
142 74
177 89
201 101
220 113
238 123
0 130
251 136
250 146
253 142
162 119
220 99
208 93
191 99
156 95
132 80
111 58
89 42
68 41
48 41
33 33
15 19
21 1
25 11
31 19
44 27
62 33
85 39
111 50
134 64
162 82
187 95
208 105
228 111
244 123
253 132
257 136
257 134
250 130
238 125
222 119
201 111
177 97
150 82
126 70
101 60
78 50
56 37
41 27
29 19
23 15
21 15
27 17
37 21
52 27
74 37
95 46
121 60
148 74
173 87
195 99
218 109
236 121
250 128
257 132
257 134
255 134
248 130
234 126
218 123
195 115
160 93
130 66
109 48
91 42
70 41
48 35
33 21
25 11
23 11
25 17
31 23
44 29
62 33
82 41
107 52
130 68
156 80
183 91
205 101
224 111
240 121
251 128
257 134
257 134
251 130
240 126
224 119
205 111
181 99
154 85
130 72
105 60
80 48
58 37
41 25
31 19
23 17
21 15
25 15
35 17
50 25
70 35
91 46
117 58
142 70
167 82
193 95
214 109
234 119
246 126
255 130
257 132
255 134
248 132
234 125
216 117
195 105
169 93
144 82
119 70
95 58
76 54
56 46
29 23
15 0
17 0
25 5
31 21
41 27
56 27
80 31
105 46
130 70
154 87
179 95
203 99
222 109
238 121
250 130
257 134
255 130
250 125
244 123
228 123
207 117
185 103
160 85
134 74
109 64
83 54
62 42
44 29
31 19
23 15
21 15
23 15
33 17
48 23
66 33
87 44
113 56
140 70
166 82
189 93
212 105
230 117
246 126
255 132
257 134
255 134
250 132
236 126
220 119
199 107
175 95
148 83
123 70
97 56
76 44
56 37
39 29
29 23
25 21
29 25
27 23
29 13
46 11
74 23
101 44
125 60
146 72
175 82
203 95
222 113
238 126
250 132
257 134
257 132
253 132
242 128
228 123
210 113
187 99
164 85
138 76
113 66
87 52
66 41
48 29
33 23
25 17
21 15
23 13
31 15
44 19
64 31
85 44
109 56
134 68
162 80
185 91
208 105
228 115
244 125
253 128
257 130
257 132
251 132
238 128
222 119
201 109
179 99
154 85
126 72
101 58
78 46
56 35
41 25
29 19
23 17
23 17
27 17
37 21
54 29
74 39
97 52
126 74
142 78
160 72
187 74
216 93
238 119
250 134
255 132
257 126
255 126
248 132
234 134
214 123
191 103
166 85
140 76
115 68
91 58
68 42
48 27
35 17
25 17
21 17
23 17
31 17
42 19
60 29
82 42
105 54
130 66
158 78
181 89
205 101
226 115
242 123
251 128
257 130
257 132
251 132
240 126
224 119
205 109
181 99
156 87
130 76
105 62
82 48
60 39
42 29
29 21
23 15
21 13
25 15
35 19
48 23
72 35
93 46
117 60
142 72
169 83
195 99
220 117
234 128
238 123
244 115
253 115
255 123
250 128
234 126
216 115
197 101
173 91
148 85
121 78
93 60
72 44
50 29
37 23
27 21
21 17
21 13
29 13
41 17
56 29
78 41
103 52
128 64
154 74
177 89
203 103
222 115
240 123
250 128
257 130
257 132
253 132
242 128
228 121
208 111
185 101
160 89
134 76
109 62
83 50
64 39
46 29
31 21
23 15
21 13
25 15
33 21
46 25
66 33
87 42
113 56
138 70
166 83
189 95
212 107
230 117
244 125
255 132
259 136
257 136
253 140
240 136
210 113
187 87
171 76
152 78
126 76
97 62
74 41
56 25
42 25
31 29
21 27
21 17
27 11
39 17
54 29
74 42
95 50
123 58
150 68
175 83
199 99
220 113
238 121
250 125
255 130
250 134
255 136
244 132
230 123
210 111
189 101
164 91
138 80
113 66
87 50
66 39
48 31
33 23
25 17
21 13
23 13
33 17
44 23
62 33
85 42
109 52
126 66
160 80
185 93
208 105
228 115
242 123
253 130
250 134
255 134
251 132
240 128
224 123
203 113
181 103
158 95
125 76
91 50
70 31
56 23
44 23
29 21
21 15
21 9
29 11
39 21
54 33
72 42
93 48
121 56
146 70
169 85
193 99
214 107
234 115
248 125
255 130
250 134
255 134
248 130
232 123
214 115
191 105
167 93
126 82
109 66
91 54
70 42
50 33
35 25
25 17
21 11
23 13
31 17
42 23
60 31
82 39
105 50
130 62
158 76
183 91
205 105
224 113
240 121
251 128
257 132
257 134
251 132
240 126
224 119
205 111
181 101
156 87
132 76
107 62
82 50
60 39
46 35
37 35
19 19
1 0
17 0
35 3
54 29
70 42
89 46
115 48
144 64
169 87
191 105
214 115
232 117
246 121
253 126
257 134
255 136
248 130
234 119
216 111
195 105
171 97
146 83
121 68
95 52
72 42
52 35
37 27
25 17
23 13
23 15
27 17
39 21
56 29
78 39
101 50
126 64
152 76
179 89
203 101
222 113
238 121
251 128
250 132
257 134
250 132
242 126
228 121
208 113
187 103
162 89
134 76
109 64
85 50
64 39
46 31
33 23
25 17
21 17
25 19
41 29
48 33
56 29
78 27
109 39
140 60
164 82
187 95
208 101
232 111
248 123
255 134
257 140
255 136
250 128
236 125
218 117
197 109
175 97
150 82
123 68
99 56
76 44
56 35
39 27
29 19
21 15
21 13
27 17
37 21
54 29
74 37
97 48
123 62
148 74
173 87
199 99
220 111
236 119
250 126
255 132
255 132
253 130
246 128
232 123
212 115
189 103
164 91
138 78
113 66
89 52
66 41
48 31
35 23
25 17
21 15
21 13
33 17
46 25
62 33
83 42
109 56
136 70
166 93
185 103
195 95
216 91
240 105
255 126
257 138
255 136
251 126
240 119
226 121
205 119
179 107
154 87
128 70
103 56
80 48
58 41
41 27
27 15
23 9
21 11
25 17
35 19
52 25
72 35
95 46
119 60
144 74
171 85
195 95
216 107
232 117
248 125
255 130
257 132
253 132
246 128
234 123
214 115
193 107
169 93
142 80
117 68
93 54
70 42
48 31
37 23
27 19
23 17
21 15
29 17
42 23
60 31
80 41
103 52
130 64
158 78
181 91
205 105
226 115
246 128
255 140
251 134
246 123
246 115
242 117
226 117
205 111
181 97
158 82
134 72
109 64
83 56
62 44
42 29
31 19
23 17
21 17
23 19
33 19
48 21
68 29
91 44
115 58
140 70
167 80
191 95
214 107
232 119
246 126
255 130
257 132
255 132
248 130
234 125
218 115
197 107
171 95
146 82
121 68
97 56
74 44
52 33
37 25
27 19
21 13
21 13
29 17
41 23
56 29
76 39
101 50
126 64
154 78
177 89
201 101
222 111
238 121
250 128
255 132
259 134
253 134
244 130
230 128
212 125
179 103
150 72
130 54
111 54
89 54
64 44
44 27
33 13
27 13
25 19
25 25
33 25
46 21
64 29
87 42
111 58
9 68
162 76
189 89
210 103
226 119
244 126
1 130
251 132
257 132
250 130
238 126
220 119
195 107
160 95
142 83
125 72
99 58
76 46
56 33
39 25
29 19
21 17
21 15
27 15
39 19
52 27
74 37
97 48
123 62
148 74
173 85
197 99
218 111
236 121
250 128
255 130
250 132
255 132
246 132
230 125
210 115
191 103
167 93
142 83
121 78
87 60
56 33
39 13
31 7
25 9
21 15
23 15
31 13
44 17
64 31
85 48
109 62
132 70
160 78
183 89
207 103
224 117
240 123
1 126
250 128
257 132
250 130
177 126
224 119
203 109
179 97
154 87
128 74
103 60
80 46
58 37
41 29
29 21
23 17
21 15
25 15
37 21
50 27
70 35
93 44
119 58
144 72
171 85
195 97
216 107
234 117
248 126
255 130
257 134
255 134
248 130
234 125
214 115
195 105
171 95
144 82
117 68
93 54
72 42
52 35
37 25
27 23
27 27
21 21
17 3
31 0
58 13
83 39
105 58
128 66
154 70
183 83
207 105
224 123
240 128
250 128
257 126
257 130
251 134
240 132
226 121
207 107
183 95
158 87
132 76
107 64
82 48
62 35
44 27
31 23
23 19
21 15
25 13
35 17
48 25
68 37
89 46
115 56
140 68
166 80
189 93
214 109
234 119
246 126
253 130
257 132
257 132
250 132
236 126
216 117
197 105
173 95
148 83
121 70
95 56
74 44
54 35
37 25
27 19
23 17
23 17
29 19
41 25
62 39
82 50
93 50
115 48
146 56
177 76
201 97
220 111
236 119
251 123
259 128
259 138
253 140
244 132
228 121
210 111
187 103
160 91
136 78
111 62
85 48
64 37
46 29
33 21
25 17
21 15
23 15
33 17
46 25
64 35
85 42
111 54
136 68
162 80
187 93
210 105
228 115
244 123
253 130
257 132
257 132
250 132
238 126
220 119
201 109
177 97
150 83
126 72
101 60
78 46
56 35
41 25
29 19
23 17
21 15
27 17
39 21
54 27
74 39
97 50
123 60
148 74
173 87
203 109
220 125
226 115
238 105
251 109
259 126
255 138
242 132
230 117
214 105
195 103
167 99
140 87
115 70
91 50
68 37
48 31
33 27
25 19
21 11
21 9
31 13
42 23
60 33
83 41
109 52
134 66
158 80
183 93
207 105
226 113
242 121
251 126
257 132
259 134
251 132
240 126
222 119
205 109
181 101
154 87
128 74
103 60
80 46
58 37
42 29
29 21
23 15
21 13
25 15
35 21
50 27
70 35
93 46
119 58
142 70
169 83
195 97
216 109
234 121
246 126
259 136
267 148
251 138
236 121
226 107
216 101
197 101
169 93
142 80
119 62
95 50
74 44
52 39
37 31
27 21
21 13
21 13
29 19
41 25
56 29
78 37
103 48
128 64
154 78
179 91
203 101
224 113
240 123
251 130
257 132
257 134
251 132
242 128
226 121
207 111
183 99
160 87
134 76
107 62
83 50
62 39
44 29
31 21
23 17
21 15
25 15
35 19
48 25
68 35
89 44
115 58
140 70
166 82
191 95
212 107
230 117
246 125
255 130
257 134
255 134
248 132
236 126
218 119
201 113
179 109
144 87
111 54
89 33
74 31
56 33
39 33
25 19
19 7
23 7
33 19
41 33
54 39
76 39
99 44
125 58
150 78
175 91
197 99
220 107
236 117
250 128
255 134
257 136
255 132
244 126
228 123
210 115
187 105
164 91
138 78
111 64
85 52
66 41
46 31
33 23
23 17
21 15
23 15
33 19
44 23
64 31
85 42
111 56
134 66
162 78
187 91
208 107
228 117
242 125
253 130
257 132
255 132
250 130
240 126
222 119
201 109
177 97
154 85
128 74
103 62
83 56
58 44
33 23
17 5
17 0
21 5
29 15
37 19
52 23
74 31
97 46
123 64
148 80
171 89
195 97
216 107
236 121
248 130
253 132
255 130
253 126
246 126
232 125
212 117
191 105
167 91
142 80
115 66
89 56
68 44
48 31
35 23
25 17
21 15
23 15
31 17
42 23
60 31
82 41
107 52
132 66
158 78
183 91
205 105
226 115
242 123
251 128
257 132
257 134
251 132
240 126
224 121
205 111
181 99
156 85
130 74
103 60
80 46
60 37
44 31
31 25
23 17
21 15
31 27
37 31
41 19
58 13
89 25
119 50
19 68
169 87
191 91
216 99
236 117
250 134
255 140
257 138
255 130
177 126
234 125
214 119
193 107
169 89
144 76
117 64
93 56
72 48
52 35
37 25
25 17
21 15
23 17
29 17
41 19
58 27
80 39
103 52
126 64
154 76
179 87
203 101
222 113
238 121
251 128
257 132
257 132
251 132
242 128
228 121
208 113
185 103
160 89
132 76
109 62
83 50
62 39
44 29
31 23
23 17
21 15
25 15
33 19
48 25
68 37
91 50
119 68
134 72
154 70
181 76
210 93
232 113
246 126
251 128
257 126
259 128
251 134
238 132
218 123
199 107
175 93
148 83
123 72
95 58
74 42
54 31
39 21
27 17
21 15
23 15
29 15
39 19
56 29
76 39
99 50
123 62
150 74
175 85
199 99
220 111
234 121
0 126
255 130
250 132
253 132
244 128
230 123
208 113
189 101
164 89
138 80
113 66
80 52
66 31
48 29
33 23
25 19
21 15
15 13
33 17
37 25
62 33
83 35
109 52
3 66
162 82
187 95
208 107
232 121
248 136
248 130
246 115
1 111
251 121
242 128
220 125
201 105
179 89
156 82
128 78
93 70
78 52
48 33
41 21
29 17
21 19
19 15
27 15
37 15
52 23
72 37
95 50
121 62
21 62
171 83
189 97
216 111
234 119
248 126
5 128
250 132
250 132
246 130
232 123
214 115
191 103
167 91
142 80
109 68
91 54
68 41
48 29
37 23
27 19
21 17
15 15
31 17
44 23
60 33
80 42
105 50
132 64
158 80
183 93
205 105
224 115
234 125
251 130
250 134
259 138
259 144
240 134
214 113
195 93
179 83
158 80
130 74
105 60
82 44
62 33
46 29
33 27
23 23
21 19
25 15
35 17
48 25
68 37
91 46
115 54
140 66
167 82
193 97
214 109
232 117
246 125
255 128
257 134
255 134
248 130
236 125
216 117
195 107
169 95
146 82
111 68
95 56
70 42
52 33
37 25
27 19
21 15
21 13
29 15
41 21
58 31
78 39
103 50
128 64
154 76
177 89
201 101
222 113
238 121
251 126
257 132
257 134
253 134
244 128
228 123
208 115
187 105
162 93
138 87
107 70
74 41
54 15
44 11
35 19
25 23
19 15
23 9
35 11
50 27
68 42
87 54
111 56
136 62
166 78
189 97
210 111
228 117
244 119
253 125
257 132
255 134
248 132
238 123
220 115
199 107
175 97
148 85
125 70
99 56
74 44
54 35
39 27
29 19
21 15
19 11
27 13
39 21
56 31
76 41
99 48
125 60
150 74
175 87
199 99
220 111
234 119
248 126
5 132
257 134
250 132
183 128
230 123
210 113
189 105
164 91
138 78
113 66
89 54
68 46
46 41
33 33
17 17
0 1
17 0
31 5
46 19
62 31
82 31
111 48
5 64
164 83
185 99
208 109
220 115
242 123
253 130
255 134
255 134
250 130
238 123
222 117
201 109
177 97
154 83
128 72
103 60
78 48
56 37
42 29
29 21
21 17
19 15
25 15
37 19
52 27
70 37
95 46
119 58
146 64
171 85
195 97
216 109
234 119
248 126
253 130
257 130
255 132
246 130
232 125
214 117
195 107
169 95
142 82
115 68
93 54
70 42
50 35
35 25
27 19
23 15
23 17
31 21
46 31
64 42
74 39
95 33
125 42
160 70
185 95
205 107
222 109
242 113
255 126
259 140
257 142
251 134
242 125
224 117
205 111
181 101
156 87
130 70
105 56
80 44
60 37
44 29
33 21
25 15
21 13
25 15
35 21
48 27
68 35
89 42
117 56
142 72
167 83
191 95
214 105
232 115
246 126
253 130
259 134
255 132
248 130
234 125
216 117
197 107
171 95
146 82
119 68
95 56
72 44
52 35
37 25
27 17
23 15
21 15
29 17
39 21
58 31
80 41
103 54
130 70
158 87
175 95
191 93
212 95
238 107
251 123
257 132
255 132
251 126
246 125
230 123
210 119
185 107
162 91
136 76
111 64
83 54
60 41
44 29
33 17
25 13
21 13
23 13
33 17
48 23
66 31
87 42
113 56
138 70
164 82
187 93
210 105
228 115
244 123
253 130
257 132
257 132
250 132
236 126
220 117
199 107
175 97
150 83
123 68
99 56
76 46
56 37
39 27
27 19
23 15
21 15
27 17
37 21
54 29
74 37
97 48
123 60
148 74
175 85
199 99
220 111
236 121
251 132
261 146
253 138
242 117
238 105
232 109
214 115
189 109
164 91
140 70
117 60
91 58
68 50
48 39
35 23
25 13
21 13
21 17
31 21
42 21
60 25
83 37
109 52
134 68
160 82
185 91
208 101
228 115
242 125
251 130
255 132
257 130
251 130
240 126
222 119
203 109
179 97
154 85
128 74
103 60
80 48
58 37
41 27
29 19
21 15
21 15
27 17
35 21
50 27
72 37
95 48
119 58
144 72
171 83
195 95
216 109
234 121
248 128
255 132
257 134
255 134
248 134
240 134
216 125
183 101
158 76
138 64
119 60
93 54
68 42
50 29
37 19
29 17
23 21
21 21
31 21
42 21
58 27
78 39
105 54
128 66
156 76
181 87
205 101
224 113
240 125
251 128
257 130
257 132
251 132
242 128
224 121
205 111
183 99
158 87
132 76
107 60
83 50
62 39
42 29
31 21
23 15
23 15
25 15
35 19
48 25
68 35
91 46
115 58
140 70
167 82
191 95
212 107
232 117
246 125
253 130
257 132
255 134
250 132
236 126
216 119
195 107
173 97
148 85
123 72
101 68
74 52
44 27
27 3
23 0
25 9
23 19
27 19
39 15
58 21
80 39
103 58
126 72
152 78
177 85
201 97
220 113
236 125
250 128
255 126
257 128
253 130
242 130
228 123
210 113
187 99
162 87
136 76
111 64
87 52
64 41
44 29
31 21
25 17
21 15
25 15
33 17
46 23
66 33
85 42
111 56
136 68
164 80
187 95
210 105
228 115
244 126
253 132
257 134
255 134
250 130
238 126
220 119
199 109
175 97
152 83
125 72
99 60
76 46
56 37
41 29
33 27
29 29
15 17
15 5
31 1
54 15
76 35
95 48
121 56
148 66
177 83
193 103
218 119
236 125
248 126
255 128
250 132
253 134
244 132
230 121
212 109
191 99
166 91
140 80
113 66
89 52
68 41
48 31
33 25
25 19
21 15
23 13
29 15
44 21
62 33
83 44
107 52
132 64
160 78
185 93
207 105
226 115
242 123
253 128
257 134
257 134
250 130
240 126
224 119
203 111
179 99
154 85
128 74
103 60
80 48
60 37
42 27
29 21
21 17
21 15
27 19
37 23
50 29
76 44
99 60
113 60
132 56
164 62
195 83
218 111
234 125
244 125
255 123
261 128
257 138
248 140
232 128
214 113
195 101
169 93
142 85
115 68
93 52
62 39
50 31
35 25
25 21
21 15
23 13
31 15
41 23
58 33
80 41
103 52
128 62
156 76
181 91
205 103
222 113
240 121
251 126
257 132
257 134
251 132
242 126
226 121
207 111
185 101
160 89
132 76
107 62
83 48
60 39
44 29
33 23
23 19
21 15
25 15
35 19
48 27
68 35
89 44
115 58
142 70
169 85
197 107
212 115
222 111
236 109
251 113
259 126
257 134
248 130
234 121
220 111
201 107
175 101
148 89
121 72
97 54
74 42
52 35
37 27
27 19
21 11
21 9
27 15
39 21
56 29
76 39
101 46
126 60
152 76
177 89
201 101
220 109
238 119
251 128
257 134
257 134
253 130
244 126
228 121
210 113
187 101
162 89
136 76
111 64
85 52
64 41
46 31
33 23
23 17
21 13
25 13
33 17
44 25
64 31
85 41
111 54
138 70
162 82
187 93
210 107
230 117
244 126
253 130
259 136
263 146
248 140
226 115
210 95
201 91
181 95
152 91
123 74
99 50
80 39
60 37
41 37
29 29
21 15
21 7
27 11
37 21
52 33
72 37
95 44
121 54
146 72
173 87
197 101
218 109
236 115
250 125
255 132
257 136
253 134
246 126
232 123
212 115
189 105
166 91
140 78
115 64
89 52
66 41
50 33
37 25
25 19
21 15
15 15
31 19
37 25
60 31
19 33
107 52
7 64
158 80
171 91
207 105
226 115
242 123
1 130
250 134
257 132
251 130
234 126
226 123
210 121
185 111
148 87
119 60
97 42
82 39
60 37
41 29
27 15
21 7
25 11
29 19
37 27
50 33
62 37
93 44
117 58
142 74
169 85
193 95
214 103
232 115
246 125
253 130
250 132
255 132
248 130
234 125
216 119
195 107
169 95
144 82
111 68
93 56
70 42
52 33
37 23
27 17
21 15
23 13
29 17
41 23
58 31
80 39
103 50
128 64
154 74
181 87
205 103
224 117
240 123
250 128
257 132
257 134
251 134
242 130
226 121
208 111
185 101
160 89
134 76
107 64
85 52
68 46
48 42
23 19
11 0
17 0
27 7
37 23
48 29
64 29
89 37
117 54
142 76
166 91
189 101
212 103
230 113
244 125
253 134
257 134
255 130
248 123
236 121
220 119
197 111
173 95
148 82
123 68
97 58
74 46
54 35
39 25
27 17
21 13
21 15
29 17
39 23
56 27
76 37
99 48
125 64
150 76
175 87
199 99
220 111
238 123
250 128
257 132
257 132
253 132
244 128
228 123
210 113
189 101
164 89
136 76
111 62
87 50
68 41
48 33
33 25
25 19
25 21
29 27
29 25
35 17
54 15
83 27
111 48
134 68
160 78
185 87
210 101
230 115
244 130
253 136
257 134
255 132
250 130
236 128
220 119
199 107
177 93
152 82
126 72
99 60
78 48
58 35
41 27
29 21
21 17
21 13
27 15
37 19
52 25
72 37
97 48
121 60
146 72
171 83
197 97
218 111
236 121
248 126
255 130
257 132
255 132
246 132
230 125
214 115
191 103
167 91
140 80
115 66
91 54
68 42
48 31
35 23
25 17
23 17
23 15
31 19
42 23
62 33
82 44
109 60
138 80
154 83
171 76
197 80
226 97
246 123
255 136
255 134
255 126
253 126
244 130
226 130
205 119
179 97
156 80
130 72
103 64
80 50
58 35
42 23
29 15
23 17
21 17
27 17
37 19
50 23
68 33
91 46
117 58
144 72
169 83
193 95
214 107
234 119
246 126
253 130
257 132
255 132
248 130
234 125
216 115
195 103
171 93
146 82
119 70
95 56
72 42
52 33
37 25
27 19
21 15
21 13
29 15
41 21
58 31
17 42
103 52
3 64
154 78
181 91
205 107
228 123
242 130
242 125
246 117
3 117
253 123
244 126
224 121
207 107
187 95
164 87
136 82
109 72
83 54
62 39
44 25
31 21
23 19
21 17
23 13
33 15
46 21
66 33
89 44
113 56
138 68
166 80
189 93
212 107
230 119
244 125
253 128
257 132
255 134
248 132
236 125
218 115
199 107
173 95
150 83
123 68
99 56
76 46
54 35
39 27
29 19
23 15
21 15
27 17
39 21
56 29
76 39
99 48
115 60
150 74
177 89
199 101
218 113
238 121
250 128
255 132
259 136
253 136
250 140
232 132
201 107
177 82
162 72
140 74
115 72
85 54
64 33
48 21
37 23
27 27
21 25
23 17
33 13
44 19
62 33
83 46
109 56
134 62
160 72
185 89
208 107
228 117
244 123
253 126
257 130
257 134
251 134
240 128
222 119
203 107
177 97
152 85
126 72
101 58
78 46
56 35
41 27
29 19
23 15
21 13
27 15
37 19
52 27
72 37
95 46
121 60
146 74
171 87
197 99
216 111
236 119
248 126
255 132
257 134
253 132
246 130
232 125
214 117
193 107
171 99
146 91
111 68
80 42
62 25
50 21
37 21
25 19
19 13
23 9
33 13
46 27
62 39
82 46
105 52
132 62
158 78
181 93
205 105
224 113
240 119
251 125
257 130
257 134
251 132
126 126
224 119
205 109
175 101
158 89
130 74
105 60
82 48
60 39
42 27
31 19
23 15
21 15
23 15
35 17
50 27
70 37
91 46
115 56
142 70
167 83
193 97
214 107
232 117
248 125
255 130
257 132
251 132
185 130
234 125
208 117
195 107
169 93
130 82
115 70
97 58
72 46
52 35
35 33
33 33
15 17
1 0
21 0
33 9
60 31
78 44
101 48
1 56
156 72
181 93
203 109
222 119
240 121
0 123
255 130
257 136
251 134
242 126
226 117
208 109
185 101
160 91
134 76
109 62
85 48
64 41
44 31
31 23
25 17
21 13
23 13
33 19
46 25
66 33
87 42
113 54
138 66
164 82
189 95
210 107
228 115
246 125
255 130
259 136
255 134
248 130
236 125
220 119
199 111
175 99
150 83
125 70
99 56
76 46
54 37
39 27
29 21
23 15
23 15
31 19
46 33
54 37
64 31
87 33
119 44
152 68
175 87
197 99
218 107
238 115
251 128
257 136
259 140
253 134
244 126
230 119
210 115
189 105
164 91
138 74
113 60
89 50
66 41
48 33
33 23
25 17
21 15
23 15
31 19
44 23
62 31
85 42
109 54
134 68
160 80
185 91
208 105
226 115
242 123
253 130
257 132
257 132
250 130
240 126
222 119
203 109
179 97
154 85
128 72
101 58
78 46
58 37
41 27
29 19
23 17
21 15
27 17
37 21
52 29
72 35
95 48
121 62
146 78
177 97
195 105
207 97
226 95
246 109
257 128
259 140
253 132
244 123
234 117
216 117
195 115
167 101
142 80
115 60
93 50
70 44
48 37
33 25
25 13
21 9
23 13
29 21
42 25
60 29
82 39
105 50
130 66
156 78
181 91
205 103
224 113
240 121
251 128
257 134
257 134
251 132
242 126
224 119
205 109
183 99
158 87
132 76
105 62
82 48
62 39
44 29
31 23
23 17
21 13
25 15
35 19
48 27
68 35
91 46
117 58
142 72
167 83
191 97
214 109
232 121
251 134
257 142
251 134
244 121
242 113
236 115
218 115
195 107
169 89
146 74
123 64
99 60
74 52
52 41
37 25
27 15
21 15
21 17
27 19
39 19
56 25
78 35
101 48
126 64
152 74
177 85
203 99
222 113
238 123
251 128
257 132
257 132
251 132
244 128
228 123
208 111
185 101
162 87
134 76
109 64
85 52
64 39
46 29
33 21
23 17
21 15
25 15
33 17
46 23
66 33
87 44
111 56
138 70
164 82
187 93
210 107
230 117
244 125
253 128
259 132
257 134
250 134
238 128
224 125
203 121
167 93
138 64
119 48
103 50
78 50
54 41
37 21
29 9
27 13
25 23
27 27
37 23
54 25
74 33
97 48
121 64
148 74
175 83
199 95
218 109
236 121
250 130
257 132
257 132
253 130
246 128
230 125
212 115
189 103
164 87
138 76
113 66
89 54
68 41
48 29
33 23
25 17
21 15
23 15
31 17
44 23
62 31
83 41
109 54
134 68
158 80
183 91
208 105
228 115
242 125
251 130
257 132
255 132
251 130
240 126
224 121
205 113
181 101
156 89
130 78
109 70
76 54
48 29
31 9
27 3
25 9
21 15
25 15
35 15
54 21
74 37
95 52
119 64
144 74
169 83
195 97
214 111
232 121
246 125
255 126
259 130
255 132
246 130
232 125
214 115
193 103
169 93
142 82
117 68
91 54
70 42
50 33
37 25
25 19
21 15
23 13
31 15
41 21
58 31
80 41
105 50
128 62
156 76
179 87
205 103
224 115
240 123
250 126
257 132
257 134
251 132
240 128
226 121
207 111
183 101
158 89
132 76
107 62
83 50
62 39
42 29
31 23
25 23
27 29
21 19
21 3
41 0
68 19
95 48
115 64
138 70
166 76
195 89
216 113
232 126
244 132
253 128
257 128
255 130
248 134
234 128
216 117
197 101
171 89
148 82
121 72
95 58
72 42
52 31
39 25
27 19
19 15
23 15
29 15
39 21
56 31
78 41
101 50
126 62
152 74
177 87
201 99
222 113
238 121
250 126
257 132
257 132
253 134
244 128
228 121
208 113
187 101
162 89
134 76
111 62
85 48
64 39
46 31
33 25
25 17
23 15
25 15
33 19
48 27
72 44
87 54
101 50
126 52
160 64
189 83
210 105
228 117
244 119
253 125
261 132
257 138
250 138
236 128
220 117
201 105
177 99
150 89
125 74
99 56
76 41
56 33
41 27
29 21
21 15
21 13
27 15
39 21
52 29
74 39
97 46
123 60
148 72
171 85
199 99
218 109
234 119
248 125
255 130
259 134
253 134
244 128
230 121
212 115
191 105
166 93
138 80
115 64
89 52
66 41
48 31
35 23
25 19
21 15
23 15
31 17
44 23
62 33
83 44
107 54
132 66
162 80
185 95
212 117
226 125
232 115
242 107
255 113
259 130
253 138
238 130
222 113
203 101
183 99
158 97
128 83
103 62
80 42
60 33
41 31
29 25
21 17
21 9
27 9
35 17
50 27
68 37
93 44
121 58
144 72
169 85
195 99
216 111
234 119
248 125
253 130
250 132
255 132
248 130
232 123
216 115
195 105
169 93
126 80
111 68
93 54
70 42
50 31
37 23
27 19
21 17
21 15
29 15
42 21
60 31
80 42
103 52
128 64
156 76
181 89
203 103
224 115
240 123
251 130
263 138
263 146
248 136
230 117
218 103
207 99
185 97
158 89
130 72
107 56
85 46
66 42
44 37
31 27
23 17
21 11
25 15
33 19
46 27
66 31
89 41
115 54
140 68
166 82
191 95
212 107
232 115
246 125
253 130
257 136
255 134
248 128
234 123
220 117
197 107
171 95
146 82
123 68
97 58
74 46
52 35
37 25
27 19
23 15
21 15
19 17
39 21
56 29
76 39
99 48
0 62
152 76
177 87
201 99
220 111
238 119
0 126
250 130
259 134
250 132
244 130
230 125
210 115
193 111
160 103
130 80
99 46
80 29
66 27
50 33
33 29
21 15
21 5
27 9
37 25
46 37
62 39
85 41
111 50
128 66
160 82
187 95
210 105
228 111
242 121
253 128
251 134
257 134
250 130
238 123
222 117
201 109
177 99
142 83
125 70
101 56
76 46
56 37
39 25
29 19
23 15
21 15
27 15
37 19
54 27
74 35
95 48
121 60
146 72
173 85
197 99
218 111
236 121
248 126
255 132
257 132
253 132
246 128
232 125
212 115
191 105
166 91
142 82
117 70
93 58
76 54
48 39
25 19
15 1
17 0
25 7
33 19
42 23
58 25
83 35
111 52
126 72
158 85
183 93
207 101
226 113
240 125
251 130
255 130
255 128
251 126
240 125
224 121
205 111
181 99
156 83
130 72
103 62
80 50
60 39
42 27
31 19
23 15
21 15
25 15
35 19
50 25
70 35
93 46
117 58
144 70
169 83
193 95
214 107
234 119
248 126
255 130
257 132
255 132
248 130
234 125
214 115
193 103
171 93
146 82
119 70
91 56
72 44
52 35
37 27
27 21
21 17
25 17
37 29
41 31
46 19
68 15
95 33
132 60
156 82
177 91
203 95
218 107
242 123
251 136
255 140
257 134
253 128
242 126
226 123
205 115
183 101
160 83
132 70
107 62
83 52
62 41
44 27
33 19
23 15
21 17
25 17
33 17
48 21
68 33
87 44
113 58
140 70
166 80
189 93
210 105
230 115
246 125
253 130
257 132
255 132
250 130
236 126
218 117
197 107
173 95
148 83
123 70
97 58
74 46
54 35
39 25
27 19
21 15
21 15
29 17
39 23
56 29
78 41
107 58
128 76
142 76
166 74
195 82
220 99
240 121
248 130
253 128
257 126
255 128
246 132
230 130
210 119
187 101
164 87
136 76
111 66
85 52
64 39
46 25
33 17
25 17
21 17
23 15
31 15
46 23
64 33
85 44
109 56
136 68
162 80
187 93
208 105
228 115
244 123
253 128
257 132
255 132
250 132
238 126
220 117
201 109
179 97
152 85
126 72
103 58
78 46
56 37
41 27
29 21
21 15
21 13
27 15
37 19
52 27
72 37
95 48
121 60
148 74
173 87
197 99
218 111
240 126
251 138
248 128
248 113
251 111
248 121
234 126
214 119
191 101
167 85
144 78
117 74
91 64
68 46
48 27
35 17
25 17
21 17
21 15
29 13
42 15
60 27
82 42
105 56
130 66
158 76
183 89
207 103
224 117
242 123
1 126
251 130
257 134
251 134
158 128
224 121
205 109
173 99
156 87
126 76
105 62
64 48
52 37
42 29
31 21
21 15
21 13
25 15
37 19
48 25
70 33
91 44
119 58
142 70
167 82
193 95
207 109
232 119
246 126
5 132
259 136
259 140
251 140
222 128
207 107
187 89
169 80
146 76
119 68
93 54
72 39
54 29
39 25
29 25
21 23
23 17
29 15
41 19
58 31
78 44
101 52
126 60
154 72
179 87
203 103
222 115
238 121
250 125
257 130
257 134
251 134
242 128
228 121
207 111
185 101
160 89
134 78
109 62
83 48
62 39
44 29
31 23
23 17
23 13
25 15
33 19
46 25
66 35
89 44
113 56
138 70
164 82
189 93
212 107
230 117
246 125
253 128
257 134
257 132
248 130
236 125
220 119
199 109
175 97
150 87
128 82
97 62
64 33
46 11
39 11
31 19
23 23
19 15
25 9
41 13
58 31
76 48
97 56
123 60
150 68
175 85
199 103
218 113
236 119
250 123
255 126
257 132
253 136
244 132
228 121
210 111
189 99
166 93
138 82
111 66
87 50
66 39
48 31
33 25
25 19
21 13
23 9
33 17
44 27
62 35
85 42
109 54
134 66
160 80
185 93
208 105
226 115
242 123
251 126
257 132
257 132
251 132
238 126
222 119
203 109
179 99
154 85
126 74
103 60
80 48
60 39
46 37
31 29
13 13
11 0
21 0
39 9
54 25
70 37
93 42
121 52
148 70
173 87
195 103
216 113
236 119
248 125
255 132
257 134
253 132
246 128
232 121
212 113
191 103
167 91
142 80
117 66
91 52
70 42
50 33
37 25
25 19
21 15
21 13
31 17
42 23
58 31
80 39
107 52
130 66
156 80
181 91
207 103
226 113
240 123
251 128
257 132
257 132
251 130
240 126
226 121
205 113
181 101
156 87
130 74
107 62
82 50
60 39
42 27
31 21
23 15
21 15
25 17
37 23
56 37
70 44
82 39
105 35
140 50
171 80
195 103
212 111
230 109
246 115
259 130
259 144
253 144
248 132
234 119
216 113
195 107
169 99
144 82
119 62
93 48
72 41
52 33
39 27
27 19
21 13
23 13
29 19
41 25
56 31
78 39
101 48
126 62
152 76
179 89
203 101
222 111
238 119
250 128
257 132
257 134
253 132
242 126
228 121
210 113
185 105
162 91
134 76
109 64
85 50
62 39
44 29
31 21
25 15
21 15
25 15
33 19
46 25
66 35
89 46
113 58
142 76
169 93
183 95
199 93
222 97
244 111
253 126
257 134
253 130
250 126
240 123
222 121
201 115
175 101
150 83
125 70
99 56
74 46
54 37
39 25
27 17
21 11
21 13
27 17
39 21
54 29
74 37
99 48
123 62
148 74
175 87
199 99
218 111
236 119
250 126
257 132
257 132
253 132
244 128
230 121
210 113
189 103
164 91
138 78
113 64
89 52
68 41
46 31
35 23
25 19
21 15
15 15
31 17
37 23
62 31
83 35
109 54
7 68
162 82
177 93
208 97
228 117
244 126
7 138
263 146
250 132
126 113
234 103
220 107
189 111
177 101
152 83
128 66
97 58
80 52
60 48
41 33
29 19
21 1
19 11
27 19
5 15
50 25
7 31
95 42
119 60
21 74
169 85
195 95
216 107
234 119
248 128
5 125
257 132
250 132
246 128
232 123
214 117
193 105
167 93
126 78
109 66
91 54
68 42
50 33
35 23
25 17
21 15
15 17
29 19
42 23
60 31
82 33
105 52
130 64
156 78
181 91
205 103
224 115
234 123
1 128
250 132
257 134
250 134
244 132
232 132
205 117
171 91
148 70
130 60
107 56
82 50
58 37
42 23
33 15
25 17
23 21
25 21
35 21
48 23
68 33
