760000 10000000 159383 13
169 109
95 66
37 17
9 0
9 0
37 15
83 41
142 64
203 89
251 119
273 142
263 150
226 132
173 99
111 66
54 39
17 21
5 9
25 9
72 23
134 56
197 93
242 123
267 138
265 138
236 128
183 107
123 78
64 46
21 19
7 5
21 9
64 27
125 56
185 87
236 115
267 134
267 140
240 130
193 111
132 82
72 50
27 25
7 9
17 9
56 25
115 50
177 82
228 111
263 132
269 140
248 134
201 115
142 85
82 54
33 27
9 11
15 7
48 21
105 46
169 80
230 119
261 140
261 138
164 123
207 93
152 82
91 58
37 33
1 7
11 0
44 15
97 46
158 78
212 105
255 125
271 138
257 138
216 125
160 95
99 60
46 31
13 13
9 7
35 15
85 35
146 64
207 97
250 125
269 140
261 140
226 125
171 99
109 70
54 39
17 15
7 5
29 11
76 33
136 62
199 93
244 121
269 138
265 140
232 128
179 105
119 74
60 42
23 19
7 7
23 11
68 29
126 56
189 87
238 117
267 134
267 142
240 125
189 109
128 78
70 48
27 25
7 9
19 9
64 35
119 64
169 80
220 91
259 113
271 134
248 138
197 119
136 78
78 42
35 25
13 19
15 19
50 25
107 42
169 74
224 111
259 136
267 142
250 130
207 111
148 85
87 58
39 33
9 11
11 3
44 15
97 42
160 76
214 105
255 126
271 138
257 138
216 123
158 95
97 62
44 33
13 11
9 7
37 15
87 37
150 68
208 99
251 125
269 138
259 140
224 125
167 99
107 66
50 37
17 15
9 7
31 13
78 33
140 62
201 95
248 123
269 138
263 140
232 128
179 107
121 78
66 54
17 23
0 0
15 0
68 13
132 52
191 91
238 117
265 128
269 136
240 132
189 117
126 83
68 48
25 21
7 7
19 11
60 27
119 52
181 82
232 111
263 132
269 142
244 134
197 111
136 80
76 50
31 25
9 11
17 9
52 21
111 46
171 80
226 111
259 132
267 138
250 134
207 117
146 89
85 58
37 29
9 11
13 5
44 19
101 46
164 78
218 107
257 128
271 140
255 138
214 123
156 93
93 62
42 33
13 13
9 7
39 17
91 39
154 70
210 101
251 125
269 138
261 142
228 138
166 107
93 56
41 13
13 0
11 5
33 21
78 37
142 58
205 87
250 123
271 146
253 148
228 128
175 97
113 68
56 42
17 19
5 5
27 7
72 27
132 60
193 93
242 121
269 136
265 140
236 130
185 109
123 78
66 46
23 21
7 5
21 9
64 27
123 54
183 83
234 115
265 134
269 142
242 134
193 111
134 80
74 50
29 27
7 9
17 7
54 21
113 48
173 82
228 111
263 132
271 140
248 134
203 115
142 85
83 56
35 29
9 11
13 7
48 19
105 46
169 83
226 119
251 130
257 126
248 117
212 109
156 91
91 62
39 29
11 5
15 3
42 21
93 48
154 76
212 101
253 125
271 138
257 142
218 125
162 95
101 60
48 33
15 15
9 7
33 13
82 33
146 64
205 99
250 125
269 140
261 140
228 126
173 101
111 70
54 41
17 17
7 5
27 9
74 31
134 62
197 93
244 119
267 136
265 140
234 130
183 107
121 76
62 42
23 19
7 7
23 11
66 29
125 54
187 87
236 117
265 136
267 142
240 132
193 109
125 80
72 50
27 25
9 9
21 13
64 37
109 54
41 68
222 87
263 117
273 142
185 142
199 115
140 76
82 48
35 31
3 21
13 15
48 17
31 39
44 74
222 111
0 132
250 138
251 130
208 115
142 91
89 60
41 31
11 7
13 3
42 17
95 42
158 74
214 103
5 126
269 138
257 138
216 123
160 95
99 62
46 33
5 13
9 7
31 13
85 37
148 66
207 99
0 125
269 140
253 138
224 125
169 99
109 68
46 41
17 19
0 7
29 13
78 31
138 62
199 95
244 123
269 136
265 142
234 132
181 111
123 83
64 54
13 17
0 0
17 0
68 19
130 56
189 89
236 113
267 128
271 140
242 138
189 117
128 83
68 46
27 21
7 9
17 11
58 25
117 50
179 80
232 109
263 134
269 142
246 134
199 113
138 83
78 52
33 29
7 9
15 5
50 17
109 48
171 82
224 111
259 130
269 140
251 134
207 119
148 89
85 58
39 29
11 9
13 5
42 17
97 41
162 72
216 105
255 128
269 138
255 138
216 123
158 95
95 62
44 33
13 13
9 7
37 17
89 39
152 70
208 101
251 126
269 140
265 150
228 138
160 97
93 44
46 13
19 7
11 13
31 21
76 31
142 54
203 91
250 128
269 148
261 144
230 125
177 99
115 72
58 44
19 19
0 3
27 5
70 27
5 58
193 93
234 119
17 134
267 138
238 130
187 111
125 80
66 46
25 19
7 5
21 9
62 27
121 54
183 83
234 113
265 134
267 142
244 134
195 111
134 82
76 50
29 25
9 9
17 7
52 21
109 48
173 78
226 109
261 132
271 142
250 138
205 119
146 89
85 56
37 31
11 13
13 9
46 21
103 46
171 87
220 115
248 125
259 123
251 121
214 113
156 93
91 58
42 27
15 7
13 7
39 23
91 44
154 72
212 101
253 125
269 140
257 140
220 125
164 95
103 64
48 35
15 15
9 7
33 13
82 33
142 64
203 97
248 125
269 140
263 140
228 126
175 103
113 72
58 42
19 17
7 5
27 11
72 31
132 60
195 91
242 121
267 136
267 140
236 125
185 109
123 78
64 44
23 21
7 7
23 11
1 29
123 54
185 87
236 115
15 136
267 142
234 134
195 113
132 82
74 50
29 25
9 11
23 21
58 35
103 42
164 58
226 89
267 126
271 148
246 140
201 111
144 78
83 54
37 37
1 21
13 11
46 15
95 39
166 76
220 111
250 130
269 134
251 130
208 115
154 93
91 64
41 33
11 11
11 5
41 17
93 42
156 74
212 103
1 123
269 138
257 138
218 125
156 97
101 62
46 33
15 13
9 7
33 15
82 33
146 64
207 97
250 125
267 138
261 138
228 126
173 101
109 70
54 39
17 17
7 5
29 11
74 31
136 62
199 95
244 123
267 138
265 140
236 132
185 111
125 85
60 48
11 11
0 0
21 0
68 23
126 58
185 87
236 113
267 130
271 140
242 138
193 119
130 83
70 48
27 21
7 9
17 11
56 25
115 46
177 78
232 111
263 134
269 142
248 134
201 113
140 85
80 54
33 29
9 11
15 5
48 19
105 44
169 78
224 109
259 130
269 138
251 134
208 119
150 89
89 56
39 29
11 11
13 7
42 17
95 41
158 72
216 105
255 128
269 140
257 138
218 123
160 95
97 64
46 35
15 15
1 7
33 15
15 37
25 68
208 101
1 126
271 144
267 152
224 134
158 89
97 44
52 21
21 15
1 15
27 15
11 25
140 54
203 95
248 132
17 146
255 142
232 125
179 101
117 76
60 46
19 19
0 1
25 5
68 27
128 60
189 91
240 119
265 134
265 140
238 132
189 113
128 82
68 46
25 19
7 5
19 1
60 25
119 52
181 83
232 113
13 134
251 142
246 134
199 113
136 83
76 50
31 23
11 11
17 9
50 21
107 44
171 78
226 111
261 132
269 142
250 134
208 117
148 89
85 58
39 29
11 11
13 7
44 21
103 50
166 87
214 109
246 117
261 121
255 125
218 119
156 95
93 60
44 29
15 11
13 11
39 25
87 42
152 70
210 99
251 125
269 142
257 140
222 123
167 95
105 64
50 37
17 17
9 7
31 11
80 33
142 64
201 97
248 125
267 138
263 138
230 126
177 103
115 72
56 41
19 17
7 7
25 11
70 29
130 58
193 89
242 119
267 136
265 140
238 130
185 107
125 76
66 46
25 21
7 9
19 9
62 25
123 54
183 87
234 117
265 134
267 140
244 132
195 113
134 85
74 52
29 27
11 13
23 21
50 29
99 35
166 56
228 95
265 132
269 148
248 134
203 109
148 82
85 58
37 37
9 17
13 7
46 15
99 41
164 78
220 109
257 128
269 134
253 130
212 119
156 95
93 64
41 33
11 9
11 5
39 17
91 42
154 72
212 101
253 125
269 138
259 140
220 125
166 97
103 64
48 35
15 15
9 7
33 13
82 35
144 62
205 97
250 125
267 138
261 138
228 125
175 101
113 72
54 39
19 17
9 7
27 13
72 33
134 60
195 91
244 121
267 138
265 142
238 132
189 115
126 87
56 44
11 7
1 0
23 0
66 25
123 56
183 83
236 109
267 130
269 144
244 140
193 117
132 82
72 46
29 23
7 11
17 11
54 21
113 44
175 78
228 111
261 132
267 138
248 134
203 115
142 87
82 56
35 27
9 11
13 7
46 17
103 42
167 78
222 111
257 132
269 140
253 134
210 119
152 93
89 60
41 29
11 11
11 7
41 17
93 41
156 72
214 103
255 126
269 140
255 138
220 123
164 99
99 66
46 35
13 15
11 7
35 15
82 37
148 68
207 99
250 126
275 146
265 152
220 126
160 82
101 44
54 27
21 19
9 13
27 11
74 23
138 56
201 99
246 132
267 142
263 138
234 123
181 105
119 78
60 46
21 17
7 1
23 5
66 29
126 58
187 89
238 115
267 134
267 140
240 134
191 111
130 80
70 46
25 21
7 7
19 9
58 25
115 50
179 82
232 113
263 134
267 142
246 132
201 113
140 85
80 56
31 27
9 9
15 5
50 21
107 46
169 80
224 109
259 130
269 140
251 136
208 119
150 91
89 60
39 31
11 13
13 9
44 25
103 52
162 82
208 101
246 113
265 123
257 126
218 121
160 95
97 60
44 27
15 11
13 13
39 25
85 42
150 68
208 97
251 125
269 142
259 140
224 123
169 95
107 66
50 37
17 17
9 7
31 11
76 31
138 62
201 97
246 123
269 136
263 138
232 128
179 105
117 76
58 42
21 17
7 5
25 11
68 29
128 58
191 89
240 119
267 136
265 140
240 130
189 109
126 80
66 46
25 21
9 9
21 11
60 25
119 50
183 83
234 115
263 136
267 140
244 132
199 113
138 85
78 54
31 27
13 17
19 21
44 19
97 27
166 56
230 101
263 136
269 144
250 130
207 109
150 85
87 64
37 39
9 15
13 5
44 15
99 42
162 76
218 107
255 126
269 134
253 132
214 119
158 97
95 64
42 31
13 11
11 7
39 19
87 41
152 68
210 99
253 126
269 140
259 140
222 125
167 99
105 68
50 37
15 15
9 7
31 13
80 33
142 64
203 97
248 125
267 138
263 138
230 126
177 105
115 72
56 41
19 17
9 7
27 13
70 31
132 60
193 91
242 121
267 138
267 142
240 134
195 119
125 85
54 41
13 3
5 0
23 3
62 27
119 54
183 82
238 111
269 136
269 148
242 138
195 115
134 82
74 48
29 25
7 9
15 7
54 19
111 44
173 78
228 111
261 134
269 140
250 134
205 115
144 87
83 56
35 29
9 11
13 7
46 21
93 44
164 76
220 107
257 128
269 138
253 134
212 119
156 93
91 62
41 31
11 11
11 7
41 17
91 41
29 70
212 101
0 126
269 136
259 138
220 125
166 99
101 68
48 37
15 15
1 7
33 15
82 37
144 66
205 97
0 126
275 150
257 150
218 119
164 80
109 50
58 37
21 23
7 9
25 5
74 21
136 58
197 99
242 130
267 140
265 136
234 125
183 107
121 80
62 46
21 17
0 1
23 5
64 29
123 56
187 87
238 113
265 134
267 142
234 132
193 113
125 82
72 48
27 23
7 7
19 7
56 21
115 48
177 82
222 113
13 134
269 140
248 134
203 115
142 87
80 54
33 25
9 9
15 7
48 21
95 46
167 76
224 109
1 132
269 142
251 136
210 119
154 93
89 62
39 33
11 13
13 9
44 23
101 54
154 78
203 93
246 109
269 125
259 134
218 123
160 93
101 58
48 31
17 17
9 15
35 21
83 39
146 64
207 97
250 126
267 140
259 136
226 121
171 97
109 68
52 39
17 17
9 7
29 13
76 33
136 62
199 95
246 123
267 138
263 138
232 128
181 107
119 76
60 42
19 17
7 5
25 11
66 29
126 56
189 87
238 117
267 136
265 142
238 128
191 107
130 80
70 50
25 23
7 7
21 9
60 25
117 52
179 85
232 115
263 134
269 140
246 134
201 115
140 87
80 56
33 29
15 23
13 15
39 9
93 21
169 60
228 109
261 138
267 142
250 128
208 111
152 91
89 68
37 39
9 11
13 1
42 15
95 44
158 78
214 103
255 123
271 134
255 136
216 125
160 97
97 62
44 31
13 11
11 7
37 19
87 39
148 66
208 97
251 126
269 142
259 138
224 123
169 97
107 68
52 39
17 17
9 7
31 13
78 33
138 62
199 93
248 123
269 138
263 140
230 126
177 103
117 74
60 44
19 19
7 5
25 9
70 31
128 60
191 91
240 119
267 138
267 142
242 138
193 121
123 82
56 35
17 3
7 0
23 7
60 27
117 50
181 78
236 109
267 136
269 148
244 138
197 113
136 82
76 52
29 27
7 11
15 7
52 19
109 44
171 78
224 109
251 130
271 140
250 134
205 117
146 89
85 58
37 29
9 11
13 5
44 17
99 42
37 74
218 105
257 128
269 140
253 136
214 121
156 91
95 60
42 33
11 13
11 7
39 17
89 39
152 68
210 101
253 126
269 140
259 138
222 123
166 99
103 68
50 37
15 15
9 7
33 15
80 35
142 64
203 97
251 130
267 154
257 146
218 111
162 80
115 58
60 42
19 25
5 5
17 1
70 23
9 62
195 101
242 126
17 136
265 134
236 126
185 109
123 80
66 46
15 17
7 1
21 0
64 29
123 58
185 87
236 113
265 134
267 142
234 134
195 113
134 82
74 48
29 23
9 9
17 9
54 23
111 48
173 80
228 111
261 132
269 142
248 136
203 115
142 85
83 56
35 31
9 13
13 7
48 19
101 44
164 76
220 107
259 130
271 140
253 134
212 119
154 93
91 62
41 33
11 13
13 9
46 25
95 50
15 70
203 91
248 111
21 130
251 136
218 125
162 95
103 60
50 35
15 17
11 13
35 21
82 37
144 64
205 97
248 126
267 138
259 136
226 121
173 97
113 72
54 41
17 17
9 5
29 9
74 33
134 62
197 93
244 121
267 136
265 140
234 130
183 107
121 76
62 42
23 19
7 7
23 11
66 29
125 54
185 85
238 115
267 136
267 142
240 130
193 111
132 80
72 48
23 23
7 7
0 7
56 23
111 50
177 82
224 115
15 134
265 142
238 134
201 117
142 87
78 56
35 33
13 23
7 7
37 1
97 21
162 66
226 113
9 138
267 138
251 126
214 113
154 97
89 70
37 37
1 7
13 0
42 15
93 44
156 74
214 101
255 121
269 134
257 136
218 125
164 97
99 62
44 33
13 13
9 9
35 17
85 39
146 64
207 95
251 125
269 142
259 140
226 125
171 99
109 70
52 41
17 17
9 7
31 11
76 31
136 60
197 93
246 123
269 138
263 140
232 126
179 105
119 74
62 44
21 19
7 5
25 9
68 29
126 56
189 89
240 119
267 136
269 144
246 140
191 119
121 78
58 33
21 5
9 0
19 5
58 25
115 48
181 78
236 113
265 140
269 148
246 138
199 111
138 82
78 52
29 27
7 9
15 5
50 17
107 44
169 78
226 109
261 132
269 138
250 134
208 117
148 91
87 60
37 29
9 9
11 5
44 19
99 44
160 74
216 103
257 128
269 140
255 138
214 121
158 93
97 62
44 33
13 13
11 7
37 17
87 39
150 68
208 101
251 126
269 140
251 138
224 125
160 99
107 68
50 37
17 15
1 7
31 15
78 37
140 64
201 97
1 132
271 152
255 136
218 105
173 82
119 66
60 46
17 23
5 1
27 1
74 27
132 66
191 101
240 123
267 132
265 134
236 130
187 111
126 82
68 44
25 17
7 3
21 11
62 29
119 52
56 78
234 111
15 134
267 142
244 134
195 111
136 82
76 50
29 25
7 9
17 7
54 21
109 46
173 80
228 111
261 132
269 138
250 134
205 117
146 89
85 58
37 29
9 9
13 7
46 19
99 44
162 74
220 105
257 130
269 142
253 138
214 119
156 93
95 64
42 35
13 15
13 9
46 27
89 46
142 62
201 82
251 109
273 134
259 140
218 123
166 93
105 62
52 39
17 21
9 13
33 17
82 33
142 62
203 97
248 125
267 138
261 136
228 123
175 101
113 72
56 42
17 17
7 3
27 9
72 29
134 62
193 93
242 119
267 136
265 140
236 130
185 109
123 76
64 42
23 17
7 7
21 11
64 27
123 54
185 83
236 115
265 136
267 142
242 132
193 111
134 82
74 50
27 25
7 7
19 7
56 25
113 50
173 82
230 111
263 134
269 142
248 136
203 117
142 87
83 58
41 41
9 21
3 0
37 0
101 27
169 74
224 115
257 134
269 136
253 128
214 119
154 101
91 68
41 33
11 7
11 3
41 19
91 44
29 72
212 99
3 121
269 138
257 138
218 123
164 95
101 62
48 35
15 15
9 9
35 15
83 35
144 64
205 97
250 125
269 140
261 138
226 123
173 101
111 72
54 42
17 17
7 5
29 11
74 33
134 62
195 93
244 119
269 136
263 140
234 130
181 105
121 74
64 42
23 21
7 9
23 11
66 29
126 56
187 89
238 119
267 138
271 146
246 140
187 113
119 70
64 33
25 11
9 5
17 9
56 23
115 44
179 78
234 115
265 142
269 148
246 134
201 111
140 83
80 54
31 29
7 5
13 1
50 17
107 46
167 80
224 109
261 130
271 140
251 136
208 119
150 91
87 58
39 29
9 9
11 5
42 17
95 42
158 72
216 103
255 126
271 140
257 138
216 121
160 95
99 62
44 33
13 13
9 5
37 15
85 39
148 70
207 101
251 126
271 140
261 140
224 125
169 99
109 68
52 39
17 15
9 5
31 13
78 35
138 64
203 99
251 134
265 142
251 126
224 105
179 89
123 74
62 48
19 19
5 0
27 3
72 33
128 66
189 97
238 117
267 130
265 136
238 132
187 113
126 78
68 41
25 17
7 7
21 11
60 27
119 50
181 82
232 113
263 134
267 142
244 132
199 111
138 83
78 54
31 27
7 9
17 5
52 21
107 48
171 80
226 109
261 130
269 140
250 134
207 117
148 89
87 58
37 29
9 9
13 5
44 17
99 42
162 74
216 103
255 126
271 138
255 136
214 121
158 95
97 64
44 35
15 15
15 15
41 27
80 37
140 54
203 80
253 115
271 138
257 140
220 121
169 91
109 66
52 41
17 23
9 11
31 11
80 31
140 64
199 97
246 123
269 138
261 138
230 125
177 103
117 74
58 44
19 17
7 3
27 9
70 31
130 60
191 89
240 115
267 134
267 140
236 130
185 107
126 76
66 44
25 21
7 7
21 9
62 25
119 52
183 83
236 115
265 136
267 142
244 132
195 111
136 83
76 52
29 25
9 7
17 7
54 23
111 48
173 80
228 111
11 132
269 142
250 136
205 117
146 87
89 66
39 41
1 7
1 0
41 0
103 35
167 80
218 113
5 126
271 125
257 134
214 126
156 103
93 66
41 29
11 7
11 5
39 19
89 42
152 68
210 95
3 121
271 140
250 140
220 125
166 95
103 62
48 37
15 17
9 9
33 15
82 35
144 64
203 97
248 125
269 138
261 138
228 125
175 101
113 72
56 41
17 17
7 5
27 11
74 33
134 60
195 91
244 119
269 136
265 142
236 130
183 105
123 74
66 44
23 21
7 9
21 9
66 29
125 56
185 89
238 119
267 140
277 152
240 138
183 105
123 64
70 35
29 17
7 7
15 7
56 17
115 44
179 82
230 117
263 138
267 142
248 134
203 113
142 87
82 58
33 29
7 7
13 1
48 17
103 46
166 78
222 107
259 128
271 140
253 138
210 121
152 91
91 58
41 31
11 11
11 7
41 17
95 41
156 70
212 101
253 126
271 140
257 138
218 123
162 95
101 64
48 37
13 15
9 5
35 13
85 35
146 68
205 99
250 125
269 136
261 138
228 126
173 103
111 72
54 41
17 17
1 7
29 13
76 35
136 64
203 105
244 128
7 126
255 117
232 111
185 101
123 82
62 46
21 13
9 0
25 11
68 39
126 66
187 89
238 113
267 132
267 142
238 134
187 109
128 74
70 42
27 21
7 9
19 11
58 23
115 48
179 82
232 115
263 136
269 144
246 134
199 111
140 83
78 54
31 27
9 9
15 5
50 19
107 48
169 78
224 109
259 130
269 138
251 134
208 119
150 91
89 60
39 31
9 11
11 5
44 19
97 42
158 74
216 103
255 126
271 140
255 138
216 123
160 95
99 64
46 37
15 21
15 15
33 19
76 29
140 50
207 85
3 121
269 138
257 136
224 121
173 97
109 72
54 44
17 21
7 7
31 11
78 31
138 64
197 95
246 119
269 132
263 136
232 126
177 105
117 74
60 42
21 19
7 7
25 11
68 31
128 58
189 87
240 117
267 138
267 142
238 130
189 107
128 76
70 46
25 23
7 9
19 9
60 23
119 52
181 83
232 115
263 134
267 140
244 132
197 109
136 83
78 52
31 25
9 9
15 7
52 21
109 46
171 82
218 111
11 132
269 142
251 138
207 119
150 93
91 70
33 33
0 0
5 0
44 3
103 44
162 82
216 105
255 121
271 134
257 140
216 130
158 101
95 60
42 27
11 9
9 7
39 19
89 39
152 64
208 95
253 123
271 140
259 142
222 123
167 95
105 66
50 39
15 17
7 5
31 11
80 33
140 64
201 95
248 123
269 136
263 138
230 126
175 103
115 72
58 41
21 17
7 5
25 9
70 31
130 58
193 91
242 119
267 136
265 140
236 130
185 107
125 76
66 46
25 21
7 7
21 9
62 27
123 54
183 87
236 119
23 144
269 142
234 128
175 95
130 64
76 42
29 25
5 9
15 3
56 17
115 48
177 87
228 117
261 134
269 138
248 132
203 117
144 89
83 56
35 25
7 5
13 1
46 19
103 46
164 78
220 105
257 126
271 140
255 138
212 123
154 93
91 60
41 31
11 13
11 7
39 17
91 39
29 68
212 101
0 126
271 140
251 138
220 123
164 95
103 66
48 37
15 15
1 5
33 13
82 37
144 66
203 97
248 123
271 138
263 140
228 126
173 101
111 70
56 41
19 19
1 7
29 13
74 35
138 68
199 105
234 117
255 117
261 119
238 123
185 111
123 80
64 41
23 11
9 5
23 17
64 37
123 58
187 83
236 113
265 136
267 144
240 132
191 107
132 76
72 46
27 25
7 11
19 7
56 21
115 48
52 83
222 113
263 132
267 140
246 132
203 113
142 85
82 56
33 27
7 7
13 3
50 19
105 48
167 78
222 107
259 128
271 140
253 138
210 121
152 89
89 58
41 29
11 11
11 7
41 17
95 41
158 72
214 103
253 126
271 140
257 138
218 125
162 97
101 68
50 42
21 25
7 11
23 5
76 17
146 52
208 93
250 125
269 136
261 134
228 123
173 101
111 76
54 46
17 19
7 5
29 11
76 33
136 64
197 91
242 115
269 132
265 138
232 130
181 105
119 74
62 42
21 19
7 7
23 11
68 29
126 56
187 87
238 117
267 136
267 140
240 130
189 109
128 78
70 48
27 23
7 9
19 7
58 21
117 50
179 85
232 115
263 134
269 140
246 134
199 115
138 85
80 54
33 25
9 9
15 7
50 21
107 48
169 80
224 109
261 130
271 142
251 138
210 123
154 101
87 66
27 19
0 0
9 0
46 15
99 48
158 76
214 97
257 121
273 142
257 148
216 130
158 95
97 56
44 29
13 15
9 9
35 15
87 33
150 62
208 97
251 126
269 142
261 138
224 123
167 97
107 68
50 41
17 17
9 5
29 11
78 33
15 64
193 95
246 121
19 136
263 140
230 128
177 95
117 72
60 42
21 17
0 5
25 11
68 31
130 58
191 89
240 117
267 136
267 140
238 130
187 107
126 76
70 48
27 25
7 9
21 9
62 27
121 56
183 89
238 123
269 144
261 140
234 121
191 95
136 72
78 48
29 25
7 5
15 1
56 19
111 52
48 87
226 115
261 130
269 138
250 134
205 119
146 89
85 54
35 25
11 7
13 7
44 21
101 44
162 74
218 103
257 126
271 142
255 138
212 121
156 91
95 60
42 33
13 13
11 7
39 13
89 37
152 68
210 101
251 125
269 138
259 138
222 125
166 99
105 66
50 37
15 15
9 7
33 15
80 35
142 64
203 97
248 123
269 138
263 140
230 126
175 103
115 72
58 42
19 19
7 7
27 13
72 35
136 72
187 91
230 101
263 115
267 130
240 134
185 113
123 74
66 39
27 17
9 13
21 19
62 31
123 52
183 82
234 115
263 138
267 144
242 130
193 107
134 78
74 50
29 27
9 11
17 5
54 19
113 48
175 83
220 113
11 130
269 130
248 134
203 117
142 89
83 56
33 27
9 7
13 5
48 21
95 46
166 76
220 107
7 128
271 140
253 138
212 121
154 91
91 58
41 31
11 11
9 5
41 15
93 41
156 72
212 103
253 126
271 140
259 140
220 125
164 99
103 68
56 46
15 21
0 1
23 0
80 19
148 56
207 97
246 123
267 134
263 134
230 126
173 107
111 76
54 42
19 15
9 7
27 13
72 33
134 60
195 89
242 117
267 134
265 140
234 128
183 105
121 74
62 42
23 21
7 9
21 9
66 27
125 54
187 87
236 117
265 134
267 140
240 130
191 109
130 80
72 50
27 25
7 9
19 7
56 23
115 52
177 83
230 111
263 132
269 138
248 134
201 117
140 85
80 52
33 25
9 9
15 9
50 21
105 46
167 78
224 109
259 132
271 144
253 140
216 130
150 99
80 50
29 7
9 0
15 5
44 25
93 44
156 66
216 95
257 126
271 148
257 148
216 125
160 89
99 60
44 37
13 17
7 7
35 9
85 29
148 64
207 101
251 126
269 140
261 138
226 126
171 103
109 72
54 39
17 15
7 5
29 11
76 33
138 62
199 93
244 119
267 136
265 140
232 130
179 105
119 74
60 41
21 17
7 7
25 11
66 29
126 56
189 89
238 117
267 136
267 142
240 130
191 109
128 78
70 48
27 23
7 7
19 7
60 25
119 56
183 91
236 125
257 136
257 128
238 117
199 101
138 80
78 52
31 23
9 3
17 3
54 23
109 54
171 85
224 111
251 128
269 138
250 136
207 119
146 87
85 52
37 25
9 9
11 7
44 19
97 42
162 72
216 105
255 130
269 142
255 136
214 119
158 93
97 62
44 35
13 13
9 7
37 13
89 37
150 70
208 101
251 125
269 138
259 138
224 125
167 99
107 68
52 37
15 15
9 5
31 13
78 35
142 64
201 95
246 123
267 136
265 140
232 128
177 105
115 74
60 42
21 21
7 9
29 19
76 42
126 62
179 74
232 93
267 123
269 142
238 136
185 107
126 70
70 42
27 25
9 17
19 15
60 23
119 48
181 82
234 115
263 136
267 140
242 128
195 109
134 82
76 52
31 27
7 7
15 5
52 21
111 50
173 83
226 111
261 130
269 138
250 134
205 117
144 87
83 54
37 27
9 9
13 7
44 17
101 42
164 74
220 105
257 128
271 142
255 138
214 123
156 93
95 62
42 33
13 13
9 7
39 15
91 39
154 70
212 101
253 126
271 140
259 138
222 126
167 101
111 78
52 44
5 11
0 0
27 0
82 25
144 64
201 97
246 119
269 132
265 138
230 132
175 111
113 76
58 41
19 15
7 7
25 11
72 31
132 58
193 87
242 117
17 136
265 142
236 130
183 105
123 74
66 46
25 23
7 9
21 9
64 25
123 54
185 87
236 117
263 134
267 138
242 132
193 111
125 82
74 50
29 23
7 7
17 7
54 23
113 50
175 82
220 111
11 130
269 140
248 132
203 115
144 87
82 54
35 27
11 11
15 9
46 21
95 44
166 76
222 109
1 132
265 142
250 146
214 130
144 85
80 37
37 9
15 5
13 13
39 21
91 37
158 62
216 101
5 134
271 150
259 142
220 121
162 93
93 64
46 39
13 15
7 3
33 7
83 31
146 66
205 101
250 125
269 134
261 136
228 126
173 103
111 72
54 39
17 15
7 5
29 11
74 31
134 60
197 91
244 119
265 136
265 140
234 130
181 105
121 76
62 44
23 19
7 7
23 9
66 27
125 54
187 87
238 117
265 134
267 138
242 130
193 111
130 82
62 50
27 23
9 9
19 9
58 27
119 56
183 93
226 115
251 123
259 123
246 121
203 111
140 85
78 52
33 21
11 5
17 11
50 27
105 50
167 78
224 107
259 128
269 142
251 138
207 117
150 85
89 54
41 29
11 13
11 7
42 17
97 39
158 72
216 105
255 130
271 140
257 136
216 123
160 95
97 64
46 35
13 13
9 5
35 13
85 37
148 68
208 101
250 126
269 138
259 138
226 126
171 101
107 70
52 39
17 15
9 7
29 13
76 33
138 62
199 95
246 121
267 136
263 142
232 130
179 105
119 74
62 42
23 21
9 13
31 25
66 35
117 44
181 64
238 101
271 134
269 148
236 132
189 101
130 72
72 50
27 31
7 17
19 11
58 21
119 50
179 85
232 117
261 134
267 136
244 128
199 113
138 85
78 54
31 25
9 7
15 7
50 21
109 48
171 82
218 111
259 130
269 138
250 136
207 119
146 89
85 56
37 27
9 9
11 7
44 17
99 42
160 74
216 105
5 128
269 140
255 138
214 121
158 93
97 62
44 35
11 13
9 5
37 13
27 39
27 72
208 103
1 126
271 138
261 140
224 128
173 109
109 78
37 37
5 1
3 0
31 1
80 33
140 64
199 91
248 117
21 134
265 144
222 134
177 107
115 72
58 39
19 17
0 9
25 13
70 29
130 54
193 87
240 117
265 136
267 140
238 130
187 107
125 78
66 46
25 21
7 7
19 7
62 23
121 52
183 85
234 115
5 132
267 138
244 132
195 113
134 83
76 50
31 25
9 9
17 9
52 21
111 48
173 82
228 113
261 132
269 140
250 134
205 117
144 87
83 54
35 27
9 11
13 7
46 21
101 44
164 76
222 109
259 132
275 150
257 150
205 117
144 72
89 41
44 25
15 17
9 13
37 11
91 31
158 68
214 109
253 136
269 142
259 134
218 119
164 97
101 70
46 37
15 11
7 1
33 9
78 35
144 68
205 99
248 123
267 134
263 138
230 128
175 105
113 70
56 39
19 15
7 7
27 13
72 33
132 60
195 91
242 119
267 136
265 140
236 130
185 107
123 76
64 44
23 21
7 7
21 11
64 27
123 54
185 85
236 115
265 134
267 140
242 132
193 111
132 82
72 50
29 25
9 9
19 9
58 29
121 60
173 87
218 105
251 117
267 126
250 128
203 115
140 85
82 48
35 23
13 13
15 15
46 25
103 46
167 76
222 107
257 132
267 142
251 134
210 115
152 87
89 58
41 31
11 13
11 5
41 15
93 41
156 74
214 105
253 128
269 140
257 136
218 123
162 95
99 66
46 35
13 13
9 5
35 13
85 37
146 68
205 99
250 123
269 138
261 138
228 126
173 101
109 70
52 37
17 17
7 7
29 13
74 33
136 60
197 91
246 121
269 138
265 142
234 130
173 107
121 76
62 46
15 23
13 21
21 17
46 15
115 29
189 70
242 117
17 144
265 142
240 123
193 101
132 82
70 58
25 31
7 9
15 3
58 21
115 54
177 87
230 113
13 128
269 126
246 134
201 117
140 87
80 52
33 23
9 9
15 9
48 23
105 46
169 76
224 107
259 130
269 140
251 136
208 117
150 89
87 58
39 31
11 11
11 7
42 17
95 41
158 72
216 103
257 130
269 140
250 136
216 121
160 95
97 64
44 35
13 13
9 5
37 13
87 37
150 70
208 101
251 126
271 142
263 142
230 134
173 111
99 70
41 27
9 0
7 0
31 11
13 33
11 58
201 89
250 121
271 142
263 148
232 132
179 105
117 72
60 42
19 21
7 9
23 9
68 25
128 54
191 89
240 119
267 136
267 138
240 130
189 109
126 80
68 46
25 21
7 7
21 9
60 27
119 54
181 85
232 113
263 132
267 142
244 134
197 113
136 83
76 50
31 25
9 9
15 7
52 21
109 46
171 80
226 111
259 132
269 140
251 134
207 117
146 87
85 56
39 29
11 13
13 9
44 19
101 44
164 76
218 109
261 138
273 152
248 134
205 101
154 72
97 54
44 37
13 19
9 3
39 7
91 35
154 76
210 111
251 130
269 134
257 130
222 125
167 103
103 70
48 33
15 9
9 3
31 15
78 37
142 64
203 93
248 121
269 138
263 142
230 128
175 103
115 70
56 39
19 17
7 7
25 11
70 29
130 56
191 87
242 119
269 138
265 140
238 130
187 107
125 78
66 48
23 23
7 9
21 9
62 25
121 54
183 85
234 115
265 134
267 140
244 132
197 115
134 83
74 50
31 25
9 11
19 13
62 35
109 54
166 76
218 95
259 119
271 134
250 134
125 115
144 83
83 50
37 29
11 17
13 13
44 21
101 42
41 76
218 109
5 130
267 140
250 126
212 117
154 91
91 60
41 33
11 11
11 5
39 15
91 41
156 72
212 103
253 126
269 138
259 138
220 125
164 97
103 66
46 35
13 13
9 5
33 13
82 35
144 64
205 97
248 123
269 138
261 140
228 126
173 103
113 70
54 39
17 15
9 7
29 13
74 33
134 62
195 93
244 121
267 138
265 142
236 130
185 109
123 78
64 48
29 33
7 15
11 0
54 3
123 37
191 85
238 123
263 138
265 134
244 125
197 113
132 89
72 56
27 23
9 3
17 5
54 25
113 52
175 82
230 109
263 128
267 140
246 134
203 117
142 85
82 52
33 27
9 11
15 11
48 23
103 44
166 76
222 107
259 130
269 140
251 134
210 117
152 91
89 60
39 31
11 11
11 5
42 17
93 41
156 72
214 103
255 126
271 138
257 138
218 123
162 97
99 64
46 35
15 13
9 7
37 15
83 39
148 68
207 99
251 125
271 142
265 148
230 136
166 101
97 56
46 19
17 3
9 5
29 15
74 29
136 54
201 89
248 125
269 146
263 146
232 128
181 103
119 74
60 44
21 21
5 5
21 3
66 25
126 56
189 91
238 119
267 134
267 138
240 132
191 113
128 82
70 48
25 21
7 7
19 7
58 25
117 52
179 83
232 113
263 132
267 140
246 134
199 115
138 85
78 52
33 25
9 11
15 9
50 21
107 46
169 78
224 109
259 132
269 142
251 136
208 119
150 89
87 58
37 31
11 11
13 7
44 19
97 42
160 76
218 109
259 142
263 138
244 117
210 97
160 82
99 66
42 39
11 9
11 0
41 13
89 44
150 78
208 105
251 123
269 134
259 138
222 128
169 101
107 66
50 33
15 11
9 7
31 17
78 35
140 60
201 91
246 123
267 138
263 138
232 126
179 105
117 74
58 42
19 19
7 7
25 11
68 29
128 56
191 89
240 117
267 136
265 140
238 130
189 107
128 80
68 48
25 21
9 9
21 9
60 27
119 54
181 83
234 113
263 132
269 142
246 134
197 115
138 83
76 52
31 27
11 13
25 21
52 31
99 42
162 62
224 95
263 125
269 140
248 134
205 111
148 83
87 58
37 33
9 17
13 9
44 17
97 41
162 74
218 107
255 128
269 136
255 134
214 119
156 95
93 64
42 33
13 11
9 5
39 17
89 39
152 70
210 99
251 125
269 138
257 138
222 125
166 97
103 66
50 35
15 15
7 5
31 11
80 33
142 64
203 97
248 123
269 138
261 138
230 126
175 103
115 72
56 41
19 15
7 5
27 11
70 29
132 58
195 91
242 121
267 138
265 142
238 130
187 109
125 80
70 58
23 29
0 0
13 0
62 9
125 52
185 93
234 117
263 126
269 132
246 132
197 121
132 91
72 52
29 19
9 5
17 9
54 27
111 48
173 76
228 105
261 130
269 142
248 136
203 115
144 83
83 54
35 29
9 11
15 9
48 19
101 42
164 76
220 109
259 130
269 140
253 134
212 119
154 91
91 60
41 33
11 11
11 5
41 17
91 42
154 72
214 101
253 126
269 138
257 136
220 123
166 99
101 66
46 37
15 13
9 7
35 15
82 37
144 66
205 99
250 126
273 146
267 150
222 128
162 89
105 52
56 29
19 15
7 7
27 9
74 27
136 56
197 95
244 126
267 142
265 140
234 126
183 107
121 78
62 46
21 17
7 3
21 7
64 27
125 56
187 87
238 115
265 134
267 140
240 132
193 113
125 82
72 48
27 23
7 9
15 9
56 25
109 48
177 80
222 113
13 134
253 142
240 134
201 115
142 87
80 56
33 27
9 11
13 7
48 19
105 44
167 76
224 109
259 130
269 140
251 134
210 117
154 91
91 62
39 31
11 11
13 7
42 21
95 42
162 80
220 117
250 126
257 121
251 113
220 113
166 101
99 70
44 31
13 5
13 3
37 21
83 46
21 64
207 97
1 121
269 138
259 142
220 126
169 97
109 64
52 35
17 15
1 9
31 13
76 31
136 60
197 93
246 123
17 140
255 140
232 126
181 105
119 76
60 42
19 17
0 5
25 9
68 29
126 56
189 89
238 115
267 132
267 140
240 125
189 111
128 80
62 48
25 21
7 7
19 9
60 25
117 52
179 83
232 113
263 134
269 140
246 132
199 115
138 85
80 54
33 29
15 21
17 17
41 17
95 31
166 60
226 101
261 132
267 142
248 130
208 111
152 87
89 62
37 37
9 13
13 5
44 15
97 42
158 74
216 105
255 126
269 136
255 134
214 121
158 95
97 64
44 33
13 13
9 7
37 17
87 37
150 68
208 101
251 125
269 138
259 138
224 125
169 97
105 68
50 37
15 13
9 5
31 11
78 33
140 62
201 93
248 121
269 138
263 140
230 126
177 103
117 74
58 42
19 15
9 5
27 11
70 31
128 58
191 91
240 119
267 138
267 142
240 132
189 113
125 89
68 56
13 13
0 0
17 0
64 21
113 60
179 87
234 109
17 126
271 142
246 140
197 121
134 83
74 46
29 21
9 11
15 13
52 23
109 44
171 74
228 109
261 134
269 142
250 134
205 113
146 87
83 58
35 31
9 11
13 5
46 19
99 42
162 74
218 107
257 128
269 140
253 136
214 121
158 95
95 64
41 35
11 11
11 5
39 17
89 41
152 70
212 101
253 126
269 138
259 138
220 123
166 99
105 68
48 37
15 15
1 7
33 15
82 35
17 66
205 99
1 130
267 150
257 140
218 117
169 85
113 60
58 39
19 19
5 3
27 5
74 27
134 62
195 97
242 125
267 136
265 138
236 128
183 109
123 78
64 44
21 15
0 3
21 9
64 29
121 54
183 83
238 115
267 136
267 144
242 132
193 111
134 82
74 50
27 23
7 7
17 7
56 23
113 50
173 80
228 111
263 132
269 140
246 134
203 115
144 85
82 54
35 27
9 11
13 7
46 19
103 44
166 78
222 109
259 130
269 140
253 136
212 119
154 93
91 62
41 33
11 11
11 7
41 19
97 48
160 83
207 95
244 109
13 115
259 126
218 125
156 103
95 62
48 27
17 9
13 11
35 25
83 42
144 64
205 93
250 123
269 142
259 142
226 123
173 95
111 66
54 41
17 19
7 7
29 9
74 29
134 60
195 93
244 123
269 136
265 138
234 126
183 105
121 76
62 44
21 19
7 7
23 11
66 29
125 56
187 87
238 115
265 136
267 142
240 132
191 111
130 80
72 48
27 23
7 7
19 9
58 25
115 50
175 82
230 111
265 134
269 144
246 136
201 115
142 87
82 58
39 39
9 19
5 3
39 3
99 27
169 66
224 107
257 130
269 136
251 130
212 117
154 97
89 66
39 33
9 9
13 3
42 17
95 42
156 72
210 99
5 121
271 128
257 138
216 123
162 95
99 62
46 35
5 13
9 7
31 15
78 35
23 66
207 99
1 125
269 140
251 138
224 125
171 99
109 70
52 31
17 15
0 5
29 11
76 31
138 62
199 95
246 121
19 138
263 140
232 128
179 105
119 76
60 44
21 17
0 5
25 9
64 29
128 58
189 87
236 117
17 136
267 144
240 134
195 119
128 89
58 41
13 0
5 0
25 3
62 33
117 58
177 80
234 103
267 132
271 150
244 142
197 115
138 80
78 46
31 25
7 11
15 7
50 17
107 41
169 76
226 111
261 134
269 140
250 132
207 115
148 89
85 60
37 31
9 9
13 5
44 19
97 44
160 74
218 105
257 128
269 140
253 138
214 119
158 93
97 62
44 33
11 13
9 5
39 15
89 39
150 70
208 99
251 125
269 138
259 138
222 123
167 97
107 68
52 39
15 17
7 7
33 13
80 35
142 66
205 101
251 134
263 140
251 128
222 111
177 91
117 68
58 42
17 15
7 1
29 7
72 33
130 66
191 97
240 119
265 134
265 138
236 132
187 111
125 78
66 42
23 17
7 5
21 11
62 27
121 52
183 83
234 113
15 126
267 142
234 134
195 111
132 82
76 50
29 25
7 9
17 7
54 21
111 46
173 80
218 111
7 130
269 138
250 134
205 115
146 80
85 56
33 29
9 9
13 7
31 21
101 42
162 74
220 105
259 130
269 142
253 138
212 119
156 93
95 62
42 35
11 13
11 7
44 23
97 52
146 70
199 83
248 103
273 128
261 144
220 130
164 95
103 58
52 33
17 19
9 15
33 19
82 33
142 60
203 95
248 125
267 140
261 138
226 121
175 97
113 72
56 42
17 17
5 1
27 7
74 31
134 64
193 95
242 119
269 134
265 140
234 130
183 107
123 76
64 42
23 17
7 5
21 11
64 27
123 54
185 85
236 115
265 136
267 142
242 132
193 111
134 82
74 50
27 23
7 7
19 7
56 23
113 50
175 82
230 111
263 134
269 142
248 134
203 115
144 87
89 66
35 37
0 7
3 0
44 3
105 37
166 78
220 109
257 126
271 134
255 134
212 123
152 97
91 62
41 31
11 9
11 5
39 17
93 41
156 70
212 99
255 125
271 138
257 138
218 121
162 95
101 64
48 37
13 15
9 7
35 15
83 37
146 66
205 99
250 125
269 136
261 136
226 125
173 101
111 72
54 41
17 15
7 5
29 13
76 33
134 62
197 91
244 119
269 136
265 140
234 128
181 105
121 74
62 42
5 19
5 5
23 9
68 29
126 58
189 89
238 117
267 136
269 142
246 144
191 119
121 72
60 25
23 1
9 1
21 15
58 29
115 48
177 74
234 111
265 142
269 152
244 138
199 109
140 80
80 54
31 29
7 11
13 3
50 13
107 42
169 80
224 111
259 130
271 138
251 134
208 119
150 91
87 60
39 29
9 9
11 5
42 17
97 42
158 72
216 101
255 126
271 140
255 138
216 123
160 95
97 62
44 35
11 11
9 3
37 15
87 39
150 70
207 99
251 125
271 140
259 138
224 125
169 99
109 68
52 39
17 17
7 7
31 13
80 37
142 70
205 107
242 123
257 126
257 123
232 115
181 101
117 72
58 39
21 13
9 5
27 13
70 37
128 62
189 89
240 115
267 136
265 142
238 130
187 105
126 74
68 44
25 21
7 9
19 9
60 25
119 50
181 83
232 115
263 136
267 140
244 132
197 111
138 83
78 54
31 25
7 7
17 5
52 21
109 48
171 80
224 109
259 130
269 140
250 136
205 119
148 87
85 58
37 29
9 9
13 5
44 19
99 42
162 74
216 103
257 128
271 138
255 138
214 123
158 95
97 64
44 35
13 15
13 13
42 29
83 41
140 52
203 76
253 113
273 142
259 144
220 123
167 89
107 62
52 41
17 25
7 11
31 11
80 29
140 60
199 95
248 126
269 136
263 136
228 123
175 101
115 74
58 44
19 17
7 3
27 9
70 31
130 62
191 91
240 115
267 134
265 142
236 132
185 107
125 76
66 44
23 21
5 7
21 9
62 25
123 52
183 85
234 117
265 134
267 142
244 132
195 111
134 82
74 52
29 25
7 9
17 7
54 23
111 50
173 82
228 111
263 132
269 142
250 138
207 121
152 99
85 64
27 25
0 0
9 0
48 9
103 42
164 78
218 103
259 125
273 140
255 142
212 126
154 95
93 60
41 31
11 11
9 7
39 17
91 37
154 66
212 99
253 126
269 140
257 138
220 123
164 95
103 64
48 37
15 15
9 7
33 13
82 35
144 64
203 97
250 123
269 138
261 140
228 126
173 101
111 70
54 39
19 15
7 5
27 11
72 31
132 60
195 91
242 119
267 138
265 142
234 128
183 105
125 76
64 46
21 21
7 7
23 9
66 29
125 58
185 89
236 117
267 136
275 150
242 142
181 103
121 58
70 31
31 19
9 15
15 11
54 17
115 42
179 82
230 119
261 140
267 142
246 130
203 111
142 87
80 58
33 29
9 5
13 1
48 17
103 46
166 80
222 107
259 126
271 138
251 136
210 121
152 91
91 58
41 29
11 11
11 7
41 17
95 41
156 70
212 101
253 125
271 140
257 140
218 123
162 93
101 64
46 37
15 15
9 7
35 13
85 35
148 66
205 97
0 123
269 138
261 138
226 126
171 99
109 68
48 41
15 17
0 9
31 15
80 39
17 74
191 97
224 109
11 119
263 126
234 125
179 105
119 72
62 41
23 17
9 9
25 15
68 35
126 58
187 87
238 115
265 136
267 142
238 130
189 105
128 76
70 46
27 25
7 9
19 7
58 21
117 50
179 85
232 117
263 134
269 140
246 132
199 113
138 85
78 54
31 25
9 7
15 5
50 19
107 46
169 78
224 107
259 128
269 138
251 136
208 119
150 89
87 56
39 29
9 11
11 7
44 19
97 42
160 72
216 105
255 128
269 140
255 138
216 121
160 95
97 64
44 37
17 21
15 19
31 17
76 21
142 44
208 85
253 126
271 146
259 140
222 117
171 93
109 72
52 48
15 23
7 5
29 7
78 31
138 64
199 97
244 119
269 132
263 134
230 126
177 107
117 74
60 41
19 15
7 5
23 9
68 29
128 56
191 87
238 117
267 136
267 140
238 130
187 107
126 78
68 46
25 23
7 7
19 7
60 25
119 52
181 85
234 115
5 132
253 140
173 132
197 113
136 82
76 52
31 25
7 7
15 5
52 21
111 50
171 82
226 111
261 132
271 142
251 140
212 128
146 95
76 50
25 11
5 0
13 0
46 17
97 42
160 70
218 99
259 126
271 144
255 146
212 125
156 93
93 58
42 33
11 17
9 9
37 13
89 33
152 66
210 101
251 126
271 140
251 136
220 121
166 97
103 68
50 31
15 15
0 5
31 11
80 35
142 64
201 95
248 121
269 136
263 140
228 126
175 103
115 72
58 42
19 17
0 7
27 11
70 29
132 58
193 91
242 119
267 136
265 140
236 130
185 107
125 76
66 46
23 21
7 7
23 9
62 27
123 56
185 87
236 117
271 146
267 148
232 125
185 89
132 62
78 46
31 29
7 11
15 1
56 15
115 48
175 89
228 119
261 132
269 136
250 132
203 117
142 89
82 56
33 23
7 3
13 5
46 23
103 48
164 76
220 103
259 126
271 142
253 138
210 121
152 89
93 56
41 31
11 13
9 7
41 15
93 37
154 70
212 103
0 126
271 140
250 138
220 123
164 97
101 66
33 37
15 15
7 5
33 13
82 35
144 66
205 97
250 125
269 138
261 138
228 126
173 101
113 70
56 41
19 19
7 9
33 19
80 44
128 64
183 82
236 103
267 125
267 136
234 128
181 103
121 70
66 41
25 23
7 13
21 13
66 29
125 54
185 87
236 117
265 136
267 138
240 128
191 107
130 78
72 50
27 23
7 7
17 7
58 23
115 52
177 83
230 113
261 132
267 138
248 134
201 117
140 85
80 52
33 25
9 9
15 9
48 21
105 46
167 78
224 107
259 130
269 142
251 136
208 119
150 89
89 58
41 31
11 11
11 5
41 17
95 41
158 72
214 105
253 126
271 138
259 138
218 125
162 97
99 66
52 44
17 27
3 7
23 0
78 13
148 52
208 99
250 130
269 138
261 132
226 121
173 105
111 80
52 44
17 15
0 1
27 7
76 33
136 64
197 91
244 115
17 130
265 138
234 130
179 107
119 74
62 41
21 19
0 9
23 13
68 29
126 56
189 87
238 117
265 136
267 140
240 130
189 107
128 78
70 48
27 23
7 7
19 5
58 23
119 52
181 85
232 115
263 134
267 140
246 134
199 115
138 85
78 54
31 25
9 9
0 7
46 21
107 48
169 80
224 109
261 130
273 144
259 148
207 126
138 83
78 41
35 13
11 3
13 5
41 15
97 37
162 68
218 105
257 132
271 146
255 140
216 121
158 93
95 62
42 33
11 13
9 3
37 11
87 35
150 68
208 99
251 125
269 136
259 138
222 125
167 99
107 68
50 37
15 13
9 5
31 13
78 33
140 62
201 93
246 121
267 138
263 140
230 128
177 103
117 72
60 41
19 19
7 7
25 9
70 29
130 58
191 91
240 119
267 134
265 138
238 128
187 107
126 76
68 48
17 23
9 9
1 1
62 27
123 56
58 89
238 126
5 140
257 130
234 109
187 93
138 80
78 56
29 27
7 1
17 0
56 21
111 56
173 89
226 111
9 125
269 126
250 138
205 121
144 87
83 52
37 23
11 9
13 9
44 21
99 44
164 72
218 103
257 128
271 142
255 138
212 119
156 91
93 60
42 33
13 13
11 7
39 13
89 37
152 68
210 101
253 125
271 138
259 140
220 125
166 99
103 66
48 37
15 15
9 5
31 13
80 33
142 64
203 97
248 123
269 138
263 140
230 126
175 103
113 72
58 42
21 21
13 15
31 21
66 31
123 48
189 76
242 109
269 134
265 140
234 128
185 103
125 74
68 48
25 27
7 11
21 9
64 25
123 52
183 87
234 117
263 132
267 136
242 130
193 111
132 82
74 50
29 23
7 7
19 7
54 25
113 52
175 82
228 111
261 132
269 140
248 134
203 115
142 85
82 54
33 27
9 9
13 7
46 21
103 44
166 76
222 107
259 130
269 140
253 138
210 119
152 91
89 58
41 31
13 13
11 7
39 17
93 39
156 72
212 103
253 128
269 140
257 138
220 125
164 99
105 72
52 48
9 15
0 0
27 0
85 23
150 68
205 103
248 121
269 128
263 134
228 128
173 109
111 76
56 39
17 13
7 3
27 13
72 33
134 60
195 89
242 117
267 134
265 140
234 130
181 105
121 72
62 44
23 21
7 9
23 11
66 27
125 54
187 87
238 117
265 134
267 138
242 130
191 111
130 80
72 48
27 21
9 7
17 9
56 23
115 50
177 82
230 111
261 132
269 140
248 136
201 115
140 85
80 54
33 27
9 9
15 7
50 19
107 46
167 80
224 111
261 136
277 152
251 144
199 113
140 74
85 42
41 21
11 9
11 5
41 13
97 37
162 72
216 109
255 134
269 142
257 136
216 121
160 95
97 64
44 35
11 9
9 1
35 11
85 37
148 70
208 99
251 123
269 138
261 140
226 126
169 103
107 68
52 37
17 15
7 7
29 13
78 33
138 60
199 93
244 121
267 136
263 140
232 126
179 103
119 74
62 44
21 19
7 7
23 9
68 27
128 56
189 89
240 119
265 134
267 140
240 132
189 109
128 80
68 46
25 21
7 7
21 11
60 27
119 56
187 95
232 123
251 123
257 117
244 115
203 111
140 91
76 54
31 17
11 1
19 9
52 31
107 56
169 80
224 105
259 126
269 142
250 138
207 117
146 83
85 52
37 27
11 13
13 9
44 17
99 41
160 70
216 103
257 130
269 140
255 136
214 119
158 93
97 64
44 35
13 13
9 5
37 13
87 37
150 70
208 101
251 125
269 136
259 138
222 125
167 99
105 68
50 37
15 13
9 5
31 11
78 33
140 62
203 95
248 123
267 138
263 138
232 128
177 105
117 74
60 44
25 25
13 17
21 11
58 17
123 41
193 80
242 117
265 136
265 136
238 126
189 105
128 82
68 54
25 25
7 7
19 5
60 25
121 54
181 87
232 113
263 130
267 136
244 132
197 113
134 83
76 50
31 23
9 7
17 9
54 23
111 48
173 80
226 109
261 132
269 140
250 134
205 117
144 87
83 54
35 27
9 9
13 7
46 19
93 42
162 74
220 107
257 130
269 142
253 138
212 119
156 91
93 60
42 33
11 13
11 7
39 17
91 39
154 70
212 101
253 126
271 140
259 140
222 126
167 103
107 80
42 35
3 0
3 0
35 3
83 39
144 70
203 95
248 115
271 134
263 144
230 136
173 107
111 68
56 35
19 15
7 9
25 11
72 27
132 54
195 89
242 121
267 138
265 140
236 126
183 103
123 76
64 46
23 21
7 7
21 9
64 27
123 54
185 87
236 115
265 132
267 138
242 132
193 113
132 82
72 50
29 23
9 7
17 7
56 23
113 50
175 80
230 111
263 132
267 138
248 134
203 115
144 87
82 54
33 27
9 11
15 9
48 23
103 46
167 78
224 111
265 142
267 148
242 128
201 103
150 76
91 52
41 31
9 11
11 1
42 13
95 41
158 78
214 109
253 128
271 138
257 136
218 125
162 97
99 64
46 31
13 9
9 3
35 13
82 35
146 66
207 97
250 123
269 138
261 138
226 125
173 101
111 70
52 39
17 15
9 5
29 11
74 31
134 60
197 93
244 121
269 138
265 138
234 126
181 107
119 76
62 44
21 19
7 7
23 9
66 29
125 56
189 89
238 117
265 134
267 140
240 132
191 111
130 80
72 48
29 23
9 11
19 11
58 27
123 62
177 91
220 101
253 111
267 123
250 132
201 119
138 85
80 48
35 19
11 11
17 17
50 29
105 46
169 74
222 105
259 132
267 142
250 134
207 113
150 83
87 56
39 31
11 13
11 7
42 15
95 39
160 74
216 107
255 130
269 138
255 134
216 121
160 95
97 64
44 33
13 11
9 5
37 15
85 39
148 68
207 99
251 126
269 140
261 140
224 125
169 99
107 68
50 39
17 15
1 5
29 13
76 31
138 62
199 95
246 121
19 138
263 140
169 130
181 107
119 78
66 50
25 29
1 7
11 0
60 9
130 44
193 89
238 119
263 132
265 132
242 128
191 113
126 85
66 50
25 19
9 5
21 9
58 27
117 52
179 82
232 111
263 130
267 140
244 134
197 113
138 82
76 50
29 25
9 9
17 7
52 23
109 48
169 78
226 109
261 132
253 140
250 134
125 117
146 87
85 56
33 29
11 9
13 7
44 19
99 42
162 74
218 105
7 130
269 140
253 136
214 121
158 95
95 62
42 31
13 13
11 7
39 17
89 39
152 68
210 101
3 126
269 140
251 140
226 130
171 111
97 66
39 17
9 0
11 0
35 17
80 39
138 60
203 87
251 119
271 144
263 148
228 130
177 99
115 68
58 41
17 21
0 9
25 9
70 25
130 54
193 91
240 121
267 136
267 138
238 128
185 109
125 80
66 48
23 21
7 7
21 9
62 27
121 54
183 85
234 115
263 132
267 138
244 132
197 115
134 83
74 50
29 23
9 9
17 9
54 23
111 48
173 80
228 111
261 132
267 140
250 134
205 115
144 87
83 56
35 27
9 11
13 7
46 19
95 44
167 80
228 117
7 136
259 134
181 121
210 105
156 85
93 62
39 31
11 7
13 1
42 17
91 44
154 76
212 105
253 125
269 136
257 138
220 125
164 97
101 62
48 31
13 11
9 7
33 13
82 33
144 62
205 95
250 125
269 140
261 140
228 125
175 101
111 72
56 41
17 15
7 5
29 11
72 31
132 60
195 91
244 119
267 136
265 140
236 130
183 107
123 76
64 42
21 17
7 5
23 9
64 29
125 56
185 87
236 117
267 136
267 142
242 132
193 111
132 82
72 50
27 25
9 9
19 11
62 37
111 58
166 70
220 89
263 117
273 140
248 140
201 117
142 78
83 46
37 29
11 21
13 17
48 21
103 39
166 72
222 109
257 134
267 140
251 130
210 113
152 89
89 60
39 33
11 11
11 3
42 17
93 42
156 74
214 103
255 126
269 138
257 136
218 123
162 95
99 62
46 33
15 13
9 7
31 15
21 37
21 66
207 99
0 125
267 138
259 138
226 126
171 101
109 70
52 39
17 15
1 7
29 13
76 33
136 62
197 93
244 121
267 136
265 140
234 130
183 109
125 83
66 52
15 19
0 0
17 0
66 17
126 52
187 87
236 111
267 130
269 138
242 134
191 117
130 85
70 48
25 21
7 7
17 11
58 25
115 48
177 78
232 109
263 132
269 142
246 134
201 113
140 83
78 54
31 27
9 11
15 7
50 19
99 44
169 78
224 109
1 130
267 140
251 134
205 117
150 89
87 58
39 31
11 11
11 5
42 17
97 41
160 74
216 105
255 128
269 140
255 136
216 123
160 95
97 62
44 33
13 13
9 5
37 15
87 39
150 68
210 101
251 126
269 140
265 148
228 138
162 97
95 48
44 15
17 3
13 9
31 19
76 31
138 52
203 89
248 128
269 150
261 144
230 123
179 97
117 72
58 44
19 21
7 3
25 5
68 25
128 58
191 91
240 119
267 134
265 138
238 130
189 111
126 80
66 44
25 19
9 7
21 11
60 27
119 52
181 83
234 113
263 136
267 142
244 132
197 111
136 82
76 52
29 25
9 9
17 7
52 21
109 46
171 80
226 111
261 132
269 140
248 134
207 117
148 91
85 58
37 29
9 11
15 9
46 21
101 48
39 85
216 111
248 121
9 123
251 123
216 115
158 93
93 62
42 27
13 7
13 7
41 23
89 44
150 70
210 99
1 123
269 140
250 140
220 125
166 95
105 62
50 35
15 15
1 7
33 13
80 33
142 62
203 97
248 125
269 140
263 138
230 126
177 103
115 72
56 42
19 17
0 5
27 11
70 31
5 58
132 89
242 119
269 136
265 142
236 130
187 109
125 78
66 46
23 21
7 7
21 9
64 27
123 54
183 85
236 115
265 134
267 140
242 132
195 113
134 83
76 52
29 25
9 13
23 21
52 29
101 37
166 58
228 93
265 130
271 148
246 136
203 109
146 82
85 58
35 37
9 17
13 7
46 13
101 41
164 78
220 111
257 130
269 134
253 130
212 119
154 95
91 64
41 31
9 7
13 5
41 19
91 42
154 70
212 101
255 125
269 140
257 140
220 123
164 97
103 64
48 35
15 13
9 7
33 13
82 33
144 64
205 97
250 125
269 138
261 138
228 125
173 101
111 70
54 39
17 17
9 7
29 13
74 33
134 60
195 93
244 121
269 138
265 142
236 130
189 115
125 85
56 44
9 7
1 0
23 0
66 25
125 56
185 83
238 111
269 132
269 144
240 136
193 115
132 82
72 48
27 23
5 9
17 9
56 23
113 46
175 80
230 111
263 132
269 140
246 132
201 113
142 85
82 54
33 29
9 9
13 7
48 19
105 46
166 76
222 107
259 128
269 138
251 136
210 121
152 91
89 60
39 31
11 11
11 7
42 19
93 42
156 72
214 103
255 126
269 140
255 138
218 123
162 95
101 64
46 35
13 13
9 7
35 15
85 37
148 68
207 101
250 126
273 146
263 150
218 123
160 82
105 48
56 31
19 19
7 9
27 7
78 25
140 60
201 101
246 130
267 142
265 136
232 125
181 105
117 78
60 44
21 15
7 1
23 7
66 29
126 60
189 89
240 115
267 134
267 140
240 134
189 111
128 80
70 46
25 21
7 7
21 9
58 25
115 50
179 82
232 113
263 134
267 142
246 134
199 113
138 83
78 52
31 27
9 11
15 7
50 21
107 46
169 80
224 109
259 132
269 140
251 134
208 117
150 91
87 58
37 31
9 11
13 9
46 25
103 54
156 78
207 95
248 111
269 126
257 132
214 121
158 93
97 60
44 29
13 13
11 11
39 23
87 41
150 68
208 97
251 126
267 140
257 138
222 121
167 95
107 66
52 37
15 15
7 5
31 11
78 33
140 62
201 95
246 123
269 136
263 138
230 126
177 105
115 74
58 42
21 17
7 5
25 11
68 29
128 58
191 89
240 117
267 138
265 142
238 130
187 107
126 78
68 46
25 23
7 9
21 9
62 25
119 52
181 83
234 113
265 134
267 142
244 132
197 115
138 83
76 54
31 31
13 21
13 13
42 9
99 23
171 64
230 111
261 138
269 142
248 126
207 109
148 91
85 68
35 37
9 9
13 0
46 15
99 46
162 80
218 105
257 125
269 134
253 136
214 125
156 95
95 60
42 29
11 9
11 7
39 19
89 41
152 68
210 97
253 125
269 140
251 138
220 123
166 95
103 64
48 37
15 15
1 5
33 13
80 35
142 64
203 95
250 123
269 138
261 138
228 126
177 103
115 72
58 41
17 17
7 5
27 11
72 31
130 58
195 91
244 121
269 140
267 144
242 138
187 115
117 74
54 33
17 3
7 0
23 7
62 27
121 52
185 82
238 113
267 138
269 148
242 136
193 111
134 80
74 50
27 25
7 9
17 7
54 21
111 46
173 80
228 111
261 130
269 138
250 134
203 115
144 87
82 56
35 27
9 7
15 5
48 21
103 46
164 76
220 105
259 128
269 140
253 136
212 119
154 91
91 58
41 31
11 11
11 7
41 17
93 41
154 70
212 101
255 128
271 142
257 138
218 123
164 97
101 66
48 39
15 15
9 5
35 13
83 37
146 68
205 99
253 134
271 150
251 134
214 105
169 80
113 62
58 44
17 21
5 1
29 1
76 29
138 68
197 103
244 125
267 134
263 136
234 128
181 109
121 78
62 42
21 13
5 1
23 11
66 31
125 56
187 85
238 113
265 136
267 142
240 125
191 109
130 78
62 48
25 23
7 7
0 0
58 25
115 50
177 82
224 111
13 132
251 140
175 134
201 113
142 85
80 54
33 27
9 9
15 7
50 19
97 46
167 78
222 109
1 130
271 140
251 136
207 119
150 91
91 60
41 33
11 15
15 13
50 31
91 46
146 64
207 85
253 113
271 134
255 136
214 117
162 89
101 60
48 37
13 21
9 13
37 17
85 35
146 66
205 97
250 126
269 138
259 136
224 121
169 97
109 70
54 41
17 17
9 3
31 11
78 35
138 64
197 95
246 121
267 136
263 138
232 128
179 105
119 74
60 42
21 19
7 7
23 11
68 29
126 56
189 87
240 117
267 136
265 142
240 130
189 109
128 80
68 48
25 23
7 7
19 7
60 25
119 52
181 85
232 115
263 134
269 142
244 134
199 115
138 85
82 58
37 39
5 13
3 0
42 0
107 29
173 78
226 117
257 132
269 134
253 130
210 121
150 101
85 66
37 31
9 5
11 3
42 21
97 46
158 74
216 99
7 123
269 140
255 140
214 123
160 93
97 60
44 31
13 13
9 7
39 17
89 39
150 68
208 99
253 126
271 140
259 138
222 123
167 99
107 68
50 31
15 15
0 5
31 13
80 35
140 64
201 95
248 123
269 138
263 140
230 126
177 103
115 74
58 41
21 17
0 7
27 13
70 31
130 60
193 91
242 121
269 140
273 152
238 140
177 103
115 62
64 31
25 11
7 7
19 9
60 23
121 48
185 83
236 119
265 140
267 144
244 130
195 107
134 82
76 54
29 27
7 7
15 3
54 19
111 48
173 82
226 111
261 130
269 138
248 134
205 117
146 87
83 56
35 29
9 9
13 7
46 21
101 44
164 76
218 105
257 128
271 138
253 138
212 121
156 93
95 62
42 33
11 13
11 7
41 17
91 41
152 70
210 101
253 126
271 138
257 138
220 123
166 97
103 68
50 37
15 15
1 7
33 15
82 31
19 68
207 107
0 134
257 132
253 119
224 107
177 97
115 76
56 44
17 13
7 0
29 9
74 39
132 70
195 95
242 117
267 132
263 140
234 132
183 107
123 72
64 41
23 17
7 7
21 11
64 27
123 52
185 83
236 117
265 138
267 142
242 130
193 109
132 82
74 52
27 25
7 7
17 5
56 21
113 50
175 83
228 111
263 130
269 140
248 134
201 115
142 85
82 54
33 27
7 7
13 5
48 19
105 46
166 78
220 107
259 128
271 142
253 138
210 121
152 91
91 60
41 33
13 17
17 17
37 21
82 31
148 52
212 87
7 123
269 142
255 136
218 117
166 91
103 66
48 42
15 19
1 7
31 13
83 35
146 66
205 99
248 123
19 134
259 136
226 125
169 99
111 68
56 41
15 17
0 7
29 13
74 33
136 62
197 93
244 119
267 136
265 140
232 128
179 103
121 74
62 44
21 21
0 7
23 9
66 27
125 56
187 89
236 117
267 136
267 140
240 130
191 109
130 80
72 48
27 23
7 7
17 7
58 25
115 52
177 83
222 113
13 132
269 140
240 138
201 119
144 93
78 66
29 31
0 0
7 0
50 5
109 46
167 82
220 107
259 123
273 136
253 140
208 128
150 97
89 58
39 27
9 9
11 9
42 19
95 41
158 66
214 99
255 125
271 142
257 140
216 121
160 91
99 62
46 37
13 17
9 7
35 13
85 37
148 68
207 99
251 125
269 138
259 138
224 125
169 99
109 70
52 39
15 15
7 5
31 11
78 35
138 64
199 95
246 121
269 136
263 140
232 128
179 103
119 72
60 42
21 19
7 7
25 11
70 29
130 58
191 89
242 121
273 146
269 150
230 126
177 93
123 60
70 39
27 19
5 7
17 3
62 19
123 52
183 89
232 121
263 138
251 140
171 132
197 109
136 85
76 52
31 23
7 5
15 5
52 21
109 48
171 80
218 109
11 130
269 142
250 136
205 117
148 87
87 56
37 29
9 11
13 7
44 17
97 41
162 72
218 103
255 126
271 138
255 136
214 121
156 93
95 62
44 33
13 15
9 7
37 17
89 39
152 68
210 99
1 126
269 138
257 138
224 125
167 99
105 68
50 31
17 15
1 7
31 15
17 37
146 76
203 107
238 113
257 115
261 121
232 123
177 109
115 74
58 35
21 9
9 5
27 19
72 39
130 60
191 85
240 113
267 136
265 144
234 130
185 103
126 72
66 44
25 23
7 9
21 7
62 23
121 52
183 87
234 117
265 136
269 140
242 132
195 111
134 82
74 50
29 25
7 7
17 7
54 23
111 50
173 82
228 111
263 130
269 140
248 136
205 117
146 87
83 56
35 29
9 9
13 7
46 19
101 44
164 76
220 105
257 128
271 140
255 138
212 121
154 93
95 64
46 39
17 23
5 9
27 3
83 21
154 58
212 99
253 126
269 138
257 134
222 121
166 99
103 72
48 42
15 17
9 5
33 13
82 37
142 66
203 95
248 119
269 134
261 138
226 126
173 101
113 70
56 39
17 15
7 7
29 13
72 31
134 58
195 91
242 121
267 138
265 142
234 128
183 105
123 76
64 44
23 21
7 7
21 9
64 27
125 56
187 87
236 115
265 134
267 140
242 132
193 111
130 80
72 48
29 23
9 11
17 9
56 25
113 50
177 83
228 113
263 134
269 142
248 136
205 121
146 99
76 56
21 9
1 0
15 0
52 23
105 52
164 76
222 99
261 125
273 146
253 146
208 125
152 89
91 54
41 31
9 15
9 9
41 15
93 35
156 68
214 103
253 128
269 140
257 136
218 121
162 95
99 66
48 37
13 13
9 5
35 13
83 37
146 68
205 99
250 121
269 134
261 138
226 125
171 101
111 68
56 39
17 17
7 7
29 11
76 33
136 60
197 93
244 121
267 136
265 140
232 128
181 105
119 74
62 44
21 21
7 9
23 11
66 29
126 58
191 93
246 128
267 144
257 136
230 115
187 93
130 72
70 48
25 23
5 3
19 1
62 23
119 58
179 91
230 117
263 130
269 136
246 136
199 119
136 85
80 48
31 21
9 7
15 7
50 21
107 46
169 78
224 107
259 130
269 142
251 136
208 119
148 89
87 56
39 31
9 11
11 5
42 15
97 41
160 72
216 105
255 128
269 140
255 136
216 121
158 95
97 62
46 33
13 13
9 7
37 15
87 37
150 68
208 101
251 126
269 138
261 138
224 125
167 101
107 68
52 39
17 17
9 7
31 15
83 44
140 74
189 87
236 99
265 117
267 134
234 134
177 107
117 68
62 35
23 19
9 17
25 21
68 33
130 52
191 85
240 119
265 138
265 142
238 126
187 103
126 76
68 48
25 25
7 7
21 7
62 25
119 54
181 89
232 115
263 132
269 140
244 134
197 115
134 83
78 50
31 25
7 9
15 9
52 23
109 48
171 78
226 109
259 132
269 142
250 136
207 117
146 87
85 56
37 29
11 11
13 5
44 17
99 41
162 74
218 107
257 130
271 140
255 136
214 121
158 93
99 68
48 46
7 15
0 0
29 0
89 25
154 66
210 101
250 123
269 132
261 134
224 126
167 105
103 72
50 39
15 13
7 5
31 15
80 37
142 64
201 93
246 119
269 136
263 140
230 128
175 103
115 70
58 41
19 19
7 7
25 11
72 29
130 58
193 89
240 119
265 134
265 138
238 130
185 107
125 76
66 44
25 21
7 9
21 11
62 27
123 52
185 85
236 115
265 134
267 142
244 132
195 111
134 80
74 50
29 25
7 11
17 9
54 23
111 50
175 82
228 111
261 132
271 140
253 142
207 128
138 87
72 39
29 5
11 0
17 9
46 25
99 42
164 68
224 101
261 134
271 152
253 142
210 119
154 87
91 58
41 35
9 15
9 5
39 9
91 35
154 72
212 105
3 126
269 136
259 134
220 125
164 101
101 68
48 37
15 13
9 5
33 13
82 37
146 66
205 95
248 123
269 138
261 140
228 126
173 101
111 70
56 39
17 17
7 5
27 9
74 31
134 60
195 91
244 121
269 138
265 142
234 130
183 107
121 76
64 44
23 21
7 7
21 9
66 29
128 58
195 97
236 125
255 128
257 125
238 117
195 105
132 82
70 48
25 19
9 3
21 7
58 29
113 56
177 85
230 113
261 132
267 142
246 136
201 115
140 83
80 48
33 23
9 9
15 9
48 19
105 44
167 76
224 109
259 132
269 142
251 136
210 117
152 89
89 58
39 31
11 11
11 3
41 15
95 41
158 74
214 103
255 126
269 138
257 138
218 125
160 97
99 64
46 35
13 13
9 7
35 15
85 37
148 66
207 99
250 125
269 138
261 138
226 126
171 101
109 70
54 41
15 19
1 11
35 25
13 41
126 52
187 70
244 101
17 126
265 146
222 130
179 95
121 66
66 44
23 29
7 15
23 11
66 23
126 54
187 91
236 121
13 134
265 136
240 126
189 107
128 80
62 50
27 23
7 5
19 7
60 25
117 54
179 85
232 113
263 130
269 140
246 134
199 115
138 83
78 50
33 25
9 9
15 7
50 21
107 44
169 76
226 109
261 132
269 142
251 136
207 117
148 89
85 58
39 31
11 11
11 7
42 17
97 42
160 76
216 105
255 128
269 140
255 138
216 125
164 103
101 74
39 33
1 0
3 0
35 0
91 35
152 72
207 99
251 119
271 134
263 142
224 132
167 105
105 66
50 33
15 13
7 7
29 15
78 31
140 58
201 89
246 121
267 138
265 142
232 128
177 103
117 72
60 42
19 19
7 5
25 9
70 29
130 58
191 91
240 117
267 134
267 140
238 130
187 109
125 78
66 44
25 21
9 7
21 9
60 25
119 52
56 83
234 115
5 134
267 140
244 134
197 113
136 83
76 50
29 25
11 9
17 9
52 23
109 48
173 80
228 113
261 134
271 146
253 148
199 115
134 68
78 33
37 19
13 15
13 13
42 15
37 35
33 72
220 113
0 138
253 144
253 134
212 115
156 91
93 66
42 37
11 11
9 1
39 11
89 39
152 74
210 103
251 125
269 136
259 138
220 126
166 101
103 66
48 33
15 13
7 7
31 15
80 35
142 64
203 95
248 123
267 136
261 138
230 126
175 103
113 72
56 41
19 19
9 7
27 11
72 29
132 60
195 91
242 119
267 136
267 140
236 130
185 107
123 78
66 46
25 21
9 9
21 13
64 31
130 66
175 93
224 107
5 117
265 125
175 126
193 113
125 82
74 44
31 19
11 9
19 13
54 29
111 50
175 80
228 109
261 132
267 142
248 134
203 113
142 83
82 52
35 27
9 9
15 7
46 17
101 41
166 76
222 111
259 134
269 140
253 136
212 119
154 93
91 60
41 31
11 9
11 5
41 15
91 41
156 70
212 101
253 126
269 138
257 138
220 125
164 97
101 66
33 35
5 13
9 5
35 13
83 37
146 66
205 99
0 125
269 138
263 140
228 126
173 103
111 72
54 41
15 19
15 17
27 21
62 21
125 37
187 74
248 119
269 144
263 142
234 123
183 99
123 76
64 52
21 27
7 7
23 5
64 23
125 58
187 91
236 117
265 130
267 134
240 130
193 111
130 82
70 48
27 21
7 7
19 9
56 25
115 52
177 82
230 111
261 132
267 140
248 134
201 113
138 83
80 52
33 29
9 11
15 7
48 19
97 44
169 78
222 111
0 130
269 138
251 134
208 117
150 89
89 58
39 31
11 11
11 5
41 19
95 41
158 74
216 105
255 128
269 138
259 138
224 130
164 107
91 64
35 21
7 0
11 0
37 13
83 39
146 64
207 91
251 121
271 142
261 146
226 130
171 101
109 68
52 39
17 19
7 9
29 11
74 29
136 58
197 93
244 121
267 136
265 138
234 128
179 105
119 76
60 44
21 19
7 7
23 11
66 27
126 56
189 89
238 117
265 134
267 138
240 130
189 109
128 78
68 48
25 21
7 7
19 9
60 27
117 54
179 83
232 113
265 134
269 142
246 134
199 113
138 83
78 52
31 25
9 9
17 9
50 21
109 48
171 80
226 113
15 142
265 154
244 132
195 97
126 68
80 48
39 33
11 17
11 5
44 9
99 39
164 80
218 115
255 134
269 136
255 132
216 121
158 97
95 64
42 31
13 7
9 1
37 15
87 39
152 70
208 99
251 123
269 138
259 138
222 125
167 97
107 64
50 37
15 15
7 5
31 13
78 33
140 62
201 95
248 123
17 138
263 140
230 126
177 95
115 74
58 41
21 17
0 5
25 11
70 31
130 58
193 91
242 119
267 134
265 138
238 128
187 109
125 80
66 46
25 21
9 11
25 17
68 39
119 60
171 78
224 97
261 119
269 134
244 132
193 111
134 78
78 46
33 25
11 15
17 15
52 25
111 46
173 78
226 109
261 134
267 140
248 132
205 113
146 85
83 56
35 29
9 9
13 5
46 17
99 44
164 76
220 107
257 128
269 138
253 136
212 119
156 93
93 62
41 31
11 11
11 7
39 17
89 39
154 68
212 101
253 126
269 138
259 138
222 125
166 97
103 66
48 35
15 15
9 5
33 13
82 35
142 64
203 97
248 125
269 138
263 138
228 128
177 105
113 72
58 44
25 29
5 13
15 0
64 7
132 44
197 91
244 126
265 138
265 134
238 125
187 111
125 87
64 54
23 21
7 3
21 7
62 29
121 56
60 85
236 111
15 130
267 138
242 132
189 111
132 80
72 46
29 23
9 11
17 11
54 25
111 48
175 80
228 111
261 134
267 140
248 132
203 113
144 85
82 56
35 29
9 9
15 7
46 19
101 42
166 78
222 109
259 130
269 140
253 134
210 119
154 91
91 62
41 33
11 11
11 7
41 17
93 41
156 72
214 103
255 128
273 142
263 146
222 134
154 95
89 52
41 17
15 3
11 5
33 15
82 33
146 60
208 95
251 126
269 146
261 144
228 126
173 99
109 70
52 41
15 15
7 3
29 9
74 31
134 60
197 93
244 121
269 136
263 138
234 128
181 107
121 74
62 42
21 17
7 5
23 9
66 29
125 54
187 85
238 117
267 136
267 142
240 130
191 109
130 80
70 48
27 23
7 9
19 7
58 25
115 50
177 83
232 113
263 132
269 140
246 134
201 115
140 85
80 54
33 29
9 11
15 7
50 21
107 48
169 82
228 119
261 144
261 136
240 115
205 97
154 83
91 64
37 35
9 5
13 0
46 15
99 48
160 83
216 109
255 125
269 134
255 136
216 125
158 97
97 60
44 27
13 9
9 5
35 15
87 39
150 66
208 99
251 125
269 140
261 140
224 126
169 99
107 68
52 37
17 15
7 7
29 13
76 33
138 62
199 93
246 123
267 138
263 138
232 126
181 107
119 76
60 44
21 17
9 5
25 11
68 31
126 58
189 89
240 117
267 134
267 140
240 130
189 111
128 80
68 48
27 25
11 13
25 21
58 31
105 42
171 66
232 99
265 128
269 142
244 132
197 109
138 80
80 54
31 31
9 15
15 11
52 21
107 44
171 80
224 111
259 130
269 138
250 130
207 115
148 89
85 58
37 29
11 9
13 5
44 19
97 42
162 74
218 107
257 130
269 140
255 136
216 121
158 93
95 62
42 33
11 11
9 5
39 17
89 39
150 70
210 101
253 125
269 140
259 138
222 125
167 99
105 66
50 37
15 13
9 5
31 13
80 33
142 64
203 97
248 123
269 138
263 140
232 128
177 107
117 80
64 54
17 23
0 0
17 0
70 13
134 58
193 97
240 119
267 128
267 134
240 132
187 119
125 83
64 44
23 15
9 5
21 13
60 31
119 52
183 80
234 111
265 134
267 142
244 132
197 111
136 80
74 50
29 25
7 11
17 9
54 21
111 46
173 80
228 113
261 134
267 140
248 132
205 115
144 87
83 54
35 27
11 11
13 7
46 21
101 44
164 76
220 107
257 130
269 140
253 134
214 119
156 93
91 62
41 31
13 11
11 5
41 17
91 41
154 72
212 103
255 130
275 148
259 148
212 121
154 82
99 50
50 27
15 13
7 7
33 11
83 31
146 64
205 101
250 130
269 142
261 138
228 125
175 103
111 72
54 41
17 13
7 1
27 9
72 31
132 60
195 89
242 117
269 134
265 142
236 132
183 109
123 76
64 44
23 19
7 7
21 11
64 27
123 52
185 85
236 115
265 136
267 142
242 132
193 111
125 82
72 50
27 23
9 7
19 7
56 23
109 48
175 82
222 111
13 132
269 142
248 134
203 115
142 87
82 56
33 29
9 11
15 7
48 21
97 48
173 87
224 121
250 126
259 119
250 115
214 113
154 97
89 64
39 25
11 1
13 5
42 25
93 48
156 74
214 101
255 125
269 140
257 140
218 123
162 93
99 60
46 31
13 13
9 7
35 15
83 35
146 64
205 99
250 126
269 140
261 138
226 125
171 101
109 70
52 39
17 15
9 5
31 13
76 33
136 62
197 93
246 121
269 138
263 140
232 128
181 105
119 74
62 42
21 17
7 7
23 11
68 29
126 56
187 87
238 117
267 136
267 142
240 132
191 111
130 80
72 50
31 29
17 23
15 13
46 15
109 35
177 70
234 109
263 134
265 140
244 126
201 107
142 87
82 62
31 35
9 11
15 5
50 19
97 48
167 82
222 109
1 126
265 134
250 132
207 117
150 91
89 58
39 29
11 9
13 7
42 21
97 44
158 72
216 103
5 126
269 140
255 138
216 121
160 93
97 62
44 35
13 13
9 7
37 15
85 37
148 66
208 99
251 125
269 138
259 138
224 125
162 99
107 70
37 31
15 15
0 5
31 13
62 33
5 62
201 93
248 121
19 138
263 142
169 128
181 111
123 87
56 48
7 3
0 0
17 0
74 31
5 66
189 91
240 111
19 130
269 144
240 142
187 117
126 78
68 42
25 19
7 11
19 13
58 23
117 46
181 80
234 113
5 136
267 142
236 132
197 111
138 83
76 54
29 25
9 7
17 7
52 21
99 48
171 80
218 111
261 130
269 140
250 134
207 117
146 89
85 58
37 27
9 9
13 7
46 19
99 44
160 74
218 105
257 128
269 142
253 138
214 121
158 91
95 60
44 33
11 13
11 9
41 19
89 41
152 72
212 105
259 136
271 148
250 134
210 109
162 82
105 58
50 37
13 13
7 3
33 9
78 33
144 68
203 101
248 125
19 136
263 136
228 126
177 97
113 74
56 41
17 13
7 3
27 11
72 31
130 60
193 89
242 119
267 136
265 142
236 130
185 105
125 74
66 44
23 21
7 9
21 9
64 25
123 52
183 83
234 113
265 132
267 140
242 132
195 111
134 82
74 50
29 25
7 9
17 9
54 23
111 50
48 82
220 111
7 132
253 140
177 134
203 115
146 87
83 56
35 29
9 11
13 9
48 21
99 54
166 85
212 101
248 109
265 119
257 130
214 125
154 97
91 56
42 23
15 9
13 15
41 27
91 44
154 68
212 97
253 126
269 142
255 138
220 121
164 91
103 62
48 39
13 15
9 5
35 13
83 37
144 68
203 99
250 125
269 138
261 138
228 125
173 103
113 72
56 41
17 15
7 5
29 11
74 33
132 60
195 91
244 121
269 138
265 140
234 128
183 107
123 78
62 44
21 19
1 7
23 9
62 29
0 56
185 87
238 117
267 136
267 142
242 132
193 111
134 83
76 56
31 35
3 13
7 0
48 5
113 37
179 78
230 113
261 130
269 136
250 128
205 115
142 91
80 60
33 29
9 7
13 5
50 21
105 48
166 78
222 103
259 126
269 138
251 138
210 119
152 89
91 56
39 29
9 11
11 7
42 19
95 41
158 70
214 103
255 128
269 140
255 136
216 119
162 95
101 66
46 37
13 13
9 5
37 13
85 37
146 68
207 99
250 123
269 138
261 140
224 126
171 101
109 68
54 39
17 17
9 7
29 13
76 33
136 62
199 95
244 123
267 138
265 140
238 134
185 119
115 78
50 29
13 0
7 0
27 13
68 37
125 56
187 80
240 109
269 140
267 152
238 138
189 107
128 74
70 46
25 25
5 11
19 7
58 19
117 46
177 83
224 115
13 134
253 140
236 132
199 115
140 87
80 56
31 27
7 9
15 7
50 23
107 48
169 80
224 107
259 128
269 140
251 136
207 117
150 89
87 56
37 29
11 11
13 9
44 21
97 42
160 74
216 105
7 130
269 142
255 138
216 121
160 93
97 62
44 35
13 13
11 7
39 15
89 39
152 72
214 111
253 132
261 136
250 125
220 109
169 91
107 66
50 39
15 11
9 1
33 13
80 39
140 70
199 97
246 121
269 136
263 140
230 128
177 103
117 70
58 39
19 15
7 5
25 11
70 29
130 56
191 89
242 119
267 138
265 140
236 128
187 107
126 80
68 48
23 21
7 7
21 7
62 25
119 54
181 85
234 115
265 132
267 140
244 134
197 113
136 83
76 52
31 25
7 7
17 7
52 23
111 50
171 80
226 109
261 130
271 142
250 138
205 117
146 89
85 58
37 31
9 11
13 9
50 29
99 52
152 66
208 82
255 109
273 136
255 144
212 123
156 85
97 54
44 31
13 19
11 15
39 19
89 35
27 64
208 99
3 130
269 142
250 136
220 119
166 95
101 68
33 39
15 15
9 3
33 11
82 35
142 66
201 97
248 123
269 138
261 140
228 128
175 103
115 72
58 39
19 17
7 5
27 11
72 29
134 58
195 91
242 121
267 138
265 142
236 128
185 105
125 76
66 46
23 23
7 7
23 9
64 29
123 56
183 87
236 115
267 136
269 142
244 134
195 113
138 89
80 64
23 27
0 0
9 0
54 9
115 48
173 83
226 109
261 126
271 138
251 138
203 123
142 91
82 56
35 25
9 9
13 9
46 21
101 44
164 72
220 103
257 128
269 140
253 138
212 119
154 91
91 60
41 33
11 13
11 7
41 17
91 39
154 70
212 101
255 126
269 140
257 136
218 121
164 95
101 66
48 37
13 15
9 7
35 13
83 37
146 66
205 99
250 123
269 138
261 140
226 126
173 101
111 68
56 41
19 19
7 9
29 13
74 33
134 62
197 93
244 123
269 140
271 150
240 142
177 107
109 56
56 23
23 7
9 9
23 15
64 25
125 48
189 83
240 121
267 144
267 146
240 128
193 107
130 80
70 52
25 27
7 7
19 3
56 21
115 50
177 83
230 113
263 132
269 138
246 134
201 117
142 87
80 54
33 25
7 7
15 7
50 23
105 46
166 76
222 105
259 128
271 142
251 138
208 119
152 89
89 58
41 31
11 13
11 7
42 17
95 41
158 72
214 103
255 128
271 140
257 138
216 123
162 95
99 64
46 35
13 13
9 7
37 15
87 41
156 78
207 107
242 119
259 123
257 125
226 119
169 99
107 68
52 35
19 11
9 5
31 17
76 39
138 66
199 93
244 119
267 138
263 142
232 128
179 101
119 70
60 41
21 19
7 7
25 9
68 27
128 56
189 91
238 119
267 136
267 142
240 130
189 109
128 80
68 48
25 21
7 7
19 7
60 25
117 52
179 85
232 113
263 132
267 140
244 132
199 113
138 85
78 54
31 27
9 9
17 7
52 23
107 48
169 80
224 109
261 132
269 140
251 136
207 117
148 89
87 58
39 31
11 13
17 17
44 27
87 33
150 50
214 83
259 125
273 148
253 142
214 115
160 87
99 64
46 42
13 23
9 7
37 9
87 35
150 70
207 103
251 126
269 136
259 134
222 123
167 101
107 70
50 39
15 13
7 5
31 13
78 35
140 64
201 95
248 123
269 138
263 140
230 128
177 103
115 72
60 42
19 17
7 5
27 11
70 31
130 58
191 91
240 119
267 136
267 140
238 130
187 107
126 78
68 46
23 23
5 7
21 7
64 27
121 56
181 87
234 115
265 134
269 144
246 138
201 121
140 93
70 52
19 13
1 0
17 0
56 19
111 50
171 78
226 105
263 128
271 144
250 144
205 123
144 87
83 54
37 29
9 13
11 9
44 17
101 41
164 74
218 105
257 130
271 142
253 134
212 119
156 91
93 60
42 33
13 13
11 5
41 17
91 41
154 72
210 101
251 125
271 138
257 138
220 123
166 95
105 66
48 37
15 15
9 5
33 13
82 35
142 66
203 97
248 123
269 138
261 140
228 126
173 103
113 72
56 41
19 17
7 7
27 13
74 33
134 60
195 95
242 121
269 142
269 152
228 128
173 87
119 54
66 37
27 25
7 13
21 7
64 19
126 50
187 93
236 125
263 140
267 138
242 128
193 111
132 83
72 52
27 21
7 3
17 5
56 25
113 52
175 83
228 109
263 130
269 142
248 138
203 117
142 85
83 54
35 27
9 9
13 7
48 19
103 44
166 76
220 107
257 128
271 140
253 136
210 119
152 91
91 60
41 33
11 13
9 7
41 15
93 41
156 70
212 101
255 128
271 140
257 138
220 123
164 95
101 66
48 37
15 17
9 7
37 19
91 48
144 74
195 93
240 107
267 123
263 132
226 126
169 99
111 64
58 35
19 17
9 13
27 17
74 33
136 58
197 91
244 123
267 140
263 140
234 126
181 101
119 74
62 44
21 19
0 5
23 7
62 27
126 58
187 89
236 117
17 132
267 140
240 125
191 111
130 80
62 46
27 21
5 5
19 7
58 25
115 52
177 83
222 111
263 132
269 142
246 134
199 113
140 83
80 52
33 25
7 9
15 7
50 21
107 46
167 80
224 109
259 132
269 142
251 136
208 119
150 91
89 58
41 33
17 25
11 15
31 5
85 17
158 54
218 103
257 134
269 142
255 130
218 113
162 95
99 70
46 44
13 15
9 1
37 11
85 39
148 72
207 101
250 121
269 132
259 136
224 126
169 101
107 66
54 37
17 17
7 9
29 15
78 35
138 62
199 93
244 121
267 138
263 140
232 126
179 103
119 74
60 44
21 19
7 7
23 9
68 29
128 56
191 91
240 119
267 136
267 140
238 130
189 109
126 80
68 46
25 21
7 7
19 7
60 25
119 52
181 85
234 113
5 134
255 142
251 142
203 126
130 85
66 39
25 7
9 0
17 5
52 23
107 44
171 74
228 107
263 134
271 146
251 140
207 117
146 87
85 56
37 29
9 11
11 5
44 15
97 41
160 74
216 107
257 128
271 138
255 136
214 121
156 93
95 62
44 33
13 13
9 7
37 15
89 39
150 68
210 99
251 125
269 140
259 138
222 125
167 97
105 66
50 37
15 17
7 5
31 11
80 35
142 64
193 97
246 123
19 138
263 140
230 128
175 95
115 64
60 44
19 21
0 9
25 11
72 31
132 60
193 93
244 128
21 150
259 138
226 111
181 87
126 68
62 50
23 27
5 3
21 1
66 23
125 62
183 97
234 119
13 130
267 134
244 132
193 117
132 85
74 48
29 17
7 5
17 9
54 27
111 50
173 78
218 107
261 130
269 144
250 138
205 117
144 83
83 54
35 31
9 13
13 7
46 17
93 42
164 76
218 107
257 130
271 140
253 136
212 121
154 91
93 60
42 33
11 13
9 7
39 17
91 39
154 70
212 103
251 126
271 140
259 138
220 123
164 97
103 66
48 37
17 17
11 11
39 23
80 41
134 56
195 80
246 109
271 132
261 140
226 125
173 97
115 66
58 42
19 23
7 13
27 13
72 29
134 58
193 93
240 121
265 136
263 136
236 125
183 105
123 78
64 46
23 19
7 5
23 9
66 29
123 58
185 87
236 115
265 132
267 140
242 134
193 111
130 80
72 48
29 23
7 7
17 7
56 21
115 48
175 82
228 111
263 132
269 142
248 134
201 115
142 85
82 54
33 25
9 9
15 7
48 19
95 44
166 78
220 107
259 130
271 142
251 138
210 121
152 91
93 64
46 46
1 19
0 0
33 0
93 23
31 72
216 111
251 128
269 132
259 130
220 125
162 105
101 72
46 37
13 9
9 3
33 17
83 41
146 68
205 93
248 119
269 136
261 140
226 126
171 99
111 66
54 39
17 19
7 9
27 11
76 29
138 60
197 93
244 123
267 136
263 138
