130000 10000000 27262 76
91 60
76 50
60 35
52 19
52 17
50 21
37 27
37 23
31 15
31 13
31 17
29 25
25 25
23 19
25 13
25 15
27 19
29 21
31 19
35 17
35 19
46 25
52 29
60 33
68 35
74 39
82 42
91 48
99 52
109 56
119 60
126 66
136 72
144 76
154 80
166 83
173 89
183 95
191 99
199 103
207 105
214 111
222 115
228 119
234 121
240 123
244 125
246 126
250 128
251 130
255 132
255 134
255 132
255 132
253 132
251 130
248 130
244 126
242 126
236 125
232 125
222 121
216 117
216 123
201 117
183 93
173 76
173 76
169 85
160 89
148 82
138 70
132 64
123 68
113 70
101 64
91 54
83 42
76 39
68 39
58 37
54 33
48 27
42 23
37 21
33 23
31 21
27 19
25 15
25 13
23 15
25 17
27 17
27 17
29 17
33 19
37 21
33 23
46 27
54 29
60 31
3 35
66 41
68 42
91 48
101 52
109 56
119 60
128 66
128 70
130 74
156 80
158 85
175 91
183 93
193 97
201 103
208 107
214 111
222 113
228 117
234 121
240 125
246 128
251 134
255 140
248 132
242 119
248 113
255 121
257 130
251 134
248 128
250 123
248 125
242 128
236 130
228 125
224 117
216 111
207 111
199 107
193 103
183 95
175 87
166 83
158 83
148 82
138 74
126 68
121 62
111 62
101 60
91 54
83 48
76 42
68 39
60 37
52 33
46 27
42 25
37 23
33 21
29 19
27 17
25 17
25 15
25 17
25 17
25 17
27 17
29 19
33 21
37 23
42 25
48 27
54 29
60 35
68 37
76 42
83 44
91 48
101 52
111 58
119 62
128 68
138 72
152 80
162 93
162 89
164 74
177 72
195 85
205 105
208 113
214 109
222 107
232 113
236 125
240 132
244 132
248 126
250 125
253 126
253 134
253 134
253 130
255 126
253 128
251 130
248 130
244 126
240 123
236 121
228 119
222 119
216 113
208 109
199 103
193 101
183 97
175 95
166 89
156 83
146 76
138 74
128 74
119 68
109 60
99 52
91 50
83 46
76 44
66 39
60 33
54 31
48 29
42 27
37 25
33 21
31 19
27 17
25 17
25 17
25 17
25 15
25 15
29 19
33 23
39 31
39 31
35 21
39 13
48 13
62 25
68 35
76 41
83 41
93 44
103 50
113 60
121 70
128 72
138 72
148 74
156 82
166 87
173 89
183 93
193 95
201 101
208 107
216 113
222 115
230 117
236 121
240 125
244 126
250 126
251 128
253 130
253 130
255 130
257 132
255 132
251 130
250 128
248 126
246 128
240 128
234 123
228 119
222 115
216 115
208 111
199 105
191 101
183 97
173 93
164 87
156 83
146 78
138 74
128 70
119 66
109 60
101 54
91 50
82 46
76 44
68 41
60 39
58 41
50 41
35 23
25 3
27 0
31 9
31 23
25 23
23 13
25 7
27 11
29 23
27 27
29 23
33 17
39 17
42 23
46 31
52 31
62 31
70 33
76 37
83 44
93 50
103 54
111 56
121 62
128 66
138 72
148 78
158 82
166 85
175 89
185 95
193 99
201 103
208 105
216 109
224 115
230 119
236 123
240 125
244 126
248 126
250 128
253 130
255 132
255 132
253 130
255 130
253 130
250 130
248 128
242 125
240 123
234 123
228 123
220 117
214 113
208 111
201 109
193 107
189 109
173 99
154 82
146 66
142 64
138 66
126 68
117 62
107 54
101 50
95 52
83 54
74 50
66 42
60 33
52 29
46 31
41 29
35 23
31 19
29 15
27 15
25 17
23 17
23 15
23 15
25 15
27 17
31 21
33 21
39 21
42 21
50 27
56 31
60 35
68 37
76 39
85 44
93 48
101 54
111 58
123 62
130 68
138 74
148 76
158 82
167 87
177 91
185 95
193 99
203 103
210 109
216 113
224 115
230 119
238 123
242 126
244 126
250 128
251 130
253 132
255 134
257 136
261 144
253 142
242 121
240 107
246 109
248 125
240 132
230 125
226 113
224 109
216 115
208 119
199 113
189 99
183 91
173 91
164 91
154 87
144 78
136 70
126 64
115 62
107 60
99 56
89 48
82 42
74 41
66 41
60 39
52 31
46 25
41 23
37 23
33 23
29 21
27 17
25 15
25 15
23 15
23 17
25 17
27 17
31 17
35 21
39 25
44 27
48 27
54 29
62 33
70 39
76 41
85 44
95 48
103 54
113 58
121 64
130 68
140 72
150 78
160 83
169 87
181 97
191 105
191 103
191 93
203 91
216 99
226 113
230 119
234 119
240 117
248 123
251 132
251 136
253 134
255 132
255 130
255 132
253 132
251 132
248 128
246 125
242 123
238 123
232 121
228 119
220 115
207 111
207 111
191 107
189 103
181 93
173 91
162 87
152 83
144 76
134 70
125 66
117 64
107 60
97 54
89 50
82 46
74 42
64 39
58 35
52 31
46 27
41 25
35 21
33 19
29 17
27 17
25 17
25 17
25 17
25 19
25 17
29 19
31 21
33 21
31 23
44 25
50 29
60 37
68 48
66 42
66 27
78 21
95 35
107 54
113 64
121 62
132 62
142 68
152 80
162 91
169 95
177 91
185 91
197 97
203 107
210 111
216 111
224 109
232 113
236 121
240 126
246 126
250 126
251 126
253 130
255 134
255 134
255 132
253 132
251 130
250 130
248 128
244 128
238 125
232 121
226 119
220 117
214 113
205 109
197 103
189 99
181 95
171 91
162 85
154 83
144 80
134 74
125 68
117 64
107 58
97 54
87 50
80 46
72 41
66 37
58 35
52 33
46 29
42 29
42 31
35 31
21 17
15 3
19 0
25 5
25 13
23 17
25 15
29 13
33 15
37 23
41 29
44 31
50 29
56 29
64 35
70 41
76 42
83 44
95 44
105 50
113 58
123 62
132 70
142 72
152 78
160 83
169 87
179 93
189 97
187 101
203 103
210 107
218 111
224 115
222 117
238 121
242 125
246 128
0 128
251 130
253 130
255 130
255 132
255 132
253 132
251 130
250 128
246 128
242 126
238 125
232 123
226 119
218 115
212 111
205 109
197 105
189 101
179 97
171 91
162 87
154 83
144 82
130 85
119 62
103 44
99 35
99 44
91 54
80 50
68 39
64 29
62 29
54 39
46 39
39 31
37 21
31 17
29 19
25 21
23 19
23 13
23 11
23 11
25 15
29 17
31 19
37 19
39 21
44 25
50 31
56 35
64 35
70 37
78 41
87 44
95 50
105 54
115 60
123 64
132 68
142 74
152 78
162 83
169 87
179 91
189 97
197 103
205 107
210 109
218 111
226 117
234 121
238 125
242 126
246 125
1 128
251 132
253 132
255 132
255 132
255 132
255 134
253 126
257 140
248 136
232 121
228 109
228 105
226 109
220 115
212 113
205 105
197 101
191 99
181 101
171 99
160 89
150 80
142 74
132 72
123 70
113 62
105 54
97 50
87 48
78 44
72 41
64 37
56 33
50 31
44 29
41 27
35 23
31 19
29 17
27 17
25 15
25 15
25 15
25 17
27 17
29 17
31 19
35 21
41 23
44 25
50 27
56 31
66 35
72 39
80 44
87 46
97 50
105 56
115 60
123 64
134 70
144 76
152 80
162 85
169 89
181 93
189 99
197 103
205 109
212 111
226 125
228 126
222 113
226 99
240 105
0 123
251 134
250 132
250 126
250 125
257 130
257 138
255 140
251 134
250 126
171 125
240 126
236 126
222 123
224 115
218 109
212 107
205 109
187 107
187 99
179 91
171 89
162 89
152 85
140 78
132 72
123 66
113 62
105 58
95 56
87 50
78 44
70 39
64 37
56 35
50 33
44 27
39 23
37 21
31 21
29 19
25 17
23 15
25 13
25 17
25 17
25 19
29 17
31 17
35 19
33 25
46 27
52 29
58 33
64 35
66 41
83 48
93 58
95 56
95 44
105 41
125 50
136 66
142 76
152 78
162 78
173 83
183 95
189 103
199 107
205 105
212 105
220 111
226 119
232 123
236 123
242 121
246 123
250 126
251 132
253 132
255 130
255 128
255 130
253 132
251 132
248 130
246 126
242 125
236 125
230 121
224 119
218 113
212 111
203 107
195 103
187 99
179 97
169 91
160 85
152 82
142 78
132 72
123 66
113 62
103 56
95 52
85 48
78 44
70 41
64 37
56 33
50 29
44 27
41 25
35 23
31 21
27 17
25 17
27 19
31 31
23 27
13 5
17 0
27 0
35 17
37 29
39 25
44 17
54 19
62 33
68 44
72 48
80 44
89 41
99 48
107 56
115 64
123 64
134 64
144 68
152 78
162 85
171 89
181 95
187 95
199 101
189 105
214 113
220 115
218 117
232 117
236 119
242 125
248 128
250 130
251 128
253 130
255 132
255 132
255 132
253 130
251 128
250 130
246 128
240 126
236 123
230 119
226 119
218 115
210 113
203 109
195 103
187 99
177 95
169 91
160 85
150 80
140 76
132 72
123 68
117 68
109 68
89 56
74 39
70 27
70 27
64 33
56 35
48 29
42 21
41 19
37 25
33 27
27 25
25 17
23 11
25 13
23 15
23 17
27 17
29 15
31 15
37 21
39 25
46 27
52 29
58 31
66 35
74 41
82 44
89 48
99 50
107 54
117 60
126 66
134 70
144 74
154 78
164 82
173 87
181 95
191 99
199 103
207 107
212 109
220 113
228 117
234 121
238 125
242 125
248 126
251 130
251 132
253 132
255 130
255 132
255 132
253 134
251 132
248 128
246 126
242 126
236 126
234 128
228 130
214 119
199 95
195 83
195 91
189 101
177 101
166 89
158 78
152 76
142 80
130 82
121 72
113 60
103 52
93 52
83 50
76 44
70 39
62 33
54 29
48 29
42 27
39 25
35 21
31 19
27 19
27 19
25 19
23 15
23 13
23 15
25 15
29 19
33 19
37 21
41 23
46 25
52 29
60 33
66 35
74 37
82 42
91 48
99 52
107 56
117 60
126 64
136 70
130 76
154 82
132 83
173 87
179 93
191 99
191 103
191 107
214 111
222 115
220 119
234 123
244 130
246 134
240 126
240 115
248 113
257 123
257 132
253 134
251 128
255 125
253 128
251 134
246 136
240 130
236 123
230 119
222 119
214 115
208 111
201 105
193 99
183 95
175 91
167 91
160 87
148 80
138 74
130 70
123 66
111 62
101 56
93 52
83 46
76 42
68 39
62 35
56 33
48 29
42 25
39 23
35 23
31 23
27 19
25 17
25 15
25 15
25 15
23 15
25 13
31 17
35 21
37 25
41 25
48 27
54 31
60 33
66 37
74 41
82 44
91 48
99 52
109 58
119 64
132 74
140 83
138 74
142 60
160 62
177 82
185 99
191 103
199 99
208 97
216 107
222 119
228 126
234 125
238 121
244 121
248 126
250 132
251 132
253 128
253 125
255 126
255 132
253 134
250 132
248 126
246 125
240 125
236 126
230 125
222 119
216 113
208 109
201 107
195 105
185 99
175 93
166 87
158 83
148 82
138 76
128 70
121 64
111 60
101 56
91 52
83 46
76 42
70 41
60 35
54 33
48 29
44 27
39 25
33 21
29 19
29 17
27 17
25 19
23 17
25 17
29 19
35 29
31 27
23 15
27 5
39 7
48 19
54 29
58 33
66 31
76 35
85 42
91 52
101 58
111 60
119 62
126 64
136 72
146 78
154 82
164 82
173 83
183 91
193 99
201 105
208 107
216 109
222 113
228 119
234 123
238 123
244 125
248 128
250 128
251 130
253 130
255 132
255 132
253 132
251 130
251 130
248 128
244 126
240 125
234 123
228 121
222 117
216 113
210 111
201 107
193 103
185 97
175 91
166 89
156 85
146 80
138 74
130 70
119 66
111 62
101 58
93 54
85 50
76 46
74 48
62 46
46 27
37 9
39 5
41 17
37 27
29 25
25 13
25 9
27 13
27 25
25 27
25 21
27 13
31 13
33 19
35 25
42 25
48 25
54 25
60 31
68 37
76 41
83 44
93 48
101 52
109 58
119 62
128 68
138 70
146 74
156 80
166 83
175 89
185 95
193 99
201 103
208 107
216 111
222 115
220 117
236 121
240 125
244 126
248 128
1 130
253 130
253 132
255 132
255 132
253 132
251 132
250 130
248 130
244 128
240 125
236 123
228 121
222 117
216 117
212 117
207 117
189 107
173 87
166 74
164 74
160 80
146 82
126 74
126 64
109 60
113 62
93 62
89 54
83 46
68 41
68 39
60 39
52 35
46 27
42 23
37 21
33 19
29 19
27 19
25 17
23 15
23 15
25 17
25 19
27 19
29 17
33 19
37 23
42 25
46 27
52 29
60 31
68 37
76 42
83 46
91 48
101 52
111 58
119 62
128 68
138 72
148 76
156 80
166 83
175 89
185 95
195 101
201 103
208 105
216 111
224 117
230 121
234 123
240 125
246 126
248 130
251 132
255 134
261 144
253 138
244 121
246 107
251 113
253 128
248 134
242 126
238 117
236 115
232 123
222 126
214 123
207 111
199 101
191 97
181 97
173 97
164 89
156 80
146 72
136 72
128 70
117 66
109 60
101 54
91 50
83 48
76 46
66 41
60 35
52 31
46 29
41 27
37 23
33 19
31 17
27 17
25 15
25 17
25 17
25 17
25 17
29 17
31 19
33 21
37 23
42 23
48 27
54 31
60 33
68 35
78 41
85 46
93 50
93 52
113 58
121 64
130 68
140 74
150 80
164 89
173 99
171 93
173 83
187 82
203 91
210 105
216 111
220 111
230 111
238 117
242 125
246 132
250 134
251 132
253 130
253 130
255 125
253 132
253 130
251 126
250 126
177 126
244 126
240 125
234 121
228 119
218 117
214 115
208 111
193 107
191 101
183 97
173 93
164 87
154 82
146 80
128 74
126 70
117 64
109 60
99 56
89 50
82 46
74 42
66 39
60 37
52 33
46 29
42 25
37 25
33 21
29 19
27 17
25 17
25 17
23 15
23 15
27 17
29 19
31 19
35 23
39 25
46 33
54 41
50 35
48 17
60 13
78 27
87 46
93 56
101 54
111 50
123 56
134 70
140 82
148 83
158 80
167 80
177 89
185 99
191 101
201 103
210 103
218 107
224 115
230 119
236 123
242 123
246 125
248 128
1 130
253 132
255 132
255 130
255 130
253 130
253 125
250 130
246 126
242 125
238 123
236 123
228 121
220 115
214 111
208 109
201 107
191 103
181 97
173 91
164 87
154 83
144 80
136 74
126 70
117 64
107 58
99 54
91 52
82 48
74 42
66 39
60 35
54 35
52 39
44 37
29 23
21 7
23 1
27 5
27 15
25 19
21 13
25 9
29 13
31 21
31 25
33 25
39 21
44 23
50 27
54 33
60 37
70 37
78 37
85 41
93 48
95 54
109 58
123 62
5 68
125 64
148 76
160 83
162 87
177 91
185 93
195 99
203 105
210 109
216 111
224 115
222 117
236 121
240 125
244 126
0 128
251 130
253 130
255 130
255 132
255 132
253 132
251 130
251 128
248 128
244 126
238 123
232 121
228 119
222 119
214 115
205 109
199 105
191 103
183 99
173 95
167 97
158 95
138 76
123 54
119 44
119 52
109 64
97 60
85 46
82 39
76 39
68 44
58 44
50 35
44 23
42 21
37 25
31 25
27 21
27 15
25 11
23 11
21 13
25 17
27 17
29 17
29 17
35 19
31 25
44 27
48 27
56 29
62 33
62 39
62 42
85 44
95 48
103 52
113 56
123 62
132 68
142 74
150 78
160 82
169 85
179 93
187 97
195 101
203 105
212 107
218 113
224 117
230 119
236 121
242 125
246 126
250 128
251 130
253 130
255 132
257 134
257 136
261 144
251 138
242 125
238 113
240 111
240 119
234 123
224 117
218 111
214 107
208 109
199 111
189 107
181 99
171 89
164 85
152 83
142 80
134 74
125 66
115 60
105 56
97 54
89 52
82 48
72 41
66 37
60 35
52 33
46 29
41 23
35 21
31 17
27 15
27 19
27 19
23 17
23 15
23 15
27 17
29 19
31 19
35 19
31 21
44 25
50 29
56 31
62 33
64 37
80 42
87 48
95 50
105 54
115 58
123 64
132 70
142 74
150 78
160 83
169 87
179 91
187 97
197 103
208 117
212 119
208 103
214 93
230 99
238 117
242 128
244 126
250 123
253 125
255 132
255 140
250 142
255 134
253 128
251 126
240 130
246 130
242 126
236 119
232 117
226 117
220 117
212 113
205 109
197 103
189 101
179 99
169 95
162 87
152 80
142 76
134 72
125 70
115 64
107 58
97 52
87 48
80 46
72 42
64 39
56 33
50 29
46 27
41 27
37 23
31 19
29 17
27 17
25 17
25 17
23 15
25 15
27 15
27 15
31 17
37 23
41 25
44 27
50 29
58 33
68 41
76 50
76 46
76 37
87 33
103 41
117 56
123 64
130 66
142 68
154 74
164 85
171 93
179 97
187 99
197 99
203 103
210 109
218 113
226 117
232 117
236 119
242 123
246 126
250 130
251 128
253 130
255 130
255 132
255 132
253 130
251 130
250 128
238 128
244 126
234 123
232 121
226 117
218 115
205 111
205 109
187 105
187 97
171 93
171 91
162 87
152 82
142 76
134 72
125 68
115 64
105 58
95 54
87 48
78 44
72 42
64 39
58 35
50 31
44 29
41 25
37 25
33 23
31 25
31 29
21 21
13 1
15 0
25 1
29 17
29 25
31 21
35 13
42 17
48 29
52 39
56 39
62 35
72 33
80 39
87 48
95 54
105 54
115 54
125 60
134 68
142 76
152 80
164 83
169 83
179 89
191 97
199 105
205 109
212 109
218 111
226 117
232 123
236 123
240 123
246 125
250 126
251 130
253 132
255 132
255 130
255 130
253 132
251 132
250 130
246 128
242 126
236 123
230 121
226 119
220 117
210 113
203 107
197 103
189 101
179 97
169 91
162 85
152 82
144 80
138 82
126 76
107 62
95 44
91 37
87 39
80 42
70 41
62 35
56 27
52 27
46 31
41 31
35 25
31 21
29 17
25 17
23 17
23 17
23 15
25 11
27 13
29 17
31 19
35 21
41 23
44 25
50 27
58 31
64 37
72 41
80 42
87 46
97 50
105 56
115 60
123 62
134 66
144 74
154 82
162 83
171 89
181 93
189 99
197 103
205 105
212 109
220 113
226 115
232 119
238 123
242 125
248 126
250 128
251 130
255 130
255 132
255 134
255 132
253 130
251 130
250 130
248 130
246 134
240 136
224 119
212 97
214 93
214 105
207 113
195 109
185 93
179 85
171 87
162 91
152 91
140 80
132 68
123 62
113 62
103 60
95 54
85 44
76 39
70 37
64 39
56 37
50 31
44 25
41 23
35 23
31 23
27 21
25 15
23 13
25 15
25 17
23 17
27 17
29 15
33 19
35 21
41 25
46 27
52 29
58 31
64 35
72 39
80 42
89 46
97 50
107 54
117 62
126 66
134 72
144 74
154 80
164 85
171 89
181 93
189 97
199 103
191 107
214 111
224 119
234 128
232 126
228 117
234 109
244 113
251 123
253 130
251 130
253 128
259 128
257 134
255 138
251 136
250 130
246 126
242 125
234 125
230 123
224 117
216 111
210 107
203 103
195 103
187 99
177 95
167 87
160 83
150 82
140 78
130 72
123 66
113 60
103 56
93 54
83 48
78 44
70 39
62 37
54 33
50 31
44 27
39 25
35 23
31 19
29 19
25 17
25 17
23 15
23 15
25 15
27 17
27 17
31 19
37 19
41 25
46 29
52 29
58 33
66 35
74 39
82 44
91 48
99 54
113 68
115 70
115 54
126 48
142 56
156 78
164 89
171 89
181 85
191 91
201 103
208 115
214 119
220 115
226 111
232 115
238 125
242 130
246 128
250 125
251 125
255 130
255 134
255 134
255 132
253 128
251 128
248 130
244 128
240 125
236 123
230 119
222 117
218 115
212 113
203 107
195 101
185 97
177 95
169 89
158 83
150 80
140 76
130 72
123 68
111 62
103 56
95 52
85 48
76 44
70 41
62 37
56 35
48 31
44 27
39 25
35 23
31 21
29 19
27 17
27 19
29 25
29 29
19 17
15 3
23 0
33 7
39 19
41 25
44 21
52 23
62 31
68 41
74 48
82 50
89 48
99 48
109 54
117 62
126 68
134 68
144 70
154 78
164 83
173 91
181 93
191 95
199 101
207 107
214 111
222 115
220 117
234 119
234 121
244 125
248 128
0 130
251 132
253 130
255 130
255 132
255 134
253 132
251 130
248 128
244 126
242 126
236 125
230 123
224 117
216 115
208 111
201 107
195 103
185 99
177 95
167 89
160 85
150 82
140 76
130 72
121 66
113 62
103 58
99 60
89 62
72 46
56 23
54 11
56 19
52 33
35 33
37 15
33 13
33 13
31 21
27 27
23 25
23 15
25 11
25 13
25 17
27 19
33 19
37 17
33 19
46 25
52 31
60 35
68 35
74 39
82 42
91 48
99 54
109 56
117 60
126 64
136 70
146 76
154 80
164 82
175 87
183 93
191 99
199 103
208 107
216 111
222 115
228 119
234 121
240 123
244 125
248 126
250 128
253 130
255 132
255 132
255 130
255 130
255 132
251 132
248 130
244 128
240 126
236 125
230 125
230 128
218 123
201 107
191 91
189 87
187 91
175 95
166 89
156 80
150 74
142 74
130 76
121 72
111 64
103 54
93 50
83 48
74 46
66 39
60 33
54 29
46 27
42 27
39 27
35 23
31 19
27 17
25 17
25 17
25 17
25 17
23 17
27 15
29 15
35 19
37 23
41 25
48 27
54 29
60 33
68 37
76 41
83 44
91 48
99 52
109 56
119 60
126 66
138 70
148 76
156 82
158 85
173 89
183 93
193 99
201 103
208 109
214 111
222 115
228 119
236 123
240 125
244 128
253 138
251 140
242 123
244 111
253 115
259 128
255 138
251 134
251 125
250 121
248 128
240 126
234 130
222 123
222 113
216 111
208 111
191 109
191 101
183 93
175 87
166 87
156 83
148 82
138 74
128 68
121 64
111 62
101 58
91 52
83 44
76 42
68 41
60 37
52 33
48 29
44 25
37 23
33 21
31 19
27 19
27 17
25 17
23 17
25 17
25 19
27 19
29 17
33 19
37 23
42 25
48 27
54 31
60 33
68 35
76 41
83 44
93 50
101 54
111 58
121 64
132 74
142 82
142 80
144 70
158 66
175 76
185 91
191 99
199 101
208 101
218 107
224 119
228 125
234 126
240 125
246 125
248 128
248 130
251 130
255 130
255 130
253 130
253 130
253 132
251 130
248 126
244 125
240 126
234 125
220 121
222 117
216 113
208 111
193 107
191 103
183 97
173 93
166 87
156 83
146 80
138 74
128 70
119 64
109 60
101 58
91 52
83 46
74 42
68 39
60 35
52 31
46 29
42 25
39 23
33 21
31 21
27 17
25 15
25 17
25 17
25 17
25 17
29 19
35 25
39 33
33 25
31 7
41 5
56 17
64 35
68 44
74 41
83 37
95 44
103 56
111 66
119 70
128 66
138 66
148 74
156 83
166 89
173 89
185 89
193 93
201 103
208 109
216 111
224 113
228 115
236 121
240 126
244 128
248 128
251 128
253 128
253 130
255 132
255 132
253 130
251 130
251 128
248 128
244 126
240 125
234 123
228 119
222 117
214 115
208 111
201 105
191 101
183 97
173 91
166 87
158 85
146 80
136 74
126 68
119 66
109 62
99 56
89 50
83 48
78 46
66 50
62 46
44 31
37 13
39 7
39 15
33 21
29 21
25 13
27 11
27 13
25 21
25 23
25 19
29 17
29 17
33 19
37 25
42 27
46 25
54 27
62 31
68 37
76 42
85 46
93 48
101 54
111 58
119 64
130 68
138 72
148 76
158 82
167 85
175 89
185 95
193 99
201 101
210 107
218 113
224 117
230 119
236 121
242 125
244 126
248 128
251 128
253 130
255 130
255 132
255 132
255 125
253 130
250 130
177 128
244 126
240 126
234 125
220 121
220 117
214 113
208 111
193 109
197 113
185 109
164 87
154 66
152 62
148 72
138 80
125 72
117 58
109 52
95 56
93 60
82 56
74 46
66 35
60 31
52 33
46 33
39 25
37 19
33 15
29 17
27 19
25 19
25 17
25 13
25 15
25 17
29 21
31 21
33 19
37 19
42 23
50 29
56 33
62 35
70 37
78 41
85 44
93 50
103 54
113 56
121 62
130 64
138 72
150 78
158 82
169 85
177 91
185 95
195 101
203 107
210 109
216 111
224 115
232 119
236 121
240 123
246 126
250 128
253 132
257 136
263 144
251 136
246 123
248 115
250 117
251 123
248 128
242 126
238 119
236 117
230 121
222 123
214 119
205 111
199 103
191 99
181 99
169 93
162 87
156 80
144 76
134 72
126 70
117 64
109 60
99 54
89 50
82 48
74 44
66 39
58 35
52 31
46 29
41 27
37 23
33 19
29 19
27 17
25 17
25 17
23 15
25 15
25 17
23 17
31 19
35 19
31 23
44 25
48 27
56 31
62 35
62 39
76 41
83 44
93 46
97 54
113 60
121 64
5 68
142 74
152 80
128 78
171 93
183 105
183 101
183 85
195 80
210 93
220 113
224 123
228 117
236 113
244 119
248 130
250 138
251 136
253 130
253 126
255 130
255 136
253 134
251 130
250 123
246 123
244 126
238 126
234 125
226 117
220 113
214 111
207 111
199 107
189 101
181 95
171 91
164 87
154 83
144 80
134 74
126 68
115 64
107 58
97 52
89 50
82 46
74 42
66 39
58 35
52 31
46 27
41 25
37 23
33 21
29 19
27 17
25 17
25 17
25 17
25 17
25 17
29 19
31 21
35 23
41 27
50 35
52 39
46 27
50 17
66 21
80 35
87 46
93 52
103 50
115 54
125 62
134 74
140 80
150 82
160 82
169 85
177 91
185 99
195 101
203 103
210 105
218 109
224 115
224 121
236 123
240 123
246 125
248 126
1 130
253 132
255 132
255 130
255 125
253 132
251 132
250 130
246 128
244 125
238 123
232 121
228 119
220 117
212 113
205 109
199 105
189 101
181 97
171 91
164 85
152 82
144 76
134 72
126 68
117 64
107 60
97 54
87 48
82 46
72 44
66 41
58 37
52 31
46 29
44 35
39 35
23 15
17 0
21 0
27 7
25 19
23 21
23 13
27 7
31 13
33 25
35 29
39 25
44 23
50 25
56 31
62 37
70 41
78 39
85 41
95 46
103 54
113 60
123 62
132 66
142 72
152 78
160 83
169 87
179 91
187 95
195 99
205 105
212 109
218 111
224 115
230 115
238 121
242 126
246 128
248 128
251 128
253 132
255 132
255 134
255 132
255 132
251 130
250 128
246 128
244 126
238 126
232 123
226 119
220 115
214 113
205 109
197 105
189 101
181 97
175 97
166 95
150 87
132 70
125 56
123 54
117 56
107 58
95 52
87 44
82 41
74 41
66 42
58 41
50 33
44 25
41 23
35 23
31 23
27 19
25 15
25 13
23 15
21 15
23 15
27 17
29 17
31 19
35 21
41 23
44 27
50 29
56 31
62 33
70 37
80 42
87 46
95 50
105 54
115 58
123 64
132 70
142 74
152 78
160 83
169 87
179 93
187 95
197 101
205 105
212 109
218 113
226 117
232 121
238 123
242 125
246 126
250 130
251 130
253 130
255 132
255 132
255 134
255 136
257 144
248 136
234 115
234 103
238 109
234 123
226 125
218 115
212 105
207 103
199 107
189 111
179 103
169 91
162 82
152 80
140 80
130 74
123 66
115 58
105 54
95 52
87 50
80 46
72 41
64 35
56 33
50 33
44 29
39 25
35 19
31 19
29 19
25 19
23 17
23 15
25 15
25 15
25 17
27 17
31 19
35 21
39 23
44 27
50 27
58 31
64 35
72 39
80 42
87 46
97 52
105 56
115 60
125 64
132 68
144 74
152 80
162 83
171 87
181 95
191 101
203 111
208 117
205 107
208 99
220 99
232 109
240 121
240 125
244 123
250 121
255 128
257 138
255 140
255 136
255 130
255 130
251 132
248 130
246 126
242 125
236 121
230 119
224 119
218 115
205 111
205 107
195 103
187 99
171 97
171 91
160 85
150 80
142 74
132 72
123 68
113 62
105 56
95 52
87 48
78 44
70 39
64 37
58 35
50 33
44 27
39 23
37 23
33 23
27 19
25 17
25 15
25 17
23 17
25 17
27 17
29 19
33 21
35 21
41 25
46 27
52 31
58 35
64 37
78 48
82 54
80 42
85 31
101 33
117 52
126 70
132 74
142 70
154 70
164 82
173 95
181 101
189 101
197 99
205 101
212 109
218 117
226 117
232 117
238 119
242 123
246 128
250 132
251 130
253 128
255 128
257 134
255 136
253 134
251 130
250 128
246 128
242 128
236 125
230 121
226 117
218 115
210 113
203 107
195 103
187 99
177 95
169 89
160 85
152 82
140 78
130 72
123 66
113 62
103 56
95 54
87 50
78 44
70 39
64 37
56 35
50 33
44 29
41 25
37 23
35 25
35 29
23 23
13 7
13 0
23 1
27 11
27 19
27 19
31 15
39 15
44 25
46 33
50 33
58 33
66 35
72 39
80 44
87 48
97 52
105 54
115 56
125 62
134 70
144 74
154 80
162 82
173 87
181 95
189 99
191 101
191 105
214 109
220 115
218 117
232 119
238 123
244 123
246 125
250 128
253 132
253 132
255 132
255 130
255 132
253 132
251 130
248 130
244 126
242 126
236 125
230 123
224 117
218 113
212 111
203 107
195 105
187 99
179 95
169 91
160 85
150 80
142 78
134 78
128 82
109 68
91 42
85 29
87 35
80 46
70 48
60 37
56 25
52 23
46 29
39 35
35 31
31 19
29 13
25 13
25 19
23 21
23 17
23 9
27 9
31 17
33 23
37 25
41 23
46 23
52 27
58 35
66 39
74 41
82 42
89 44
97 48
109 56
117 62
126 66
136 70
146 74
154 80
164 85
173 89
181 93
191 97
199 101
207 105
212 109
220 113
220 117
234 121
238 123
244 125
248 126
1 130
251 132
253 132
255 132
257 132
251 134
253 132
253 132
250 132
251 138
244 136
228 121
218 105
220 99
218 105
212 111
201 109
193 99
187 93
171 91
171 95
156 93
125 83
138 74
130 68
113 66
111 64
93 58
93 50
83 42
78 41
70 41
62 37
56 33
50 29
44 25
39 25
31 23
29 19
29 17
27 17
25 17
23 17
23 17
27 17
27 17
29 17
33 19
37 21
41 23
46 25
52 29
60 33
66 37
74 41
82 42
89 46
99 52
109 56
117 60
126 64
136 70
146 76
156 82
164 87
173 91
183 95
191 99
199 103
207 107
214 113
222 115
232 125
236 132
230 119
232 105
244 105
253 121
255 136
253 136
253 126
257 123
257 128
255 138
251 140
248 132
244 123
242 121
236 125
228 126
220 119
216 111
210 105
201 105
193 105
185 101
175 93
169 87
160 83
140 82
140 78
130 72
121 66
111 60
101 56
93 52
78 48
76 44
70 39
62 35
54 33
48 29
44 27
41 25
35 23
31 21
27 19
25 17
25 17
23 17
23 17
25 15
27 17
31 19
33 21
37 21
41 23
48 27
52 29
60 33
66 37
76 41
83 46
95 52
105 62
107 62
109 54
119 52
134 56
148 70
156 82
164 85
173 85
183 87
195 99
201 109
207 113
214 111
222 111
220 117
232 123
238 125
234 125
248 123
0 126
251 130
253 132
255 132
255 130
255 130
253 130
251 132
248 130
244 128
240 125
236 123
228 121
222 119
216 113
208 109
203 105
195 103
185 99
175 93
167 87
158 83
140 82
138 76
128 70
121 64
111 60
101 56
91 52
85 48
78 46
62 42
60 37
54 33
48 31
44 27
39 25
33 23
31 19
29 19
27 19
25 19
25 21
29 29
23 21
15 3
19 0
33 3
41 23
42 31
44 27
52 19
62 25
72 39
76 52
82 54
91 48
101 46
109 54
117 64
126 70
136 70
146 70
156 74
166 82
175 91
185 97
193 97
201 99
208 105
216 113
222 117
228 119
234 119
240 121
244 125
248 126
1 130
253 130
253 132
255 130
255 132
255 132
253 132
250 130
248 128
244 126
240 125
236 123
228 121
222 117
216 115
208 111
201 107
193 103
185 99
175 93
166 89
156 83
146 80
138 74
130 72
121 70
111 64
107 66
95 62
76 46
64 29
62 21
62 25
56 31
46 29
41 21
39 17
37 19
33 23
27 25
25 21
25 15
25 15
23 15
23 17
27 17
29 15
31 13
37 17
44 25
46 31
54 31
60 31
68 35
76 41
83 46
91 50
99 52
109 54
119 60
128 68
138 74
148 78
156 80
166 85
175 91
185 93
193 99
201 103
208 107
214 109
222 113
220 119
236 121
240 123
244 125
248 126
1 128
253 132
253 132
255 132
255 132
255 132
251 130
251 130
248 130
244 128
240 126
234 125
230 123
226 126
216 126
199 105
189 83
189 80
187 93
177 99
156 93
156 80
148 72
140 74
128 78
119 76
109 64
99 52
91 46
82 46
66 46
66 41
58 31
52 25
48 25
39 27
37 27
33 21
31 17
27 15
25 15
25 17
25 17
25 15
25 15
27 17
29 19
35 21
39 23
42 23
48 25
54 29
62 33
68 37
76 41
83 44
93 48
101 54
111 58
121 62
130 66
140 72
148 76
156 82
166 85
177 89
185 95
193 101
201 105
208 109
216 113
224 117
230 119
236 123
244 128
250 136
246 132
240 121
244 113
253 117
257 126
255 132
253 132
253 126
253 126
250 130
246 134
240 132
234 125
226 115
222 115
216 117
207 113
199 105
191 97
183 93
173 91
164 89
156 83
146 76
138 72
128 70
119 66
109 60
99 54
91 50
82 46
66 42
66 39
60 35
52 31
46 27
41 25
33 23
33 21
29 19
27 17
25 17
25 17
23 17
23 17
25 17
27 17
31 17
35 19
37 21
42 23
48 27
54 31
62 33
68 37
78 41
85 46
93 50
93 54
113 60
121 64
7 70
130 83
146 83
146 62
158 62
177 68
189 95
187 107
201 105
193 99
218 103
228 117
230 128
234 128
238 123
244 119
250 126
251 134
251 136
253 130
255 126
257 128
253 132
251 132
250 130
250 126
244 125
238 125
234 125
228 123
222 117
214 111
207 107
199 105
191 103
181 99
173 91
164 85
156 83
144 80
136 74
126 70
119 64
109 58
99 56
89 50
82 46
74 42
66 37
60 35
52 33
46 29
42 27
37 25
33 21
31 21
27 19
25 17
25 17
25 17
25 17
27 19
33 29
33 29
27 19
27 7
39 7
50 17
56 29
60 35
68 35
78 35
87 41
97 54
103 62
111 64
121 62
130 64
140 72
148 80
156 82
167 83
177 85
185 93
193 99
203 105
210 107
216 109
224 113
230 119
236 123
240 126
244 126
248 126
251 128
253 130
253 132
255 130
255 130
255 130
251 130
250 130
248 128
244 126
238 125
234 123
228 121
220 117
214 113
207 109
199 105
191 101
181 97
173 93
164 87
154 83
144 80
136 74
126 70
117 64
107 58
99 56
91 52
82 48
74 44
72 50
62 48
42 29
35 9
37 3
41 15
35 27
29 25
25 13
25 7
27 13
25 23
23 25
25 21
27 15
31 13
33 21
37 27
42 27
48 23
56 25
62 33
70 39
78 44
85 46
95 48
103 52
113 60
123 66
130 68
138 70
150 74
160 82
167 89
177 93
185 95
197 99
205 105
210 111
216 113
224 115
232 119
236 121
240 123
244 125
250 128
251 130
253 132
253 132
255 132
257 132
253 132
251 130
250 130
248 128
244 128
238 125
234 123
228 119
220 117
214 115
208 115
207 119
187 105
169 85
164 74
162 76
156 80
144 80
132 72
126 62
119 58
109 60
99 62
89 56
82 48
74 41
66 37
58 37
50 33
44 29
41 23
35 19
31 19
29 19
27 19
25 15
23 15
23 13
25 17
27 21
29 19
31 19
35 19
39 21
44 25
50 27
56 31
62 33
70 37
78 41
85 46
95 48
103 52
113 58
121 62
132 68
140 74
148 76
160 82
171 87
179 91
187 97
195 101
203 103
212 107
220 115
224 117
230 119
238 121
242 125
248 128
248 130
251 132
257 136
261 144
251 136
244 117
248 109
253 117
251 132
246 134
242 125
238 117
236 117
228 123
220 126
212 119
205 107
197 99
189 99
181 99
171 95
162 85
152 76
142 72
134 72
125 72
115 64
105 56
97 50
89 50
80 48
72 44
64 37
58 33
52 29
44 27
41 25
37 23
33 19
29 17
25 15
25 15
25 17
25 17
25 17
25 17
29 17
31 19
33 21
39 23
44 25
50 27
56 31
62 35
70 39
80 42
87 46
95 50
105 54
113 58
123 64
134 70
142 76
154 82
167 93
171 95
169 87
177 82
193 83
205 97
212 107
216 111
224 111
232 115
240 121
242 128
246 132
250 132
251 130
253 130
255 132
255 134
253 132
253 128
251 126
250 126
246 128
242 126
236 123
232 119
228 117
220 117
212 113
205 109
197 103
189 101
179 95
171 91
162 87
152 82
142 78
134 72
125 68
115 64
105 58
95 54
87 48
80 44
72 41
64 39
56 33
50 29
44 27
41 23
37 23
33 21
29 19
27 19
25 17
25 17
25 17
25 17
25 17
29 19
33 19
35 23
41 25
50 37
52 39
48 25
52 11
66 17
82 35
91 52
95 56
103 50
115 50
126 62
136 78
142 85
150 82
160 78
171 83
179 93
187 101
195 103
205 101
212 103
220 109
224 117
232 121
238 123
242 123
246 125
250 128
251 132
253 132
255 130
255 128
253 130
253 130
251 132
250 130
246 126
242 125
238 123
232 123
224 119
218 113
205 111
205 109
189 105
187 101
179 95
171 89
162 85
152 82
142 78
125 74
125 68
115 64
97 58
97 54
87 48
80 44
72 41
62 39
58 37
54 39
48 39
37 29
25 13
23 3
27 5
29 13
25 17
21 15
23 11
27 11
29 17
31 25
33 27
35 23
39 21
44 23
50 29
58 33
62 35
70 35
80 39
89 46
97 52
105 56
115 60
125 64
134 70
142 76
152 82
162 83
169 87
179 89
189 95
199 103
205 107
212 109
218 111
228 115
232 121
238 125
242 125
246 126
250 128
251 130
253 130
253 130
257 132
255 134
253 132
251 130
250 128
246 126
242 126
236 125
232 123
226 121
218 117
212 113
205 109
197 105
189 101
179 97
173 97
166 99
146 83
128 60
125 48
125 54
117 64
105 66
93 52
87 41
78 41
72 44
64 46
54 41
46 29
44 23
39 23
31 25
31 23
27 17
25 13
25 11
23 15
25 17
25 17
25 15
27 13
31 17
37 25
41 29
44 27
50 27
58 29
64 37
72 41
80 44
87 44
97 48
99 54
115 60
0 66
126 70
125 74
152 78
162 83
171 89
181 93
189 97
189 101
205 105
212 109
220 113
218 117
232 121
238 123
244 125
248 128
250 130
251 130
255 132
255 134
259 136
261 142
253 138
242 126
240 115
242 111
242 119
238 123
228 121
224 113
220 109
214 111
207 113
187 109
185 101
179 93
169 91
160 87
148 83
140 76
130 70
123 64
113 60
103 58
95 54
87 48
78 44
70 41
64 39
56 35
50 31
44 27
39 23
35 21
31 21
27 19
25 17
25 15
23 13
25 15
25 17
27 19
29 17
33 19
35 21
33 25
44 27
52 29
58 31
64 33
74 39
82 44
89 48
97 50
99 54
117 60
0 66
126 72
125 76
154 80
164 83
171 89
181 95
191 101
205 115
207 117
203 101
210 89
226 99
236 117
240 128
240 126
246 121
251 121
253 130
255 140
255 142
255 136
253 128
253 126
251 130
248 132
244 128
240 123
236 119
230 117
224 119
218 117
210 113
203 105
195 101
187 101
162 97
160 91
160 85
150 80
140 76
130 70
121 66
113 60
103 56
95 50
78 48
78 44
70 41
62 37
48 33
46 29
44 27
39 25
33 19
31 19
29 19
27 19
23 19
23 17
25 15
25 17
27 19
29 19
33 19
37 21
33 25
46 27
52 31
64 39
72 48
68 42
70 33
82 29
99 41
111 54
117 62
125 62
134 62
148 72
158 83
164 91
173 95
181 95
191 97
199 101
207 107
212 111
220 113
226 113
232 117
238 121
244 125
248 128
250 128
251 130
253 130
255 132
255 134
255 132
253 130
251 130
248 126
246 126
242 126
236 125
230 121
224 117
218 113
203 111
203 109
187 103
185 97
177 93
160 89
160 85
148 80
140 76
130 70
123 66
113 62
103 58
95 52
85 48
76 42
68 39
62 35
56 33
50 29
44 29
39 27
35 25
37 29
33 33
19 19
13 0
17 0
25 3
27 17
27 23
29 17
33 11
39 15
44 27
48 37
52 37
58 31
66 31
66 37
64 46
80 50
97 48
109 50
109 56
126 66
126 72
146 76
156 80
156 83
173 89
181 95
191 99
199 101
207 103
214 109
222 115
220 119
234 123
240 123
244 123
248 128
251 130
251 132
253 130
255 130
255 130
255 132
253 132
251 132
248 128
246 126
240 126
236 125
222 123
224 119
216 115
208 109
203 107
195 103
185 99
177 95
167 89
160 85
152 83
146 87
130 80
113 62
103 46
99 41
95 44
83 46
76 44
68 37
62 33
56 33
50 35
44 33
39 29
33 21
31 17
27 17
25 19
23 17
23 13
23 11
25 13
27 17
29 17
33 19
39 21
42 25
46 29
52 31
60 33
68 37
74 41
82 44
91 48
99 52
109 56
117 60
126 66
136 70
146 76
156 82
164 85
173 87
183 95
193 99
199 105
208 107
214 111
222 115
228 117
234 121
240 125
244 126
248 126
250 128
253 132
255 134
255 134
255 132
255 132
253 132
251 132
250 132
251 140
240 134
224 113
218 97
220 99
220 111
210 117
199 109
191 95
185 89
179 93
169 99
158 95
146 82
138 72
128 68
119 66
109 64
101 56
93 48
83 42
76 41
68 41
62 39
54 33
48 27
42 23
39 25
31 25
31 23
27 17
25 15
25 15
23 17
23 15
25 17
27 17
29 17
33 19
37 21
35 25
48 27
54 29
60 33
66 35
76 41
83 44
91 48
99 50
109 56
119 62
128 66
136 70
148 76
158 82
166 85
175 91
183 93
193 97
203 105
210 113
220 121
226 125
222 119
224 107
234 107
244 115
250 125
250 128
251 126
253 126
257 130
259 136
255 140
251 136
251 130
248 126
246 126
240 128
234 123
228 119
222 113
214 109
208 109
201 109
193 105
183 97
175 93
166 87
158 85
148 82
138 76
128 70
119 64
111 60
101 56
91 52
83 48
76 42
68 39
60 37
54 31
48 29
42 27
37 23
33 21
29 19
29 17
27 19
25 17
23 15
23 15
25 17
27 19
29 19
33 21
37 23
42 25
48 27
54 31
62 33
68 37
76 42
83 46
95 54
103 66
103 56
107 42
123 44
140 60
150 80
156 85
164 82
177 83
187 91
195 105
201 113
208 113
216 111
222 111
228 119
234 125
238 125
244 123
248 123
250 125
253 130
253 134
255 134
255 130
255 130
253 132
251 132
248 130
242 126
240 123
236 123
228 121
222 117
216 113
208 109
201 105
191 101
183 99
175 95
166 89
156 83
146 78
138 76
128 70
119 66
109 60
99 54
91 52
83 48
76 44
68 41
60 35
52 31
46 27
42 27
39 25
35 23
31 21
27 19
29 21
33 29
23 25
13 11
13 0
25 1
33 13
33 21
35 23
42 19
50 23
58 31
62 39
68 42
76 44
85 44
93 48
99 54
109 58
119 62
128 66
138 70
148 74
158 82
167 85
175 91
185 95
195 99
201 105
208 109
216 111
222 113
220 117
236 123
240 125
244 126
248 128
251 130
253 130
253 132
255 132
255 132
255 132
251 130
250 128
248 126
246 128
238 126
234 123
228 119
222 117
216 115
208 111
199 107
191 101
183 97
175 93
166 89
156 85
146 80
136 74
128 70
119 66
111 62
105 68
89 60
72 35
64 19
66 23
62 35
54 39
44 31
41 19
39 15
35 21
31 29
27 27
25 19
23 11
23 11
23 17
25 21
27 17
29 13
33 13
37 19
41 25
48 29
56 29
64 33
70 37
76 42
83 48
93 50
103 52
111 56
119 62
128 68
138 72
148 78
158 82
167 85
177 91
185 95
193 101
201 103
210 107
216 111
224 115
228 119
236 121
240 123
244 125
248 128
251 130
253 132
255 132
255 132
255 132
255 134
253 132
250 132
248 128
244 126
242 128
240 132
230 130
214 115
205 99
203 91
201 95
191 99
181 97
173 89
166 82
158 82
146 82
136 80
126 74
119 64
107 58
99 54
91 54
80 48
72 41
66 35
60 31
52 31
46 29
41 25
37 23
33 19
31 19
27 17
25 17
25 17
23 15
25 15
25 15
27 17
31 17
35 21
39 23
42 25
48 29
56 31
62 35
70 39
78 42
85 44
93 48
101 52
113 58
123 62
130 68
140 72
150 78
160 83
167 87
177 91
185 95
195 99
203 105
210 109
216 111
226 115
234 121
236 125
244 132
248 138
242 125
240 109
250 109
255 123
257 136
253 136
253 126
253 123
253 128
250 138
244 136
238 128
232 119
228 117
220 117
212 117
205 109
197 101
191 95
181 93
173 93
164 89
154 83
146 76
136 72
126 70
117 68
107 62
97 54
89 48
82 44
74 42
66 41
58 35
52 29
46 27
42 25
37 25
33 21
29 17
27 17
25 17
23 15
25 15
25 17
27 17
27 17
31 19
35 21
39 25
42 27
48 29
56 31
62 35
70 39
78 42
85 46
95 50
105 56
115 64
126 72
128 74
130 66
140 60
156 68
169 82
177 91
185 95
195 93
205 99
214 111
218 119
224 123
230 121
236 121
242 125
244 128
248 130
250 128
253 126
255 130
255 132
255 132
253 132
253 130
250 128
248 128
244 128
238 126
234 123
226 119
218 115
214 111
207 109
199 107
189 99
181 95
173 91
164 87
154 83
144 78
126 72
126 68
109 64
107 60
97 54
89 50
82 46
72 42
66 37
58 35
52 31
46 27
41 25
31 21
33 19
31 21
19 21
25 19
25 17
25 19
25 19
27 23
35 31
27 25
23 5
29 0
44 9
54 27
56 39
60 35
70 29
80 35
89 48
95 60
103 62
113 60
123 58
130 64
138 74
150 80
160 82
169 83
177 87
187 95
197 101
205 107
212 109
218 111
224 115
232 121
236 123
240 125
246 125
250 128
251 130
253 134
255 132
255 132
255 130
255 132
251 130
250 130
246 128
244 126
236 123
232 121
228 119
222 117
212 113
205 109
199 105
191 101
181 99
171 93
162 85
154 82
144 78
134 74
125 68
117 64
107 60
97 54
89 52
87 54
76 52
56 39
46 21
46 11
48 19
42 27
35 25
31 17
29 13
29 15
27 23
25 25
23 21
25 15
27 13
27 17
29 21
33 23
39 21
44 21
48 25
56 29
64 35
72 41
78 42
87 44
97 50
105 56
115 62
123 64
132 68
142 72
150 78
160 83
169 87
179 91
187 95
195 99
203 103
212 109
220 115
226 117
230 119
236 121
242 125
246 126
250 126
251 128
255 132
255 132
255 132
255 132
255 132
253 132
250 130
246 128
242 126
238 125
232 123
226 121
220 117
214 115
210 119
199 117
179 95
167 74
167 70
166 80
154 87
142 82
125 68
125 58
117 60
107 68
97 64
87 54
80 42
72 37
64 39
56 39
46 33
44 25
41 15
35 19
31 23
27 21
27 17
25 13
25 13
25 15
25 17
25 17
29 17
31 17
33 19
31 21
44 27
52 29
56 31
64 33
64 39
80 42
87 48
95 50
105 54
115 58
125 64
132 70
142 74
152 78
162 82
169 87
179 93
189 99
197 103
205 107
212 111
218 113
218 117
232 121
238 123
244 126
248 128
253 134
257 142
250 136
244 123
248 117
255 119
255 128
250 130
248 128
248 125
244 125
240 128
232 128
226 125
218 117
212 109
205 109
197 107
189 103
177 95
169 87
162 82
154 80
142 78
130 74
125 66
117 62
105 60
95 56
85 50
80 44
72 41
64 37
56 33
50 31
44 27
41 25
35 21
31 19
29 17
27 17
25 15
23 15
23 15
23 15
27 17
29 19
31 21
35 21
41 23
44 25
50 29
58 33
64 35
72 39
80 42
87 46
97 52
99 56
115 60
123 64
9 70
125 76
156 87
167 97
167 91
169 78
181 74
197 87
208 107
214 117
218 113
226 109
234 115
240 126
244 136
246 134
250 126
251 125
253 130
253 136
253 136
253 130
253 126
251 126
248 130
246 130
242 128
238 123
232 121
224 119
218 117
210 113
205 107
197 103
187 97
177 95
169 89
162 85
152 80
142 76
132 72
123 68
115 62
105 58
95 54
87 50
80 46
70 41
64 37
56 33
50 31
44 27
41 25
35 23
31 21
19 19
25 17
27 17
25 19
23 17
25 17
27 17
31 21
35 25
42 33
41 31
37 21
33 13
54 15
66 27
74 39
78 42
85 41
99 44
111 54
119 66
125 74
134 74
142 72
152 76
162 83
171 91
179 95
189 95
199 97
207 103
212 109
218 115
226 117
234 117
238 121
242 123
248 128
250 130
251 130
253 128
255 130
257 132
255 132
251 132
251 128
250 128
246 128
242 126
236 125
230 121
224 117
218 113
210 109
203 107
197 105
187 101
177 95
169 89
160 85
152 82
140 78
130 64
123 66
113 62
105 56
95 54
85 48
78 44
72 41
66 39
58 37
56 42
46 39
31 17
23 0
27 0
31 15
29 25
23 21
21 9
25 7
27 15
29 25
29 27
31 21
37 17
41 19
44 27
50 31
56 31
64 31
74 35
80 42
89 50
97 54
107 56
117 58
125 64
134 72
144 78
154 80
162 82
171 85
181 93
189 97
199 103
207 105
214 107
220 113
226 117
232 121
238 123
244 125
248 126
250 128
251 130
255 132
255 134
255 132
253 132
253 130
251 132
250 130
244 126
240 125
236 123
232 121
224 119
216 115
212 111
203 109
197 107
191 105
183 109
164 93
148 74
142 64
140 64
132 70
121 68
109 58
103 50
97 50
87 52
78 52
70 46
62 37
56 31
50 29
42 29
39 25
33 21
31 17
27 15
25 15
25 17
25 17
23 15
25 15
27 15
29 19
31 21
37 21
33 23
46 27
54 29
58 33
64 37
66 39
66 42
89 48
99 54
107 56
117 60
126 64
128 70
144 76
154 80
164 83
171 89
181 93
191 99
199 103
207 107
214 111
220 113
220 117
234 121
240 123
244 126
248 128
1 130
251 132
255 132
255 134
261 142
259 146
246 130
238 111
244 105
248 117
244 130
234 128
228 117
224 109
220 111
212 119
203 117
195 107
185 95
177 89
166 87
158 87
150 83
138 74
130 64
121 62
111 62
103 60
93 54
83 46
78 41
70 39
62 39
54 35
48 29
44 25
39 23
33 23
31 21
29 19
25 15
25 15
23 15
23 15
25 15
29 17
31 17
33 19
37 21
41 25
46 27
52 29
58 31
66 35
74 39
82 42
91 48
99 50
109 56
117 60
126 66
136 72
146 76
156 82
164 85
175 93
189 107
191 107
187 97
197 89
212 95
224 109
228 119
232 119
238 117
246 121
250 128
251 134
251 136
253 132
253 128
255 130
255 134
251 134
250 130
248 125
244 123
240 125
236 125
230 121
222 117
216 113
210 109
201 107
195 103
185 101
177 95
167 87
158 83
148 80
138 76
130 72
121 66
111 60
103 56
93 52
83 48
76 42
68 39
62 35
54 33
48 29
42 27
39 23
35 21
31 19
27 17
25 15
25 17
25 19
23 19
25 17
29 17
31 19
33 23
37 25
42 25
48 27
54 33
66 44
66 44
64 31
72 21
89 29
103 48
111 62
117 64
126 60
138 64
148 76
158 87
166 93
173 91
183 89
191 95
199 105
207 111
214 111
222 109
228 111
234 119
238 125
242 126
248 126
251 128
253 130
253 132
255 134
255 134
255 130
251 128
251 130
248 130
244 130
240 125
234 121
230 119
222 119
216 115
208 111
201 105
193 101
183 97
175 95
166 91
158 83
148 80
138 76
128 72
121 66
111 62
101 56
93 52
83 46
76 44
68 41
62 35
54 31
48 29
44 29
44 33
39 35
25 21
17 5
19 0
25 5
25 13
23 17
23 13
27 11
31 15
35 23
39 29
42 29
46 27
54 27
60 33
66 39
74 42
82 42
89 42
99 48
109 56
119 64
126 68
138 70
148 74
156 80
166 87
175 91
183 95
191 97
201 101
208 105
216 111
222 115
228 117
234 119
240 123
244 126
248 128
250 128
253 130
253 130
255 132
253 132
255 132
253 132
251 132
248 128
244 126
240 125
236 125
228 123
222 117
216 113
208 111
201 107
193 103
183 97
175 93
167 91
156 85
152 87
142 87
123 68
107 46
103 39
103 46
95 56
82 52
74 39
68 31
64 33
56 39
48 41
41 31
37 21
33 17
29 21
25 23
25 19
23 13
23 9
25 13
25 17
27 21
31 19
33 19
37 19
42 23
48 29
54 33
60 33
66 33
76 39
83 44
91 50
99 52
111 54
121 60
128 68
138 72
148 76
158 80
166 83
175 89
185 95
193 99
203 103
208 107
216 111
222 115
230 119
236 123
240 125
244 125
248 126
251 128
253 130
255 132
255 134
257 134
255 134
255 138
257 142
246 136
234 121
230 109
232 107
230 115
222 119
214 113
207 105
203 101
195 103
185 105
173 99
166 89
156 82
146 78
136 76
126 70
117 62
109 56
99 52
91 50
82 48
76 44
68 39
60 35
54 31
48 31
42 29
37 25
33 19
29 17
27 17
25 17
25 17
23 13
23 15
25 17
27 17
29 19
33 19
37 21
42 23
46 25
54 29
62 35
68 37
76 41
83 42
93 48
101 54
111 60
119 62
128 66
140 70
148 76
156 80
167 85
177 91
185 97
193 101
201 105
212 113
222 125
220 121
216 105
226 95
240 105
250 125
250 136
248 130
251 123
257 125
257 134
255 142
253 140
251 130
251 125
248 125
242 128
238 126
234 123
226 115
222 111
214 113
208 111
201 107
191 101
183 95
173 91
166 89
154 83
146 76
138 72
128 70
117 66
107 62
99 56
91 50
82 46
74 42
66 39
60 35
54 33
46 29
41 25
37 23
33 21
31 19
27 17
25 17
25 15
23 15
23 15
23 15
29 17
31 19
35 21
37 23
42 25
50 27
56 31
62 35
70 39
83 48
87 54
85 48
89 39
105 41
121 50
132 66
138 72
146 72
158 76
169 83
179 95
185 101
195 103
201 103
208 105
216 111
224 117
228 119
234 119
240 119
246 123
248 128
251 130
253 132
253 130
255 130
255 130
253 132
251 132
250 128
248 126
244 125
238 123
234 123
228 121
222 117
214 113
207 109
191 105
191 101
181 93
173 91
164 87
154 82
144 78
128 74
128 70
117 64
107 60
99 56
89 50
82 46
66 42
66 39
58 35
52 31
46 29
41 27
37 23
31 21
31 21
29 21
31 29
27 29
15 11
13 0
21 0
29 9
33 23
33 25
37 17
44 15
50 25
58 37
62 44
68 42
76 37
83 39
95 48
103 58
111 62
119 60
130 60
140 68
150 78
158 85
167 89
177 89
187 93
195 101
203 107
210 111
216 111
224 113
230 117
236 121
240 125
246 126
248 126
251 126
253 130
255 132
255 134
255 130
255 130
253 130
250 130
246 128
244 126
240 125
234 123
226 119
220 115
214 113
207 109
199 107
191 103
181 97
173 91
164 87
154 85
146 80
138 76
130 76
123 76
103 64
87 46
82 33
80 33
74 37
66 39
56 33
52 25
48 23
44 29
37 31
33 27
29 21
27 15
25 13
23 17
21 17
21 15
25 13
27 13
31 17
35 21
37 23
44 23
48 25
56 29
62 35
62 41
78 42
85 46
93 48
95 52
113 58
123 64
5 68
125 62
150 76
160 82
167 87
177 91
185 95
195 99
187 105
210 109
216 113
224 115
222 119
236 121
240 123
246 126
0 128
251 130
253 130
255 130
255 132
255 130
255 132
253 132
251 132
248 130
244 128
240 128
238 126
224 123
208 93
205 89
207 93
201 105
189 107
179 95
171 83
158 80
156 85
146 87
134 80
125 68
117 60
107 56
95 56
87 52
80 42
74 39
66 35
58 33
50 33
46 29
41 25
37 21
31 21
29 21
27 19
25 17
25 15
23 13
25 15
25 17
27 19
29 17
35 19
33 23
44 27
48 29
56 31
62 33
70 37
78 42
87 48
95 50
103 54
113 58
123 62
130 70
140 74
150 78
160 82
169 85
179 91
187 97
195 101
203 105
212 109
220 115
228 121
238 128
238 130
232 121
234 111
244 111
251 121
255 130
253 132
253 128
257 126
257 130
253 136
250 136
246 130
244 125
238 123
232 123
226 121
218 115
212 111
205 105
197 103
189 99
181 95
173 91
162 85
154 80
142 78
126 74
125 68
115 62
107 58
97 54
87 46
80 46
72 41
64 37
58 35
52 31
44 27
41 25
35 21
33 19
29 19
27 17
25 17
25 17
23 15
23 15
27 17
29 19
31 21
35 21
39 21
44 25
52 29
58 33
64 35
70 39
80 42
87 48
95 52
105 56
121 70
125 74
123 62
130 50
148 58
164 78
171 93
177 95
187 89
199 91
207 105
214 119
218 121
224 119
232 115
236 117
242 125
246 130
248 130
251 126
253 126
253 128
255 132
255 134
253 132
251 128
250 128
246 128
242 128
236 125
232 119
226 117
218 115
212 111
205 107
197 103
189 99
179 95
169 91
162 85
154 82
142 78
132 72
125 66
115 62
105 58
97 54
87 50
80 46
72 42
64 39
56 35
50 31
46 29
41 27
35 23
31 19
21 17
27 17
25 19
25 19
27 21
31 29
21 21
17 7
23 1
37 9
42 19
44 27
48 27
56 25
62 29
74 41
80 48
80 52
97 52
97 52
115 58
123 64
132 72
142 74
150 74
160 78
169 83
179 93
189 99
189 101
205 103
212 107
220 113
218 119
232 119
238 121
242 123
246 125
250 128
251 130
253 130
255 130
255 130
255 130
253 132
251 132
250 130
238 126
242 126
236 125
224 121
226 117
220 115
212 113
205 109
195 105
189 99
179 95
169 91
162 85
152 82
142 76
132 72
123 70
115 64
105 60
97 54
93 58
83 58
64 42
52 19
50 9
52 17
46 29
41 29
33 21
31 11
33 13
29 23
25 27
23 23
23 15
23 11
25 15
27 21
31 21
35 19
39 17
44 19
50 29
56 35
64 37
72 37
80 41
87 46
97 52
105 56
115 60
125 64
132 68
142 72
154 80
164 83
171 89
179 91
189 95
199 101
205 107
212 109
218 111
226 113
234 119
238 125
242 125
246 126
251 128
253 130
253 130
255 132
255 132
255 132
253 130
251 130
250 128
246 128
242 126
238 125
232 123
228 123
226 126
210 119
193 103
187 87
185 83
179 89
169 89
160 83
150 76
142 72
134 70
125 72
115 68
105 62
95 52
85 46
78 46
68 42
62 37
56 29
50 25
44 27
41 27
35 23
31 19
29 17
27 17
25 17
23 17
23 15
25 15
27 17
29 17
31 19
35 21
41 23
44 25
52 29
58 31
66 35
72 39
80 42
89 46
97 50
105 54
115 58
125 64
134 70
144 76
152 80
162 83
171 87
181 93
189 99
197 101
207 105
214 111
220 115
226 117
232 119
240 125
244 128
248 130
255 142
251 138
244 119
246 109
253 115
257 128
253 136
251 132
250 125
248 121
244 126
238 132
230 130
224 119
218 111
210 109
203 109
195 107
185 99
177 89
169 85
160 83
150 82
140 78
132 72
123 66
113 62
103 58
95 54
85 50
78 44
70 41
64 39
56 35
50 31
42 27
39 23
35 21
31 21
27 19
25 17
25 15
25 15
25 15
25 15
27 17
29 17
31 19
37 21
33 23
46 25
52 29
58 31
1 33
62 39
66 42
89 48
97 52
99 56
119 62
0 68
140 80
140 85
142 78
144 70
166 72
181 82
191 97
197 103
205 103
214 105
222 111
230 121
234 128
238 126
242 123
246 125
250 128
251 130
253 132
255 130
255 128
255 130
253 130
251 130
250 130
246 126
242 125
236 123
232 121
224 117
218 115
210 109
203 107
195 103
185 99
177 93
169 89
160 85
150 80
140 76
132 72
123 68
113 64
103 58
93 52
85 48
78 42
70 39
64 39
56 33
50 31
44 27
41 25
35 23
31 21
29 19
25 17
25 17
25 15
25 17
25 17
27 19
29 19
37 29
41 35
35 23
35 7
46 5
62 23
70 41
72 46
80 41
89 39
101 46
111 62
117 70
125 70
136 68
144 70
154 80
162 87
171 91
181 91
191 93
197 97
207 105
214 113
222 115
228 117
234 117
238 123
244 126
248 128
250 126
251 128
253 130
253 132
255 132
255 132
253 130
251 130
248 130
244 126
242 126
236 125
230 121
224 119
216 115
210 111
201 105
195 103
185 99
177 95
169 91
160 87
148 82
140 76
130 72
121 68
111 62
103 56
95 52
85 48
78 46
72 44
70 46
54 39
39 21
33 9
37 7
37 15
31 21
25 17
25 11
25 9
27 15
27 21
25 23
27 19
29 15
33 17
37 23
41 25
46 27
52 27
58 29
66 33
74 39
82 44
89 46
99 50
109 54
119 62
126 68
134 72
144 76
154 80
164 83
173 87
181 91
191 97
201 103
207 107
214 109
222 115
228 119
234 121
238 123
244 123
248 126
251 128
253 130
253 130
255 132
255 132
255 132
253 132
251 130
248 128
246 128
240 126
236 123
230 121
224 117
218 115
208 111
203 109
197 107
191 113
173 101
156 76
150 62
148 64
142 76
130 78
119 66
111 54
105 52
95 56
85 56
76 52
68 39
60 33
54 29
48 31
42 29
37 23
33 15
31 13
29 17
25 19
25 17
25 13
23 13
25 15
27 19
29 19
33 19
37 21
41 23
46 25
52 29
60 33
68 37
74 41
82 42
91 48
99 52
109 58
117 60
126 64
136 70
146 76
156 82
164 85
173 89
183 93
193 99
201 103
208 107
214 111
222 115
220 117
234 121
240 123
244 126
248 128
251 130
255 134
261 142
257 144
248 130
244 119
250 115
251 121
248 126
242 125
240 121
238 119
232 121
224 123
216 121
208 115
201 107
193 101
183 99
175 95
166 89
158 83
146 76
138 72
130 70
121 66
111 60
101 54
93 50
83 48
76 44
68 41
60 35
54 29
48 29
42 27
37 25
33 21
31 19
27 17
25 17
23 17
25 17
25 15
25 15
27 17
29 17
33 21
37 21
42 25
48 27
54 31
60 33
68 37
76 41
83 44
91 46
101 52
111 58
119 64
128 68
136 72
148 76
158 82
166 89
179 101
185 105
183 93
189 82
205 87
218 105
224 121
228 121
234 115
240 115
248 125
250 136
251 138
251 132
253 128
255 126
255 132
253 134
251 130
251 126
248 123
244 126
240 126
234 125
230 121
222 115
216 113
208 109
193 107
193 103
185 97
175 91
166 87
156 83
146 80
128 74
128 70
121 66
111 62
101 58
91 52
83 48
76 44
68 41
60 37
52 31
46 27
42 25
39 25
33 21
29 19
27 17
25 17
25 17
23 15
25 15
27 17
27 17
31 17
33 21
31 25
46 31
54 37
50 33
50 25
60 19
74 27
85 41
93 50
99 52
109 52
121 58
132 68
140 78
148 82
156 82
166 83
175 89
183 97
191 101
201 103
208 105
216 107
222 113
228 117
234 119
242 123
246 126
248 128
251 130
253 130
255 132
255 132
255 132
253 132
253 130
250 128
248 126
244 126
240 125
234 123
228 119
222 115
216 113
208 109
201 105
193 101
183 95
175 93
166 87
156 82
146 80
138 76
128 72
119 66
109 60
101 56
91 52
83 48
74 44
68 39
60 37
54 35
48 31
46 33
42 37
29 25
17 3
19 0
27 3
29 19
23 25
21 17
23 7
29 9
33 21
35 31
37 29
41 25
48 23
54 29
60 37
66 41
76 39
83 39
91 42
101 52
111 60
121 64
130 66
138 70
148 76
158 83
158 89
177 91
183 93
193 97
193 103
193 109
208 111
224 115
222 117
234 121
240 123
246 126
250 128
251 130
251 130
255 130
255 132
257 132
253 132
251 130
251 128
248 128
244 126
238 125
234 123
228 121
222 117
214 113
207 109
199 105
193 103
185 101
175 99
171 99
158 93
128 76
126 58
123 52
119 56
109 58
99 56
89 46
83 33
76 42
70 44
60 42
52 35
46 27
42 25
37 23
31 23
29 19
27 15
25 13
25 13
23 17
25 17
25 17
27 17
31 17
35 21
31 25
44 25
48 27
54 27
62 33
68 37
76 41
83 44
93 46
101 52
111 58
121 64
130 66
140 72
148 76
158 80
167 85
177 93
187 97
193 101
201 103
210 107
216 111
224 117
230 119
236 123
240 123
246 125
248 128
251 130
253 132
255 132
255 132
255 132
255 134
259 142
250 140
236 121
232 103
236 105
238 119
230 126
218 119
212 107
210 101
203 107
191 111
181 107
173 95
166 83
154 80
144 80
134 78
126 70
117 62
107 54
99 52
89 52
82 48
66 42
68 37
60 35
52 33
44 29
41 25
33 23
33 21
21 19
25 17
25 17
25 15
23 15
23 15
25 15
29 17
31 17
33 21
37 21
44 25
50 27
56 31
62 33
70 37
78 41
85 46
93 50
101 52
111 58
123 62
132 70
140 74
150 78
160 83
169 87
177 93
187 97
201 107
208 117
205 111
205 99
218 97
230 107
236 119
240 125
244 123
250 123
253 128
255 134
255 138
257 136
255 132
253 130
251 130
250 130
177 132
242 126
234 121
234 119
228 119
220 119
210 113
207 107
199 103
191 101
181 99
171 93
156 87
154 82
144 78
126 74
125 70
115 62
107 58
99 54
89 50
80 48
66 42
66 39
60 35
52 33
46 29
41 27
37 23
31 19
29 15
29 19
25 19
25 17
25 15
25 15
27 17
27 19
29 19
35 21
39 23
44 25
48 29
56 33
62 37
72 42
83 56
80 46
83 33
97 31
115 48
125 66
125 74
138 70
150 68
162 78
171 91
179 103
185 103
195 97
203 99
210 107
216 117
222 119
230 115
236 115
242 119
244 126
248 130
253 132
253 130
255 130
255 132
255 134
253 134
251 130
250 128
246 126
242 126
238 126
232 123
226 117
220 113
214 111
207 109
197 105
189 101
181 95
173 91
162 87
152 82
144 76
136 72
126 70
115 66
105 60
97 56
89 52
80 48
72 42
66 39
58 35
52 31
46 29
42 27
37 25
37 25
37 31
25 25
15 11
15 0
21 1
25 9
27 15
25 17
29 13
37 13
42 23
46 33
50 35
54 35
62 33
70 37
78 42
85 48
93 50
103 48
115 54
123 62
130 70
140 74
150 78
162 82
169 87
177 93
187 99
195 101
203 105
210 107
218 111
226 115
232 121
236 123
240 123
246 125
250 128
251 132
250 132
255 130
255 130
255 125
253 132
251 132
250 130
248 128
242 126
238 125
232 123
226 119
220 117
212 113
205 109
189 105
189 99
181 95
173 93
164 89
154 83
144 80
136 76
130 82
113 72
95 48
87 31
87 31
83 44
74 48
62 41
56 29
52 23
48 29
42 35
35 33
31 21
21 13
27 13
23 19
21 19
21 15
25 13
25 13
27 15
31 19
35 23
41 23
44 25
50 27
56 33
62 37
70 39
78 41
87 44
97 50
103 56
113 60
123 64
132 68
142 74
150 80
160 83
169 87
179 91
187 95
197 101
205 105
212 109
218 113
226 117
232 119
236 123
242 125
246 126
248 128
251 128
255 130
255 134
255 134
255 132
255 132
253 132
251 134
251 136
246 136
230 123
220 109
220 101
220 103
216 111
205 111
195 103
189 93
183 93
173 95
164 95
152 85
142 76
134 70
125 68
113 64
103 58
97 52
87 44
80 41
70 41
64 39
58 35
50 29
44 27
41 25
35 23
31 21
29 21
27 17
25 17
25 17
23 17
23 17
25 15
29 17
31 19
35 19
39 21
46 23
52 29
58 33
64 35
70 37
80 42
87 46
95 52
105 56
115 60
123 64
132 68
142 72
152 80
162 85
169 89
179 93
189 97
197 103
205 107
212 111
220 115
230 125
236 132
228 119
230 105
242 105
253 121
253 134
251 136
253 126
257 123
257 130
255 140
251 140
248 132
246 123
242 123
238 126
230 126
224 121
218 113
212 107
205 107
197 105
187 103
179 95
169 87
162 83
152 83
142 80
132 74
123 66
115 62
105 58
95 54
85 48
78 42
72 39
64 39
56 35
50 31
44 27
41 25
35 23
31 21
29 19
27 19
25 15
23 13
25 15
25 17
25 17
29 17
33 19
37 21
41 25
44 29
50 29
58 33
64 37
72 41
80 44
91 50
103 60
103 62
103 52
115 48
132 56
146 70
152 80
160 82
171 83
181 87
191 97
199 107
205 111
212 111
220 111
226 115
232 121
236 125
242 125
246 123
248 125
251 126
255 132
255 134
255 132
253 130
255 132
253 132
250 134
244 128
242 126
238 123
232 123
224 119
218 117
212 111
205 107
195 103
187 99
179 95
169 91
160 85
150 82
142 76
132 72
123 68
113 62
105 58
97 54
87 50
78 46
70 41
64 37
58 35
50 31
44 29
41 25
35 23
31 23
29 19
27 19
25 17
27 19
31 31
21 23
15 3
21 0
33 5
39 21
41 31
42 27
50 19
62 25
68 39
74 48
80 50
89 46
97 46
107 52
115 62
123 68
132 68
142 68
152 74
162 83
171 91
179 95
189 95
199 99
207 105
212 113
220 115
226 117
232 119
236 121
242 125
248 128
250 130
251 130
253 128
257 130
257 132
255 134
253 134
251 130
250 128
246 128
242 126
236 125
232 121
224 117
218 115
210 111
205 107
195 105
187 99
179 95
169 91
160 85
152 80
142 78
132 74
123 70
115 66
111 68
97 62
78 46
66 29
66 25
64 29
56 33
48 29
42 23
41 19
37 19
33 23
29 25
25 23
25 17
23 13
23 15
23 19
25 19
27 15
31 15
37 19
41 25
44 27
52 29
60 31
66 35
72 41
80 44
89 48
99 50
107 54
115 60
125 64
136 70
144 74
154 78
162 82
173 87
181 93
191 99
199 101
207 105
214 109
220 113
226 117
234 121
238 123
244 126
248 128
250 128
253 132
253 132
255 132
255 132
255 132
253 132
251 130
240 130
246 128
242 126
236 126
232 125
230 128
218 125
193 105
193 85
191 82
189 93
181 101
167 95
158 82
142 72
140 76
134 80
121 78
111 66
95 54
95 46
85 48
76 48
68 41
62 33
54 27
50 27
44 29
39 27
35 23
31 19
27 17
25 19
25 19
25 17
25 15
25 15
27 15
29 19
33 19
37 21
41 23
46 25
52 31
58 33
66 35
74 39
82 42
89 46
99 50
109 56
119 60
126 64
134 70
144 76
156 80
164 83
173 87
181 91
193 97
201 103
207 107
214 111
222 115
228 121
236 125
242 130
248 136
242 128
240 119
246 113
253 119
257 128
255 132
253 130
253 126
253 126
251 132
246 134
240 130
236 123
230 117
224 117
216 117
208 115
201 107
195 99
185 95
175 93
167 91
158 85
150 80
140 74
128 70
123 68
111 64
103 58
93 52
83 46
78 44
70 42
62 39
54 33
48 27
44 25
39 27
35 25
31 21
27 19
27 17
25 17
23 17
25 17
25 17
27 15
29 15
33 19
37 23
42 25
46 27
52 29
60 33
66 39
74 42
82 44
91 48
101 52
107 58
117 62
7 74
126 83
140 78
142 64
158 62
175 78
187 97
191 105
197 101
207 99
218 105
224 119
228 126
234 126
238 121
244 121
246 126
250 130
251 132
253 130
253 126
255 126
255 130
255 134
251 132
248 128
244 123
242 125
236 126
230 123
222 119
216 111
210 109
201 107
195 103
185 99
177 93
167 89
158 83
148 80
140 76
130 72
119 66
111 60
103 56
91 52
85 48
78 44
68 39
62 37
46 33
48 31
35 27
39 25
31 23
31 21
27 19
25 17
25 17
25 17
25 19
27 21
35 29
31 27
25 15
27 5
39 7
50 19
46 29
58 33
64 31
76 35
85 44
93 54
99 60
109 60
119 62
128 64
134 70
146 76
156 82
158 83
173 85
181 91
193 97
201 103
208 107
214 111
222 113
220 119
234 123
238 125
244 125
248 125
250 128
253 130
253 132
255 132
255 132
255 132
253 132
250 132
248 130
244 126
240 125
234 123
230 121
222 119
216 115
208 111
201 107
193 103
185 99
175 93
166 87
158 83
148 80
138 76
128 70
121 66
113 64
103 58
93 54
83 48
78 46
74 52
60 44
42 23
37 5
41 7
41 21
35 29
29 23
27 13
27 9
27 17
25 25
25 25
25 19
27 13
29 13
33 19
35 25
42 25
46 23
54 25
60 31
68 39
76 42
83 44
91 46
99 50
109 58
119 64
125 68
138 72
146 76
156 80
158 85
171 91
183 95
193 97
201 101
208 107
216 111
222 115
228 117
234 119
240 123
244 126
248 128
250 130
253 130
255 132
255 134
255 132
255 132
253 132
251 130
248 128
244 128
242 126
236 125
228 121
222 117
218 117
214 119
205 117
185 101
173 83
169 76
166 78
158 82
146 80
136 72
128 64
115 62
111 64
93 64
91 58
83 48
66 41
68 39
58 37
52 33
46 27
41 21
37 19
33 21
31 21
27 19
25 15
25 15
25 15
23 17
25 15
29 17
31 19
33 21
37 21
42 25
48 27
54 31
60 33
66 35
76 39
83 44
91 50
101 52
111 56
121 62
128 68
138 72
148 78
158 82
166 85
175 89
185 95
193 99
201 101
210 109
216 111
222 117
230 119
236 121
240 125
246 126
250 130
251 132
257 142
257 144
248 128
244 113
250 111
255 123
253 134
248 134
244 123
242 117
234 121
230 126
222 126
214 117
207 107
201 101
193 103
181 103
173 95
164 85
156 80
146 78
136 76
128 72
119 64
109 58
101 54
91 52
83 48
76 44
68 39
60 33
52 31
48 29
42 27
37 23
33 19
29 17
27 19
27 19
23 17
23 15
25 15
25 17
27 19
29 19
33 21
37 21
42 23
48 25
56 31
62 37
68 39
76 41
83 44
93 50
103 56
111 58
119 62
130 66
140 72
152 82
164 91
166 91
167 82
175 80
191 85
203 99
210 109
214 111
222 111
230 115
238 121
242 128
244 132
248 130
251 128
253 130
253 132
253 134
253 130
253 128
251 128
250 126
246 128
244 128
240 126
234 123
228 119
222 117
216 115
208 111
199 105
191 101
183 95
173 93
166 87
154 82
146 78
136 74
126 70
119 66
109 60
99 56
91 52
82 48
74 42
66 37
60 35
54 33
46 29
41 25
37 23
33 21
31 21
27 19
25 17
25 15
25 17
25 17
25 17
27 17
31 19
35 23
41 27
48 39
46 35
37 17
52 1
68 21
80 41
85 52
89 48
101 44
115 52
125 66
130 78
138 80
148 76
158 78
160 83
175 93
183 99
193 99
203 101
208 103
216 109
224 117
230 121
236 121
240 121
246 125
0 128
251 132
253 130
253 128
253 128
255 125
255 134
251 132
250 130
177 126
244 126
238 125
234 125
228 121
220 115
214 113
207 109
199 105
191 101
181 97
171 91
164 87
156 83
146 80
136 74
126 70
119 66
107 60
99 56
91 50
83 46
74 44
66 41
60 39
60 41
50 39
33 25
25 9
27 3
31 9
29 17
23 17
21 11
25 9
29 13
29 21
29 25
29 23
35 21
39 21
42 23
46 27
54 29
62 31
70 33
78 39
83 44
93 48
105 54
111 56
121 62
130 68
140 74
148 78
158 82
167 85
177 91
185 95
195 101
203 103
208 107
216 113
224 115
230 119
236 121
242 125
244 125
248 126
251 128
255 132
255 134
255 134
255 132
255 132
253 134
250 132
246 128
244 126
240 125
234 123
228 119
220 117
214 113
208 111
199 107
191 103
183 99
179 103
166 99
128 68
132 54
132 52
130 64
111 72
101 62
97 48
91 42
83 44
76 50
66 48
58 37
52 27
46 23
41 25
31 25
31 23
29 17
27 13
25 15
25 17
23 17
23 15
25 13
29 15
31 17
31 21
31 25
44 25
48 27
56 29
62 33
70 37
78 41
85 44
93 48
103 52
113 58
123 64
130 68
140 72
150 76
160 82
167 87
177 91
187 95
195 99
203 103
210 107
218 111
226 115
230 121
236 123
242 125
246 128
250 130
251 132
253 132
255 134
261 138
259 142
250 134
240 119
242 111
246 115
244 123
236 125
230 119
226 113
222 113
214 115
207 115
197 111
189 101
181 95
171 91
162 89
152 85
142 76
134 70
125 66
117 64
107 60
97 56
89 48
80 44
74 42
66 41
58 35
52 31
46 27
41 25
35 25
33 21
29 19
27 17
25 15
23 15
25 15
25 17
25 17
27 17
31 17
35 21
39 25
44 25
48 27
56 31
62 33
72 39
78 42
85 46
95 50
105 54
113 60
123 64
132 70
142 74
150 78
160 83
169 89
179 93
191 103
201 115
199 107
199 91
212 89
226 105
234 123
236 130
240 123
246 119
251 125
253 134
253 140
253 136
255 128
255 126
253 130
251 134
248 132
246 125
242 121
238 119
232 123
226 123
220 117
214 109
207 107
197 105
189 103
181 99
171 91
162 85
152 80
144 76
134 74
125 68
115 62
107 56
97 52
87 50
80 46
72 42
66 37
58 35
52 31
44 27
41 25
37 23
33 23
29 19
25 17
25 17
25 17
25 17
23 17
27 17
29 17
31 19
35 21
31 23
46 27
54 33
64 42
64 42
62 33
68 27
83 29
97 42
105 54
113 60
123 60
132 62
144 70
154 83
160 91
169 91
177 89
189 93
197 101
203 109
210 111
218 109
226 111
232 117
236 123
240 125
246 126
250 126
251 130
253 132
255 134
255 132
255 132
253 130
250 128
250 130
248 130
242 126
236 123
232 119
226 119
220 117
212 111
205 107
197 103
189 99
179 95
169 91
162 85
154 82
142 78
132 72
123 68
115 64
107 60
97 56
87 50
80 46
72 42
64 39
58 35
52 33
46 31
41 27
37 25
39 31
29 29
15 9
13 0
21 0
27 11
27 23
25 21
27 13
33 11
39 21
41 31
44 35
50 31
58 27
64 29
70 39
78 44
87 46
97 48
105 50
115 56
125 64
134 70
142 74
152 78
162 82
169 89
179 95
189 99
197 99
205 103
212 109
218 113
226 115
232 117
238 121
242 123
246 126
250 128
251 130
253 130
253 130
255 132
255 132
255 132
251 130
248 128
246 126
242 126
238 126
232 123
224 117
220 113
212 111
205 109
197 105
187 101
179 95
171 91
162 87
156 89
148 89
128 76
111 56
107 46
105 44
97 50
87 52
78 44
70 37
66 33
60 37
52 39
44 33
41 25
35 21
31 19
27 21
25 19
25 15
23 13
23 11
23 15
27 17
29 19
31 19
35 19
41 23
44 27
50 29
58 31
64 33
72 39
80 44
87 46
95 50
105 52
115 60
125 66
132 70
144 72
152 78
162 82
171 87
179 91
189 95
197 101
205 105
212 111
220 115
218 117
232 121
236 123
240 123
248 125
1 130
251 132
250 132
255 132
257 132
255 134
253 134
251 132
255 136
250 140
234 125
224 103
226 97
228 109
220 119
210 117
201 103
197 93
191 97
173 101
169 101
160 91
150 78
142 70
132 72
123 72
113 64
103 54
95 46
85 44
78 46
62 42
64 39
56 31
50 27
44 29
39 27
35 25
31 19
29 17
27 17
25 19
23 17
23 15
25 13
25 13
29 17
33 21
37 23
41 23
44 25
52 27
58 33
64 35
72 39
80 42
87 44
97 50
107 56
117 60
125 66
134 70
144 76
154 80
162 83
171 89
181 93
189 99
199 103
208 109
220 121
218 119
216 109
224 103
236 107
246 121
248 126
248 126
251 125
255 126
257 132
257 138
255 136
253 132
251 130
248 128
244 128
240 126
236 123
230 117
222 111
218 111
212 113
205 111
195 103
187 99
179 93
169 91
160 87
150 82
140 74
130 70
123 68
113 64
103 58
95 52
85 48
76 44
70 41
64 39
56 33
50 29
44 25
39 23
35 21
31 19
27 19
25 17
25 17
25 17
23 17
25 15
27 17
29 19
31 21
35 21
41 25
48 27
54 31
58 33
64 37
74 41
83 46
95 62
95 58
95 42
107 37
125 48
138 68
144 80
154 80
164 78
173 82
183 95
191 107
199 111
205 107
212 105
220 109
226 119
232 123
236 121
242 119
248 123
0 128
251 132
253 132
255 130
255 130
255 130
253 125
251 132
185 128
244 126
242 126
236 125
222 123
224 119
218 115
203 111
203 107
195 105
185 99
177 93
169 89
158 83
150 82
140 76
130 72
123 66
113 62
103 58
93 52
85 48
78 44
70 41
62 37
54 31
50 29
44 27
39 25
33 23
31 21
29 23
33 27
27 27
17 15
13 1
19 0
27 5
31 15
31 21
35 19
42 19
48 23
56 33
60 41
66 41
72 39
80 39
89 46
97 52
107 56
117 60
126 62
134 68
144 74
154 82
164 85
173 89
181 95
189 97
199 103
207 107
214 111
220 113
226 117
232 119
240 123
244 125
248 126
250 128
253 130
255 132
255 132
253 128
257 130
255 132
251 132
248 130
246 128
242 126
236 125
230 121
222 117
216 115
210 111
203 107
193 103
185 99
177 95
162 91
158 85
148 82
140 78
130 74
121 70
117 72
105 68
83 48
72 25
72 21
72 33
64 42
54 37
46 25
44 17
42 23
37 29
31 29
25 21
25 11
25 11
25 15
23 19
25 17
27 13
29 13
33 17
37 21
33 25
46 25
52 25
58 29
66 35
76 42
82 46
89 48
97 48
109 54
117 62
126 68
134 70
146 74
156 78
164 83
173 89
181 95
191 97
199 101
207 105
214 111
222 115
228 119
234 119
238 123
244 125
248 128
248 128
251 128
255 130
257 132
255 134
255 134
253 132
251 130
250 130
246 130
244 130
242 134
226 123
212 107
208 97
208 95
205 101
193 103
183 97
175 80
169 83
160 80
150 87
134 82
128 70
121 62
111 60
101 58
91 54
83 46
76 41
68 37
60 35
54 33
48 29
44 25
37 21
33 17
31 19
29 21
25 19
23 15
23 13
25 15
25 17
27 17
29 17
31 17
37 19
42 25
46 29
54 31
60 33
68 37
74 41
82 44
91 48
99 52
109 56
117 58
128 64
138 72
146 78
154 80
166 83
175 89
183 95
191 99
201 103
208 107
216 111
222 117
228 119
236 125
246 136
240 130
236 113
242 105
255 117
259 134
255 140
251 130
255 123
255 125
253 134
248 138
244 134
240 125
236 119
228 119
220 119
216 117
208 107
199 101
193 97
177 97
177 97
158 91
158 83
140 76
138 74
128 72
119 68
111 60
101 54
93 50
83 48
66 44
68 39
60 33
54 31
48 29
42 27
37 25
33 21
31 19
27 17
25 17
23 15
25 15
25 15
25 15
27 17
31 19
33 21
37 23
42 25
48 27
52 29
60 33
5 37
68 41
83 44
91 50
103 56
117 68
121 72
119 62
126 54
142 58
158 72
166 85
171 89
181 87
195 93
205 103
208 113
214 117
224 117
230 119
234 121
238 125
244 126
248 126
250 126
251 126
253 128
255 132
255 132
255 132
251 130
251 130
248 130
244 128
240 125
234 121
228 117
222 115
216 115
208 111
199 107
193 101
183 97
173 93
166 89
158 83
146 80
138 74
128 68
119 64
109 60
101 56
91 50
83 46
78 44
68 41
60 37
54 33
48 29
42 27
37 23
33 21
31 21
29 19
25 19
23 17
25 17
25 19
31 29
27 29
19 11
23 0
37 3
44 21
48 33
54 35
60 27
68 29
78 39
85 52
91 58
99 54
109 52
119 56
126 66
138 74
148 78
156 78
166 78
175 87
185 97
193 101
201 103
208 105
216 109
222 115
228 121
236 121
240 123
244 123
248 126
251 128
253 132
253 132
255 130
255 130
255 132
251 132
250 130
248 128
246 128
240 126
234 125
228 121
222 117
216 113
208 111
199 107
191 101
183 97
173 91
166 87
156 83
146 80
138 74
128 70
121 68
109 62
101 60
97 60
87 58
68 44
56 27
54 17
54 21
48 25
41 27
35 21
33 15
31 15
29 21
27 25
25 21
23 17
23 13
25 15
27 21
29 21
33 19
37 17
42 21
48 25
54 31
60 33
68 35
76 39
83 42
93 50
101 54
111 58
119 60
128 64
138 72
150 80
158 83
166 85
175 89
185 93
193 99
201 103
208 107
216 109
224 113
230 119
234 123
240 125
246 125
250 126
251 130
251 130
253 130
257 132
255 134
253 134
251 132
251 130
248 128
244 126
240 126
234 123
228 121
222 117
216 119
212 123
193 105
179 83
177 74
173 82
167 89
156 89
144 78
136 66
130 64
121 70
109 70
97 60
89 48
83 42
74 41
66 41
58 37
52 29
46 23
42 21
37 23
33 21
31 19
27 17
25 15
23 15
23 17
25 17
25 17
27 15
29 17
35 21
39 23
42 25
48 25
56 27
62 33
70 39
76 41
83 42
93 46
103 52
113 58
119 64
130 68
140 70
148 74
158 80
167 87
177 93
185 95
193 99
203 103
210 109
216 113
224 117
230 117
236 123
242 125
248 130
255 138
251 136
244 125
246 115
253 117
257 126
255 132
251 130
250 125
248 125
246 126
240 130
234 130
226 121
220 115
214 111
207 111
197 107
189 101
181 93
173 89
164 87
154 83
144 80
136 74
126 68
117 62
107 60
99 56
89 52
82 46
72 41
66 39
60 37
52 33
46 27
41 25
37 23
33 21
29 19
27 17
25 17
23 15
23 15
25 15
27 17
29 17
29 17
33 19
39 23
44 25
48 29
54 29
62 33
70 37
78 42
85 46
93 50
103 54
113 60
123 66
130 70
142 76
156 89
158 89
158 76
167 68
185 78
197 97
205 111
208 111
216 105
226 109
234 121
238 132
240 132
244 126
248 125
251 126
251 132
253 134
253 132
255 128
253 128
251 130
250 132
248 130
244 126
238 123
232 121
228 121
220 119
214 113
207 107
199 105
191 101
181 99
171 93
164 87
154 82
144 78
134 74
126 70
117 64
107 60
99 54
89 48
82 46
74 42
66 39
58 35
52 31
46 27
41 25
37 23
33 21
29 17
27 17
25 17
25 17
23 17
25 17
27 17
29 21
37 29
37 31
31 21
33 11
44 9
56 19
64 33
68 39
76 39
85 39
97 46
105 58
113 66
121 68
130 68
140 72
150 76
158 82
167 87
177 89
187 91
195 97
203 103
212 109
218 113
224 115
230 117
236 121
242 125
246 128
248 128
251 128
253 130
255 132
253 132
255 132
255 132
251 130
250 128
246 126
244 126
240 125
234 123
226 121
220 117
214 113
207 111
199 105
189 101
181 95
171 91
162 87
152 83
144 78
136 74
125 70
117 64
107 60
99 54
89 50
82 46
72 44
66 41
62 44
54 44
37 23
29 3
33 1
35 13
31 23
25 21
23 13
25 7
27 13
27 21
27 25
29 21
31 17
35 17
31 21
42 29
50 29
54 29
62 27
70 35
78 42
87 48
95 50
105 50
113 56
123 64
132 72
140 76
150 80
160 82
169 85
179 93
187 97
195 101
205 103
210 107
218 111
226 117
232 119
238 123
242 123
246 125
250 128
251 130
253 132
255 132
255 130
255 132
253 132
251 132
250 132
248 128
242 125
238 123
234 123
226 121
220 117
212 113
207 111
201 111
195 113
177 101
160 82
154 68
152 68
144 72
134 72
123 66
115 58
109 54
99 56
89 56
80 50
70 42
66 37
58 33
50 33
44 31
39 25
35 19
31 17
29 17
25 17
25 17
25 15
25 15
25 17
25 17
29 19
31 21
35 21
39 23
42 25
50 27
56 31
62 35
70 37
78 41
87 46
97 52
105 54
115 58
125 64
132 70
142 76
150 80
160 83
169 85
179 91
187 95
197 101
205 105
212 109
220 113
218 117
232 121
236 125
242 126
246 126
0 126
253 130
255 134
259 138
261 146
251 136
242 117
246 109
1 117
250 130
234 132
236 123
232 113
228 113
222 119
214 123
205 115
189 103
189 95
179 93
169 93
160 89
150 78
142 72
134 70
125 68
113 66
105 58
97 52
87 48
80 44
72 42
64 39
58 33
50 29
44 27
41 23
37 23
33 21
29 17
25 15
25 15
25 17
23 17
25 15
27 17
27 15
31 17
35 21
41 25
44 27
50 29
58 31
64 35
72 39
80 44
87 46
95 50
105 54
115 60
125 64
132 70
142 74
154 80
164 87
177 99
181 101
179 93
187 85
201 87
212 99
220 111
224 115
230 113
240 119
246 125
248 132
250 134
251 132
253 130
255 130
255 132
253 134
251 130
250 126
250 125
246 125
242 126
236 123
232 119
226 117
218 115
205 113
205 109
189 105
187 99
177 93
169 89
162 87
152 83
142 78
132 72
125 66
115 64
105 60
