360000 10000000 75497 27
210 91
234 107
248 123
253 128
257 130
255 128
248 126
230 125
212 121
187 107
162 91
134 76
109 62
83 52
60 41
42 27
29 15
23 13
21 15
27 17
37 19
52 25
72 35
95 48
121 60
148 74
175 87
199 99
220 111
236 121
250 128
250 132
257 134
251 130
234 126
226 121
207 113
173 101
156 87
125 74
103 60
80 48
56 37
41 27
29 19
23 15
21 13
27 15
39 21
56 29
76 39
101 50
1 60
156 76
183 91
205 105
226 115
242 125
0 125
263 142
261 148
246 134
226 109
216 95
201 97
179 101
150 91
121 68
97 48
76 41
54 39
37 35
25 25
21 13
23 11
29 15
41 27
58 33
82 39
107 48
132 62
160 78
185 93
210 105
230 115
244 123
253 130
259 136
257 136
248 132
234 123
216 115
195 105
171 95
146 82
119 68
91 54
68 41
50 33
35 25
25 19
21 15
23 15
33 17
44 25
66 33
87 44
113 56
138 68
166 82
191 95
214 107
232 119
248 126
255 132
259 134
255 134
246 130
232 125
214 117
193 109
171 103
140 87
103 62
76 37
58 23
48 21
33 23
21 17
19 11
25 11
39 19
52 33
70 42
91 50
119 58
146 70
171 85
195 101
216 111
236 117
250 123
255 128
257 132
253 134
244 128
228 119
207 109
185 101
160 91
132 78
105 62
80 46
60 37
42 29
29 23
21 15
21 13
27 15
37 21
54 27
74 37
99 48
125 60
150 74
177 87
201 101
222 113
240 123
251 128
255 132
259 134
253 132
240 128
224 121
205 111
179 99
154 87
126 72
99 58
78 48
56 39
39 29
29 23
27 25
25 25
19 11
27 0
52 7
82 31
107 56
128 70
156 74
183 83
210 103
228 123
242 132
251 134
257 130
257 128
248 130
236 128
220 119
197 103
173 89
148 80
121 70
95 58
70 44
52 31
37 15
27 19
21 19
15 17
31 17
35 23
62 31
83 35
109 54
9 62
162 80
187 93
210 107
230 117
246 125
253 130
257 132
257 132
248 132
234 126
214 117
193 103
169 93
142 82
115 68
89 54
66 41
48 31
33 23
25 19
21 17
25 15
33 19
48 25
66 35
93 52
123 70
138 76
158 76
185 78
214 95
236 115
248 128
253 128
257 126
257 128
248 132
232 130
210 119
189 103
164 87
134 78
109 66
83 52
62 39
44 25
29 15
21 13
21 13
25 17
35 19
52 25
72 37
95 48
121 62
146 74
173 87
199 99
220 111
236 121
250 126
257 132
257 132
253 130
242 126
226 121
207 111
181 99
158 87
130 76
105 62
80 48
58 37
41 27
29 21
21 17
21 15
27 15
39 21
56 29
76 39
99 48
126 60
154 76
179 89
203 103
226 115
242 125
255 136
263 146
253 140
240 117
232 103
222 105
205 109
177 105
150 85
125 62
101 52
76 48
56 44
37 33
27 19
21 11
21 13
29 19
41 25
58 29
80 35
107 48
132 66
160 82
185 93
208 103
228 115
244 123
253 130
259 134
257 134
248 130
234 123
216 115
197 109
171 97
144 83
117 66
93 54
70 42
50 33
35 25
25 17
21 13
23 15
31 17
42 23
64 33
87 44
111 54
138 68
166 83
191 97
214 109
232 119
246 126
255 132
259 134
255 134
248 130
234 125
216 117
197 113
169 103
132 80
103 52
82 37
64 29
48 27
33 23
23 15
21 11
27 13
37 23
50 33
68 41
91 46
117 56
144 70
169 85
195 99
216 107
236 115
248 123
255 128
257 134
253 132
246 128
230 123
210 115
185 103
160 89
132 78
107 62
82 48
60 37
42 29
29 21
21 15
21 13
27 15
37 21
52 27
72 35
99 46
125 62
150 76
175 87
201 99
222 113
238 123
251 128
257 132
259 134
253 134
242 128
224 121
205 111
181 99
154 87
128 74
101 60
78 48
56 39
41 29
33 29
27 29
15 17
15 0
33 0
58 17
82 42
103 56
126 62
156 68
185 85
208 109
226 125
240 126
253 126
259 128
257 134
250 134
236 126
220 117
199 103
173 93
148 83
123 72
97 56
72 42
52 33
37 25
27 19
21 15
23 15
29 15
42 21
62 31
83 42
107 54
134 66
162 78
187 93
210 107
230 117
246 125
255 130
259 134
255 134
248 132
234 125
216 115
195 105
169 95
142 82
115 68
89 54
66 42
48 33
35 25
25 19
21 15
25 15
33 19
48 27
68 37
95 56
115 64
130 64
156 66
191 80
218 101
234 121
246 126
253 126
259 128
257 132
246 134
230 130
210 117
189 101
164 89
136 80
109 66
85 50
64 37
44 27
29 19
23 15
21 15
25 17
31 19
50 25
72 37
95 48
119 60
146 72
173 85
197 99
220 111
236 121
0 126
250 130
257 132
253 132
242 128
228 121
207 111
183 101
158 89
130 76
105 62
80 48
60 37
41 29
29 21
23 19
21 15
27 15
39 19
54 29
76 41
99 50
125 62
154 76
179 89
203 103
224 113
242 125
257 140
259 146
248 128
242 109
238 107
226 115
205 117
177 101
150 80
126 64
101 58
76 52
54 44
39 29
27 15
21 11
21 15
29 21
41 23
58 27
80 35
105 48
132 66
158 82
183 91
207 101
228 111
244 125
255 132
257 136
255 132
250 130
238 125
218 121
197 109
173 95
146 82
119 66
93 54
70 44
50 33
35 25
25 15
21 13
23 13
33 19
44 25
64 33
85 42
111 54
138 68
164 82
189 95
212 107
232 117
246 125
255 130
259 134
255 134
248 132
234 126
216 123
197 115
164 99
130 72
105 48
87 39
68 37
46 33
31 23
23 11
23 9
27 17
35 25
48 33
68 37
91 42
117 56
142 70
167 83
195 97
216 107
236 117
248 125
257 132
257 134
253 132
244 128
230 123
208 113
185 101
162 89
134 76
107 62
82 50
60 39
42 29
31 21
23 17
19 13
25 13
39 21
52 29
72 37
97 48
123 60
150 76
175 89
199 101
220 113
238 121
250 128
250 132
257 134
250 132
242 128
224 119
205 111
183 101
158 89
128 74
101 58
80 48
58 41
41 33
33 33
21 23
11 1
17 0
37 3
58 27
80 44
101 52
126 56
156 68
183 89
207 111
218 123
240 125
1 125
250 128
257 134
250 134
156 126
220 115
193 103
160 95
140 85
123 72
97 56
74 42
37 31
37 25
27 21
21 17
15 15
29 15
42 21
60 29
83 42
109 54
134 66
160 80
187 93
203 107
228 117
244 123
253 128
257 134
255 134
248 130
236 125
216 117
195 107
169 93
144 82
117 68
91 54
68 41
48 31
35 25
25 19
21 17
23 17
33 21
48 29
70 41
91 56
107 58
3 56
160 64
191 83
216 105
232 119
246 125
5 125
261 130
257 136
248 138
232 130
212 115
189 99
164 89
138 80
111 68
83 50
62 35
44 25
31 21
23 17
21 15
25 13
35 17
50 25
70 37
93 48
119 58
146 72
171 85
197 99
218 111
236 121
250 126
257 130
257 132
251 130
244 128
228 123
208 113
185 101
158 89
132 76
105 62
82 48
60 37
42 27
29 17
23 17
21 15
27 17
37 19
54 27
76 37
99 50
126 64
152 78
179 91
203 103
224 115
244 128
257 144
253 136
246 117
244 107
242 113
226 121
203 117
177 99
152 76
126 66
103 64
78 58
54 42
39 25
27 13
21 13
21 17
27 21
41 21
58 25
80 35
103 50
130 68
158 80
183 89
207 101
228 113
242 125
253 130
257 132
257 130
251 130
238 126
218 119
197 107
173 93
148 82
121 70
93 56
70 44
50 33
35 23
25 17
21 15
23 15
31 17
42 21
62 29
85 42
111 54
136 68
162 80
189 93
212 105
232 119
246 128
3 130
251 132
257 134
248 132
236 128
220 126
187 115
160 91
128 64
109 48
83 42
68 41
44 29
31 17
17 11
25 13
27 19
33 23
48 27
5 35
82 44
115 58
15 72
169 83
193 95
216 107
234 117
248 126
255 130
259 134
253 132
244 126
230 123
210 115
189 103
162 89
136 76
109 64
83 50
62 39
42 29
31 21
23 15
21 13
25 15
37 19
52 27
72 37
93 46
121 58
150 74
175 87
199 101
220 111
238 121
250 128
255 132
257 134
253 132
244 128
226 121
205 111
181 99
156 87
130 76
103 62
80 48
58 39
46 37
31 33
13 15
9 0
21 0
41 9
60 33
76 46
99 48
128 54
158 72
183 97
205 113
224 119
240 121
251 123
257 130
257 136
250 134
238 125
220 113
201 105
177 97
150 87
123 70
97 54
74 41
52 35
37 27
27 21
23 15
21 13
29 15
41 23
60 31
82 41
107 52
132 64
160 78
187 93
208 107
230 117
244 123
5 130
251 134
257 132
248 132
236 125
218 117
195 107
169 93
144 80
119 68
95 56
68 42
48 31
35 23
25 17
21 15
23 15
33 19
48 27
72 44
85 52
103 50
130 52
162 66
193 89
212 107
230 117
248 121
7 126
259 134
257 138
246 136
232 125
212 113
189 101
166 91
138 82
111 64
83 48
64 37
46 29
31 23
23 19
21 13
25 13
35 17
50 27
68 37
93 46
119 58
144 64
169 83
195 95
216 109
236 119
248 126
7 130
259 134
250 134
244 130
228 121
208 111
177 101
160 89
132 76
105 62
82 48
52 37
42 27
29 21
23 17
21 15
25 15
37 19
54 27
76 39
99 50
123 62
150 74
177 87
201 101
224 115
246 132
251 138
248 125
248 111
250 113
244 123
226 126
201 113
177 91
156 76
130 74
103 68
76 56
54 37
39 21
27 15
21 15
21 17
27 19
41 17
56 25
78 37
103 52
130 68
156 76
183 87
207 101
226 115
242 125
253 130
259 132
257 132
250 130
238 126
220 119
199 107
173 93
146 80
121 68
95 58
72 46
50 35
37 25
27 19
21 15
23 17
31 19
44 23
60 31
83 42
109 56
136 68
162 82
187 93
210 107
230 117
246 126
255 130
257 134
257 134
250 132
238 130
222 130
191 109
158 83
134 62
113 52
91 50
68 42
46 29
33 15
27 13
25 17
25 23
31 25
44 25
68 31
91 44
115 60
140 72
166 82
193 91
216 107
234 119
246 126
255 130
259 132
255 132
246 130
230 123
210 115
189 103
162 89
136 76
111 64
83 50
62 39
42 27
31 19
23 17
21 15
25 15
35 17
50 25
72 37
95 48
121 60
148 72
173 85
199 99
218 111
238 119
250 126
257 132
257 134
253 132
242 130
226 121
207 111
183 97
158 87
130 76
103 64
80 48
60 41
48 41
27 27
11 3
11 0
27 0
42 19
56 35
74 39
99 42
128 54
156 78
179 99
203 109
224 113
240 115
251 125
257 134
257 138
250 134
238 123
222 113
193 107
162 99
142 85
125 70
99 54
74 44
54 37
39 29
27 19
21 13
21 13
29 17
41 23
58 31
82 39
107 50
132 64
156 78
185 91
208 105
228 115
244 125
3 130
250 134
257 134
248 130
236 125
218 117
195 107
156 95
146 82
111 68
93 56
70 42
35 33
35 23
25 17
21 15
15 15
33 19
50 31
68 42
80 44
99 42
132 50
166 72
191 93
212 107
230 113
248 119
257 128
259 138
255 140
246 134
234 123
214 113
191 105
164 93
138 80
111 62
85 48
64 35
46 29
33 25
23 17
21 13
25 11
35 17
48 25
68 37
91 46
117 56
144 72
171 83
195 97
216 109
236 119
248 125
257 130
257 134
253 134
244 130
228 123
208 111
185 101
160 89
134 78
107 62
82 48
60 37
42 29
29 21
23 15
21 15
25 17
37 19
52 27
74 37
97 48
123 62
150 76
177 87
203 101
226 121
244 134
244 128
246 115
251 111
253 123
244 130
224 125
203 109
181 91
156 83
128 80
103 70
78 52
56 33
39 21
27 19
21 19
21 17
27 15
39 15
56 25
78 39
101 52
130 64
156 76
183 91
205 103
224 115
242 123
253 130
257 134
255 132
250 130
238 125
220 119
199 109
173 95
148 82
123 70
95 58
72 44
52 33
37 25
27 19
21 17
21 17
31 17
42 23
62 31
83 42
107 54
136 66
162 80
187 93
208 105
230 117
246 126
255 132
257 132
257 134
251 134
242 134
216 125
185 101
158 78
138 64
117 58
91 52
68 42
48 31
35 19
27 17
23 19
23 21
33 21
46 25
66 31
87 44
113 58
140 70
166 80
193 91
214 105
232 117
248 126
255 130
259 130
255 132
246 130
230 125
212 115
189 103
164 91
136 78
111 64
85 52
64 39
42 29
31 19
23 15
21 15
25 15
35 19
50 25
70 35
93 46
119 58
146 72
173 83
189 97
220 111
236 121
248 126
257 132
259 134
250 134
242 130
228 123
207 113
185 101
158 89
132 76
105 62
80 50
62 44
44 39
21 17
1 0
15 0
29 5
42 27
54 35
72 35
99 41
128 60
154 83
179 99
201 105
224 109
240 117
1 128
255 134
255 134
251 128
234 123
222 117
201 111
179 101
152 85
125 70
99 56
74 44
56 37
39 27
27 19
21 13
23 13
29 17
41 23
58 29
80 39
105 50
132 64
158 78
185 93
208 105
228 115
244 123
253 128
259 132
257 134
250 132
236 125
218 117
197 107
173 95
146 83
119 68
95 54
70 44
50 35
35 25
25 19
21 17
23 17
33 21
52 35
62 39
76 37
101 37
134 50
166 74
191 95
210 107
230 113
248 119
257 130
261 138
255 138
246 130
234 123
214 115
191 107
166 93
140 80
115 62
87 50
64 39
46 31
33 21
23 15
21 13
23 13
33 17
48 27
68 37
91 46
117 56
144 70
169 85
195 99
216 109
236 117
248 125
255 130
257 132
255 134
244 130
230 123
210 113
187 103
162 91
134 78
107 62
83 48
62 37
42 29
29 21
21 15
21 13
27 15
37 19
52 27
74 37
97 50
123 62
150 76
175 87
201 101
228 125
238 130
240 119
248 111
257 117
257 130
242 134
222 123
205 103
183 91
158 85
130 82
103 68
78 48
56 31
41 23
27 21
21 17
21 15
27 13
39 15
54 27
76 41
101 52
128 64
156 74
181 87
205 103
224 115
242 123
253 128
257 132
255 132
250 130
238 126
220 119
199 107
175 95
150 83
125 72
97 58
72 44
52 33
37 25
27 19
21 17
21 13
29 15
42 21
60 31
82 42
107 52
134 66
162 80
187 93
208 107
228 117
246 125
5 130
250 134
257 136
253 138
240 126
212 121
183 95
164 76
126 68
111 64
85 56
66 41
48 25
37 19
25 17
21 21
25 21
33 21
46 23
64 31
87 44
113 58
138 68
166 80
191 91
214 105
232 119
246 126
255 130
259 130
255 132
246 130
232 125
212 115
189 103
166 89
136 78
111 64
85 50
64 39
46 31
31 23
23 17
21 15
25 15
35 19
50 25
70 35
93 46
119 58
144 72
171 83
195 95
220 111
238 121
250 128
257 132
257 134
253 134
244 130
228 123
208 113
183 101
158 87
132 74
107 62
85 54
66 52
39 31
17 5
5 0
21 0
29 17
39 27
52 27
74 29
101 41
125 64
152 83
177 95
201 99
222 107
240 117
251 130
257 138
255 132
251 126
240 123
222 119
203 111
179 101
152 85
126 70
99 58
76 46
56 37
39 27
27 19
21 13
21 13
29 17
41 23
58 29
80 39
105 50
130 64
156 78
183 89
208 103
228 115
242 125
251 130
257 132
257 134
250 132
236 125
218 117
199 107
173 95
146 83
121 68
95 56
72 44
50 33
35 25
25 17
23 15
25 19
37 29
46 35
54 29
74 27
103 37
138 58
166 80
187 95
208 103
232 111
248 123
257 134
259 140
255 138
246 128
234 123
214 115
193 107
166 93
140 76
115 60
87 50
66 41
46 31
33 21
25 15
21 13
23 13
33 17
48 27
66 35
89 44
115 56
142 68
169 83
195 97
214 109
234 119
248 126
5 125
257 134
250 134
244 130
230 123
210 113
187 103
162 91
136 78
109 64
83 50
62 39
42 27
31 19
23 17
21 15
27 17
37 21
52 27
72 37
95 48
121 62
148 76
175 87
203 109
224 123
230 119
240 109
251 109
261 125
255 136
242 132
224 117
207 103
185 97
158 93
128 83
103 64
78 44
58 33
41 27
25 23
21 17
21 11
27 11
37 17
54 29
78 41
101 50
128 60
154 74
181 89
205 105
224 115
240 121
251 126
259 132
257 134
250 132
238 126
222 117
201 107
175 95
150 83
125 72
97 58
74 44
52 31
39 23
27 19
21 17
21 13
29 15
42 21
60 31
82 42
105 54
132 66
162 80
187 93
208 105
228 115
244 125
255 130
259 134
257 138
255 142
236 132
208 111
187 91
167 78
146 76
119 68
91 54
68 37
50 27
37 23
27 25
21 21
21 17
33 15
46 23
62 33
83 44
111 54
138 66
166 80
189 93
212 107
232 119
246 125
255 128
251 132
255 134
246 132
232 123
212 113
191 103
166 91
138 78
111 64
87 48
62 39
46 29
31 21
15 15
21 15
17 15
31 17
48 25
70 35
93 46
111 58
19 62
138 83
195 95
218 111
236 121
248 126
255 130
257 132
253 132
244 128
228 123
208 113
185 101
160 89
132 76
107 66
87 62
60 46
31 17
19 0
21 0
25 13
27 23
37 23
52 21
76 29
101 48
126 70
150 83
177 91
201 95
222 109
238 123
250 132
255 132
255 128
251 125
240 125
224 123
203 113
179 97
154 83
126 72
101 58
76 46
56 37
39 27
27 17
21 15
21 13
27 15
41 21
56 31
78 41
103 50
130 64
156 78
181 91
205 103
226 113
242 123
253 130
257 132
257 132
250 130
238 126
220 121
199 109
175 95
148 82
121 70
95 56
72 44
52 33
37 25
25 19
23 17
29 21
37 31
39 25
48 19
78 23
111 42
138 66
162 82
185 91
210 101
232 113
248 128
255 138
257 138
255 134
248 128
232 121
214 115
193 107
167 93
140 76
115 62
91 52
66 42
48 31
33 21
25 15
21 13
23 15
33 19
46 25
66 33
89 44
115 56
142 70
167 83
193 95
214 107
232 117
248 125
255 130
257 132
255 132
246 130
232 125
210 115
189 103
162 91
136 78
109 64
83 50
62 39
44 29
31 21
23 17
21 15
25 15
37 19
52 27
70 37
95 48
121 60
148 74
177 93
203 113
214 113
224 103
244 103
259 121
261 136
251 138
240 126
220 113
208 107
185 107
158 99
128 80
103 58
80 44
58 37
39 31
27 23
21 13
21 9
27 13
39 21
54 29
76 39
101 48
126 60
152 74
179 89
205 103
224 115
240 123
251 128
257 132
257 134
251 132
238 125
222 117
201 107
177 97
150 85
123 72
99 56
74 46
54 35
37 27
27 19
21 15
21 15
29 17
42 23
60 31
82 41
105 50
132 64
160 80
185 95
208 107
228 117
244 125
255 130
261 138
263 144
250 138
226 121
208 101
193 89
173 85
146 80
109 68
91 50
70 37
52 31
37 29
25 25
21 17
21 11
31 15
44 25
62 37
83 44
111 52
130 64
166 80
189 95
212 107
232 117
246 125
5 130
250 134
255 134
248 130
232 123
214 115
191 103
166 93
138 80
113 64
80 50
64 39
44 29
33 21
15 17
23 13
25 15
0 19
48 25
7 35
91 46
117 58
144 72
169 83
195 97
216 111
236 121
248 126
255 130
259 134
255 132
244 130
228 123
208 113
185 101
162 91
132 78
113 72
85 60
52 33
31 7
27 0
25 11
25 21
25 21
35 15
54 19
76 35
99 56
123 72
148 78
175 83
201 95
220 113
236 125
250 128
257 128
257 128
251 128
242 128
224 121
203 109
181 97
156 83
128 74
103 62
78 48
56 35
41 25
27 19
21 17
21 15
27 17
41 21
56 29
78 39
103 50
130 64
156 76
181 89
205 103
226 115
242 123
253 130
257 132
255 130
251 130
240 126
220 121
199 109
175 97
150 83
123 70
95 58
72 44
52 35
37 27
27 19
25 19
31 29
27 23
33 15
52 13
83 27
111 48
134 68
160 80
187 87
212 101
232 117
246 130
253 138
259 136
257 132
248 128
234 125
216 119
193 107
167 91
142 76
115 66
91 54
68 42
48 31
33 21
25 17
21 17
25 17
31 19
46 23
66 33
89 44
113 56
140 68
167 80
193 95
214 109
232 119
248 126
255 132
257 134
253 134
244 128
230 123
210 113
189 103
164 91
136 78
111 62
87 50
64 41
44 31
33 23
23 17
21 15
23 15
35 19
50 27
70 37
93 46
119 58
150 76
179 101
195 105
207 95
230 95
250 113
259 132
257 140
251 132
244 119
230 115
210 115
185 111
158 95
130 74
105 56
80 44
56 39
41 29
29 17
23 11
21 9
27 15
39 23
54 31
76 39
101 48
125 62
152 78
177 91
203 101
224 111
240 121
251 128
257 132
257 134
251 132
240 126
222 119
203 111
177 99
152 83
126 72
101 58
76 46
54 37
39 27
27 19
21 15
23 15
29 17
41 21
60 29
80 41
105 52
130 64
158 78
185 93
208 107
228 117
244 125
255 134
265 144
259 146
242 128
226 109
214 99
199 97
173 95
144 83
119 66
95 48
74 41
52 37
37 31
25 23
21 13
23 11
31 17
44 27
62 33
83 41
109 50
136 64
164 82
189 95
212 107
232 115
246 123
253 130
257 134
255 132
248 130
234 125
214 117
191 105
167 91
140 80
113 64
87 52
66 41
46 29
33 23
25 17
21 13
25 15
35 19
48 25
68 35
91 44
117 58
144 72
169 83
193 95
216 109
236 119
248 128
255 132
259 134
255 134
246 130
230 125
210 115
187 103
162 91
138 83
111 74
76 46
50 17
39 7
33 13
25 21
21 21
25 11
37 11
56 25
74 44
97 58
121 64
148 70
175 83
199 101
218 115
238 123
250 125
257 126
257 130
251 134
242 128
226 121
207 109
181 99
154 87
128 76
103 60
80 46
56 35
41 27
29 21
21 17
21 15
27 15
39 19
56 29
78 41
103 52
128 64
156 76
181 91
205 103
224 115
242 123
251 128
257 132
255 132
251 132
238 126
220 119
201 109
175 97
150 83
125 72
97 58
74 46
54 35
37 27
29 23
29 25
21 21
19 11
33 5
58 15
85 35
107 54
132 66
160 76
187 87
212 105
230 123
244 130
253 132
259 130
257 132
250 132
234 126
216 117
195 103
169 89
142 80
117 68
91 52
70 41
50 31
35 25
23 19
21 15
23 15
33 17
44 23
64 33
87 44
113 56
138 68
166 80
191 95
214 107
232 117
246 125
255 128
259 134
255 134
246 130
232 123
212 113
189 101
166 89
138 78
111 64
87 52
64 41
44 31
31 23
23 19
21 15
25 15
35 19
50 27
70 37
93 48
121 64
152 85
169 93
185 85
208 85
236 103
253 126
257 140
255 134
251 125
246 121
232 125
210 123
183 109
158 89
132 70
107 60
80 52
58 42
41 29
29 15
21 11
19 13
27 17
37 21
54 25
76 35
99 48
125 64
152 78
177 89
203 99
222 111
240 121
251 128
257 130
259 132
251 132
240 126
224 121
203 111
179 99
152 85
126 72
99 58
76 46
56 35
39 27
27 17
21 13
23 15
29 19
41 23
58 31
80 41
105 52
130 66
158 80
183 91
207 105
226 115
244 125
259 138
263 146
250 136
238 119
232 109
220 109
199 107
171 97
144 80
121 62
97 54
74 48
52 39
35 27
25 17
21 13
21 13
29 19
42 25
62 31
83 39
109 52
128 68
164 83
189 95
210 105
230 113
246 125
5 132
257 136
255 132
248 128
234 123
214 117
193 105
166 91
142 78
115 66
89 54
66 41
46 29
35 23
25 19
21 15
15 15
33 17
48 25
62 35
89 44
115 56
142 70
167 83
193 95
216 109
236 121
248 128
5 132
257 132
255 134
246 130
230 125
210 115
189 103
166 99
138 89
101 62
74 33
56 17
46 21
33 25
21 23
19 11
25 7
39 17
54 33
72 46
95 54
121 58
148 70
173 85
199 103
220 115
236 119
0 121
257 128
257 134
251 134
242 128
226 117
203 109
175 103
156 91
128 76
103 60
80 46
58 37
41 27
29 19
21 15
21 13
27 15
39 19
56 29
78 39
101 50
1 62
154 76
179 89
205 103
220 115
234 123
3 128
250 132
251 132
251 132
240 126
222 121
201 109
177 97
152 85
125 72
99 60
74 46
54 35
41 31
35 31
19 23
11 7
19 0
39 5
62 25
82 42
103 52
132 62
162 74
187 93
208 111
228 121
244 125
255 128
257 132
255 134
248 134
234 125
216 113
195 103
171 93
144 82
117 68
91 54
70 41
50 33
35 25
25 19
21 15
23 13
33 17
44 23
64 33
87 44
113 56
138 68
166 80
191 95
214 111
232 119
246 126
255 130
259 134
255 134
246 130
232 123
214 113
191 103
166 91
138 80
111 64
87 52
64 39
46 31
31 21
23 15
23 15
25 17
35 21
48 27
70 37
95 50
125 74
142 80
160 74
187 74
216 91
238 117
250 134
255 134
257 126
255 125
248 130
230 132
208 123
185 103
160 83
132 72
105 64
80 52
58 37
42 23
29 15
21 13
21 17
27 19
39 21
52 25
74 37
97 50
125 64
150 76
177 85
201 99
222 111
240 123
251 130
257 132
257 132
251 130
240 126
224 121
203 109
179 97
154 85
126 72
101 58
76 46
56 35
41 25
29 21
21 17
21 15
29 17
41 21
58 29
80 41
103 52
130 66
156 78
183 91
207 107
228 119
248 132
257 140
251 132
246 123
244 115
238 115
222 117
199 109
171 95
148 78
123 64
99 60
74 52
52 41
35 25
27 15
23 15
23 17
29 21
42 21
60 27
85 39
107 52
134 68
162 80
189 93
210 105
230 117
246 126
255 132
257 134
255 132
248 130
234 125
216 117
193 105
169 91
142 80
115 66
91 54
66 41
46 31
33 21
25 19
21 15
23 15
33 19
48 25
66 35
87 42
115 54
142 70
169 83
193 97
214 107
234 119
248 126
255 132
257 134
255 132
246 130
230 125
210 115
195 111
167 105
128 78
97 44
78 29
66 29
48 35
31 29
21 15
21 5
29 11
39 25
52 37
70 42
93 42
121 52
146 70
171 89
199 103
220 111
236 117
250 125
257 132
259 136
253 134
242 126
226 119
207 111
183 101
158 89
128 74
105 58
80 46
58 39
41 29
29 21
21 15
21 13
27 15
37 21
54 27
76 39
101 50
126 64
154 76
179 89
205 103
224 115
240 123
251 130
257 132
255 132
251 130
242 126
224 121
201 111
177 97
152 83
125 72
99 60
76 48
56 39
46 37
27 27
11 9
11 0
27 1
44 17
60 33
80 41
105 46
134 60
162 80
185 99
208 111
228 117
244 123
253 128
257 134
255 134
248 130
236 123
216 113
195 105
171 95
146 83
119 68
91 52
70 41
50 31
35 27
25 21
21 15
23 13
33 17
44 25
62 35
87 42
111 54
138 68
166 82
189 95
214 107
232 117
248 125
255 130
259 134
255 136
248 130
232 125
214 115
191 105
166 93
138 80
113 64
89 52
66 42
46 31
33 21
25 17
21 15
25 17
33 21
48 27
70 37
99 58
117 66
132 60
162 60
195 80
220 107
236 126
248 128
255 125
259 126
255 134
244 138
228 130
208 113
187 97
160 87
134 80
105 68
82 48
60 35
42 23
29 19
23 19
21 17
27 13
37 17
52 25
74 39
97 50
123 62
150 74
175 87
201 101
220 113
240 123
250 126
257 130
257 130
251 130
242 128
224 123
205 111
179 97
156 87
128 76
101 60
76 46
56 35
41 25
29 19
21 15
21 15
29 15
41 21
56 29
78 39
103 50
130 64
156 78
181 91
208 107
230 123
246 132
246 128
248 121
251 117
250 121
240 125
218 119
199 105
175 91
150 82
125 72
97 62
74 50
52 35
37 23
25 17
21 17
21 17
29 17
41 17
60 27
83 41
107 54
134 68
160 78
189 91
212 107
230 119
244 126
1 130
250 134
251 134
248 132
234 125
216 117
195 105
169 91
142 80
117 68
91 54
68 42
48 29
35 23
25 19
21 15
23 15
33 17
46 23
66 33
87 44
115 56
142 70
167 83
193 97
214 109
234 119
248 126
255 132
257 134
255 132
246 130
232 126
216 125
193 117
156 89
125 58
105 42
87 42
66 44
44 35
29 19
23 9
23 9
29 21
37 31
50 33
70 33
93 41
121 58
146 76
171 87
197 95
218 103
238 115
250 128
257 134
257 134
253 132
244 126
226 123
208 113
183 103
158 87
130 74
103 60
80 48
60 37
41 27
29 19
23 15
21 13
27 17
37 21
54 29
76 37
99 50
125 62
152 76
179 87
203 101
224 113
240 123
251 128
259 132
259 134
251 134
240 126
224 119
203 109
177 99
152 85
126 72
101 60
78 50
62 44
37 31
17 13
13 0
19 0
29 9
42 21
58 31
80 37
107 46
134 64
160 83
185 97
207 107
226 115
244 123
253 130
255 134
253 132
250 126
236 123
218 117
197 107
173 95
148 82
121 68
93 56
70 42
50 33
37 25
25 17
19 13
21 13
33 17
46 25
62 33
85 42
111 54
138 68
164 82
189 95
210 105
232 115
248 126
255 132
257 134
255 134
248 130
234 125
214 117
193 105
167 93
140 80
115 66
89 54
66 42
48 31
33 23
23 17
21 15
25 15
35 21
50 29
74 46
89 52
105 46
132 46
167 64
199 95
218 117
234 121
248 119
259 125
261 136
255 142
242 138
230 123
210 107
187 99
160 91
132 80
107 62
83 44
62 33
42 27
29 21
23 17
21 13
27 13
37 19
50 29
72 39
97 50
123 60
148 74
175 87
201 101
220 113
238 121
251 126
257 132
257 134
251 132
242 128
224 119
205 109
181 99
156 87
128 76
103 60
78 46
58 35
41 27
29 21
21 15
21 13
29 15
41 21
56 31
78 41
101 50
128 64
156 80
183 95
210 111
230 123
234 123
242 115
251 115
250 123
251 130
238 126
220 115
201 103
179 95
152 89
125 78
97 60
72 42
52 29
37 23
25 21
19 15
21 13
31 13
41 21
60 31
82 42
107 54
132 66
160 78
185 93
210 107
228 117
244 125
3 128
250 132
255 134
248 132
236 125
218 115
187 105
169 93
142 80
109 66
93 54
68 42
48 33
33 23
25 17
21 17
15 17
31 19
46 23
1 33
80 44
113 56
15 68
158 78
193 97
207 109
232 119
248 126
255 132
259 134
255 134
246 130
236 132
216 125
183 101
152 72
134 56
115 56
89 56
64 44
44 27
33 13
27 13
23 21
25 25
35 25
50 23
70 31
91 44
119 62
144 74
171 82
195 91
218 105
236 121
248 128
5 130
250 130
255 132
244 128
228 125
208 115
185 101
158 85
132 74
105 62
80 50
58 37
41 27
29 19
21 15
21 15
27 15
37 19
52 27
76 37
99 48
125 62
152 76
177 87
201 99
222 111
240 123
251 128
257 132
257 132
251 132
240 128
224 121
205 111
179 99
154 87
126 74
103 64
83 58
52 41
29 17
19 1
21 0
25 9
29 17
39 21
58 25
82 37
107 52
130 70
158 83
183 95
207 103
226 113
242 125
251 132
257 134
255 130
248 126
236 123
220 119
199 109
173 95
148 82
121 70
95 56
70 44
50 35
35 25
25 19
21 15
21 13
29 17
44 23
62 31
83 42
109 52
130 68
166 82
189 95
210 105
232 117
248 125
253 130
250 132
255 132
248 130
234 125
214 115
193 103
169 93
142 82
115 68
89 52
68 41
48 31
33 23
23 19
21 17
25 15
35 21
52 37
64 42
80 35
107 35
140 54
171 82
187 105
214 111
234 113
250 119
257 132
259 140
253 140
246 130
230 117
210 109
187 103
162 93
126 78
109 60
83 46
62 37
44 31
31 23
23 17
21 13
25 15
37 19
52 29
72 37
95 46
121 58
148 72
173 87
195 101
220 111
236 119
0 126
250 132
257 132
251 130
234 126
226 121
205 111
171 101
156 85
130 74
103 60
78 48
50 35
41 27
29 19
23 15
21 13
27 17
39 23
56 31
78 41
101 50
126 64
156 80
185 99
207 113
216 111
232 109
248 115
259 125
257 132
250 132
238 123
222 113
203 107
179 101
152 91
123 74
97 58
74 42
54 33
37 27
25 21
19 11
21 9
29 13
41 21
60 29
82 41
107 52
134 64
160 80
185 95
208 107
228 117
244 123
253 128
257 132
255 134
250 130
236 125
218 115
197 105
171 93
144 82
117 66
93 52
70 42
48 33
33 23
25 19
21 15
23 15
31 17
44 21
66 33
87 44
113 56
138 68
166 82
191 95
214 109
232 117
246 125
5 130
251 136
255 136
250 138
236 136
207 113
171 83
160 70
140 70
115 70
85 58
62 37
44 21
35 19
25 23
21 25
25 21
33 17
48 21
62 35
91 50
117 60
144 70
169 80
195 95
218 109
236 123
0 128
250 128
259 130
253 132
244 130
228 125
208 113
175 99
158 85
132 76
107 62
80 48
52 35
42 27
29 21
21 17
21 15
19 15
39 19
52 27
74 37
99 48
125 60
150 74
177 85
201 99
222 113
240 123
251 128
257 130
257 134
251 132
240 128
224 119
205 111
181 99
154 87
130 78
107 70
76 52
44 27
31 9
25 5
23 9
23 13
27 15
39 15
60 25
82 41
105 58
128 70
156 80
183 89
205 103
224 115
242 123
251 128
257 128
257 128
248 128
236 125
220 119
199 109
173 95
148 82
123 70
97 58
72 44
50 33
35 25
27 17
21 15
23 15
31 17
44 21
62 31
83 42
109 54
136 68
164 82
187 95
208 105
230 115
246 125
253 130
259 134
255 134
248 130
234 125
216 117
193 105
167 93
142 82
115 68
89 54
68 41
48 31
35 23
25 19
21 17
27 19
39 33
44 31
54 21
80 21
115 41
144 70
167 89
189 97
214 99
236 111
251 128
255 142
257 142
253 132
246 125
230 121
208 115
187 105
164 89
136 72
109 58
83 50
64 42
44 31
31 21
23 15
21 15
25 17
35 21
50 27
70 35
93 44
119 58
148 72
173 87
199 99
220 111
236 119
250 128
257 132
257 134
251 132
242 126
226 121
207 113
183 101
156 87
130 72
105 60
80 46
56 35
41 25
29 21
21 15
23 15
27 17
39 23
56 31
76 39
101 50
128 64
158 83
181 99
197 101
212 99
236 103
253 119
259 132
255 134
250 128
242 123
224 117
203 113
177 103
152 87
125 72
97 56
74 42
54 35
37 27
27 17
21 11
21 11
31 17
42 23
58 31
80 39
107 50
132 64
158 80
183 91
208 103
228 115
244 123
251 128
257 132
257 132
250 130
236 125
216 117
195 105
173 95
146 83
119 70
93 54
70 42
50 33
35 25
25 19
21 15
23 15
31 17
44 23
64 33
87 42
113 56
138 68
164 80
191 95
214 109
232 119
246 126
255 130
251 134
259 142
250 142
224 119
203 95
189 83
162 85
142 83
113 62
85 48
62 33
48 29
35 29
23 27
19 19
15 11
35 13
48 25
64 39
89 48
117 54
15 64
171 82
187 99
216 111
234 117
0 125
250 130
257 134
251 134
242 130
230 123
208 113
177 101
160 89
134 76
107 62
82 48
60 37
42 27
31 19
15 15
21 13
27 15
37 19
52 27
72 37
97 48
123 60
150 74
177 87
201 101
220 113
240 121
251 128
257 132
257 134
253 134
242 128
224 121
205 111
181 101
158 93
132 83
99 64
66 37
48 19
39 13
29 15
21 15
21 11
27 11
41 15
58 29
82 44
103 58
128 66
156 74
181 89
207 105
224 117
240 123
251 125
257 128
257 132
250 132
236 126
220 117
199 107
175 95
148 83
123 72
97 56
72 44
52 33
35 25
25 17
21 13
21 13
31 17
42 23
62 33
83 42
109 54
134 66
162 80
187 93
208 107
230 115
244 125
255 130
257 134
255 132
250 130
236 126
216 117
193 107
169 93
144 80
117 68
89 54
66 41
48 33
35 25
25 19
23 19
29 27
29 25
35 11
56 9
87 29
117 56
140 76
166 83
191 87
216 101
236 121
248 136
255 138
257 132
255 126
246 126
230 125
210 117
189 101
164 85
136 72
111 62
85 52
64 41
44 29
31 21
23 17
21 17
25 17
35 19
50 25
70 33
93 46
119 60
146 72
171 83
197 95
218 109
236 121
250 128
257 130
257 132
253 132
242 128
226 121
208 111
185 101
158 87
130 74
105 60
82 48
58 39
41 27
29 19
23 15
21 15
27 15
37 21
54 29
76 39
101 52
132 70
156 83
169 85
193 87
218 95
242 113
253 128
255 132
255 128
251 125
244 125
226 125
203 119
177 101
152 83
126 70
99 60
74 48
52 35
39 23
27 15
21 13
21 13
29 17
42 21
58 29
80 39
105 52
130 64
158 78
183 91
207 101
228 113
244 125
253 130
255 130
257 132
251 132
236 128
218 119
197 107
173 95
146 82
119 70
93 56
72 44
50 33
35 23
25 17
21 13
23 13
31 15
44 23
64 33
85 44
111 56
138 68
164 82
191 95
212 109
230 119
246 126
255 132
263 142
259 144
238 126
222 103
210 93
195 99
169 99
138 83
111 60
89 42
70 39
48 39
31 33
23 19
21 9
25 9
33 19
46 31
66 37
89 42
117 50
142 68
169 85
195 99
216 109
234 115
250 123
257 130
257 136
253 134
244 128
230 121
210 113
187 103
160 91
134 76
107 60
83 46
62 39
44 31
31 23
23 17
21 13
25 15
37 21
50 27
72 35
95 46
123 60
150 74
175 87
199 99
220 111
238 121
251 128
257 132
257 134
253 132
242 128
226 123
205 113
185 105
162 99
126 78
91 52
70 31
56 21
42 23
29 21
19 15
21 9
31 11
42 21
56 35
76 44
101 50
128 60
154 74
179 89
203 103
224 113
240 119
251 125
257 132
257 134
250 132
238 126
222 117
201 109
177 99
150 85
123 70
97 56
74 42
52 33
37 25
25 17
21 13
23 13
29 15
41 21
60 31
83 41
107 52
132 66
160 78
187 93
208 105
228 115
244 123
253 128
259 134
257 134
248 132
236 125
218 115
195 105
169 93
142 80
119 68
93 54
68 44
48 33
35 25
29 25
27 29
19 19
19 3
39 0
66 19
91 44
113 62
138 68
166 74
193 89
214 109
234 128
248 134
255 130
257 126
255 130
246 132
230 126
212 113
189 97
164 87
138 78
113 68
85 52
64 39
46 27
33 21
23 19
21 17
25 13
33 15
50 23
70 35
91 48
119 60
146 64
171 83
189 99
218 111
236 121
0 128
255 130
250 132
253 132
244 128
228 121
207 111
185 101
158 87
132 76
107 62
82 48
52 37
42 27
29 19
23 17
21 15
17 15
37 19
48 29
78 42
105 60
125 72
142 70
167 72
199 83
224 103
240 121
250 126
257 128
259 128
253 130
242 132
224 126
203 113
179 97
152 82
126 72
99 60
76 46
52 31
37 21
27 15
23 15
23 17
27 17
41 21
58 29
80 41
103 52
130 66
156 76
183 89
207 101
226 113
244 123
253 130
257 132
255 132
250 130
238 126
220 119
197 107
173 93
148 82
121 70
93 56
72 42
52 33
37 25
25 21
19 15
23 13
31 17
44 23
62 33
83 42
111 54
136 68
164 82
187 95
212 107
232 119
246 126
259 142
259 144
246 126
236 107
232 105
218 111
195 109
167 95
140 76
115 58
91 52
68 50
48 41
31 25
23 13
21 9
25 15
33 21
46 25
66 29
89 39
115 54
142 72
169 85
193 97
216 107
234 117
248 126
255 134
257 134
253 130
244 126
230 123
210 115
187 105
162 89
136 76
109 62
83 50
62 39
42 29
31 19
23 15
21 13
25 15
37 19
52 27
72 35
95 46
121 58
148 72
173 85
201 99
220 111
238 123
0 128
250 132
257 134
250 134
244 130
228 123
210 117
187 109
144 89
119 64
95 44
62 35
60 31
41 27
27 19
21 11
23 11
31 17
41 27
56 33
76 39
101 46
126 60
154 78
177 91
203 101
224 111
240 119
251 128
257 134
257 134
251 132
240 125
222 117
201 109
177 99
150 85
123 70
97 56
74 44
52 35
37 25
25 17
21 11
23 13
31 19
41 23
60 31
82 41
107 52
132 66
160 80
185 93
208 105
228 115
244 123
253 128
259 134
257 134
248 130
236 125
218 117
197 107
156 95
144 82
111 68
93 56
68 44
48 33
41 31
31 33
17 17
11 0
23 0
46 11
68 35
87 50
109 54
138 58
167 76
193 99
214 117
232 125
246 125
255 126
257 132
253 136
246 132
232 123
212 111
189 99
166 89
140 80
113 68
87 52
64 39
46 29
33 25
23 19
21 15
25 13
33 17
48 25
68 37
91 46
117 56
146 70
171 85
195 99
218 111
236 119
250 126
255 130
257 134
253 132
244 126
228 123
208 113
185 101
160 87
132 76
107 62
82 48
60 39
42 29
29 21
23 17
21 15
27 17
37 21
46 31
19 46
97 56
115 56
15 58
173 64
203 93
222 111
236 121
248 121
259 126
261 134
253 138
240 134
226 123
205 109
181 99
154 87
126 76
101 58
76 42
54 31
39 23
29 19
21 17
21 15
29 15
41 19
58 29
80 41
103 52
128 62
156 76
183 89
207 105
226 117
242 123
253 128
257 132
255 132
250 130
238 126
220 119
199 107
173 95
148 82
123 70
95 56
70 42
52 33
37 25
25 19
21 15
23 13
31 17
44 23
62 31
83 41
111 52
136 68
164 82
187 95
212 107
232 121
251 138
253 140
248 123
248 109
248 113
238 123
216 123
191 107
167 87
144 72
117 66
91 62
66 50
48 33
33 17
23 13
21 15
21 17
31 17
46 21
66 27
89 42
115 58
142 74
167 83
193 95
214 107
234 121
246 128
255 132
257 132
255 130
246 128
230 125
210 115
189 103
162 89
136 76
111 64
85 52
62 39
42 27
31 19
25 17
21 15
25 17
35 19
50 25
72 37
95 48
121 60
146 72
173 85
199 99
218 111
238 121
250 126
257 130
259 132
253 134
244 130
232 128
212 123
177 101
146 76
125 56
103 48
82 44
58 37
41 25
29 13
25 11
23 17
29 23
39 25
54 29
76 35
99 46
125 62
152 78
177 87
203 97
222 109
240 121
251 130
257 134
257 132
251 130
240 126
222 119
201 109
177 95
152 83
125 70
97 56
74 44
54 35
39 25
27 17
21 15
21 13
29 17
41 21
58 29
82 41
107 52
132 66
158 78
183 91
208 103
228 115
244 125
251 128
257 132
257 134
250 132
236 126
218 117
199 107
171 95
146 83
111 70
95 56
70 42
54 37
39 35
19 17
1 0
17 0
33 7
48 25
64 37
78 41
111 48
15 62
160 85
191 105
210 113
230 115
246 119
5 130
250 136
253 134
183 126
232 119
214 111
191 105
166 93
125 78
115 64
80 46
64 41
46 31
33 23
25 17
21 13
23 13
35 19
48 25
68 35
89 42
117 56
144 72
169 85
195 97
216 109
236 117
250 126
255 132
257 134
253 134
244 128
228 123
208 113
187 103
162 89
134 76
107 62
83 50
62 39
44 29
31 21
23 15
21 13
27 17
41 25
60 41
72 44
87 42
113 44
146 60
177 82
201 101
220 111
236 117
251 123
259 132
259 140
251 140
242 130
224 119
205 109
179 99
154 87
128 72
101 58
78 42
54 33
39 25
29 19
23 15
21 15
27 15
39 21
58 31
78 41
103 50
128 62
156 76
181 91
205 103
226 113
242 123
251 128
257 132
257 134
251 132
238 126
220 119
199 109
175 97
148 82
121 68
97 58
72 44
52 33
37 25
27 19
21 13
21 13
31 17
44 23
60 33
83 42
107 52
134 66
162 82
187 95
212 109
236 128
242 130
242 119
248 109
255 117
251 130
236 130
214 117
193 95
171 85
146 83
119 80
89 62
68 41
48 25
33 19
23 19
19 17
23 13
31 13
46 19
64 31
87 46
115 58
140 68
167 78
191 93
214 107
234 121
248 126
255 130
257 132
253 132
244 130
232 125
212 115
189 103
164 91
136 78
111 64
85 52
64 39
44 29
31 21
23 17
21 15
25 17
35 17
50 25
72 35
93 46
119 60
146 72
173 85
197 97
218 111
236 119
250 126
259 134
259 136
255 136
248 136
230 130
201 111
171 87
148 70
132 66
107 60
80 48
56 33
42 21
33 19
23 21
21 21
25 19
39 17
54 25
74 37
97 50
125 62
152 72
177 83
203 97
224 111
240 123
251 128
257 130
257 130
251 132
240 128
224 121
203 109
179 95
152 83
126 72
99 58
74 44
54 33
39 25
27 19
21 13
21 13
29 17
41 23
56 29
80 39
105 50
132 66
158 80
183 91
207 103
228 115
244 123
253 128
257 132
255 134
250 130
236 125
218 117
197 107
173 95
146 83
121 70
95 58
74 50
54 44
27 19
15 0
15 0
25 5
33 21
44 29
60 29
85 33
113 50
138 74
164 91
189 99
210 103
232 113
246 126
253 134
257 136
255 130
248 125
232 121
214 117
191 109
167 93
140 76
115 64
89 54
64 44
46 31
33 21
25 15
21 15
23 17
33 17
48 25
68 35
89 44
115 58
142 72
169 83
195 95
216 109
234 119
250 126
255 132
257 132
253 132
244 128
230 123
208 113
187 101
162 89
136 78
109 64
83 52
62 41
44 29
31 23
23 19
23 17
29 21
42 29
48 31
60 27
87 31
121 48
150 68
175 87
199 97
220 107
240 117
251 130
257 138
257 140
253 134
240 125
224 117
205 111
181 103
154 87
128 72
101 56
78 44
56 37
39 27
27 17
23 13
21 13
27 17
39 23
56 29
78 39
101 50
126 64
154 78
179 89
205 103
224 113
240 121
3 128
251 134
257 136
250 132
234 125
222 119
201 109
175 97
140 83
123 70
97 56
74 44
52 33
37 25
27 17
21 15
15 15
29 17
42 23
60 33
21 42
107 52
7 66
160 80
191 99
216 121
224 121
232 109
246 105
259 119
259 134
248 136
234 125
216 107
197 99
173 97
146 91
117 76
91 54
68 37
48 29
33 27
23 21
19 13
23 9
31 11
44 21
66 33
87 44
113 56
140 66
166 82
191 97
214 111
232 119
248 125
253 128
257 132
253 132
246 130
232 125
212 115
191 103
166 91
138 78
111 64
85 52
64 41
44 29
31 21
23 15
21 13
25 17
33 19
48 25
70 35
93 46
119 60
144 72
171 85
197 97
218 111
236 119
250 126
257 134
261 136
261 142
244 136
218 119
197 97
181 83
160 80
134 74
103 62
80 44
60 31
44 27
33 27
23 25
21 19
25 13
39 17
54 27
72 41
97 50
123 58
152 68
177 85
201 101
222 113
240 121
251 126
257 130
257 134
251 134
242 128
224 119
203 109
177 95
154 83
126 74
99 60
76 44
54 35
41 27
29 21
21 17
21 13
29 15
41 21
56 31
78 39
105 50
130 64
158 78
183 91
207 103
228 115
242 125
1 130
250 132
257 134
250 130
238 126
220 119
195 109
173 99
140 85
121 72
101 66
74 54
42 29
25 1
21 0
15 7
25 21
29 23
42 19
62 23
87 39
111 62
3 78
130 83
189 89
212 101
226 117
242 126
0 128
251 130
255 130
238 128
234 126
216 117
193 105
167 91
140 78
115 66
89 54
66 42
46 29
33 21
23 17
21 17
23 15
33 17
48 23
68 33
89 44
115 56
142 68
167 82
195 95
216 109
234 119
248 126
255 132
257 134
253 132
246 130
230 123
210 115
187 101
162 89
134 76
109 64
83 52
62 39
44 31
33 23
25 19
25 21
29 27
33 23
39 15
62 15
95 33
125 56
148 76
171 85
199 93
224 107
242 123
251 136
257 138
257 134
253 130
242 128
224 123
205 113
181 97
156 83
128 70
101 58
78 48
58 37
41 25
27 17
21 13
21 15
27 17
39 21
56 27
78 39
101 50
126 64
154 76
179 89
205 101
224 113
240 123
251 128
257 130
257 134
251 132
238 126
222 119
201 109
177 97
150 85
123 70
97 56
74 44
54 35
37 27
27 19
21 15
23 15
29 17
42 23
60 31
82 42
107 52
132 66
166 85
191 107
203 109
214 97
238 99
250 117
261 138
255 140
246 128
238 117
220 111
197 111
169 103
144 85
119 68
93 50
68 41
48 35
35 27
25 17
21 9
23 11
31 17
44 27
64 33
87 42
113 52
130 68
166 83
191 97
214 107
232 115
246 125
3 128
250 132
255 134
248 130
230 123
212 113
191 103
166 91
138 80
113 64
80 52
64 41
46 31
33 23
23 17
21 13
25 15
35 19
48 25
70 35
93 46
119 60
144 72
169 83
195 97
218 109
238 123
250 130
259 136
265 146
253 142
234 126
218 107
205 97
187 93
160 87
130 74
105 56
83 42
64 37
42 33
31 27
21 19
21 13
25 13
37 21
52 31
72 39
95 46
123 56
150 72
177 89
201 103
220 111
240 119
251 128
257 134
257 136
251 132
242 126
224 121
205 111
179 99
154 87
128 72
101 58
76 46
54 35
39 25
29 19
21 15
21 13
27 17
41 21
58 31
80 41
103 50
128 64
156 76
181 91
207 103
226 115
244 125
251 130
257 132
257 134
251 132
238 128
220 121
199 107
175 97
150 85
128 82
95 64
62 33
41 9
33 3
29 13
23 21
21 19
29 11
44 13
64 29
85 50
109 64
134 70
162 76
187 87
210 105
228 119
244 125
253 125
259 126
255 132
248 132
232 126
216 115
195 103
169 93
126 82
115 68
91 54
68 41
48 31
33 23
25 17
21 15
23 15
33 17
46 25
66 33
89 44
115 56
140 68
169 83
193 97
216 109
234 119
248 126
255 132
257 134
255 132
246 128
230 123
210 113
189 103
164 89
138 80
111 64
85 52
62 41
44 31
33 23
29 23
27 27
19 17
23 7
42 7
70 23
95 44
121 60
146 70
173 80
201 93
222 113
238 128
250 134
255 132
257 128
253 130
236 130
226 125
205 111
183 95
158 83
130 74
103 62
80 48
58 35
42 25
29 19
21 17
21 17
27 17
39 21
54 29
76 39
99 50
126 62
154 74
179 87
203 103
224 113
240 121
251 128
250 134
257 134
251 134
240 126
222 119
203 109
177 99
142 85
125 72
99 58
76 46
54 35
37 25
27 19
23 17
23 15
29 17
41 23
60 31
82 42
105 54
134 70
164 93
179 93
197 85
220 91
246 113
7 134
257 138
253 130
250 121
240 121
220 125
197 119
171 101
144 80
111 64
93 56
68 46
48 35
35 21
17 11
21 11
21 13
31 19
46 25
64 33
87 42
111 54
13 70
166 83
191 95
205 107
232 117
246 126
5 132
257 134
251 132
248 130
232 125
214 115
191 103
166 91
140 80
113 64
87 52
64 39
46 29
33 21
23 15
21 13
25 15
35 21
48 25
68 35
91 44
117 58
144 72
169 83
195 97
216 109
236 119
251 130
263 144
257 142
244 126
236 113
226 107
210 107
185 103
158 87
132 70
109 56
85 48
62 42
44 35
31 23
23 15
21 13
25 17
37 21
50 27
72 35
95 44
123 60
150 74
175 87
201 101
220 111
238 121
251 128
257 134
257 134
251 130
242 125
226 121
205 113
179 101
154 85
128 72
103 60
78 46
56 37
41 27
27 19
21 15
21 15
27 17
39 21
56 31
78 41
101 50
128 64
156 78
181 91
205 103
226 113
242 123
253 128
257 132
257 134
251 132
240 128
222 121
201 111
177 101
154 97
121 80
85 46
62 21
52 15
39 23
27 25
19 17
21 7
31 9
46 25
62 41
83 50
107 54
134 60
160 76
185 93
210 109
230 119
244 121
253 125
257 130
255 136
248 132
234 125
216 113
195 103
169 95
142 83
115 68
91 52
68 42
48 33
33 25
25 17
21 13
23 13
31 17
44 25
66 33
87 42
113 54
142 70
167 83
193 97
214 109
234 117
248 125
255 130
259 134
255 134
246 128
232 121
212 115
189 105
164 91
138 78
111 64
87 52
64 42
46 33
37 31
27 29
13 15
13 1
27 0
50 13
74 35
93 50
117 56
146 66
175 83
201 103
220 119
236 125
250 126
255 128
257 132
251 134
242 130
226 121
207 107
183 95
158 87
130 76
105 62
80 48
60 35
42 27
29 21
21 15
21 15
27 15
37 21
54 27
74 37
99 50
125 62
152 76
177 87
203 101
224 113
240 121
251 126
257 132
257 134
251 132
240 128
222 119
203 109
179 99
152 85
125 72
99 56
76 44
56 35
39 29
27 19
21 15
23 15
29 17
41 23
60 31
82 42
109 60
134 76
150 74
171 70
205 82
230 107
244 128
251 134
257 128
257 126
251 128
238 132
218 126
197 111
171 89
146 76
121 70
93 62
70 46
50 31
35 19
25 15
21 17
23 17
29 17
44 23
62 31
85 42
109 56
136 70
164 80
189 91
212 107
230 117
246 126
255 130
257 132
255 130
246 128
234 125
216 117
193 105
166 91
140 80
115 66
89 54
64 41
46 31
33 23
23 17
21 15
23 13
35 17
48 25
68 35
91 44
117 56
144 72
169 83
193 99
216 111
238 125
253 136
253 134
248 125
246 117
244 115
230 117
210 113
185 101
162 85
136 72
111 64
83 54
62 44
42 31
31 19
23 15
21 15
25 17
35 19
50 21
72 33
95 46
121 60
148 74
173 85
199 97
222 111
238 123
250 130
257 132
257 134
253 132
242 128
226 123
205 111
181 99
154 83
128 72
103 60
78 48
56 37
39 25
29 19
23 17
21 15
27 17
39 21
56 27
78 39
101 48
126 62
156 78
181 91
205 103
224 115
242 123
251 130
257 134
257 134
251 132
240 126
220 119
203 113
183 111
148 91
113 58
87 35
74 29
56 35
39 33
25 21
19 7
25 5
33 19
42 31
60 39
82 41
107 48
134 62
160 82
185 97
208 105
228 113
244 121
253 128
257 134
255 134
250 130
236 123
216 117
195 107
171 97
144 82
117 66
91 50
70 41
48 33
33 25
23 17
19 11
25 13
33 19
44 27
64 33
87 42
113 56
138 70
166 83
191 95
214 107
232 117
246 125
255 130
251 134
255 134
246 130
232 123
212 115
191 103
164 91
138 78
113 66
80 54
62 44
52 41
35 31
15 13
11 0
19 0
35 7
52 23
68 35
91 42
119 52
148 68
175 87
197 105
218 115
236 121
250 125
257 130
257 136
251 132
242 125
228 117
208 111
185 101
158 89
132 74
107 60
82 48
58 37
42 29
29 21
21 15
21 13
25 15
37 19
54 29
74 37
99 48
125 60
150 74
177 89
201 101
222 111
240 119
250 126
257 132
257 134
251 134
240 126
222 119
203 109
181 99
154 89
126 74
99 58
76 46
56 35
39 27
27 19
21 15
21 13
29 17
41 25
58 33
83 50
107 62
121 60
146 56
179 70
208 97
230 121
242 128
251 125
259 125
259 132
251 140
238 136
218 121
197 105
173 93
146 83
119 74
95 56
70 41
50 27
35 19
25 19
23 17
23 17
31 15
42 21
62 33
83 44
109 54
136 66
164 80
189 95
210 107
230 117
246 125
255 130
257 134
255 134
248 130
234 125
214 117
193 105
167 93
142 80
115 68
89 54
66 41
46 31
33 23
25 17
21 15
23 13
33 17
48 25
68 35
89 46
115 58
142 70
169 83
195 101
220 117
238 130
244 130
244 121
250 117
253 121
246 126
228 123
208 109
189 95
166 85
138 80
111 70
83 54
62 39
44 27
29 21
21 17
21 15
25 15
35 15
50 23
72 33
95 48
121 62
148 72
173 85
199 99
220 113
238 123
0 128
255 130
250 132
251 132
242 126
226 121
207 111
175 101
156 87
130 74
103 60
78 46
58 35
41 27
29 19
23 15
21 15
27 17
39 21
56 29
76 39
101 48
126 62
154 76
179 89
205 103
224 115
240 123
1 128
251 134
257 136
251 134
240 128
218 126
207 123
171 99
138 68
119 48
99 46
78 48
52 39
37 23
27 13
23 11
23 19
31 27
42 29
60 29
82 37
105 50
132 68
158 82
185 89
207 99
228 109
244 123
253 132
257 134
255 130
250 128
236 126
218 121
195 109
171 95
146 80
119 68
91 54
68 44
50 33
35 23
25 15
21 13
23 15
31 17
44 23
64 31
85 41
113 54
140 70
166 83
191 95
214 107
232 117
246 126
255 130
259 134
255 134
246 130
232 123
214 117
193 105
166 93
138 80
113 66
89 56
72 50
46 39
23 17
13 1
17 0
25 7
35 19
48 27
68 31
93 41
121 56
146 76
171 91
195 101
218 109
236 119
250 128
253 132
257 134
253 130
244 126
228 121
208 113
185 103
160 87
134 74
107 64
82 50
60 39
42 29
29 19
23 15
19 13
25 15
37 21
54 27
74 37
97 48
123 62
150 74
177 87
201 101
222 111
240 121
251 128
257 132
257 132
251 132
242 126
224 121
203 109
179 99
154 85
128 72
101 58
78 46
56 35
39 27
29 19
23 17
23 17
29 19
41 25
62 41
80 48
91 42
119 42
154 58
185 85
207 109
224 117
240 117
3 123
261 134
259 142
250 140
236 126
220 113
191 105
175 97
146 85
119 68
95 50
66 39
52 31
35 27
25 21
21 15
15 13
31 17
35 23
62 33
78 42
109 54
9 66
162 80
189 93
210 107
230 115
244 123
255 130
259 132
251 134
183 130
234 125
216 115
193 105
169 93
126 82
109 68
91 54
68 41
48 31
35 23
25 17
21 15
23 13
33 17
48 25
66 35
89 46
115 56
142 70
169 85
199 105
218 119
228 119
236 113
250 113
257 123
255 130
246 130
230 121
212 109
189 101
166 95
138 85
111 68
83 50
62 37
44 29
29 23
21 17
19 13
25 11
35 17
50 27
70 37
95 48
121 58
148 72
173 85
197 99
218 111
234 121
0 128
255 130
250 134
250 132
181 125
226 121
207 111
175 99
158 85
130 74
105 62
80 48
58 37
41 27
29 19
21 15
21 13
27 17
37 19
54 27
76 37
99 50
126 62
152 74
179 89
205 103
224 115
240 123
251 130
257 134
257 136
251 134
242 134
226 132
195 109
166 78
146 62
126 62
101 62
74 50
52 31
39 15
29 15
25 21
23 25
27 21
41 19
58 25
80 39
105 56
130 68
158 76
183 85
207 101
226 115
244 126
253 130
257 130
257 130
250 130
236 126
218 119
197 107
171 93
146 80
119 68
93 56
70 42
50 31
35 23
25 17
19 13
23 15
33 19
44 25
62 33
85 42
113 54
138 68
164 82
189 93
212 103
232 115
248 126
253 132
257 134
255 134
248 130
234 125
214 117
193 107
167 93
140 80
115 70
95 64
64 46
37 23
25 5
21 1
23 9
25 15
31 19
48 21
70 31
93 46
119 64
144 78
169 87
195 95
216 107
234 121
248 128
255 130
257 130
253 130
244 126
228 123
208 113
187 101
160 87
134 76
109 64
83 52
62 41
42 27
31 21
23 15
21 13
25 15
37 17
52 25
74 37
97 48
123 60
150 74
175 87
201 99
220 111
238 123
251 128
257 132
257 132
251 130
242 126
226 121
205 111
181 99
156 85
128 74
103 60
78 46
56 37
41 27
27 21
21 15
21 15
29 19
46 35
54 37
66 27
93 27
128 46
160 78
181 99
203 103
226 105
244 115
255 130
257 142
255 140
251 132
238 123
220 115
199 109
175 99
148 83
121 66
95 52
74 42
52 35
37 27
25 17
21 13
23 13
31 19
42 25
60 31
83 39
109 52
134 66
160 80
187 93
210 107
230 117
244 125
253 130
259 134
255 132
248 130
236 125
216 117
195 107
169 93
142 80
117 66
91 54
68 42
48 33
35 23
25 17
21 15
23 13
31 15
46 23
66 35
89 46
113 58
142 72
173 91
195 107
207 107
222 105
242 109
257 121
259 132
251 132
244 125
232 117
214 111
191 109
164 99
138 83
111 64
85 50
62 39
44 31
29 21
23 13
21 9
25 11
33 19
50 27
70 35
93 44
119 58
146 72
171 87
197 99
218 109
236 119
250 126
257 130
257 134
253 132
244 126
226 121
207 111
183 99
158 87
130 74
105 60
80 48
60 39
41 29
29 21
23 15
23 15
27 17
37 21
52 27
76 39
99 48
125 62
152 76
177 87
203 101
224 113
240 123
251 130
259 134
257 136
255 142
242 138
214 115
191 89
173 76
156 78
128 78
99 64
74 42
56 27
41 23
29 27
21 27
21 19
27 13
41 15
58 29
78 44
103 54
128 58
158 72
185 89
207 105
226 117
244 123
253 128
259 132
255 136
250 134
236 126
218 117
199 105
171 95
146 83
121 70
95 56
70 42
50 33
35 25
25 19
21 13
21 13
31 15
44 23
62 33
83 42
111 54
136 68
164 80
189 95
212 107
232 117
246 125
253 130
257 132
255 134
248 132
234 126
214 117
193 107
169 95
144 85
123 80
83 56
54 33
39 11
31 7
25 13
21 15
21 13
33 13
48 19
70 35
91 52
117 64
142 74
167 82
195 93
216 109
234 121
246 126
255 126
257 128
253 130
244 130
228 123
210 113
187 99
162 87
134 76
109 64
83 48
62 37
42 29
31 21
23 17
21 15
27 15
35 19
52 25
72 37
95 46
121 58
150 72
175 85
199 101
220 113
238 121
251 128
257 132
257 134
251 132
242 126
226 121
207 111
181 99
156 87
130 74
103 60
78 48
58 37
41 27
29 21
23 17
25 21
33 29
37 25
44 15
5 15
95 35
7 64
156 83
171 91
203 95
218 107
244 126
0 140
255 138
255 132
251 126
238 125
220 121
199 111
175 95
150 78
123 66
97 56
74 46
52 35
37 21
27 17
21 15
21 17
29 17
42 21
60 29
82 31
107 54
7 68
158 80
177 91
208 97
228 115
244 125
251 128
259 132
257 132
250 130
156 125
208 117
197 107
169 93
126 80
109 66
93 54
70 42
33 33
33 23
25 17
23 15
23 17
33 19
46 25
0 35
80 44
115 60
21 78
128 91
183 91
203 93
220 101
0 117
257 130
257 134
250 128
177 125
234 123
214 119
189 109
162 91
138 76
97 64
80 54
62 42
44 29
31 19
15 13
21 13
23 15
35 19
50 25
5 33
83 44
119 58
21 64
171 85
195 97
216 107
238 119
0 128
255 125
257 132
250 132
181 125
228 121
208 111
177 101
160 87
132 74
105 62
80 50
60 39
42 29
29 21
21 15
21 13
27 15
37 21
54 29
74 39
97 48
125 62
152 76
177 89
203 101
222 113
240 123
251 130
257 134
263 144
253 142
230 119
212 97
201 89
183 93
154 91
125 74
99 52
78 39
58 35
41 35
27 29
21 17
21 9
27 11
39 21
56 31
80 41
103 48
130 58
156 74
183 91
207 105
226 113
244 121
253 126
259 134
255 136
250 132
238 125
220 117
197 107
171 97
146 82
121 68
95 54
72 42
50 33
37 25
25 17
21 13
23 13
31 17
44 25
62 33
83 42
109 52
136 68
162 82
189 93
210 105
230 115
246 125
255 130
259 134
255 134
248 130
236 125
216 119
195 107
171 99
148 91
111 70
78 44
60 23
48 17
35 19
25 19
19 13
23 9
35 13
50 27
68 41
89 50
115 58
142 68
167 82
193 97
214 111
234 119
248 123
255 126
257 130
253 132
244 130
230 123
210 111
189 103
162 91
134 78
109 64
85 50
62 41
42 29
31 21
23 17
21 13
25 13
37 19
50 27
72 37
95 46
121 60
148 72
173 85
199 101
220 111
238 121
250 126
257 132
257 134
251 132
242 126
226 119
207 109
183 101
158 87
130 76
105 62
80 48
58 37
41 29
29 23
27 23
25 27
21 15
27 1
48 5
78 27
103 52
126 68
152 74
179 80
205 95
228 117
242 134
251 136
255 130
257 126
251 128
240 130
220 123
199 107
177 91
152 80
125 72
97 62
74 46
54 33
39 23
27 19
21 17
23 17
29 17
42 21
58 29
82 41
107 54
132 66
160 78
185 89
208 103
228 115
244 125
253 130
259 132
257 132
250 130
236 126
216 117
197 105
173 95
144 82
117 68
93 54
70 42
50 33
35 23
25 17
21 13
23 15
31 19
44 23
66 33
89 48
119 66
136 74
154 74
181 80
210 93
232 111
246 125
253 130
257 128
257 128
248 128
234 128
214 121
191 105
166 89
138 76
113 66
87 54
64 41
44 27
31 17
23 13
21 15
25 15
33 19
48 23
70 33
91 46
119 60
144 72
171 83
197 95
216 109
236 119
250 128
255 130
257 130
253 130
244 128
228 123
208 113
185 101
160 89
134 76
107 62
82 48
60 37
42 27
29 21
21 15
21 13
27 17
37 21
52 29
72 37
99 48
125 62
150 76
175 89
201 101
222 115
240 123
251 132
263 144
257 140
242 123
232 105
222 103
207 107
181 105
152 87
126 66
103 52
80 48
56 44
37 33
25 19
21 11
21 13
27 19
37 25
56 29
78 35
103 46
128 62
154 78
181 91
207 103
226 111
242 121
251 130
259 134
257 134
250 128
238 123
222 119
199 111
173 99
148 82
123 68
97 56
72 44
50 35
37 25
27 17
21 13
23 15
31 17
42 23
62 31
83 41
109 54
136 68
162 82
187 95
210 105
230 117
246 125
253 130
259 134
257 134
250 130
236 126
216 119
199 113
173 103
136 82
105 54
83 37
68 31
50 29
33 23
23 15
21 9
27 11
35 21
48 33
66 39
87 44
115 54
140 68
166 83
191 95
214 107
234 115
248 123
253 130
257 134
255 132
246 128
230 123
210 113
189 103
164 91
136 78
109 64
83 50
64 39
44 29
31 21
23 15
21 11
25 13
35 19
50 25
72 35
93 46
119 56
146 72
175 87
199 101
218 111
236 119
250 126
257 132
257 134
253 132
242 126
226 119
208 111
183 101
158 87
130 74
105 62
82 48
60 39
41 29
33 29
25 29
13 11
13 0
33 0
58 19
80 44
99 56
123 58
154 66
183 85
205 109
222 123
240 126
251 125
257 126
255 130
250 134
240 130
222 117
201 103
177 93
152 85
125 74
99 58
76 42
54 31
39 25
27 19
21 17
21 15
29 15
41 21
58 31
17 41
101 52
7 64
158 78
175 91
208 95
228 115
244 123
3 130
257 132
257 132
250 132
236 126
218 117
197 107
171 95
146 82
119 68
93 54
70 41
52 33
37 27
25 21
21 17
25 15
33 19
46 27
66 39
91 54
109 60
126 60
154 64
189 80
214 103
232 117
244 123
255 125
261 128
257 136
248 136
232 130
214 117
191 103
166 89
138 80
113 68
87 52
64 37
46 27
33 19
23 19
21 15
23 13
33 15
48 23
68 35
89 46
117 58
144 70
169 83
195 97
216 109
234 119
250 126
255 132
257 134
253 132
244 126
230 121
210 113
185 103
160 89
134 76
109 62
83 50
60 37
42 29
31 19
23 15
21 13
25 15
37 19
52 27
72 37
97 48
123 60
150 76
175 89
201 101
222 113
242 126
255 142
251 134
244 115
248 107
244 115
228 123
205 117
179 99
156 80
130 68
103 64
80 56
56 41
39 25
27 13
21 13
21 17
27 19
39 19
56 23
78 35
101 50
128 66
154 78
181 87
205 99
224 111
242 125
251 132
257 134
257 132
250 130
238 126
220 121
199 111
175 95
148 82
123 68
95 56
74 44
52 35
37 25
27 17
21 15
21 15
29 17
42 23
60 31
83 41
107 52
134 64
162 80
187 93
210 107
228 117
246 125
255 130
259 134
255 134
250 132
238 126
222 125
197 115
160 89
132 66
113 50
93 46
68 41
46 31
33 19
25 11
23 13
25 19
33 23
44 27
64 31
87 41
115 56
140 74
166 85
191 93
214 103
234 117
248 126
255 132
257 132
255 130
246 128
232 123
212 115
189 103
164 91
136 76
111 64
83 50
64 39
46 29
31 21
21 15
21 13
27 15
35 19
50 25
70 35
93 46
119 58
146 72
171 85
197 99
218 111
236 119
250 126
257 132
259 134
253 134
244 128
228 121
208 111
183 101
158 89
132 74
107 62
82 50
60 41
46 39
31 31
15 9
9 0
21 0
41 13
58 33
74 42
97 44
126 54
156 74
179 95
203 111
222 115
240 117
251 125
257 132
255 136
250 132
240 123
224 115
203 109
177 99
152 85
126 72
101 58
76 46
54 37
39 27
27 19
21 15
21 13
29 15
41 21
58 29
80 39
105 50
130 64
158 80
183 93
207 103
226 115
242 123
251 128
259 132
257 134
250 130
236 125
218 117
197 107
173 95
146 83
113 70
95 54
70 42
35 33
35 25
25 15
21 13
23 13
33 19
48 31
66 41
82 46
99 44
128 48
162 66
191 91
212 109
230 117
244 119
257 125
261 134
257 140
246 136
232 125
214 113
193 105
167 95
140 82
113 64
89 48
66 37
46 29
33 23
25 17
21 13
25 13
33 17
46 25
66 33
91 46
117 58
142 70
169 83
193 97
216 107
234 117
250 126
255 132
257 134
253 132
244 128
230 123
210 113
187 103
162 89
134 76
109 64
83 50
62 39
44 27
31 19
23 17
21 15
25 13
37 19
54 29
72 39
95 48
123 60
150 76
175 89
199 103
224 117
244 134
246 128
246 115
250 111
253 119
246 130
224 126
203 107
183 89
160 83
132 80
103 72
78 52
58 33
41 21
27 17
21 19
21 17
27 13
39 15
54 23
78 39
101 52
126 64
154 74
181 87
205 101
224 115
240 125
251 128
257 130
257 132
251 132
238 128
222 119
201 107
177 95
150 83
123 70
97 56
76 44
54 35
37 25
27 19
21 13
23 15
29 17
42 23
60 31
82 41
107 54
134 66
160 80
187 91
208 105
228 117
244 125
255 130
259 134
257 136
251 134
244 136
218 125
185 101
162 78
142 64
119 62
91 54
66 42
48 27
37 19
29 17
23 21
23 23
31 21
46 23
66 31
87 44
111 56
138 68
164 78
191 91
214 105
232 119
248 126
255 130
257 132
255 130
248 130
232 126
212 117
189 103
166 89
138 78
111 66
85 52
64 39
46 29
31 21
23 17
21 15
25 15
35 19
48 25
70 35
93 46
119 58
146 72
171 85
197 97
218 109
236 119
250 126
255 132
257 134
253 132
244 128
228 121
210 113
185 103
160 89
132 76
107 62
83 52
66 50
41 37
19 9
13 0
19 0
29 13
39 27
52 29
74 31
99 42
126 62
152 83
177 97
201 101
220 107
240 119
251 130
255 138
257 134
251 126
240 123
224 119
203 113
179 99
154 83
126 68
101 56
76 48
54 37
37 23
27 17
21 11
21 13
29 17
41 23
58 29
80 39
103 50
130 64
158 78
183 91
207 101
226 113
244 123
253 130
257 134
257 132
250 130
238 125
220 117
199 107
173 95
148 82
121 70
95 56
72 42
50 31
37 25
27 21
21 17
25 17
37 25
48 33
54 33
72 29
103 35
136 52
166 78
187 95
208 105
230 111
248 123
257 134
259 140
257 138
248 130
234 123
214 115
193 107
167 93
140 76
115 62
91 50
68 41
46 33
33 23
25 15
21 13
25 15
33 21
46 25
66 35
89 44
115 56
142 70
167 83
193 95
216 107
234 117
248 125
255 130
257 134
253 132
246 128
230 123
212 115
189 105
162 91
136 78
109 64
85 50
62 41
42 29
31 23
23 17
21 13
25 15
35 19
52 27
72 37
95 48
121 60
150 74
175 89
203 109
224 123
230 119
238 107
251 111
259 125
255 136
244 134
224 119
207 101
185 95
160 93
130 83
103 66
78 44
58 31
41 27
27 25
21 19
21 11
27 9
39 17
54 29
76 41
101 50
126 60
154 74
179 89
203 103
224 115
240 121
251 126
257 132
257 134
251 132
240 126
222 119
201 109
177 97
150 83
125 70
97 56
76 44
54 35
37 25
27 19
21 15
23 15
29 17
41 21
60 31
82 39
107 52
132 64
158 78
185 93
210 107
228 117
244 126
253 130
259 136
259 140
255 144
234 130
208 109
187 89
169 80
146 76
119 68
91 54
68 37
52 27
37 23
27 23
21 21
23 17
31 15
44 21
62 33
85 44
111 56
138 64
166 78
191 93
212 107
232 119
246 126
255 128
259 132
255 134
248 132
232 125
214 115
191 103
166 91
140 80
113 66
87 52
64 37
46 29
31 21
23 15
19 13
25 15
35 19
48 27
68 35
91 44
119 58
144 72
171 85
195 97
218 109
236 119
248 126
255 132
257 134
253 132
244 130
228 123
208 111
187 103
162 91
132 78
107 66
89 60
60 42
33 15
21 0
21 0
25 13
29 23
35 21
52 19
76 29
101 50
125 70
150 82
175 87
201 95
222 109
238 123
250 130
255 132
257 130
251 128
240 126
224 123
205 113
179 97
154 82
128 72
103 60
78 48
56 35
39 25
27 17
21 15
21 15
27 17
39 19
58 27
80 41
103 52
128 64
156 78
183 89
205 103
226 115
242 123
251 130
257 132
255 132
250 130
238 125
222 119
199 109
173 95
148 83
123 70
97 56
72 44
52 33
37 25
27 19
23 17
29 23
33 29
35 21
48 15
78 23
111 44
136 66
160 82
185 89
210 99
232 115
248 128
255 138
257 138
255 132
248 126
234 125
216 119
193 107
167 91
142 76
115 62
91 52
68 42
48 33
33 21
25 13
21 13
23 17
33 19
46 23
66 31
87 42
113 56
140 70
167 83
193 95
214 107
234 117
248 126
255 132
259 134
255 132
244 130
232 123
212 115
189 103
162 89
136 76
111 64
85 52
64 39
44 29
31 21
25 17
21 15
25 15
35 19
50 27
72 37
95 48
121 60
148 76
179 95
201 113
210 105
226 97
248 105
259 126
259 140
251 136
242 123
228 113
210 111
185 109
158 97
130 78
103 58
80 44
56 35
41 29
29 21
21 13
19 9
27 11
39 23
54 33
76 41
99 48
126 60
154 76
177 91
203 103
224 111
240 119
251 126
257 132
257 134
251 132
240 126
222 119
201 109
177 97
152 85
125 70
99 56
76 46
54 37
39 27
27 19
23 15
23 15
29 17
41 23
58 31
80 41
107 52
132 66
158 80
185 91
208 105
228 117
244 125
253 132
261 138
263 146
246 136
224 115
210 99
197 93
175 91
146 83
117 68
93 50
74 41
52 35
35 31
25 23
21 15
23 13
31 15
44 25
62 33
85 42
109 52
136 64
164 80
189 95
212 107
230 117
248 125
255 130
257 132
255 134
248 130
234 125
214 115
191 105
167 93
140 82
113 66
87 52
66 41
46 31
33 23
23 17
21 15
23 15
35 19
48 25
68 35
91 44
117 56
144 72
169 83
195 97
216 107
236 117
250 126
257 132
257 134
253 134
246 128
230 125
208 115
187 103
162 91
138 83
113 76
78 52
48 23
35 3
31 5
27 17
23 21
23 15
37 13
54 21
76 41
99 58
121 68
148 72
175 80
201 97
220 115
236 125
250 126
257 126
257 130
251 132
240 130
226 121
205 109
181 97
154 87
128 74
103 60
78 48
56 35
39 25
27 19
21 15
21 15
27 15
39 19
56 27
78 39
103 54
126 64
154 74
181 87
207 103
224 117
240 123
251 128
257 132
257 132
250 132
238 128
222 119
201 109
175 97
150 83
123 72
97 58
74 44
52 35
37 27
29 23
29 27
23 23
21 13
33 7
56 17
83 35
109 52
126 66
160 76
187 87
212 105
232 121
246 130
253 134
257 132
257 130
248 130
234 126
214 117
195 103
169 89
142 78
117 68
91 54
68 41
48 29
35 21
25 19
21 17
23 15
33 17
46 23
64 31
87 42
113 56
140 70
166 80
191 95
214 107
234 119
248 126
255 130
257 132
253 132
246 130
232 125
212 115
191 103
164 91
136 78
111 64
87 50
64 41
44 31
31 21
25 17
23 17
25 17
35 21
50 27
72 37
95 48
121 62
150 83
173 93
187 89
208 85
234 101
253 125
257 138
255 136
253 126
246 121
232 123
208 123
183 111
156 87
130 70
105 56
82 50
58 42
41 27
29 15
21 9
21 11
27 17
39 23
54 27
74 35
99 46
125 60
154 78
179 91
203 101
224 111
240 121
251 130
250 134
257 134
251 130
240 126
224 121
203 111
179 99
152 87
126 72
99 58
76 46
56 35
39 25
27 19
21 15
21 13
29 17
41 23
58 31
80 41
105 52
130 66
158 78
183 93
208 107
228 117
244 126
7 136
263 144
250 134
240 119
232 109
218 105
199 105
158 95
144 80
121 64
97 52
66 46
52 39
35 29
25 17
21 13
23 15
29 19
41 23
62 29
85 39
111 52
128 66
164 82
189 95
212 107
230 117
246 126
5 132
259 134
255 134
248 128
234 123
214 115
193 105
166 91
140 78
115 64
87 52
66 41
46 31
33 23
23 17
21 15
15 13
35 19
48 27
68 35
82 44
115 54
19 62
169 85
193 97
208 109
234 117
248 126
5 125
257 134
250 134
246 130
232 125
210 115
187 103
164 95
125 89
103 64
72 31
54 15
44 17
35 25
23 23
19 11
25 5
41 13
54 31
9 46
95 54
121 58
148 68
173 83
191 103
220 113
238 119
1 123
255 128
250 132
251 134
242 130
226 119
205 109
173 99
156 87
125 74
103 60
80 48
48 37
41 27
27 21
21 17
21 13
27 15
39 19
56 29
78 39
101 50
1 62
154 76
181 89
205 103
220 113
240 123
1 128
250 132
257 134
251 134
156 126
220 117
203 109
177 99
150 85
125 72
93 58
74 46
54 37
41 29
35 31
21 21
11 7
19 0
39 5
62 25
82 42
105 52
132 62
162 74
189 95
210 111
228 123
244 126
253 128
257 130
255 134
248 134
234 126
216 115
195 101
169 91
144 82
117 68
91 54
70 41
50 31
35 25
25 19
19 15
23 13
33 17
46 25
64 33
87 42
113 56
140 68
166 82
191 95
212 107
232 117
248 125
255 132
257 134
255 134
246 130
232 123
212 115
189 103
164 91
138 78
111 64
87 50
64 41
46 31
31 21
25 17
21 15
25 17
35 21
48 25
70 37
95 52
125 72
142 78
160 72
189 74
218 95
238 121
250 134
255 132
257 126
255 126
246 130
230 130
208 119
185 101
160 83
132 72
105 64
80 54
60 39
41 23
29 15
23 15
21 17
25 17
37 19
52 23
76 37
99 52
125 66
152 76
177 87
201 99
220 111
238 121
251 128
257 132
257 132
251 132
242 126
224 121
203 111
179 97
154 85
126 72
101 60
76 46
56 35
39 25
27 17
21 13
23 15
29 17
41 23
56 31
78 41
103 52
130 66
158 80
183 91
207 105
228 119
248 132
255 140
250 130
246 119
244 115
238 117
222 119
197 111
171 93
148 76
125 68
97 60
72 52
52 39
37 23
25 15
21 13
21 15
31 19
42 21
60 27
83 39
111 54
136 68
162 82
189 93
212 105
230 117
244 125
253 130
259 134
255 132
246 128
234 123
216 115
195 107
167 93
140 78
115 66
91 54
66 42
46 31
33 23
25 17
21 15
23 13
33 17
48 25
68 35
89 46
115 56
142 70
169 83
193 97
214 109
234 119
248 125
257 130
259 134
255 136
246 130
232 125
212 115
193 111
166 103
128 74
99 42
80 29
64 31
46 35
29 27
21 11
21 5
29 13
39 27
52 37
70 41
93 42
121 54
146 72
171 87
197 99
220 109
238 117
250 126
255 132
259 136
253 134
244 126
226 119
205 111
183 101
156 87
128 74
103 58
78 46
58 37
41 27
29 19
21 13
21 13
27 17
39 21
54 29
76 39
101 48
126 60
154 78
179 91
203 103
224 113
240 121
251 128
257 134
257 134
251 132
240 126
222 119
203 109
177 99
152 85
125 72
99 58
76 48
56 41
44 41
25 25
11 7
13 0
27 1
42 17
60 31
80 41
105 48
134 60
164 80
187 99
208 113
228 119
244 121
253 128
257 134
253 134
248 130
236 123
218 113
189 105
169 93
146 82
119 68
93 54
68 41
50 33
35 23
23 15
21 13
25 15
33 19
44 25
64 33
85 42
111 54
138 68
166 82
189 95
212 105
232 117
248 126
5 130
250 134
255 132
248 128
232 123
214 115
191 105
166 91
138 80
113 64
87 50
66 41
48 31
33 23
23 17
21 15
25 17
35 23
48 29
72 41
93 58
115 62
130 54
162 58
197 83
222 113
236 126
246 125
257 123
261 128
255 138
244 138
228 128
208 111
185 95
158 85
132 78
107 66
82 50
60 33
42 25
31 19
23 19
21 17
27 15
37 17
54 27
74 39
97 50
123 62
150 72
177 85
201 101
222 113
240 123
1 126
250 130
257 132
251 130
240 126
218 121
205 111
171 101
154 85
128 74
103 60
78 46
48 35
39 27
27 19
21 15
21 15
29 17
39 21
56 29
78 41
103 50
5 64
158 78
183 93
208 107
234 125
244 132
242 125
248 117
3 119
251 125
238 126
218 117
199 103
177 91
152 83
125 76
95 64
72 46
52 31
37 23
25 21
19 19
21 15
31 15
42 19
60 29
83 42
109 54
134 66
160 78
187 91
212 107
230 119
244 126
0 128
251 132
257 134
248 132
234 126
216 117
195 105
169 93
126 80
109 68
91 54
68 41
48 31
33 21
17 17
21 15
15 15
33 17
46 25
0 33
80 42
115 54
17 70
167 83
193 99
207 109
234 119
248 126
5 126
257 136
255 134
183 130
232 125
216 125
189 113
144 82
126 52
109 42
89 46
64 46
35 33
31 15
17 7
25 13
27 25
3 29
50 29
70 31
93 41
119 58
21 76
173 87
197 95
218 103
234 117
0 130
255 136
257 132
255 130
236 128
226 123
207 113
175 101
158 87
130 74
103 60
80 48
60 39
42 29
29 19
21 13
21 13
27 17
37 21
46 27
76 37
99 48
126 62
152 76
177 89
203 101
224 113
240 123
251 130
257 132
259 132
251 132
240 126
222 119
203 109
179 99
154 87
125 74
99 60
80 52
60 46
33 31
15 9
13 0
21 1
31 13
41 23
58 29
80 35
109 46
134 66
160 83
185 97
207 105
228 113
242 121
253 130
257 134
255 130
248 126
236 123
218 117
197 107
171 95
146 82
121 68
95 56
70 44
50 33
35 23
25 17
21 15
21 15
31 17
44 23
62 29
85 42
111 56
138 70
166 83
189 93
212 105
232 115
246 125
255 132
259 134
255 134
248 130
234 125
214 117
191 105
167 91
140 80
113 66
87 52
66 41
46 31
33 23
23 17
21 15
25 17
35 21
50 31
72 46
85 44
105 39
136 48
169 72
197 99
216 115
234 119
248 119
259 126
261 138
255 144
244 136
228 121
210 107
187 101
160 93
132 78
107 60
83 42
60 33
42 29
29 23
23 19
21 13
25 13
37 19
52 29
72 39
95 46
123 58
150 72
175 87
199 101
220 111
238 119
251 126
257 132
257 134
251 132
242 126
226 119
205 111
181 99
154 85
130 72
103 60
78 48
56 37
41 27
29 19
21 15
21 15
27 15
41 21
56 31
78 41
101 50
128 64
156 80
185 95
212 115
224 119
232 115
242 113
255 117
257 126
251 132
236 126
220 113
201 103
177 97
150 89
123 78
95 58
72 42
52 31
37 27
25 23
19 15
21 11
29 11
42 21
60 31
83 42
107 54
134 64
162 78
187 91
210 107
228 119
244 125
253 128
257 132
255 134
248 130
234 123
216 115
195 105
169 93
142 80
117 66
91 54
68 42
48 33
33 23
25 17
21 15
23 15
31 17
46 23
64 33
87 44
113 56
140 68
167 82
193 95
214 109
232 119
250 126
257 132
259 136
255 134
248 134
238 134
210 121
179 91
154 68
136 60
115 62
87 58
62 41
44 23
33 15
27 19
23 23
23 23
35 19
50 21
62 31
91 48
117 62
144 72
171 82
197 95
218 109
236 121
250 130
255 130
257 128
253 130
244 130
228 126
207 113
183 97
160 85
132 76
105 64
80 50
60 39
42 27
29 21
21 17
21 15
27 15
37 19
54 25
74 37
99 50
125 64
152 76
177 87
203 99
222 111
240 123
251 130
257 132
257 134
251 132
240 128
222 121
203 111
179 99
154 87
128 76
105 68
80 56
48 35
27 11
21 0
21 3
23 9
29 17
41 19
58 25
82 37
107 56
132 72
158 83
183 93
207 103
226 113
240 123
251 128
259 132
255 130
248 128
236 123
220 119
199 109
173 95
146 82
121 70
95 56
72 44
50 33
35 23
25 17
21 13
21 13
31 17
44 23
62 33
83 42
109 54
138 66
164 80
189 93
210 105
230 117
246 125
255 130
257 132
255 132
248 130
234 125
214 117
193 105
167 91
142 80
115 66
89 52
66 39
48 29
35 25
25 19
21 15
25 17
39 27
52 39
58 31
78 23
111 35
146 62
171 89
193 101
214 105
236 109
251 123
257 138
257 144
253 136
244 126
230 117
210 113
187 107
160 91
134 74
109 58
85 48
62 39
42 31
31 21
23 13
21 13
25 15
35 21
50 27
72 35
95 46
121 60
148 74
175 87
199 101
220 111
238 119
250 128
257 132
257 134
251 132
240 126
226 119
207 111
181 101
156 87
128 72
105 58
80 48
56 37
41 27
27 17
23 15
23 15
27 17
39 21
56 29
76 39
101 52
128 66
158 82
187 101
201 107
214 103
234 103
250 115
257 126
255 132
250 130
240 123
224 115
203 111
177 103
150 89
123 74
97 56
72 44
52 35
37 27
25 17
19 11
21 9
29 15
41 23
60 31
82 41
107 50
132 64
160 80
185 95
208 105
230 117
246 125
253 130
257 132
255 134
250 132
236 125
216 115
195 105
171 95
144 82
117 68
91 54
70 42
50 33
35 23
25 17
21 13
23 15
33 17
44 23
64 33
87 42
111 54
138 66
167 82
191 97
214 109
232 119
248 126
257 132
259 136
257 140
250 142
228 126
203 101
183 82
166 78
142 80
113 72
85 50
64 31
48 23
35 25
25 27
21 21
23 15
35 13
48 21
68 37
91 50
117 58
144 66
171 80
195 97
216 113
236 121
250 126
257 130
257 132
253 134
244 130
230 123
208 111
185 99
160 87
132 76
105 62
82 48
60 35
42 25
29 21
23 17
21 15
27 17
37 19
52 27
74 39
99 48
125 62
152 76
177 87
201 99
222 111
240 121
251 128
255 132
257 134
253 132
242 128
224 121
205 111
181 101
156 89
134 82
101 68
68 41
46 21
37 11
29 11
23 15
21 13
27 11
41 15
60 27
80 44
103 56
130 66
156 76
183 89
207 103
224 117
242 125
1 126
257 128
257 130
250 130
236 126
220 117
199 105
173 93
148 82
121 70
95 58
72 44
52 31
35 23
27 19
21 17
21 15
31 15
42 21
62 31
83 42
109 54
136 66
162 80
189 93
210 107
230 117
246 125
253 130
250 132
255 130
250 130
236 126
214 117
193 105
167 91
144 82
109 68
89 54
66 41
48 31
35 23
25 19
21 17
29 25
35 29
39 17
56 11
85 25
119 52
144 76
167 89
191 91
216 99
238 119
250 134
255 140
250 134
250 128
246 125
230 123
208 115
187 103
164 87
136 72
109 62
85 50
64 41
44 29
31 21
21 15
21 15
25 17
37 21
50 25
70 33
93 42
123 60
148 74
173 85
199 99
220 111
238 121
250 128
257 132
259 134
253 132
242 128
226 121
207 111
183 101
156 87
128 72
103 60
80 48
58 37
41 27
29 19
21 15
23 15
27 17
37 21
54 29
78 41
103 54
130 70
160 89
173 91
191 89
216 95
240 109
253 126
255 134
255 130
251 125
242 125
224 123
201 117
177 103
150 83
125 70
97 58
72 46
52 35
39 25
27 17
21 13
21 13
29 17
42 23
60 31
82 41
105 52
132 66
160 80
185 91
208 103
228 115
244 123
251 130
257 132
257 132
250 130
236 125
218 117
197 105
171 93
144 80
119 66
93 54
70 42
50 33
35 23
25 17
21 13
23 15
31 17
44 23
64 33
87 42
113 56
138 68
164 82
191 95
214 107
232 119
248 126
255 132
263 140
259 148
240 130
220 105
208 91
195 93
169 97
138 83
111 62
89 44
68 37
48 37
31 33
23 21
21 11
25 11
33 17
48 27
68 37
91 42
117 50
144 68
169 83
195 101
216 111
236 117
248 125
255 130
257 134
253 134
246 128
230 121
208 111
185 101
160 89
134 76
107 62
82 46
60 37
42 27
31 21
23 17
21 13
25 15
37 19
52 27
74 37
97 48
123 60
150 74
175 87
201 99
220 111
240 121
251 128
257 132
257 132
253 132
242 128
224 123
205 113
183 103
162 97
126 80
91 54
68 31
54 21
41 21
27 21
19 15
21 9
29 9
42 21
58 35
78 44
103 54
128 60
156 74
181 91
205 105
224 115
242 119
253 125
257 130
257 134
250 132
238 125
220 115
199 107
175 97
148 85
121 70
97 54
72 44
50 33
37 25
25 19
21 13
23 13
29 15
42 21
64 31
85 42
109 54
134 66
162 80
