480000 10000000 100663 20
164 80
199 97
228 113
248 125
259 132
259 136
250 132
228 123
203 111
169 95
132 78
97 58
64 42
41 29
25 21
23 21
31 27
35 25
54 21
89 29
134 52
171 80
203 101
228 113
250 121
261 130
261 138
248 136
226 126
197 111
162 91
125 74
89 56
60 41
35 25
21 13
17 9
25 13
44 21
70 35
103 48
140 66
177 85
208 105
234 119
253 128
261 132
255 132
244 130
220 121
191 107
156 87
119 70
85 52
56 39
35 25
21 15
19 11
29 15
48 25
76 37
109 52
144 70
183 87
214 107
238 123
253 130
261 134
257 134
242 130
216 119
185 103
150 85
115 68
80 50
50 35
33 23
19 17
23 17
37 29
48 31
70 25
107 31
152 56
189 91
218 115
240 119
257 123
263 130
257 138
238 136
212 123
179 101
144 80
109 64
74 50
46 37
27 19
19 9
21 9
33 17
54 29
85 42
123 58
158 74
191 93
222 111
246 125
259 134
259 134
251 130
234 125
208 115
175 99
138 80
101 60
70 42
42 31
25 19
17 13
21 13
37 17
60 29
91 42
126 60
166 82
197 99
226 113
248 125
259 132
261 136
250 132
228 125
203 111
169 95
132 78
95 58
66 42
42 31
27 21
25 23
27 25
33 19
54 17
91 29
134 54
171 82
203 103
228 113
251 123
263 130
261 140
248 138
226 126
197 107
164 89
125 74
89 56
58 39
37 25
23 13
17 11
25 15
42 21
70 33
105 48
138 68
175 85
208 103
236 119
253 130
261 134
257 134
244 130
222 121
191 107
156 87
119 70
85 52
56 37
35 25
21 15
19 13
27 15
46 25
76 35
109 52
146 72
181 89
212 105
238 119
255 130
261 136
255 134
242 128
216 119
185 103
150 85
115 68
82 50
46 37
31 25
19 17
25 23
35 29
44 23
68 17
109 33
154 64
189 97
216 113
240 117
257 123
263 132
257 140
238 138
212 121
181 97
146 80
99 64
74 50
46 33
27 17
17 7
21 9
33 19
54 29
85 41
123 56
158 76
193 95
222 115
236 126
7 132
261 134
251 132
234 126
207 115
175 97
138 80
103 60
70 44
44 31
27 21
19 13
23 13
37 19
60 29
91 44
126 60
162 78
197 97
226 115
248 126
259 132
259 134
251 132
230 126
203 113
167 95
134 76
99 58
66 44
41 31
27 23
27 25
25 23
29 15
54 15
93 31
134 56
169 82
201 99
228 111
251 121
261 134
259 140
248 138
228 125
197 107
164 89
126 74
91 58
60 41
35 23
21 13
17 11
25 15
42 23
70 35
101 46
138 64
175 87
208 105
234 119
251 126
261 132
257 134
244 130
222 119
193 107
158 89
121 72
85 52
56 37
35 25
21 17
19 13
27 15
48 23
76 37
107 52
144 70
181 89
212 105
236 121
253 128
261 134
257 134
242 130
216 117
187 103
154 87
117 72
82 52
52 37
33 25
21 19
25 25
31 27
41 17
68 13
111 33
154 68
187 97
214 111
240 115
250 123
263 134
255 142
238 136
212 119
181 95
146 78
111 66
76 52
46 33
27 15
17 5
21 11
33 21
54 31
85 41
121 54
158 74
191 95
220 113
244 125
257 130
259 132
251 130
234 126
210 115
175 99
140 80
103 58
72 44
44 33
25 21
17 13
23 11
37 17
60 31
89 44
126 60
164 78
197 95
224 111
248 125
259 134
259 136
250 132
230 123
203 111
171 97
134 80
99 60
66 42
42 29
29 23
23 25
19 17
27 9
56 13
97 31
134 60
167 83
199 97
230 107
253 123
263 138
259 144
248 138
228 125
199 107
166 91
126 78
91 58
60 39
37 21
23 13
17 11
25 17
42 23
70 33
103 46
138 66
173 85
207 105
234 119
251 128
259 132
255 132
246 132
224 123
193 107
158 87
123 70
87 54
56 39
33 25
19 13
19 9
27 15
46 25
74 37
107 50
144 70
179 89
210 105
238 121
255 130
261 134
255 134
242 128
218 119
189 105
152 89
115 70
82 50
54 37
33 25
23 21
25 27
27 21
39 11
70 15
111 39
152 72
189 99
216 109
240 115
250 125
265 138
257 144
238 136
212 117
183 97
146 82
109 68
74 52
46 33
29 17
19 9
21 11
33 19
56 31
85 41
119 56
156 74
191 95
222 113
242 123
257 130
261 134
253 132
234 126
208 115
175 97
140 80
105 60
70 44
44 31
27 21
19 13
21 13
35 19
60 31
89 46
126 62
162 78
195 95
226 113
248 125
259 132
259 134
250 130
232 123
203 111
169 95
134 80
99 62
68 44
42 33
29 27
23 25
17 15
27 7
56 11
95 33
134 62
167 83
199 97
230 107
251 123
263 138
259 142
246 134
228 121
201 107
166 95
126 78
91 58
62 39
37 23
23 13
17 11
25 15
42 23
68 31
101 46
136 66
173 85
207 103
232 117
251 126
261 132
257 134
244 130
222 119
195 105
158 89
123 72
87 54
58 39
35 25
21 17
19 13
27 15
46 23
74 35
107 52
142 68
179 87
212 105
236 119
253 130
261 134
255 134
242 128
220 119
189 107
152 87
115 68
83 52
54 39
33 27
23 21
23 27
23 15
39 5
72 15
115 44
152 76
183 97
214 103
240 113
251 126
263 142
255 144
238 132
212 113
183 97
146 85
109 70
76 50
48 29
29 15
19 11
21 13
33 19
46 27
85 37
119 56
31 76
189 97
220 111
244 121
257 128
261 134
253 136
234 128
208 115
177 97
140 80
105 62
72 46
44 31
27 19
17 11
21 11
35 17
58 29
89 44
125 60
162 78
197 97
226 113
248 126
259 132
261 134
251 134
232 125
205 113
171 97
134 80
99 60
68 44
44 33
33 29
19 21
13 9
29 3
60 13
97 39
132 64
166 82
199 95
230 109
251 125
261 138
259 142
248 134
228 123
199 107
164 93
128 76
93 56
62 37
37 21
21 13
17 13
27 17
42 23
68 33
101 46
138 64
175 85
205 103
234 117
251 126
259 132
257 134
246 130
222 121
193 107
160 89
123 70
87 54
58 39
35 25
19 15
17 9
27 13
46 25
74 37
107 52
17 70
179 87
210 105
236 119
0 128
253 134
257 134
242 128
218 119
189 105
154 87
117 70
78 52
46 37
33 25
25 25
17 23
21 1
37 1
3 15
117 48
23 80
183 95
214 103
242 113
9 128
263 144
255 144
238 130
207 113
183 97
146 78
111 70
76 50
48 29
29 15
19 11
19 13
31 17
54 25
85 41
119 58
154 78
189 95
220 111
244 123
7 130
259 132
253 134
236 126
208 115
177 97
142 80
93 64
72 46
44 31
27 19
19 13
21 13
35 19
58 29
89 42
0 58
160 76
195 95
224 113
248 126
259 134
259 134
251 132
232 126
205 113
171 97
136 80
101 62
68 44
44 35
31 31
15 17
11 3
27 0
62 15
97 41
130 66
166 80
199 93
230 109
251 128
261 142
259 142
248 132
228 119
201 107
166 95
126 76
93 54
62 37
39 23
23 17
17 13
25 15
42 21
68 33
101 48
136 66
173 85
205 103
232 117
251 125
259 132
259 134
246 132
224 121
193 105
160 87
125 72
89 56
58 41
35 25
21 15
19 13
27 15
44 23
74 35
107 50
142 68
177 85
210 103
236 121
253 130
259 134
257 134
244 130
220 121
189 107
154 87
117 68
85 54
54 39
33 29
27 27
17 19
17 3
41 1
76 21
115 52
150 78
181 91
214 97
242 113
259 134
261 146
253 142
238 126
214 111
185 101
146 87
109 68
76 46
50 29
29 17
19 13
19 15
33 17
54 25
83 39
117 56
154 76
189 95
220 111
242 121
257 130
261 134
253 134
236 125
210 113
179 99
142 82
105 64
72 46
44 31
27 21
19 15
21 13
35 17
58 27
89 42
123 60
160 78
195 95
224 111
246 123
257 130
261 134
251 134
232 126
205 113
173 95
136 80
101 64
68 46
46 37
29 29
13 13
9 1
31 0
62 19
97 42
128 64
164 80
201 93
232 111
251 130
259 140
259 140
250 132
228 123
199 109
166 95
128 76
93 56
62 39
37 23
23 15
19 13
25 15
41 21
66 31
99 46
128 68
173 87
205 103
232 115
251 126
261 134
257 136
246 130
224 121
195 107
160 89
123 70
89 54
60 41
37 27
21 17
19 13
27 15
46 25
72 35
105 48
142 68
177 87
210 103
236 117
0 128
261 134
257 136
242 130
218 117
191 105
156 89
119 72
83 54
54 37
37 31
27 29
13 15
17 0
42 0
80 23
115 56
148 78
181 89
214 97
242 115
7 134
261 146
255 140
240 126
216 111
183 101
148 89
111 68
78 46
50 27
29 17
19 15
19 17
31 19
52 23
83 37
117 56
154 76
189 95
220 109
242 121
255 128
259 132
255 134
238 128
210 115
177 97
142 80
107 64
74 48
46 33
27 19
19 13
21 13
35 19
58 29
87 41
123 58
160 78
193 95
222 111
246 125
259 130
261 134
251 132
234 125
207 115
173 99
136 80
101 62
70 46
48 41
27 29
11 9
11 0
33 1
62 21
95 44
128 62
164 76
201 93
230 113
250 130
261 140
259 140
250 132
228 121
201 109
166 95
130 76
95 56
64 39
39 25
23 17
17 13
25 13
42 21
66 31
99 46
134 66
169 83
205 101
232 117
251 128
259 134
259 134
248 130
224 121
193 107
160 89
126 72
91 56
58 39
37 25
23 15
19 13
25 17
44 23
72 35
105 48
140 68
175 87
208 103
236 119
253 130
259 136
257 134
244 130
220 119
189 107
154 87
119 70
85 54
56 41
37 33
23 27
11 9
17 0
42 1
78 29
113 58
146 76
181 85
214 99
242 119
257 138
261 146
255 138
240 125
216 113
183 101
150 87
113 70
78 48
50 29
29 19
19 15
19 15
31 17
52 25
82 37
117 54
154 76
187 93
218 109
242 121
257 128
261 134
253 134
236 126
210 113
179 97
142 82
107 64
74 46
46 33
29 21
19 15
21 13
35 19
58 29
87 42
123 58
158 76
193 95
224 111
246 125
7 132
259 134
251 132
234 126
205 113
173 97
130 80
103 62
72 48
50 41
25 27
9 7
13 0
35 3
64 23
93 44
126 60
164 74
199 91
230 113
251 130
259 140
259 136
250 128
228 121
201 113
167 97
128 76
95 54
64 37
39 25
25 17
19 15
25 15
41 19
66 31
99 46
134 66
171 83
203 101
230 115
251 126
259 134
259 134
246 130
226 121
195 107
162 91
125 72
89 56
60 39
37 25
21 15
19 13
27 15
44 23
70 35
105 48
140 68
177 87
208 103
234 119
253 126
261 132
257 134
244 130
220 121
191 107
156 89
119 72
85 56
56 41
41 35
21 25
9 5
15 0
44 3
80 33
113 60
144 76
179 82
214 95
244 121
7 140
259 146
255 136
240 123
216 113
185 103
148 89
113 68
78 44
50 29
31 19
19 17
19 15
31 17
52 21
82 37
109 58
152 78
187 93
218 107
242 121
257 130
259 136
253 132
238 125
210 111
179 95
142 82
109 66
74 48
46 31
27 19
19 13
21 15
33 19
56 27
85 41
123 56
158 76
191 95
222 109
246 125
259 134
261 136
251 132
234 126
207 115
175 99
138 82
103 62
72 48
48 41
21 23
7 3
13 0
37 3
62 25
91 44
125 58
164 74
201 93
230 117
250 134
259 138
259 136
250 130
220 123
201 111
167 95
130 76
95 54
64 37
39 27
23 19
17 15
23 13
41 19
66 33
99 48
125 66
169 82
205 101
230 117
250 126
259 134
259 134
248 132
224 123
195 107
162 91
126 74
89 56
60 39
35 23
23 15
19 13
25 15
44 23
70 33
105 50
140 66
175 85
208 101
236 119
250 130
261 136
257 136
244 130
222 121
191 107
156 89
121 70
85 52
58 41
41 37
17 21
0 0
19 0
46 7
80 37
111 60
144 72
181 82
214 97
242 121
257 142
259 146
255 134
240 123
216 115
185 107
148 91
111 68
78 42
50 27
31 19
19 17
19 13
31 13
52 23
19 37
115 56
152 74
187 91
220 107
242 123
255 130
261 136
255 134
238 128
210 115
179 99
144 83
109 64
74 46
46 29
27 19
19 13
21 13
33 17
56 25
87 41
123 60
158 78
191 95
222 109
244 123
259 132
261 136
251 134
234 126
208 113
175 97
138 82
105 66
76 52
46 41
19 19
7 0
15 0
37 7
60 25
91 42
126 58
164 74
199 95
228 115
248 130
259 136
261 136
250 130
230 123
201 113
167 97
130 76
95 56
64 39
39 27
23 17
19 13
25 13
41 19
66 31
95 48
134 64
169 83
203 99
230 115
250 125
261 134
259 136
246 130
226 121
197 107
164 91
125 74
91 56
60 41
37 25
23 17
17 13
25 15
44 23
70 35
103 50
138 66
175 85
208 103
236 119
251 128
259 134
257 134
244 128
222 121
193 107
158 91
121 72
85 54
60 42
39 39
15 17
7 0
19 0
48 9
80 39
109 58
144 68
181 78
216 99
242 125
255 140
259 140
255 130
242 123
216 117
185 109
150 89
115 66
80 44
52 31
31 21
19 15
19 13
31 13
50 21
80 37
115 56
152 74
187 93
216 107
242 121
255 132
261 136
253 132
238 125
212 115
179 99
144 82
107 64
76 46
48 33
29 21
17 13
21 13
33 17
56 27
85 41
121 58
158 78
193 95
222 111
244 125
257 132
261 136
251 134
234 125
208 113
175 99
140 82
105 64
76 56
44 39
17 15
7 0
17 0
37 9
62 29
89 44
125 56
164 72
201 95
228 119
248 132
257 134
259 134
251 130
230 125
201 113
167 95
130 74
97 54
64 39
39 27
23 17
19 11
25 13
41 19
64 33
97 48
132 66
169 82
203 97
230 113
250 126
259 134
257 134
248 130
226 121
197 109
164 93
126 74
91 56
60 39
37 25
21 15
17 13
25 15
42 21
70 33
103 48
138 68
175 85
208 101
234 117
251 128
259 134
257 134
246 130
222 121
191 107
158 89
123 72
87 56
62 48
37 37
11 11
7 0
25 0
50 17
76 42
107 56
142 64
181 80
214 103
240 126
253 138
261 136
255 130
171 123
216 117
185 107
152 87
115 66
80 44
52 31
31 23
21 17
19 13
29 13
50 23
17 37
115 56
150 74
185 89
216 105
240 119
253 128
261 134
255 134
238 126
212 115
181 99
146 83
109 64
76 46
48 31
29 21
19 15
21 13
33 17
54 27
85 41
121 58
156 78
191 93
220 111
244 123
257 132
259 136
253 132
236 126
208 115
175 99
140 82
107 68
76 54
42 35
13 9
7 0
21 0
39 15
60 31
87 42
126 54
166 74
201 99
226 121
248 132
259 134
259 132
250 130
230 126
203 115
169 95
132 74
97 54
66 41
41 29
25 19
17 11
25 11
39 19
64 31
97 48
132 64
167 82
201 99
230 115
250 126
259 134
259 136
248 130
226 121
197 107
164 91
126 74
91 56
60 39
39 25
23 15
19 13
25 15
42 21
70 33
103 48
138 66
173 83
208 101
234 119
251 128
259 134
259 134
246 130
224 123
193 107
158 91
123 72
89 58
62 48
33 31
9 3
7 0
27 0
50 23
76 42
107 54
142 64
181 80
214 107
238 128
253 136
259 134
255 128
242 125
216 121
185 105
150 85
117 64
82 46
50 33
31 25
21 17
19 13
31 15
50 25
78 39
115 56
150 74
185 91
216 105
240 119
255 130
261 134
253 132
238 125
214 115
181 101
146 83
109 66
76 46
48 33
29 21
19 13
19 11
33 15
56 27
85 42
119 58
156 76
191 93
220 111
244 123
257 130
261 136
253 134
234 126
208 115
177 99
142 83
109 72
74 56
39 29
13 5
11 0
21 1
37 15
58 29
87 41
125 54
164 74
199 99
226 121
246 130
257 132
261 132
251 132
230 126
203 113
169 91
134 72
99 56
66 41
41 29
25 19
19 13
23 11
39 17
64 31
95 46
132 64
167 82
201 99
228 113
250 125
259 132
259 136
248 130
228 123
199 109
164 93
128 74
93 56
62 41
37 27
21 17
19 13
25 15
42 23
68 33
101 48
138 66
173 85
207 103
232 117
251 126
261 134
257 134
244 130
224 121
195 109
160 91
121 72
89 58
62 50
29 25
9 0
11 0
31 3
48 27
74 42
105 50
144 60
183 83
212 111
236 130
253 134
261 130
257 128
242 126
216 121
185 105
152 83
117 64
78 48
52 35
33 25
21 15
19 11
29 13
50 25
80 41
109 56
150 72
185 89
216 105
240 121
5 128
261 134
255 134
238 126
212 115
181 99
148 85
111 68
76 48
48 33
29 21
19 13
19 13
33 17
54 27
83 39
119 56
156 76
191 93
220 111
244 123
257 132
259 134
251 132
236 126
210 115
177 101
144 85
111 74
72 54
35 25
17 3
15 0
23 5
37 19
58 29
87 39
126 54
164 78
197 101
224 117
246 125
259 130
261 134
250 134
230 126
205 113
169 93
134 74
97 56
66 42
41 29
25 19
17 9
23 11
39 21
64 33
95 46
130 62
167 80
201 99
228 117
248 126
259 132
259 132
248 130
226 123
199 109
166 91
128 76
93 58
62 41
39 27
23 17
17 13
25 13
42 21
68 31
101 46
138 68
173 85
207 103
234 117
253 128
261 134
259 136
246 132
222 123
193 107
160 91
123 76
93 66
58 48
25 15
9 0
15 0
31 11
48 29
72 39
107 44
144 60
181 85
212 111
238 128
253 132
259 130
255 130
242 128
218 123
187 105
152 83
117 62
83 46
52 35
31 25
21 13
19 9
29 13
50 25
78 41
113 56
150 72
185 89
214 107
240 121
255 130
261 134
255 132
240 128
214 117
183 101
148 83
111 66
76 46
48 33
29 23
19 15
19 13
33 17
54 27
83 41
119 56
154 74
189 91
220 109
236 123
7 130
261 134
253 132
234 126
208 113
179 101
146 89
109 76
66 50
33 19
19 1
19 1
23 9
33 17
56 25
89 37
126 54
164 80
195 103
224 117
248 125
259 128
259 132
250 134
230 126
203 111
169 91
134 74
97 56
68 44
42 31
25 19
19 11
23 13
39 21
62 33
95 46
130 62
167 80
199 97
228 113
250 125
261 132
259 134
248 128
228 121
201 111
166 95
128 76
93 56
62 41
37 25
21 15
19 11
27 15
42 23
68 33
99 46
136 66
173 85
205 103
232 115
251 126
261 134
257 136
246 132
222 123
195 109
160 91
126 78
93 68
54 42
25 9
13 0
19 0
31 15
44 29
70 33
107 42
144 64
181 91
210 115
236 126
253 128
261 130
257 134
242 132
218 121
187 101
154 82
117 64
82 50
52 37
33 23
21 13
19 9
29 15
50 27
78 39
111 54
148 70
183 87
214 107
240 123
255 130
259 132
255 132
240 126
214 117
183 101
148 83
113 66
78 48
48 33
31 21
19 15
21 13
31 17
54 27
83 41
119 58
154 76
187 91
218 107
244 121
257 132
261 136
253 134
236 126
210 115
179 103
148 93
107 74
64 42
35 15
23 1
19 3
23 11
33 17
56 23
89 35
126 56
164 82
195 103
224 115
246 123
259 128
259 134
250 132
232 125
205 111
171 91
134 76
99 60
68 44
42 29
25 17
17 13
23 13
37 19
62 31
93 44
128 62
166 80
201 97
228 113
250 125
259 132
259 134
248 132
228 123
199 111
166 93
128 76
93 56
62 41
37 25
23 15
19 13
25 15
41 21
68 33
101 48
134 66
171 83
205 101
234 117
251 128
259 134
257 134
246 130
224 123
195 109
160 91
130 82
91 68
50 35
25 3
17 0
21 5
29 21
44 29
70 31
105 42
144 66
179 95
208 115
236 123
253 126
261 130
255 134
242 132
218 121
189 101
154 82
117 64
83 52
54 39
33 25
19 13
17 9
29 15
50 27
78 41
111 52
148 70
183 87
214 107
238 121
255 130
261 134
255 132
238 126
214 115
185 101
148 83
111 66
78 48
50 33
29 21
19 15
19 13
31 17
52 27
83 41
117 56
154 74
189 91
218 109
242 123
257 130
261 134
253 134
238 128
212 117
181 105
148 91
103 68
62 37
37 15
27 7
21 9
21 13
31 15
56 21
91 39
126 62
160 83
193 99
224 111
246 123
259 130
259 136
250 132
232 123
205 109
171 91
136 76
99 60
68 42
42 29
25 17
19 11
23 15
39 21
62 31
93 44
128 60
166 80
199 99
228 113
250 126
259 132
259 134
248 128
230 123
201 111
167 95
128 76
95 56
64 41
39 27
23 19
17 11
25 13
41 21
68 33
99 48
134 66
171 83
205 101
232 115
250 125
261 134
259 136
246 132
224 123
197 109
164 97
130 87
85 62
46 25
27 1
21 0
21 13
27 21
42 23
72 27
107 42
144 70
177 95
208 109
236 119
253 125
259 132
255 136
242 132
218 117
189 101
156 85
119 70
83 54
54 37
33 21
21 13
19 13
29 17
48 25
78 37
111 52
146 70
181 89
214 107
240 121
255 130
259 134
255 132
240 128
216 119
183 103
148 83
113 64
80 48
50 37
31 23
19 13
19 11
31 15
52 27
82 41
117 56
154 74
187 91
220 109
244 123
257 132
261 136
253 134
238 126
212 119
185 109
146 95
99 62
62 33
41 13
27 7
21 11
21 13
33 15
56 21
89 39
125 62
160 83
193 101
222 111
244 121
257 130
259 136
250 134
232 123
205 109
173 93
136 78
99 60
68 42
44 29
27 19
17 15
21 15
37 19
62 29
95 44
128 62
164 80
199 99
228 113
248 125
259 132
259 134
250 132
230 123
201 109
167 93
130 76
95 58
64 41
39 27
23 15
19 13
25 15
41 21
66 33
99 46
134 64
169 82
205 99
234 117
251 128
259 136
259 136
246 130
226 123
197 111
166 101
128 85
83 50
48 17
31 3
25 9
21 17
25 19
42 17
72 25
107 48
144 76
177 97
207 107
234 113
253 123
261 134
257 140
242 132
220 117
191 99
156 85
119 70
83 54
54 37
33 21
21 13
19 13
29 17
48 27
76 37
109 50
146 70
181 89
212 105
240 121
255 130
261 134
255 134
240 130
216 119
185 103
150 85
113 66
78 48
50 33
29 19
21 15
21 13
31 17
52 25
82 39
117 56
152 74
187 91
218 109
242 123
255 130
261 136
255 134
238 128
214 121
185 111
142 89
97 58
64 29
44 17
31 15
19 15
19 13
31 11
58 21
91 41
125 66
158 83
193 97
224 109
246 123
257 134
259 138
250 132
232 123
207 109
171 93
136 78
103 60
70 44
42 29
25 17
17 13
23 15
37 21
60 29
91 42
126 60
164 80
197 99
226 113
248 125
259 132
259 134
250 132
228 125
203 111
160 95
130 78
95 58
64 41
41 27
23 17
19 13
23 15
41 21
66 31
99 46
126 64
169 83
205 99
232 115
250 126
259 134
259 136
248 132
226 123
199 111
169 105
125 82
80 44
50 15
37 7
27 15
19 19
15 15
42 13
74 27
107 52
142 78
173 93
208 103
236 113
3 125
251 136
255 136
242 128
220 115
191 101
156 87
119 72
85 54
56 35
35 21
21 15
19 15
29 17
48 25
76 35
109 50
144 62
181 89
212 107
238 119
5 128
261 134
255 134
242 128
216 119
185 103
150 83
113 66
80 50
52 35
31 21
19 13
21 11
31 17
52 27
82 37
109 54
152 74
187 91
218 107
242 121
257 132
263 138
255 136
238 130
218 125
185 113
136 83
97 52
68 29
48 19
29 17
17 13
17 9
33 11
58 23
89 44
123 66
158 82
193 93
222 109
244 123
257 134
259 136
250 130
232 119
207 109
175 97
138 82
103 62
70 42
44 27
27 21
19 17
21 15
35 17
60 27
93 44
126 62
164 80
197 97
226 113
248 125
259 132
259 134
251 132
230 123
203 111
167 93
132 76
97 58
66 42
41 29
23 17
19 13
25 15
39 21
66 31
97 46
134 64
169 82
203 99
232 117
251 128
259 134
259 136
248 132
226 125
203 119
166 105
119 72
78 37
56 17
41 17
25 23
19 21
23 13
44 15
72 31
105 56
140 78
173 91
207 101
234 113
251 126
259 138
255 136
242 126
222 113
191 103
158 89
121 74
85 54
56 35
35 21
19 15
19 15
27 15
46 21
76 35
109 52
144 70
181 89
214 107
238 119
253 128
261 134
255 134
240 128
218 117
187 103
150 87
115 70
80 50
52 33
31 23
19 15
19 15
29 17
52 25
82 37
115 54
150 72
187 91
218 109
242 123
257 130
261 136
255 136
242 132
218 128
177 107
134 76
99 48
74 33
48 25
29 21
17 13
21 7
35 13
58 27
87 48
121 66
156 78
191 91
220 107
246 125
257 136
259 136
251 130
234 121
208 111
175 99
138 82
103 60
70 41
44 29
25 21
17 15
23 15
37 19
60 29
91 42
126 60
164 78
197 95
226 113
248 125
259 132
259 134
250 132
230 123
203 111
169 95
132 78
95 58
64 39
41 27
25 19
19 15
23 13
39 19
66 33
97 48
132 66
169 83
203 99
232 115
250 128
259 136
259 136
248 132
228 125
205 121
162 101
115 64
82 33
60 21
41 23
23 23
17 15
23 7
44 13
72 35
105 58
138 76
173 85
207 97
234 113
251 130
259 138
257 134
244 125
220 113
191 103
158 91
121 74
87 52
56 35
35 25
21 19
19 17
27 17
46 21
74 33
109 50
144 72
179 89
212 103
238 117
253 128
261 136
255 134
240 128
216 117
187 103
152 87
113 68
80 50
52 35
31 25
19 15
19 13
31 17
52 25
80 39
115 56
152 74
187 91
216 109
242 123
257 132
261 136
255 134
244 134
218 126
173 103
134 72
103 48
76 37
50 31
27 21
17 11
19 5
37 13
58 31
85 48
119 62
156 76
193 91
220 111
244 125
255 132
259 132
251 128
234 123
208 113
175 99
140 82
103 62
70 44
42 29
27 21
19 15
21 13
35 17
58 27
89 42
126 60
162 80
197 95
226 111
250 126
259 134
259 134
250 132
232 125
203 111
167 95
132 78
99 60
66 42
41 29
23 17
17 13
25 15
41 21
64 31
97 46
132 64
167 83
201 99
230 113
251 126
261 136
259 138
248 132
232 132
203 123
156 91
115 56
85 33
64 29
41 31
21 23
15 9
25 5
46 17
72 41
103 60
138 72
173 82
207 97
234 117
250 130
259 136
257 130
244 125
222 117
193 107
158 91
123 72
87 52
56 35
35 25
21 17
17 13
27 13
46 21
74 33
107 52
144 70
179 87
212 103
238 119
255 130
261 136
255 136
242 128
216 117
187 103
154 85
115 70
80 50
52 35
33 23
21 15
19 13
29 15
50 25
80 37
115 56
150 74
185 91
218 107
242 121
257 132
261 136
257 138
246 140
212 123
171 93
136 66
107 48
80 41
48 33
27 21
17 9
21 7
37 17
56 33
83 46
121 60
156 74
191 91
220 111
244 126
257 132
259 132
251 128
236 123
208 115
175 101
140 80
103 60
72 44
44 31
25 21
19 13
23 11
37 17
60 29
89 44
125 60
162 78
197 97
226 113
248 125
259 132
259 134
250 132
230 123
203 111
169 95
134 78
97 60
66 42
41 29
25 17
19 13
23 13
39 19
64 31
97 46
132 64
167 82
203 99
232 117
250 128
259 134
259 138
250 136
232 136
195 117
154 80
119 50
91 41
66 39
39 33
21 17
17 5
27 7
44 21
70 42
101 56
136 68
171 80
207 99
234 119
251 132
259 134
257 130
246 125
222 119
193 109
158 91
123 70
87 50
56 37
35 27
19 17
19 13
27 13
46 23
74 35
107 52
142 68
179 87
212 105
236 119
253 130
261 134
257 134
242 128
218 119
187 105
152 87
115 68
80 48
54 35
33 23
19 15
19 11
31 15
52 25
80 39
113 54
150 72
185 91
216 107
240 123
255 132
261 138
261 142
244 140
207 117
171 89
140 68
111 54
78 46
48 33
27 19
19 9
23 9
35 19
56 35
83 46
119 58
156 72
191 93
220 111
242 125
255 130
259 130
251 128
236 125
208 117
175 99
140 80
105 60
72 44
44 33
27 21
19 15
21 13
35 17
58 29
89 44
125 60
162 78
187 95
226 111
248 126
259 132
259 132
251 132
232 125
203 113
169 97
134 78
99 60
68 44
41 29
25 19
19 13
23 13
39 21
64 31
95 46
130 62
167 82
201 101
230 115
250 126
261 134
259 138
253 142
230 134
193 107
154 74
123 52
93 48
64 42
39 33
21 15
19 5
29 13
44 29
68 44
99 54
134 62
173 80
207 103
232 121
250 130
259 130
257 130
246 128
222 121
193 107
160 89
123 70
87 52
58 37
35 27
21 19
17 11
25 11
46 23
74 37
107 52
142 70
179 85
212 103
236 121
253 130
259 134
257 134
242 128
218 119
187 105
154 87
117 68
82 50
52 35
31 21
21 15
19 13
31 17
50 25
78 37
113 52
150 72
185 93
216 109
240 123
257 132
263 140
263 146
238 134
203 111
173 85
144 68
113 60
78 48
48 33
29 17
21 9
23 13
35 23
54 33
82 42
119 56
156 74
189 95
218 111
242 121
257 128
259 132
251 132
234 126
210 115
177 99
140 80
105 62
72 46
44 31
27 19
19 13
21 11
35 17
58 29
89 42
125 58
162 76
195 95
224 113
246 125
257 132
259 134
251 132
232 126
205 113
171 97
136 78
99 60
68 42
41 29
25 19
19 13
23 13
39 19
64 31
95 46
130 64
166 82
201 99
230 117
250 128
259 134
261 140
255 146
226 130
187 95
156 66
130 58
97 56
62 48
35 27
23 9
21 5
29 17
42 31
66 41
99 48
136 60
173 82
205 103
232 121
251 128
259 130
257 130
246 128
224 123
195 109
160 91
123 70
87 52
58 39
37 27
21 17
19 11
27 13
46 23
72 37
105 52
142 68
179 87
210 105
236 121
253 130
261 136
257 134
242 128
220 119
189 105
154 89
117 68
82 50
54 35
33 23
19 15
17 11
31 13
50 25
80 41
113 56
148 72
185 91
216 109
240 123
257 134
267 144
259 146
232 128
203 103
177 83
150 74
113 64
76 48
48 29
29 15
21 11
23 17
33 25
52 31
83 39
119 54
154 76
189 95
218 111
242 121
257 126
259 132
253 132
236 128
210 115
177 97
142 80
105 64
74 48
46 33
27 19
19 13
21 13
35 19
56 27
89 41
125 58
162 78
195 97
224 113
248 125
259 132
261 134
250 132
232 125
205 113
169 95
134 76
101 60
68 46
42 31
25 19
19 11
23 13
39 21
62 33
93 46
130 62
167 82
201 99
228 117
248 126
261 134
265 144
251 146
218 121
189 89
162 72
132 68
97 62
62 44
37 23
23 9
21 9
27 21
41 31
68 37
99 44
136 60
171 82
205 105
230 119
250 123
259 125
261 132
248 134
224 125
195 107
162 87
125 72
89 56
58 41
35 25
23 15
17 11
25 13
44 23
72 37
107 50
142 68
177 85
210 105
236 119
253 130
261 134
255 132
242 128
220 121
189 107
154 87
119 68
83 52
54 37
33 25
19 17
19 13
29 15
48 23
76 35
113 54
150 74
183 91
214 107
242 123
259 136
267 146
251 140
228 119
207 99
181 87
150 78
111 64
78 48
50 29
31 17
21 15
21 19
33 25
52 29
82 39
117 54
154 76
187 95
218 111
242 119
257 126
261 134
253 134
236 126
210 115
177 97
144 80
107 66
72 48
44 31
27 17
19 13
21 15
35 19
56 29
87 42
123 58
160 76
193 95
224 113
246 125
259 132
259 134
251 134
232 126
205 113
171 95
134 76
101 60
68 44
42 31
25 19
19 13
23 13
39 21
64 31
93 46
130 62
166 82
201 101
228 117
250 128
261 138
265 148
248 138
218 111
193 87
166 78
134 74
97 64
62 42
39 21
25 11
21 15
27 25
41 29
64 31
99 41
136 62
171 87
203 105
230 115
251 123
261 130
259 134
246 132
224 123
195 107
160 87
125 72
89 56
58 41
37 27
21 15
17 11
27 15
44 23
72 35
105 48
140 64
177 85
210 105
236 121
251 128
261 132
257 134
242 130
220 121
191 107
156 89
119 70
83 52
54 37
35 25
21 17
19 13
29 15
50 25
78 39
111 54
146 72
183 89
214 107
240 123
261 138
265 146
250 134
230 115
210 99
185 91
152 83
111 70
78 46
50 27
33 19
21 19
21 21
31 23
52 25
83 37
117 56
152 78
185 93
216 105
242 117
257 128
261 136
253 134
236 125
212 115
179 99
142 83
107 66
74 46
46 33
27 21
17 15
21 15
35 19
56 27
85 41
123 58
160 76
193 95
224 111
246 125
259 132
261 136
251 134
232 125
207 113
173 99
136 82
101 62
70 42
42 29
25 19
17 13
23 13
37 19
62 31
93 44
128 62
166 82
201 99
230 117
250 128
263 142
263 148
240 128
218 103
197 89
169 87
132 82
93 62
62 37
41 17
27 15
19 19
25 23
41 25
62 29
99 42
134 64
169 85
203 101
232 113
251 123
259 132
259 136
248 134
226 123
195 105
162 89
126 74
91 58
58 41
35 23
23 15
19 13
27 17
44 23
72 33
105 48
142 68
177 87
208 105
236 119
253 128
259 134
257 136
244 132
220 121
189 105
154 87
119 70
85 52
54 37
33 23
21 15
21 13
29 17
48 25
76 37
111 54
148 74
181 89
214 107
244 125
263 142
259 142
244 126
232 111
216 103
187 97
150 87
111 66
78 42
54 29
33 23
21 21
19 19
31 19
52 25
82 37
115 56
152 74
187 91
218 107
242 119
255 128
261 134
255 134
236 126
210 115
179 99
144 83
109 68
74 48
46 33
27 19
19 13
21 13
33 19
56 27
87 39
123 58
158 78
193 95
222 111
244 123
257 130
261 136
253 134
234 126
207 113
173 95
138 78
101 62
68 44
42 29
25 17
17 13
23 13
37 19
60 29
93 44
130 62
164 82
199 99
228 115
251 130
265 144
257 140
240 121
222 101
201 95
171 93
132 82
95 58
64 35
41 21
25 21
19 23
25 23
41 21
66 29
97 44
134 66
169 85
203 99
230 109
250 119
261 132
259 140
246 134
226 121
197 105
164 91
125 76
89 58
60 39
37 23
21 15
17 13
25 15
44 23
72 33
105 46
138 64
175 85
208 105
236 121
253 128
261 134
257 134
244 130
222 121
191 107
156 89
119 70
85 52
54 39
33 25
21 17
19 13
27 15
48 25
76 37
109 54
146 70
183 91
216 109
244 128
259 140
253 134
246 123
236 113
216 107
187 101
148 85
111 64
80 44
54 33
33 27
21 23
21 19
29 17
52 23
82 39
115 60
150 76
185 89
218 105
242 119
257 130
261 136
253 134
238 125
212 115
179 101
144 83
107 64
76 46
48 31
29 19
17 13
21 13
35 17
56 27
87 41
123 58
160 78
193 95
222 111
246 123
259 132
261 136
251 134
234 125
207 113
173 99
138 80
101 60
70 42
44 29
27 21
17 15
21 13
37 19
60 31
91 44
126 60
166 82
201 101
226 115
251 132
263 146
253 134
238 113
224 101
203 101
171 99
130 82
95 54
64 33
42 23
27 25
19 25
23 19
41 17
66 25
99 46
132 70
167 85
203 97
230 111
251 125
259 134
259 138
248 132
226 119
197 105
162 91
126 76
91 58
60 39
37 25
21 15
19 13
25 17
42 23
70 33
103 48
138 68
175 87
208 105
236 119
253 128
261 134
257 134
244 130
222 121
191 107
156 89
119 68
85 52
56 39
35 25
19 15
19 13
29 15
48 25
76 37
109 52
146 72
183 91
216 111
246 130
253 136
251 130
246 119
238 113
218 111
187 101
148 83
113 62
82 44
56 35
33 29
19 23
19 15
31 15
52 25
82 41
115 58
150 74
185 87
216 103
240 119
255 130
261 136
255 132
238 126
212 115
181 99
144 83
109 64
76 48
46 33
29 21
19 15
21 13
33 15
56 27
85 41
121 58
158 76
193 93
224 111
246 125
257 134
259 134
251 132
234 125
208 113
175 97
130 82
103 62
70 44
44 31
25 19
19 15
23 15
37 19
60 29
91 44
128 62
164 82
199 99
226 117
253 138
259 142
250 126
240 109
228 105
207 107
171 103
130 80
95 52
68 35
44 29
25 27
17 21
21 15
41 17
66 29
95 48
132 68
167 83
203 97
230 111
250 125
259 134
259 136
246 130
226 119
197 107
164 95
126 78
91 58
60 37
37 23
23 15
19 15
25 15
42 23
70 33
103 48
138 66
175 87
208 103
234 117
251 126
261 132
257 134
244 130
222 119
191 105
158 87
121 70
87 54
56 37
35 25
21 17
19 15
29 17
46 25
76 39
109 54
146 72
181 91
216 111
244 130
250 132
250 125
250 117
242 117
218 115
187 105
150 83
115 62
83 46
54 37
33 29
19 21
19 13
29 15
50 23
80 39
115 58
150 74
185 87
216 103
242 119
257 132
261 136
253 130
238 123
214 115
181 103
144 85
109 66
76 46
48 33
29 23
19 15
21 15
33 17
56 25
85 41
119 56
158 76
191 95
222 111
244 121
259 130
261 136
253 134
234 126
208 113
175 99
140 82
103 62
70 44
44 29
27 19
19 13
21 13
37 19
60 29
91 44
126 62
164 82
197 101
228 121
253 138
253 134
248 119
244 111
232 113
205 113
169 99
132 76
97 52
68 37
42 33
25 29
19 21
23 13
39 15
64 29
95 48
132 66
167 82
201 95
228 111
250 125
261 136
259 136
248 130
226 119
199 107
164 95
126 78
91 58
60 39
37 25
23 17
17 15
25 15
42 21
70 31
103 46
138 66
175 87
207 103
234 117
253 128
259 134
255 134
246 130
224 121
193 107
158 89
121 70
87 54
56 37
35 25
21 17
19 13
29 15
48 23
74 37
109 52
146 72
181 91
218 113
240 128
246 126
250 121
253 119
242 119
218 117
187 103
152 85
117 64
83 48
54 39
33 29
19 21
19 13
29 13
50 25
78 41
113 56
150 70
185 87
216 105
240 121
255 132
261 136
255 132
240 126
214 117
181 103
146 85
109 66
76 44
48 31
29 23
19 17
19 13
33 15
56 27
85 42
121 60
156 78
191 93
220 109
244 125
257 132
259 134
251 132
236 126
208 115
175 99
140 80
103 64
72 44
44 31
25 19
19 13
23 13
37 21
60 31
89 44
126 62
164 80
197 99
230 123
250 136
250 126
250 115
248 111
234 119
205 117
169 101
132 74
99 52
70 41
42 37
25 27
17 17
23 11
39 17
62 31
93 48
130 64
169 80
201 95
230 113
250 126
261 136
261 136
248 130
226 121
199 109
166 95
126 76
91 56
60 37
39 25
23 17
17 13
23 13
42 19
70 31
103 50
136 68
173 85
207 101
236 117
251 128
259 134
259 136
246 130
222 119
193 105
158 89
123 72
87 56
58 39
35 25
21 15
19 13
27 17
46 25
74 37
109 52
144 70
181 91
218 115
236 126
244 123
251 119
255 119
244 125
218 121
185 103
152 82
119 64
85 52
54 42
31 31
19 17
19 9
31 13
48 25
78 39
113 54
150 68
185 85
216 105
240 121
255 130
261 134
255 132
238 126
214 117
181 103
146 83
109 64
76 46
48 33
29 23
19 15
19 13
33 15
54 25
83 41
119 56
156 76
189 93
220 109
246 123
259 134
261 136
253 134
236 126
208 115
177 99
140 82
105 62
70 44
44 29
25 17
19 15
21 15
35 19
58 29
91 44
126 62
162 80
197 101
230 125
244 130
248 119
251 111
251 117
234 125
205 119
169 97
134 70
101 54
70 44
41 37
25 25
17 13
23 9
39 15
62 31
95 48
130 62
166 78
201 93
230 113
250 128
259 134
257 132
250 128
228 123
197 111
164 95
128 76
93 56
62 39
37 27
23 17
17 13
25 13
41 19
68 31
103 48
138 68
173 85
207 101
232 117
251 128
259 136
257 136
246 130
222 119
193 105
158 89
123 72
87 54
58 39
35 25
21 17
19 13
27 15
46 25
74 37
107 52
144 72
185 95
214 117
230 121
242 115
255 117
257 123
244 126
216 119
187 101
154 82
119 66
83 56
54 42
33 27
19 15
19 11
29 17
50 27
78 39
113 52
148 68
183 87
216 107
240 123
255 132
261 134
255 132
240 128
214 119
181 103
146 83
113 66
78 48
48 35
29 23
19 15
21 13
33 17
52 27
83 41
119 58
156 76
189 93
220 111
244 123
257 130
261 134
253 134
236 126
208 115
177 99
140 82
105 62
72 46
46 33
27 21
17 13
21 13
35 19
58 31
89 44
125 62
162 80
201 105
228 125
240 126
246 113
255 113
253 123
234 128
205 119
169 93
136 70
101 54
70 46
41 37
25 23
17 11
23 9
39 17
62 33
95 48
128 60
166 76
201 95
228 115
250 128
259 134
259 132
250 130
230 125
199 111
166 95
130 76
93 54
62 39
37 25
21 15
19 13
25 15
41 21
68 33
101 48
136 66
171 83
207 101
234 117
251 126
259 134
259 134
246 130
224 121
193 107
158 87
123 72
89 54
58 39
35 25
21 17
19 13
27 15
44 21
74 35
109 52
144 72
185 99
212 113
228 115
244 115
257 119
257 126
244 128
216 119
187 99
154 82
121 68
83 58
54 44
31 27
19 13
19 11
29 17
48 27
76 39
111 48
150 66
185 87
216 109
238 123
255 128
261 132
255 134
240 130
214 119
183 103
148 83
111 64
76 48
48 33
29 21
19 15
21 13
31 15
54 25
83 39
119 56
154 76
189 93
220 109
244 123
257 132
261 136
253 134
236 126
208 115
177 99
142 82
105 64
72 46
46 29
27 19
19 13
21 15
35 19
58 29
89 44
125 62
162 80
199 107
226 123
238 117
248 111
257 115
253 128
234 132
205 117
171 91
136 70
103 60
68 50
41 37
25 19
19 9
23 9
37 21
62 33
93 46
128 58
166 74
201 95
228 117
250 128
259 134
259 134
248 130
228 123
201 113
166 95
128 74
93 54
62 41
39 27
23 17
17 11
25 11
42 19
68 33
99 48
136 64
173 82
207 101
232 119
251 128
259 134
259 134
246 132
224 123
193 107
160 91
125 72
87 54
58 39
37 27
21 17
19 13
27 15
46 23
74 37
107 54
146 74
185 99
207 109
224 109
246 113
11 123
259 130
181 130
218 117
189 99
158 83
121 72
83 58
52 41
33 23
21 13
19 13
29 19
48 27
76 37
111 50
148 68
183 87
214 107
240 121
257 130
261 134
255 134
240 128
216 119
183 105
148 85
113 66
78 48
48 35
29 21
19 13
21 11
31 17
52 25
83 39
119 56
154 76
189 93
218 109
244 123
257 132
261 134
253 132
236 126
210 115
177 97
142 82
107 64
74 46
46 33
29 21
17 15
23 13
35 19
58 29
89 44
123 60
162 80
201 109
222 119
232 111
250 109
261 121
253 132
232 132
205 115
173 89
138 72
101 62
68 52
42 37
25 21
17 9
21 9
37 21
62 35
93 46
128 58
166 76
199 97
228 117
250 128
259 130
259 132
248 130
228 126
201 113
166 95
130 74
95 56
62 41
37 27
21 17
19 11
25 13
41 19
68 33
101 48
136 66
171 83
205 99
232 117
251 126
259 134
257 134
246 128
224 121
195 107
160 91
125 72
89 54
58 39
37 27
21 17
17 13
27 17
46 25
72 37
107 54
148 76
181 97
201 103
226 105
250 113
261 125
257 132
242 128
218 115
191 99
158 85
119 74
83 58
54 41
33 23
19 13
19 11
29 17
48 27
76 35
109 48
148 68
183 89
214 107
238 121
255 128
261 134
255 134
240 128
216 117
185 103
150 85
111 68
78 48
50 35
31 21
19 13
19 11
31 17
54 27
82 39
117 56
154 74
189 93
220 111
242 123
255 132
259 134
253 134
236 126
210 115
179 101
142 82
68 64
74 46
46 31
29 19
19 13
21 13
35 17
58 29
89 44
123 60
35 83
189 107
216 111
234 105
3 109
253 125
253 136
232 130
203 109
171 87
140 74
103 66
70 54
42 35
25 17
19 9
23 13
37 23
60 35
91 42
128 56
166 76
199 97
226 117
250 126
259 130
259 132
248 130
228 125
203 113
167 95
130 76
95 56
64 41
39 27
23 19
17 13
25 11
41 19
66 31
99 48
134 64
171 83
205 101
232 117
250 126
259 134
259 134
246 132
224 121
195 109
162 91
125 72
89 52
58 37
37 25
23 19
19 15
27 15
46 23
74 37
107 54
148 80
177 95
199 97
224 101
250 111
261 125
257 134
242 128
220 115
193 101
158 89
121 76
83 60
54 41
33 23
21 13
17 13
27 17
46 23
74 33
111 48
146 70
181 89
214 107
238 119
257 128
261 136
255 136
240 130
216 117
185 101
148 83
113 68
80 50
50 33
29 21
19 13
19 13
31 17
52 25
80 37
117 54
154 74
187 93
216 109
242 121
7 132
261 136
253 134
220 126
205 115
179 99
144 82
99 64
74 46
46 31
29 19
19 13
21 11
35 17
56 29
87 42
123 60
166 89
195 107
214 105
234 101
5 111
255 130
253 138
232 128
207 109
175 91
140 80
95 70
68 54
42 33
27 15
17 9
21 15
35 21
60 31
91 41
126 56
164 78
199 99
228 115
250 125
259 130
259 132
250 134
230 126
201 111
167 93
132 76
95 58
62 41
39 27
25 17
17 13
23 13
41 21
66 33
99 48
126 66
169 83
203 99
232 117
251 126
259 134
259 134
246 130
226 121
197 109
162 93
125 74
89 56
60 41
37 27
21 17
19 13
27 17
44 25
72 37
109 54
21 80
173 93
197 95
226 99
251 115
263 130
257 136
242 128
220 113
193 101
160 91
121 78
83 58
56 39
35 23
21 13
17 13
27 19
48 23
76 33
109 48
146 68
181 91
214 107
238 119
255 126
261 132
257 136
240 130
216 117
185 101
152 85
113 68
78 50
52 35
31 23
19 15
19 13
29 17
52 25
82 39
115 56
152 74
187 91
218 109
242 123
255 130
259 134
255 134
238 126
210 115
179 97
144 80
111 64
76 48
46 33
29 21
19 15
21 15
33 19
56 29
87 44
125 62
164 89
189 101
210 99
236 101
257 115
261 132
253 138
232 126
208 107
175 91
140 82
103 70
68 52
42 29
25 13
19 9
21 15
35 23
60 29
91 39
128 56
164 80
197 99
226 115
250 125
261 130
259 136
250 134
230 125
203 111
169 95
132 76
95 56
64 42
41 29
25 19
17 13
23 11
41 17
66 33
99 48
132 64
169 82
205 99
230 117
250 126
259 134
259 136
248 130
226 121
195 109
162 91
126 74
91 56
60 39
37 27
23 19
19 13
25 15
44 23
74 37
109 58
142 78
169 85
199 91
230 101
253 119
261 132
257 134
242 126
222 115
193 103
158 91
121 78
85 58
56 37
33 21
19 13
17 13
29 17
46 23
74 33
109 50
146 70
181 89
212 105
238 119
255 126
261 134
255 134
242 130
216 119
185 103
150 83
115 66
80 48
52 35
33 23
19 15
19 13
31 17
52 27
80 39
115 54
27 72
187 91
216 107
240 121
7 130
261 136
253 132
238 126
207 117
181 101
140 85
107 66
74 48
48 33
21 21
17 13
21 11
35 17
56 29
87 44
126 68
162 89
187 95
212 93
238 101
259 121
263 138
251 138
232 123
208 105
177 93
142 85
101 70
70 48
44 29
27 17
17 13
21 17
35 21
60 27
91 41
126 58
164 78
197 97
226 113
248 125
259 130
259 134
250 134
230 125
201 109
169 93
134 78
97 60
64 42
41 27
25 15
19 13
25 15
41 23
64 33
97 46
134 64
169 83
203 101
230 115
250 126
259 132
257 134
248 130
228 123
199 111
164 93
126 74
91 56
60 41
37 29
23 17
19 13
25 15
44 23
72 37
111 58
142 76
167 83
197 87
230 101
253 119
261 132
257 136
244 128
222 115
195 105
160 93
121 78
85 56
56 37
33 21
19 15
17 13
27 15
46 21
76 33
109 48
144 68
181 87
212 107
238 121
253 128
261 134
257 138
242 132
216 119
187 103
152 87
115 68
80 50
50 33
31 21
19 13
19 13
29 17
50 25
82 39
115 54
150 70
187 89
218 109
242 123
255 130
259 134
255 132
238 128
212 117
181 101
146 83
109 66
76 48
48 33
29 21
19 15
21 15
33 19
54 29
85 41
126 68
160 89
181 91
210 87
242 101
261 125
263 142
250 138
232 121
210 105
177 95
140 89
103 72
70 48
42 27
25 13
15 11
21 17
37 23
58 29
91 39
126 58
164 80
197 101
224 115
248 123
259 130
259 136
250 136
230 126
203 113
169 93
132 76
97 60
64 42
41 27
27 17
19 13
23 13
39 19
66 31
97 46
132 64
169 82
203 101
230 117
250 126
259 132
259 134
248 130
226 121
197 107
164 91
128 76
91 58
60 41
39 25
23 17
19 15
27 17
42 23
74 39
109 60
136 72
162 76
199 83
234 103
0 123
261 134
255 132
244 123
224 115
189 109
158 97
121 78
85 56
56 37
35 23
21 17
17 15
27 15
46 21
66 31
107 50
144 70
179 87
212 105
240 119
5 130
261 136
255 136
242 128
218 119
187 103
152 87
115 68
82 50
52 35
31 21
19 13
21 13
31 17
50 25
80 37
115 54
152 74
187 91
216 107
240 121
255 128
261 134
253 134
238 128
212 115
181 101
146 85
109 68
76 48
48 33
29 21
19 15
21 15
33 19
56 29
85 44
126 70
156 85
181 83
212 87
242 105
261 128
261 140
251 136
234 121
210 107
179 99
142 89
103 72
70 46
44 25
27 15
17 15
21 17
35 19
58 25
91 37
125 56
162 80
189 97
226 113
248 125
259 132
259 136
250 134
232 126
203 111
162 93
132 76
97 60
66 42
41 27
23 15
19 11
23 13
39 19
64 31
95 44
132 62
169 83
201 101
228 115
250 126
259 134
257 134
248 130
228 123
199 111
164 93
126 74
93 56
62 41
37 27
23 17
19 13
27 17
44 25
74 41
107 60
134 68
164 76
201 85
232 105
253 125
259 134
257 132
246 125
226 117
195 109
158 95
121 76
87 54
56 35
35 25
21 19
17 15
25 13
46 19
74 33
107 50
144 70
179 87
212 103
238 119
253 128
259 136
257 136
242 128
218 117
187 103
152 87
115 68
82 48
54 35
33 23
19 15
19 13
31 15
50 25
80 37
115 54
150 72
185 91
216 107
240 121
255 130
259 134
255 134
240 126
212 115
181 101
146 85
109 66
78 48
48 33
29 21
19 15
21 13
33 19
54 27
87 44
126 72
152 80
179 78
212 85
246 107
261 134
261 144
250 132
234 117
212 107
179 103
140 91
103 70
70 44
44 25
27 17
17 15
19 15
35 17
58 23
89 39
125 58
162 82
197 97
226 111
246 123
259 132
261 138
251 134
230 125
205 111
171 95
134 80
97 62
64 41
41 25
25 15
17 11
23 13
39 21
64 31
95 44
132 64
167 82
201 101
230 117
250 126
259 132
259 134
248 132
228 125
199 109
164 91
126 72
93 56
64 41
39 29
23 19
19 15
27 17
44 25
74 42
105 60
128 64
162 70
201 83
234 107
253 126
259 134
255 128
248 125
226 121
195 113
160 99
123 76
87 54
58 37
33 25
19 19
17 13
27 13
46 17
72 31
107 52
144 72
179 87
212 103
238 119
255 130
261 136
257 136
242 128
218 117
189 103
152 87
115 68
82 48
52 31
33 23
19 15
19 13
29 15
50 25
80 39
113 54
150 72
185 89
214 105
240 119
255 130
261 136
255 136
240 128
214 117
183 101
146 85
111 66
78 48
50 35
31 23
19 15
19 13
33 19
54 29
87 48
123 70
146 74
177 76
214 87
246 113
259 136
259 140
251 130
236 117
212 111
179 107
140 91
103 66
72 42
44 27
27 19
19 17
21 15
35 15
58 23
89 39
125 60
162 80
187 95
226 111
248 125
259 132
259 136
251 132
230 125
205 111
171 95
134 78
99 60
66 42
41 27
25 17
19 15
23 15
39 21
64 31
95 44
130 64
167 83
201 99
228 115
248 126
259 134
259 136
248 132
228 121
199 109
166 93
128 76
91 56
62 41
41 27
23 21
17 15
25 15
44 25
76 44
101 58
125 62
162 68
203 85
234 109
251 126
259 134
257 130
246 125
226 119
197 113
160 99
123 78
87 54
58 37
35 25
21 19
17 13
25 11
46 17
64 31
107 50
142 70
179 87
210 103
238 119
3 128
261 134
257 136
244 130
218 119
187 103
154 85
117 70
82 52
52 35
31 21
21 13
19 13
29 15
48 23
78 37
113 56
150 74
183 91
216 107
242 121
5 132
259 134
250 132
240 128
216 117
183 103
146 85
113 68
78 50
48 35
29 21
19 15
21 13
33 19
46 29
87 50
121 66
21 68
177 62
214 87
246 115
9 136
261 140
251 128
236 117
212 113
179 107
142 91
103 64
72 41
46 25
27 21
17 19
19 15
35 13
58 23
87 41
125 60
162 82
187 97
224 109
248 123
9 132
261 138
251 134
232 125
205 109
171 95
128 80
99 62
68 42
42 27
25 17
17 13
21 13
39 19
64 31
95 44
130 62
158 80
201 99
230 115
0 126
251 132
259 134
250 132
228 125
199 111
166 93
130 74
93 58
64 41
39 27
23 17
21 15
17 17
44 27
72 42
97 52
1 58
164 68
187 87
234 113
1 128
251 132
257 130
185 126
226 123
195 113
160 97
115 74
87 52
58 37
35 25
19 17
17 13
27 13
44 21
72 35
105 50
17 62
177 87
210 103
236 117
0 130
253 138
257 136
242 128
218 117
189 105
154 89
117 70
82 48
46 35
33 23
19 17
19 13
29 17
50 25
78 39
111 54
148 72
179 89
214 105
240 121
5 130
253 134
255 134
240 128
214 117
183 101
148 85
109 68
80 50
50 33
29 21
21 15
21 15
31 21
46 31
27 52
117 64
17 64
171 68
218 91
248 121
257 138
259 136
253 126
238 119
212 117
177 109
142 89
105 64
72 41
44 29
27 23
19 17
21 13
33 15
56 23
87 41
125 60
160 80
195 95
222 109
248 125
259 134
259 138
250 132
234 123
207 111
173 97
134 80
99 60
68 41
42 27
25 17
17 13
23 13
37 19
62 29
95 44
128 64
166 82
201 99
228 113
248 125
259 134
259 136
250 134
228 123
201 109
167 95
130 76
95 58
64 41
39 27
23 19
19 15
25 17
46 29
74 44
93 52
123 54
164 66
203 87
234 113
250 126
259 132
259 130
250 128
226 125
195 113
160 97
125 74
89 52
58 37
35 25
21 15
17 11
25 11
44 17
72 31
105 48
142 70
177 87
210 103
236 119
253 130
261 136
255 134
244 128
220 121
189 107
154 87
117 68
85 52
54 37
33 25
19 15
19 11
29 15
48 25
76 37
111 54
148 72
183 89
214 105
238 119
255 130
261 136
255 136
240 128
216 117
185 103
148 85
113 66
80 50
50 35
31 23
19 15
21 15
33 19
56 33
87 54
113 58
142 58
181 68
220 95
246 125
257 138
259 134
253 125
238 121
214 119
179 111
142 89
105 62
72 39
48 29
29 25
17 19
19 13
35 11
58 23
87 42
123 62
158 78
193 91
224 109
246 125
257 136
259 138
251 134
232 125
205 113
173 97
136 82
101 60
68 42
41 25
25 17
19 15
23 15
37 19
62 29
93 42
128 60
166 80
199 99
228 115
248 126
259 132
259 136
250 132
230 125
201 111
167 93
130 76
95 58
64 42
39 29
23 17
19 15
27 17
46 31
68 42
91 46
125 50
160 68
205 93
234 117
0 128
251 130
259 130
248 130
226 126
197 115
162 95
125 72
89 52
60 39
35 27
21 17
17 9
27 11
44 21
9 37
103 50
142 64
179 83
210 103
236 119
253 130
261 134
257 134
244 128
220 119
191 105
156 89
119 70
83 50
54 33
33 21
21 15
19 15
27 15
48 23
76 39
111 54
146 72
183 89
214 107
238 121
255 130
261 134
255 134
240 128
216 119
183 101
150 83
113 66
80 50
50 37
29 23
21 15
21 13
33 19
56 35
85 52
109 54
142 54
181 68
220 99
244 126
255 138
259 132
255 125
238 121
214 119
179 111
144 89
107 62
74 42
46 31
27 23
17 17
19 11
33 11
56 23
85 41
123 60
160 78
193 93
222 109
246 123
257 134
259 136
250 130
234 123
207 113
173 99
136 80
101 60
68 41
42 29
25 19
17 13
23 13
39 19
62 29
93 44
126 62
164 80
199 97
228 113
248 125
259 132
261 136
250 132
228 123
201 111
167 95
132 78
95 60
64 42
39 27
25 19
19 15
27 19
48 33
68 42
89 42
123 48
166 66
205 93
232 115
250 128
259 130
259 130
250 130
228 128
197 115
162 95
126 74
91 54
58 39
35 27
21 17
17 9
23 7
44 17
72 35
105 52
140 70
175 85
208 101
236 119
253 130
259 136
255 132
244 126
220 119
191 107
156 89
119 70
83 50
54 35
33 21
21 15
19 15
29 17
48 23
76 37
111 52
146 72
181 89
214 105
240 119
255 130
261 136
255 134
240 128
216 119
185 105
150 87
113 68
80 48
52 35
31 25
19 17
19 15
33 19
58 37
83 50
105 48
140 50
185 70
220 103
244 128
255 134
259 130
255 125
240 125
214 123
181 111
144 89
107 62
74 42
46 33
27 25
17 17
19 11
33 11
56 23
87 42
121 60
158 76
193 91
224 111
246 126
257 136
259 136
253 132
234 125
207 113
173 99
138 80
103 62
68 42
41 27
25 17
21 15
23 17
37 21
60 29
93 44
128 64
164 82
197 99
226 113
248 123
259 132
259 136
250 132
230 123
201 109
167 93
132 78
97 60
66 44
41 29
25 19
19 15
27 21
46 33
62 37
85 37
125 46
169 70
205 97
230 117
250 125
259 128
261 130
248 132
228 126
197 115
164 93
125 72
89 52
60 39
37 27
21 17
17 9
25 9
44 19
70 35
103 50
138 68
175 83
208 101
234 117
251 126
263 136
259 136
244 130
220 119
191 105
156 89
121 72
83 52
54 35
33 23
21 15
19 13
27 15
48 23
76 37
111 52
144 70
181 87
214 103
240 121
255 132
261 136
255 134
242 128
218 119
185 103
150 85
115 68
80 50
50 35
31 23
21 15
21 15
31 21
58 37
80 46
105 44
142 50
185 74
220 107
244 128
255 132
259 128
255 126
240 128
214 125
179 109
142 83
107 58
74 44
46 35
25 25
15 13
21 7
35 13
56 29
85 44
121 60
158 76
193 93
222 111
244 125
257 134
261 134
251 130
234 123
207 113
173 99
138 80
103 60
68 41
42 27
27 21
19 15
21 13
37 17
60 29
91 44
126 62
164 80
197 95
228 113
248 125
259 132
259 136
250 132
230 125
203 111
169 95
132 76
97 58
66 42
41 31
25 21
19 17
27 19
44 31
60 35
85 37
125 46
167 68
205 97
230 117
250 125
259 128
261 130
250 132
226 128
197 113
164 93
126 74
91 56
60 41
35 27
21 15
17 9
25 13
42 21
68 33
103 48
138 66
175 85
207 103
234 119
253 130
261 134
255 134
244 128
222 119
193 107
158 89
119 70
85 50
56 35
35 25
21 17
19 13
27 15
48 21
74 35
107 52
146 70
181 87
212 105
238 119
253 128
261 134
257 134
242 130
216 119
187 103
152 87
115 70
80 50
52 35
31 23
19 15
19 13
33 21
56 39
76 42
103 41
142 48
185 76
222 109
242 128
253 132
261 126
257 128
240 132
212 126
179 107
144 82
109 60
74 44
46 33
27 23
19 13
19 9
33 13
54 25
85 44
123 60
156 76
191 91
222 109
244 123
259 134
259 136
251 132
234 123
207 111
175 99
140 82
103 62
70 44
44 29
27 19
17 15
23 15
37 19
58 27
91 42
126 60
162 80
197 97
226 113
248 125
259 132
257 134
250 132
232 125
205 113
169 97
132 78
97 58
66 42
41 29
25 19
19 15
29 21
44 31
58 31
83 33
126 46
169 72
205 99
228 117
248 123
261 126
263 134
250 136
226 128
197 113
164 93
126 72
89 54
60 41
37 27
21 15
17 9
25 11
44 21
70 33
103 50
138 64
173 83
208 103
234 121
251 130
259 134
257 132
244 130
222 121
191 107
158 89
121 70
85 52
56 35
35 25
21 17
19 13
25 13
46 21
76 35
109 54
144 72
179 87
212 105
238 119
255 130
259 136
255 132
242 128
216 119
187 103
152 87
115 68
82 50
52 35
31 23
19 15
21 13
35 23
56 39
72 39
101 37
144 48
189 80
220 111
242 126
253 128
261 126
257 128
240 132
214 126
181 107
144 80
109 58
76 44
48 37
27 25
17 11
19 5
33 11
54 29
85 44
119 60
156 72
191 89
222 111
244 126
257 134
261 136
251 130
234 125
207 113
175 99
140 82
103 60
70 44
44 31
27 21
19 15
21 13
35 17
60 29
91 44
126 60
160 78
197 95
226 113
248 126
259 134
259 136
251 132
230 125
203 111
171 97
134 80
99 60
66 42
41 29
25 19
21 17
31 23
41 29
56 29
85 33
128 48
169 74
203 99
228 115
248 123
259 128
261 134
250 136
226 130
197 113
164 91
128 72
91 56
60 42
37 25
21 13
19 9
25 11
41 21
68 33
103 50
138 66
173 85
207 103
234 119
253 128
259 134
257 136
244 130
222 119
193 107
158 89
121 70
85 52
56 37
35 27
19 15
17 11
29 15
48 25
74 37
107 52
144 68
179 87
212 105
238 119
253 130
261 134
255 134
242 128
218 119
187 103
154 87
115 68
82 50
52 35
33 25
21 17
19 15
33 23
52 37
72 35
103 35
146 52
187 83
218 113
240 126
253 126
261 128
257 132
240 134
214 126
181 105
146 82
111 62
76 48
46 35
27 21
17 11
19 7
31 13
54 25
85 41
117 58
156 76
191 91
220 109
236 125
7 134
259 136
251 130
234 123
208 113
177 93
140 82
97 62
72 44
44 31
27 19
17 13
21 13
35 17
58 27
89 41
126 60
162 80
187 97
224 111
248 123
9 132
259 136
250 132
230 125
205 111
171 95
134 80
99 60
66 42
41 29
27 21
21 17
29 25
37 25
54 23
87 29
128 48
169 76
201 99
228 115
250 123
261 128
261 134
250 136
228 128
199 111
166 91
128 74
91 58
60 41
37 25
21 13
17 7
23 11
42 21
70 35
101 48
136 62
173 82
208 103
234 121
1 130
251 132
257 132
246 130
222 121
193 107
160 87
123 70
87 52
56 39
35 25
21 17
19 11
27 15
44 21
74 35
109 52
144 70
177 87
210 105
238 119
253 130
259 134
255 134
242 128
218 119
187 105
152 87
117 70
82 50
54 37
33 25
21 17
19 15
35 27
52 35
70 31
103 33
148 52
189 85
218 113
240 125
255 126
263 128
257 132
240 134
214 125
183 103
146 80
109 60
76 48
48 37
27 21
19 9
19 5
33 13
54 27
85 42
119 56
156 74
191 91
220 111
244 125
257 132
261 134
253 132
234 125
208 113
177 99
142 82
105 64
72 44
44 31
27 21
19 15
21 13
35 17
58 27
89 42
125 60
160 76
195 95
224 111
248 126
259 134
259 136
251 134
232 125
205 115
171 97
134 80
99 60
66 42
41 29
25 21
23 19
31 29
35 25
52 19
87 29
130 50
169 76
199 97
228 111
250 123
261 130
261 138
250 138
228 128
199 111
164 91
128 74
91 56
62 41
37 25
21 13
17 9
25 13
42 23
68 33
101 46
136 64
171 83
205 103
234 119
251 128
261 132
257 134
246 130
222 119
193 105
160 91
123 72
87 54
58 37
35 25
21 17
17 13
27 15
46 23
74 35
107 50
142 68
179 85
210 103
238 119
255 130
259 134
257 134
242 130
218 119
189 105
154 87
117 68
83 52
54 37
33 25
21 19
21 17
35 29
48 31
66 25
103 31
148 54
187 85
216 111
240 123
255 125
261 128
257 136
240 138
214 125
181 103
146 80
111 62
76 50
46 37
27 19
17 9
21 9
33 17
52 27
82 41
119 54
154 72
191 93
220 113
244 125
257 132
261 132
253 130
236 126
208 115
177 99
140 80
97 60
72 44
46 31
27 19
17 13
21 11
35 17
56 27
87 41
126 60
162 80
187 97
224 111
248 125
9 132
259 136
250 134
232 125
205 111
171 97
136 80
99 62
68 44
42 29
27 21
23 21
27 25
33 21
52 17
87 27
130 52
169 80
199 99
226 111
250 121
263 130
261 140
248 138
228 128
199 109
166 91
128 74
93 58
62 41
37 23
23 13
17 9
25 13
42 21
68 35
101 48
136 64
171 83
205 103
232 119
251 128
259 132
257 134
246 130
224 121
195 107
158 87
123 70
87 54
58 37
35 23
21 15
21 13
27 17
44 25
72 35
107 50
142 68
177 87
208 105
236 119
253 128
259 134
255 132
244 128
220 119
189 107
154 87
117 70
83 52
54 37
33 25
21 17
23 19
35 29
44 29
66 21
103 29
150 58
187 91
214 113
238 119
255 121
263 128
257 138
240 134
214 121
183 101
150 82
111 66
68 50
48 35
21 19
19 9
19 7
31 15
52 27
83 41
119 56
154 72
189 91
218 109
244 125
257 132
259 134
253 132
236 126
210 115
177 99
142 80
105 62
72 44
44 31
27 21
17 13
21 11
35 17
58 29
89 42
123 60
160 76
195 93
226 113
246 125
257 132
261 134
251 132
232 126
205 115
171 97
136 80
101 60
68 44
42 31
27 21
25 21
27 23
31 19
50 17
89 29
130 52
167 80
199 97
226 109
251 121
263 132
261 140
248 138
230 126
201 109
166 91
128 74
93 56
62 41
39 25
23 15
17 9
25 13
42 21
68 33
99 46
1 64
171 83
205 103
232 119
1 126
251 132
259 134
244 132
224 123
195 107
162 89
125 72
89 54
58 39
35 25
21 15
17 11
25 13
46 23
72 35
105 50
15 68
177 78
210 103
236 119
253 128
261 134
257 134
242 128
218 117
189 105
156 89
119 72
83 54
54 37
33 25
21 17
25 21
33 29
41 21
66 17
105 29
150 62
185 93
214 113
238 117
255 121
263 130
257 138
242 138
216 123
183 99
148 80
113 66
78 52
48 37
29 19
19 9
19 9
31 17
52 29
82 41
119 54
154 72
187 93
218 111
242 125
257 130
259 132
253 132
236 128
210 117
177 101
142 80
107 60
74 46
46 33
27 21
17 13
21 13
35 17
56 29
87 42
123 58
160 78
195 95
222 111
246 125
259 132
261 136
251 132
232 125
207 113
173 99
136 80
99 60
68 44
44 31
27 25
25 25
23 23
29 13
50 13
89 29
128 52
166 78
199 99
228 111
250 121
261 132
261 140
250 140
230 128
199 109
166 91
130 76
93 58
62 41
37 25
23 13
19 9
25 13
41 21
68 31
101 46
134 64
171 83
205 101
232 115
251 125
261 134
257 134
246 132
224 123
195 107
162 91
125 72
89 54
58 37
37 23
21 15
19 11
27 15
44 23
72 33
105 50
142 68
177 87
208 103
236 117
253 128
259 134
255 132
244 128
222 121
191 107
156 89
119 70
83 52
56 39
35 27
19 17
23 21
31 25
39 17
66 15
107 33
150 64
185 95
212 111
238 117
255 121
263 134
257 142
240 136
216 119
185 99
150 83
111 68
78 52
48 35
29 19
19 9
19 9
31 15
52 27
83 41
117 54
152 72
189 91
218 111
242 123
255 130
259 130
255 132
238 128
210 117
177 99
144 80
107 62
74 46
44 31
27 19
19 13
21 11
35 17
56 29
87 42
123 58
158 76
193 93
222 111
246 123
259 132
261 136
251 132
232 125
207 113
173 97
136 80
101 62
70 44
44 31
29 23
25 25
21 21
19 11
52 13
89 29
5 54
166 80
197 99
226 111
0 123
261 132
261 140
250 138
228 126
201 109
167 91
130 76
93 58
62 41
39 25
23 15
17 11
23 13
41 21
66 33
99 46
126 64
171 83
203 101
232 117
0 126
259 132
257 132
246 130
226 123
197 109
162 91
125 72
91 54
58 39
37 25
21 17
17 13
25 13
44 21
72 33
105 50
140 68
175 85
208 103
236 117
253 128
261 134
257 136
244 130
220 119
191 105
156 87
119 70
85 52
56 37
33 25
21 19
25 25
27 25
37 13
66 13
109 33
148 66
183 95
212 109
238 115
250 123
263 136
257 142
240 136
216 121
185 99
150 82
113 68
78 54
50 35
29 17
19 9
19 9
31 17
52 27
82 39
117 52
154 74
187 93
216 111
242 123
257 130
261 134
253 134
236 126
210 115
179 99
144 82
107 64
74 46
46 33
29 21
17 13
21 13
33 17
56 27
87 42
123 60
158 76
193 91
222 111
246 125
259 134
259 136
251 132
234 125
207 113
173 99
138 82
103 62
68 44
44 31
31 25
23 23
17 15
25 7
54 13
91 31
128 58
164 80
197 97
226 109
250 123
261 134
261 142
250 136
230 123
203 109
167 95
132 78
95 60
62 41
39 23
23 13
17 11
25 15
41 23
66 31
97 44
134 64
169 83
203 101
232 115
251 126
259 132
257 134
246 132
226 123
197 107
162 91
125 70
89 54
60 39
37 27
23 15
19 13
25 15
44 23
70 35
103 48
15 66
175 83
207 103
234 117
253 128
261 134
257 136
244 130
220 119
193 107
156 89
119 72
85 52
56 37
35 25
23 21
25 25
25 21
37 9
66 11
109 35
150 70
183 97
210 107
238 113
257 123
263 138
257 146
240 136
216 117
185 95
150 82
113 70
78 54
50 33
31 15
19 7
19 9
29 17
52 27
82 39
117 54
150 72
187 93
218 111
242 123
255 130
259 134
253 132
238 128
212 117
179 99
144 82
109 64
74 46
46 33
27 19
17 11
21 13
35 19
54 29
85 42
123 58
158 76
193 95
222 111
244 123
257 130
259 134
251 132
234 125
208 113
173 97
138 78
103 62
72 46
46 35
33 29
21 23
17 15
25 5
54 11
91 33
128 58
162 78
197 93
226 107
0 121
261 136
259 142
185 136
230 123
203 107
169 95
132 80
95 60
64 39
41 23
23 13
19 13
23 13
41 19
66 31
97 44
7 64
169 83
205 93
230 115
0 125
251 132
259 134
244 132
224 121
197 107
164 91
126 74
91 56
60 39
37 25
23 17
17 13
25 13
44 21
72 33
103 50
13 66
173 85
208 93
236 117
1 128
251 134
257 132
244 128
224 121
193 109
156 91
121 72
87 54
56 41
33 27
25 23
25 27
21 19
35 7
68 11
109 39
148 72
181 95
210 103
234 111
0 125
263 142
255 146
240 134
216 117
187 99
150 85
113 70
80 52
50 33
29 15
19 11
19 11
29 17
52 27
82 39
115 54
152 74
187 93
216 109
242 121
257 128
261 134
253 134
236 126
212 113
181 99
146 83
99 64
74 46
46 29
29 19
19 15
21 13
33 19
56 27
85 42
121 58
156 78
191 95
220 111
236 123
7 130
261 136
253 134
234 126
208 113
175 97
140 80
103 64
70 46
44 31
33 27
21 21
15 11
25 3
54 13
93 33
128 60
162 80
195 93
228 107
250 125
261 136
259 142
250 136
230 123
201 107
169 95
132 80
95 60
64 39
39 21
25 13
19 13
23 15
39 21
64 29
97 44
132 64
169 83
203 101
230 115
250 125
259 132
259 134
246 130
226 121
197 107
162 91
126 72
91 56
62 41
37 25
21 15
19 11
27 15
44 23
70 37
103 48
138 66
175 85
207 103
234 119
251 128
261 134
257 134
246 130
220 121
191 105
158 89
123 72
85 56
56 39
35 27
25 25
21 25
19 13
35 3
68 11
111 42
148 74
179 95
210 103
238 111
257 126
263 142
257 144
240 132
216 113
187 97
152 85
115 72
80 52
50 31
31 15
21 9
19 13
29 19
50 25
80 35
115 52
150 74
185 93
216 107
240 119
257 128
261 134
253 132
238 128
214 117
181 99
144 82
109 64
76 48
48 33
27 19
17 13
21 11
33 17
54 27
85 41
119 56
156 74
191 93
222 111
244 125
257 132
261 134
251 132
234 125
208 115
175 101
138 83
103 62
72 46
46 35
33 31
17 19
11 5
27 1
56 13
91 37
126 60
162 78
195 91
228 107
250 125
261 138
259 142
250 136
230 123
203 109
169 95
130 78
95 58
64 37
41 23
25 15
19 15
23 15
39 19
66 29
97 46
132 64
167 83
203 99
230 115
250 125
259 132
259 136
248 132
226 121
199 107
164 91
128 76
91 58
62 39
37 25
23 17
19 13
25 15
42 21
68 33
103 48
138 68
175 87
207 103
234 117
251 126
261 134
257 136
246 130
224 121
193 107
158 89
123 72
87 56
58 39
35 25
25 25
19 23
17 7
37 1
70 15
111 46
146 76
179 93
210 99
238 109
257 128
263 144
255 144
240 130
218 113
187 99
152 87
113 72
80 48
52 29
33 17
19 13
19 13
29 19
50 27
80 37
113 54
150 74
185 91
216 109
240 119
255 126
261 134
253 134
238 128
212 113
181 97
146 82
111 68
76 50
48 33
29 21
19 13
21 13
33 19
54 27
85 41
119 56
156 74
191 93
220 111
244 123
257 130
261 132
253 130
236 126
208 117
175 99
140 82
105 64
72 48
46 37
31 31
17 19
11 5
27 1
56 13
93 37
126 60
160 78
193 89
226 107
251 126
261 140
259 142
251 134
232 123
203 111
169 97
132 78
97 58
66 39
41 25
23 17
17 13
23 13
39 19
64 31
95 44
130 64
169 83
203 101
228 115
250 125
261 132
259 134
248 132
226 123
199 109
164 93
128 76
91 56
62 39
39 25
23 17
17 13
25 15
42 21
68 33
101 50
136 66
173 85
207 103
232 117
251 126
261 132
259 134
246 130
222 121
193 107
158 89
125 72
87 56
58 39
37 29
27 29
19 21
15 5
37 0
72 17
111 48
144 76
177 89
210 99
238 113
257 130
261 144
255 142
242 130
218 111
187 99
154 87
117 74
80 52
52 31
31 17
21 13
19 15
29 17
50 25
80 35
113 52
150 74
183 93
216 109
240 119
255 128
261 134
253 134
238 126
214 115
183 99
146 83
111 68
78 50
48 33
29 21
19 13
21 13
31 19
52 27
83 39
119 56
156 76
189 93
220 111
244 123
257 132
261 136
253 132
234 126
208 115
177 99
140 82
105 64
72 48
50 39
31 31
13 17
11 3
27 1
58 15
91 39
125 60
160 76
195 89
228 109
250 128
259 140
259 142
251 134
232 123
203 111
171 97
126 80
97 58
64 37
41 23
25 17
19 13
23 13
39 17
64 29
95 44
132 64
167 83
201 99
230 113
250 125
259 132
259 136
248 132
228 123
199 107
164 91
128 74
93 54
62 39
39 27
23 15
19 13
25 15
42 23
68 35
101 48
136 66
173 85
205 101
232 117
251 128
261 134
257 136
246 130
224 121
195 107
160 91
123 74
87 56
58 39
39 29
27 29
15 17
15 0
39 0
74 19
111 50
144 76
177 87
208 95
240 111
250 132
261 146
255 142
242 128
218 113
189 101
152 91
115 72
82 48
52 29
33 17
21 15
17 15
29 17
50 23
80 35
113 54
148 76
185 93
216 107
240 119
255 126
259 132
255 134
240 128
214 115
183 99
148 83
111 66
76 46
50 33
31 21
19 15
19 13
33 17
54 27
83 41
119 58
154 76
189 91
220 109
244 123
257 132
259 134
253 132
236 128
210 115
175 99
142 82
107 64
74 50
50 41
31 31
11 13
9 0
29 1
58 17
91 41
123 60
158 74
195 89
226 109
250 128
259 140
259 140
251 132
232 123
205 113
169 99
132 78
99 56
68 39
41 25
25 17
17 13
23 13
39 19
62 31
95 44
130 62
167 82
201 99
228 113
250 125
261 134
259 136
248 132
226 119
201 107
167 95
128 78
93 56
62 39
39 25
23 17
17 13
25 13
42 19
68 31
99 46
134 64
171 83
207 101
234 117
251 126
261 132
257 134
246 132
224 123
193 109
160 91
125 74
89 56
58 39
39 33
27 29
13 15
13 0
39 0
74 21
111 54
142 76
175 85
210 95
238 113
255 132
261 144
257 142
242 128
218 115
189 103
152 91
117 72
82 50
54 31
31 17
21 15
19 15
29 17
48 23
78 33
113 52
140 74
183 93
214 107
240 117
257 128
261 138
255 136
240 128
216 115
183 101
146 83
111 66
78 50
50 35
21 21
19 13
21 13
33 17
54 27
83 39
117 54
154 72
189 93
220 111
242 123
255 130
261 134
255 134
236 128
210 115
177 99
142 82
107 64
74 48
52 39
31 31
11 13
9 0
29 0
60 19
89 41
123 60
160 74
197 89
228 111
248 130
7 140
261 140
251 132
232 123
205 113
171 97
128 80
99 58
66 39
41 23
25 17
15 15
21 13
37 17
64 29
95 46
5 64
158 82
201 99
228 113
248 125
259 132
257 134
250 130
220 121
199 107
166 93
130 76
93 58
64 41
39 27
23 17
19 13
25 15
42 21
66 31
101 46
134 64
171 83
205 101
232 115
251 126
261 134
259 136
246 130
224 123
195 111
162 93
125 74
89 56
60 41
41 35
25 29
11 11
15 0
39 0
74 25
109 54
142 74
175 83
210 95
240 115
255 136
261 146
255 140
242 126
218 115
189 105
154 91
115 70
82 46
54 31
33 21
19 17
19 15
29 15
48 21
78 35
111 54
148 74
183 91
214 107
240 119
255 128
251 136
255 136
240 128
214 115
183 99
150 85
109 68
78 48
50 31
31 19
19 13
19 13
29 15
54 25
83 41
119 58
154 76
187 91
220 109
244 125
255 134
261 134
253 132
238 126
210 115
179 101
142 83
107 64
76 48
54 42
27 29
9 9
9 0
31 1
58 21
89 42
123 60
158 72
195 87
226 111
248 130
259 140
259 138
251 130
232 123
205 115
171 101
134 80
99 58
68 39
42 27
25 17
19 13
23 13
39 17
62 29
93 44
130 64
166 82
199 99
226 113
248 125
259 132
259 134
248 130
230 123
201 109
167 95
130 76
95 56
64 39
41 27
25 19
17 13
23 13
41 19
68 33
99 48
134 66
171 83
205 101
232 115
251 126
259 134
259 136
248 132
224 123
195 107
160 89
125 74
91 58
60 42
41 37
9 29
9 9
13 0
41 1
74 27
107 56
140 74
175 82
210 95
238 117
255 136
261 144
255 136
244 125
220 115
189 105
152 89
117 68
85 48
56 33
31 21
19 15
19 15
29 17
48 23
76 35
111 52
21 72
181 89
212 103
234 117
5 128
253 134
255 134
162 128
208 117
185 101
148 85
111 66
78 46
50 33
31 23
19 17
19 13
31 17
52 25
82 41
117 56
154 76
187 93
218 109
242 121
257 130
261 136
253 134
236 126
210 115
179 99
144 83
107 66
76 50
54 42
27 29
9 9
7 0
31 3
58 21
89 42
121 56
158 70
195 89
226 111
248 132
9 140
259 138
251 130
234 123
205 115
171 99
128 80
101 58
68 39
41 27
25 17
19 11
25 13
39 19
60 31
93 44
128 64
166 82
199 97
228 113
248 126
9 132
259 134
250 130
220 123
201 111
167 93
130 76
95 56
64 41
41 29
23 19
19 13
25 13
41 21
66 31
99 48
134 66
171 85
203 101
232 115
251 126
259 134
259 136
246 130
224 123
197 109
162 93
125 76
91 56
60 41
42 37
21 25
9 3
17 0
42 3
74 33
107 56
138 72
175 80
210 97
238 119
253 136
261 144
257 136
244 126
220 117
189 105
154 91
117 70
83 46
54 31
33 21
19 17
19 13
29 15
48 23
78 37
111 54
146 72
181 87
216 105
238 121
253 130
259 134
255 134
240 128
216 117
183 101
150 83
113 68
80 50
50 33
31 21
19 13
19 11
31 15
54 25
82 39
117 56
154 74
187 93
218 109
242 123
255 132
261 134
253 134
238 126
212 115
179 99
144 83
109 64
78 52
54 42
23 23
7 3
13 0
33 5
58 23
87 42
121 56
158 72
193 89
224 113
246 130
259 138
259 136
251 128
234 123
207 115
173 99
134 78
99 56
70 41
44 29
25 19
17 13
23 11
37 17
62 29
91 46
126 62
164 80
199 97
226 111
248 125
259 134
259 136
248 130
228 121
203 109
169 95
132 78
95 60
64 41
41 27
25 19
19 15
23 15
41 19
64 31
99 46
134 64
169 83
203 101
232 117
251 126
259 134
259 136
248 130
226 123
195 109
162 91
125 74
91 56
62 44
41 37
21 23
7 1
17 0
42 5
74 33
105 58
138 70
173 80
208 95
238 119
253 138
259 140
257 134
244 126
222 117
189 109
154 91
119 68
83 46
56 33
33 23
19 17
19 13
29 15
48 23
76 37
109 52
146 72
181 89
214 105
240 119
253 130
261 136
255 136
240 128
218 117
185 105
150 85
113 68
80 48
52 33
31 23
19 15
19 13
31 17
52 25
82 39
115 56
152 74
187 93
218 109
242 123
255 130
261 136
255 134
236 128
212 117
179 101
144 83
109 66
78 52
52 42
23 21
7 1
13 0
33 5
58 25
85 42
121 58
158 72
195 91
224 115
246 130
257 136
259 132
251 130
234 126
207 115
171 99
136 76
103 56
70 41
42 29
25 19
19 13
23 11
37 17
60 29
91 46
128 62
164 80
197 97
226 113
248 126
259 134
259 134
250 130
228 123
203 111
169 95
132 78
97 58
66 41
41 29
25 19
19 15
23 15
41 21
64 31
97 46
134 66
169 83
203 101
230 115
250 125
259 132
259 136
248 132
226 123
197 109
164 93
126 76
91 58
64 46
42 39
19 21
5 0
17 0
44 5
74 35
105 56
136 66
175 78
203 97
236 121
3 138
261 142
257 134
244 125
220 117
187 109
156 91
119 70
85 48
54 31
35 23
21 17
19 15
27 15
48 21
68 35
109 52
144 64
181 87
210 105
240 121
3 130
251 136
255 134
242 128
216 119
185 103
150 85
115 66
80 48
50 35
31 21
19 15
19 13
31 15
52 25
82 39
115 54
150 72
187 89
218 107
242 123
257 132
261 136
253 134
240 128
212 117
179 103
146 85
111 66
82 54
52 41
21 19
0 0
15 0
35 7
56 25
83 41
119 54
158 70
195 93
224 115
246 130
257 138
261 136
251 132
234 125
207 115
173 99
138 80
103 58
68 41
42 29
27 21
17 13
21 11
35 15
62 29
93 46
126 64
164 80
197 95
226 111
248 126
259 134
259 134
250 132
230 123
201 109
169 95
134 80
93 60
64 41
41 27
25 17
17 13
25 15
39 21
64 31
97 46
125 64
169 83
203 101
230 115
250 126
259 134
259 134
248 132
226 123
197 109
164 93
126 74
91 56
66 46
42 41
17 19
5 0
19 0
44 9
72 37
103 56
136 66
173 76
210 97
236 123
253 138
259 142
257 132
244 125
222 119
193 111
156 91
119 68
85 46
58 33
37 27
21 19
19 15
29 13
48 21
66 37
107 54
144 72
181 87
212 103
236 117
253 128
261 136
255 134
240 126
216 117
187 101
150 85
115 70
82 50
52 33
31 21
19 15
19 15
31 17
52 27
80 39
113 54
150 72
185 89
218 107
242 123
255 130
261 134
255 134
238 128
212 117
181 101
146 85
111 68
82 58
48 41
19 17
0 0
15 0
35 9
58 27
83 42
119 54
158 70
195 93
224 117
244 132
257 136
259 134
253 130
234 126
207 117
173 99
138 78
103 58
70 41
44 31
27 21
19 15
23 13
37 19
60 29
91 44
126 64
162 80
187 95
226 111
248 125
259 132
259 132
250 130
232 125
205 111
169 95
132 76
97 58
66 42
41 29
23 19
19 13
25 13
39 21
64 31
95 46
132 62
167 82
203 99
230 115
250 126
259 134
259 136
248 132
224 121
199 107
167 95
128 80
91 60
66 46
42 39
15 15
5 0
19 0
44 11
72 37
103 54
136 64
173 76
210 99
236 125
251 138
259 138
257 130
246 126
222 121
191 111
156 91
121 68
85 48
56 35
33 23
21 17
19 15
27 13
46 21
74 35
109 54
144 72
179 87
210 103
238 119
255 130
259 136
255 134
242 126
218 117
187 103
152 87
115 70
82 50
52 35
31 21
19 15
19 13
31 17
48 23
78 33
115 52
152 76
185 93
216 107
242 121
257 130
261 136
255 136
238 128
214 115
181 101
146 85
111 70
83 58
48 39
19 13
9 0
17 0
35 11
56 29
83 41
119 52
158 70
193 93
222 115
244 128
259 134
261 134
251 132
234 126
207 115
175 97
138 76
103 58
70 42
44 31
27 21
19 13
21 13
35 19
60 31
89 44
126 60
162 76
197 95
226 113
248 126
257 132
259 134
250 130
232 123
205 111
171 97
134 80
97 60
66 42
41 27
25 19
19 15
21 13
39 19
64 29
97 44
132 64
167 82
201 99
230 115
250 126
259 132
257 134
250 132
228 125
199 111
164 93
128 76
93 58
68 52
39 39
13 11
7 0
21 0
44 15
70 39
99 52
136 60
175 76
208 99
234 123
251 138
261 138
257 132
244 125
222 121
193 111
158 91
121 68
85 48
56 35
35 27
21 17
17 11
25 9
48 21
76 39
107 56
142 72
179 87
212 103
236 119
250 130
261 136
255 134
242 126
216 115
187 103
154 89
117 70
82 50
52 33
31 23
21 17
19 15
29 15
50 23
80 37
113 54
148 72
183 89
216 105
240 119
255 130
261 136
255 136
240 130
214 119
181 103
148 87
113 72
82 58
46 37
17 11
9 0
17 0
35 11
54 25
83 39
119 52
156 70
191 93
222 117
244 130
257 134
259 132
251 130
236 126
208 117
175 99
138 78
103 58
72 42
44 33
25 21
19 11
23 11
37 15
58 27
89 44
125 62
162 80
195 95
224 113
246 126
259 134
259 136
250 130
230 123
205 111
171 97
134 78
97 56
66 41
41 27
25 19
17 15
23 15
39 19
64 31
95 46
130 64
167 82
201 99
228 113
250 126
259 134
259 136
250 132
228 123
199 109
166 95
128 78
95 60
68 52
39 37
11 7
7 0
23 0
46 19
70 41
99 52
136 60
173 74
208 101
234 126
251 138
259 134
257 130
246 126
222 123
191 109
158 89
123 68
87 48
56 37
35 25
21 19
19 13
27 15
46 21
72 35
107 52
144 70
179 87
210 103
236 119
253 130
259 134
257 134
244 128
220 119
187 105
154 87
117 70
83 52
54 35
31 23
19 15
19 11
29 17
50 25
78 37
113 54
148 70
185 89
216 109
240 123
255 132
259 134
255 134
240 130
216 119
183 103
148 87
115 72
82 58
46 37
17 11
11 0
19 0
35 11
54 27
82 39
119 50
158 72
193 97
220 119
242 128
257 130
261 134
253 132
234 128
207 115
175 95
142 76
105 60
72 44
44 31
29 19
19 13
21 11
35 15
60 29
91 44
125 62
160 78
195 95
224 113
246 126
257 132
259 134
251 130
232 125
205 113
171 95
134 78
99 60
66 42
41 27
25 17
19 15
23 15
39 21
62 29
95 44
130 64
167 82
201 99
230 115
250 126
259 134
259 134
248 132
228 123
201 109
166 93
128 76
95 62
68 52
37 33
11 5
9 0
23 0
46 21
70 41
99 50
134 58
175 76
208 103
234 125
251 134
259 132
259 130
246 128
222 123
193 109
160 89
123 68
87 48
58 37
35 27
21 17
17 11
27 13
46 23
72 37
107 52
142 68
179 85
210 103
236 119
253 130
261 136
257 136
242 128
218 119
189 103
154 87
117 70
82 50
52 35
33 23
21 15
19 13
29 15
48 23
78 35
113 54
148 74
181 89
216 107
240 121
255 132
259 136
255 134
240 128
214 117
183 103
150 85
117 74
82 60
44 35
17 9
11 0
21 1
33 15
52 27
82 37
119 52
158 74
191 97
220 115
242 128
257 132
259 134
251 132
234 126
208 115
175 97
140 78
105 60
72 46
44 33
27 21
19 13
21 11
35 17
58 31
87 44
125 60
160 78
195 95
224 111
246 125
259 132
259 134
251 130
224 125
189 111
171 97
126 78
93 58
68 41
44 31
25 21
17 15
21 13
39 19
62 31
95 46
0 64
158 80
201 97
228 115
0 126
251 134
259 136
250 132
228 123
199 109
167 95
130 80
97 66
68 54
35 29
11 1
9 0
25 0
44 21
68 39
99 48
3 58
173 78
208 105
234 126
0 134
259 132
257 128
246 128
224 125
193 111
158 89
123 66
89 48
58 37
35 27
21 17
19 11
27 11
44 21
72 35
107 54
142 70
177 85
208 101
236 119
253 130
261 136
257 134
244 128
220 119
189 105
154 89
117 70
83 50
54 35
33 23
19 15
19 11
29 15
50 27
78 37
111 52
148 70
183 89
214 107
240 121
255 128
261 132
255 134
240 128
214 117
185 103
150 87
119 76
82 60
42 33
19 7
13 0
21 3
33 15
52 29
82 37
