230000 10000000 48234 43
54 31
44 27
35 25
29 21
23 17
23 13
25 15
27 15
33 19
41 25
50 27
60 31
74 37
91 46
107 56
123 62
138 70
156 78
173 89
189 97
203 103
216 109
228 115
240 123
246 126
1 130
255 132
257 132
255 132
251 132
246 130
238 126
220 125
220 126
199 113
175 87
162 70
152 68
140 74
121 74
103 60
87 44
76 37
64 39
50 41
39 35
31 23
25 13
23 11
23 17
23 19
27 17
35 15
44 19
56 27
68 37
83 46
99 52
115 56
130 64
140 76
164 85
179 91
197 99
210 105
222 113
234 121
244 125
0 128
253 128
255 130
255 125
253 132
248 130
240 125
224 121
222 117
208 113
193 105
177 95
162 80
146 80
126 72
111 62
97 56
80 48
62 39
54 33
44 29
37 25
29 21
23 17
23 17
25 17
33 25
31 29
35 23
41 15
56 17
13 29
91 44
107 56
123 60
140 66
158 76
160 89
189 101
187 109
208 111
230 115
238 121
246 128
1 130
253 130
255 130
255 130
250 130
173 128
236 125
226 119
214 113
201 107
187 101
169 95
154 85
136 76
119 66
103 58
87 52
74 44
60 35
48 29
39 23
33 21
25 17
23 13
23 13
27 15
29 17
37 23
44 27
56 31
7 37
83 37
97 50
115 58
7 66
148 76
166 83
181 91
197 99
210 107
222 113
234 119
244 125
0 128
255 126
259 140
261 146
248 130
236 111
236 103
234 113
222 121
207 117
191 99
177 78
164 83
146 78
126 82
111 66
95 50
80 33
62 37
52 37
35 29
35 21
19 13
23 11
23 15
25 19
27 19
33 19
33 21
50 27
1 37
68 42
91 46
107 52
0 62
140 72
156 82
173 89
189 95
205 103
216 111
228 117
234 121
248 126
3 130
255 125
255 132
255 132
251 132
244 128
236 125
218 119
214 113
201 107
185 99
169 91
152 83
136 76
119 66
103 58
87 50
72 42
62 39
50 37
46 37
33 31
17 13
13 0
19 0
27 9
31 19
35 21
44 21
58 23
74 35
85 50
99 58
113 60
132 64
150 74
166 85
179 95
195 99
210 105
222 111
234 117
242 125
250 128
255 130
255 130
255 130
253 132
248 130
240 126
230 121
220 115
207 109
193 103
177 97
162 87
144 80
126 70
109 60
95 54
80 46
66 41
54 33
42 27
35 21
29 19
25 17
21 15
23 15
27 17
33 19
41 25
50 27
62 33
78 39
91 46
107 54
125 64
142 72
158 82
173 89
191 97
205 107
224 123
230 128
228 115
236 103
250 109
250 126
255 138
253 134
251 125
246 121
238 125
218 126
212 121
201 109
185 95
167 87
150 83
134 78
119 68
101 54
85 44
72 41
60 37
48 31
31 25
31 19
27 15
23 15
21 15
17 17
31 17
37 19
46 23
56 31
7 39
64 44
99 50
115 56
7 66
150 76
166 85
181 93
197 99
212 107
224 115
234 123
242 125
250 128
253 130
257 132
255 134
251 130
248 128
242 126
230 123
218 117
207 109
193 103
177 95
160 89
144 80
130 76
115 70
91 58
68 37
56 21
50 17
42 21
35 23
27 19
25 11
25 11
27 17
27 23
33 27
41 27
50 27
62 31
78 41
91 48
107 54
123 60
140 66
160 78
175 89
189 97
205 103
218 109
230 117
240 125
246 130
251 130
255 130
255 132
253 132
250 130
244 128
236 123
224 117
214 113
199 107
185 101
167 91
152 82
134 74
119 66
101 60
85 50
70 41
58 35
48 31
39 27
31 21
25 17
23 15
23 17
25 17
29 19
37 21
48 25
58 31
70 39
85 46
101 54
119 64
140 82
148 85
154 74
173 68
197 83
214 105
224 121
232 119
244 117
253 123
257 134
257 142
255 140
253 132
248 125
240 123
230 123
218 119
205 109
191 97
175 91
160 87
142 82
126 70
111 60
95 52
78 46
64 41
52 35
42 27
35 23
29 17
25 17
23 15
25 17
27 17
33 17
41 21
52 27
64 35
76 41
93 46
109 54
126 64
142 72
158 80
175 89
191 97
205 103
218 109
228 115
242 123
248 128
251 130
255 132
255 134
255 132
251 130
244 128
236 125
226 123
218 121
203 117
177 99
158 78
144 66
134 62
119 62
101 58
83 46
70 35
62 33
50 35
39 33
29 25
25 17
23 13
23 15
23 19
29 19
37 19
46 19
58 27
70 35
83 42
101 52
117 60
134 66
150 78
167 87
183 95
199 101
212 107
222 113
234 119
244 125
250 128
253 128
255 130
255 132
253 134
248 130
240 126
230 121
220 117
205 109
191 101
175 93
160 85
142 78
125 70
109 62
95 54
78 46
64 39
50 31
42 25
35 23
29 19
23 17
23 17
25 17
29 19
33 21
44 31
58 42
60 37
66 23
85 23
111 42
128 68
142 80
156 80
175 80
195 91
208 109
218 121
230 123
242 121
248 123
251 128
253 132
255 134
253 130
250 126
242 125
234 123
224 121
212 115
199 105
183 97
167 89
150 83
134 76
117 64
99 54
85 46
72 42
58 37
46 29
39 25
31 19
25 17
23 17
23 15
27 15
31 17
37 21
46 25
58 33
72 39
85 44
101 52
117 60
134 70
152 78
167 83
185 93
201 101
214 111
224 115
236 121
246 126
251 130
255 134
257 136
261 142
253 138
240 126
228 111
226 105
220 107
207 109
189 101
173 89
160 80
144 76
126 74
109 68
93 58
78 46
64 39
52 33
41 29
33 21
27 17
23 13
21 13
23 15
29 19
35 21
42 23
52 27
64 33
78 41
93 48
111 56
126 64
142 72
160 82
175 89
193 97
207 105
218 113
230 117
242 123
248 126
253 130
255 132
257 132
255 132
251 130
244 128
234 123
224 117
212 111
199 107
183 101
166 91
150 82
134 74
117 66
101 58
85 48
70 42
58 35
46 31
37 25
29 21
29 25
27 27
15 13
13 0
25 0
41 15
50 31
58 37
70 33
87 37
105 50
119 66
134 78
152 82
167 82
183 85
199 99
212 111
226 119
234 119
244 119
251 125
255 130
255 134
253 134
253 130
248 126
240 126
228 123
218 117
205 109
189 101
173 93
158 85
140 78
125 68
107 58
93 52
78 46
64 41
52 33
42 27
35 21
29 19
23 17
21 15
23 15
29 17
35 21
42 25
52 29
66 35
80 42
93 48
109 54
126 64
144 74
162 82
175 89
191 97
208 107
224 119
238 130
238 128
238 119
244 113
253 119
257 126
253 130
248 128
244 123
236 119
226 119
212 119
197 111
181 99
166 89
150 80
132 74
115 66
99 56
83 44
70 37
56 33
46 29
39 25
31 21
25 17
23 15
23 15
25 17
31 19
37 21
46 25
60 33
72 39
87 46
101 52
119 60
134 68
154 78
169 85
183 93
199 99
214 109
226 115
236 121
244 125
251 128
255 130
255 134
255 132
251 130
248 128
240 126
230 121
216 117
205 109
189 103
175 93
158 87
142 80
125 70
107 64
93 56
82 56
62 46
41 23
31 3
31 3
31 13
27 21
21 19
23 9
29 7
37 19
44 31
54 37
64 37
80 39
95 44
109 56
126 68
144 74
162 80
177 85
193 93
207 105
220 113
232 119
240 121
248 125
253 128
255 132
255 132
253 132
248 130
244 126
234 125
224 119
210 113
197 105
181 97
166 89
148 82
132 72
117 64
99 56
83 48
70 41
58 37
46 31
37 25
29 19
25 15
23 15
23 17
25 17
31 19
39 21
48 27
58 33
72 39
87 44
103 52
121 64
140 76
158 87
166 91
175 85
193 85
212 95
228 111
236 123
244 123
250 123
257 126
259 134
255 138
251 136
246 128
240 123
228 121
216 117
203 111
187 99
173 89
156 80
138 74
123 68
109 62
91 54
76 44
62 37
52 31
42 29
33 23
27 17
23 15
23 13
25 15
27 17
33 19
44 23
54 27
66 35
80 41
95 48
111 56
126 62
146 72
162 83
177 91
193 99
207 105
220 111
232 119
240 125
248 128
253 128
255 130
255 132
253 132
250 130
244 126
234 123
222 119
212 113
197 107
185 103
171 105
144 85
119 58
107 41
99 41
85 50
70 46
54 33
44 21
39 17
33 23
25 27
21 21
23 15
27 11
31 15
37 23
46 29
58 31
72 31
87 41
103 52
121 64
136 72
152 76
169 82
187 95
201 107
214 113
226 115
238 119
246 125
250 130
253 132
255 132
255 130
251 130
246 128
238 126
228 121
216 115
203 107
187 101
173 93
156 85
138 76
123 68
107 60
91 54
76 46
62 39
50 31
42 27
33 23
27 19
23 17
21 13
25 15
29 17
35 21
44 27
60 37
72 46
74 42
82 37
105 39
130 54
148 72
162 83
175 87
193 91
212 103
224 117
232 126
240 128
248 126
3 128
255 132
255 134
253 134
248 128
242 121
232 119
222 117
210 113
197 105
181 95
166 87
148 80
130 74
113 64
99 56
83 48
68 41
54 33
44 27
37 23
29 21
25 17
21 13
25 15
27 17
31 19
39 23
48 25
60 31
74 39
87 44
103 52
121 60
138 68
154 78
169 85
187 95
201 103
214 109
226 115
236 121
244 126
251 128
255 132
255 134
255 134
251 134
250 134
244 138
222 121
205 97
197 85
189 89
175 97
156 89
136 74
121 60
109 56
93 58
76 54
60 44
48 29
41 19
33 19
27 21
23 19
21 13
25 9
29 13
35 19
42 27
54 29
68 33
82 41
97 50
111 60
128 68
146 76
162 82
177 89
193 99
208 107
220 113
232 117
240 121
248 126
253 130
257 132
255 132
253 132
250 130
242 126
232 123
220 117
210 111
195 105
179 97
164 89
148 82
130 74
115 66
97 56
82 48
68 42
56 35
44 29
37 23
31 21
27 21
29 27
25 25
17 13
21 3
35 3
48 17
62 31
72 41
87 42
105 46
123 58
140 76
156 85
169 91
185 91
203 99
216 111
226 119
236 123
244 123
251 125
255 128
255 132
253 132
251 130
248 128
238 125
226 119
216 115
203 111
187 103
171 93
154 83
138 76
123 68
105 60
87 50
74 42
62 37
50 31
41 27
33 21
27 19
23 17
23 15
25 15
29 17
35 21
42 23
54 27
66 33
82 42
97 52
113 58
128 64
146 74
162 83
179 91
195 99
210 107
222 115
234 121
242 126
253 136
257 142
248 128
244 113
250 109
253 123
244 132
232 126
220 113
210 101
199 103
183 107
164 101
144 83
130 68
115 60
97 56
80 50
66 41
54 31
44 23
35 21
29 21
25 19
23 15
25 13
25 13
31 17
41 25
50 29
60 33
74 37
89 44
105 52
121 62
138 70
156 78
171 85
187 93
201 101
216 109
228 117
238 121
246 125
251 128
255 130
255 132
255 132
250 130
246 128
238 125
228 121
214 115
201 105
189 101
173 95
156 85
136 76
121 66
107 60
91 54
76 48
68 48
48 39
29 19
21 3
23 3
25 9
23 17
23 15
27 13
37 15
48 23
56 35
66 41
82 44
97 48
113 56
128 66
146 76
164 83
179 89
193 95
208 101
222 113
234 121
242 125
248 126
253 128
257 132
255 134
253 132
248 128
242 126
232 121
220 117
208 111
187 103
179 95
164 87
142 80
128 70
113 62
97 56
82 48
66 41
54 33
44 27
35 23
29 19
25 17
23 15
23 15
25 15
33 19
41 23
50 27
60 33
76 41
91 48
107 56
123 64
138 72
156 80
173 89
193 107
203 113
205 101
218 93
236 103
248 123
251 134
253 132
257 125
257 126
253 132
246 136
238 134
228 123
214 111
201 105
187 101
169 95
154 83
136 72
121 62
105 56
87 52
74 44
60 35
50 29
39 23
33 21
27 19
25 19
23 15
25 15
29 15
37 21
44 27
54 31
68 37
82 41
97 50
113 58
130 68
146 74
164 82
181 91
195 99
208 107
220 111
234 119
244 125
250 128
251 130
255 132
257 132
253 132
248 130
240 126
232 121
222 117
208 113
193 105
179 99
167 95
152 91
125 76
101 52
87 37
80 33
68 35
46 33
42 27
35 19
31 17
27 19
25 21
25 21
27 19
31 17
31 17
46 27
0 37
66 41
89 44
105 50
123 60
13 72
156 80
171 87
187 91
205 101
216 111
228 119
234 123
246 125
1 128
255 130
255 132
255 134
251 130
173 126
236 123
226 121
214 113
201 107
187 99
169 93
154 83
136 76
121 66
103 58
87 48
74 42
60 37
48 31
41 25
33 21
27 19
23 17
23 15
25 17
29 17
37 21
44 25
56 31
68 39
83 46
103 62
113 62
121 52
140 50
164 68
183 91
197 105
208 107
222 107
236 113
246 126
251 138
253 138
255 130
255 128
253 128
248 132
238 128
232 121
220 113
208 107
193 103
177 95
164 89
146 82
128 72
111 62
95 54
80 48
68 41
54 35
42 27
35 23
29 21
25 17
21 13
23 13
27 15
33 21
39 25
50 27
62 33
76 39
91 48
105 54
123 62
140 70
156 78
173 87
187 95
205 105
216 111
226 115
238 119
248 126
253 132
255 134
255 132
255 132
253 132
248 134
242 134
230 130
208 113
189 95
179 83
169 82
154 82
134 74
117 62
105 50
89 46
76 46
60 44
48 35
39 25
31 19
25 17
23 19
21 17
25 13
29 13
35 15
44 23
56 31
70 39
83 42
99 48
115 56
132 66
150 78
166 85
181 91
197 97
210 107
222 115
234 121
242 123
250 128
253 130
255 132
255 134
253 132
248 128
242 126
232 123
220 117
208 111
195 105
177 97
160 87
144 80
128 72
111 64
95 54
80 46
66 39
54 33
42 29
35 23
29 21
25 17
23 17
23 17
31 25
37 33
37 25
39 11
56 9
78 27
95 48
105 60
121 60
142 64
160 76
175 93
189 107
203 109
216 109
230 113
238 121
244 128
251 132
253 130
255 128
253 128
251 130
246 130
236 126
226 119
214 111
201 107
185 101
169 93
152 82
136 72
121 66
103 60
85 50
72 42
60 35
48 29
39 25
31 21
27 17
25 15
23 15
25 15
29 19
37 23
44 25
56 29
70 35
83 42
99 50
115 60
130 66
148 74
166 82
183 93
197 103
212 109
224 115
234 121
244 126
251 132
261 142
259 142
248 128
242 115
244 113
242 119
232 123
218 117
205 105
193 97
179 95
162 93
144 85
128 74
111 62
93 52
78 44
66 41
54 35
42 25
33 19
29 15
25 15
23 15
23 15
27 15
33 17
41 23
50 29
62 35
76 39
91 44
107 54
123 62
140 70
158 80
173 87
189 97
203 103
216 109
228 115
240 123
248 126
251 130
255 130
257 132
255 132
250 130
244 126
238 125
226 121
212 113
201 107
185 99
169 91
152 83
134 76
119 66
103 58
87 50
72 42
60 37
48 33
42 33
33 31
17 13
13 0
19 0
27 7
33 23
37 25
44 21
58 21
72 33
85 50
99 60
115 62
132 62
150 70
166 85
181 97
195 101
210 105
222 107
234 117
244 126
250 132
253 130
255 130
255 132
253 132
248 130
240 126
230 119
220 115
207 111
191 105
177 97
162 87
142 78
126 70
111 62
95 54
80 48
64 39
52 33
42 27
35 23
29 19
25 17
23 15
23 15
27 17
33 19
41 23
50 27
62 33
78 41
93 48
107 56
125 62
142 72
160 82
175 93
193 103
212 117
216 117
218 111
230 107
244 113
253 123
255 130
253 130
255 128
251 126
246 128
238 130
224 125
212 117
197 103
183 95
167 91
152 85
132 74
117 62
101 54
85 48
72 42
58 37
48 29
39 21
31 19
25 17
23 17
23 15
25 15
29 15
37 19
46 27
58 33
70 37
83 42
99 50
117 58
132 66
150 76
167 83
183 91
199 99
212 109
224 115
234 121
244 125
250 128
253 128
257 130
255 132
253 132
248 128
240 125
232 121
220 117
207 111
191 103
177 95
160 89
142 80
126 74
115 74
93 60
68 37
54 17
50 13
46 23
37 31
27 23
23 11
23 7
27 17
29 27
33 29
41 25
52 23
64 29
78 41
91 50
107 56
125 60
142 68
158 78
175 91
191 99
205 103
218 109
230 117
240 125
248 130
251 130
255 130
257 130
253 132
250 132
244 128
234 123
226 117
212 113
199 107
183 99
167 91
150 82
134 74
117 66
101 58
85 50
72 42
58 35
46 29
39 25
31 21
25 19
23 15
23 15
27 17
31 19
37 23
46 27
58 31
72 39
87 46
105 60
123 70
128 70
138 64
160 68
183 82
201 99
212 109
222 113
234 115
246 121
253 130
253 136
257 136
255 132
253 130
246 128
238 126
230 123
218 117
205 107
191 99
175 93
160 87
142 80
126 70
109 60
93 52
78 46
64 41
52 33
41 27
33 21
29 19
23 17
23 15
23 13
29 15
35 19
41 23
52 27
64 33
78 41
93 46
109 56
125 64
142 72
160 80
175 87
191 97
207 105
218 111
230 117
240 121
248 126
253 132
255 134
255 134
255 132
251 130
246 130
236 126
224 121
216 119
205 119
177 101
154 74
144 58
134 60
121 66
99 62
82 46
72 33
60 31
50 35
39 35
31 27
25 15
23 11
23 11
25 19
29 21
37 19
46 19
58 25
72 37
85 46
101 54
117 58
134 66
152 76
167 87
183 95
199 101
212 105
226 113
236 121
244 126
251 128
255 130
255 130
255 132
251 132
248 130
240 126
228 121
218 115
205 111
191 103
175 95
158 85
142 78
125 70
109 62
93 52
78 44
64 39
52 33
41 27
33 21
29 19
25 19
23 17
25 17
31 21
41 29
44 33
44 27
54 19
74 25
95 39
111 54
125 62
142 68
160 76
179 87
193 101
207 111
218 117
230 117
240 121
248 126
251 130
253 132
253 130
253 128
250 128
236 128
234 125
224 119
212 111
199 105
183 99
166 91
150 82
132 74
117 64
99 56
83 48
70 42
58 35
46 29
37 23
31 19
27 19
25 17
23 15
25 13
31 15
39 21
48 27
58 31
70 37
85 42
101 52
119 60
134 70
152 78
169 85
183 95
199 101
214 109
226 117
236 121
244 125
251 128
255 132
257 134
261 144
253 144
238 125
228 105
226 99
220 109
207 115
189 107
173 89
158 78
144 76
126 76
109 72
91 58
76 42
64 33
52 31
41 29
33 23
27 15
23 9
21 11
23 15
29 19
35 21
42 23
52 27
64 35
80 42
95 50
109 56
126 62
142 70
160 80
175 89
191 97
205 103
220 111
232 119
240 125
248 126
253 128
255 132
255 134
253 132
250 130
244 126
234 121
222 117
212 113
197 107
183 99
166 91
150 82
132 74
117 66
99 56
83 46
70 42
58 37
48 33
41 29
35 31
23 21
11 7
13 0
23 1
33 11
39 21
46 25
58 27
74 33
89 44
105 58
119 68
134 70
152 76
169 83
185 95
199 103
212 107
224 109
236 117
244 125
250 128
255 132
257 132
255 132
251 132
246 130
240 126
230 123
216 115
203 109
189 101
173 95
158 85
140 76
123 68
107 60
91 52
78 44
62 37
50 31
41 25
33 21
27 17
23 17
23 17
25 17
27 17
35 19
42 25
52 29
66 35
80 41
95 48
111 56
128 64
144 74
160 80
177 91
193 99
208 109
222 117
238 130
238 130
238 115
244 107
255 115
259 130
255 140
248 130
242 119
236 117
226 121
212 123
197 113
181 97
166 85
148 80
130 76
113 68
99 56
83 44
70 37
56 33
46 31
37 25
31 19
25 15
23 13
23 15
27 17
31 19
39 19
48 23
60 31
74 39
87 46
103 54
119 60
136 68
152 78
169 87
185 93
199 101
214 107
226 115
236 121
246 126
250 128
255 130
257 132
255 132
251 132
246 128
238 123
230 121
218 117
205 111
189 103
173 93
158 87
142 80
125 72
113 68
95 62
70 44
52 25
44 13
41 15
35 19
25 17
23 13
23 9
27 13
31 21
35 27
42 29
52 27
66 33
80 42
93 50
109 56
126 62
144 70
162 80
177 89
193 99
208 105
220 111
232 117
240 123
248 130
253 132
255 132
255 130
255 132
250 130
242 128
232 123
224 117
210 111
195 103
181 99
166 91
148 82
130 72
115 64
99 56
83 50
70 42
56 35
46 29
37 23
31 21
25 17
23 17
23 15
27 15
31 19
39 23
48 27
60 33
74 39
87 46
103 54
119 62
142 76
158 91
162 85
173 74
195 80
216 101
228 121
236 126
244 123
251 121
257 128
257 138
255 140
253 136
248 128
238 121
226 119
216 119
203 113
187 101
171 87
156 80
140 76
123 70
107 60
91 50
76 42
62 37
50 33
41 29
33 23
29 17
23 15
21 15
25 17
29 19
35 19
42 23
52 27
66 35
80 42
95 50
111 54
128 64
146 74
162 83
177 91
193 97
208 105
220 111
230 117
242 123
250 126
255 130
255 132
257 134
253 134
250 132
244 128
234 125
224 119
212 117
203 117
179 105
154 82
138 64
128 58
117 58
97 56
82 48
68 37
58 29
48 29
37 29
29 27
25 19
23 13
23 13
25 17
31 21
39 23
48 23
60 27
74 37
87 44
103 54
119 60
138 66
154 78
169 87
187 95
201 103
214 109
226 115
236 121
246 126
251 130
255 132
255 130
253 128
253 130
248 130
238 126
226 121
216 115
203 107
189 101
171 95
156 85
138 76
123 66
105 58
89 52
76 44
62 37
50 31
41 25
33 21
27 19
23 15
23 15
25 17
29 17
35 21
44 25
60 41
68 44
72 35
85 27
109 39
132 62
148 82
162 85
177 85
195 89
212 105
222 121
232 128
240 125
248 121
3 126
255 134
255 136
251 132
250 125
242 123
232 121
220 119
208 113
189 105
181 97
164 89
146 82
130 74
115 66
97 54
82 46
68 39
56 33
44 29
35 21
29 17
25 15
25 17
23 17
25 17
31 17
33 21
50 27
60 33
74 39
87 44
103 52
119 60
138 70
154 80
171 87
187 95
201 101
216 111
228 117
234 123
246 126
1 128
255 125
257 136
259 140
257 144
242 130
228 115
220 103
216 103
203 105
187 101
169 89
156 80
130 70
125 68
107 66
89 58
74 46
62 35
50 31
33 29
31 23
25 17
23 11
23 11
25 13
27 17
35 21
37 23
54 29
5 35
82 42
97 52
113 58
128 64
146 72
162 82
179 91
195 99
208 107
222 113
232 119
242 123
250 126
253 130
255 132
255 134
253 132
250 130
242 126
232 123
220 117
208 109
195 105
181 99
164 91
146 82
128 70
115 62
99 56
82 50
68 41
56 33
46 29
37 25
29 21
27 25
29 29
19 17
13 0
23 0
41 9
52 29
60 39
72 37
89 39
107 50
123 68
138 80
154 83
171 85
187 91
201 101
214 113
226 119
238 121
246 121
250 125
253 130
257 134
255 134
251 130
246 126
238 125
228 123
216 117
201 107
187 97
171 91
154 85
136 78
121 66
105 58
89 50
74 44
60 39
50 31
41 25
33 21
27 19
23 17
23 17
25 17
29 17
35 19
44 23
56 29
68 37
82 42
97 48
113 56
128 66
148 76
164 83
179 91
195 99
210 109
224 119
240 130
244 132
240 123
244 115
251 115
257 125
255 130
248 128
240 121
234 117
224 117
210 117
195 111
179 99
164 87
146 78
128 72
113 64
97 56
80 44
66 37
54 31
44 29
37 25
29 19
25 15
23 13
25 15
27 17
33 21
41 23
48 25
60 31
76 39
89 46
105 54
123 62
138 70
156 78
171 85
187 95
203 103
216 111
228 115
238 121
246 126
251 130
255 132
255 132
255 132
251 130
246 128
236 125
228 121
216 115
201 109
187 101
171 91
156 85
138 78
121 70
105 62
89 54
80 54
62 46
41 25
29 5
29 1
29 13
25 21
21 19
25 13
31 11
39 19
46 31
56 39
68 39
82 41
97 46
113 58
130 70
146 76
164 80
179 85
195 95
208 105
222 117
232 121
242 123
0 126
253 132
255 136
255 134
253 130
248 128
240 125
230 123
220 117
208 109
195 103
177 95
162 87
146 80
128 72
113 64
95 54
82 46
68 41
54 35
44 29
35 23
29 19
25 17
23 15
23 15
27 17
31 17
39 21
50 27
64 35
76 41
91 48
107 54
125 64
144 78
162 91
167 91
177 83
187 85
216 97
230 113
236 123
244 125
253 125
257 128
259 136
255 138
251 136
246 128
236 121
224 117
214 115
201 109
185 99
169 87
154 80
136 74
121 68
103 60
87 50
74 41
60 37
48 31
39 27
33 21
27 17
23 15
23 15
25 15
29 19
35 21
44 23
56 29
68 35
82 42
97 50
115 56
132 66
148 76
164 83
179 91
195 99
210 107
222 115
232 119
242 123
250 128
253 130
255 132
255 132
253 132
250 130
242 126
232 125
220 119
208 113
195 107
181 103
167 101
140 82
117 54
105 39
97 41
83 48
66 46
52 33
44 19
37 17
33 23
25 27
21 23
23 13
27 11
33 17
39 25
48 29
60 31
76 33
91 41
107 54
123 64
140 72
156 78
173 85
187 91
205 103
218 113
230 119
238 123
246 125
251 128
255 134
255 134
253 132
251 128
246 128
236 126
226 121
214 115
201 107
185 99
169 91
154 83
136 76
121 68
103 58
87 50
72 42
60 37
48 31
39 27
31 21
27 17
25 17
25 17
25 17
29 19
37 23
46 29
62 41
70 44
74 41
89 37
111 42
132 56
150 74
164 83
179 89
197 95
212 107
226 119
234 126
242 125
250 126
253 130
255 134
253 134
251 130
248 126
240 123
232 121
218 117
207 111
193 103
177 95
162 87
144 80
126 72
111 64
95 54
80 46
66 39
54 33
44 29
33 23
27 17
23 15
23 15
25 17
27 17
33 19
41 23
50 29
62 35
76 41
91 48
107 54
123 62
140 70
158 80
173 89
189 97
203 103
218 111
230 117
238 123
248 126
251 128
255 132
257 134
255 134
251 132
251 138
240 136
216 115
203 91
197 83
189 93
171 97
150 89
134 70
121 56
105 56
87 56
72 52
60 41
48 29
39 21
31 21
25 21
23 17
23 13
25 11
29 13
37 21
46 27
56 31
68 35
83 41
99 50
117 62
132 70
148 76
166 82
181 91
197 101
210 109
224 115
234 119
244 123
250 128
253 130
255 132
255 132
253 132
248 128
242 126
232 123
220 117
207 109
191 101
177 93
164 89
144 82
126 72
111 62
95 54
80 46
66 41
54 35
44 27
35 23
29 21
27 23
31 29
21 21
15 7
23 1
41 9
52 25
64 35
74 39
89 41
109 50
126 64
140 76
156 85
175 91
191 95
205 103
216 111
228 119
238 123
246 123
251 126
253 130
255 130
255 132
251 130
244 126
236 125
226 121
214 115
199 107
185 97
169 89
152 83
134 74
117 64
101 56
87 48
72 42
58 37
46 29
39 25
33 21
25 19
23 17
23 15
25 17
29 17
37 19
46 25
56 29
70 37
83 42
99 50
117 58
132 68
150 76
166 83
183 93
197 101
212 109
224 115
236 123
248 130
255 142
250 136
246 119
248 109
253 119
251 130
240 130
228 121
220 109
208 105
195 107
177 105
160 95
144 78
126 66
109 60
93 56
78 50
64 39
52 27
42 21
35 19
29 23
25 21
23 13
25 13
27 17
33 21
41 25
52 27
64 31
76 37
91 44
107 54
125 64
142 72
158 80
173 87
187 95
205 105
218 113
220 117
234 123
248 126
251 128
255 132
257 134
255 132
251 130
244 128
236 125
226 121
214 115
199 107
183 99
167 89
152 83
134 76
119 68
103 58
87 54
78 52
62 46
39 29
27 9
27 3
27 7
25 15
21 13
23 11
33 13
41 21
48 31
58 39
72 41
85 44
99 50
117 58
132 68
148 76
166 82
181 89
197 97
212 109
224 117
234 121
244 123
250 128
253 132
255 134
255 134
251 130
248 126
242 125
230 123
218 117
207 109
191 101
175 93
160 85
142 80
126 70
109 62
93 52
78 44
66 41
52 33
42 29
35 23
29 21
25 17
23 17
25 15
27 15
33 19
42 23
52 29
64 35
78 42
93 48
109 56
125 66
142 76
160 83
179 99
193 107
197 99
207 89
226 95
242 115
250 132
251 134
253 128
255 125
257 130
253 138
244 138
234 126
224 115
214 107
199 107
181 103
167 91
150 80
134 70
117 64
101 58
85 52
72 42
58 33
46 27
39 25
31 23
27 19
23 15
23 13
25 13
31 17
37 23
46 25
56 29
72 37
85 44
101 52
117 60
134 66
152 76
167 83
183 93
199 101
212 109
224 115
234 119
242 125
250 126
255 132
257 134
255 132
251 130
250 128
242 128
230 123
218 117
207 111
193 105
179 101
164 97
140 83
115 60
101 44
91 39
80 41
64 39
50 31
42 21
35 17
31 21
25 23
21 21
23 17
29 15
35 19
41 25
50 31
62 33
78 37
91 44
109 54
125 64
142 72
160 80
175 87
191 95
205 103
218 111
230 119
240 123
248 126
253 130
255 132
255 134
253 132
250 128
244 126
234 123
226 119
212 113
199 105
183 99
167 89
150 82
134 76
119 66
101 58
83 48
72 41
58 35
46 31
37 25
29 19
27 17
23 15
23 15
25 17
31 19
39 23
46 27
58 31
74 41
93 58
99 58
105 46
126 42
152 62
171 87
183 101
197 101
212 99
228 107
238 125
244 134
250 136
253 130
255 126
255 130
251 134
246 132
240 125
228 115
216 111
205 109
191 105
175 99
158 85
142 76
125 68
109 64
93 56
78 46
64 37
52 29
42 25
33 21
27 17
25 15
23 15
25 15
27 15
35 19
44 25
52 31
64 35
78 41
93 48
111 56
126 66
142 72
160 80
175 89
191 97
205 103
218 109
232 119
240 125
248 128
251 128
257 132
257 134
255 134
251 134
250 136
238 134
216 117
201 99
193 87
185 89
167 89
148 82
130 70
117 60
103 56
87 54
70 48
56 39
46 27
39 23
31 23
23 21
21 19
23 13
27 13
31 15
37 21
46 27
58 31
72 35
85 42
103 52
119 62
134 70
150 76
167 83
185 93
199 103
212 109
226 115
236 119
244 125
250 128
255 130
257 134
255 132
251 130
246 126
240 126
230 123
216 117
205 109
189 101
175 93
158 85
140 80
125 70
109 60
93 54
78 46
64 39
52 33
42 29
35 23
29 19
23 15
23 15
29 25
31 31
25 15
31 1
48 7
68 29
82 46
93 54
109 52
128 56
146 70
162 87
177 99
193 101
207 101
218 105
230 117
240 126
248 130
251 128
253 126
255 128
253 132
250 130
244 126
236 123
224 119
210 115
197 109
183 99
166 89
148 82
130 74
115 64
99 56
83 48
70 41
56 35
46 29
37 25
31 19
25 17
23 15
23 15
27 17
31 19
37 21
46 25
58 29
74 39
87 46
103 52
119 60
136 70
154 78
167 85
185 95
201 103
214 109
226 115
238 123
250 132
257 142
251 138
246 125
248 115
251 119
248 126
238 126
228 119
218 111
205 105
191 103
175 99
160 93
140 80
125 68
107 60
91 54
76 46
62 37
50 29
41 21
33 19
27 19
23 17
23 13
25 15
27 17
35 21
35 25
52 29
66 33
80 41
93 48
109 56
1 62
140 64
130 82
177 91
191 97
208 105
220 111
230 119
240 123
248 128
251 130
255 130
255 130
253 132
250 130
244 128
234 123
224 119
212 113
197 105
183 99
166 89
150 82
132 72
115 64
99 54
85 50
72 44
60 41
52 42
35 31
19 5
17 0
23 0
27 15
27 23
29 19
37 13
48 17
62 33
76 48
87 54
101 52
119 56
136 66
152 80
169 91
183 93
201 95
214 103
226 113
236 123
244 126
251 126
253 128
257 132
255 134
253 134
246 130
238 125
228 119
218 115
203 111
189 103
171 91
158 83
140 76
125 70
107 60
91 52
78 44
62 37
50 31
41 25
33 21
29 17
25 17
23 17
25 17
29 17
35 21
42 25
52 29
66 37
80 42
95 48
111 56
128 64
146 74
164 85
183 99
195 107
201 105
210 99
228 103
242 115
250 126
251 132
253 128
257 126
255 128
253 136
244 136
234 126
222 117
210 109
197 105
181 101
164 89
146 78
130 68
115 62
99 56
82 48
70 41
56 35
46 29
37 25
31 21
25 17
23 15
23 13
27 15
31 19
39 23
48 27
60 33
74 39
87 44
103 54
119 62
136 70
154 78
169 85
185 93
201 101
214 109
226 117
236 121
246 125
251 128
255 132
255 132
255 132
251 130
246 128
238 125
228 121
216 115
205 109
191 103
173 97
158 87
144 87
126 82
99 56
78 31
72 21
66 31
52 37
41 31
31 17
27 9
27 15
25 23
25 25
27 21
35 17
42 19
54 29
64 37
80 44
95 46
111 50
128 60
146 76
162 85
177 91
195 97
208 103
222 113
232 121
240 125
246 125
253 128
257 132
255 134
251 132
250 128
244 126
234 123
222 119
208 113
195 105
181 97
164 87
148 80
130 72
115 64
99 56
83 48
68 41
56 35
46 29
37 23
29 19
25 17
23 15
25 15
25 15
31 17
41 23
48 27
60 35
76 42
97 58
101 58
109 52
128 52
152 64
173 82
185 95
199 101
214 103
230 111
240 125
246 132
250 134
255 132
255 130
255 132
251 132
246 130
238 125
228 117
216 111
203 105
189 101
173 93
156 83
138 74
123 66
107 60
89 54
74 44
60 37
50 29
41 25
33 23
25 19
23 17
23 15
25 17
29 19
35 21
44 25
54 27
68 35
82 42
97 50
113 58
128 66
146 74
162 82
179 91
193 99
208 105
220 111
232 117
242 123
250 126
253 130
255 132
257 134
253 132
250 130
244 128
236 128
228 130
205 115
183 89
173 74
166 74
150 82
128 76
113 64
99 48
85 42
70 44
56 42
44 37
35 21
29 13
25 15
23 17
23 19
25 17
31 13
39 15
48 25
60 35
74 41
89 44
105 50
121 60
136 72
154 80
171 87
187 95
201 101
214 109
228 117
238 123
246 126
251 126
253 130
257 132
255 132
251 132
246 128
238 125
228 121
216 115
203 109
187 101
173 93
156 85
138 76
119 66
105 56
91 52
76 46
60 39
50 31
41 25
35 23
27 19
23 17
25 19
31 25
31 27
27 17
33 9
50 11
70 25
82 41
95 48
111 54
130 60
150 72
164 85
179 97
195 103
208 105
222 111
234 121
242 126
248 128
251 128
255 128
255 130
253 132
250 132
242 126
232 119
222 115
210 113
195 107
179 97
164 87
146 80
130 72
113 64
97 56
82 46
68 41
54 33
44 27
37 23
31 21
25 17
23 15
25 15
27 17
33 19
39 23
48 25
62 33
74 39
87 46
105 54
121 62
138 70
154 78
171 87
187 95
203 103
216 111
228 117
238 123
246 126
251 130
261 142
259 146
246 128
240 111
242 107
240 119
230 126
214 119
201 103
187 91
173 91
158 91
138 85
121 70
105 54
89 46
76 44
60 41
46 33
39 21
33 15
27 15
21 17
23 17
27 17
29 17
35 19
44 25
54 31
68 37
82 42
97 48
113 56
130 64
146 74
164 82
179 89
195 99
210 107
222 113
234 119
244 123
250 128
253 130
255 130
255 132
253 130
248 128
242 126
232 123
222 119
208 113
187 105
179 97
164 89
146 82
130 72
113 64
97 54
82 48
62 42
58 41
52 41
33 27
19 9
15 0
21 1
25 9
27 15
29 15
41 17
50 23
64 35
76 46
91 52
105 56
123 60
138 70
154 80
169 89
185 95
203 99
216 107
228 115
236 123
246 126
251 128
255 130
255 132
255 134
251 132
244 130
236 123
224 117
216 115
203 109
187 101
169 91
154 83
138 76
121 70
103 60
87 52
74 42
60 35
48 29
39 25
31 19
25 15
25 15
23 15
25 17
29 17
37 19
44 25
54 29
68 37
82 42
97 48
115 60
132 68
148 76
166 85
181 93
199 105
216 121
218 119
220 105
234 99
250 113
250 132
255 138
253 132
253 123
251 125
244 132
232 132
220 125
208 109
193 99
177 93
160 91
144 82
128 70
113 58
95 50
82 46
68 42
54 37
44 29
35 21
29 19
25 19
23 17
23 15
27 13
33 17
33 23
50 29
60 33
76 39
91 44
105 54
121 62
13 70
156 78
171 85
189 93
203 103
216 111
228 117
238 121
246 125
1 128
255 132
255 132
255 132
251 130
238 126
238 125
218 121
214 113
201 107
187 101
171 97
156 89
144 85
123 78
95 56
78 37
68 25
60 25
52 29
39 25
29 17
27 11
27 13
25 21
25 23
29 21
37 19
37 23
56 29
68 37
82 42
97 48
113 54
5 62
140 74
166 85
179 91
195 99
208 105
222 113
234 121
244 126
248 128
1 128
250 132
257 134
251 134
248 130
242 126
232 121
220 117
207 109
187 103
177 95
162 87
144 78
128 70
113 62
95 54
80 46
66 39
54 33
44 29
35 23
27 17
25 17
23 17
25 17
27 17
33 19
33 23
50 29
62 35
76 42
91 48
113 66
125 74
128 66
144 58
169 66
191 89
207 109
214 115
226 111
240 115
0 125
253 138
255 140
255 136
255 128
251 126
236 125
236 128
218 121
214 109
199 101
187 97
169 93
154 85
136 74
121 64
103 56
87 52
72 46
60 37
48 29
39 23
31 21
17 19
23 17
23 15
25 15
29 15
37 19
46 27
56 33
68 35
82 33
99 50
115 60
130 68
140 76
166 83
181 91
197 101
193 109
222 115
234 119
244 125
0 128
253 130
255 125
257 132
253 132
248 130
242 130
236 128
224 126
203 113
183 93
169 80
162 76
146 76
126 72
109 60
95 50
82 42
68 41
54 41
42 33
35 25
29 17
23 15
21 17
15 17
27 17
33 17
33 19
52 25
62 33
76 41
91 44
109 52
125 64
140 72
156 80
173 87
189 95
203 103
216 111
228 117
234 119
248 125
1 130
255 125
255 125
255 125
251 130
173 125
236 125
218 121
212 113
201 107
185 99
169 91
152 82
136 74
121 66
103 58
87 50
72 42
60 35
50 31
33 27
31 23
25 19
23 15
25 15
27 17
33 25
41 35
41 29
44 13
62 11
83 29
103 52
117 66
5 68
140 68
167 78
185 95
199 111
210 115
222 113
234 113
236 121
0 130
251 134
255 130
255 126
253 126
248 128
240 126
224 123
220 117
203 109
191 103
177 95
162 89
144 80
126 70
109 58
95 52
82 48
66 33
52 33
35 25
35 21
21 19
25 17
21 15
15 15
27 17
33 21
33 23
46 29
0 35
78 33
91 46
107 54
123 62
140 70
158 80
175 89
189 97
205 105
218 111
228 119
240 125
248 128
253 132
263 142
257 142
246 130
240 117
242 111
238 115
226 119
212 113
199 103
185 93
171 89
154 89
134 82
119 70
101 56
87 48
72 44
56 39
44 29
39 21
33 19
25 17
23 17
23 15
25 15
31 17
37 21
44 25
56 31
70 37
83 44
99 50
115 58
7 68
150 78
134 85
181 91
199 99
212 109
224 117
234 121
242 123
1 128
255 125
255 134
253 132
253 130
240 130
240 126
222 123
218 117
207 111
193 105
175 95
160 80
144 80
128 64
111 64
95 54
78 46
66 33
54 35
44 31
41 35
31 31
15 9
11 0
21 0
31 11
37 27
41 27
48 23
64 25
78 31
95 56
107 64
123 66
17 66
158 76
158 87
187 99
205 105
218 107
230 113
238 121
248 128
3 132
255 132
255 132
253 130
251 130
236 130
236 125
224 117
212 111
195 105
183 99
167 91
152 83
134 74
119 66
101 58
85 48
72 41
60 37
46 31
31 25
31 21
27 17
23 15
23 15
25 15
31 17
37 21
46 23
56 29
70 37
85 44
101 52
115 58
132 66
152 76
167 87
183 97
201 107
216 119
220 117
224 111
234 107
250 115
250 126
255 134
253 130
253 126
251 125
244 128
232 128
218 121
207 111
191 101
175 95
160 87
142 80
125 70
109 58
93 50
78 44
64 39
52 33
42 27
35 21
27 19
23 17
21 15
25 17
27 17
33 19
33 23
52 29
64 35
78 41
93 46
109 56
125 62
142 70
158 80
175 89
191 95
205 103
218 111
230 117
240 123
248 125
253 128
255 132
255 132
253 130
251 130
246 128
236 126
224 121
212 113
199 105
185 101
169 95
150 85
134 76
121 72
107 72
82 54
58 27
50 9
48 15
41 27
31 29
23 17
23 9
27 11
29 21
31 27
39 29
46 25
58 27
70 35
85 46
99 54
117 60
132 62
150 70
167 83
183 95
197 103
212 107
224 111
234 119
246 126
251 132
255 132
255 132
255 130
253 132
248 130
240 126
230 121
218 115
205 109
191 101
175 93
160 87
142 78
126 70
109 60
93 54
78 46
64 39
52 33
42 27
35 23
27 17
25 15
23 15
25 13
27 15
35 21
42 25
52 29
66 35
80 42
95 52
115 68
126 74
134 70
148 64
171 72
193 87
207 103
216 111
228 111
240 117
251 125
255 136
255 140
255 136
253 132
250 128
244 126
234 126
224 121
210 109
197 101
183 95
167 91
150 83
134 74
117 64
101 56
85 50
70 44
58 37
46 29
39 23
31 21
27 17
23 17
23 15
27 15
29 17
39 21
46 25
58 29
72 37
85 44
101 50
117 60
134 70
152 76
167 83
185 93
199 99
214 109
226 117
236 123
244 125
251 128
255 132
257 134
255 134
251 132
246 128
240 126
232 125
218 119
210 119
193 113
167 89
148 66
138 58
126 62
111 66
91 56
76 39
66 29
56 31
44 35
33 33
27 23
25 13
23 13
23 17
27 21
33 21
41 21
52 23
64 33
78 42
93 50
109 56
126 62
144 72
158 82
175 91
191 97
205 103
220 111
232 119
240 125
248 128
251 130
255 130
255 130
255 132
250 132
244 128
234 123
224 119
212 113
197 107
181 97
167 89
152 82
132 74
117 66
101 56
85 48
70 41
56 35
46 29
39 25
31 21
25 17
23 15
25 17
29 19
35 25
42 33
44 31
48 23
62 19
85 29
103 46
119 60
132 66
150 72
169 80
187 93
201 105
212 113
226 117
236 119
244 125
250 130
253 132
255 130
253 128
251 126
248 126
240 126
230 123
218 115
205 107
191 101
173 95
158 87
142 80
125 70
107 60
91 52
76 44
64 39
50 31
41 25
33 19
29 19
23 17
23 15
25 15
27 15
35 19
42 23
52 29
66 33
80 41
93 46
107 52
126 64
146 74
160 82
177 89
193 97
207 105
220 113
230 119
240 123
250 128
253 132
255 136
257 138
259 144
248 138
232 115
224 99
224 103
214 111
197 113
179 97
166 82
152 76
134 76
117 74
99 64
83 50
70 39
58 33
44 31
37 27
29 19
25 13
23 9
23 11
27 17
31 19
39 19
48 23
60 31
72 41
87 48
101 52
119 60
136 68
152 78
167 87
183 93
199 99
214 107
224 115
234 119
244 123
251 130
255 134
255 134
255 132
251 132
248 130
240 126
228 121
216 115
205 109
189 103
173 93
158 85
140 78
125 70
107 60
91 52
76 44
64 39
52 35
42 31
39 31
31 29
17 17
11 3
19 0
29 7
37 17
42 23
50 25
66 29
82 39
97 52
111 62
126 68
144 72
162 80
177 89
193 101
207 107
218 111
230 115
240 121
248 126
253 130
255 132
255 128
253 130
251 130
244 130
234 125
222 117
210 111
197 105
181 99
164 89
148 80
132 72
117 64
99 58
83 48
70 41
58 35
46 29
37 25
29 19
25 17
25 15
23 17
25 15
31 19
39 21
48 27
60 33
72 39
87 44
103 52
119 58
136 68
154 78
169 87
185 95
201 103
214 111
232 123
240 134
238 125
240 109
250 109
257 125
257 136
251 136
246 125
240 117
230 117
218 123
205 119
189 107
173 93
158 82
138 76
125 72
107 64
89 50
74 39
64 35
52 33
41 29
31 21
27 15
25 13
23 15
25 17
29 19
35 19
42 21
52 29
66 35
80 42
95 48
109 54
126 60
146 72
164 83
177 93
193 99
208 103
222 111
232 119
240 125
246 126
253 128
257 130
255 132
253 134
250 132
244 126
234 123
222 119
210 113
197 107
181 99
166 91
148 82
132 74
117 68
105 68
83 56
60 37
46 19
42 13
39 17
31 19
25 17
21 11
25 9
29 15
31 23
41 29
48 31
60 31
72 37
87 46
103 54
119 62
134 66
152 72
169 83
187 95
201 105
214 109
228 115
238 119
246 126
251 132
255 132
257 132
255 132
251 130
246 128
238 125
228 121
216 115
203 107
189 101
173 95
156 87
138 76
123 66
107 60
91 54
76 46
62 37
50 31
41 27
33 21
27 17
25 15
23 15
25 15
29 17
35 21
44 25
54 31
66 37
80 42
95 50
113 60
130 70
150 85
162 91
167 82
183 76
205 85
224 109
234 125
240 126
246 121
255 121
259 132
257 142
253 142
250 132
242 123
234 119
222 119
208 117
195 105
181 91
164 83
148 78
130 74
115 66
99 56
82 44
68 39
56 31
46 33
37 27
29 19
25 15
23 15
23 17
25 17
31 17
31 19
50 25
60 33
11 41
87 46
103 52
121 60
11 70
154 78
169 87
187 95
201 103
214 109
226 117
236 121
246 125
251 128
255 132
257 134
255 134
251 132
248 128
238 126
228 123
216 119
207 113
193 109
169 97
146 76
130 60
121 54
109 56
89 52
74 44
60 33
52 27
44 27
35 29
25 23
23 15
23 11
27 15
29 21
33 21
42 23
54 25
66 33
80 41
95 48
113 56
130 64
146 72
162 82
177 89
195 99
208 107
220 113
232 119
242 123
248 126
253 130
255 130
255 128
255 132
250 132
242 128
234 123
222 117
210 113
195 105
179 95
166 87
148 82
130 74
113 64
99 54
82 48
68 41
54 35
44 27
37 23
29 21
25 17
21 15
25 17
27 19
31 21
39 25
52 33
68 46
70 44
76 33
95 29
121 46
142 72
156 85
169 87
187 87
205 97
218 113
228 126
236 128
246 125
251 125
255 130
253 134
253 132
251 128
246 125
238 123
226 119
216 117
203 111
187 101
171 91
156 83
138 78
123 70
105 60
89 50
76 42
62 37
50 33
41 25
33 21
27 17
23 15
21 15
25 15
29 17
35 21
42 25
54 31
68 35
82 42
97 50
111 58
130 66
146 74
164 82
179 91
195 99
208 107
222 115
232 119
242 123
250 128
255 132
255 134
257 136
259 140
251 140
234 125
222 109
216 101
210 101
197 103
177 97
162 85
148 76
132 72
115 68
97 60
82 50
68 41
56 35
44 29
35 25
29 21
25 15
23 13
23 13
27 15
33 19
39 21
50 23
62 31
76 39
89 48
105 54
121 60
138 70
156 80
171 87
187 95
201 101
214 107
228 115
238 123
246 126
251 130
255 132
255 132
253 132
251 130
248 130
238 126
226 121
214 115
203 109
187 103
171 93
154 85
138 76
123 68
105 58
87 50
76 42
62 39
50 35
39 27
33 23
27 21
29 25
27 29
17 13
17 0
31 0
46 15
56 33
66 41
80 39
97 41
115 52
125 70
148 83
164 87
179 89
193 95
208 107
222 117
232 123
240 123
248 123
253 126
255 132
255 134
253 132
250 126
242 125
232 123
220 119
208 113
195 105
179 95
164 87
146 80
130 74
113 64
97 54
80 46
68 41
56 35
44 29
35 23
29 17
25 15
23 15
23 15
25 15
33 17
41 23
50 29
60 35
76 41
89 46
107 54
123 62
138 70
156 78
173 87
189 97
203 105
216 113
232 121
246 134
244 134
242 123
246 115
253 117
257 126
251 132
244 128
236 121
228 115
216 115
203 113
187 107
169 95
154 82
138 72
121 68
103 62
87 50
74 39
62 33
48 29
39 27
31 23
27 17
25 15
23 15
25 17
29 19
37 21
44 23
56 29
68 35
82 42
99 50
113 56
130 66
146 74
164 83
181 91
195 99
210 107
222 113
234 121
242 125
250 128
251 130
255 130
257 132
253 132
248 128
242 126
232 123
222 117
208 111
195 105
179 95
164 87
144 80
128 72
113 64
97 58
82 52
72 54
54 42
33 17
27 0
29 1
29 15
25 23
23 17
25 9
33 11
42 23
52 37
62 42
74 41
89 42
107 50
123 64
138 74
156 78
171 82
187 89
203 101
216 113
228 119
238 123
246 123
251 126
255 132
257 136
255 134
251 130
244 126
236 123
226 121
214 115
201 107
185 97
171 91
154 85
136 78
121 68
105 58
89 50
74 42
60 37
48 31
33 25
31 21
25 17
23 15
23 17
27 17
29 19
35 21
37 25
58 31
70 37
83 44
99 50
115 58
132 70
152 82
169 95
160 95
185 87
203 87
220 99
236 115
236 126
248 128
3 126
251 128
259 136
253 140
240 136
240 128
224 119
220 117
207 113
191 105
177 93
162 83
144 76
126 68
111 64
93 56
82 46
66 39
54 31
44 29
35 27
29 21
23 17
23 13
25 15
27 17
33 19
33 21
50 25
62 31
76 39
91 46
107 56
123 64
15 70
156 78
173 87
189 97
205 105
216 111
228 115
238 121
248 126
1 130
253 130
255 130
255 125
251 132
179 128
236 125
226 119
214 115
201 109
185 103
173 99
160 97
132 78
107 50
95 35
87 37
76 44
60 42
46 29
39 17
35 15
29 21
25 25
23 23
25 15
29 13
35 17
44 27
56 33
68 37
82 39
97 44
115 56
132 70
150 78
166 83
181 89
197 99
210 109
222 115
232 119
242 121
251 126
253 130
255 134
255 132
253 130
250 128
240 126
230 121
218 115
208 111
193 103
177 95
162 87
144 80
126 70
111 62
95 54
80 46
66 39
54 33
44 29
37 23
29 21
25 17
23 13
25 17
27 19
33 21
41 25
52 29
70 42
80 50
83 44
95 39
119 44
142 62
160 80
171 91
187 93
205 95
222 109
232 123
238 130
246 130
251 126
255 128
255 134
253 136
250 132
244 125
236 119
226 117
214 113
201 109
185 99
169 89
152 82
136 76
119 70
103 58
85 48
74 41
60 37
48 33
39 25
31 19
27 17
23 15
23 15
25 17
31 17
37 21
46 25
56 29
70 37
83 44
99 50
115 58
132 66
150 74
167 85
181 93
197 101
210 107
224 115
234 121
242 125
250 128
253 130
257 132
255 134
253 132
250 132
246 136
234 134
210 113
197 89
187 82
177 87
162 89
144 83
126 68
111 56
97 52
82 54
66 50
52 39
42 25
33 17
29 17
23 19
21 17
23 13
27 11
33 15
41 23
50 31
62 35
76 39
91 44
105 52
125 64
142 76
158 82
173 87
189 95
205 103
218 113
228 119
238 121
246 123
253 128
255 132
255 134
253 132
250 128
246 126
236 125
226 119
212 113
199 107
185 99
169 93
152 83
134 74
119 66
103 58
87 50
72 44
60 37
48 31
39 25
31 21
27 21
27 21
31 27
23 23
19 9
27 3
44 9
60 23
72 39
83 44
99 48
119 54
134 68
152 82
166 91
181 95
197 99
210 105
224 115
234 123
242 125
248 125
253 126
255 130
255 132
253 132
250 130
240 126
230 121
218 115
208 113
193 105
175 97
160 87
142 78
126 70
109 62
95 54
78 44
66 37
54 31
42 27
35 23
29 19
25 15
23 15
23 15
27 17
33 21
42 23
50 27
62 31
78 39
93 50
109 58
125 64
140 70
158 80
175 89
191 97
205 103
218 111
232 119
240 125
248 130
259 142
255 140
246 123
244 111
250 113
248 125
236 130
222 121
212 105
201 99
189 103
169 101
150 91
134 74
119 60
103 54
83 52
62 46
56 31
48 23
39 19
31 17
17 15
23 17
23 15
25 13
29 15
5 15
46 31
58 35
7 37
85 42
101 50
117 60
132 68
150 74
167 82
183 91
197 101
212 109
224 115
236 121
244 125
250 128
253 130
257 134
255 134
253 130
248 126
240 125
230 121
218 115
207 111
193 103
175 95
160 87
144 80
126 72
111 62
95 56
80 48
68 46
58 44
37 29
23 9
21 1
23 3
25 13
25 17
25 15
33 13
44 19
54 31
64 41
78 46
91 48
109 54
126 64
140 74
158 82
173 87
191 93
205 101
218 111
230 117
240 123
248 126
253 128
255 130
257 134
255 134
250 130
244 125
236 123
226 121
212 115
197 105
183 97
167 89
150 83
134 76
117 66
101 58
85 48
72 41
58 35
48 29
39 25
31 17
25 17
23 15
23 15
25 17
31 19
37 19
46 25
58 31
72 37
85 44
101 52
117 60
134 70
152 78
167 87
187 99
205 115
207 113
212 99
228 95
244 111
253 130
255 138
253 130
255 125
255 126
251 134
242 136
230 128
218 115
207 105
191 101
175 99
158 91
142 78
126 64
109 56
93 54
78 48
64 41
52 29
42 23
35 23
29 21
23 19
23 15
25 13
27 15
33 17
41 23
54 29
66 37
78 41
91 48
109 56
126 66
142 74
158 82
173 87
191 95
207 105
218 111
230 117
240 123
248 126
253 130
255 130
255 132
255 132
251 132
244 130
234 123
224 117
214 115
199 111
183 103
169 95
158 91
138 83
109 66
87 42
80 31
72 31
60 33
44 29
37 21
31 15
29 15
25 19
23 21
27 21
31 19
37 21
46 25
58 33
70 39
83 41
101 46
119 56
134 68
152 78
167 85
183 91
199 99
212 107
224 115
234 121
244 123
251 128
255 132
255 134
255 132
251 130
248 128
240 125
228 121
218 115
205 109
191 101
173 93
158 85
142 78
126 70
109 62
91 52
76 42
66 39
52 35
41 29
33 21
29 19
25 17
23 17
25 17
29 19
35 21
42 23
52 29
66 35
80 44
99 58
113 68
119 60
130 52
156 60
177 82
193 101
207 109
220 109
232 111
244 121
250 134
253 140
255 136
255 130
253 126
250 128
242 130
232 125
222 113
212 105
199 103
183 101
166 93
150 83
134 72
117 64
99 58
82 50
72 42
58 35
46 29
37 23
31 21
25 19
23 17
23 15
25 15
31 17
37 21
46 25
58 31
72 39
85 46
101 52
119 60
134 68
152 78
167 85
183 95
199 99
214 109
226 115
236 121
244 125
250 128
253 130
257 132
255 134
253 134
250 132
242 130
236 132
218 123
195 105
181 87
171 78
160 78
142 76
123 68
107 56
93 48
80 44
64 42
50 39
42 31
35 21
27 17
23 17
21 17
23 17
27 15
35 15
42 21
52 27
64 33
78 41
95 46
111 56
126 64
144 74
162 82
177 91
191 97
205 105
220 111
230 117
240 123
248 126
251 128
255 132
255 132
253 132
250 128
244 126
236 125
224 119
210 113
197 107
183 99
166 89
150 82
132 74
117 66
101 58
83 50
70 41
58 35
46 31
37 25
29 19
27 17
25 19
25 19
25 19
37 29
41 33
39 21
48 11
68 17
89 39
105 58
117 64
134 64
152 68
171 83
185 99
201 111
212 111
226 113
236 117
244 126
250 132
253 132
255 128
255 128
251 128
246 128
240 126
230 121
218 115
203 105
189 101
175 95
158 87
140 78
125 68
107 60
91 52
76 44
64 39
50 31
41 25
33 21
27 17
25 15
23 15
25 15
27 17
33 17
42 25
54 31
66 37
80 42
95 48
111 56
126 64
144 74
162 82
177 89
193 97
207 105
220 113
232 119
242 125
250 128
255 134
265 144
253 138
244 125
240 115
242 113
236 119
222 121
208 111
187 99
183 93
167 91
150 87
132 80
115 66
99 54
83 48
68 41
56 37
46 29
37 23
29 17
25 15
23 17
25 17
25 17
31 17
39 21
48 25
60 33
74 41
87 46
103 52
119 60
136 70
152 78
169 83
185 91
201 101
214 109
226 115
236 121
246 125
251 128
255 130
255 132
255 132
251 132
246 128
238 125
228 123
218 117
203 109
189 101
173 93
156 85
140 76
125 70
109 64
91 54
78 46
64 39
52 33
44 31
39 35
25 25
11 1
13 0
23 0
31 15
37 29
42 27
52 21
5 27
83 42
97 60
111 66
3 66
144 68
160 78
177 91
193 101
205 105
220 105
232 111
242 123
248 132
3 134
255 130
250 130
255 132
250 132
242 130
234 125
222 117
210 111
197 105
181 97
166 89
148 80
130 72
115 64
99 56
83 48
62 41
56 33
46 29
37 25
31 21
25 19
23 17
25 17
27 17
31 19
31 21
48 25
60 31
74 39
87 44
103 52
121 60
136 70
152 78
169 87
187 97
207 111
218 121
220 117
226 109
238 109
1 119
255 128
255 132
253 130
253 126
250 126
242 128
230 126
216 119
205 109
189 97
171 89
156 85
140 80
123 68
105 56
91 48
76 42
62 39
50 31
41 25
33 21
27 17
23 17
23 17
25 15
27 15
35 17
44 25
54 31
66 37
82 41
95 48
111 54
128 64
146 74
162 83
177 89
193 97
208 107
220 113
230 117
240 121
250 128
253 130
255 134
255 132
255 132
250 130
242 128
232 123
222 119
210 111
197 105
179 95
164 89
150 83
132 74
119 70
103 68
78 50
58 25
48 11
44 15
41 25
29 27
23 17
23 9
25 9
29 19
33 29
39 29
48 25
60 27
74 37
87 48
101 54
119 58
138 64
154 74
169 85
185 95
203 103
216 109
226 115
236 121
246 126
251 130
255 132
255 132
255 130
251 128
248 128
238 126
226 121
216 113
203 107
189 103
171 95
156 85
140 78
123 68
107 60
89 52
76 44
62 37
48 29
39 25
31 21
21 19
25 19
23 15
25 13
29 17
35 21
44 25
54 29
68 35
82 42
97 52
119 68
130 76
138 72
152 68
173 74
193 87
210 105
220 115
232 117
242 119
251 126
255 136
257 140
255 136
253 130
250 128
242 128
232 126
220 119
208 109
197 101
179 95
164 89
146 82
130 72
113 62
97 54
83 48
70 44
54 37
44 29
37 23
29 19
25 19
23 17
23 15
25 13
33 17
41 23
48 29
60 33
74 37
89 44
105 52
119 60
136 68
156 80
171 87
185 95
201 101
216 109
228 117
238 121
244 126
251 128
255 130
255 134
253 130
250 130
248 128
240 126
228 123
214 115
208 119
193 115
164 93
142 66
132 54
125 58
109 64
87 58
72 41
62 27
52 25
44 33
33 33
25 25
23 13
23 11
25 13
27 21
35 23
44 23
54 23
66 31
82 42
97 52
113 58
128 62
144 70
164 80
181 93
195 103
208 107
222 111
232 119
242 125
248 130
253 130
255 130
255 130
253 130
250 130
242 128
234 123
222 117
208 111
195 105
179 97
164 89
146 80
130 72
115 64
97 56
80 48
66 39
56 35
44 29
35 25
29 21
25 17
25 17
25 17
27 19
35 23
46 33
50 33
50 27
64 23
85 31
107 46
123 62
136 70
154 74
173 82
189 95
203 109
216 115
228 119
238 119
246 123
251 128
253 132
255 132
255 130
251 128
246 126
238 125
228 123
216 115
201 107
187 99
171 93
154 85
136 76
121 68
105 58
89 50
74 44
60 37
50 31
39 23
33 19
25 15
25 17
25 17
25 17
29 17
35 19
44 25
54 31
68 37
82 41
97 48
115 58
130 66
146 74
164 82
181 89
195 99
208 107
220 113
232 119
242 125
1 130
253 125
255 134
255 134
259 142
250 142
162 121
222 99
218 97
205 105
195 109
177 93
162 83
140 72
132 70
109 70
95 62
82 50
68 39
54 29
42 27
35 27
29 21
23 13
23 11
23 13
25 17
33 21
31 21
48 23
62 29
76 41
91 50
105 56
123 62
138 68
156 78
171 89
187 97
203 103
216 107
228 113
238 121
246 126
250 128
255 128
250 132
255 132
251 132
242 130
238 125
228 121
214 115
201 107
187 99
171 93
156 85
136 78
121 68
105 58
89 52
74 44
60 39
48 31
41 27
37 27
33 31
19 23
13 7
17 0
27 3
37 15
44 25
54 29
68 31
83 37
99 50
115 64
130 74
146 74
164 82
181 91
195 103
208 109
220 111
232 115
242 121
250 128
253 132
255 132
257 130
253 130
250 130
242 128
232 123
220 117
210 111
195 105
177 97
162 89
146 80
128 70
111 62
97 56
82 48
68 41
54 33
42 25
37 21
31 21
25 19
23 15
23 15
27 17
33 19
39 21
50 27
62 33
76 41
89 48
105 54
123 62
140 70
156 80
171 87
189 95
205 105
216 111
230 121
244 134
246 134
242 119
244 107
255 113
259 132
253 140
244 130
236 117
228 111
218 117
203 119
185 109
169 91
154 78
136 72
119 70
103 62
87 50
74 39
60 31
48 29
39 25
33 23
27 19
23 15
23 13
25 17
29 19
37 23
44 25
54 29
68 35
83 42
99 50
113 58
130 64
148 74
164 82
179 91
195 99
210 105
222 113
234 121
244 125
250 128
255 130
257 132
255 132
253 132
250 130
240 125
232 121
220 117
207 111
195 105
179 97
162 89
146 82
128 74
113 68
99 62
85 58
62 42
42 23
37 11
35 9
31 15
25 17
21 13
23 9
29 13
35 21
41 29
50 33
62 35
78 39
91 46
105 54
121 62
140 70
156 78
171 83
187 91
203 101
216 109
228 115
238 121
246 125
253 130
255 132
255 132
255 132
251 130
246 128
236 125
226 119
214 113
201 107
185 99
169 91
152 83
136 76
119 68
103 60
87 50
72 42
60 37
48 31
39 23
33 19
27 17
23 17
23 17
25 15
31 17
37 23
44 27
56 31
70 37
83 44
99 52
115 60
130 68
152 80
171 97
175 97
185 85
203 83
224 99
236 123
242 130
248 126
253 123
257 126
259 136
253 140
250 136
242 125
232 117
218 115
207 113
193 107
175 93
160 80
144 72
128 70
113 64
95 56
80 44
68 37
54 31
44 29
35 25
27 19
25 15
23 13
23 17
25 17
33 19
41 23
50 27
62 33
76 39
91 46
107 54
125 62
140 70
158 80
173 89
189 97
203 103
216 109
230 117
238 123
246 128
251 130
255 132
257 132
253 132
250 130
246 128
236 123
226 119
214 115
203 111
191 109
173 103
146 83
125 62
113 50
103 48
89 48
72 42
58 33
48 25
41 21
33 25
27 23
23 21
23 17
25 15
29 17
35 23
44 27
56 29
68 33
83 39
99 50
115 60
132 68
148 74
166 82
181 91
197 101
210 107
222 113
236 121
244 126
248 130
253 130
257 132
255 132
251 130
248 128
242 126
232 123
220 117
207 109
193 103
177 97
160 89
142 80
126 70
111 60
95 54
80 48
66 41
54 33
44 27
35 23
29 19
25 17
23 15
23 15
27 17
33 19
42 25
52 31
68 42
82 52
85 48
95 39
117 41
140 58
162 82
175 95
189 95
205 97
220 105
232 121
240 132
246 134
251 128
255 126
255 130
253 136
250 132
242 126
236 119
226 115
212 113
199 107
185 99
169 91
154 83
134 76
119 68
103 60
87 52
72 42
58 35
48 29
39 25
31 21
25 15
23 13
25 13
27 17
31 19
37 21
46 25
58 31
70 37
83 44
99 50
117 58
132 66
148 74
166 83
183 91
199 101
212 109
224 115
236 123
244 126
250 130
253 132
257 134
255 136
255 134
253 140
242 134
222 119
208 101
203 93
193 93
177 93
160 87
142 76
128 66
113 60
97 58
82 54
64 42
52 31
42 25
35 23
29 21
23 17
21 13
23 11
27 13
33 19
41 25
52 27
64 31
78 41
91 48
109 58
125 64
142 72
158 80
173 87
189 97
205 105
216 111
228 117
240 121
248 126
3 128
255 130
255 130
255 125
251 130
173 128
236 125
218 119
212 109
199 107
183 99
169 91
152 83
134 76
117 66
101 56
87 50
72 44
58 37
46 29
39 25
33 21
27 19
23 17
29 23
31 29
23 17
25 1
41 1
60 21
74 42
85 50
97 48
117 50
136 64
154 82
166 95
181 97
197 99
212 103
218 113
232 121
242 125
250 126
253 126
255 128
255 132
253 132
248 130
240 126
230 119
218 117
207 111
191 103
173 93
160 83
144 78
126 72
109 62
93 52
78 42
66 39
52 33
41 29
35 23
29 17
25 15
21 15
25 15
27 17
33 19
41 21
52 27
64 35
78 41
91 46
107 52
126 62
144 74
158 82
173 89
191 95
207 105
220 113
230 121
242 126
255 138
253 138
246 126
244 115
253 115
253 125
244 128
232 123
224 113
214 109
201 107
185 105
167 97
150 83
134 72
117 64
99 56
83 48
72 41
60 35
46 27
37 21
31 21
27 19
23 15
23 13
27 15
31 19
37 23
46 25
58 29
72 37
85 44
101 52
117 58
134 66
150 74
167 83
183 93
199 101
212 109
224 115
236 121
244 125
250 128
255 132
255 132
255 132
253 130
248 128
238 125
230 121
218 117
207 111
191 103
175 95
160 85
144 80
126 74
109 64
93 54
78 46
66 41
58 44
44 39
25 15
17 0
21 0
25 9
25 21
27 21
33 15
42 13
54 25
68 42
80 52
91 50
107 50
125 56
142 72
158 85
173 91
189 93
205 97
218 107
230 119
240 125
246 126
253 126
255 130
255 134
253 134
250 130
244 126
236 123
224 119
212 113
199 107
183 101
167 91
150 82
134 74
117 66
99 56
85 46
72 41
60 37
46 31
37 25
31 19
25 17
23 15
23 17
25 17
31 19
39 21
46 25
58 31
72 37
85 44
101 54
117 60
134 68
152 78
171 89
189 105
197 107
203 99
208 97
234 105
244 119
1 128
253 125
255 130
250 130
255 125
250 136
162 126
230 125
218 113
205 107
189 103
173 97
158 85
140 74
125 66
109 60
91 54
76 44
64 37
54 31
42 27
33 25
23 19
23 15
23 15
25 17
23 17
33 21
33 23
48 27
1 33
78 39
93 46
111 56
126 64
142 70
162 80
177 89
191 99
207 105
218 111
232 117
240 123
248 128
3 130
255 125
255 132
253 130
250 128
175 128
236 126
224 121
212 113
199 107
185 101
167 93
150 85
138 83
117 72
89 46
74 27
68 23
60 31
48 35
35 25
29 11
27 9
27 15
25 27
25 27
29 19
39 15
48 23
58 33
68 41
83 42
101 46
119 54
134 68
150 78
167 87
185 91
199 97
212 105
226 115
236 125
244 126
250 126
255 128
255 132
255 134
251 132
246 126
240 123
230 121
218 117
205 111
189 101
173 93
158 85
140 78
123 68
109 62
93 54
78 46
64 39
52 33
42 29
33 23
27 19
23 15
23 15
25 15
29 17
33 19
42 23
54 29
66 37
82 46
99 58
107 58
115 52
128 54
160 68
171 87
187 97
205 103
220 105
234 115
234 126
248 134
251 134
255 132
257 130
253 132
250 132
242 128
234 123
224 115
203 109
197 105
181 99
166 89
150 80
132 74
115 64
101 58
85 52
70 42
56 35
46 29
37 25
31 21
25 17
23 13
23 13
27 15
31 19
39 23
48 27
60 31
72 39
85 44
103 52
119 60
136 68
154 78
169 87
183 95
201 103
199 109
226 115
236 123
246 126
251 130
255 130
257 132
255 134
251 132
246 128
238 125
232 125
224 130
201 117
177 87
166 70
158 72
144 80
123 76
105 60
91 44
80 37
66 41
52 42
41 33
33 21
27 11
23 13
23 19
23 21
27 17
33 15
42 19
52 29
66 37
80 42
95 48
111 52
126 62
144 76
160 82
177 89
193 95
207 103
220 111
232 119
242 125
248 128
253 130
253 130
255 132
255 132
250 132
244 126
234 121
224 119
212 113
197 107
181 97
166 87
150 82
132 74
115 64
99 56
83 48
68 41
56 35
46 29
37 25
31 21
25 17
25 17
25 19
33 25
35 31
33 23
35 13
52 11
74 25
89 44
101 54
117 60
136 64
156 76
171 89
185 101
199 105
214 109
228 115
236 121
244 126
250 130
253 128
255 128
253 128
251 130
246 130
238 125
228 119
216 113
205 109
189 103
173 95
158 85
140 76
123 68
105 60
91 52
78 46
62 39
50 31
41 25
33 21
27 19
23 17
23 13
25 15
27 17
35 21
44 25
52 29
66 35
80 41
95 48
111 56
126 64
144 72
162 82
177 91
193 97
208 105
220 113
232 119
242 125
248 130
253 132
259 138
261 146
250 134
238 113
236 103
236 111
226 119
210 119
195 103
181 89
167 83
150 83
132 83
113 70
99 54
83 42
70 39
56 37
44 33
35 23
29 15
25 13
23 15
23 17
27 17
33 19
39 19
48 25
60 33
72 39
87 44
105 52
119 60
136 68
154 78
169 85
185 93
201 99
214 107
226 115
236 121
244 123
253 130
255 132
255 134
255 132
251 132
248 130
238 126
228 121
216 115
203 107
189 101
173 93
156 85
140 76
125 68
107 62
91 54
76 46
64 39
52 33
46 35
37 33
21 19
11 3
17 0
25 3
31 15
35 21
42 21
54 23
70 31
83 44
95 54
111 62
128 66
146 72
162 82
177 93
193 99
207 105
220 111
232 115
240 121
248 126
255 130
255 132
255 132
255 130
250 130
244 128
234 125
222 117
210 111
195 105
181 97
164 89
148 80
130 72
115 64
97 56
83 48
70 41
56 35
44 29
37 23
29 17
25 17
23 15
23 15
27 15
33 19
39 21
48 25
60 31
74 37
89 46
103 54
121 62
136 70
156 78
171 87
187 97
201 103
214 115
232 128
230 121
234 107
246 107
257 123
259 136
255 136
251 128
248 121
240 121
232 126
218 125
203 113
187 99
173 89
156 85
138 80
123 70
105 58
89 48
74 41
62 37
50 33
41 29
33 21
27 15
25 15
23 17
25 17
29 15
35 17
44 23
54 31
66 37
82 42
97 48
113 56
128 66
144 76
162 82
179 89
193 97
208 105
220 113
234 121
242 125
248 126
253 130
255 132
257 132
253 132
248 128
244 126
234 125
220 117
210 113
197 107
181 99
166 91
148 82
132 76
121 74
99 66
72 44
58 25
50 15
46 21
37 23
27 19
23 13
25 9
27 15
29 21
33 25
41 25
50 27
60 31
74 39
87 46
103 52
121 60
136 68
154 76
171 85
187 95
201 103
214 109
228 115
238 121
246 126
251 130
253 130
255 130
255 132
251 132
246 128
238 125
228 121
216 115
201 107
187 101
171 93
156 83
136 76
121 68
107 60
89 52
74 44
60 37
50 31
41 25
33 21
25 17
23 15
25 15
25 17
29 19
35 21
44 25
56 29
68 37
80 42
95 48
115 58
134 76
150 87
154 78
167 70
191 76
210 99
222 119
232 123
240 119
250 119
257 128
259 140
255 144
253 136
250 126
242 121
232 123
220 121
207 113
193 101
179 91
164 85
146 82
128 74
113 60
97 52
82 46
68 42
54 35
44 27
37 21
29 19
23 17
21 17
23 17
27 17
31 19
39 21
48 27
62 33
74 39
89 46
105 52
123 62
138 70
154 78
169 83
189 93
203 103
214 111
226 117
238 121
246 125
251 130
255 132
255 134
255 134
251 130
248 128
238 126
228 123
216 117
210 119
187 109
162 87
146 68
136 60
123 60
105 56
87 52
74 41
62 33
52 31
42 31
33 29
27 21
23 15
23 13
25 15
29 19
35 21
42 21
54 25
68 33
82 42
97 50
113 58
130 64
146 72
162 80
179 91
197 103
210 109
222 115
232 119
242 125
250 128
253 132
255 132
255 130
253 128
250 128
242 128
232 123
220 117
208 111
195 105
179 97
162 89
146 80
130 72
113 64
97 56
82 46
68 41
56 35
44 29
37 25
29 21
25 17
23 17
25 17
27 17
33 21
41 25
54 37
64 42
66 33
78 25
103 35
125 56
142 76
156 83
169 83
189 85
207 101
218 119
228 126
236 125
246 121
251 125
255 134
255 136
253 132
251 126
246 123
236 123
226 121
214 117
201 107
187 97
171 89
154 83
138 78
121 68
105 60
87 48
74 42
60 37
48 31
41 25
31 19
27 17
23 17
23 15
25 15
31 17
37 21
44 25
54 29
68 35
83 42
97 48
113 58
130 66
148 74
164 83
179 91
195 97
210 105
220 113
234 119
244 125
250 130
255 132
257 134
259 136
259 142
246 136
230 119
224 105
220 101
210 105
193 105
175 95
162 83
140 74
132 72
109 70
95 62
80 48
66 37
46 31
42 27
33 23
29 19
25 15
23 11
23 13
27 17
33 21
33 23
50 27
62 31
76 39
89 46
105 54
121 60
138 68
156 78
171 87
187 95
203 103
216 109
228 115
238 119
248 125
3 130
255 132
255 132
255 132
251 130
238 130
236 125
218 119
214 113
201 107
187 101
169 93
154 83
136 74
121 66
105 60
87 52
74 44
60 39
50 31
39 27
31 21
29 21
31 29
21 23
13 5
19 0
35 1
48 23
56 37
66 37
82 37
93 42
117 60
132 76
148 83
164 83
181 87
197 97
208 109
222 119
232 121
242 121
248 123
253 126
255 132
257 134
253 132
248 128
242 125
232 123
220 119
207 111
193 103
177 95
162 87
144 80
128 72
111 62
95 54
80 46
66 41
54 35
44 29
35 21
29 17
25 17
23 17
23 17
27 17
33 19
41 23
50 29
62 33
76 39
91 46
107 54
123 60
140 70
158 80
173 89
189 97
205 103
218 111
234 123
244 132
242 128
240 117
250 115
255 121
255 130
250 130
236 126
238 119
228 117
216 115
203 113
187 105
169 95
154 83
136 76
119 68
103 60
85 50
70 39
58 33
48 29
39 27
31 23
27 17
23 15
23 15
25 19
29 21
35 21
37 25
56 31
5 37
82 42
99 50
115 58
5 64
146 72
166 83
183 95
197 101
208 107
222 113
234 119
244 126
250 130
253 130
255 130
255 132
253 132
248 130
240 126
232 123
220 117
207 111
193 103
177 95
162 89
146 82
128 72
111 64
95 56
83 52
72 52
50 37
33 13
27 0
29 3
27 15
25 23
21 17
25 9
33 11
42 23
52 37
62 42
76 41
89 42
107 50
123 64
138 74
156 80
173 83
189 89
203 101
216 113
230 119
240 123
248 125
1 126
250 130
250 136
255 136
250 132
244 126
236 123
226 121
214 115
199 107
185 97
169 89
154 82
134 74
119 66
103 58
87 50
72 42
58 35
48 29
41 25
31 21
17 19
23 15
23 15
25 15
29 17
35 19
37 23
58 31
72 41
80 46
99 52
109 60
134 72
154 85
167 95
175 93
185 87
205 89
224 103
236 117
242 125
248 125
253 125
250 128
259 138
255 140
248 136
240 126
232 119
220 117
205 113
191 105
175 93
162 82
144 76
126 70
111 64
95 54
80 44
66 37
52 31
44 29
37 25
29 19
23 15
23 13
25 15
27 19
33 19
33 21
50 25
64 33
78 41
91 48
107 54
0 60
142 70
158 80
173 87
187 95
205 103
218 113
222 119
238 123
248 126
3 130
255 125
255 134
255 125
251 132
181 128
236 125
226 121
214 115
201 109
185 101
173 97
156 97
128 76
107 50
95 35
87 39
76 46
58 42
46 29
39 15
33 13
29 21
25 27
23 21
25 15
29 11
37 19
37 29
56 33
70 35
83 37
99 44
115 58
9 72
150 80
166 83
181 91
199 99
212 109
224 119
234 121
244 123
0 126
253 130
255 125
255 132
253 130
240 130
240 126
222 121
218 115
208 111
193 103
175 95
160 85
144 78
126 72
109 62
93 52
78 44
66 39
54 33
42 27
35 21
29 19
25 17
23 17
25 15
27 17
33 19
33 23
54 31
9 44
64 52
83 46
95 41
117 46
17 64
156 80
171 89
187 91
205 97
220 109
224 123
240 130
238 130
251 126
255 128
255 134
253 136
250 132
244 126
236 121
224 117
212 115
199 107
185 97
167 87
152 80
136 76
119 70
101 60
85 50
72 41
60 37
48 31
37 25
31 21
27 17
23 15
23 15
25 17
31 19
37 21
46 25
56 29
72 37
85 44
99 52
117 58
132 66
150 74
167 83
183 95
197 99
212 107
224 113
234 119
244 126
251 130
255 132
255 132
255 132
253 132
248 132
246 138
234 134
210 113
193 87
187 80
179 87
162 91
142 83
125 66
111 54
95 50
80 50
66 48
54 41
42 27
33 19
27 19
23 19
21 17
23 13
25 11
33 15
41 23
52 29
64 33
80 39
93 46
109 54
125 64
142 74
160 82
175 89
189 95
205 103
218 111
230 117
238 121
248 125
253 128
257 132
255 134
253 132
250 130
246 128
236 125
224 121
212 113
199 105
183 99
167 91
150 83
134 74
117 66
101 58
85 48
72 42
60 37
48 33
37 25
31 19
27 19
27 21
31 29
25 25
19 13
27 3
44 9
58 23
72 37
83 42
99 46
119 54
136 68
152 82
167 91
183 95
197 97
212 105
226 115
234 125
242 125
250 125
255 126
257 132
255 134
251 132
248 128
240 125
230 121
218 117
205 111
191 103
175 93
160 85
142 76
125 68
109 58
93 54
78 44
64 37
52 31
42 27
35 23
27 19
25 15
23 17
25 17
27 17
33 19
41 21
52 29
64 35
78 41
93 48
109 56
126 66
142 74
158 82
175 91
191 97
207 105
218 113
232 121
240 125
248 128
257 138
257 142
248 126
244 111
248 109
248 121
236 128
222 123
210 109
199 99
185 97
169 99
152 93
132 78
117 62
101 54
85 50
70 46
56 37
46 25
37 19
31 17
25 15
23 15
23 15
27 17
31 17
37 21
46 27
58 33
70 39
85 42
101 50
117 60
132 68
150 76
167 82
183 93
199 103
212 111
224 115
236 119
244 125
251 130
253 134
255 134
255 134
253 130
248 128
240 126
230 123
218 117
205 109
191 101
175 95
160 87
142 78
125 68
109 60
93 52
80 48
68 46
60 44
41 33
23 15
19 1
21 1
25 9
25 17
25 15
33 13
42 17
56 29
66 41
78 46
93 48
111 54
126 64
142 74
158 82
175 89
191 95
205 101
218 109
230 117
240 123
248 126
253 130
255 132
255 134
255 134
251 132
244 128
234 125
224 119
212 113
197 105
181 97
166 89
150 82
132 72
115 64
101 56
85 48
70 42
56 33
46 29
39 25
31 23
25 19
23 15
23 15
25 15
31 21
37 23
46 27
58 31
72 39
85 46
103 54
117 60
134 68
154 80
169 87
185 97
205 115
212 119
214 107
226 97
244 107
253 126
255 138
253 134
253 126
253 123
251 130
242 136
230 130
218 117
205 103
189 97
173 95
158 91
140 78
123 64
107 54
91 50
78 46
62 41
50 29
42 21
35 21
29 21
23 19
23 15
25 15
29 17
35 21
41 25
52 29
66 33
80 39
93 46
109 56
126 64
144 72
160 80
177 89
193 97
207 105
220 113
230 117
240 123
248 126
251 130
255 132
255 132
255 132
250 130
244 128
234 125
224 119
212 113
197 107
181 99
167 91
154 87
140 89
113 70
87 46
76 31
70 27
58 29
46 29
37 21
29 15
27 13
25 17
23 21
27 23
31 21
37 21
46 23
58 31
72 41
85 46
101 50
117 56
136 68
152 78
169 87
183 93
201 99
214 109
226 117
236 123
244 125
250 128
255 130
257 132
255 134
253 132
248 128
238 123
228 119
218 117
205 111
189 103
173 93
158 85
140 78
125 70
107 62
91 52
76 42
64 37
50 33
41 27
33 21
27 17
23 15
21 15
23 13
29 17
37 21
44 27
52 31
66 35
82 42
97 52
117 70
125 72
132 60
152 58
175 72
197 97
208 113
218 115
230 111
242 115
251 128
255 142
255 142
255 134
253 126
250 126
242 130
232 126
220 117
208 103
197 99
181 97
166 93
148 83
132 72
117 62
99 54
83 48
70 44
58 37
46 29
37 23
31 19
25 17
23 17
23 17
25 15
31 17
39 21
48 27
58 31
72 35
89 44
105 54
119 62
136 70
154 78
169 87
185 95
199 101
214 109
226 115
236 121
244 125
251 128
255 130
257 134
255 134
251 132
248 130
242 128
234 128
222 128
199 111
179 91
167 78
156 74
142 74
123 70
105 58
91 46
78 41
64 39
52 39
41 33
33 23
29 17
25 17
21 19
23 19
27 17
35 15
42 21
52 27
64 35
80 41
95 46
111 54
0 64
144 74
162 83
177 91
193 97
207 103
220 113
232 121
240 125
248 126
253 128
257 132
255 134
253 134
250 130
244 126
234 123
222 119
210 113
197 105
181 97
166 89
148 82
130 74
115 64
99 56
83 48
68 41
56 35
46 29
37 25
31 21
25 17
23 17
25 17
27 17
33 23
44 35
44 31
48 17
64 13
87 29
107 54
123 70
134 70
152 70
171 80
189 97
201 111
212 117
226 117
238 117
244 123
250 130
253 134
255 132
255 128
251 126
246 126
238 126
228 121
218 115
203 107
189 101
173 95
158 89
140 80
123 68
107 58
89 50
76 44
60 37
50 29
41 25
33 21
27 19
23 17
23 15
25 13
29 17
35 21
44 27
54 31
66 35
80 41
97 50
111 58
128 66
144 72
162 80
179 89
193 99
208 107
220 111
234 119
242 125
250 128
255 132
261 142
259 146
248 132
238 119
238 109
234 111
224 117
208 113
193 101
181 91
167 87
150 85
130 78
115 66
101 56
83 46
68 41
54 37
44 29
37 21
29 17
25 15
23 15
23 15
27 15
31 17
39 21
48 27
60 33
74 39
87 44
103 50
121 60
138 70
154 78
169 85
185 93
201 101
214 111
226 117
238 123
246 126
251 128
253 130
255 132
255 134
251 132
246 126
238 123
228 121
216 117
203 109
187 101
173 93
156 85
138 78
121 70
105 58
89 50
76 44
62 39
50 33
41 29
37 29
33 33
19 19
11 0
17 0
31 5
39 23
44 31
52 29
68 27
83 37
97 52
113 68
128 74
144 72
162 76
179 87
193 101
207 109
220 111
232 111
240 117
248 125
255 132
257 134
255 132
255 130
251 128
242 128
234 125
220 119
208 111
195 103
179 97
164 91
146 82
130 70
113 62
99 54
82 46
68 41
54 33
46 27
37 23
29 19
23 15
23 15
25 15
27 17
31 19
39 23
48 27
62 33
74 39
87 46
103 54
121 62
138 70
154 80
169 87
187 95
205 105
222 121
228 126
228 119
234 111
248 113
255 121
257 130
253 132
250 126
248 123
240 123
230 125
216 123
201 113
187 101
171 89
154 83
138 78
121 70
103 58
89 46
76 41
62 37
50 33
41 27
33 21
27 17
23 15
23 17
25 17
29 19
35 19
44 23
56 29
68 37
82 42
95 48
113 56
130 66
146 76
162 83
177 89
195 97
208 103
222 113
232 121
244 125
250 128
253 130
255 132
255 132
253 132
250 130
242 126
232 123
222 117
208 111
195 105
179 97
162 87
150 82
132 76
115 68
99 62
87 60
62 41
42 15
37 5
37 11
33 25
25 23
21 13
23 5
29 11
35 25
41 33
48 33
60 31
76 35
89 46
103 56
119 64
138 68
156 72
171 83
187 95
203 105
216 111
228 115
238 119
246 125
251 130
255 134
255 132
253 128
251 130
246 130
238 126
226 121
216 113
203 107
187 101
171 95
154 83
138 76
121 68
105 58
87 52
74 44
62 37
50 31
39 25
33 21
27 17
25 15
23 15
25 15
29 19
37 23
44 27
54 31
68 37
82 44
97 52
115 62
136 74
148 82
154 80
169 76
191 82
203 97
222 113
222 121
240 121
0 121
257 128
257 138
255 140
253 134
250 128
234 126
232 123
218 117
208 111
187 103
179 93
162 87
146 80
130 72
113 64
97 54
80 46
68 41
56 35
44 29
35 21
29 17
25 17
23 17
23 15
25 15
33 17
33 21
48 27
60 33
76 39
89 46
105 52
123 62
13 70
156 82
171 87
187 95
203 103
216 111
228 117
234 121
246 125
1 130
255 125
255 134
255 134
251 132
242 128
238 126
220 121
214 115
201 109
191 109
173 105
146 80
126 54
117 44
107 50
91 56
74 48
58 33
50 21
35 21
35 29
27 29
23 21
23 11
25 9
29 15
35 25
44 27
54 27
66 27
82 35
99 50
115 62
5 68
140 74
164 80
181 91
195 103
189 109
222 113
234 115
236 123
0 130
253 132
255 132
255 132
253 130
248 128
242 126
232 123
220 117
207 109
187 103
179 97
162 89
146 80
128 70
113 60
97 54
82 50
66 41
54 33
44 27
37 23
29 21
25 17
23 15
25 15
27 17
33 21
35 27
58 39
62 41
64 31
80 27
103 39
125 58
140 72
154 80
171 83
191 91
207 103
216 115
228 123
238 125
246 125
1 126
255 132
257 136
253 134
250 126
244 123
236 123
226 121
214 115
201 107
185 97
169 91
154 83
136 76
119 66
105 58
89 52
74 44
60 37
48 29
41 25
33 21
25 19
23 15
23 15
25 15
29 17
35 21
44 25
56 29
68 35
82 41
99 50
115 58
130 68
140 76
166 83
181 93
197 101
210 107
222 113
234 119
242 125
0 128
253 132
257 132
257 136
253 134
253 142
234 136
222 117
210 95
205 91
195 97
179 101
162 93
144 76
128 64
115 60
99 62
82 58
66 44
54 29
44 23
35 23
27 23
21 19
21 11
23 9
27 13
33 19
33 25
46 27
62 31
68 37
91 46
107 56
123 64
15 72
156 78
171 85
189 95
205 105
216 113
228 117
234 121
248 126
1 130
255 132
255 132
255 132
251 130
244 128
236 125
226 121
214 115
201 107
185 99
171 91
154 85
136 76
119 68
103 58
87 50
74 44
60 37
48 31
41 27
33 23
29 23
31 27
23 21
15 9
19 3
33 5
46 17
58 29
68 37
82 39
99 44
119 58
134 72
148 82
164 85
181 89
197 97
208 107
222 115
232 119
242 123
250 125
253 126
255 130
255 134
253 132
248 128
240 125
232 123
220 117
208 111
193 105
175 95
162 87
144 80
126 70
109 60
95 52
80 48
66 41
54 35
42 27
35 23
29 21
23 17
21 15
25 13
29 17
33 19
41 23
50 29
64 33
76 41
91 48
105 54
123 62
142 72
158 82
173 89
189 97
205 105
218 113
230 121
238 125
253 138
253 140
246 123
246 111
253 115
253 126
246 134
234 126
224 111
214 103
205 107
187 111
169 101
152 85
136 70
119 64
101 60
85 54
72 42
58 31
48 25
37 21
31 21
27 21
23 15
23 13
25 13
31 17
37 25
46 27
56 31
70 35
83 42
99 52
115 60
132 68
150 76
166 82
181 91
197 101
212 107
222 113
234 117
244 123
251 128
255 132
255 134
255 130
253 130
248 130
240 126
230 123
220 115
207 109
193 103
177 95
160 85
144 78
128 72
113 66
95 56
83 52
74 52
50 39
33 21
25 5
27 5
27 11
23 15
21 13
27 9
35 13
44 23
52 35
62 41
76 41
91 44
107 52
123 62
140 72
156 80
173 85
189 91
205 101
216 111
228 117
240 121
246 123
253 128
257 134
255 136
255 134
251 130
244 128
236 125
224 121
212 113
201 105
185 99
167 91
152 83
134 74
119 66
103 58
85 48
72 41
58 35
48 31
39 25
31 19
27 17
25 17
23 17
25 17
29 17
37 21
46 25
56 31
70 39
83 44
101 52
117 60
132 68
150 78
167 87
189 105
197 109
199 97
214 91
234 103
248 125
250 134
253 132
255 126
257 126
253 132
250 138
240 134
230 123
218 111
207 107
191 105
175 99
160 85
142 72
126 66
111 60
93 56
78 48
66 37
46 31
42 27
33 23
29 21
25 17
23 15
23 13
27 17
33 19
42 25
52 29
62 33
78 41
91 46
107 56
125 64
142 72
158 80
175 89
189 97
205 103
218 111
230 117
240 123
248 126
251 128
255 130
250 134
255 132
250 130
244 126
236 123
224 119
212 113
201 109
185 103
173 99
156 93
130 76
107 56
95 42
85 39
72 37
58 35
46 27
39 19
33 17
29 19
25 23
23 21
25 17
29 15
37 19
46 27
56 33
70 37
83 41
101 48
117 58
132 68
150 76
167 85
183 91
199 101
210 107
224 115
234 119
244 125
0 128
253 130
255 132
255 132
253 130
248 128
240 126
222 123
218 115
205 107
191 99
175 93
160 87
142 80
125 70
111 62
95 54
80 46
64 41
52 33
42 27
35 23
27 19
25 15
23 15
25 17
27 17
33 19
33 23
54 29
66 37
80 46
99 60
107 60
115 50
125 48
158 62
179 87
187 103
203 105
216 103
232 111
244 126
0 138
251 136
255 130
255 126
255 130
250 132
242 130
236 123
224 115
205 109
197 105
183 101
167 93
150 82
132 72
117 64
103 60
85 52
70 44
58 35
46 29
39 25
31 21
25 17
23 15
23 15
25 15
29 17
37 21
48 27
58 31
70 37
85 44
101 52
117 60
134 68
150 76
167 83
183 93
197 101
212 107
224 115
236 121
244 125
250 130
253 130
255 132
255 134
255 134
250 132
244 132
234 130
212 117
195 97
183 85
175 83
160 85
140 80
123 66
109 56
97 50
82 50
64 46
52 37
33 25
31 19
29 19
23 19
21 17
23 13
27 13
35 17
41 23
52 29
64 35
78 39
93 46
109 56
126 66
142 74
158 80
175 87
191 95
205 103
218 111
230 119
240 123
248 125
251 128
255 130
255 132
253 130
251 130
244 126
234 125
224 119
212 113
199 107
183 97
167 89
152 82
134 74
117 64
101 56
87 48
