90000 10000000 18874 111
244 126
246 128
248 128
251 130
251 130
253 132
257 136
259 140
259 142
248 132
244 119
248 115
253 123
253 128
248 128
244 123
246 121
244 125
240 126
236 128
230 125
228 119
222 115
216 115
210 113
205 109
201 103
195 99
191 99
183 97
179 95
173 91
166 87
160 83
154 82
148 80
140 76
132 72
126 68
121 66
113 64
107 58
101 56
95 50
89 48
83 46
78 44
74 42
68 41
62 39
58 35
54 31
50 29
44 27
41 25
37 21
35 21
33 21
31 19
29 17
27 17
27 17
25 17
23 15
23 15
27 17
27 21
25 19
27 19
29 19
37 27
37 35
29 21
27 1
37 0
48 15
52 33
54 37
58 31
64 27
72 33
78 44
82 54
85 52
91 46
99 46
105 52
109 62
115 64
123 62
128 60
136 66
144 76
150 82
156 82
162 82
169 83
175 91
181 97
187 99
193 99
199 101
203 103
208 107
214 111
220 115
224 115
228 115
232 119
236 123
240 125
242 126
246 125
248 126
250 128
251 130
251 130
253 128
255 132
255 132
253 132
253 132
255 132
253 132
251 132
250 130
248 128
246 128
242 126
238 126
236 125
234 125
236 130
222 125
207 109
203 95
205 93
205 99
197 105
189 99
183 91
181 89
177 93
169 95
160 91
154 83
148 78
140 74
134 74
126 72
121 66
115 58
107 54
103 54
95 54
89 52
83 46
80 41
74 41
68 39
62 35
58 33
54 31
50 29
44 29
42 25
39 25
37 21
33 21
29 19
27 17
27 17
27 17
25 17
23 15
25 15
25 17
25 17
25 17
27 17
29 19
31 19
33 19
37 21
33 23
42 27
46 27
50 27
54 29
60 35
64 37
68 39
76 41
80 44
85 48
95 60
99 62
95 48
99 37
113 41
125 58
132 74
134 76
140 68
150 68
158 78
164 93
167 99
171 95
179 87
187 91
191 99
197 105
203 105
208 105
214 105
218 109
222 117
228 121
232 121
236 121
240 123
242 125
246 128
248 128
0 128
250 126
250 128
255 125
255 134
255 125
253 128
253 130
255 132
253 134
251 132
250 128
248 126
246 126
242 126
238 125
236 123
232 121
228 117
222 115
220 115
214 113
208 111
203 107
199 103
193 103
187 101
179 97
173 91
167 89
164 87
158 89
156 93
138 80
125 64
121 52
121 52
117 60
109 60
101 54
97 48
93 46
87 50
80 50
76 48
68 42
64 35
58 33
54 33
48 31
44 27
42 23
39 21
35 19
33 19
31 21
29 19
27 17
25 17
25 17
25 17
25 17
25 17
25 15
25 15
27 17
29 17
29 19
33 19
35 21
31 23
41 23
46 27
50 29
54 31
58 33
64 35
70 39
74 41
80 42
83 44
89 46
97 50
103 54
109 58
115 60
123 64
128 68
134 72
140 74
148 78
156 82
162 85
167 89
175 93
187 105
183 103
179 87
189 78
203 87
212 107
214 117
216 113
222 107
230 109
234 123
236 130
238 125
242 125
246 123
248 125
248 130
1 132
251 130
253 126
253 126
255 130
255 132
255 132
253 130
251 128
251 130
250 130
248 130
244 128
242 123
242 125
236 125
230 123
228 119
224 117
220 115
214 113
208 111
205 107
199 105
193 101
185 97
179 93
177 93
169 91
162 87
156 83
150 80
144 78
136 76
130 70
123 66
117 62
111 60
103 56
99 54
93 52
87 48
82 46
68 44
76 46
70 48
54 39
42 21
44 11
46 15
37 23
39 25
33 19
33 13
33 15
33 21
29 27
25 23
25 17
25 13
23 15
23 17
23 19
25 15
25 11
29 13
31 17
33 21
35 23
39 21
41 21
46 25
50 29
52 31
58 31
62 33
68 35
74 41
78 44
83 44
89 46
95 50
101 54
107 58
115 62
121 64
128 66
132 68
140 74
146 76
154 80
160 83
166 87
173 89
179 93
185 95
191 99
197 101
201 103
208 107
214 111
218 115
222 115
228 117
230 119
236 121
240 125
246 132
250 138
242 128
238 111
244 105
255 119
255 134
253 136
253 128
255 125
257 126
255 136
253 140
251 134
250 128
240 125
246 126
242 130
238 126
234 119
232 117
230 117
224 119
218 117
214 113
210 109
205 107
199 107
193 103
187 99
181 93
175 89
169 89
162 87
156 83
150 80
144 74
136 72
130 72
125 68
117 64
111 60
105 56
99 54
93 52
85 48
80 42
76 41
70 39
64 37
60 35
56 35
52 33
48 31
42 29
39 25
37 23
35 23
31 21
29 21
29 19
29 21
31 29
27 27
17 13
13 1
19 0
27 7
27 13
29 17
29 17
33 15
37 19
41 25
41 31
44 31
48 27
52 27
56 31
62 35
66 37
70 37
78 37
82 41
87 46
95 50
101 52
109 56
115 60
121 62
126 66
132 68
140 72
146 76
152 80
160 82
166 85
171 89
177 91
185 95
191 97
197 101
201 105
207 107
212 107
216 111
222 115
226 117
230 119
236 121
238 123
242 126
244 126
246 128
248 128
250 128
253 128
255 130
253 132
255 132
255 134
255 132
255 134
253 134
251 132
253 138
251 140
240 125
232 107
236 103
240 115
236 126
228 125
222 115
220 107
218 111
212 117
205 117
199 109
193 101
189 95
181 97
175 97
169 91
164 85
156 80
150 76
142 76
138 76
132 72
125 68
119 62
113 62
105 60
99 56
93 52
80 48
78 44
76 44
70 42
64 37
60 33
56 33
52 33
46 31
42 27
41 25
37 23
35 23
31 23
29 21
27 19
27 17
25 17
25 17
23 17
23 17
23 15
25 13
27 15
29 17
29 19
31 19
35 21
31 23
41 25
48 29
56 39
52 37
46 25
52 19
62 21
66 33
78 42
82 44
87 42
95 44
103 50
109 60
113 66
119 66
126 64
132 68
138 74
144 78
150 78
158 78
166 80
171 85
177 91
183 95
191 97
195 99
201 103
207 107
212 111
216 113
220 113
224 115
230 119
234 123
236 123
240 125
244 125
248 126
248 126
250 126
253 128
255 130
255 132
255 132
255 132
255 132
253 134
253 132
251 130
250 128
248 128
248 128
244 128
240 126
238 125
234 123
230 121
226 119
222 117
216 115
212 113
207 109
201 107
201 113
191 111
173 89
166 72
167 72
167 83
160 91
150 83
144 72
140 66
134 70
126 74
121 74
113 64
107 54
99 52
93 52
87 52
80 48
76 39
72 35
66 37
62 39
56 37
52 31
48 27
44 25
41 27
37 27
33 23
33 19
29 17
29 17
27 17
25 17
25 15
23 15
25 15
23 17
25 15
25 15
29 19
31 19
33 19
35 21
37 23
41 23
44 25
46 27
52 29
56 31
60 33
3 37
70 39
76 42
82 42
87 46
95 52
99 54
105 56
113 60
123 68
130 76
128 74
126 62
136 58
150 64
160 76
164 85
169 85
177 85
185 91
191 99
195 105
201 107
207 109
210 107
214 111
220 115
224 117
228 119
232 117
236 117
242 121
244 126
246 128
248 126
250 126
253 130
253 134
253 134
253 132
255 132
255 132
253 132
251 132
253 132
251 130
250 128
246 126
244 126
242 126
238 125
234 123
230 119
226 117
222 117
216 115
210 111
207 107
203 105
197 105
189 99
183 95
179 93
173 91
164 87
158 85
154 82
148 80
140 76
132 72
126 70
121 66
115 66
113 70
99 62
83 41
80 27
82 29
80 41
74 46
66 41
60 29
58 27
56 33
50 39
44 37
39 27
37 17
35 17
31 21
29 23
27 19
25 13
25 11
23 13
23 17
25 17
25 17
25 15
25 15
27 17
29 21
31 21
33 21
35 19
39 21
44 25
48 29
50 29
56 29
60 31
66 35
70 39
74 41
82 42
87 44
93 48
97 50
105 56
113 60
119 64
125 64
130 68
138 72
144 76
150 80
156 80
162 82
169 87
177 93
183 97
187 99
195 101
201 105
208 113
214 119
210 113
208 103
216 99
228 107
234 117
236 123
238 123
242 121
248 123
251 130
251 136
251 136
253 130
253 128
255 130
255 134
253 134
253 130
253 128
251 126
251 130
248 130
246 126
246 125
244 125
238 125
234 123
232 121
228 119
222 117
216 113
212 113
207 109
201 105
195 101
191 99
185 99
179 95
171 91
166 87
160 83
154 82
146 80
140 76
134 72
126 68
121 64
115 62
109 60
103 56
95 52
89 50
83 48
78 44
74 42
68 41
62 37
58 35
54 33
50 31
46 29
44 31
42 37
33 27
23 7
21 0
29 3
31 17
25 21
23 17
25 9
27 11
27 19
25 25
25 23
27 17
29 13
31 17
33 21
35 23
39 21
42 19
46 21
50 27
56 33
60 35
66 35
68 37
74 39
80 44
85 46
91 48
99 52
105 56
111 58
117 62
123 64
130 68
136 72
142 74
150 78
156 82
162 85
167 87
173 89
181 93
189 97
195 103
199 105
203 105
210 107
216 111
220 115
224 117
228 117
232 119
236 121
238 123
242 123
248 126
250 130
251 132
253 132
259 138
257 142
248 132
244 121
250 115
255 121
255 130
251 132
250 126
251 125
250 125
248 130
242 132
238 128
236 123
232 121
226 121
220 119
216 115
212 111
207 105
201 103
197 103
191 103
185 99
179 95
173 91
167 87
162 87
154 83
148 80
142 76
134 74
126 70
121 66
115 62
109 58
103 56
95 54
91 52
85 50
80 44
74 42
66 39
62 35
60 35
54 33
48 29
44 27
42 25
41 25
31 23
33 21
31 19
29 17
27 17
25 17
25 17
25 17
23 17
23 15
25 17
27 21
29 25
33 33
25 19
21 1
29 0
41 11
44 27
46 31
48 25
54 21
62 27
66 39
70 46
76 46
80 42
83 41
91 46
97 52
103 56
109 54
115 54
123 60
130 68
134 74
142 76
148 76
156 80
162 83
167 89
173 91
181 93
185 95
191 97
197 101
203 105
208 107
214 109
218 113
224 115
228 119
232 121
236 121
238 123
244 125
246 128
248 128
248 128
253 130
255 132
253 134
253 134
255 130
255 132
255 132
253 132
251 130
251 130
251 130
248 130
246 128
244 128
242 130
242 134
232 130
216 113
214 101
216 99
214 107
208 109
203 107
197 101
193 97
187 97
183 101
175 97
167 91
162 85
154 80
148 80
142 78
126 74
126 66
123 62
117 60
109 60
103 56
95 54
91 50
85 46
80 46
62 42
68 39
64 37
58 35
54 31
50 29
46 29
42 27
39 23
35 21
33 21
31 19
29 17
25 17
25 15
25 15
23 15
23 15
25 15
27 17
25 17
27 19
29 19
31 19
33 21
35 21
31 21
42 21
46 27
50 29
54 33
58 33
64 37
62 39
74 42
82 52
80 58
83 44
85 31
97 33
111 48
119 66
121 68
126 64
136 62
144 72
150 83
154 89
160 87
167 83
173 85
179 93
183 99
191 99
197 97
203 99
208 105
212 109
218 115
224 115
228 115
232 117
236 121
238 125
242 126
246 126
248 126
250 128
251 130
253 130
253 132
255 132
255 132
255 132
255 130
253 132
253 132
251 132
250 130
248 128
246 126
242 126
234 125
236 123
232 123
228 121
224 117
218 115
207 113
210 111
205 109
199 105
191 103
187 99
181 97
175 93
171 93
169 97
156 89
138 74
132 62
132 56
132 62
125 66
115 62
109 54
105 52
101 56
93 58
85 56
80 46
74 41
70 39
64 39
58 37
52 33
50 27
46 23
42 23
39 23
37 23
33 19
31 17
29 17
29 19
27 19
23 15
23 13
25 15
25 17
25 17
25 17
25 15
29 17
31 19
33 21
35 21
39 23
42 23
44 25
48 27
54 31
58 33
62 35
68 37
72 39
78 42
83 46
89 48
95 50
101 52
109 56
115 60
123 66
126 68
134 70
140 72
148 76
154 82
162 87
173 99
173 99
167 83
175 72
189 78
199 97
205 111
207 111
212 105
220 105
226 117
228 126
230 128
234 121
240 119
242 121
244 126
248 130
248 128
1 125
251 125
253 128
253 134
253 132
253 130
255 128
255 125
253 134
251 134
250 130
250 126
246 126
242 126
238 126
236 123
234 121
228 121
224 117
220 115
216 115
210 111
205 109
199 105
193 101
187 99
181 97
175 91
167 87
164 85
158 85
150 82
142 78
138 74
132 70
125 68
117 64
111 60
105 58
99 54
95 52
87 52
85 52
82 54
68 44
54 29
52 19
54 19
52 25
48 29
41 25
39 19
39 19
37 23
33 27
29 27
27 21
27 17
25 15
23 17
23 17
23 15
23 13
25 13
27 17
29 19
29 19
33 19
35 17
37 19
41 23
44 25
50 29
52 31
48 33
62 35
66 37
64 39
62 42
83 44
87 46
95 48
93 54
107 56
113 58
121 64
126 68
126 72
140 74
146 76
152 78
158 82
167 85
171 89
177 91
185 95
191 99
197 101
201 105
207 109
212 109
216 113
222 115
218 117
232 121
236 126
244 136
240 130
234 115
238 95
248 113
3 128
253 136
251 132
250 125
255 123
257 130
257 142
255 142
251 132
251 125
251 126
248 132
244 132
242 126
240 119
236 119
232 121
228 121
224 119
220 113
216 111
210 109
205 109
199 107
195 103
189 99
183 95
175 91
169 91
164 87
158 83
150 80
144 76
138 74
132 72
125 68
119 64
111 60
105 58
99 54
93 50
89 48
82 46
76 44
70 39
66 37
62 35
56 33
50 31
48 29
44 27
41 25
37 23
35 21
33 23
31 23
33 25
31 29
21 19
13 5
17 0
23 3
25 13
25 17
25 15
27 13
31 15
35 21
35 27
37 29
41 25
44 23
48 27
52 31
54 33
58 31
68 33
64 39
76 42
82 46
87 48
95 50
101 52
107 56
113 60
119 62
126 66
132 68
138 72
146 74
152 78
158 82
156 83
171 87
177 91
183 97
189 99
187 101
201 103
189 105
212 109
216 111
222 115
218 117
230 119
234 121
238 123
240 126
244 126
246 126
248 126
250 128
253 130
253 134
253 134
255 132
257 132
255 134
253 136
257 138
257 146
246 132
236 111
238 103
246 115
244 130
236 130
230 119
230 111
228 113
224 123
216 125
210 117
207 105
201 101
195 103
187 103
183 99
177 91
171 85
164 83
158 83
152 83
146 80
138 72
132 68
125 66
119 66
115 64
107 60
99 54
93 50
87 48
82 46
76 44
72 41
66 37
60 35
56 33
52 31
48 29
44 25
41 23
39 23
37 23
33 23
29 19
27 17
27 17
25 17
25 17
23 17
23 15
25 15
25 15
27 17
29 19
29 19
33 21
35 21
39 25
46 33
46 35
41 25
41 15
52 15
62 25
68 35
70 41
74 39
83 39
89 44
95 54
99 60
105 60
113 60
119 60
125 66
130 70
136 74
144 74
150 74
158 78
164 83
169 89
175 91
183 91
189 95
195 101
201 107
207 109
210 109
216 111
220 113
224 117
228 117
234 119
238 123
240 125
242 125
246 126
250 128
251 130
251 132
253 130
253 130
255 130
255 132
255 132
253 132
253 132
251 130
251 130
250 128
248 126
246 126
242 125
236 125
234 121
230 119
226 119
222 119
216 115
212 115
212 119
205 119
187 101
177 80
179 74
179 85
173 95
166 91
158 80
154 72
148 76
140 82
132 82
126 72
121 64
115 58
107 58
99 58
93 54
87 46
82 41
78 41
72 42
66 41
60 35
58 31
54 29
48 29
44 29
41 27
37 23
35 19
33 19
29 21
29 19
27 17
25 15
23 15
23 17
25 17
25 17
25 15
25 15
27 15
29 17
33 19
33 21
37 21
33 23
39 25
48 27
52 29
56 33
60 33
3 35
62 39
76 42
82 44
87 48
93 50
99 54
109 60
119 70
117 70
115 60
121 52
134 56
144 68
150 76
156 82
164 82
171 83
177 91
183 99
189 103
195 103
199 103
205 103
210 109
214 113
218 113
222 111
228 115
234 119
236 123
240 123
244 125
248 126
250 128
250 130
251 132
253 130
255 130
255 132
255 134
255 132
255 132
253 130
251 130
250 130
250 130
248 128
244 126
242 125
240 125
236 123
230 123
226 119
222 115
218 115
212 113
207 111
201 107
197 103
191 99
185 97
177 93
171 89
167 89
160 87
152 83
146 78
140 76
136 76
128 74
126 78
115 72
99 50
91 33
93 35
91 46
85 54
76 48
72 35
68 29
66 35
60 42
52 41
48 33
44 23
41 21
39 25
35 27
31 23
29 15
29 13
27 15
25 17
25 19
25 17
25 13
23 13
25 15
25 19
27 19
29 19
31 17
33 17
35 21
41 25
42 25
46 27
50 29
54 31
60 33
64 35
70 37
76 41
80 44
85 46
91 50
97 52
105 56
111 58
117 60
123 64
130 68
136 72
142 74
150 78
156 82
162 83
169 87
175 91
183 95
189 99
197 107
203 113
201 109
199 97
207 93
218 99
226 113
228 121
230 117
236 115
234 119
246 128
246 136
248 134
0 128
251 126
253 130
253 134
253 134
255 130
255 128
253 128
253 130
251 132
251 130
250 128
248 126
244 126
242 125
238 125
236 123
230 121
226 119
222 117
218 115
212 111
207 109
203 107
197 103
191 101
185 97
179 93
173 91
167 87
160 83
154 82
150 80
142 78
134 74
128 70
123 66
117 64
109 60
103 58
97 52
89 48
83 44
80 44
74 42
68 41
64 39
58 35
54 33
52 35
52 42
39 31
27 9
27 0
33 5
35 21
29 27
25 19
25 9
27 9
25 17
25 25
23 25
23 17
25 11
27 15
27 19
29 23
31 19
35 17
39 19
42 23
46 29
50 31
54 29
58 31
64 35
70 41
74 42
80 42
85 44
91 46
97 50
95 54
109 56
117 60
123 64
128 68
126 72
142 76
150 78
156 82
162 83
160 87
173 91
181 93
185 95
193 99
191 103
189 107
208 109
214 111
218 115
224 117
228 117
232 119
238 123
240 125
234 126
244 126
0 132
257 140
255 142
246 130
242 117
250 113
250 123
255 132
251 132
253 126
255 125
255 128
251 134
248 134
246 130
242 125
238 123
234 123
230 123
228 121
222 115
218 111
212 107
208 107
205 109
199 105
191 99
185 97
181 95
173 95
167 89
160 83
156 82
148 78
140 76
134 74
128 70
123 66
117 64
109 60
103 56
97 52
91 50
85 48
80 44
74 42
70 41
62 37
60 33
54 31
50 31
46 29
41 27
39 23
37 23
33 23
31 21
29 19
27 17
27 17
25 17
25 17
25 17
25 17
31 27
29 29
19 15
15 0
27 0
35 11
37 27
37 29
41 21
46 17
52 25
56 37
58 42
62 39
68 35
74 35
78 42
83 48
89 50
95 48
103 48
109 54
117 62
121 68
126 68
134 68
126 64
148 78
154 82
162 78
167 85
173 87
177 89
185 95
193 101
199 103
203 105
208 107
214 109
218 113
224 115
220 119
232 119
236 121
238 123
242 126
244 126
248 126
250 128
251 130
251 130
255 132
255 132
255 132
255 132
255 132
253 132
253 130
253 130
250 130
250 132
248 132
250 138
238 132
226 117
222 105
226 105
224 111
218 115
212 111
208 105
205 103
201 105
195 107
187 107
179 97
173 91
169 87
162 89
154 85
148 80
140 72
136 70
130 70
123 68
117 64
111 58
105 54
99 54
91 52
85 50
80 44
76 41
68 39
64 37
60 35
56 33
50 31
46 27
42 25
41 25
37 25
33 21
31 19
29 17
27 17
27 17
25 17
25 17
23 15
25 15
25 15
25 15
27 17
29 19
29 19
33 21
35 21
39 23
42 25
46 27
50 29
54 29
58 33
64 39
74 48
74 48
68 33
74 21
87 27
99 44
105 62
107 62
113 54
123 56
130 68
128 80
140 83
144 80
144 76
160 78
158 87
171 93
177 93
185 91
191 93
189 99
201 105
207 109
212 109
218 111
222 113
218 119
230 121
234 121
240 123
242 125
244 126
246 128
250 128
251 128
253 130
253 130
253 132
255 132
255 130
255 130
253 130
253 130
251 130
251 130
248 130
246 128
242 125
240 125
236 125
232 123
228 119
224 117
220 115
214 113
208 111
205 109
201 107
195 105
189 101
187 103
183 107
164 93
152 78
150 66
150 68
146 74
136 74
128 68
125 60
121 60
113 62
105 64
99 60
93 52
80 48
80 46
66 44
68 42
64 37
52 31
54 29
50 29
46 27
44 27
41 25
37 21
33 19
31 21
29 21
27 19
25 17
25 17
23 17
23 17
21 15
23 13
27 15
29 19
27 19
29 19
33 19
35 21
39 23
41 25
44 27
48 27
52 29
56 31
60 33
5 37
64 41
62 42
83 42
89 48
95 50
93 54
107 56
113 60
121 64
126 66
134 70
140 76
150 83
158 93
154 85
154 68
164 66
179 80
187 99
189 103
193 99
203 93
210 101
214 115
216 123
222 121
226 115
230 115
234 121
236 126
240 126
244 123
246 121
248 121
1 128
253 126
253 132
253 128
255 128
255 130
255 126
253 126
253 130
251 128
250 128
248 128
246 128
244 126
242 123
236 123
232 121
230 121
226 119
220 117
214 113
210 109
205 107
199 103
195 103
189 101
181 97
175 93
169 91
164 89
158 85
150 82
144 78
138 74
130 70
125 68
119 66
113 62
105 60
101 58
99 62
89 58
74 44
64 29
66 23
66 29
62 35
54 33
50 25
50 23
46 25
42 31
37 31
35 25
33 21
29 19
27 19
25 19
23 17
23 11
23 11
25 15
25 17
25 17
23 17
27 15
29 17
31 21
35 23
37 23
41 23
44 25
48 25
52 29
58 33
62 35
66 35
64 39
76 42
83 44
89 48
93 50
99 52
99 54
113 58
119 64
125 66
125 68
140 72
146 76
152 80
158 82
158 85
171 89
177 93
183 93
189 97
197 101
203 107
207 111
210 111
216 113
222 117
230 128
232 132
224 115
226 101
238 103
246 119
248 132
248 132
250 125
253 123
255 130
255 140
255 142
255 136
253 128
253 126
253 132
251 134
250 130
248 125
246 123
244 125
240 126
238 125
234 121
230 119
224 117
220 117
214 113
210 111
207 107
201 105
195 103
189 101
183 97
177 95
171 89
164 87
158 83
152 82
146 80
138 74
132 70
126 68
121 66
113 62
105 56
101 52
95 52
87 50
82 48
78 44
72 41
66 39
60 35
56 35
52 33
48 31
44 27
41 27
39 27
39 29
37 31
19 25
17 9
17 1
15 1
27 9
25 17
23 17
23 11
27 11
29 17
29 25
29 25
31 23
33 17
37 19
31 23
42 27
46 27
50 25
56 27
60 31
3 37
62 39
76 41
82 42
87 46
93 50
99 52
105 56
113 56
119 62
125 66
130 70
138 72
144 76
150 76
158 82
164 85
169 87
175 89
183 91
189 97
195 101
199 103
207 105
212 109
216 113
220 115
224 117
230 119
234 121
236 123
240 125
244 126
246 126
250 128
250 128
253 130
255 134
255 134
255 134
257 136
261 146
251 140
242 119
244 107
250 113
253 128
248 136
242 126
240 119
240 117
236 125
232 128
226 126
220 117
216 109
212 111
207 113
199 111
195 103
189 95
183 93
177 93
171 91
166 89
160 83
152 80
146 78
140 76
132 74
126 70
119 64
115 60
107 58
101 56
93 52
89 48
83 48
78 44
72 42
66 39
62 35
58 33
52 31
48 29
44 27
42 25
37 23
35 21
31 19
29 19
29 17
27 19
25 17
23 17
25 17
25 17
23 17
25 15
27 15
29 19
31 23
37 27
39 31
31 23
29 11
37 7
48 15
54 27
54 31
58 29
64 29
74 35
78 44
82 50
85 52
91 50
99 50
105 56
111 60
115 62
123 62
130 64
136 66
144 74
150 80
156 82
162 82
169 85
177 91
183 97
189 99
195 101
199 101
205 105
210 109
214 111
218 113
224 115
228 117
234 121
236 123
240 125
244 126
246 126
248 128
250 128
251 128
255 132
255 134
253 132
255 132
255 132
255 132
253 132
251 130
251 128
250 128
248 128
244 126
242 126
240 125
234 123
230 121
228 121
228 126
222 128
205 111
195 89
197 83
199 95
193 105
183 101
177 91
173 83
169 85
162 91
154 91
146 83
140 74
134 68
126 68
119 68
113 64
107 56
101 50
95 50
89 50
83 48
78 44
72 39
68 37
62 37
58 37
52 33
48 27
46 25
41 25
37 25
35 21
33 19
31 19
29 19
27 19
25 17
25 15
23 15
23 15
23 17
25 17
25 17
27 17
29 17
31 19
35 19
37 21
39 23
42 25
46 27
50 29
54 29
60 33
66 37
70 39
76 42
80 44
89 50
99 62
97 60
93 48
101 41
113 46
125 58
130 68
134 70
142 70
152 72
158 80
164 89
169 95
175 93
181 91
187 93
191 99
199 105
205 107
208 105
214 107
218 109
224 115
228 119
232 121
236 121
240 123
242 126
244 128
248 128
250 128
251 128
253 130
253 132
253 132
255 132
255 132
253 130
253 130
253 130
251 130
250 128
248 128
246 128
242 126
238 123
234 123
232 121
228 121
222 119
218 115
212 111
208 109
203 107
197 105
191 101
185 97
179 95
173 93
167 89
162 87
154 83
150 83
146 87
132 80
119 58
113 44
113 46
113 58
103 62
95 56
89 44
85 41
80 44
74 50
68 46
62 39
58 29
54 27
48 31
44 31
41 25
37 17
37 17
33 21
29 23
27 21
27 17
25 13
25 15
25 17
23 19
25 17
25 15
25 13
27 17
29 19
31 21
33 19
35 19
39 21
42 25
46 27
50 29
54 29
58 31
64 35
70 37
74 41
80 42
85 44
91 48
97 50
103 56
111 58
117 60
123 64
128 66
134 68
144 74
150 80
156 83
162 83
169 89
179 99
185 107
181 99
181 87
187 83
203 91
210 105
212 111
216 111
224 109
220 109
234 123
238 130
240 130
242 126
246 125
248 126
250 132
250 132
251 128
253 126
255 126
255 130
253 132
255 130
253 130
253 130
251 130
250 130
248 130
244 125
242 125
240 123
234 123
232 121
228 119
220 117
218 113
207 111
208 111
203 107
197 103
189 101
187 97
173 95
173 91
167 89
162 85
154 83
148 80
142 76
136 72
130 70
123 68
115 62
109 60
103 56
93 54
89 50
85 46
82 46
76 44
70 42
68 44
64 48
48 33
39 13
37 3
44 13
42 27
37 31
31 21
29 11
31 13
31 23
27 29
23 23
25 15
25 11
23 15
23 19
23 19
25 15
27 11
31 13
33 19
37 25
39 25
42 25
46 25
48 27
54 31
58 35
64 35
68 33
74 37
80 42
83 46
89 48
97 50
103 52
109 56
115 62
121 64
128 66
136 70
142 74
146 78
154 80
162 82
169 87
173 91
179 93
187 95
193 99
197 103
203 105
208 107
214 109
218 113
222 115
228 117
232 121
236 123
242 126
250 136
246 134
238 125
240 113
248 113
255 123
253 130
251 130
251 126
257 126
259 132
255 138
253 138
251 132
250 128
248 126
244 128
242 128
240 125
236 121
232 119
228 119
224 117
220 117
214 113
208 109
205 105
199 105
193 103
187 99
181 95
173 91
167 87
162 85
156 83
142 80
142 76
136 72
130 70
123 66
117 64
111 60
103 56
93 54
91 50
85 48
80 46
68 42
68 39
64 37
60 35
54 33
50 29
48 27
44 27
39 25
37 23
33 19
33 19
31 21
29 21
25 19
25 19
31 27
25 27
13 9
13 0
23 0
31 11
31 23
29 23
31 15
37 11
41 21
42 31
44 35
48 31
52 25
56 27
60 35
66 41
72 41
78 41
83 41
89 46
95 52
103 56
107 58
113 58
123 62
128 68
134 74
140 74
146 76
154 78
160 82
166 85
171 89
179 93
185 95
191 97
195 101
203 105
208 107
212 109
216 109
224 113
220 119
230 121
234 121
238 121
242 125
244 126
248 128
248 128
1 128
253 130
253 132
255 132
255 132
255 132
255 132
255 132
253 134
255 136
255 140
244 132
234 117
236 109
240 111
240 121
232 123
226 119
224 111
222 111
216 115
210 117
205 113
191 105
193 101
187 97
181 97
173 93
167 89
162 83
156 80
150 80
142 78
136 76
130 70
125 66
117 62
111 62
105 58
99 56
93 52
85 48
80 44
74 42
70 41
64 37
60 33
54 31
52 31
48 29
42 29
39 23
37 21
35 21
31 21
29 19
29 19
27 17
27 17
25 17
25 17
25 15
25 17
25 17
27 17
27 17
31 17
33 19
37 23
39 23
41 25
46 27
52 35
58 42
52 35
50 19
50 13
72 25
80 42
83 50
87 48
93 42
101 46
111 58
117 70
121 74
125 68
132 64
140 70
146 80
152 83
158 82
166 80
171 82
177 89
183 97
189 99
197 99
203 101
207 107
212 111
218 115
222 115
226 117
230 117
234 119
238 123
242 125
244 126
246 126
248 128
251 130
251 130
253 130
255 130
255 132
255 132
255 132
253 130
253 130
253 130
251 130
248 130
246 128
244 126
240 126
236 125
232 123
230 119
226 117
220 115
207 113
212 111
208 111
207 115
187 111
179 95
171 82
173 78
171 82
156 87
156 83
150 78
144 72
140 74
132 76
126 76
119 68
111 60
105 54
99 54
91 54
85 48
80 42
76 37
70 35
66 37
62 37
56 35
52 29
48 27
44 27
41 27
37 25
35 23
31 19
29 17
27 17
27 19
25 17
23 15
25 13
25 15
25 17
25 17
25 15
29 17
31 17
31 19
33 19
37 21
35 25
44 27
48 29
52 29
56 31
62 35
66 37
62 39
76 41
68 44
89 46
93 50
101 54
107 58
115 62
119 66
130 76
134 82
130 70
134 56
148 58
162 76
167 89
169 91
175 85
185 85
193 97
197 109
201 115
205 109
212 105
216 109
220 115
224 119
228 119
234 117
238 117
240 121
244 126
246 128
250 126
251 128
251 128
253 132
255 134
255 134
253 130
253 126
255 130
255 134
251 134
250 130
250 126
248 126
244 126
240 126
238 125
234 121
230 119
226 119
220 115
216 113
212 109
207 107
201 105
195 103
189 101
183 99
177 93
169 89
166 87
158 83
150 82
146 78
140 76
132 74
126 72
123 70
121 76
103 64
89 48
85 35
85 33
83 39
78 42
70 41
66 33
64 31
60 35
54 39
46 35
44 29
41 23
37 21
33 21
29 21
29 17
29 15
25 15
23 15
23 15
25 17
25 15
25 15
23 15
27 17
27 19
29 19
31 19
35 19
37 21
39 23
42 25
46 25
52 29
56 31
60 33
66 35
72 37
76 39
80 41
89 46
95 52
99 54
105 56
113 58
119 62
125 66
132 70
138 72
144 74
150 76
158 82
164 85
169 89
177 91
183 93
189 97
195 103
201 105
208 113
216 123
212 117
207 99
216 91
230 105
236 123
236 130
238 123
244 117
250 123
251 132
251 140
251 136
253 130
253 126
253 128
255 134
255 136
253 130
253 125
251 126
251 130
248 132
246 130
244 125
242 123
238 123
234 123
230 121
226 119
222 115
216 113
212 111
207 109
201 105
195 103
189 99
175 95
177 93
171 91
166 87
158 85
152 82
146 78
130 76
132 72
126 70
121 66
113 62
107 58
101 56
93 52
89 48
83 46
78 44
72 41
62 37
62 35
58 37
54 35
50 33
50 37
44 35
31 23
23 7
27 3
31 9
29 17
25 17
23 13
25 11
27 13
25 19
25 21
27 19
27 17
27 17
29 19
31 21
33 23
35 21
39 21
42 21
46 25
52 29
56 31
60 31
66 33
70 37
76 42
82 46
85 46
93 48
99 52
105 54
111 60
117 62
125 64
132 68
136 72
144 74
150 80
158 82
164 83
169 87
175 91
181 95
187 97
193 99
201 103
205 107
210 109
214 111
220 113
226 117
228 119
234 121
236 123
240 123
244 126
246 126
248 126
251 130
253 132
257 138
257 142
248 128
246 113
251 113
257 125
255 136
251 134
250 125
250 121
250 125
246 134
242 134
238 128
234 119
230 115
226 119
220 121
216 115
210 107
207 103
201 103
197 105
191 103
185 99
179 93
173 89
166 89
160 87
154 82
146 78
140 72
132 70
126 70
121 66
115 62
107 54
101 52
95 54
89 52
83 48
78 42
72 41
68 39
62 37
56 33
54 31
50 31
44 27
41 25
37 23
37 23
33 21
29 19
29 17
27 17
27 17
25 17
25 17
25 15
25 17
29 21
31 27
25 21
17 9
23 1
33 5
39 15
39 23
41 25
46 23
52 25
56 31
60 39
66 42
68 42
74 41
80 42
85 46
91 50
97 52
103 52
111 54
117 58
123 64
128 68
136 72
142 74
150 78
156 82
162 85
169 87
175 89
181 91
187 95
193 101
199 103
203 105
208 107
214 109
220 113
224 117
228 117
232 119
236 121
240 125
242 126
244 126
248 126
250 126
251 130
253 132
253 132
255 132
255 132
255 132
253 132
253 130
253 132
251 132
250 130
248 130
246 128
244 128
242 128
242 134
228 126
216 105
212 91
216 99
216 111
208 117
201 107
197 95
193 93
189 101
181 105
171 99
166 87
160 80
154 80
146 82
140 80
134 72
126 64
121 60
115 60
109 62
103 58
97 52
89 48
83 44
80 44
74 44
68 41
62 33
58 31
54 31
50 31
44 29
41 25
39 21
37 21
31 21
29 19
27 17
27 17
25 17
25 15
23 15
25 15
25 17
25 17
25 15
27 17
29 19
31 19
33 21
35 21
41 25
42 25
46 27
50 27
56 31
60 35
66 39
74 46
78 50
72 42
74 33
85 29
99 41
107 52
109 60
115 58
123 58
132 64
138 76
142 82
148 82
156 80
162 82
167 87
173 91
179 95
185 93
193 95
197 99
203 103
208 107
214 111
218 111
222 113
218 115
232 121
236 125
238 125
240 123
246 125
248 128
250 130
250 132
251 130
255 130
255 132
255 134
255 132
255 132
253 130
253 130
250 130
250 128
248 126
246 126
242 126
238 125
236 123
232 123
228 121
222 117
220 115
214 113
208 109
203 107
199 103
193 103
187 101
181 97
173 93
173 97
166 99
146 80
136 58
136 52
136 62
132 74
123 72
115 60
109 50
105 52
99 60
91 62
83 54
80 42
74 39
68 39
64 41
58 37
54 31
48 23
46 23
42 27
39 27
37 25
33 19
31 17
29 19
27 19
25 19
25 15
25 15
23 15
23 15
25 17
27 17
27 17
29 17
29 17
35 19
37 23
39 23
41 23
46 25
50 29
54 31
58 33
62 35
68 37
74 41
80 42
83 44
91 46
97 50
103 54
109 56
115 60
121 62
128 68
136 74
142 76
150 82
162 91
160 89
156 80
156 72
177 78
187 89
191 99
187 99
203 99
203 103
216 111
220 119
218 121
228 119
232 119
234 119
238 123
240 126
244 126
248 126
248 125
250 126
253 130
253 132
253 132
255 130
255 130
255 125
253 132
251 130
251 130
250 128
248 128
244 126
242 126
240 125
236 123
232 121
228 119
224 117
218 115
214 113
208 109
205 105
199 103
193 101
187 99
181 97
175 93
167 89
162 87
156 83
148 80
144 78
136 74
128 70
125 68
117 64
111 62
105 58
99 54
91 52
87 52
85 58
72 50
58 29
56 13
58 17
58 31
50 35
44 29
42 21
41 19
39 23
35 31
31 29
27 19
27 13
25 13
25 19
23 21
21 15
23 11
25 9
25 15
27 19
29 19
31 17
33 17
35 17
39 23
42 27
44 29
48 27
52 27
58 31
64 37
68 39
72 41
78 41
85 42
91 48
95 52
93 54
109 56
115 58
123 64
126 66
132 70
140 72
148 78
154 80
160 83
160 85
173 89
179 91
185 95
191 97
189 101
187 105
208 109
205 111
218 115
224 119
232 126
234 130
226 121
228 111
236 107
246 117
248 125
248 128
250 126
253 126
255 128
257 134
255 138
255 136
253 130
253 130
253 130
250 132
248 130
248 126
246 125
244 125
240 126
236 125
234 121
230 119
224 117
218 115
207 113
210 111
205 107
199 105
193 101
187 99
183 95
175 91
169 89
164 85
156 82
152 80
144 80
136 74
130 70
125 66
119 64
111 62
105 60
99 54
93 50
87 48
80 46
76 44
70 41
64 37
60 33
56 31
52 31
46 29
42 27
41 25
39 23
35 25
31 23
33 31
31 31
19 15
13 0
17 0
27 5
29 21
25 23
23 13
27 7
31 13
33 25
33 31
35 27
37 19
41 19
44 25
48 31
52 33
56 29
62 29
66 31
72 39
78 44
83 46
89 46
95 46
101 52
107 56
115 62
121 64
126 64
132 68
140 74
146 78
152 80
158 82
158 83
171 87
177 91
185 95
191 99
189 101
201 105
191 107
212 109
216 111
222 113
226 117
232 121
236 123
238 125
240 125
244 125
248 128
250 130
251 130
251 130
253 130
257 132
255 134
257 138
261 144
253 138
244 125
242 115
248 115
250 125
248 128
242 126
240 121
238 119
236 123
230 126
224 123
220 117
216 113
210 111
205 109
199 107
195 101
189 97
181 93
175 91
169 89
166 85
158 83
152 82
142 78
138 74
132 72
125 68
119 64
111 60
105 58
99 54
91 52
85 46
82 44
78 44
70 42
64 39
60 35
56 33
52 31
46 29
44 27
41 25
37 21
35 21
31 19
29 19
27 19
27 17
25 15
25 15
25 15
25 17
25 17
25 15
27 17
27 17
29 19
33 21
37 27
44 37
39 31
33 13
39 3
50 11
60 31
62 41
64 37
70 31
80 33
85 44
89 56
93 58
99 54
107 52
113 56
119 64
125 70
130 70
138 68
144 62
150 76
158 83
158 87
171 89
177 89
183 93
189 99
187 103
201 105
207 107
210 107
214 111
220 113
226 117
230 119
234 121
238 121
240 123
244 126
246 128
248 128
250 128
251 130
253 132
253 130
255 130
255 132
255 132
253 132
253 132
251 130
251 130
250 130
246 128
244 126
240 125
238 125
234 123
230 123
228 121
226 125
220 125
205 111
195 95
195 87
197 91
191 99
181 97
173 87
171 83
169 85
162 91
152 89
146 82
140 74
132 70
125 68
119 68
113 62
105 56
99 50
93 48
87 50
82 48
76 44
72 39
66 37
62 35
56 35
52 31
48 29
44 27
39 23
37 23
35 23
33 21
29 19
27 17
27 17
25 17
25 17
23 17
23 15
23 13
25 13
27 17
27 19
29 19
33 19
35 21
37 23
41 23
44 25
48 27
52 29
54 31
60 33
64 35
64 39
62 42
82 44
87 46
93 52
97 64
109 70
105 58
107 42
121 42
132 58
140 76
142 80
148 76
158 72
166 82
173 93
177 103
181 99
189 93
195 95
199 101
205 107
208 109
216 109
220 109
224 113
228 119
234 123
238 123
240 123
244 125
246 128
248 128
250 130
251 130
253 128
253 130
255 130
255 132
255 132
253 130
253 130
253 130
251 130
250 130
246 126
244 125
242 125
238 125
234 123
230 121
226 117
222 117
216 115
210 111
207 109
203 107
195 103
189 99
185 97
179 95
171 93
166 87
160 83
154 82
150 83
146 87
132 80
117 62
111 48
111 44
107 50
101 54
93 52
87 46
83 42
80 44
74 48
68 46
60 41
56 33
52 29
48 29
44 29
39 25
37 19
35 17
31 17
29 19
27 19
27 17
27 15
23 15
23 17
23 15
25 15
27 17
27 17
27 17
29 19
31 19
35 21
37 21
39 21
44 23
46 25
52 27
56 29
60 33
64 35
70 37
76 41
80 42
87 44
93 48
99 52
105 56
111 58
119 62
125 64
130 68
138 72
144 76
150 78
156 78
164 83
171 89
177 95
183 97
193 107
195 107
189 93
195 83
208 91
220 109
220 121
222 119
228 111
234 113
240 125
242 132
242 134
246 126
248 123
250 125
251 130
251 134
253 132
255 126
253 126
255 130
255 134
255 134
253 130
251 128
250 128
248 130
244 130
242 126
238 123
234 119
230 121
226 121
220 117
216 113
212 111
207 109
201 107
197 105
191 101
185 97
177 93
171 89
166 87
162 85
154 83
146 78
138 74
136 72
128 70
121 68
113 62
107 58
101 56
97 54
89 50
83 48
80 44
74 42
68 41
68 42
62 44
46 33
39 17
39 9
41 13
41 21
35 23
31 19
29 15
31 15
29 21
27 25
25 23
25 17
23 13
23 13
23 15
25 15
27 15
29 15
31 15
33 19
37 21
41 25
42 25
46 25
50 27
54 29
60 33
66 35
70 39
76 41
80 44
85 46
91 48
97 52
105 54
111 58
117 60
123 64
130 68
136 72
142 74
148 78
156 80
164 83
169 87
173 91
181 93
187 95
193 99
199 101
205 105
210 109
214 113
218 115
224 117
228 117
232 121
238 123
240 126
244 126
248 132
251 142
242 128
240 111
248 109
257 123
257 136
253 136
253 128
255 123
257 128
255 140
251 142
248 134
248 126
244 121
242 126
238 128
234 125
230 119
226 113
222 111
218 115
212 115
208 111
203 105
197 103
193 101
185 101
179 97
173 91
167 87
160 83
154 82
146 80
140 76
134 72
126 66
121 64
117 64
109 60
101 56
95 50
91 50
85 50
78 46
74 42
68 39
64 37
58 35
54 33
48 29
46 25
42 25
39 23
35 21
33 21
31 19
29 19
27 17
27 19
29 23
31 29
23 23
13 9
15 0
23 3
29 11
29 19
29 17
33 15
39 17
41 23
42 31
46 33
50 31
54 29
58 31
62 35
68 39
74 41
80 41
85 42
91 46
97 52
103 54
109 58
117 60
123 64
128 68
134 72
142 74
148 78
154 80
162 83
167 85
173 89
181 91
187 95
191 99
197 101
205 105
208 109
214 111
218 113
224 115
220 117
232 119
234 121
238 123
242 123
246 126
248 128
0 128
251 130
253 130
255 125
255 132
255 130
255 132
253 130
253 130
253 130
253 134
251 134
253 140
244 134
232 115
230 101
234 105
234 117
228 125
220 117
218 107
216 107
210 111
205 115
199 113
191 103
185 95
181 91
173 93
166 91
160 85
154 78
148 74
142 74
134 74
128 70
123 66
117 62
109 58
103 56
97 54
91 50
85 48
80 44
74 41
68 39
64 37
60 35
54 31
50 29
46 27
42 25
39 23
35 21
35 21
31 21
29 19
27 17
25 15
27 17
25 17
23 17
23 17
25 15
27 17
27 19
29 19
31 19
33 19
35 19
39 21
42 23
48 31
54 37
58 42
52 33
52 23
60 21
74 29
80 39
83 46
89 44
97 44
105 50
111 60
117 66
121 68
128 66
134 68
140 72
148 80
154 82
160 80
166 82
173 87
179 91
185 97
191 99
197 101
203 103
208 107
212 111
218 113
222 115
226 117
230 117
234 119
240 123
242 126
244 126
246 126
250 128
251 130
251 132
253 130
255 130
255 130
255 132
253 132
253 132
253 130
251 130
250 130
248 128
246 126
244 126
240 125
234 121
232 121
230 121
226 119
218 115
214 113
210 111
205 109
199 107
197 109
193 113
175 99
162 76
162 66
164 74
160 85
150 87
140 76
136 64
132 64
126 70
117 72
111 66
105 56
97 48
91 48
83 50
78 46
74 41
68 33
64 31
58 31
56 33
50 31
48 27
42 23
39 23
37 25
35 25
31 21
29 17
25 15
25 15
25 17
23 17
23 17
25 15
25 17
25 17
27 17
29 19
31 21
31 21
35 21
31 23
42 25
44 27
48 27
52 29
58 31
0 35
68 37
64 41
62 42
83 44
89 48
95 50
103 54
109 60
115 62
123 66
9 76
136 82
132 72
132 62
150 62
162 74
167 85
169 89
177 87
187 89
193 97
199 107
203 111
207 111
212 109
218 111
220 113
224 117
230 119
234 119
238 119
242 123
244 126
248 128
250 130
251 130
251 130
253 132
255 132
255 132
255 132
255 130
255 130
253 132
251 132
250 128
248 128
246 126
242 125
240 125
238 125
234 123
228 121
224 117
220 115
216 115
210 111
205 109
199 105
193 101
187 99
181 97
175 93
169 89
164 85
158 82
150 78
144 78
138 76
132 72
125 70
117 64
113 64
111 70
101 68
82 46
76 27
78 25
78 37
72 46
64 41
58 29
58 23
54 27
48 35
42 37
39 29
37 19
33 15
29 19
29 23
27 21
25 13
25 11
25 13
25 17
25 19
25 17
25 15
27 15
29 19
29 21
31 21
35 19
31 19
41 21
42 25
48 27
52 29
58 31
62 33
66 37
64 41
78 42
83 44
89 46
95 48
93 52
107 56
113 58
121 60
3 66
126 70
138 74
146 76
152 78
160 82
166 85
171 89
177 91
185 95
191 99
197 103
203 105
210 111
216 117
216 117
212 107
218 101
230 105
236 117
238 123
238 125
236 123
248 123
1 130
251 134
251 136
253 132
255 128
255 130
253 132
253 132
253 130
253 128
251 126
250 128
248 130
246 128
244 125
240 123
238 123
232 123
228 121
224 117
220 115
214 113
210 111
205 109
201 105
195 101
189 97
181 93
175 91
171 91
164 87
156 83
150 80
144 78
138 76
132 72
125 68
119 62
111 60
105 56
101 54
93 52
87 48
82 46
76 42
70 39
66 39
62 37
56 35
50 31
48 29
44 29
42 31
42 37
31 27
21 7
19 0
27 1
31 17
27 23
23 17
23 7
25 9
23 19
27 27
27 27
27 17
29 11
33 15
35 23
35 27
39 23
42 19
48 21
52 27
56 33
60 35
66 35
72 35
78 39
83 46
89 50
93 52
99 52
107 54
113 60
121 64
125 68
132 68
138 70
144 74
152 78
160 83
166 87
171 87
177 91
185 95
189 97
195 101
201 105
207 107
210 111
216 111
222 115
226 119
230 121
234 121
238 123
242 125
244 126
246 128
248 128
251 130
255 134
259 142
257 142
248 130
246 119
250 115
255 123
253 130
251 132
250 126
250 125
248 126
246 130
242 132
234 128
224 121
230 119
226 119
220 119
214 113
210 107
207 105
199 103
195 103
189 101
183 97
177 93
171 89
166 87
158 83
152 82
144 76
138 72
132 70
126 68
119 66
113 62
105 56
101 54
95 52
80 50
82 46
68 42
72 39
68 39
62 39
56 35
52 29
48 27
44 27
41 25
37 23
35 21
33 19
29 17
29 19
27 17
25 17
23 17
23 13
25 15
25 17
27 19
27 19
29 23
35 31
17 19
21 1
31 0
42 13
48 29
46 35
48 27
56 21
64 29
68 42
72 50
74 46
82 41
87 41
93 48
97 54
103 58
111 56
119 56
125 62
130 68
138 74
146 76
152 78
158 80
164 85
169 89
177 93
183 95
189 95
195 99
199 103
205 107
208 107
216 107
220 113
226 119
228 121
232 121
238 123
242 125
244 126
246 128
248 128
251 128
251 128
251 130
253 132
255 132
255 132
255 132
253 130
253 132
251 132
251 130
250 128
248 126
246 128
242 128
240 130
242 132
230 128
216 115
210 101
212 99
214 103
207 107
199 105
195 97
191 95
187 97
179 99
171 97
166 91
160 82
154 80
146 80
136 76
130 70
126 66
121 62
113 60
107 60
101 56
95 52
89 48
82 44
78 44
72 42
66 39
60 35
56 33
52 31
48 29
44 27
41 25
39 23
31 23
33 21
29 19
29 17
27 17
25 15
25 15
25 17
25 17
25 15
25 15
25 15
27 17
29 17
31 19
35 21
37 23
41 25
44 27
46 27
52 29
56 31
60 35
66 37
70 39
76 42
85 54
87 56
82 41
85 27
103 35
115 54
119 68
121 68
128 62
138 62
146 74
152 85
156 89
164 87
169 83
175 87
181 95
187 101
193 101
199 99
205 99
208 105
214 111
220 115
224 117
228 115
232 117
236 123
240 125
244 126
246 126
248 128
250 128
251 128
253 130
253 132
255 132
255 130
255 130
255 132
253 132
251 132
251 130
250 128
248 128
244 128
240 125
238 121
236 121
232 121
226 121
220 117
218 115
214 111
208 111
201 107
197 105
189 99
185 95
179 93
175 93
169 95
167 99
150 85
136 68
132 58
132 60
128 66
121 66
113 60
109 54
103 52
97 54
91 54
85 52
80 46
72 41
66 37
62 37
56 35
52 31
48 27
44 23
42 23
39 23
35 21
31 17
31 17
29 17
27 19
25 19
25 17
23 15
23 15
25 15
25 15
27 15
27 17
29 17
31 17
33 19
37 23
39 25
42 25
46 25
50 27
56 31
60 33
64 35
70 37
74 41
80 42
85 46
91 48
99 52
103 54
111 58
117 62
125 66
130 68
136 72
142 74
150 78
158 83
164 87
173 97
173 95
171 82
179 74
193 83
201 101
205 111
208 109
214 103
220 107
226 117
230 126
232 126
236 121
238 117
242 121
246 128
248 130
250 126
251 126
253 126
253 132
255 134
255 132
255 130
255 130
253 130
251 132
251 132
250 130
246 128
244 126
242 125
238 126
236 123
230 121
226 117
222 117
218 115
210 111
208 109
205 107
197 105
191 103
185 99
179 95
173 91
167 87
160 85
154 82
148 78
142 76
134 72
126 68
123 66
115 64
109 60
103 56
97 54
91 54
85 52
83 54
78 52
62 39
52 23
52 17
54 19
52 27
44 29
41 23
39 17
39 19
35 25
31 27
27 23
25 17
27 15
25 17
23 19
21 17
23 13
25 11
25 13
25 17
27 17
31 17
33 19
35 19
39 21
42 25
46 29
50 29
54 29
58 29
64 35
70 39
74 41
78 41
85 42
91 48
97 52
103 54
109 56
117 60
125 64
128 68
134 72
142 74
150 78
156 82
160 83
167 85
175 91
181 93
187 97
191 99
199 103
205 107
208 109
214 111
218 115
224 117
228 119
232 121
236 126
244 136
236 125
234 107
242 105
251 119
255 134
251 136
251 126
255 123
259 128
257 138
255 142
253 136
251 128
251 126
250 130
246 132
244 128
242 123
238 119
236 119
232 121
228 121
224 117
218 113
212 109
208 109
205 109
197 105
191 99
187 95
181 95
175 95
166 91
162 85
156 80
150 80
142 78
134 74
130 68
123 64
117 60
109 58
103 56
97 54
91 50
85 46
78 44
74 41
70 41
64 39
58 35
54 31
52 29
48 31
41 27
39 25
37 23
35 21
33 23
31 23
35 29
27 25
15 11
13 0
21 0
25 7
27 17
23 17
25 13
29 13
33 17
33 23
35 27
39 27
42 25
44 25
48 27
52 31
58 33
62 33
68 33
72 35
80 42
85 46
89 48
97 48
103 52
109 56
115 62
121 64
128 66
134 68
142 72
148 76
154 78
160 82
167 85
173 89
179 93
185 95
193 99
197 101
203 105
207 107
212 109
218 113
222 115
218 117
230 119
236 121
240 123
242 126
244 126
248 128
250 130
251 130
251 132
253 130
255 132
255 134
255 132
255 132
255 134
259 142
251 140
240 121
238 105
244 109
246 123
240 130
234 126
232 115
230 111
226 117
220 123
214 121
208 113
205 103
197 101
191 103
185 103
181 97
173 87
167 82
162 83
156 85
148 83
142 76
136 72
130 70
123 70
117 66
111 60
105 56
97 52
91 50
85 48
80 44
74 41
68 37
64 37
60 35
56 35
50 31
46 27
42 25
41 25
37 23
33 21
29 19
29 17
29 17
27 19
25 17
23 15
25 15
25 15
23 17
25 17
27 17
29 19
31 19
31 19
37 21
42 29
48 37
42 31
37 17
44 13
56 17
64 29
66 37
72 39
78 39
85 41
91 48
97 56
103 60
107 60
115 58
121 60
126 68
132 72
140 74
146 72
152 76
160 80
167 85
171 89
177 89
187 93
193 99
189 105
201 107
208 107
212 109
216 113
220 115
218 117
230 119
234 119
238 121
242 123
244 126
248 128
250 128
250 128
251 128
253 132
253 132
253 130
255 130
255 130
255 132
253 132
251 132
250 130
250 130
246 128
242 126
240 126
236 125
232 121
228 121
224 119
220 117
216 115
212 115
210 121
197 113
181 89
177 74
181 80
179 93
169 97
162 87
156 76
152 72
146 80
138 83
128 80
123 66
117 58
111 56
105 60
97 58
91 50
85 42
80 39
76 41
70 42
66 39
60 35
54 31
50 29
46 27
44 29
41 27
37 21
33 19
31 19
29 19
27 19
25 15
25 15
23 13
25 15
23 15
23 15
27 15
27 17
29 19
29 19
31 19
35 19
31 21
41 25
44 27
48 29
52 29
56 33
62 33
68 37
64 41
62 42
82 44
89 46
95 52
95 56
111 64
111 70
115 64
115 54
126 52
138 60
148 74
152 82
158 82
166 82
173 85
181 93
185 103
191 105
195 101
203 101
208 107
210 111
214 113
220 111
224 111
230 115
234 121
238 125
242 125
244 125
248 126
248 128
251 130
253 132
253 132
253 130
253 130
253 130
255 132
255 125
253 132
251 132
251 130
250 130
238 128
244 126
240 126
236 125
232 121
230 119
226 117
220 115
214 113
210 109
207 107
201 107
195 103
187 99
183 95
175 95
169 91
166 87
158 83
150 82
144 78
138 76
132 72
130 76
123 78
105 62
93 41
93 31
95 41
89 52
82 50
72 39
72 31
68 35
62 41
56 44
52 37
48 27
44 23
41 25
35 25
33 23
31 17
29 13
27 13
27 17
25 19
25 17
23 15
23 13
25 15
25 17
25 17
29 17
29 17
33 19
35 23
37 23
41 23
44 25
48 25
46 29
56 33
62 35
66 37
64 39
76 41
68 44
89 48
93 50
99 52
107 54
113 58
119 62
126 66
132 70
138 72
146 76
152 78
158 82
166 87
171 91
177 93
185 95
191 101
203 111
203 113
197 103
201 93
212 93
222 105
226 117
228 119
234 115
240 117
244 123
246 132
246 134
248 132
1 130
251 128
251 130
253 132
255 132
255 130
253 128
253 128
253 130
251 132
250 130
248 126
248 126
244 128
242 128
236 125
232 121
230 119
224 117
222 117
216 113
212 111
207 107
201 105
195 101
189 99
183 97
177 93
169 87
166 85
160 85
152 83
144 80
138 74
132 70
126 68
119 66
113 62
105 56
101 52
95 52
80 50
82 46
78 42
72 39
68 39
62 37
48 37
52 35
52 37
48 31
33 23
25 0
29 0
35 11
33 25
27 23
25 15
25 9
27 13
27 23
25 27
23 21
23 13
25 9
27 15
29 21
31 23
33 17
37 15
41 19
44 25
46 29
52 29
58 29
62 33
66 37
70 41
76 42
82 44
87 46
93 50
99 54
107 56
113 58
119 60
125 62
132 68
138 72
144 76
150 78
158 80
164 85
169 87
175 91
183 93
189 97
195 101
199 103
205 107
212 109
216 111
220 113
224 115
230 119
234 121
238 123
240 125
236 125
248 128
1 134
257 140
250 134
244 123
246 115
253 119
257 126
255 132
253 130
253 126
253 126
253 130
250 134
248 134
244 128
240 123
236 121
234 123
230 123
226 117
220 111
216 109
212 109
207 111
193 107
195 103
189 99
177 97
177 95
171 93
158 87
158 83
144 82
144 78
140 76
132 72
126 68
119 64
113 60
107 58
101 56
95 54
89 50
83 48
78 44
72 42
68 39
62 37
58 33
52 31
48 29
44 27
41 25
39 25
35 23
33 21
31 19
29 19
25 17
25 17
27 17
25 19
25 19
25 19
31 27
27 23
17 9
17 0
29 0
37 15
39 27
39 25
41 19
48 19
54 27
58 39
60 42
62 37
70 33
76 39
80 44
85 50
91 48
99 48
105 50
111 56
117 62
125 66
130 66
138 70
142 74
150 80
156 83
162 85
169 85
175 89
183 95
187 99
193 101
199 101
205 103
210 109
214 111
218 115
224 115
228 117
232 119
236 121
240 125
244 126
246 126
248 126
250 128
251 130
253 130
255 132
255 132
255 132
255 125
255 125
253 132
251 130
251 132
251 132
248 132
248 134
248 136
236 128
224 115
222 105
226 105
224 111
216 113
210 109
207 95
205 103
199 105
191 105
185 103
179 97
173 91
166 89
158 85
152 83
146 78
140 74
132 70
126 68
121 64
115 62
109 58
101 56
95 52
89 50
83 48
78 44
72 41
68 37
64 37
58 35
52 31
48 29
44 27
41 27
37 23
35 21
33 19
31 19
29 19
25 17
27 17
25 15
23 15
23 15
23 13
25 13
27 17
27 19
29 19
31 19
35 21
37 21
39 23
42 25
46 27
50 29
54 31
60 33
68 41
76 52
72 46
68 29
76 21
91 31
103 52
105 64
109 60
117 54
126 58
132 70
138 82
142 83
148 78
154 76
162 80
167 87
173 93
179 93
185 91
191 91
199 99
205 107
210 111
214 109
220 109
226 115
230 121
232 123
236 123
240 123
242 123
246 126
248 128
0 128
251 128
253 128
253 130
255 130
255 132
255 132
255 132
253 132
253 132
251 132
250 130
177 128
246 126
242 126
238 125
234 123
230 119
228 117
224 117
218 115
212 111
207 107
205 107
199 107
191 105
187 101
185 103
177 103
162 89
148 72
148 64
148 68
144 74
132 72
126 66
123 62
117 60
109 62
103 60
97 58
91 52
83 46
78 42
74 42
68 39
62 35
58 31
52 29
50 29
46 29
41 27
39 23
37 21
33 21
29 17
29 17
29 19
25 19
23 17
23 15
25 15
25 17
25 17
25 17
25 17
29 17
31 19
33 19
35 19
39 21
42 23
46 25
50 27
56 33
60 35
64 37
70 37
74 41
80 44
85 46
91 48
95 50
103 54
111 56
117 62
123 66
128 68
136 72
142 74
152 83
160 95
156 87
156 70
167 66
181 80
189 99
193 107
197 101
203 95
210 101
216 115
220 125
222 123
226 115
232 113
236 119
240 126
240 130
244 125
248 121
250 125
251 130
253 134
253 132
255 128
255 128
255 132
253 134
253 132
253 130
251 130
248 128
248 128
246 128
242 126
240 123
234 123
232 121
228 121
224 117
218 115
207 111
208 111
203 107
197 103
187 99
187 99
173 93
173 93
158 89
162 85
156 83
148 80
142 76
136 74
130 70
123 66
117 64
109 60
105 58
99 58
97 60
87 56
72 42
62 29
64 25
64 29
60 35
54 33
48 27
48 23
44 23
41 29
37 29
33 25
29 19
29 17
27 17
25 19
23 17
23 13
25 11
25 13
25 17
23 17
27 17
29 17
31 17
31 19
35 23
39 25
41 25
44 25
48 27
54 31
58 33
62 35
68 37
74 39
78 41
83 44
89 48
97 50
103 54
109 58
115 60
121 64
128 68
134 72
140 74
146 76
154 78
162 83
167 87
173 89
179 91
187 95
193 99
197 103
203 105
207 107
214 109
220 115
224 119
232 126
234 132
226 119
228 103
236 103
248 119
250 132
248 132
0 125
253 121
257 128
255 138
253 140
255 136
255 128
255 126
253 130
251 132
250 130
248 126
246 123
242 125
240 126
236 125
232 121
228 117
224 115
220 115
214 115
208 111
205 107
199 103
193 101
187 99
181 95
175 91
169 87
162 85
156 82
150 80
142 76
136 72
128 68
123 66
117 64
111 60
103 56
99 54
91 52
85 48
80 46
74 42
70 39
64 37
60 37
54 33
50 29
44 25
44 27
41 27
37 27
35 25
39 31
31 27
17 13
15 1
21 0
27 7
23 15
21 13
25 11
29 11
31 17
29 23
29 25
33 23
37 21
39 21
41 23
44 27
48 27
52 27
56 27
60 31
68 37
74 41
78 42
83 44
89 44
97 50
103 56
107 58
115 60
121 62
126 66
132 70
138 72
148 76
154 80
158 82
158 85
173 89
179 93
185 95
189 99
189 101
203 105
207 109
205 111
216 111
222 115
218 117
230 119
234 121
238 123
242 125
246 126
248 128
248 130
251 130
251 130
255 130
255 134
255 136
255 136
261 142
255 142
236 125
242 109
248 111
0 125
248 132
242 126
240 119
238 117
236 121
230 126
224 126
218 117
214 109
210 107
205 109
197 107
193 101
187 95
181 91
175 91
169 91
164 87
156 83
150 80
142 76
136 74
130 72
125 68
119 64
111 60
105 56
99 52
91 50
87 48
82 44
76 41
70 39
66 37
62 37
54 33
50 31
46 27
44 27
41 27
37 23
35 21
31 19
29 19
27 17
27 17
25 17
23 15
23 13
23 13
25 17
27 19
27 17
29 19
31 21
37 25
41 33
35 29
31 15
37 7
46 11
54 23
56 31
60 33
3 31
66 33
64 33
85 50
89 56
95 54
101 52
107 54
113 62
111 62
0 66
130 66
130 66
146 64
152 80
158 83
158 83
171 85
179 89
183 95
189 99
187 101
201 103
207 107
212 109
216 113
222 115
226 117
228 117
234 119
240 123
242 126
244 126
246 126
250 128
251 130
251 132
253 130
253 130
255 130
255 132
255 132
255 132
253 132
251 130
251 130
248 130
246 128
244 128
240 126
236 123
232 121
230 121
226 119
222 119
220 123
208 117
195 95
191 83
193 87
191 99
183 103
175 95
169 83
166 80
160 85
152 89
144 85
136 74
132 64
125 64
117 66
109 62
105 56
99 50
93 48
85 48
82 46
68 44
72 41
62 37
60 35
56 33
52 33
48 29
42 25
41 23
37 21
35 21
31 19
29 17
27 15
27 15
25 17
25 17
23 17
25 17
25 17
25 17
25 19
27 17
29 17
31 19
33 19
37 21
41 25
44 27
48 27
52 29
56 31
62 35
66 37
72 39
78 42
83 46
89 50
97 58
105 64
103 60
101 50
111 44
125 52
134 64
138 72
144 74
152 74
160 78
167 87
171 95
171 95
175 93
191 97
187 103
199 107
189 107
210 107
216 109
220 111
224 115
230 119
234 119
238 121
240 123
244 125
248 126
250 128
251 130
251 128
253 130
255 130
255 132
255 132
253 132
253 130
253 130
251 130
250 130
250 128
248 128
244 126
240 125
238 123
234 123
228 119
224 117
220 115
216 115
210 111
207 109
201 105
197 103
191 99
183 97
177 93
171 91
166 87
158 85
152 83
146 80
140 80
138 85
123 74
107 52
103 37
107 42
103 56
93 60
85 50
82 39
78 37
74 42
68 46
62 44
56 35
52 27
46 25
44 29
41 29
37 25
33 17
31 15
29 17
29 21
25 19
25 15
25 13
23 13
23 15
23 17
27 17
27 17
27 17
29 17
33 19
35 21
37 23
39 23
42 25
48 25
52 29
56 31
60 33
66 35
70 37
76 41
82 44
87 48
93 50
99 52
107 56
113 60
119 62
125 66
130 70
138 72
144 74
152 80
158 83
164 87
171 89
177 93
189 103
193 107
187 99
189 87
201 87
210 97
216 111
218 115
224 113
230 113
236 119
238 126
240 130
244 130
246 126
248 126
0 128
251 130
253 130
253 130
253 128
255 128
253 130
255 134
253 134
251 130
251 130
250 130
246 130
244 128
242 126
238 125
234 123
230 121
226 119
222 115
216 115
212 111
207 107
201 105
195 103
189 99
185 97
179 95
171 93
166 89
160 85
152 82
146 78
140 76
132 72
126 68
121 64
115 62
107 58
101 56
95 52
89 48
83 46
80 46
64 42
68 41
62 37
64 41
58 44
42 31
33 9
31 1
31 11
39 23
33 27
29 19
27 9
29 11
29 19
25 27
23 23
21 13
25 9
25 15
25 21
25 21
27 15
31 13
33 15
35 21
39 25
44 27
48 25
50 25
54 29
60 35
66 39
70 39
76 39
80 41
87 46
91 50
99 54
105 54
111 56
117 60
125 64
130 70
136 72
144 74
150 78
156 82
162 85
169 87
175 91
181 93
187 97
193 99
201 103
205 107
210 111
214 111
220 115
226 117
228 119
234 121
236 123
242 126
246 128
251 136
250 136
242 126
242 115
250 113
255 121
255 130
253 130
253 126
257 126
257 132
253 136
251 136
250 132
248 128
244 126
242 126
238 126
232 123
230 117
226 115
220 113
216 113
212 111
208 109
203 105
197 103
191 99
185 99
179 97
171 93
166 87
160 83
154 82
146 80
140 76
132 72
126 68
121 64
115 62
109 58
103 56
95 54
89 50
83 46
78 44
74 42
68 39
62 37
58 33
52 31
50 29
46 27
41 25
39 23
37 23
33 23
31 21
19 19
27 17
27 19
25 19
23 19
29 27
27 29
17 15
5 0
21 0
31 7
33 23
33 25
31 17
33 15
46 23
48 35
50 39
54 35
60 29
64 31
68 37
72 42
80 44
85 42
91 42
97 48
103 54
111 60
117 60
123 62
130 64
138 72
144 78
150 80
156 80
164 83
169 87
175 91
181 95
187 95
193 97
199 101
205 105
208 107
214 111
218 113
224 115
228 117
232 119
238 123
240 125
242 126
244 126
248 126
251 130
251 132
253 132
255 132
255 132
255 132
255 132
255 132
255 132
253 132
251 132
251 132
255 140
244 134
232 119
228 107
234 107
234 115
226 121
220 117
218 109
214 107
210 109
205 113
197 111
191 103
185 97
179 93
171 93
166 91
160 85
154 80
146 76
140 72
134 72
128 70
123 66
115 62
109 58
103 56
97 56
89 52
83 48
80 44
74 41
68 39
62 37
58 35
52 29
50 27
46 27
42 25
39 25
35 21
33 19
31 19
29 19
27 19
25 17
25 15
25 15
25 15
23 17
25 15
25 15
27 17
29 17
31 19
33 19
37 21
39 23
42 23
48 27
50 31
54 35
64 42
64 44
60 31
64 19
76 23
87 39
93 52
95 54
101 48
111 50
119 60
125 72
128 78
134 74
140 72
148 74
154 82
160 87
166 87
173 85
179 87
187 93
191 99
197 103
205 105
210 107
214 111
218 113
222 115
228 119
232 121
236 121
238 123
242 125
246 126
248 128
250 128
251 128
251 130
253 130
253 130
255 132
255 132
255 132
253 132
253 130
251 130
250 130
248 128
244 128
242 125
240 125
236 123
232 121
228 119
224 117
220 115
214 113
208 111
205 109
201 107
195 109
193 113
179 101
164 83
160 72
160 72
156 78
148 80
140 74
136 68
130 64
125 68
119 70
109 66
103 58
97 52
91 50
85 50
78 48
72 41
68 35
64 33
58 33
54 33
48 31
46 27
42 25
41 25
37 25
33 23
31 19
29 17
27 17
25 17
25 17
25 17
23 15
23 13
25 15
25 17
27 19
27 19
29 17
33 19
35 21
39 23
41 23
46 25
50 29
54 29
58 31
62 33
70 39
74 42
78 44
83 46
89 48
97 52
103 54
109 58
115 60
123 64
128 68
136 72
148 85
148 85
144 70
150 60
164 66
175 83
181 99
185 99
189 93
197 91
207 103
210 115
214 121
216 115
224 111
228 113
230 121
234 125
238 123
242 121
244 121
246 125
248 128
251 130
253 132
253 130
255 130
255 132
255 134
255 134
253 132
251 128
251 130
250 130
246 128
244 126
244 125
240 125
236 125
232 123
228 119
224 117
220 115
214 113
208 111
205 107
199 103
191 99
185 97
181 95
171 93
167 91
162 85
156 82
150 80
142 78
136 74
130 70
123 66
119 64
111 62
107 64
105 66
87 52
76 39
72 29
72 29
72 37
64 41
58 35
54 27
52 25
50 31
44 33
39 31
37 23
33 19
31 19
27 19
25 17
25 15
25 15
23 13
23 15
23 17
25 15
27 17
27 17
27 17
31 19
33 21
35 23
37 21
41 21
46 25
48 29
52 31
56 31
62 33
68 37
74 41
78 44
83 44
89 46
95 50
101 54
109 56
115 60
123 64
126 64
132 70
140 74
146 78
154 80
160 82
167 85
173 89
179 93
183 93
191 97
199 103
203 107
208 111
212 113
220 117
228 128
224 125
218 107
226 97
238 105
246 123
244 132
244 126
248 121
253 123
253 132
253 138
255 140
255 134
255 128
255 128
253 132
251 134
250 130
248 125
248 123
246 126
244 128
240 128
236 123
234 121
230 119
224 121
218 119
214 111
210 109
207 107
199 105
193 103
187 99
183 97
175 91
169 89
164 87
158 83
142 80
140 78
128 72
130 70
125 68
111 64
111 60
105 56
99 54
93 54
85 50
80 46
76 42
72 41
62 37
58 35
56 33
52 31
48 29
44 27
41 27
42 31
39 35
25 21
17 5
19 0
27 5
27 13
23 19
23 15
25 9
27 13
27 21
27 23
27 23
31 19
31 17
33 19
37 23
41 25
44 25
46 23
52 23
58 29
62 37
66 39
72 39
78 41
83 44
89 50
93 52
101 54
107 56
113 58
119 62
125 64
134 70
140 74
146 76
152 78
158 82
166 85
173 89
177 93
183 95
189 97
197 101
201 105
207 107
212 109
216 111
220 115
226 117
230 119
234 121
238 123
240 125
244 125
246 126
250 128
251 130
253 132
255 132
255 134
259 138
261 146
251 136
242 117
246 107
251 117
253 130
250 134
244 126
244 119
242 119
240 126
234 132
228 125
224 115
220 111
216 113
210 115
203 111
199 101
195 97
189 97
181 97
175 95
169 91
166 85
158 82
150 80
144 80
138 76
132 72
125 66
119 64
113 60
107 60
99 56
93 52
85 48
82 44
76 42
72 41
66 39
62 35
56 33
52 31
48 27
44 25
41 23
39 23
35 23
31 21
31 17
29 17
27 17
25 17
25 17
23 17
25 17
25 15
25 17
27 19
29 21
35 25
37 29
29 21
25 11
35 5
44 13
48 25
50 29
54 27
60 27
68 33
74 44
78 48
82 50
87 48
95 46
101 52
105 58
111 60
119 60
125 62
132 66
138 72
144 76
152 78
160 82
164 83
169 85
177 91
185 95
189 99
187 101
199 101
191 107
212 111
216 111
220 113
224 115
222 117
234 121
236 123
240 125
244 125
248 126
250 130
250 130
251 130
253 132
253 130
255 130
255 132
255 132
255 130
253 130
251 128
251 130
250 130
246 128
244 126
242 125
238 125
234 123
228 121
232 126
228 128
210 115
199 95
199 83
203 93
199 107
189 107
181 95
177 85
173 85
167 93
158 95
150 87
144 76
138 68
132 70
125 72
119 68
113 60
107 52
99 50
93 50
87 50
83 48
78 42
70 39
66 37
60 37
58 37
52 33
48 29
44 25
41 25
39 25
31 23
33 19
29 17
27 17
27 17
25 17
25 17
25 15
23 13
25 15
25 15
25 17
27 17
29 17
33 19
35 21
37 23
41 23
44 25
48 27
52 29
56 33
60 35
66 37
72 39
76 42
82 44
95 54
97 60
91 52
95 41
107 41
121 52
126 66
128 68
134 66
144 68
154 76
160 85
164 91
169 91
177 91
183 91
187 95
193 101
201 105
205 105
210 105
216 107
220 113
224 119
228 119
232 119
238 121
240 123
244 126
242 126
248 126
1 128
251 130
253 130
253 132
255 132
255 132
255 132
253 130
251 130
251 128
253 130
250 130
246 128
244 126
242 125
238 125
234 123
230 121
226 117
222 115
216 113
210 111
207 109
201 107
195 101
191 99
185 99
179 95
173 91
166 89
160 85
152 83
152 87
144 87
126 70
115 48
115 42
117 54
111 64
101 60
93 50
89 41
85 42
80 50
64 52
66 42
62 33
56 29
52 31
48 31
42 29
41 23
37 17
35 19
33 23
29 23
27 19
27 15
27 15
25 17
23 19
25 17
25 15
25 15
25 17
25 17
29 19
31 19
33 19
35 19
39 21
42 25
46 27
52 29
56 31
60 35
66 37
70 41
76 42
82 44
87 46
93 50
97 52
105 54
113 58
119 62
123 66
130 68
138 72
144 76
150 80
156 82
164 85
171 89
185 103
183 105
177 93
185 83
197 87
207 99
210 109
212 111
218 109
226 109
230 117
234 125
236 128
240 126
244 123
244 123
0 128
250 132
250 132
251 128
253 126
255 130
255 134
253 134
253 130
255 128
253 130
251 132
248 130
246 128
246 126
242 125
238 126
234 123
232 121
228 117
222 115
216 113
212 111
208 109
203 105
197 103
187 101
185 99
179 95
171 91
166 85
156 83
154 83
148 82
140 76
134 72
125 70
123 66
115 64
107 60
103 56
95 52
89 50
83 46
78 46
74 44
68 41
68 46
60 44
44 27
37 7
41 5
44 19
41 31
35 29
31 17
31 9
31 15
29 25
27 29
23 21
23 11
25 9
25 15
23 19
25 19
27 13
29 11
31 15
33 19
37 23
39 23
44 25
46 25
50 29
54 33
60 35
64 35
68 37
74 39
80 42
85 44
91 48
97 50
105 54
111 58
117 62
123 64
128 68
136 70
142 72
148 76
158 82
162 85
167 87
173 89
181 93
187 97
193 101
197 105
203 105
208 109
214 111
220 113
224 115
228 117
234 121
238 125
242 130
0 136
181 132
234 121
242 115
0 117
250 125
253 132
253 130
255 126
250 128
257 132
255 138
251 136
250 130
250 126
248 126
244 128
240 126
238 125
236 121
230 119
226 117
218 117
218 115
205 109
207 109
203 105
199 105
193 103
185 99
179 95
173 89
167 87
162 85
154 83
148 78
142 74
136 72
126 70
121 64
115 62
109 60
103 56
97 52
91 52
85 48
78 46
74 42
68 39
64 37
58 35
52 33
48 29
46 27
42 25
39 23
35 21
33 19
33 19
31 21
27 21
25 19
25 19
31 29
25 27
13 7
13 0
23 0
29 11
31 25
29 23
31 15
37 13
42 23
44 33
44 35
48 31
54 27
60 29
62 35
68 42
74 42
80 41
85 39
91 46
97 52
103 56
109 58
117 58
125 62
128 68
134 74
140 74
148 76
156 80
162 83
166 85
173 89
181 93
187 95
191 99
197 101
205 105
208 109
214 111
218 111
224 115
228 117
232 121
236 123
238 123
242 125
246 126
248 128
0 128
251 130
253 132
253 130
253 130
255 130
250 132
255 136
253 132
253 132
255 134
257 142
244 134
232 117
234 107
240 111
238 119
230 123
226 115
222 109
222 111
216 115
208 117
203 113
191 105
193 99
185 97
179 97
173 95
156 87
160 82
146 78
148 78
142 76
136 72
128 68
123 64
117 64
109 60
103 56
97 54
91 52
85 48
78 44
74 41
68 39
64 37
58 35
54 31
50 29
46 27
41 25
39 25
37 23
35 23
31 21
29 19
27 17
27 17
25 17
23 17
23 17
23 15
25 15
27 17
27 19
29 19
31 19
33 21
35 21
37 23
42 25
48 29
50 33
58 42
56 39
52 23
58 13
72 23
82 41
85 50
89 50
95 44
105 46
111 58
117 70
121 72
128 68
134 66
142 72
146 80
154 83
158 83
167 82
173 85
179 93
185 99
191 99
199 101
203 103
208 107
212 111
218 115
222 115
218 115
230 119
234 121
238 123
242 125
244 125
246 125
250 128
251 132
251 132
253 132
255 132
255 132
255 132
253 132
253 130
253 130
251 130
250 130
248 128
246 126
244 126
240 126
236 123
232 121
228 121
224 117
218 115
214 113
210 113
207 113
203 113
199 115
183 101
169 85
167 76
167 76
164 80
156 82
148 78
142 74
138 70
132 72
125 74
117 70
109 60
105 54
99 52
91 52
83 48
78 42
74 39
70 37
64 37
58 35
56 33
52 29
46 27
42 25
39 25
37 23
35 21
31 19
29 17
25 17
25 15
27 17
25 17
23 17
25 15
25 17
25 17
27 17
29 19
29 17
33 19
35 21
37 23
41 25
44 25
50 27
54 31
58 35
62 35
68 37
74 39
78 42
83 46
89 48
95 50
103 52
109 56
115 62
121 64
130 72
140 83
136 78
134 62
144 54
162 68
171 87
173 95
175 91
183 87
193 91
201 107
203 115
205 113
212 107
218 107
222 113
224 119
230 123
234 121
238 119
240 119
244 125
248 128
250 130
251 130
251 128
255 130
255 134
255 134
253 132
253 128
255 130
253 132
251 132
248 130
248 128
246 126
244 126
240 125
236 123
234 121
230 121
224 119
220 115
214 113
210 111
205 109
199 105
193 103
189 101
181 97
175 93
169 89
164 85
156 82
150 80
142 76
138 74
132 72
126 70
119 68
117 68
109 68
91 54
80 39
80 31
82 35
78 41
70 41
62 33
60 29
58 29
54 35
46 35
42 29
41 25
37 23
33 21
31 21
29 19
27 15
25 13
25 13
23 15
23 17
23 17
25 15
25 15
27 17
29 19
29 19
31 19
35 19
37 21
41 23
44 25
48 29
52 29
56 31
62 33
68 37
72 41
78 42
83 42
87 46
95 50
101 52
107 56
115 60
121 64
126 66
132 70
138 74
146 74
154 78
160 83
158 87
171 89
177 91
185 95
191 99
187 103
201 105
207 107
216 115
222 126
216 117
214 101
224 95
236 109
240 125
240 130
234 123
246 117
1 123
253 136
253 142
251 138
255 130
253 126
255 130
253 136
251 134
251 126
251 123
250 125
177 128
246 130
244 126
240 123
236 121
234 123
230 125
224 121
220 115
214 113
210 109
205 109
199 107
193 101
189 97
183 95
177 93
169 91
164 89
158 83
150 80
144 76
138 74
130 72
125 68
119 64
113 62
105 58
99 54
93 50
87 48
82 46
76 42
70 39
66 37
60 37
56 35
50 31
48 29
46 31
46 35
39 33
27 19
21 7
25 3
29 9
27 15
25 17
23 13
25 11
27 13
27 19
25 23
27 21
27 17
29 15
31 17
33 21
37 23
41 23
44 21
48 23
52 29
56 33
60 35
66 35
72 37
76 41
82 44
87 46
93 48
101 52
107 56
113 60
119 62
126 66
132 68
138 72
144 76
152 78
158 82
156 83
171 87
177 91
183 95
189 97
187 99
201 103
191 109
210 109
216 111
222 115
226 117
230 119
232 121
236 121
242 123
246 126
246 126
248 128
251 130
253 132
253 134
257 138
259 144
250 132
244 115
250 109
255 121
255 136
251 136
246 126
248 119
248 123
244 132
234 126
232 126
228 117
226 113
220 115
207 117
208 111
205 103
201 101
195 101
189 101
183 99
177 95
173 89
164 85
158 85
152 83
146 80
138 74
132 68
125 68
119 66
113 62
107 56
101 52
93 50
87 48
82 46
76 42
72 41
68 39
62 37
54 33
52 31
48 29
44 29
41 25
37 23
35 21
33 21
29 19
27 19
27 17
25 17
23 17
23 15
25 17
25 19
27 19
29 21
33 29
31 29
23 17
23 5
33 5
42 15
44 25
46 29
48 25
56 25
64 31
68 42
72 46
76 44
82 42
87 42
93 50
99 56
105 56
111 56
119 56
125 62
130 68
138 74
144 76
150 78
158 80
156 85
171 89
175 93
181 93
187 95
187 99
201 105
189 109
208 107
214 107
222 113
224 117
228 119
232 121
238 121
240 125
244 126
246 126
248 128
251 128
251 128
253 130
253 130
255 132
255 132
255 132
253 132
253 130
253 130
251 130
248 128
248 128
246 128
242 126
238 125
234 123
236 130
230 132
212 113
205 91
208 87
210 101
205 113
195 109
189 95
185 87
181 91
173 99
164 97
158 87
154 78
146 68
138 74
130 74
126 68
113 62
113 58
107 56
101 56
95 54
89 50
83 44
78 42
74 42
66 41
62 37
56 33
52 29
48 27
44 29
41 27
39 23
35 21
33 19
31 19
29 19
27 19
25 15
25 13
25 15
23 17
25 17
25 17
25 15
29 17
29 19
31 21
33 19
37 21
33 23
42 25
46 27
52 29
56 33
60 35
3 37
62 41
64 46
82 56
85 54
82 42
87 33
103 39
113 52
119 64
121 64
130 62
138 66
146 74
150 83
158 87
164 85
169 85
175 89
181 93
187 97
193 101
199 101
203 101
210 105
216 111
220 115
224 115
228 117
232 119
236 123
240 126
242 125
246 125
250 128
251 132
250 132
253 130
255 130
255 132
253 132
253 132
253 132
253 132
253 130
250 130
250 130
248 128
244 126
240 125
238 123
236 123
232 123
226 121
222 117
218 115
212 113
207 111
201 107
197 105
193 103
185 99
177 95
173 91
167 89
162 89
158 93
148 89
130 68
123 48
123 48
125 60
117 70
107 64
99 52
97 44
93 48
85 56
78 54
72 44
66 33
62 29
56 33
52 35
48 31
44 23
41 19
39 19
35 21
33 23
31 21
29 17
27 15
25 17
25 17
25 17
23 15
23 13
23 13
25 17
23 19
29 19
31 17
33 19
37 21
39 23
42 25
48 27
50 29
54 29
60 33
66 35
70 39
74 41
80 41
83 44
91 48
99 52
105 54
109 56
117 60
123 62
130 68
136 74
142 76
150 78
158 82
166 89
173 97
171 95
169 83
179 78
191 83
201 95
203 105
207 105
214 103
220 107
228 117
230 126
232 126
234 123
240 121
244 125
246 130
248 130
248 128
251 125
253 125
253 128
253 132
255 132
255 130
253 128
253 130
253 132
251 132
250 132
248 128
244 126
242 126
240 126
234 123
230 119
228 117
218 117
218 117
212 113
208 109
203 107
197 103
187 101
185 99
181 95
173 91
167 89
160 85
154 82
148 80
140 76
134 72
125 68
113 66
117 64
109 60
101 56
95 52
83 48
85 46
80 46
76 46
74 52
64 44
48 23
42 7
48 11
50 25
42 31
37 25
35 15
35 13
33 21
31 29
27 27
25 17
25 9
25 11
23 17
23 21
25 19
25 13
27 11
29 15
31 21
33 23
35 21
39 21
42 23
46 27
50 31
54 31
58 31
64 33
68 37
72 41
78 42
85 44
91 48
97 52
103 54
111 58
117 62
123 64
128 68
134 70
142 74
148 78
156 80
160 83
167 85
173 87
181 93
187 99
191 101
199 103
205 105
210 109
214 111
218 115
224 117
228 119
232 121
240 126
246 134
240 130
234 117
238 111
250 117
253 126
253 132
251 130
255 126
257 128
257 134
255 138
253 136
251 130
250 126
250 126
248 130
244 130
242 126
240 121
236 119
232 119
228 121
224 119
218 115
207 109
208 109
205 107
199 107
191 101
187 97
179 93
173 91
167 89
162 87
156 82
148 80
142 76
134 72
128 70
125 66
117 64
109 60
103 56
97 54
91 50
83 48
80 44
74 41
70 39
64 37
58 35
54 31
50 29
46 27
42 27
39 25
37 23
35 23
31 23
29 21
27 19
27 21
31 29
23 23
13 5
15 0
25 0
29 15
27 25
27 21
29 13
35 11
37 21
41 29
42 33
44 29
48 25
52 25
58 33
62 39
68 37
72 35
78 37
83 42
91 48
97 54
103 54
109 56
115 60
123 64
128 68
134 72
140 72
146 74
154 80
162 85
166 89
173 89
179 91
185 95
191 99
197 103
203 105
208 105
212 109
218 111
222 115
226 119
230 119
234 119
240 123
242 126
244 126
248 128
250 128
251 130
251 130
253 132
255 132
255 134
253 132
255 134
255 134
257 140
257 144
244 130
236 117
238 111
244 115
242 123
234 125
230 121
228 115
226 115
220 119
216 121
210 115
205 109
199 101
193 99
187 101
179 97
173 91
167 83
162 82
158 82
150 82
142 78
136 72
130 70
123 68
117 66
109 62
103 58
97 52
91 48
83 46
80 44
76 42
70 41
64 37
60 35
54 33
50 31
46 29
42 27
39 23
37 23
35 21
31 19
29 19
27 17
27 15
25 15
25 15
25 15
25 17
25 17
25 17
27 17
27 17
29 17
33 19
37 23
39 27
41 27
48 31
56 41
50 35
46 17
52 11
66 21
76 39
80 48
82 44
87 41
97 42
105 54
109 66
113 66
121 62
128 62
134 68
138 76
144 78
152 78
160 78
166 82
171 89
179 93
185 95
191 97
197 101
201 103
208 109
212 111
216 113
220 111
228 117
232 121
234 123
238 123
240 123
246 125
246 128
248 130
250 130
251 130
253 128
253 130
255 132
255 130
255 132
255 132
253 132
251 132
250 130
248 130
246 128
244 126
240 125
236 123
232 123
228 121
224 119
220 117
216 115
210 113
210 115
203 115
189 101
177 87
175 80
175 83
171 87
164 87
156 80
150 74
146 74
138 76
132 78
125 72
117 64
111 58
105 56
97 56
91 50
87 46
80 42
76 41
70 39
66 37
60 37
56 33
50 29
48 29
42 29
41 27
37 21
33 19
31 19
29 19
27 19
25 17
25 15
23 15
23 15
25 17
25 17
25 17
27 15
27 17
29 19
33 21
35 21
37 21
41 23
44 25
48 27
52 31
56 31
62 33
68 35
72 41
76 42
82 44
89 48
95 52
101 56
107 58
115 60
125 70
132 82
126 74
126 56
140 50
154 66
162 85
166 91
169 85
179 82
187 89
191 103
195 111
201 111
207 105
212 105
214 109
220 117
224 121
230 119
232 115
238 117
242 125
244 128
246 128
248 126
251 126
253 128
253 130
253 132
255 130
255 130
255 132
253 132
253 132
253 130
251 130
248 128
246 126
244 126
242 126
236 123
232 121
230 119
226 117
220 117
214 113
210 109
207 107
201 105
193 101
189 99
183 99
177 95
169 91
164 87
158 83
152 82
144 78
138 76
132 72
126 70
125 74
115 72
97 56
87 39
89 35
89 41
83 46
74 44
70 37
66 33
62 33
56 35
52 37
48 33
44 27
41 23
37 23
33 23
31 21
27 15
27 13
27 15
27 17
23 17
23 17
23 15
25 13
25 17
27 19
27 19
29 19
31 17
31 21
37 21
33 23
44 25
46 25
52 27
56 29
62 35
66 39
72 39
76 41
68 42
89 46
93 50
99 54
105 56
113 58
119 62
125 66
130 68
138 72
146 76
152 80
158 82
156 85
171 87
179 93
185 97
189 101
195 103
201 105
208 113
216 123
210 113
208 95
218 93
232 107
236 123
236 128
238 121
244 117
248 123
251 134
250 138
251 134
253 130
255 128
255 132
253 134
253 134
253 130
253 126
251 128
250 130
248 128
248 126
244 125
240 125
236 123
234 123
230 121
226 119
220 113
216 113
212 113
207 111
201 107
195 101
189 97
183 95
177 95
169 91
164 87
160 83
152 82
146 78
138 76
132 72
126 68
119 66
111 60
107 56
101 56
95 54
87 50
82 44
78 42
72 41
68 39
60 37
56 33
52 33
50 31
50 37
35 33
29 19
23 5
29 3
31 9
29 17
25 19
25 13
27 11
27 15
25 21
25 23
25 21
27 17
29 15
29 19
29 21
33 19
37 19
41 17
42 21
48 27
52 29
56 31
60 33
64 35
70 37
76 42
82 44
87 46
93 48
99 52
107 56
113 60
117 62
0 64
130 68
130 72
128 76
150 78
158 80
158 85
171 89
175 91
183 93
189 97
187 101
199 105
189 107
210 109
216 111
220 113
224 117
230 119
234 123
236 123
240 125
244 126
246 128
250 130
251 132
251 132
257 140
257 144
248 130
244 113
250 111
257 123
255 136
251 134
250 125
251 121
250 126
246 132
242 134
238 128
234 121
230 117
226 119
220 119
216 115
210 107
207 103
201 103
195 105
191 103
185 97
177 91
171 89
166 87
158 87
152 83
146 76
140 74
132 72
126 68
119 64
115 62
109 58
101 54
93 50
89 50
85 48
78 44
72 41
62 37
62 37
58 35
52 33
48 29
44 25
41 25
37 23
35 21
31 19
31 19
29 21
27 21
25 17
25 17
25 17
25 17
23 17
27 19
33 27
29 25
19 13
19 1
29 1
37 11
41 23
42 25
46 23
52 23
58 29
62 39
64 42
70 42
76 41
82 41
85 44
91 50
97 52
105 54
111 56
117 58
123 64
130 70
138 74
142 74
150 76
158 80
164 85
169 89
175 91
181 93
187 95
193 99
191 103
189 107
210 109
214 111
218 113
224 117
228 119
232 119
236 121
240 123
244 126
246 128
248 128
250 128
251 130
253 130
253 132
253 132
255 132
255 130
255 130
253 132
251 130
251 130
250 130
248 128
244 126
242 126
240 125
240 132
234 134
218 115
212 97
214 93
216 105
208 115
193 111
195 99
191 91
187 95
181 101
173 101
166 91
158 80
154 76
148 80
140 80
125 74
126 66
121 60
115 60
107 60
101 58
95 50
91 46
83 44
78 44
72 42
68 39
62 37
56 33
52 29
48 27
46 29
42 27
37 23
35 23
33 21
31 21
29 19
27 17
25 15
25 17
25 15
25 17
23 15
25 15
27 17
27 17
27 17
31 19
35 21
37 23
39 23
42 25
46 27
52 31
54 33
60 35
66 37
72 41
82 52
80 50
76 39
82 33
95 35
105 46
111 58
117 62
123 60
132 64
138 72
144 80
150 83
156 83
162 82
167 83
173 91
179 95
185 95
193 95
199 97
205 103
208 109
214 111
218 111
224 115
228 119
232 121
236 123
240 125
244 125
244 126
242 126
0 128
251 128
253 130
253 130
255 125
255 132
255 132
253 132
253 130
253 130
251 130
248 128
248 128
246 128
242 126
234 125
234 123
232 123
228 121
222 119
218 115
205 111
208 109
203 107
197 105
191 101
187 97
181 97
173 95
167 91
166 95
158 91
140 72
130 56
130 52
130 64
125 70
113 66
107 54
103 48
99 52
91 58
83 56
78 46
74 39
68 35
62 37
56 37
52 31
48 25
46 23
42 23
39 25
35 23
35 21
31 19
29 17
27 17
25 19
25 17
23 15
23 15
23 15
23 15
27 17
27 17
29 17
31 19
33 19
35 21
39 23
42 25
46 25
50 27
54 29
58 31
64 33
70 39
74 42
80 42
85 46
91 48
97 52
103 56
109 58
117 62
123 64
128 66
136 72
142 74
150 80
158 85
167 95
166 93
164 83
171 76
185 82
195 93
197 103
201 105
207 101
216 105
222 115
224 123
226 123
232 121
236 121
