730000 10000000 153092 13
31 25
11 9
0 7
48 19
99 44
160 74
214 103
1 126
265 130
257 138
224 125
173 101
115 72
60 44
23 21
9 9
23 13
62 29
123 64
179 95
218 107
250 109
265 119
253 128
212 125
154 95
95 56
46 25
17 11
11 13
33 25
78 39
136 58
193 87
240 119
265 138
265 142
240 128
195 105
138 80
80 52
35 31
11 11
13 5
44 15
95 42
154 72
207 101
250 125
269 138
261 138
228 126
179 103
121 74
64 44
25 19
9 7
19 9
58 25
111 48
169 78
224 107
257 128
269 140
253 136
214 119
160 93
103 66
52 39
17 17
9 7
29 13
72 31
130 60
189 89
236 117
263 134
267 140
246 132
203 119
152 99
83 62
29 21
3 0
9 0
41 9
89 39
146 68
203 93
248 117
271 136
265 144
234 134
183 109
125 76
70 44
29 23
9 11
17 9
50 19
105 41
166 72
218 105
255 130
267 138
255 134
220 121
167 99
109 70
56 41
21 17
9 7
25 11
66 29
123 56
181 83
232 111
263 132
267 140
248 134
207 117
150 89
91 58
42 31
13 13
13 7
37 15
83 37
140 64
199 93
244 121
267 136
265 140
238 130
189 109
132 80
76 52
33 27
11 11
15 7
46 19
101 44
162 76
218 115
251 134
257 128
250 115
224 107
175 99
115 78
60 44
21 11
9 0
25 9
64 35
117 60
175 83
226 105
259 126
267 140
250 138
210 119
156 87
97 56
46 33
15 17
11 9
33 15
78 33
134 58
193 91
238 121
265 136
265 140
240 128
195 111
138 83
80 54
35 25
11 7
15 7
44 19
93 42
152 70
208 99
250 123
267 136
261 138
230 126
179 103
121 74
64 44
25 21
9 9
21 11
56 25
111 48
171 78
224 109
257 130
269 140
253 136
216 121
162 97
107 72
58 48
13 21
0 0
21 0
70 17
132 54
189 91
234 115
263 128
269 134
248 134
203 121
144 93
85 56
39 27
11 11
11 7
39 17
87 39
146 64
203 95
246 121
267 136
263 140
234 128
183 105
126 76
70 48
29 25
9 11
17 7
52 21
105 46
166 78
216 105
253 126
269 138
257 138
220 123
166 99
109 68
56 41
19 19
9 9
25 11
66 29
123 56
181 85
230 113
261 132
267 138
248 132
207 115
150 89
93 62
44 35
15 15
11 7
37 17
83 39
140 66
197 95
246 125
273 150
261 144
226 115
181 85
132 66
78 50
31 31
9 9
17 0
50 15
101 46
158 82
214 109
253 126
269 134
257 136
224 125
173 103
115 70
60 39
21 15
9 7
23 11
62 29
117 52
175 80
226 109
261 132
269 144
250 136
210 119
156 91
97 62
46 37
15 13
11 5
33 11
78 33
134 62
193 91
240 117
265 134
265 138
242 130
195 113
138 83
82 54
35 29
11 11
15 9
42 19
93 41
154 70
208 101
250 125
267 138
261 138
230 128
179 105
121 74
66 46
33 31
13 21
13 9
44 9
105 29
171 68
224 107
255 130
265 136
255 130
218 119
164 99
103 72
50 41
17 13
11 5
29 13
70 33
128 60
187 85
234 111
263 130
267 138
244 132
201 113
144 85
87 56
39 29
13 13
13 7
39 15
87 37
146 66
203 97
246 123
267 136
263 138
234 128
185 107
126 78
70 48
29 23
7 9
17 7
52 21
105 48
164 76
216 103
255 126
269 140
257 140
220 125
167 97
109 66
56 39
21 19
9 7
27 11
66 29
123 54
181 85
232 115
13 136
273 148
251 146
189 113
138 68
87 39
46 25
17 17
1 13
35 13
83 29
142 60
201 101
244 130
15 140
265 136
238 125
189 109
130 83
66 50
33 21
3 5
15 5
48 21
99 44
160 74
214 101
1 125
267 138
257 138
226 125
173 101
115 70
60 42
23 19
9 9
23 11
60 25
115 50
175 80
228 111
259 132
267 140
251 132
212 119
158 95
97 64
46 35
17 13
11 7
33 15
76 33
134 60
193 91
240 119
265 136
265 140
242 132
197 113
138 83
80 54
37 29
13 13
23 19
44 27
83 37
142 54
205 83
251 117
269 138
259 138
228 123
181 97
123 74
68 50
25 29
9 13
19 7
56 21
111 48
167 80
222 107
257 126
269 136
253 134
216 121
162 93
103 64
52 37
17 15
9 7
29 13
72 31
130 58
187 87
234 115
263 134
267 140
246 132
201 113
144 85
85 56
41 31
13 13
13 7
39 15
89 39
146 66
203 97
246 121
269 136
263 140
232 128
183 107
126 78
72 50
29 25
7 9
17 9
52 23
105 48
164 78
218 107
255 128
269 140
257 140
226 134
169 109
99 62
44 17
17 0
11 1
27 17
64 31
121 48
183 76
236 113
265 142
267 150
248 138
207 113
150 85
91 60
41 35
11 13
11 1
35 9
82 33
140 64
199 95
244 121
265 134
265 138
238 130
189 111
132 82
76 50
31 23
11 9
17 9
48 23
99 44
158 70
214 101
251 126
267 138
259 138
226 125
173 99
115 70
60 44
23 21
7 7
23 9
62 27
117 52
175 83
226 111
259 130
269 138
251 134
212 119
156 91
97 62
48 35
17 15
11 9
35 19
82 42
132 66
183 83
230 101
263 121
267 134
242 132
195 111
138 80
83 48
39 29
13 17
13 13
42 17
95 39
154 70
207 103
248 126
267 136
261 134
228 123
179 103
121 76
66 46
25 21
9 7
19 9
58 25
111 50
169 78
222 105
257 126
269 140
253 138
216 121
162 93
103 64
52 37
17 17
9 7
29 13
72 29
128 58
187 87
236 115
263 134
267 140
244 132
201 115
146 87
87 58
39 31
11 11
13 7
39 17
87 39
146 66
203 95
248 121
267 138
263 140
234 130
187 111
134 91
70 56
17 11
0 0
17 0
56 21
107 54
162 78
216 97
257 119
271 140
257 146
220 130
167 99
109 64
56 37
19 21
7 11
25 11
64 21
121 46
181 80
232 115
263 134
267 140
248 132
207 115
150 91
91 62
42 33
13 9
11 5
35 15
82 35
140 64
199 93
242 119
265 134
265 140
238 130
191 109
132 80
76 48
33 25
11 9
15 7
48 19
99 44
158 72
212 103
251 125
269 138
259 140
226 126
173 101
115 72
62 42
23 21
9 9
21 11
62 27
123 58
181 95
220 113
250 119
261 121
251 123
214 115
156 93
95 60
48 29
19 11
13 11
33 21
76 37
134 62
193 89
238 117
263 136
265 142
240 130
195 107
138 80
82 54
35 29
11 11
13 5
44 15
93 41
152 72
207 101
248 125
267 136
261 136
230 126
179 105
121 76
66 44
25 21
9 7
21 9
56 25
109 48
169 78
222 107
257 130
269 142
253 138
216 121
164 95
103 66
52 39
17 17
1 7
29 13
70 31
126 56
187 89
236 117
13 134
267 140
246 132
203 117
146 89
89 64
42 41
9 15
1 0
31 0
17 25
150 68
205 103
244 123
17 130
265 134
236 132
187 117
126 83
62 44
29 19
11 7
17 11
50 25
103 44
166 72
218 103
253 128
267 140
257 138
222 123
167 97
109 70
56 42
21 21
9 7
25 9
64 25
121 54
181 85
230 113
261 130
267 138
248 134
207 117
152 91
91 58
44 33
15 13
11 7
35 15
82 37
140 64
197 93
242 119
265 134
267 140
240 130
191 111
132 80
76 52
33 27
11 11
15 9
46 21
99 44
160 76
218 111
255 134
261 136
250 125
220 107
175 91
117 70
60 44
21 17
9 3
25 7
62 29
117 58
175 85
226 109
259 126
269 138
251 138
210 121
156 89
97 58
48 33
15 13
9 7
31 11
76 29
136 60
193 93
238 121
265 136
267 140
242 132
195 113
140 85
82 54
35 27
11 9
13 7
42 17
93 42
152 70
207 99
250 123
269 136
261 138
230 126
181 105
121 76
64 46
25 21
9 7
21 11
56 25
109 48
162 76
222 107
7 132
265 142
253 138
216 123
164 97
105 68
52 41
23 23
13 17
23 11
58 11
121 33
189 78
238 119
263 140
265 136
246 125
205 111
148 93
87 66
39 35
13 9
13 3
39 17
83 41
144 68
203 93
248 117
267 134
261 140
234 130
187 107
128 78
72 48
29 23
11 11
17 9
50 21
103 44
164 76
216 105
253 128
269 138
257 136
222 123
167 99
109 68
56 41
21 17
9 5
25 9
66 29
123 54
179 83
230 111
263 132
267 140
248 134
207 117
152 89
93 60
42 35
13 15
11 7
37 15
82 37
138 64
199 95
246 125
275 148
265 150
228 126
181 93
130 64
78 44
33 27
9 11
13 3
48 13
101 42
160 78
212 109
251 128
269 136
259 134
224 125
173 103
115 74
60 42
23 15
7 5
21 9
60 27
115 50
175 80
228 109
259 132
267 142
251 136
212 117
158 91
99 64
48 37
15 15
11 5
31 13
76 31
134 60
193 91
240 117
265 134
265 138
242 130
197 113
138 83
82 52
37 27
13 11
15 9
42 19
91 41
150 68
208 99
250 125
267 138
261 138
230 126
181 105
123 76
66 46
27 23
11 9
25 19
58 35
101 42
158 56
218 85
259 121
271 142
255 140
216 117
164 87
107 64
54 44
17 27
9 11
29 9
70 27
128 58
185 91
234 117
261 130
267 134
246 130
201 115
144 89
85 56
41 27
13 11
13 9
39 19
85 39
146 66
203 95
246 123
267 138
263 140
234 128
185 105
126 76
72 48
29 25
9 9
17 7
52 21
95 44
164 76
216 107
255 128
269 138
257 136
222 123
169 97
111 68
58 41
21 19
1 9
25 13
66 29
121 56
181 85
232 113
263 134
271 146
255 144
205 123
140 82
83 44
42 19
15 7
9 5
35 13
82 33
140 60
199 93
244 125
267 142
263 142
238 128
191 105
134 82
76 54
31 27
9 7
15 3
46 17
99 44
156 74
210 99
251 123
269 138
259 140
226 126
175 95
117 72
62 41
23 19
9 9
21 9
60 25
115 50
173 80
218 111
9 130
267 140
251 134
212 119
158 93
99 64
48 35
15 15
1 5
31 13
76 33
134 60
193 91
238 119
15 136
267 140
236 134
197 115
140 85
82 52
37 27
13 13
15 11
44 23
97 52
17 78
197 89
238 101
15 121
263 136
232 132
179 107
123 70
68 39
29 23
11 19
19 19
46 25
109 44
169 76
220 109
5 125
251 138
255 125
216 117
164 93
105 68
52 31
17 15
1 5
27 9
72 31
128 62
185 89
234 113
263 130
267 140
246 134
201 115
144 85
87 54
41 29
13 11
11 7
39 17
87 37
144 66
203 97
246 123
267 138
263 140
234 128
185 105
128 78
72 48
29 23
9 9
19 9
52 23
103 46
162 76
218 105
255 128
269 142
259 142
226 130
173 109
105 72
46 29
13 1
9 0
27 7
66 29
119 52
179 78
232 109
263 132
269 146
250 140
207 119
152 89
93 60
42 35
13 17
9 7
35 11
80 31
138 60
197 93
242 121
265 134
265 138
238 128
191 111
134 83
78 52
33 25
9 9
17 7
46 21
97 44
156 72
212 99
253 125
269 138
259 140
226 126
175 101
117 72
60 42
23 21
9 7
21 1
60 25
115 50
175 82
218 111
259 130
267 138
251 136
212 119
158 93
99 62
48 37
17 17
9 9
31 15
76 35
136 66
197 105
234 125
253 121
257 115
242 117
201 113
140 91
82 54
37 19
13 5
17 9
42 27
91 46
150 68
208 95
248 123
267 142
261 142
230 126
179 99
121 70
66 44
27 25
9 11
19 7
56 21
111 48
169 80
220 109
255 126
269 136
255 136
216 123
162 97
105 66
52 37
19 17
9 7
27 13
70 31
126 56
185 85
236 115
263 134
267 142
246 132
201 113
146 85
89 58
41 33
11 13
13 7
39 17
85 39
146 68
201 97
246 123
267 138
263 140
236 130
189 111
134 87
76 58
23 25
0 0
9 0
52 11
107 44
162 76
214 103
253 121
271 136
259 140
222 130
169 103
111 70
56 37
21 17
1 9
25 11
64 27
121 50
179 80
230 111
261 132
269 140
250 134
207 115
152 89
93 62
44 35
13 13
11 7
35 13
80 33
138 62
197 93
242 119
265 134
265 138
238 130
191 109
125 80
78 50
33 27
11 11
15 9
46 19
97 42
158 72
212 103
251 126
267 138
259 138
226 126
175 103
117 74
62 42
23 21
9 9
21 9
60 27
115 52
175 83
224 119
263 144
263 142
242 117
207 95
160 82
93 66
46 41
13 13
11 0
33 9
78 39
134 72
187 97
238 115
15 128
265 138
240 134
195 113
140 82
83 50
37 25
11 11
13 9
42 19
93 41
27 68
207 99
248 125
17 138
261 138
230 125
181 105
123 78
66 46
17 21
9 7
15 9
56 25
109 50
160 80
222 105
7 128
267 138
255 136
216 123
164 97
105 66
37 37
19 17
1 9
23 13
70 31
126 58
185 87
234 115
263 134
267 142
244 132
203 113
148 89
91 62
46 42
15 23
5 5
27 1
82 21
146 56
203 95
244 123
265 134
263 134
238 126
189 113
128 85
72 52
29 25
9 7
17 7
50 23
101 46
162 74
216 101
253 125
269 138
257 138
222 125
169 97
111 68
58 41
21 21
9 9
25 11
64 27
121 52
179 83
230 111
261 132
267 140
248 134
208 117
152 91
93 62
44 35
15 15
11 7
33 15
80 35
138 64
197 93
242 119
265 134
265 140
240 132
193 111
134 82
76 50
33 25
11 11
17 9
46 21
99 44
158 74
212 103
251 126
273 148
263 152
218 123
162 78
111 48
66 35
27 25
9 13
19 5
60 17
119 48
177 89
224 121
257 134
267 134
251 130
212 121
156 99
97 66
48 33
17 9
9 3
31 15
76 37
134 60
191 87
238 115
265 134
267 142
242 134
197 111
140 83
82 54
35 29
11 11
13 7
44 17
91 41
150 68
207 99
250 125
269 138
261 138
230 126
181 105
123 76
68 46
25 21
9 9
19 9
56 25
109 48
167 78
222 107
257 130
269 140
255 138
218 121
164 95
105 66
54 41
21 23
17 21
29 21
60 27
117 41
181 72
236 107
263 134
265 140
244 128
205 111
150 87
89 64
41 37
13 15
11 5
37 13
85 37
144 68
201 97
244 119
265 130
263 136
236 130
187 111
128 80
72 46
31 23
9 11
17 11
50 23
103 44
164 72
216 103
253 126
269 140
257 136
222 123
169 97
109 68
58 41
23 19
9 9
23 11
64 27
123 54
179 85
228 111
261 132
269 140
250 136
208 119
152 91
93 60
44 33
15 15
9 7
35 15
80 35
138 64
197 93
242 121
267 138
265 142
244 140
195 121
125 76
66 31
31 7
13 3
17 13
44 23
95 39
158 64
214 101
253 134
269 150
257 142
226 121
177 97
117 74
62 48
23 21
7 3
21 3
60 23
115 52
173 83
224 109
259 126
267 134
253 136
214 125
158 97
99 64
48 33
17 15
9 9
31 15
74 33
132 56
191 87
238 117
265 136
267 140
242 130
199 111
140 83
82 54
37 29
13 11
13 9
42 19
89 41
150 68
208 99
250 126
267 138
261 138
232 126
183 105
123 78
68 48
27 23
11 9
23 15
62 35
105 54
158 70
212 89
255 111
269 132
255 136
216 123
166 93
107 62
56 39
21 23
9 15
27 15
68 27
126 54
185 87
232 117
261 134
267 136
246 128
203 113
146 87
87 58
41 31
13 11
11 7
37 15
85 37
146 68
203 99
244 123
267 136
263 140
236 130
187 109
128 78
72 46
31 21
11 9
17 9
50 23
103 46
162 76
216 105
253 128
269 140
257 138
222 125
169 99
111 70
58 41
21 17
9 7
25 11
66 29
121 54
179 85
230 111
261 132
269 142
250 136
208 119
158 101
95 70
35 25
3 0
7 0
37 11
83 42
136 68
193 87
242 111
271 136
267 150
238 142
191 113
134 76
78 48
33 29
9 15
13 9
44 15
97 37
156 70
212 105
251 128
269 138
259 136
228 125
175 103
117 76
62 44
23 19
9 5
21 9
60 27
113 50
173 78
228 109
259 132
267 140
251 136
214 119
160 93
99 64
48 37
15 15
11 5
31 11
76 33
132 60
191 91
238 117
265 134
267 140
244 132
199 113
142 85
83 54
37 29
11 13
13 9
42 19
95 44
158 82
203 105
236 115
259 121
261 126
234 125
181 107
121 74
68 39
31 17
13 11
19 17
54 29
109 48
169 76
220 107
255 130
267 140
253 134
218 119
164 95
105 66
54 39
19 17
9 7
27 11
68 29
126 58
185 87
232 115
263 132
267 140
246 134
203 115
146 85
87 56
41 31
13 11
11 7
39 15
85 39
144 66
201 95
246 121
269 136
263 140
236 128
187 107
130 80
74 50
31 25
9 9
17 9
50 21
103 46
162 74
214 103
253 126
269 140
257 140
222 125
171 101
115 74
64 52
19 27
0 0
15 0
62 11
125 52
181 91
228 115
259 125
269 132
251 134
210 126
154 99
93 62
44 29
13 9
11 9
33 17
80 35
136 58
197 87
242 117
265 136
265 140
240 128
193 109
136 82
78 54
33 29
11 11
15 7
46 17
95 42
156 72
210 101
251 125
267 138
259 138
226 126
177 103
117 74
62 42
25 19
9 9
21 11
58 25
115 50
173 82
226 111
259 132
267 140
253 136
214 121
160 95
99 64
48 37
17 17
9 7
31 13
74 33
132 62
195 97
242 128
259 136
255 126
236 115
197 101
142 82
82 54
35 25
13 7
15 7
44 21
91 46
150 76
207 101
248 123
267 136
261 140
230 128
181 103
123 72
68 44
27 23
9 11
17 9
54 21
109 46
169 78
220 111
255 130
269 140
255 136
218 121
164 97
107 70
54 39
19 17
9 7
27 11
70 31
126 58
185 85
234 115
261 132
267 140
248 134
205 117
148 89
89 58
41 31
13 13
13 7
39 17
85 39
142 66
201 95
244 121
267 138
265 142
236 130
187 109
130 80
74 52
33 31
15 23
13 11
39 5
93 21
162 60
218 105
255 134
267 138
257 128
224 117
173 103
115 82
58 50
21 17
7 3
23 7
64 31
119 58
177 83
228 107
261 126
267 138
250 136
208 119
154 89
95 58
44 31
15 15
11 11
35 15
80 33
138 60
197 91
242 121
265 136
265 138
240 130
193 111
134 83
78 52
33 27
13 11
15 9
44 21
95 41
158 72
212 103
251 126
267 138
259 138
228 126
177 103
117 74
62 44
25 21
9 7
21 9
60 25
115 52
175 82
226 113
263 138
271 148
246 134
203 107
154 78
101 54
50 35
17 17
7 5
31 7
78 29
134 62
189 95
238 121
265 134
267 138
242 132
197 115
140 85
82 54
37 25
9 7
11 3
42 17
91 41
150 70
205 97
248 123
269 138
263 140
232 128
181 103
123 74
68 46
27 23
9 7
19 7
54 21
109 46
169 78
220 107
255 130
269 140
255 138
218 121
166 97
105 68
54 37
19 15
9 5
27 9
68 29
125 56
185 85
234 115
263 134
269 140
248 134
205 117
148 89
89 60
42 33
13 15
13 13
42 31
78 39
132 46
195 72
248 111
269 140
263 144
232 125
189 99
132 76
76 56
29 35
9 15
17 5
50 17
101 44
160 78
214 105
253 125
267 134
257 134
222 123
171 101
113 72
58 39
23 15
9 7
25 13
64 29
119 52
177 80
230 111
263 132
267 142
250 136
208 117
154 91
93 60
44 35
15 15
11 7
33 13
78 35
138 64
197 95
242 121
265 136
265 140
240 132
193 111
134 83
78 52
33 27
11 9
15 7
46 19
97 42
156 72
212 103
251 126
271 142
269 150
228 136
167 99
107 56
58 25
25 13
11 9
19 9
58 21
115 44
177 80
226 115
257 136
267 142
251 132
214 119
158 95
99 68
48 37
17 13
9 3
29 11
74 33
132 60
189 89
238 113
265 132
267 140
244 134
197 113
142 83
78 54
37 29
11 13
13 7
41 17
89 39
148 68
205 95
248 123
269 138
263 140
232 128
181 105
125 76
68 48
27 23
9 9
15 9
54 23
107 48
167 78
220 105
257 128
269 140
255 138
218 123
166 99
107 68
54 39
19 17
1 7
29 15
74 39
128 70
175 83
222 93
1 111
271 126
248 140
203 121
146 83
82 48
42 29
15 21
3 19
37 19
83 33
144 60
201 97
244 125
15 138
263 134
236 125
189 107
130 82
64 52
31 25
11 7
17 7
48 23
103 46
162 76
214 103
1 125
267 138
257 138
222 126
171 99
111 68
58 39
23 19
9 11
25 13
62 27
121 52
54 83
228 113
259 132
269 138
251 132
208 117
154 91
64 62
46 35
15 15
9 7
31 15
80 35
138 64
195 93
240 119
265 134
267 142
244 138
199 123
134 89
68 44
25 11
9 0
17 1
44 19
95 41
154 66
212 95
253 125
271 144
259 144
226 128
177 101
117 72
62 44
25 23
9 9
21 7
58 21
113 48
171 80
224 111
259 130
269 138
253 134
212 119
160 93
101 64
50 35
17 15
9 7
31 13
74 33
130 60
189 89
236 117
265 134
267 140
242 132
199 111
142 85
83 54
37 29
13 11
13 9
41 17
89 39
150 68
207 99
248 123
269 138
263 140
232 126
183 103
125 78
68 46
27 23
11 9
19 11
54 25
107 50
173 87
220 117
246 119
259 117
253 119
222 119
167 105
105 70
52 33
21 9
11 7
29 21
68 39
125 58
183 83
232 109
261 134
267 144
246 134
203 113
146 83
87 54
42 31
15 17
11 9
37 15
83 35
144 66
201 99
244 123
265 134
263 136
236 128
189 111
130 80
72 48
31 23
9 9
17 9
48 21
101 44
162 74
216 101
253 126
269 140
257 140
222 126
171 99
113 70
58 42
21 21
9 9
23 11
64 27
119 52
177 83
228 111
261 132
269 142
250 136
210 121
158 97
101 72
42 41
3 5
1 0
33 0
82 29
138 64
193 91
240 113
267 130
267 140
240 138
193 117
136 83
80 50
33 25
9 11
13 9
44 17
95 39
154 66
210 99
250 125
269 138
259 136
226 123
177 101
121 76
64 48
23 23
9 7
21 9
58 27
111 52
171 82
224 107
257 128
267 138
251 136
214 123
160 95
101 64
50 37
17 15
9 9
31 13
74 33
130 60
189 89
238 115
255 132
267 140
244 134
199 115
142 87
83 56
37 31
13 13
13 9
41 19
89 41
150 70
207 101
255 136
267 146
251 128
222 105
181 87
125 76
70 52
25 23
9 3
21 1
56 23
107 56
167 85
220 109
255 125
267 134
255 138
218 126
166 99
105 64
54 33
19 15
1 9
27 13
68 29
126 54
185 85
232 115
261 134
267 140
248 132
205 113
146 87
89 58
41 31
11 9
11 5
39 15
83 31
142 68
201 95
244 121
17 136
265 140
236 130
187 109
130 78
66 48
31 25
9 11
1 9
46 21
33 44
162 74
214 103
3 126
269 140
251 138
222 125
171 99
115 64
64 50
19 33
3 11
13 0
56 9
119 41
54 80
228 109
9 125
251 126
251 130
140 119
156 97
97 62
31 37
15 13
9 7
33 17
78 37
3 62
193 89
240 115
15 126
265 140
234 125
193 111
130 82
80 52
33 27
11 11
0 9
44 19
95 41
13 68
212 103
0 126
267 138
261 136
228 125
177 95
119 74
64 44
25 19
9 7
1 9
58 25
111 48
173 80
226 109
257 130
267 140
253 136
214 121
160 95
101 64
48 35
17 13
9 7
31 13
74 33
132 60
191 91
238 119
267 140
273 154
240 138
187 99
134 62
83 41
41 31
13 19
11 9
41 9
91 33
152 72
207 109
246 130
267 136
261 134
232 125
181 107
123 78
68 46
27 17
9 5
17 9
54 27
107 50
167 78
220 105
255 128
267 140
255 140
218 123
166 95
107 66
54 39
19 19
9 7
27 11
68 29
125 56
183 87
232 115
263 132
267 138
248 134
205 117
148 89
89 58
42 33
13 13
11 7
37 17
83 37
142 64
199 95
244 121
267 136
263 138
236 130
189 109
132 82
76 52
33 29
15 19
21 19
42 21
89 31
154 54
216 91
255 126
269 142
255 126
222 117
175 97
115 76
60 50
21 23
9 7
25 9
62 27
117 54
177 83
220 109
259 126
267 136
250 132
210 119
156 91
97 60
46 33
15 13
11 7
33 15
78 33
136 60
195 91
242 121
265 136
265 140
240 130
187 111
136 83
78 52
33 25
11 9
15 9
44 21
93 42
156 70
210 101
1 125
267 138
259 138
228 126
179 103
119 74
62 42
25 21
9 9
21 11
58 25
113 50
173 80
224 111
259 132
269 140
253 142
218 134
154 93
87 44
44 11
21 5
13 11
29 19
70 29
130 50
193 83
240 123
265 146
265 146
244 130
201 109
142 85
83 58
37 31
11 9
11 1
41 13
89 41
148 72
205 99
246 121
269 134
263 140
232 130
181 109
125 76
70 46
27 21
7 7
19 9
54 23
107 46
166 76
218 105
255 128
267 140
255 136
220 123
166 97
107 68
54 39
19 17
7 7
27 11
68 29
125 56
183 85
232 115
13 134
269 140
248 134
205 115
140 87
91 58
42 33
13 15
13 11
44 27
83 44
132 60
189 80
240 105
267 128
265 138
234 128
187 103
132 74
78 50
33 29
11 15
15 11
48 19
101 42
160 74
214 107
251 126
267 136
257 132
224 121
173 103
113 74
58 42
21 17
9 5
25 11
62 29
117 54
177 83
220 109
261 130
267 138
250 134
210 117
154 91
95 60
46 33
15 15
11 7
33 13
78 33
136 60
195 91
240 119
265 136
267 140
240 125
193 111
128 82
80 52
35 27
11 13
15 7
44 19
95 42
156 72
210 103
0 126
269 138
261 138
228 128
183 115
121 87
54 41
13 0
5 0
15 1
60 29
113 54
171 13
224 101
11 126
271 148
253 146
214 123
160 89
101 58
50 35
17 19
9 9
29 9
72 25
130 56
189 91
236 117
263 132
269 138
244 132
199 115
142 89
85 56
37 27
13 9
13 7
41 19
89 41
148 68
205 97
248 123
267 138
263 140
232 128
183 105
126 76
70 48
27 23
7 9
19 9
54 23
107 48
166 78
220 107
255 128
269 138
255 136
220 121
167 99
107 70
54 41
19 17
9 9
27 15
72 35
130 68
179 91
220 105
253 115
265 125
250 128
205 115
146 87
89 52
42 25
17 15
13 15
37 23
83 39
142 62
199 93
244 121
265 140
263 140
236 126
189 105
130 78
74 50
31 25
11 9
17 7
48 19
101 44
160 76
214 105
251 126
267 138
259 138
224 125
171 101
113 62
60 41
23 19
9 9
23 11
62 27
119 52
179 85
228 113
259 132
267 138
251 134
210 119
154 91
95 62
46 33
17 13
11 5
33 13
78 35
136 62
195 93
240 119
265 136
265 142
242 134
195 115
138 87
85 66
33 35
0 0
5 0
44 1
99 41
156 78
208 103
248 115
271 130
265 140
230 138
175 111
119 74
66 39
25 17
7 11
19 13
56 23
111 44
171 74
222 107
257 130
269 142
253 136
214 117
160 91
103 66
52 31
17 17
1 5
29 9
72 31
5 60
189 89
236 115
5 132
251 138
244 130
201 113
144 80
85 58
37 31
3 11
13 7
41 17
23 39
23 68
205 97
240 123
267 138
261 138
232 126
185 107
126 80
68 48
27 23
9 9
19 9
54 25
107 50
169 83
224 117
250 128
257 126
250 121
220 111
167 95
107 68
52 35
19 9
13 5
29 17
68 37
125 60
183 85
232 113
261 132
267 142
246 134
205 113
148 83
89 54
42 31
15 15
11 7
35 13
83 35
142 64
199 97
244 123
265 136
263 138
236 128
189 109
130 82
74 50
31 25
9 9
17 7
48 21
101 44
160 74
214 103
251 125
269 138
259 138
224 125
171 101
113 70
60 42
23 21
9 9
23 11
62 25
119 52
177 83
226 109
261 128
271 140
251 138
210 121
156 93
97 64
52 44
21 31
3 9
19 0
72 9
138 48
197 95
240 125
263 132
265 132
244 126
197 117
138 93
80 60
35 25
11 5
15 5
42 21
93 42
154 68
210 95
250 121
267 138
261 140
228 126
179 103
119 72
66 46
25 23
7 7
19 7
58 23
111 48
171 80
222 109
259 128
267 138
253 136
214 121
162 95
101 64
50 35
15 13
11 7
31 15
72 33
130 58
189 87
236 115
263 134
267 140
244 132
201 113
144 85
85 56
39 29
13 13
13 7
41 17
89 41
148 68
207 103
253 134
269 146
253 134
222 113
179 89
126 68
72 48
23 25
7 7
15 3
48 21
109 52
158 85
218 111
255 126
269 136
255 136
218 125
166 99
107 66
54 35
19 15
1 7
25 13
66 29
125 54
183 85
232 113
261 132
269 140
250 134
205 117
148 89
89 58
42 33
13 13
11 7
37 15
82 37
142 64
199 93
244 119
267 136
265 140
236 130
189 109
125 80
76 50
33 27
11 11
15 9
48 19
93 42
162 74
214 105
253 126
269 138
259 138
226 126
171 101
115 72
60 42
23 21
15 17
25 21
52 21
99 31
173 60
230 103
263 136
267 144
250 130
203 109
158 89
99 70
46 44
13 15
11 1
35 11
78 37
126 66
193 93
240 115
15 130
265 138
240 125
195 113
138 82
80 50
35 25
11 11
0 9
44 19
95 41
7 70
208 99
1 126
267 140
251 138
228 123
177 93
121 74
66 46
17 23
9 9
1 1
58 25
111 50
171 82
224 109
0 130
251 138
253 134
154 121
162 95
95 66
50 37
17 15
9 7
31 13
72 33
130 60
189 91
238 119
265 138
273 148
242 138
189 107
134 70
83 41
41 25
13 13
11 7
39 13
89 33
150 68
205 105
246 130
267 138
263 136
234 126
183 107
125 80
68 46
27 19
9 5
17 5
52 21
105 44
166 74
220 105
255 128
267 142
257 138
220 125
167 99
107 68
56 41
19 17
9 7
25 9
66 27
125 52
181 83
232 113
263 132
267 140
248 134
207 117
148 89
91 60
42 33
13 13
11 7
35 15
82 35
142 64
199 95
244 121
265 136
265 140
238 130
189 109
132 82
76 52
31 25
11 11
17 13
56 35
99 52
148 62
205 78
251 109
271 138
259 146
224 125
173 93
117 64
62 44
23 31
7 17
23 11
62 21
117 48
175 83
226 115
259 132
267 136
250 130
210 117
156 95
97 64
46 33
15 11
11 5
33 13
76 35
134 60
195 91
240 119
265 136
265 140
240 130
197 111
138 83
80 52
35 27
11 9
15 7
44 19
93 41
154 70
208 101
250 125
267 136
259 136
230 125
179 103
121 74
64 44
25 21
9 7
21 11
58 27
111 50
171 80
224 109
257 132
269 142
259 144
218 130
154 95
91 52
44 19
19 5
11 5
27 13
70 29
128 52
191 85
238 119
265 142
267 144
244 134
201 111
142 83
85 58
37 33
11 11
11 3
39 13
87 37
148 70
205 99
246 121
269 134
263 138
234 130
183 109
125 78
70 46
29 23
9 9
17 9
52 23
105 46
166 76
218 105
255 126
269 138
257 136
220 123
166 99
109 68
54 39
19 17
9 9
27 13
68 31
125 56
183 85
232 113
263 132
267 140
248 134
205 117
150 89
91 60
42 33
13 13
11 7
37 17
83 41
144 78
193 95
232 103
261 115
265 130
240 132
189 115
130 80
76 44
33 21
13 15
17 17
46 25
99 41
160 68
214 101
251 128
267 140
257 134
224 119
173 99
115 72
60 44
23 19
9 5
23 9
62 29
117 54
175 83
228 111
259 130
267 138
251 136
210 119
156 91
95 62
44 33
15 13
11 9
33 15
76 33
134 60
195 91
240 119
265 136
265 140
242 132
195 111
136 82
82 54
35 29
11 13
13 7
44 17
95 41
154 70
210 101
250 126
267 138
261 140
232 130
185 115
119 82
56 39
15 3
5 0
21 1
58 23
109 48
169 76
224 103
259 126
269 144
255 142
216 125
162 95
103 64
50 37
17 17
9 7
27 9
72 27
128 56
187 89
236 115
263 132
267 138
246 132
201 115
144 87
85 56
39 29
13 11
13 7
39 19
87 39
146 66
205 95
248 123
267 138
261 140
232 126
185 105
126 78
70 48
29 25
9 9
17 9
54 23
105 48
164 76
218 105
255 128
269 140
255 138
220 123
167 99
109 70
56 41
19 17
9 7
27 13
68 31
123 60
187 97
232 123
251 125
257 117
246 115
210 113
152 95
89 62
41 25
15 5
15 7
39 25
82 44
140 66
199 89
244 117
265 138
263 142
236 130
189 103
132 74
74 46
33 27
11 13
17 9
46 19
99 42
160 74
214 105
251 128
267 138
259 134
224 123
173 101
115 72
58 41
21 17
9 5
23 11
60 27
117 52
177 82
228 111
259 132
267 140
251 136
210 119
156 91
95 60
46 33
17 15
11 9
33 13
76 33
136 62
193 93
240 121
265 136
267 140
242 132
197 115
142 89
83 64
31 33
0 1
5 0
42 3
97 37
154 72
207 99
248 119
271 134
265 140
222 134
177 109
119 76
64 41
25 19
9 11
17 11
56 25
111 46
162 76
222 107
257 130
269 140
253 134
216 119
162 93
93 64
52 31
19 17
1 7
29 11
72 31
3 60
187 89
236 115
5 132
251 138
244 132
201 115
144 80
85 56
39 29
11 11
13 7
41 17
87 39
17 66
203 97
246 123
17 136
261 138
218 126
185 107
126 80
62 50
27 23
9 9
17 11
52 25
105 48
166 78
222 111
261 140
263 142
244 123
212 99
169 83
113 72
56 46
17 17
9 1
29 5
68 31
123 64
181 91
230 111
263 128
267 138
248 136
205 119
150 89
91 54
42 29
13 13
11 11
35 17
82 33
142 62
199 95
244 123
267 138
265 138
238 128
191 109
125 82
76 52
31 25
9 9
15 7
46 19
99 42
160 74
214 103
251 126
267 138
259 138
226 126
173 101
113 72
60 41
23 19
9 7
23 11
60 27
117 52
177 83
226 111
259 130
269 140
251 136
212 119
156 93
97 64
54 42
19 25
3 7
21 1
72 17
136 50
195 91
238 119
263 132
267 134
244 128
197 115
138 91
80 58
37 29
11 9
13 7
42 21
93 42
152 68
207 95
248 121
267 138
259 140
228 125
179 101
123 74
66 46
25 23
9 9
21 9
56 23
111 48
169 78
222 107
257 126
269 136
255 134
216 121
164 95
103 66
50 37
17 15
9 7
29 13
72 31
128 56
187 87
234 115
255 132
267 140
246 132
201 113
144 87
87 56
39 29
13 11
13 7
39 17
87 37
148 66
205 97
248 125
273 146
265 150
226 123
173 83
123 56
74 41
31 29
9 13
15 5
52 13
107 42
166 82
220 117
253 134
267 136
257 132
220 125
167 103
107 72
54 37
21 11
9 3
25 11
66 31
123 56
183 83
232 111
11 132
267 142
248 136
207 117
150 89
91 58
41 33
13 13
9 5
35 13
82 35
140 64
191 95
242 121
17 136
265 140
238 125
189 109
130 80
68 50
33 25
7 9
0 9
48 21
99 44
35 74
197 103
1 126
265 130
259 138
224 125
173 101
117 72
62 46
25 27
13 19
21 17
50 19
109 37
173 68
228 105
259 130
267 138
250 130
212 115
158 93
99 68
48 41
15 17
9 5
33 11
76 35
132 64
191 91
238 113
263 128
267 138
242 134
195 115
138 83
82 52
37 29
11 13
13 9
42 19
93 39
152 68
208 99
250 125
269 138
261 138
228 125
179 101
121 76
66 46
25 23
9 7
19 9
56 25
111 50
37 80
222 109
0 128
251 138
253 126
154 119
164 97
103 68
50 37
19 15
9 7
29 13
72 31
128 60
189 89
236 117
263 136
269 144
251 146
199 121
132 74
76 33
39 13
17 11
13 15
37 19
85 31
150 60
207 99
248 132
267 144
261 140
234 125
185 105
125 82
70 52
29 23
9 5
17 3
52 21
105 48
164 78
218 105
255 125
269 138
257 140
220 126
167 97
109 66
56 39
21 19
9 9
25 11
66 27
123 52
181 85
232 115
261 132
269 138
248 132
207 117
150 89
93 60
42 33
13 13
9 5
35 13
82 35
140 64
199 95
242 119
265 136
265 140
238 132
191 111
132 82
76 52
33 27
13 13
21 15
52 31
91 44
146 60
207 83
253 113
271 136
259 140
222 123
175 95
119 68
64 46
23 27
9 13
23 11
62 25
117 52
173 83
226 111
259 130
269 136
250 132
210 117
156 93
97 62
48 33
15 13
9 7
33 15
76 35
134 60
193 89
240 117
265 134
265 140
240 130
195 111
140 83
82 54
35 29
11 11
15 5
44 17
93 41
152 70
208 101
250 125
267 138
259 138
230 126
179 105
121 74
66 44
25 21
9 9
21 11
56 25
111 48
171 80
222 107
257 130
269 142
255 140
220 128
166 109
95 64
41 17
13 0
11 0
31 15
70 37
126 54
187 80
238 111
265 138
267 150
244 138
201 111
144 82
85 56
39 35
11 15
11 5
39 9
87 33
146 68
205 101
246 123
267 134
263 136
234 128
185 109
126 80
70 46
29 21
9 7
17 7
52 21
105 46
164 76
218 103
253 126
269 140
257 138
220 123
167 97
111 68
56 41
21 17
9 7
27 11
66 29
123 54
181 83
230 111
263 132
269 142
248 136
207 117
150 91
93 60
44 33
13 15
11 9
39 19
89 46
140 72
187 87
232 103
263 121
267 132
238 130
189 107
132 76
80 48
35 27
11 17
15 15
46 23
99 44
158 72
212 103
251 128
267 138
259 134
224 121
173 99
115 72
60 42
23 19
9 5
23 11
62 29
115 54
175 83
226 109
259 128
269 138
251 136
212 121
158 91
99 62
48 35
17 15
11 9
31 15
5 33
7 60
193 93
240 119
15 136
265 140
242 130
197 111
138 83
80 54
35 27
11 9
13 7
42 19
93 41
154 70
208 103
250 126
267 138
263 140
230 128
181 107
126 87
62 56
15 13
0 0
17 0
60 21
113 56
42 82
220 103
7 121
271 138
255 146
208 130
162 97
95 60
52 33
19 17
1 13
27 15
70 27
3 52
187 85
234 117
13 136
251 140
171 130
203 113
144 87
87 60
41 33
13 11
11 5
39 17
87 39
146 68
201 93
246 119
269 136
263 142
234 132
185 107
128 78
72 48
29 25
9 11
17 7
52 19
103 44
164 76
218 107
255 128
269 138
257 136
220 123
169 99
111 70
56 41
21 19
9 7
25 13
68 31
126 62
185 95
226 115
251 123
261 123
248 123
208 113
152 91
91 58
42 29
15 9
15 9
37 21
82 42
138 64
197 91
244 119
265 138
263 142
238 128
191 105
132 76
76 48
31 23
11 11
17 7
46 19
99 42
158 74
214 105
251 126
267 138
257 138
226 125
175 101
115 72
60 42
23 19
9 7
23 11
60 27
115 52
175 80
226 109
259 130
267 138
251 134
212 117
158 93
99 64
46 35
15 15
11 7
31 13
76 33
134 62
193 91
238 117
265 132
265 138
244 132
197 115
138 85
85 60
41 41
7 15
1 0
35 0
93 29
156 74
207 107
246 123
267 128
265 134
232 132
181 115
121 80
66 42
25 17
9 7
17 11
54 27
109 44
167 72
222 103
257 128
269 142
255 138
216 121
164 93
103 66
52 41
19 19
9 5
27 9
70 27
128 58
187 91
234 117
263 132
269 138
246 132
201 115
146 87
87 56
39 29
13 11
11 7
39 19
87 41
144 66
201 95
246 121
267 138
263 140
234 128
185 107
128 80
72 48
27 23
9 9
19 11
52 27
105 50
166 80
226 115
257 138
259 136
246 125
218 107
171 89
111 68
54 41
19 13
11 1
29 9
68 33
121 62
181 87
230 111
261 130
267 140
248 136
205 117
150 87
93 56
42 31
15 15
11 9
35 15
82 35
140 62
197 95
242 121
265 136
263 138
238 128
193 109
134 83
76 52
33 25
11 9
15 7
46 21
97 44
158 74
212 101
251 123
267 136
259 138
226 126
175 103
115 72
60 42
23 21
9 9
21 11
58 25
117 50
175 82
226 111
259 132
267 140
251 136
214 121
158 93
99 64
48 39
21 27
11 19
21 7
64 9
130 39
195 83
242 126
263 140
265 136
244 125
201 111
142 93
82 64
35 33
11 7
13 1
42 17
91 44
150 72
207 95
248 117
267 134
261 140
230 130
181 103
123 72
68 44
27 23
7 9
19 7
56 23
111 48
167 80
220 107
257 130
269 140
255 138
216 121
164 95
105 66
52 39
17 15
9 7
29 13
70 31
126 58
185 87
234 115
263 134
267 140
246 134
203 115
146 87
87 56
39 29
13 13
13 9
39 17
87 39
146 68
205 99
251 130
273 150
259 142
224 119
179 89
126 64
72 44
27 23
7 7
17 3
52 19
107 48
166 82
216 111
253 128
267 136
255 134
222 125
169 103
109 70
54 37
21 15
1 5
25 13
64 29
123 54
181 82
232 111
261 132
267 140
250 134
208 117
152 89
91 60
44 35
15 13
9 7
33 13
80 33
142 62
199 95
242 121
265 134
265 138
238 130
191 111
132 82
76 50
33 25
11 9
15 7
46 21
99 44
156 72
212 101
251 126
269 140
259 140
226 126
175 101
117 72
62 44
23 21
11 13
29 23
58 29
105 39
166 60
226 95
263 132
269 146
250 136
210 111
160 87
101 68
50 44
15 21
9 5
31 7
76 31
132 62
189 93
238 115
265 130
265 134
240 130
197 113
140 87
83 54
37 25
11 7
15 9
44 21
91 42
150 68
207 97
250 123
267 140
261 140
230 126
181 103
123 74
66 46
25 23
9 9
19 9
56 25
109 50
169 78
220 107
257 126
269 138
255 136
216 123
164 97
105 68
52 39
19 17
9 9
29 13
70 31
126 56
187 87
234 117
265 138
275 150
248 140
195 111
136 74
83 41
41 23
15 13
11 7
37 13
85 33
148 64
205 101
246 130
267 140
263 138
236 126
187 109
126 82
70 50
29 21
9 5
17 7
50 21
103 46
164 76
218 103
253 126
269 138
257 138
222 125
169 99
109 68
56 39
21 17
9 9
25 13
64 27
121 52
181 83
230 115
261 134
267 140
250 134
208 117
152 89
93 60
44 33
15 13
11 5
35 15
80 35
140 64
197 93
242 119
265 136
265 140
238 130
191 111
134 82
78 52
35 27
11 13
15 11
52 29
101 54
148 68
201 82
248 105
271 130
261 144
224 130
171 97
117 64
64 42
25 27
9 17
21 13
60 23
115 46
173 82
224 113
257 130
267 134
251 130
212 115
158 93
99 66
48 37
17 13
9 5
31 15
76 35
132 62
191 89
238 117
265 134
265 140
242 132
197 111
140 83
82 52
37 27
11 9
13 7
42 17
91 41
150 68
208 99
250 125
267 138
261 138
232 126
183 105
123 78
66 46
25 21
9 7
21 9
56 25
109 50
169 80
222 107
257 128
269 140
257 142
224 132
162 103
93 56
42 19
17 1
11 1
29 13
68 31
126 52
187 83
236 117
265 140
267 146
246 134
203 113
146 87
85 58
39 33
11 11
11 5
37 13
85 35
144 66
203 97
246 123
267 136
263 138
236 130
187 109
126 78
72 48
31 25
9 11
17 9
46 21
97 46
164 76
216 105
3 126
269 138
257 138
222 125
169 97
109 68
58 41
21 19
1 7
25 11
64 27
121 54
54 85
226 113
11 130
269 140
250 136
207 119
152 91
93 60
44 33
15 15
11 9
37 17
83 41
146 76
193 99
230 105
257 113
265 125
242 130
191 115
132 80
76 44
35 19
13 13
17 17
46 27
95 42
156 66
212 99
251 130
267 142
257 138
226 119
175 97
117 72
62 46
23 21
9 7
23 7
60 25
115 52
173 83
226 109
259 128
267 136
251 134
212 121
158 95
97 62
46 33
17 15
11 9
31 15
74 33
132 58
191 89
238 119
263 136
265 140
242 130
197 109
140 83
83 56
37 29
13 11
13 7
42 17
91 41
152 70
207 101
250 125
267 138
261 140
232 130
187 113
125 85
60 46
15 9
0 0
21 0
56 21
107 48
167 76
222 103
259 128
271 144
255 144
216 126
164 97
105 64
52 39
17 17
0 7
25 9
68 25
126 52
185 85
234 117
13 134
267 140
246 132
203 117
146 89
87 60
41 33
13 11
11 7
39 15
85 37
144 66
193 95
246 121
17 136
263 140
234 130
185 107
128 78
64 48
29 23
9 9
17 7
52 21
95 46
37 76
216 103
5 126
269 140
250 138
222 123
169 99
111 68
50 41
21 19
7 7
25 11
66 29
121 56
183 93
234 125
253 130
257 119
244 113
210 109
154 95
91 66
41 27
15 5
15 5
37 23
80 46
138 68
197 91
242 115
15 136
263 142
238 130
193 107
134 78
78 50
33 27
11 13
1 9
46 17
31 41
156 72
212 105
1 128
267 138
259 136
226 123
177 95
117 74
62 44
23 19
9 7
23 9
60 27
115 52
173 82
218 109
9 130
267 140
251 136
214 119
158 93
99 62
48 37
17 17
1 9
31 15
3 33
7 60
128 91
238 119
15 136
267 140
244 134
199 115
144 89
89 66
35 35
1 5
3 0
39 1
93 33
152 70
207 99
248 119
269 132
265 138
232 132
181 111
123 78
68 44
27 21
9 9
17 11
52 23
109 44
169 74
220 105
255 128
269 140
255 136
218 121
164 95
105 66
52 39
19 17
9 7
27 11
70 31
126 58
185 87
232 113
263 132
269 140
246 132
203 115
146 87
89 56
41 29
13 11
13 7
39 17
85 39
144 66
201 95
246 123
267 138
263 140
234 128
187 107
128 80
72 50
31 25
9 9
17 9
50 23
103 46
164 78
218 109
261 140
265 148
244 125
212 99
169 82
115 70
58 48
19 21
7 0
27 3
68 31
123 64
179 91
230 113
261 126
267 136
248 136
208 121
152 91
93 56
42 27
15 11
11 9
35 17
80 35
138 60
197 91
242 121
265 138
265 140
240 130
193 109
134 83
78 52
33 27
11 9
15 7
44 19
97 42
156 72
212 103
251 126
267 136
259 138
228 126
175 103
117 74
62 44
25 21
9 9
21 11
58 25
115 50
175 82
226 111
259 132
269 140
253 136
214 121
160 97
101 66
54 44
21 25
3 7
19 0
68 13
132 48
193 89
238 119
263 130
267 134
246 128
201 117
140 91
82 58
37 27
11 9
15 7
41 21
89 42
150 68
207 95
248 119
267 136
261 140
230 126
181 101
123 74
68 46
27 25
9 9
19 9
54 23
109 48
167 78
220 107
257 128
267 138
255 134
218 121
166 97
105 68
52 39
19 17
9 5
29 11
70 31
126 56
185 85
234 111
261 130
251 138
248 134
205 117
146 87
89 58
41 33
13 15
11 9
39 17
85 39
15 66
193 95
246 121
23 146
267 154
228 128
175 80
125 56
7 41
33 29
9 15
15 5
50 13
107 42
166 80
216 115
3 126
251 138
257 132
218 123
169 103
95 72
56 39
15 11
9 5
25 13
64 31
113 54
56 83
230 111
261 134
267 142
250 136
208 117
152 89
91 60
44 35
15 15
11 7
33 13
80 33
138 62
197 93
242 121
265 136
265 138
240 130
191 109
134 82
78 52
33 27
11 11
15 9
46 19
97 42
158 72
210 103
251 126
267 138
259 138
226 126
175 103
117 72
62 42
27 25
17 21
21 17
50 19
105 35
171 66
226 103
257 130
265 138
253 132
214 115
160 93
103 70
48 42
17 17
9 5
29 11
74 33
130 62
189 91
236 113
263 130
265 138
242 132
197 113
142 83
83 54
37 29
11 13
13 7
41 17
89 39
150 68
207 99
248 125
267 136
263 138
232 126
181 105
123 76
68 46
27 23
9 7
19 9
54 23
107 48
167 78
220 107
255 128
269 138
255 136
218 121
166 95
105 68
52 37
17 15
11 7
29 15
68 31
125 56
185 87
234 117
263 136
269 144
251 146
203 123
136 76
78 35
39 13
17 9
13 13
35 19
83 31
146 58
205 97
246 130
267 146
261 138
236 125
187 103
126 80
72 54
29 25
9 5
17 3
50 21
101 46
162 78
216 103
253 125
267 136
257 138
222 126
171 101
111 68
58 39
21 19
9 7
25 11
62 25
121 52
179 83
228 111
261 132
267 138
251 134
208 119
152 91
93 60
46 35
17 15
11 9
33 15
80 35
138 64
197 93
240 119
265 134
265 140
240 132
193 111
136 83
78 52
35 29
11 15
19 15
50 29
91 44
144 58
205 83
251 113
271 136
259 140
226 123
177 95
121 70
64 48
25 29
7 13
21 9
60 23
115 50
171 82
222 111
257 126
267 134
253 134
212 119
158 95
101 64
50 33
17 13
9 7
31 15
74 35
132 60
189 89
236 115
265 134
267 140
242 132
199 113
140 83
83 54
37 29
11 11
13 7
42 17
91 41
150 68
207 99
248 123
267 138
261 138
232 126
181 105
123 76
68 46
27 23
9 9
19 9
54 23
109 48
167 80
220 109
257 130
269 140
255 138
220 126
169 111
99 66
41 19
13 0
11 0
31 15
62 35
125 54
185 78
236 111
265 138
267 150
246 138
205 113
140 83
87 56
41 33
13 15
11 5
37 11
83 33
144 64
201 99
244 123
17 134
263 138
220 128
187 109
128 80
64 48
31 25
9 9
17 9
46 21
95 44
162 74
216 103
253 128
267 140
257 138
222 123
169 99
111 70
58 42
21 19
7 7
23 9
64 27
121 54
179 85
228 113
261 130
269 140
250 136
208 119
152 91
95 60
46 33
15 15
11 7
37 19
87 46
138 72
185 87
230 101
263 119
269 134
240 132
191 111
134 76
80 46
37 27
13 17
15 15
44 21
97 39
156 68
208 101
250 126
267 136
261 134
228 123
175 101
117 74
64 44
25 21
9 7
21 9
60 27
113 52
173 80
224 107
259 128
267 138
251 134
214 119
160 93
101 64
48 35
15 15
9 5
31 11
74 31
132 58
191 91
238 119
263 134
267 140
244 132
199 113
140 85
83 56
37 29
13 11
13 9
41 17
89 39
150 68
207 97
248 125
267 138
261 140
232 128
183 109
130 89
68 56
15 13
0 0
19 0
58 21
109 56
166 80
218 101
257 121
271 140
257 146
218 130
164 99
105 62
54 37
19 19
9 13
25 13
68 25
125 52
183 85
232 117
263 134
267 138
246 130
203 113
148 89
89 60
41 33
13 11
11 5
37 15
85 39
144 68
201 95
244 119
267 134
265 138
236 130
187 109
128 78
74 48
31 25
9 11
17 9
50 21
103 44
162 74
214 101
253 125
271 140
257 140
222 125
169 99
113 70
60 42
21 21
9 9
25 11
66 29
125 60
183 95
222 113
250 119
263 123
250 123
210 115
154 91
93 58
46 29
17 11
13 9
35 21
78 39
138 64
195 91
240 119
265 138
265 142
240 130
193 107
136 80
78 50
33 27
9 9
15 7
46 19
97 42
154 72
210 103
251 125
269 138
259 138
226 125
177 103
119 72
62 42
23 17
9 7
23 11
58 25
113 50
173 80
224 109
259 130
267 140
251 136
214 119
160 93
101 64
48 37
17 15
9 7
31 13
74 33
132 60
189 89
238 117
263 134
265 140
242 132
199 113
144 87
89 66
42 42
5 13
1 0
33 0
91 27
154 72
207 105
246 121
267 126
265 132
236 132
183 117
123 82
68 42
29 15
9 7
17 13
52 25
107 46
167 72
220 103
255 126
269 142
257 138
220 121
166 95
105 66
54 41
19 21
9 7
27 9
68 27
125 56
183 87
232 115
263 130
269 138
246 132
205 117
148 87
89 56
41 31
13 11
11 7
37 15
83 37
142 64
201 95
246 121
267 138
263 140
236 130
187 107
130 80
74 50
31 27
9 11
17 7
50 23
103 46
164 80
222 115
253 134
259 134
248 123
220 107
173 93
113 72
56 41
19 13
9 1
27 7
66 33
121 62
177 87
228 109
261 128
267 140
248 138
207 119
152 89
95 56
44 31
15 15
9 9
35 15
80 33
136 60
195 91
242 121
265 136
265 140
240 128
193 111
136 82
78 52
33 25
11 9
15 9
44 19
95 42
156 70
210 101
251 126
267 140
259 138
226 125
175 101
119 74
64 46
23 21
9 7
21 9
58 25
113 52
173 83
224 111
257 130
267 138
253 134
214 121
162 95
101 66
50 39
23 27
9 17
19 5
62 9
128 39
193 85
238 123
261 136
265 132
246 125
201 113
142 93
83 64
37 31
11 7
13 3
41 19
89 44
148 70
205 93
248 117
267 136
261 142
232 130
181 105
125 74
70 44
27 23
9 11
17 9
54 21
107 44
167 78
220 107
255 128
269 138
255 136
218 121
164 95
107 68
54 39
19 19
9 7
27 11
68 29
125 58
183 87
232 113
263 132
267 140
246 134
203 115
148 87
89 58
41 31
13 13
13 9
39 17
85 39
144 66
201 97
250 128
271 148
257 140
224 117
181 91
130 68
76 46
29 25
7 7
17 3
52 19
95 48
162 80
214 107
253 126
269 136
257 136
222 125
169 101
111 70
58 39
21 15
1 5
23 11
62 29
119 52
179 82
230 113
11 134
267 142
240 134
210 117
156 93
95 62
44 35
15 13
11 5
33 13
62 35
3 62
195 91
242 117
15 134
265 138
240 125
193 111
128 82
80 52
35 25
11 9
15 7
44 19
95 42
156 70
210 101
1 125
267 138
261 138
228 126
177 95
119 74
64 44
25 23
13 17
25 23
52 27
101 33
166 56
226 97
11 134
253 146
251 134
148 111
162 87
103 68
50 44
17 21
9 7
29 7
74 31
130 62
189 93
236 115
263 128
267 134
244 132
199 115
142 87
85 54
39 27
13 13
13 9
41 19
89 41
148 66
205 97
248 123
267 138
261 138
230 126
183 105
125 78
68 48
27 23
9 7
19 9
54 25
107 48
167 78
220 105
255 126
269 138
255 138
218 123
166 97
107 68
54 39
19 19
9 9
27 13
68 31
125 56
183 87
234 115
265 136
277 152
248 142
195 111
138 74
85 42
42 23
13 11
9 7
37 11
85 31
146 64
201 101
244 128
267 140
263 136
236 126
189 109
130 82
72 50
29 21
11 5
17 5
48 21
99 44
162 74
216 103
253 126
267 138
259 138
224 125
171 101
113 70
58 41
23 17
9 7
23 9
62 25
119 52
179 83
228 111
261 132
267 138
251 134
208 119
154 93
93 62
44 33
15 13
11 7
33 15
78 35
136 62
195 91
242 119
265 136
265 140
242 132
195 111
136 83
78 54
35 29
11 13
15 11
50 29
97 52
144 62
201 78
248 105
271 132
261 144
226 130
175 95
119 64
68 44
27 31
9 19
19 13
58 19
113 46
171 82
222 113
257 128
267 134
251 130
214 117
160 95
101 66
50 35
17 11
9 5
31 13
74 33
130 60
189 87
236 115
263 132
267 140
244 132
199 111
142 83
85 54
37 29
13 13
13 7
41 17
89 39
148 68
205 97
246 121
269 136
263 140
232 128
183 105
125 76
68 46
27 23
9 9
19 11
54 23
107 48
166 78
220 105
257 130
271 142
259 144
224 132
162 101
95 58
46 23
19 5
11 3
27 13
66 27
125 50
185 82
236 117
263 140
267 146
248 134
205 113
148 87
89 60
41 33
13 13
9 3
37 13
83 35
142 64
201 95
244 121
267 134
263 138
236 130
189 109
130 80
72 48
31 23
11 9
17 9
48 21
101 42
162 72
216 103
251 126
267 138
259 138
224 126
171 101
113 70
60 42
21 21
9 9
23 11
62 27
119 52
177 83
228 111
259 130
269 140
251 136
210 119
154 91
95 60
46 33
15 15
11 9
33 17
82 39
142 74
189 95
228 103
259 113
267 128
244 132
193 117
134 82
80 44
37 21
13 15
15 19
44 25
95 41
154 66
208 99
250 126
267 140
259 136
226 121
177 97
119 72
64 46
25 23
7 5
23 7
60 27
113 52
171 82
224 107
259 128
269 138
253 136
214 121
160 95
101 64
50 35
15 15
9 7
31 13
72 33
130 60
189 89
238 117
263 134
265 138
244 130
201 113
142 85
85 58
39 31
11 11
13 7
41 17
89 41
148 68
205 99
248 123
269 138
263 140
234 130
191 117
126 85
60 42
17 7
5 0
19 1
54 23
105 48
166 72
220 101
257 126
269 144
255 142
220 126
167 97
107 66
54 39
19 19
1 9
25 9
66 23
125 52
185 85
232 117
261 134
267 138
248 132
205 117
148 91
89 58
42 31
13 11
11 7
37 15
83 37
142 64
199 93
246 119
265 136
265 140
238 130
189 109
130 80
74 50
31 27
11 11
17 7
48 19
93 44
160 74
214 103
251 126
269 138
259 136
224 125
171 101
113 70
60 41
23 19
9 9
23 11
64 29
121 56
183 95
228 121
251 125
257 119
248 117
212 115
156 97
95 64
44 29
17 5
13 5
35 23
78 42
136 64
193 87
240 115
265 136
265 142
238 132
193 107
136 76
80 50
35 29
11 13
13 9
44 17
97 41
154 72
208 103
250 126
267 136
261 134
228 125
177 103
119 76
64 44
23 19
9 7
21 9
58 25
113 50
171 80
224 109
251 130
267 140
251 136
214 119
162 95
101 66
50 37
17 17
11 7
29 13
72 31
130 58
189 89
236 117
263 134
267 140
244 134
201 115
148 93
89 66
33 31
1 1
5 0
39 3
89 35
150 68
203 97
246 117
21 132
265 142
224 134
183 111
125 80
68 44
27 21
9 9
17 9
52 21
97 42
166 74
218 105
5 128
267 138
255 136
220 121
166 97
107 68
56 41
15 17
1 7
25 11
66 27
125 56
183 87
232 115
11 130
251 138
248 134
205 117
148 89
89 58
42 31
13 13
11 7
35 15
83 37
142 66
201 97
244 121
267 136
265 140
236 130
189 109
130 80
74 50
31 25
9 9
15 7
50 23
41 48
31 78
218 109
1 140
263 140
246 123
216 101
173 87
117 72
58 48
19 17
9 0
25 5
64 31
119 62
175 89
228 109
261 126
269 140
250 138
208 121
154 91
95 58
46 31
15 15
9 9
33 15
78 33
136 58
195 91
240 121
265 138
265 140
240 128
195 111
138 83
80 54
35 27
11 9
13 5
44 17
95 42
154 72
208 101
250 125
267 138
261 138
228 126
179 105
119 74
64 42
25 21
9 9
21 9
58 23
111 48
173 80
224 111
257 130
269 140
253 136
216 123
162 97
103 68
56 44
19 25
1 3
17 0
68 13
132 48
191 87
236 117
261 130
267 134
248 130
203 119
142 93
83 58
39 27
13 11
13 7
39 19
87 39
148 66
205 93
246 121
267 136
263 138
232 126
183 105
125 76
70 48
29 25
9 11
17 9
52 21
107 46
166 78
218 107
255 126
269 136
257 136
220 123
166 97
107 68
54 39
21 17
1 7
25 11
68 29
125 56
183 85
230 111
263 130
269 140
248 134
205 115
150 87
91 60
41 33
13 15
11 7
37 15
83 37
142 66
199 95
244 123
273 146
265 150
226 123
179 85
125 60
78 44
33 31
9 13
15 1
48 11
103 41
164 82
214 113
1 130
269 126
259 134
218 126
171 105
113 72
58 37
21 13
9 5
23 13
62 29
117 52
177 82
220 109
11 132
251 142
250 136
210 117
156 89
95 60
44 33
0 13
11 5
33 13
0 33
0 62
195 93
240 121
15 136
265 138
242 130
195 111
138 85
80 54
31 27
11 9
0 7
44 19
95 41
13 70
210 101
0 125
267 138
261 140
230 128
179 103
119 74
66 46
31 29
15 19
17 13
46 13
103 31
46 68
218 105
7 130
265 136
253 130
218 117
164 97
103 70
46 42
19 15
1 7
29 13
72 33
125 60
187 87
234 113
5 130
265 136
244 132
201 115
142 85
85 54
39 29
13 13
13 9
39 17
89 39
146 66
203 97
246 123
267 138
263 138
232 128
183 105
126 76
70 48
27 23
9 7
17 9
54 23
105 46
164 76
218 105
255 126
269 138
257 138
220 123
167 99
109 70
56 41
15 19
1 7
27 11
68 29
123 54
183 85
232 115
13 136
271 148
253 148
199 119
138 72
83 37
35 19
17 15
3 13
33 13
83 27
146 60
203 99
236 130
15 142
255 138
236 125
189 107
130 83
66 52
29 23
9 3
15 3
48 21
99 46
160 76
214 103
3 125
267 138
259 140
224 126
173 93
113 62
58 39
23 19
9 9
23 11
60 27
117 50
177 82
220 113
9 132
251 140
250 134
210 119
154 93
95 62
46 35
17 15
11 9
33 15
78 33
136 62
195 93
240 119
265 134
265 138
240 130
195 111
136 82
82 54
39 31
13 17
21 19
44 27
85 37
144 56
205 85
250 117
269 136
259 138
228 123
179 97
123 74
66 50
25 27
9 11
19 7
58 23
113 52
169 83
222 107
257 125
269 134
253 134
214 121
160 95
103 64
52 37
17 15
9 7
29 15
72 33
130 58
187 87
236 115
263 134
267 142
246 132
199 113
142 83
85 56
41 31
11 13
11 7
41 15
89 39
148 70
205 99
248 123
267 136
263 138
232 128
185 107
126 78
70 48
27 23
9 9
19 9
54 23
105 48
166 78
218 107
255 128
269 140
257 140
226 134
167 111
97 62
44 17
17 0
13 3
27 17
66 33
123 50
185 78
234 113
263 142
267 150
246 136
207 113
150 85
89 60
41 35
13 15
11 3
35 11
82 33
140 64
199 97
244 123
265 134
263 138
238 130
191 111
132 82
74 48
31 23
9 9
15 9
46 21
99 44
160 64
214 101
3 126
267 138
259 138
224 123
171 99
115 62
60 41
23 19
9 7
23 9
62 25
119 52
177 83
220 111
7 130
269 130
251 136
210 121
156 93
97 62
46 35
15 15
3 9
37 21
83 44
130 66
181 82
232 99
265 123
267 136
240 132
193 107
136 76
83 48
39 29
13 17
13 13
42 19
95 41
154 70
207 101
248 125
267 136
261 136
228 123
177 103
121 74
66 46
25 21
9 7
19 9
58 25
111 50
171 80
222 107
257 128
269 138
253 136
216 121
162 95
103 64
50 35
17 17
9 7
29 13
72 31
128 58
187 89
236 117
263 134
267 140
244 132
201 113
144 85
85 56
39 29
11 11
11 7
41 17
89 41
146 68
203 97
248 123
269 138
263 142
234 130
189 113
130 91
66 50
15 7
1 0
19 0
56 25
105 54
164 76
218 97
257 123
271 144
257 146
218 128
167 97
107 64
56 37
19 19
7 9
25 9
66 23
125 52
183 85
230 117
263 134
267 138
248 132
207 117
150 89
91 60
42 31
13 11
11 5
35 15
82 37
140 64
199 93
242 119
265 136
265 140
238 130
189 109
130 80
74 50
31 25
11 11
17 9
46 21
101 44
160 74
212 103
251 126
269 138
259 138
224 125
171 101
113 70
60 42
23 21
9 9
23 11
64 31
126 64
177 91
216 105
0 115
265 125
253 128
203 119
154 91
97 56
48 31
19 15
3 13
33 21
78 37
3 60
193 89
238 119
263 136
265 140
240 128
195 107
138 80
80 54
35 29
11 11
13 5
44 17
95 42
152 72
207 101
0 123
269 136
261 138
228 126
179 103
117 74
64 44
25 21
7 7
19 7
58 25
111 50
171 80
218 109
0 130
251 138
253 136
154 123
162 95
95 66
50 37
17 15
1 7
29 13
72 31
0 58
187 87
236 115
15 134
265 140
238 134
201 117
144 89
91 66
41 41
1 5
1 0
37 0
89 33
150 72
203 101
246 117
269 128
265 136
236 134
185 113
126 80
70 44
29 19
9 9
17 11
50 23
105 42
164 72
218 103
255 128
267 140
257 136
220 121
167 97
109 68
56 41
21 19
9 7
25 11
66 29
123 56
181 85
230 111
261 130
269 138
250 134
205 117
150 89
91 58
42 33
13 13
11 9
35 15
82 35
142 64
199 93
242 121
267 138
265 140
238 130
189 109
132 82
76 50
33 27
9 11
15 9
48 19
101 44
164 82
218 117
248 128
257 128
251 121
224 113
173 99
113 72
60 41
23 13
11 3
25 13
62 33
117 58
175 82
226 109
259 128
267 142
250 138
208 117
156 87
97 58
46 31
13 13
11 7
33 15
78 33
134 60
193 91
240 119
265 136
265 140
240 130
195 111
138 82
80 52
35 27
11 9
13 7
44 17
93 41
152 70
208 101
250 125
269 138
259 138
228 126
179 103
121 76
64 48
25 21
9 9
21 9
56 25
111 50
169 80
224 109
257 130
269 140
253 138
216 121
164 95
103 66
56 44
23 31
5 11
17 0
64 7
130 46
191 91
236 123
261 130
267 130
248 128
203 121
144 97
85 62
39 29
13 9
13 7
39 21
85 41
146 64
203 91
246 119
267 136
263 142
234 130
185 105
126 76
70 46
29 25
9 11
17 9
50 19
105 44
166 76
218 107
255 128
269 138
257 136
220 123
167 99
109 68
56 41
19 17
9 7
25 11
66 27
123 54
181 83
232 111
263 132
267 140
248 134
207 117
150 89
91 60
42 33
13 13
11 5
37 15
83 39
140 68
201 97
250 130
267 146
255 136
228 115
187 91
134 72
76 50
29 25
7 5
17 1
50 21
93 50
158 82
212 107
251 125
269 138
259 138
224 125
171 99
115 68
60 39
21 19
9 9
23 11
62 25
117 50
175 82
226 111
259 132
267 140
250 134
210 117
156 91
97 62
46 35
15 13
11 7
33 13
76 33
134 60
193 89
240 117
265 134
265 138
242 130
197 111
138 83
82 54
35 29
11 11
13 9
42 19
93 41
154 70
208 99
250 125
267 138
261 138
230 126
181 105
121 76
66 46
27 23
15 21
21 21
46 15
99 25
167 58
226 105
259 138
267 142
253 130
218 113
166 95
103 76
50 46
17 19
9 3
29 9
70 31
128 62
185 89
234 111
263 128
267 138
244 136
201 117
144 87
87 54
39 29
11 13
11 9
39 17
87 39
146 66
203 97
246 123
267 138
263 138
234 128
183 107
126 76
70 48
29 23
9 9
17 7
52 21
105 44
164 76
218 107
255 128
269 140
257 136
220 123
167 99
109 70
56 39
19 17
9 5
27 9
68 29
125 58
183 87
232 115
267 138
275 152
242 138
195 107
142 72
91 46
44 29
13 13
9 5
35 9
83 31
142 64
199 101
244 126
267 138
263 138
236 128
191 111
132 83
74 50
31 23
9 5
15 5
48 21
99 44
158 74
214 101
251 126
269 140
257 138
224 125
175 101
115 72
60 42
21 19
9 7
23 11
60 27
115 52
175 82
228 111
259 130
267 140
250 134
212 117
156 91
97 62
46 35
17 15
11 9
33 15
76 33
134 62
193 93
240 119
265 136
265 138
242 132
197 113
140 85
82 56
37 29
11 13
19 17
48 33
87 44
140 52
193 76
251 111
271 140
261 146
228 125
181 95
123 68
68 48
27 31
7 13
19 7
56 17
111 46
162 82
220 111
5 125
269 125
255 132
216 123
162 99
95 68
52 37
19 15
1 7
27 13
70 33
128 58
187 87
236 113
5 132
267 140
246 132
201 111
144 85
87 56
39 31
11 11
13 7
39 17
87 37
146 66
203 95
248 123
267 138
263 140
234 126
185 105
126 78
62 48
29 23
9 7
17 7
52 21
97 48
164 76
218 107
5 130
271 144
255 148
220 130
158 93
99 52
52 25
21 1
9 5
23 11
66 25
123 52
183 85
234 117
263 138
267 142
248 132
207 115
150 91
91 62
41 33
13 11
11 3
35 13
82 37
130 64
199 93
244 119
265 134
263 140
238 130
191 111
132 80
76 50
33 25
11 11
15 9
46 21
99 42
158 72
214 103
251 126
267 138
259 136
226 125
173 101
115 72
60 42
23 19
9 7
23 11
60 27
117 52
175 82
228 109
259 130
267 140
251 134
212 119
158 95
97 64
48 37
17 17
9 9
31 15
82 44
134 70
181 83
228 95
263 115
269 136
244 138
193 115
138 78
83 46
39 29
13 21
13 17
42 21
93 37
152 66
207 99
248 126
267 138
261 134
230 121
179 101
121 76
66 48
25 21
9 5
19 7
56 25
111 50
169 80
222 107
257 128
269 140
253 138
216 123
162 95
103 64
52 37
17 15
7 7
29 11
72 31
128 58
185 87
234 115
263 134
267 140
244 134
201 115
144 87
87 56
39 31
11 11
13 9
39 17
87 39
146 68
203 97
248 123
269 140
263 142
238 134
191 119
123 80
60 37
21 5
9 0
19 5
52 23
103 44
164 70
220 101
257 130
269 146
255 142
220 123
169 97
109 68
54 42
19 19
0 7
25 7
64 25
121 52
181 85
232 115
11 130
267 138
250 134
203 119
152 91
91 60
44 31
15 13
11 9
35 17
80 35
15 60
199 93
244 121
15 138
265 140
238 130
191 109
132 82
76 52
33 25
11 11
17 9
46 21
99 44
158 74
214 103
251 126
269 138
259 138
226 126
173 101
115 70
62 42
25 21
9 11
23 11
62 27
123 60
181 97
220 113
248 113
263 117
253 125
214 123
154 97
95 60
46 25
19 9
13 13
33 25
76 39
134 58
193 85
238 115
263 138
265 144
242 130
195 105
138 80
82 54
37 31
11 11
13 5
42 15
93 41
152 72
207 101
250 123
267 136
261 136
230 128
181 107
121 76
66 44
25 21
9 9
0 11
56 25
109 48
37 78
222 107
7 130
269 140
253 136
216 119
164 95
103 68
52 39
17 17
9 7
29 13
70 31
126 56
187 87
236 115
265 136
267 142
246 134
205 119
154 99
87 66
31 25
1 0
9 0
41 9
87 39
144 66
201 91
248 117
271 136
265 144
234 134
185 111
126 78
70 46
29 23
7 9
17 9
50 19
95 41
164 72
218 105
255 128
269 140
250 136
222 123
169 99
109 70
56 41
21 17
1 5
25 9
62 27
121 54
181 83
230 113
261 130
267 140
250 134
203 117
150 89
91 58
44 33
15 15
1 9
31 15
82 35
140 64
189 95
242 121
17 134
265 138
238 130
191 111
125 82
76 52
33 25
11 11
15 9
46 21
99 44
160 76
218 115
1 134
257 128
250 115
224 107
177 99
109 78
60 46
21 13
11 0
25 9
62 35
115 60
50 83
218 105
259 126
269 140
251 140
210 119
156 89
97 58
48 33
15 17
9 9
33 13
76 31
132 58
191 89
240 119
265 136
265 138
242 130
197 111
140 85
82 56
35 29
11 9
15 5
42 19
91 42
152 70
208 99
250 123
267 138
261 140
230 128
181 105
123 76
66 46
25 21
9 9
19 9
56 23
109 48
169 80
222 109
257 130
269 140
253 138
218 123
166 99
109 74
56 48
13 19
0 0
21 0
70 15
130 52
187 87
234 115
263 130
269 136
248 136
203 123
144 93
85 58
39 25
13 11
11 9
37 19
85 37
146 62
203 93
246 121
267 138
263 140
234 128
185 105
126 78
72 50
29 25
9 9
17 7
52 21
103 46
164 76
216 105
253 126
269 138
257 136
220 123
169 99
111 70
56 39
21 17
9 7
25 13
64 29
121 54
181 83
230 113
261 132
267 140
248 134
207 117
150 89
93 60
44 33
15 15
11 7
37 15
82 37
140 66
197 95
246 125
273 148
261 142
226 113
185 85
134 70
82 54
33 33
9 9
15 0
50 15
101 48
158 82
210 107
251 125
267 132
259 136
226 126
173 105
115 70
60 39
23 15
9 7
23 11
60 25
117 50
175 80
226 109
259 132
269 142
251 136
212 117
158 91
99 64
46 37
15 15
11 7
31 13
76 33
132 60
193 91
240 117
265 134
265 140
242 132
197 111
140 85
82 56
35 29
11 11
13 9
42 19
91 41
152 68
208 99
248 125
267 138
261 138
232 130
181 109
123 78
68 52
33 35
9 19
9 7
44 9
105 33
171 70
222 107
255 128
265 134
257 130
220 123
166 103
103 74
52 41
19 15
9 5
27 13
68 33
126 58
185 85
234 111
263 132
267 140
246 134
203 115
146 87
85 56
41 31
13 15
13 9
37 15
87 37
146 68
201 99
246 123
267 136
263 138
234 128
185 107
126 78
72 48
29 23
9 9
17 7
50 21
105 46
164 76
216 103
253 128
269 138
257 138
222 123
167 99
109 70
58 41
21 19
9 9
25 11
66 29
123 56
181 87
230 115
263 136
273 150
248 142
197 107
142 66
91 42
46 29
15 19
9 9
33 9
83 29
142 64
197 103
242 126
265 138
263 134
238 126
191 111
134 85
76 52
31 21
11 3
15 5
48 21
99 46
158 72
212 99
251 123
269 140
259 140
226 126
175 101
115 70
62 42
23 19
9 7
21 9
60 23
115 50
175 82
226 111
259 132
269 140
251 136
212 121
158 95
97 64
48 37
17 15
9 7
33 13
74 33
134 60
191 91
238 117
265 134
265 138
242 130
199 113
140 85
82 56
39 31
17 19
19 19
37 19
80 27
146 52
208 89
250 123
265 138
259 136
230 121
183 101
123 78
66 52
27 27
9 11
19 9
54 23
109 48
167 80
220 107
255 125
267 136
255 134
216 123
164 97
103 64
52 35
19 15
9 9
27 13
70 31
126 56
187 87
234 117
263 134
267 140
246 132
203 113
144 87
87 56
41 31
13 13
11 7
39 15
85 37
146 66
203 97
246 121
267 134
263 138
234 128
187 107
128 80
72 48
29 23
9 9
17 9
50 23
103 46
164 76
216 105
255 128
269 140
251 144
226 138
164 99
99 52
50 17
23 7
13 11
25 17
64 27
121 46
183 78
234 117
263 142
267 146
248 132
208 111
152 87
93 64
42 37
13 13
9 1
33 9
82 35
140 66
197 95
242 119
267 134
265 138
240 132
191 113
134 82
76 50
33 23
9 9
15 7
48 21
97 42
158 70
212 101
251 125
269 140
259 138
226 125
175 101
115 72
62 42
23 21
9 7
21 9
60 25
115 52
175 82
226 111
259 130
267 140
253 136
212 119
158 93
97 62
50 37
19 19
13 13
37 25
76 39
125 54
181 74
236 103
265 126
267 138
240 130
197 107
140 80
85 54
39 33
11 17
13 11
42 17
91 37
150 70
205 101
248 123
267 134
261 132
230 123
181 105
121 78
66 46
27 21
9 7
19 9
56 25
109 48
169 78
220 105
255 126
269 140
255 138
216 123
162 95
105 64
52 37
19 17
9 7
27 11
70 29
126 56
187 87
236 117
263 134
267 140
246 134
203 115
146 87
87 60
41 33
13 11
11 5
37 15
87 39
146 68
201 97
246 123
267 138
263 142
236 132
193 121
128 87
60 41
19 1
7 0
19 5
52 27
103 48
164 72
218 97
250 128
271 150
257 148
218 126
169 95
111 66
56 41
15 19
0 7
23 7
64 23
121 50
179 85
230 115
11 132
251 138
250 132
130 119
152 95
93 62
37 31
0 11
11 7
33 15
80 37
138 62
197 91
242 119
265 136
265 140
177 130
193 109
125 82
76 52
35 29
11 13
15 9
44 21
97 42
156 70
212 103
251 126
267 138
259 138
228 125
175 103
117 74
62 44
25 21
9 9
23 13
64 35
121 64
169 83
214 97
251 113
269 128
253 134
212 121
158 91
99 56
50 33
19 17
11 13
29 17
76 31
134 58
191 91
236 119
263 134
267 138
244 130
197 109
138 83
83 54
37 29
11 11
13 7
42 17
91 41
152 70
207 99
248 123
267 138
261 138
230 126
179 103
123 76
66 44
27 21
9 9
19 11
56 25
109 48
167 78
220 107
257 128
269 140
255 138
216 121
164 95
105 68
52 39
17 17
9 7
27 11
70 29
126 58
185 89
234 117
13 134
267 140
246 132
203 115
140 95
93 74
33 31
1 0
5 0
33 5
89 42
17 72
201 93
246 113
19 125
267 144
236 140
187 113
128 76
72 44
29 21
9 13
1 11
50 19
33 39
162 70
216 103
253 128
269 140
257 136
222 123
169 99
111 62
58 42
21 19
1 7
23 11
64 27
121 54
179 85
230 113
261 130
267 138
250 134
208 117
152 91
93 60
44 33
15 13
11 5
33 13
82 35
140 64
197 95
240 121
265 136
265 140
240 132
193 113
134 82
78 52
33 25
11 11
15 9
46 21
101 46
166 83
210 109
240 117
259 121
259 125
228 119
175 103
115 72
60 37
25 13
11 9
23 17
60 33
115 52
175 80
224 109
257 132
267 142
251 136
212 115
158 87
99 60
48 37
17 17
9 5
31 11
76 31
132 60
191 91
238 117
265 134
265 140
242 132
195 111
142 85
83 56
35 29
9 11
13 5
42 17
91 42
150 70
205 97
248 123
267 138
261 138
230 128
181 105
123 76
68 46
25 23
9 9
19 11
56 25
109 48
167 78
220 107
255 128
269 140
255 138
218 125
166 99
107 70
58 50
19 25
0 0
17 0
68 11
128 54
187 93
232 119
261 128
269 132
250 134
205 125
146 95
87 58
41 27
13 9
11 9
37 19
83 35
144 60
203 91
244 121
265 138
263 140
236 128
187 105
128 78
72 50
29 27
9 11
17 7
50 19
95 44
162 76
216 105
253 126
267 136
257 138
222 125
169 99
111 70
58 39
21 17
1 9
25 11
64 29
121 54
56 83
228 111
7 132
253 140
250 134
208 117
152 89
93 58
46 35
15 17
11 9
35 15
82 35
140 64
201 101
246 130
259 136
253 126
232 113
191 97
136 78
78 54
33 25
11 3
17 3
48 23
99 50
156 78
210 103
251 123
269 138
259 140
224 126
175 99
117 70
62 41
23 19
7 7
21 9
60 23
115 50
175 83
226 113
259 132
269 140
251 136
212 119
158 95
99 66
48 37
15 13
9 5
31 13
74 33
132 60
191 89
238 117
263 134
267 140
242 132
199 113
140 85
82 54
35 27
11 9
0 7
42 19
89 41
150 68
207 99
0 125
267 138
261 140
232 128
181 105
125 78
68 50
29 31
13 23
13 9
42 3
103 25
171 68
224 111
255 136
267 136
255 128
220 119
166 101
107 76
52 42
19 15
9 1
27 9
68 33
125 60
185 85
234 109
253 128
267 140
246 136
203 115
146 85
87 54
41 31
13 15
11 9
37 15
85 35
144 64
201 95
244 121
267 136
265 140
234 130
187 107
128 78
64 48
31 25
9 11
15 9
46 21
95 44
162 76
216 105
3 126
269 138
257 138
222 125
169 99
113 62
58 42
21 19
1 9
25 11
64 27
121 54
181 87
232 119
19 144
267 148
236 128
191 101
134 76
95 54
44 33
13 13
9 1
37 9
5 37
15 62
195 99
242 121
265 134
265 138
240 132
191 111
132 82
78 48
33 21
9 7
15 9
46 21
97 42
156 70
212 101
251 126
269 140
259 138
226 125
175 101
117 72
62 44
23 21
9 7
21 9
60 25
113 50
173 82
226 111
259 130
267 138
251 134
212 117
158 91
101 64
48 37
17 15
11 7
31 13
76 33
132 60
191 89
238 117
263 134
265 140
244 132
199 113
140 87
83 56
37 31
13 15
19 23
41 27
80 29
140 46
205 80
251 121
269 144
261 142
230 123
183 97
125 78
68 56
27 31
9 9
19 3
54 19
109 48
166 82
218 107
255 125
269 134
255 136
218 125
164 99
105 66
54 37
19 15
9 9
25 13
68 29
126 54
185 87
234 115
261 134
267 140
248 134
203 115
146 87
89 58
41 33
13 13
11 7
37 15
85 37
144 66
201 95
244 121
267 134
263 140
236 130
187 109
130 78
72 48
29 23
9 7
1 9
48 23
103 48
162 76
216 105
5 130
267 150
257 150
214 125
160 85
105 52
58 31
21 17
0 9
23 7
64 23
123 50
56 87
226 119
261 136
267 140
250 132
207 115
154 91
93 64
44 33
13 9
9 3
33 13
80 37
138 64
195 91
242 119
265 134
265 140
238 130
193 109
136 82
78 54
33 27
11 11
15 9
46 19
97 42
156 72
210 103
250 125
269 136
261 138
228 126
175 103
117 74
62 44
25 21
9 9
21 11
60 25
113 50
173 80
224 109
259 130
269 140
253 136
212 121
160 95
101 64
48 37
17 17
11 9
35 21
78 42
125 56
177 68
232 93
267 125
269 146
242 138
197 109
142 78
87 52
41 37
11 23
13 11
41 13
91 33
150 68
205 103
246 125
267 134
261 132
230 123
181 105
123 78
68 48
29 21
9 7
17 9
54 25
109 50
167 78
220 105
255 126
269 138
255 138
218 123
164 95
105 64
54 39
19 17
7 7
27 11
70 29
126 58
185 87
232 115
263 132
267 138
248 134
203 117
146 89
89 58
41 31
13 13
11 9
37 17
83 39
144 66
201 95
246 123
269 138
267 144
242 140
187 115
119 74
64 33
27 9
11 1
17 9
48 21
101 41
162 68
218 103
255 132
269 146
257 140
222 119
171 97
113 72
56 44
19 19
7 5
25 5
64 25
119 54
179 85
230 111
261 130
267 138
250 134
208 119
154 93
95 62
44 33
13 13
9 7
35 15
80 35
138 60
195 91
242 119
265 136
265 140
240 130
193 111
134 82
78 52
33 25
11 11
15 7
46 19
95 41
156 72
210 101
251 126
269 138
261 138
228 126
175 103
117 72
64 44
25 23
9 11
21 11
60 27
121 62
171 89
214 99
250 107
267 121
257 134
214 126
156 95
99 56
52 29
21 17
11 17
29 23
72 33
132 56
191 87
236 119
261 136
265 138
244 128
199 109
140 83
83 58
37 31
11 9
13 3
42 17
91 41
150 72
205 99
248 121
267 136
261 138
232 128
181 105
123 76
68 46
27 21
9 9
19 9
54 23
107 46
167 76
218 105
257 130
269 140
255 136
218 121
166 97
107 68
54 41
19 17
9 7
27 11
70 31
126 58
185 87
234 115
263 132
269 142
248 134
210 123
152 99
83 60
29 19
7 0
13 0
39 15
83 39
142 64
201 91
248 119
269 140
265 148
236 134
187 109
128 78
74 48
29 25
7 11
17 7
50 17
101 41
162 72
216 105
253 126
267 136
257 134
224 125
171 101
111 72
56 41
21 17
9 7
25 13
62 29
119 54
179 82
230 111
261 134
267 142
250 136
208 117
154 91
95 60
44 35
15 15
11 7
33 13
78 33
138 62
195 93
240 119
265 134
265 138
240 130
193 111
136 83
80 54
35 29
11 13
15 9
46 21
97 44
160 82
214 115
244 123
257 117
255 117
230 119
179 107
117 76
62 41
25 13
11 5
23 17
60 37
113 56
171 78
224 103
259 128
269 144
251 140
212 117
158 87
101 60
50 37
17 17
9 7
31 11
74 29
132 60
189 93
236 119
265 134
267 138
244 130
199 113
140 85
83 56
37 27
11 9
11 5
41 17
91 41
150 70
207 99
248 123
267 138
261 140
232 126
183 107
125 78
68 48
27 23
9 7
19 7
54 23
109 48
166 78
220 107
257 128
269 140
255 138
220 125
169 103
113 78
52 44
7 9
0 0
25 0
70 25
125 58
181 85
232 109
265 128
271 142
248 140
205 121
148 89
89 56
41 29
13 13
11 9
37 17
83 33
142 58
201 91
246 123
267 140
263 140
236 126
189 107
130 80
74 52
31 25
11 9
17 7
48 21
101 44
162 74
216 103
253 125
267 136
259 138
224 125
171 101
113 70
58 41
21 19
9 7
23 11
64 27
121 54
179 83
228 113
261 132
269 140
251 136
208 119
152 91
95 60
44 33
15 13
11 9
35 15
80 35
138 64
197 97
248 132
263 142
253 126
230 107
193 93
138 80
80 58
31 27
9 1
17 0
48 21
99 52
156 80
210 101
250 121
267 134
259 142
226 128
175 101
117 68
62 39
25 21
9 11
21 11
58 25
113 48
173 80
224 109
1 132
250 140
251 132
212 117
156 93
95 66
50 39
17 15
9 5
31 11
74 33
130 60
189 89
238 115
265 132
267 140
244 132
195 113
142 85
83 56
37 29
11 13
13 7
41 17
89 39
148 68
205 99
248 123
267 136
263 140
232 128
183 109
126 80
74 56
31 33
1 9
7 0
48 5
107 37
167 74
220 107
253 126
269 134
257 134
222 126
166 103
107 72
52 39
19 15
9 7
25 13
66 31
125 52
183 82
234 111
263 132
267 142
248 134
205 115
148 87
89 58
41 33
13 13
11 5
37 15
83 35
142 66
201 95
244 121
265 134
263 138
236 128
189 109
128 80
74 48
31 23
9 9
15 7
48 19
103 46
162 76
214 105
253 126
269 138
259 138
222 126
169 99
111 70
58 41
21 19
9 9
23 11
64 27
119 54
179 85
228 115
265 140
271 152
242 132
197 97
150 70
97 52
48 37
15 19
9 3
35 5
82 31
138 70
195 103
240 123
265 132
265 134
238 128
193 113
134 85
78 50
33 23
9 7
15 9
44 21
95 44
154 70
210 99
251 125
267 140
259 140
228 125
177 101
119 74
64 44
23 21
9 9
21 9
58 25
113 50
171 80
224 109
259 130
269 138
251 136
214 121
160 95
101 64
48 37
17 15
9 7
31 13
74 33
130 58
189 87
238 117
265 136
267 142
244 134
199 115
144 87
85 58
41 35
17 23
11 13
31 9
80 21
146 52
208 91
248 125
15 136
261 132
234 123
185 107
126 83
68 54
27 25
9 5
19 7
52 23
107 50
166 78
218 105
5 125
269 136
255 136
218 123
166 97
107 66
54 37
19 17
1 9
27 13
68 31
125 54
183 85
232 115
261 134
267 140
248 132
205 115
148 87
89 56
42 31
15 13
11 7
37 15
83 35
144 66
201 97
244 121
267 136
263 138
236 128
187 109
128 78
74 48
33 25
11 11
15 9
50 21
103 46
162 76
214 105
253 126
271 142
263 150
220 128
160 85
105 46
60 27
25 19
9 15
23 11
62 19
113 48
181 87
226 121
9 138
267 140
250 130
208 115
154 93
95 66
44 35
13 9
9 1
33 13
80 37
136 64
195 91
240 117
267 134
265 140
240 132
195 111
136 82
78 50
33 25
11 9
13 7
44 19
95 41
154 70
210 101
251 126
269 140
259 138
228 125
177 103
119 74
62 44
25 21
9 9
21 9
58 25
113 50
173 80
224 109
250 130
267 140
253 136
214 121
160 95
101 66
50 37
19 19
17 17
33 23
64 31
119 44
183 72
238 107
265 132
265 140
242 126
201 107
146 83
85 60
37 35
13 15
13 7
41 17
87 39
148 70
205 99
246 121
267 132
261 136
232 126
183 107
125 76
68 46
29 23
9 9
15 9
52 23
107 46
166 76
218 105
5 126
269 140
255 138
218 123
166 95
107 66
54 41
15 19
1 7
25 11
68 29
125 56
183 87
232 115
13 132
251 138
248 132
205 115
150 89
91 60
42 33
13 13
11 7
37 15
83 37
144 66
199 97
244 123
267 138
265 142
240 138
191 121
123 76
62 29
27 3
13 1
19 13
48 25
99 41
162 64
216 101
255 134
269 150
257 142
222 121
171 95
113 70
58 44
21 21
9 5
23 5
62 23
119 52
179 85
230 113
261 130
267 138
250 134
210 119
154 93
95 62
44 33
15 13
11 7
33 17
78 35
136 60
195 91
240 119
265 136
265 138
240 130
195 111
136 83
80 52
35 27
11 11
15 9
44 19
95 41
154 72
210 101
250 125
267 138
261 138
228 126
177 105
119 74
64 44
25 21
11 13
25 17
64 37
109 56
162 72
214 91
255 115
271 134
253 138
212 121
160 89
103 60
52 39
19 23
9 15
29 15
72 29
130 58
189 91
234 119
13 134
267 138
244 128
199 113
142 85
83 56
39 29
13 11
13 7
41 17
89 39
148 68
207 97
246 123
267 136
261 138
232 126
183 107
125 76
70 46
29 21
9 9
17 9
54 23
107 46
166 76
218 105
5 126
269 130
255 136
158 123
166 97
107 68
54 39
19 17
9 5
27 11
68 31
125 56
183 85
232 113
263 134
269 142
248 136
207 121
154 101
87 64
31 19
3 0
11 0
41 15
83 42
140 64
201 87
248 115
269 140
265 150
236 136
187 107
130 76
76 48
31 29
9 13
15 7
48 15
101 41
160 72
214 107
253 128
269 136
257 134
224 125
173 103
113 74
58 42
23 17
9 5
23 11
62 27
117 52
177 82
228 109
259 130
269 140
251 136
210 119
154 91
95 60
46 33
17 15
11 9
33 15
78 33
136 60
195 93
240 119
265 134
265 138
242 132
195 113
136 83
80 52
35 27
11 11
15 11
46 23
101 50
158 80
201 97
238 109
263 121
261 130
230 126
177 103
117 70
66 39
29 19
11 13
19 17
58 29
113 50
173 78
222 109
255 130
267 138
251 132
214 117
160 91
103 64
50 37
17 15
9 7
29 11
74 33
130 60
189 91
236 117
263 132
267 138
244 132
199 113
142 83
85 54
39 29
13 11
11 7
41 17
89 39
148 68
205 97
246 121
267 136
263 140
232 128
183 107
125 76
70 46
27 23
9 9
19 9
52 21
107 46
167 78
220 107
255 130
269 140
257 138
220 123
167 101
97 80
58 52
11 13
0 0
21 0
70 21
126 60
181 89
232 109
263 125
271 140
248 140
205 126
150 93
