390000 10000000 81788 25
216 115
193 107
166 93
136 78
107 62
82 46
58 37
39 27
27 19
21 15
23 13
31 15
46 23
68 35
93 46
121 60
150 74
179 87
205 103
226 115
244 125
255 130
259 134
257 136
248 132
230 125
208 115
183 103
156 89
130 80
103 68
68 46
41 23
25 5
23 3
23 9
25 15
33 17
52 19
80 33
107 54
132 74
160 85
187 93
212 105
234 119
248 128
255 134
257 132
253 128
240 125
222 119
199 109
173 95
144 82
115 64
87 50
64 42
44 33
29 21
21 13
21 11
29 15
41 23
60 33
21 35
113 54
17 68
162 83
197 99
220 111
240 121
1 128
250 132
257 134
250 132
218 125
216 117
191 105
164 91
134 78
107 62
80 48
48 37
39 25
27 19
21 15
15 15
33 17
48 25
70 37
93 48
126 66
158 89
175 93
193 85
220 87
242 111
9 132
259 140
251 130
238 121
232 117
210 119
181 111
148 91
123 70
95 52
62 41
46 33
33 25
23 17
19 1
25 9
33 17
46 29
78 41
105 50
132 64
162 80
191 95
214 109
234 119
0 126
250 130
257 134
251 132
240 126
222 119
199 107
156 93
142 78
115 66
80 54
62 41
41 27
29 19
23 17
21 17
29 17
41 21
62 31
80 42
115 56
142 70
171 83
191 99
222 113
240 123
3 130
251 134
257 134
250 132
220 126
220 125
193 115
146 89
121 62
99 42
64 39
56 31
35 25
23 13
21 0
25 13
35 23
48 31
70 39
97 46
125 58
152 76
181 91
207 105
228 113
244 119
253 125
259 132
257 136
244 132
226 121
205 109
181 99
152 87
121 72
93 54
70 41
48 31
31 23
21 17
21 15
17 15
39 19
56 27
78 41
101 52
9 66
164 80
187 93
208 109
236 119
0 128
250 132
259 134
250 134
162 128
220 119
197 107
169 95
125 82
113 66
83 50
52 39
42 29
29 19
21 15
15 15
31 21
48 33
0 44
64 39
105 37
0 50
175 78
203 95
218 117
242 119
0 123
261 132
259 142
185 140
232 128
212 111
187 99
160 91
130 78
93 62
74 42
54 29
37 23
25 19
21 17
15 13
33 15
50 17
9 37
97 50
1 64
154 76
183 89
210 105
230 117
246 126
5 132
259 132
253 130
244 128
226 123
205 113
177 97
150 83
121 68
93 56
68 44
46 33
31 21
23 17
21 13
25 15
41 21
56 29
80 39
107 52
138 68
166 83
193 97
218 109
238 121
253 132
261 138
263 146
248 136
228 119
210 101
193 93
169 87
138 78
109 62
83 44
60 33
42 29
29 25
21 21
21 15
21 15
44 21
1 35
82 46
117 58
21 62
175 83
203 99
224 115
234 123
5 128
250 130
257 132
248 130
232 125
210 115
185 103
156 87
125 72
101 60
74 46
52 33
35 21
15 15
21 13
25 17
31 19
50 25
74 35
101 48
0 64
158 80
185 93
210 105
232 117
248 126
5 132
259 134
255 132
242 128
224 121
203 111
177 97
140 85
119 70
91 56
68 42
46 33
31 25
27 27
19 21
17 3
31 0
56 11
85 39
111 62
11 72
166 76
197 87
218 111
240 125
251 138
257 134
257 128
251 128
236 128
216 121
191 105
166 85
136 72
107 62
80 50
58 39
39 25
27 17
21 13
21 15
31 19
46 25
62 33
91 42
119 56
150 76
177 91
203 103
226 113
244 123
255 130
251 136
255 134
246 130
232 123
208 113
183 101
156 87
126 72
99 58
72 44
50 33
35 25
25 19
21 15
25 13
37 19
52 27
76 37
103 50
132 64
160 80
189 95
216 113
238 128
242 128
246 119
251 115
253 121
244 125
222 121
199 107
175 89
148 78
121 72
89 62
62 44
44 29
31 19
21 17
19 17
25 17
41 19
60 27
83 41
109 54
140 70
169 85
197 97
220 109
240 121
251 130
259 134
257 132
250 130
236 125
216 117
191 105
164 91
134 76
107 62
80 48
48 35
39 25
23 17
19 13
23 15
31 19
46 25
68 35
93 48
121 60
150 74
179 89
205 105
228 115
244 125
255 130
259 134
255 134
246 130
230 123
208 113
183 101
154 89
125 74
103 66
76 58
42 33
21 3
17 0
23 3
29 19
37 27
52 25
78 29
105 46
134 70
162 89
189 101
212 105
234 113
248 125
255 136
257 138
251 130
238 121
222 113
199 107
171 97
144 83
115 66
87 50
62 39
42 31
29 23
21 15
21 13
27 15
41 21
60 31
85 41
115 54
144 70
171 85
199 99
222 111
240 123
253 130
257 134
257 136
250 132
234 125
214 115
189 103
162 89
134 76
105 62
78 48
54 35
39 25
27 19
21 15
23 15
33 17
48 25
70 37
97 52
130 72
154 85
171 85
197 85
226 99
248 117
255 130
257 132
253 128
175 125
230 121
207 117
181 107
152 87
123 70
93 52
68 42
46 33
31 23
23 13
19 11
25 13
37 21
46 27
78 39
105 50
134 66
164 82
191 95
214 107
236 117
250 126
257 132
257 134
251 132
240 126
220 117
197 107
169 93
142 80
115 66
85 52
60 39
41 25
29 21
23 17
21 15
29 15
42 21
64 31
87 42
115 56
144 70
173 83
201 99
222 113
242 123
253 130
259 134
257 134
248 132
234 126
214 117
193 113
160 99
123 68
93 39
72 27
56 29
37 29
23 21
19 9
23 5
35 15
52 33
72 44
97 50
126 58
154 72
183 91
207 107
230 119
244 123
255 126
259 132
253 134
242 130
226 121
205 109
179 97
150 85
121 72
93 56
68 41
46 29
29 21
23 17
21 13
25 15
39 19
56 29
82 41
107 54
136 66
164 80
193 95
216 109
236 121
250 126
257 132
259 132
251 130
238 126
220 119
197 109
167 95
140 80
111 64
83 50
60 37
42 27
27 21
21 17
23 17
33 23
48 35
62 37
78 37
109 41
144 58
177 82
203 101
222 113
242 117
255 125
261 134
259 142
248 138
232 126
210 111
187 101
158 91
126 76
99 58
74 41
52 29
35 23
23 19
19 15
23 13
35 17
50 25
72 37
99 50
128 64
158 76
185 89
208 103
230 115
248 125
257 130
257 134
253 132
244 130
226 123
203 111
177 97
148 83
119 68
91 54
66 41
44 29
31 21
23 15
21 13
25 15
41 21
58 31
82 41
109 52
140 68
167 83
195 99
218 111
238 121
251 130
259 134
259 138
257 144
236 132
207 105
185 82
166 76
126 76
111 72
80 50
48 29
41 19
29 21
23 25
21 23
29 19
46 19
66 31
91 46
117 62
23 74
175 82
193 93
224 111
234 125
5 125
259 134
251 132
248 128
232 126
210 117
185 105
156 87
126 72
99 58
72 46
50 33
35 21
17 15
21 13
23 13
35 19
52 27
76 37
103 50
128 64
158 80
187 93
212 107
232 117
248 125
257 132
259 136
253 134
242 126
224 121
201 111
175 97
146 83
109 68
89 52
66 41
46 33
35 29
25 25
17 15
17 5
33 3
60 17
85 39
111 56
138 68
167 78
199 93
222 113
240 126
251 134
259 134
257 132
250 132
234 128
214 119
191 103
166 89
134 74
105 60
80 48
58 35
41 25
27 19
21 15
23 15
31 17
46 25
68 33
93 46
121 60
150 74
177 87
205 101
228 115
244 123
253 130
259 134
255 132
246 130
230 123
207 111
183 99
156 87
126 74
95 58
72 44
50 33
35 23
23 17
21 13
25 15
37 19
54 25
76 37
103 50
132 66
162 80
189 95
214 109
240 128
253 142
250 132
246 115
248 109
242 115
226 123
199 115
171 93
144 72
119 62
89 58
64 50
42 35
29 19
21 9
21 11
27 17
41 23
60 27
85 35
113 50
142 68
169 85
197 97
220 107
240 119
253 130
257 136
257 136
250 130
236 125
214 117
189 105
162 91
134 76
105 60
78 48
54 35
37 25
27 19
21 13
23 13
33 17
48 25
70 35
95 46
123 58
150 72
181 87
208 103
228 117
244 125
255 130
259 134
255 134
246 130
228 123
207 111
181 99
152 87
126 76
103 68
72 52
39 27
21 5
19 0
21 5
25 13
37 21
56 25
80 35
107 50
134 70
164 87
191 99
214 107
234 117
248 125
255 132
257 134
251 130
240 123
220 115
199 107
169 95
140 80
113 66
87 52
62 41
41 27
29 21
21 15
21 13
29 15
41 21
62 31
87 42
115 56
142 70
171 83
191 99
222 113
240 123
3 128
251 132
257 134
248 132
232 125
214 115
189 105
160 91
130 76
103 60
78 46
56 35
37 27
25 19
21 13
23 15
33 19
48 25
72 37
99 50
126 66
158 85
183 101
201 99
218 95
242 105
257 125
259 138
253 136
242 125
228 113
208 109
173 107
152 95
121 74
93 52
68 37
46 31
29 25
21 19
19 11
25 9
33 17
56 29
80 41
107 54
134 64
164 78
193 95
216 113
236 123
250 126
257 128
257 132
251 132
234 128
218 119
195 105
169 91
140 80
111 66
83 50
60 39
41 27
27 19
21 15
21 13
29 15
44 23
64 33
89 44
117 58
146 72
175 87
201 101
224 113
242 123
255 132
259 134
255 134
248 132
234 126
214 121
193 113
156 93
121 66
91 44
72 33
52 27
35 23
23 17
19 11
25 11
37 19
52 31
72 42
99 50
126 60
156 74
183 91
208 107
230 115
246 123
257 126
259 132
253 132
242 128
226 121
205 111
177 99
148 83
119 70
91 56
66 42
44 29
31 21
23 15
21 13
25 13
39 19
58 29
82 41
109 54
136 66
166 82
195 95
218 109
236 119
251 128
257 132
257 134
251 132
238 126
218 117
195 105
167 93
138 78
109 62
82 50
58 37
41 27
27 19
21 15
23 15
31 19
46 25
72 44
91 54
107 46
136 46
175 68
207 99
226 123
240 125
253 123
261 125
259 136
248 142
230 130
208 113
185 97
158 85
126 76
97 62
64 44
35 29
35 19
23 15
19 15
23 15
35 17
52 25
74 37
99 50
128 64
158 78
185 91
210 105
232 117
248 126
255 132
257 132
253 130
242 126
226 121
203 111
175 99
146 82
117 66
89 54
66 42
44 31
29 21
23 15
21 13
27 15
41 21
60 29
83 41
111 54
138 70
167 83
195 97
218 109
240 121
253 130
259 136
261 142
255 142
232 128
207 105
185 87
164 80
138 74
107 64
78 44
56 29
42 23
31 23
23 23
21 19
31 17
46 23
66 33
91 48
119 60
148 70
179 83
205 99
226 115
244 126
255 130
259 132
255 132
246 130
230 125
208 115
183 99
154 85
126 72
97 58
72 44
48 31
35 21
25 17
19 15
23 13
37 19
54 27
76 39
101 48
130 64
162 80
189 95
212 107
232 117
250 126
257 130
257 132
253 134
242 128
224 121
201 111
173 97
144 83
117 68
89 54
64 42
42 31
29 23
25 21
25 27
23 19
31 5
54 7
85 29
115 56
142 76
169 83
197 91
222 105
242 125
253 138
257 140
255 134
250 126
234 123
214 117
191 107
164 91
132 72
105 58
80 48
56 37
37 27
27 17
21 13
21 15
31 19
46 25
68 37
95 46
123 60
152 74
179 89
207 103
226 113
244 123
255 130
259 136
255 134
246 130
228 123
207 113
181 101
154 87
123 72
95 54
70 41
48 31
33 23
23 17
21 13
25 13
39 21
56 29
78 39
103 52
134 66
164 82
191 97
216 111
242 128
251 136
248 128
248 119
248 117
242 119
222 117
197 107
169 91
142 74
117 64
89 56
64 46
42 33
29 19
21 13
21 13
27 19
41 23
60 29
85 37
115 52
142 70
171 85
199 99
222 111
242 121
251 128
257 132
257 132
250 130
234 125
214 115
189 103
162 91
132 76
103 60
76 46
54 35
37 25
25 19
19 13
23 15
33 17
48 25
70 35
95 46
125 60
154 76
181 89
207 103
230 115
248 126
255 132
257 134
255 134
246 130
228 125
205 115
179 99
152 85
123 72
93 58
74 52
50 44
25 21
11 0
15 0
27 5
41 23
54 33
78 35
107 44
138 62
166 87
193 105
214 113
236 117
250 121
257 132
257 138
250 134
240 125
220 113
197 103
169 95
140 82
113 66
85 50
60 35
41 27
29 23
21 19
21 15
29 13
42 21
64 33
87 46
115 56
146 70
175 83
201 99
222 113
240 123
253 130
257 132
257 132
248 130
232 125
214 115
189 103
160 89
130 76
103 60
76 46
52 35
35 25
25 17
21 13
23 15
33 19
48 25
72 37
99 48
130 66
164 89
183 101
199 99
220 99
244 109
257 123
261 134
253 134
242 125
228 115
207 111
179 105
150 91
121 72
91 52
68 41
46 31
31 23
21 17
19 11
25 9
39 17
56 29
80 42
107 52
136 66
166 80
195 97
218 113
236 123
250 128
257 130
257 132
251 132
238 126
218 117
195 103
167 91
138 80
109 64
83 50
60 39
41 29
27 19
21 15
21 15
29 17
42 23
64 31
91 44
119 58
148 74
175 87
203 101
226 115
244 125
253 130
257 132
257 134
250 132
232 126
210 117
187 103
164 99
130 83
89 52
62 21
48 11
37 17
25 21
19 17
23 9
37 11
54 25
76 44
99 58
128 66
156 74
183 85
210 105
232 121
248 128
255 128
257 128
253 130
242 130
224 123
201 109
177 93
148 82
119 70
89 56
64 41
46 27
31 19
21 17
19 15
27 17
41 21
58 29
82 41
109 54
138 68
167 82
195 95
218 107
238 121
251 130
257 134
257 134
251 130
238 125
218 117
193 107
166 93
136 78
109 64
80 48
56 35
41 27
27 21
21 15
23 13
33 19
48 31
74 48
89 50
109 48
140 54
177 74
205 99
224 115
242 121
253 123
261 130
259 136
248 138
230 128
210 115
185 101
154 87
125 74
97 60
72 44
48 29
33 19
23 17
21 15
25 15
35 17
52 25
74 35
101 50
130 66
160 82
187 93
212 105
234 117
248 126
257 132
259 134
253 132
242 126
224 119
201 109
173 97
144 82
115 66
89 52
64 41
44 29
29 21
21 13
21 11
29 15
41 23
60 31
83 42
113 56
142 70
169 83
197 99
220 111
240 121
251 128
259 134
257 136
251 136
242 138
212 123
179 91
156 68
134 62
109 62
80 54
54 37
35 17
29 11
25 19
25 27
31 27
46 25
68 29
93 42
121 62
150 78
177 87
205 95
228 109
244 123
255 134
257 134
255 132
246 126
230 123
207 115
181 101
152 83
126 70
97 58
70 44
48 33
33 23
23 15
19 13
25 15
37 19
54 27
76 37
103 48
132 64
162 80
189 95
212 107
234 117
250 126
257 132
257 132
253 132
240 126
222 119
199 109
173 95
144 83
115 68
87 54
62 39
42 31
31 23
27 23
25 25
21 17
31 9
54 13
85 31
115 52
142 70
169 82
199 93
224 109
242 126
253 138
257 138
257 134
250 128
234 125
214 119
189 107
160 89
132 72
105 58
78 46
54 37
37 25
25 15
21 13
23 17
33 21
48 27
70 35
95 46
123 60
154 76
181 91
208 103
228 115
244 123
255 130
259 134
255 134
244 130
228 121
207 111
179 99
152 85
123 72
95 58
70 44
48 31
33 23
23 17
21 15
25 15
37 17
56 27
80 41
105 54
134 68
164 80
191 95
216 111
236 121
253 132
263 146
253 136
240 115
232 103
222 105
201 111
169 101
138 78
113 56
89 46
64 42
42 39
27 25
21 13
21 9
29 13
41 25
62 35
87 42
115 52
144 66
173 83
201 101
222 113
242 121
251 126
259 132
257 134
248 134
232 125
212 113
189 101
160 89
130 76
101 60
76 44
54 33
37 23
25 17
21 15
23 15
33 19
48 27
70 35
97 48
125 62
154 74
183 89
208 105
230 117
246 126
255 130
259 134
255 134
244 130
226 123
205 111
179 99
150 85
121 72
95 58
74 52
48 41
23 19
11 1
15 0
27 5
41 19
56 29
80 37
109 46
140 66
166 87
193 103
216 113
238 121
251 126
257 132
257 136
250 132
238 125
218 115
195 103
167 93
140 80
111 66
83 50
60 37
41 27
27 21
21 15
21 13
29 17
44 23
66 33
89 46
117 58
146 72
175 85
201 99
224 113
242 123
255 130
257 132
255 132
248 130
232 125
212 115
185 101
158 87
130 74
101 60
74 46
52 33
35 23
25 15
21 15
23 17
31 19
52 27
74 37
99 48
126 62
158 80
189 101
212 119
218 113
236 105
3 111
253 128
255 138
242 132
224 115
205 101
179 95
148 89
119 78
91 58
66 39
44 27
29 21
21 19
19 15
25 13
39 17
58 25
82 41
109 56
138 68
167 80
195 95
218 109
238 123
1 128
250 132
257 132
250 132
236 126
218 119
193 107
166 91
136 78
109 64
82 50
58 37
39 25
27 17
21 15
23 15
31 19
44 23
66 33
91 44
119 60
148 74
177 85
205 99
218 113
244 125
253 130
259 134
257 134
248 130
230 125
210 117
187 107
164 99
125 80
87 52
62 27
46 15
37 17
25 19
19 15
23 11
37 13
54 25
76 42
103 58
128 68
158 76
187 89
212 105
232 121
246 128
255 128
259 128
253 130
242 128
224 121
201 109
175 95
146 82
117 68
87 52
66 41
46 31
31 23
21 15
21 13
27 17
41 23
60 31
82 41
111 52
140 68
169 83
195 97
218 109
238 119
251 128
259 134
257 134
251 132
236 126
216 117
191 105
164 91
136 78
107 64
80 50
56 37
39 27
27 19
21 15
21 15
33 19
48 25
68 37
99 56
121 70
140 66
167 68
203 83
230 111
246 130
253 134
257 126
255 123
250 130
232 132
208 125
181 103
154 82
125 68
97 60
70 48
46 33
33 17
23 9
19 11
25 15
37 23
54 29
78 37
103 48
130 66
162 82
189 97
212 107
232 117
248 126
7 132
257 134
251 132
236 126
222 117
199 107
173 97
144 82
115 66
85 52
64 39
42 29
29 23
21 17
21 15
29 17
41 21
60 31
85 42
113 56
142 70
169 83
199 99
220 113
240 121
251 126
261 134
259 138
253 140
240 136
212 119
179 95
154 76
132 64
107 58
78 48
54 33
37 21
27 15
23 17
25 21
33 23
46 25
70 33
95 46
123 62
150 76
177 85
207 99
228 113
244 126
253 132
259 134
255 132
246 128
228 123
207 113
179 99
152 85
123 72
95 58
70 44
48 33
31 21
23 15
21 13
25 15
37 19
54 27
78 37
105 50
134 66
164 82
191 95
214 109
236 119
250 126
257 132
259 134
251 132
240 126
220 119
197 105
171 95
142 83
113 68
85 52
62 39
42 29
29 23
21 17
23 19
35 29
41 29
50 19
78 19
117 41
148 72
173 93
197 99
222 105
244 117
255 132
259 142
257 142
248 130
234 121
212 113
187 105
160 91
130 74
101 54
76 41
54 31
37 27
25 21
19 13
23 11
33 15
50 27
72 39
97 48
125 60
154 76
183 91
208 105
230 117
246 125
255 128
259 132
253 134
244 130
226 123
205 111
179 97
150 83
121 68
93 56
64 44
31 31
31 21
15 17
21 15
17 15
39 21
56 29
80 39
107 52
11 66
166 78
193 97
208 109
238 121
7 136
261 144
251 136
240 119
232 109
220 107
197 105
166 93
136 72
97 58
87 50
62 44
41 35
27 23
21 15
21 13
29 17
42 23
1 31
80 42
115 54
19 68
173 85
201 101
224 113
234 123
3 128
251 134
257 134
248 132
230 123
212 115
187 103
158 89
128 74
101 58
74 44
37 33
35 25
25 19
21 15
15 15
33 19
50 25
72 37
99 48
126 62
156 78
185 91
208 105
230 115
246 125
7 132
259 134
255 134
244 130
226 121
203 111
177 99
142 85
119 70
91 54
66 42
50 37
35 33
17 17
1 0
19 0
33 9
60 33
82 46
107 52
136 60
167 78
197 101
218 119
236 126
0 125
257 126
257 132
250 134
234 130
218 117
193 101
167 89
138 80
109 66
82 52
58 35
41 25
27 19
21 15
21 15
31 17
44 21
66 31
91 44
119 60
23 74
175 78
203 97
226 111
244 125
255 134
257 134
257 132
248 130
232 125
208 117
183 101
156 87
128 72
99 58
74 44
52 33
35 23
25 17
21 13
23 15
35 21
52 27
74 37
101 50
130 66
162 83
193 105
212 115
224 113
238 111
253 117
259 126
253 132
240 126
224 115
203 105
177 95
148 87
119 74
89 56
64 39
44 27
29 21
21 17
19 15
25 13
41 17
58 27
83 42
111 56
140 68
169 82
197 95
220 109
238 121
251 128
257 134
257 134
250 130
236 126
216 117
193 105
164 91
134 74
109 62
82 50
56 39
37 25
27 17
23 15
23 15
29 19
46 23
68 33
93 46
121 60
148 74
177 89
205 101
226 113
244 123
255 130
259 132
257 132
248 130
230 125
208 115
183 103
156 89
128 82
99 70
64 41
39 13
29 1
25 9
23 19
25 19
33 17
52 17
78 33
105 56
132 76
158 83
187 89
212 101
232 117
248 130
257 134
257 132
253 128
240 125
222 119
201 111
173 97
144 82
115 66
87 52
64 42
42 31
29 21
21 13
21 11
29 15
42 23
60 31
85 41
113 54
142 70
169 85
197 99
220 111
240 121
251 126
257 130
257 134
250 134
234 125
214 115
191 103
164 91
134 78
105 62
78 46
56 35
39 25
27 21
21 17
23 15
33 17
48 27
72 41
101 60
121 68
142 68
169 72
203 87
230 109
244 125
253 130
257 128
257 126
248 130
230 128
207 119
181 101
154 83
125 70
95 56
66 42
46 29
33 19
23 15
19 13
25 15
37 21
56 29
78 39
103 50
132 66
162 82
189 95
214 107
234 117
250 126
257 132
257 134
251 130
240 126
220 119
197 107
169 93
144 80
115 66
85 52
60 39
42 27
29 19
21 15
21 13
27 15
42 21
62 31
85 42
115 56
144 72
171 85
197 97
222 111
242 123
253 132
259 134
257 136
250 132
236 128
220 128
187 113
150 80
123 50
103 44
82 46
54 42
35 27
25 11
23 7
27 15
33 27
48 35
70 37
95 42
125 56
152 76
181 93
207 105
228 113
246 119
255 128
259 136
255 134
244 126
228 119
207 111
179 101
150 85
123 70
95 54
68 42
46 31
31 21
23 17
21 13
25 15
37 19
56 29
80 41
107 52
134 66
164 80
193 95
216 111
236 119
250 126
257 132
257 132
251 132
240 126
220 119
197 109
169 93
140 80
113 66
85 52
62 41
42 29
27 21
23 17
27 21
35 29
39 25
50 19
82 23
117 44
148 68
173 87
199 97
224 107
244 119
255 132
259 140
257 140
248 132
232 123
210 115
187 105
158 91
128 74
101 56
76 42
52 33
35 25
25 17
19 13
23 13
35 17
50 27
72 37
99 48
126 62
156 76
183 89
208 105
230 115
246 123
255 130
259 134
253 132
244 130
226 123
205 113
177 97
150 83
121 68
91 54
66 41
46 29
31 21
23 15
19 13
27 15
41 21
56 31
82 42
109 54
138 68
166 83
193 95
216 109
238 121
251 130
261 140
263 148
248 134
226 111
212 95
195 93
169 93
138 83
107 64
82 42
60 31
42 31
27 27
19 21
21 13
29 13
44 21
64 37
89 48
117 56
146 68
175 82
203 99
226 117
242 125
253 128
259 132
257 132
248 132
232 126
210 115
185 101
156 85
128 72
101 60
74 46
50 33
35 21
25 17
21 15
23 15
35 17
52 25
74 37
99 48
126 62
158 76
187 91
210 105
230 115
248 125
259 134
259 136
253 134
242 128
226 119
203 109
175 97
146 83
119 68
91 54
68 44
50 41
33 31
13 13
9 0
21 0
41 11
60 29
82 41
109 48
140 60
171 80
199 103
220 119
238 125
250 126
257 130
257 134
250 134
236 126
216 115
193 101
166 89
136 78
107 64
80 46
58 35
41 27
27 21
21 15
23 15
31 17
44 23
66 31
91 44
121 60
148 74
177 87
205 99
218 115
244 126
0 130
251 132
255 132
246 128
230 123
208 113
175 99
156 87
126 74
97 58
72 44
50 33
35 23
23 17
19 13
25 15
31 19
52 27
76 37
103 52
130 66
160 80
187 95
218 115
236 130
240 125
246 111
3 113
255 125
236 132
218 125
199 103
173 87
148 80
117 76
87 62
62 44
44 25
29 17
21 17
19 17
27 15
42 19
60 25
83 31
111 54
140 72
169 85
197 95
220 107
240 121
1 130
250 134
257 132
250 128
236 125
214 117
189 105
164 89
136 76
107 62
80 48
56 35
39 25
27 19
21 15
21 15
31 17
46 23
68 35
93 46
121 60
152 76
179 87
207 101
228 115
246 126
255 132
259 134
255 132
246 130
230 125
208 115
183 103
156 89
132 82
95 64
60 37
39 15
31 5
25 9
21 15
23 15
35 15
56 21
82 39
105 60
130 74
160 83
189 91
214 105
234 121
248 128
257 132
257 130
251 128
240 125
222 121
199 111
173 95
142 80
113 64
87 52
64 42
42 33
29 21
21 15
21 13
27 17
41 23
60 31
85 41
113 54
142 70
171 85
199 99
222 113
240 121
251 128
259 132
257 134
250 132
236 125
214 115
189 103
162 89
132 76
105 62
78 48
54 37
37 27
25 17
21 15
23 15
33 19
48 27
70 35
97 48
130 72
152 83
169 78
199 80
228 97
248 125
255 138
255 136
255 126
246 123
230 123
205 119
179 107
152 87
123 66
93 52
68 44
46 35
31 21
23 11
21 9
25 13
37 21
56 31
78 39
107 50
134 66
164 82
191 95
214 109
236 119
250 126
257 132
257 134
251 130
240 126
220 117
197 107
169 95
142 80
113 66
85 50
60 37
41 29
27 21
21 15
19 13
29 15
44 23
64 33
87 44
117 56
144 72
173 85
199 99
222 113
242 123
253 130
257 132
257 134
251 134
240 134
216 126
181 103
148 76
125 56
101 48
78 44
52 35
35 21
17 11
23 11
25 17
35 25
50 31
72 35
97 44
126 60
154 78
183 93
208 103
228 111
246 121
255 130
259 134
253 134
242 128
226 119
205 111
177 99
148 85
121 68
93 54
68 42
44 29
31 21
23 15
21 13
25 15
39 19
56 29
80 39
107 52
134 66
166 82
193 97
216 109
236 119
251 126
257 134
257 134
251 132
238 126
220 117
195 107
167 93
138 78
111 62
83 48
58 39
41 29
27 21
21 15
23 15
37 25
48 37
60 33
78 25
111 33
148 60
179 89
201 107
222 111
244 115
255 126
259 138
257 144
248 136
232 121
212 109
185 101
156 91
126 76
99 56
74 39
52 29
35 25
25 19
21 13
23 13
35 17
50 25
74 39
99 52
126 62
156 74
185 89
212 107
232 119
248 126
255 130
259 132
253 132
242 128
224 121
203 109
177 97
148 83
119 70
89 54
66 41
46 31
31 21
21 15
21 13
27 13
41 21
58 29
82 39
109 52
5 68
167 83
195 99
218 111
240 123
3 132
265 144
250 142
242 126
226 109
214 99
195 97
167 91
136 78
107 60
82 44
60 37
41 33
27 27
19 17
21 11
31 15
44 25
64 35
89 44
121 56
148 70
177 85
203 101
226 115
244 123
253 130
250 132
255 132
246 130
230 125
208 113
183 99
156 85
126 72
97 58
72 44
50 31
35 23
23 17
19 13
23 13
37 17
54 27
74 37
101 50
130 64
160 78
187 93
210 107
232 117
248 125
255 130
259 134
253 134
242 128
224 121
201 109
175 97
146 83
117 68
89 54
64 41
44 29
35 31
23 27
9 7
15 0
39 0
64 25
85 48
109 60
138 62
171 74
199 95
220 119
234 130
1 130
251 128
257 130
248 130
234 128
216 117
191 99
164 87
134 74
107 64
78 50
56 33
39 23
27 19
21 17
23 17
31 19
46 21
68 33
93 46
121 60
150 74
179 87
205 101
226 115
244 125
255 130
259 134
255 132
246 130
228 123
208 113
183 101
154 85
125 70
95 54
72 44
50 35
33 23
23 15
21 13
25 15
37 21
54 29
76 37
103 50
132 64
162 80
193 99
218 119
230 123
238 117
250 115
257 121
253 128
240 128
220 117
199 103
173 91
146 83
117 74
87 58
62 39
42 27
29 19
21 17
19 15
27 15
41 17
60 25
85 39
113 56
142 70
169 83
197 95
222 109
240 123
251 130
257 134
257 132
250 130
234 125
212 115
189 101
164 89
134 78
103 62
76 48
56 35
39 25
25 19
19 13
21 13
33 17
48 25
70 35
95 46
115 60
27 76
181 89
207 95
228 115
246 125
5 125
259 134
251 134
244 130
228 123
207 113
173 101
152 87
126 78
93 70
62 48
37 15
17 0
23 1
23 15
25 21
35 19
46 19
82 33
99 56
134 76
162 87
189 95
203 103
234 117
248 130
5 136
257 132
251 125
240 123
220 119
197 111
169 95
126 78
109 64
78 52
60 41
41 29
29 19
21 13
21 13
27 17
41 23
62 31
87 42
115 56
144 70
173 85
201 101
222 113
240 121
253 128
257 132
255 132
250 130
234 126
212 115
187 103
162 89
130 76
103 62
76 48
54 35
37 25
25 17
21 15
23 15
33 19
50 27
74 37
103 58
128 72
146 74
171 76
205 87
230 107
246 123
255 130
259 130
255 128
246 128
228 125
207 119
179 103
150 83
121 68
93 54
68 42
46 31
29 17
21 11
21 11
27 15
37 21
56 27
82 37
107 50
134 68
164 82
191 95
216 109
236 117
250 126
257 134
257 136
251 132
238 125
220 117
195 105
169 95
140 80
111 64
83 48
60 37
41 27
27 21
21 15
21 13
29 17
42 23
64 33
89 44
117 58
146 72
175 85
201 99
222 111
244 123
255 132
257 134
257 134
248 132
234 126
216 126
189 115
150 83
119 52
97 37
76 39
54 39
35 29
23 13
21 5
25 11
37 27
50 37
72 41
97 44
126 56
156 76
183 95
208 107
230 113
248 119
255 128
259 134
253 136
244 130
226 119
203 109
175 97
148 85
119 70
89 54
66 39
46 29
31 23
21 17
21 13
27 15
39 19
58 29
82 41
109 52
138 68
166 82
193 97
218 109
238 121
251 128
257 132
257 134
250 130
238 125
218 117
195 107
167 93
138 80
111 64
82 50
58 37
41 29
27 21
23 17
25 21
37 29
42 29
54 25
80 25
117 42
152 68
177 91
201 101
224 109
246 119
257 132
259 142
255 140
246 132
232 119
210 111
183 103
156 89
126 72
99 54
74 41
50 31
33 23
23 17
21 13
25 13
35 19
52 27
74 37
101 50
128 62
158 78
185 91
210 107
232 117
248 125
255 130
259 134
253 132
242 128
224 119
203 107
175 97
146 83
117 68
89 52
64 39
44 27
29 19
21 15
21 15
27 17
39 21
58 29
83 41
111 54
140 70
167 83
195 97
220 111
240 123
251 130
261 136
263 146
248 138
224 111
208 93
193 89
169 91
136 83
105 62
80 41
58 27
42 27
27 29
19 23
21 13
31 11
46 21
68 37
91 50
121 60
150 70
177 82
205 99
226 117
244 126
253 128
257 130
255 132
248 132
230 125
208 115
183 99
156 83
126 72
97 58
70 42
50 31
35 23
23 17
19 15
25 15
37 21
54 27
76 37
103 50
130 64
160 80
187 93
212 105
234 117
250 126
255 130
259 132
253 132
242 130
222 121
199 111
173 95
144 83
115 68
89 54
66 42
48 39
33 31
13 15
9 0
21 0
42 11
62 29
83 42
111 52
142 64
173 82
199 103
220 119
238 125
251 128
259 130
255 134
248 132
234 126
214 113
189 99
162 85
134 76
107 64
78 48
54 33
37 21
27 19
21 17
23 17
31 17
48 23
70 33
95 46
121 60
152 74
179 87
207 101
226 113
244 123
255 130
259 134
255 134
244 128
228 121
208 113
181 101
152 85
123 70
95 56
70 44
48 33
31 23
23 15
21 13
25 15
37 19
54 27
78 39
105 52
134 66
162 80
191 95
220 117
238 132
240 123
246 111
255 113
255 125
242 132
220 123
197 105
171 87
144 78
115 72
87 62
62 42
42 25
27 15
21 15
21 17
27 19
41 19
62 25
87 39
115 56
144 74
171 83
199 95
222 109
240 123
251 132
257 132
257 134
250 130
232 125
212 115
189 103
160 89
132 76
103 60
76 46
54 35
37 25
25 17
21 13
23 15
33 19
48 25
70 35
97 46
126 62
154 76
181 89
208 103
230 115
246 123
255 130
259 136
255 134
244 130
228 123
205 113
181 101
154 89
126 80
91 60
58 33
39 13
29 7
23 11
19 15
25 13
37 15
58 23
82 41
109 58
136 74
164 83
191 93
214 105
236 119
250 130
257 134
251 130
250 126
171 123
220 119
195 109
169 93
125 78
113 64
83 52
52 39
41 27
29 19
21 15
21 13
29 15
42 23
64 33
87 42
115 56
146 64
173 85
201 101
224 115
234 123
3 130
251 134
251 132
248 130
234 123
212 115
187 103
158 87
126 74
103 60
76 48
52 35
35 23
25 17
21 15
15 15
33 21
50 27
72 37
101 52
132 74
152 82
173 78
201 82
230 101
250 125
257 138
257 134
253 125
246 121
228 123
205 121
177 105
148 83
119 64
91 52
66 44
44 35
29 21
21 9
21 7
25 13
37 21
58 31
82 41
109 52
128 66
166 83
195 99
218 109
236 119
250 125
257 130
257 134
251 132
234 125
218 115
187 105
167 93
138 80
109 64
83 50
58 37
39 27
25 19
21 15
21 13
29 15
44 23
66 33
91 44
119 58
148 72
175 87
203 101
224 113
244 123
255 128
259 134
257 136
250 134
238 132
214 123
177 99
146 74
123 56
99 46
76 42
50 33
33 19
23 9
21 9
27 19
37 29
50 33
74 35
101 46
128 64
156 80
183 93
210 103
232 113
248 123
255 130
259 134
255 132
242 126
224 119
201 109
175 99
146 83
117 68
89 52
64 39
44 29
29 21
21 15
21 13
27 15
41 21
58 31
83 41
111 52
138 68
167 83
195 97
218 111
238 121
251 128
257 132
257 134
250 130
238 126
216 117
193 105
166 91
136 80
109 64
80 50
56 35
39 25
29 21
21 19
21 15
35 25
48 37
58 31
80 25
115 37
152 62
181 91
203 107
224 111
244 115
257 128
261 140
255 144
246 134
230 121
208 109
183 101
154 89
125 74
97 54
70 37
50 29
35 23
25 19
21 15
23 13
35 17
52 27
76 39
101 52
130 62
160 76
187 91
212 107
232 119
248 126
257 130
257 132
253 132
242 128
224 119
199 107
158 95
140 80
115 66
89 54
64 41
42 31
29 21
23 15
21 15
27 17
39 21
60 29
83 41
111 54
140 70
169 83
197 99
220 113
240 123
255 134
265 144
255 140
238 123
226 107
214 101
193 99
162 91
130 74
107 56
82 44
58 39
39 31
25 23
21 15
15 13
31 15
46 25
1 35
93 46
121 56
25 70
179 85
203 95
228 115
244 125
0 128
251 132
255 134
246 130
228 123
207 111
175 99
154 87
123 72
95 56
70 42
48 31
33 23
23 17
21 13
25 13
37 19
54 27
76 37
103 52
132 64
162 80
189 93
214 107
234 119
248 126
255 130
250 132
253 130
240 126
222 119
199 109
171 97
142 82
115 68
87 54
62 41
44 33
35 33
19 21
1 1
19 0
42 5
66 31
87 48
113 56
142 62
173 78
201 101
222 121
240 130
251 130
257 126
255 128
250 134
234 130
212 115
189 99
162 83
125 74
103 64
76 48
54 33
37 19
17 17
21 17
21 17
33 19
48 23
70 33
95 46
123 62
154 76
181 87
207 101
228 113
244 123
257 130
259 134
253 132
244 128
228 123
207 113
179 99
152 85
123 70
93 56
68 41
46 29
33 21
23 17
21 15
25 15
39 19
56 29
80 41
105 52
134 68
166 82
197 103
218 119
228 117
240 113
253 117
259 126
253 130
238 126
220 117
199 103
171 93
142 83
113 72
85 54
60 39
41 25
27 19
19 17
19 15
27 15
42 17
62 29
87 42
115 56
146 72
173 85
201 99
222 113
240 123
253 130
257 132
255 134
248 130
232 123
212 115
189 103
160 87
130 72
103 60
76 46
52 35
35 25
25 17
21 15
23 15
33 19
48 25
70 35
97 46
126 62
154 78
183 91
208 103
230 115
246 126
255 132
259 134
253 134
244 128
226 121
205 111
179 101
150 87
125 78
93 66
60 39
35 9
25 0
25 5
23 17
25 21
37 17
56 19
82 35
111 58
138 80
164 87
191 93
216 103
238 119
250 132
255 134
257 130
251 126
238 123
218 119
195 109
167 95
140 78
111 62
83 50
60 41
41 29
27 19
19 13
21 11
29 15
42 23
66 35
89 44
117 56
146 72
175 87
201 101
224 113
242 123
253 128
257 132
255 134
248 130
232 123
210 113
185 101
158 87
128 74
101 58
74 46
52 33
35 25
23 19
19 13
25 13
37 21
54 31
76 44
105 60
126 66
146 70
175 74
208 91
232 111
248 126
253 130
257 128
255 126
246 130
226 126
203 117
175 99
148 82
119 68
89 56
64 42
42 29
29 17
21 11
21 11
27 17
41 21
60 29
82 41
111 54
138 70
167 83
195 97
216 109
236 119
251 126
257 134
257 134
250 132
236 125
218 117
193 105
166 91
136 78
109 62
82 48
56 37
39 25
27 19
21 15
21 15
29 17
44 23
66 33
91 46
119 60
148 72
177 87
205 101
226 115
244 125
253 130
259 134
257 136
248 134
232 128
216 126
181 107
144 76
117 48
97 42
76 44
50 39
31 21
23 9
23 7
27 19
37 29
52 33
74 37
101 44
128 62
158 80
185 95
212 105
232 113
248 121
255 128
259 134
253 132
242 126
222 117
201 107
175 97
146 83
115 68
87 50
64 37
44 29
29 21
21 15
21 13
27 15
41 21
60 29
83 42
111 54
140 68
167 82
195 97
220 111
240 121
251 128
257 132
257 132
250 132
236 125
216 117
191 103
164 91
134 76
105 62
80 48
58 37
39 27
27 21
21 17
29 23
35 29
39 25
56 21
87 29
123 48
152 74
177 89
201 97
228 109
248 123
257 136
259 140
255 136
246 130
230 121
207 113
179 101
152 85
125 70
97 54
70 41
48 31
33 23
25 17
21 13
25 13
37 19
54 29
78 39
103 50
132 64
162 78
189 93
212 107
234 119
250 125
257 130
257 134
251 132
240 126
222 119
199 107
171 95
142 82
115 66
87 52
62 39
42 29
29 21
21 15
21 15
27 15
41 21
62 31
85 42
113 56
142 70
171 83
199 99
222 113
240 123
253 130
263 142
259 146
240 126
222 103
210 93
193 97
164 97
132 80
103 56
80 39
58 33
39 33
25 27
21 17
21 9
31 11
48 25
68 39
93 48
123 56
152 70
181 85
207 105
228 119
244 125
255 126
259 132
255 134
244 132
228 123
207 111
181 97
152 83
123 72
93 56
70 42
48 31
33 21
23 17
21 15
25 15
37 19
54 27
78 39
105 52
134 66
164 80
191 93
216 107
234 119
250 126
257 132
259 134
251 132
240 125
220 119
199 109
171 97
142 82
113 68
87 52
66 44
48 41
25 25
9 5
13 0
27 1
44 17
62 33
85 41
115 50
146 64
175 83
201 105
224 119
240 126
253 128
257 130
257 134
248 134
232 125
212 111
187 97
160 85
130 76
103 62
76 46
54 33
37 25
23 19
19 15
23 13
35 19
50 27
70 35
97 46
125 60
154 76
183 91
208 103
230 117
246 125
255 130
257 132
255 132
244 128
226 121
205 111
177 97
150 83
121 70
91 56
68 42
46 31
31 23
23 15
21 15
25 15
39 21
56 29
80 39
107 52
138 70
166 83
195 101
222 123
232 123
240 113
250 109
257 121
253 132
238 132
218 117
195 99
169 87
142 83
113 74
83 56
58 37
41 21
27 17
21 17
19 17
27 13
42 15
64 27
89 44
117 60
146 74
175 85
201 97
224 113
242 125
253 132
259 134
255 132
248 128
232 125
210 115
187 103
158 87
128 72
101 58
76 46
52 35
35 23
25 17
21 13
23 13
33 17
52 27
74 37
99 50
126 62
158 78
185 93
210 107
230 117
246 123
255 130
259 134
253 134
242 128
224 121
205 111
177 101
154 93
121 80
83 52
54 27
41 13
31 11
23 13
19 13
25 11
41 15
60 29
83 46
109 62
136 72
166 82
195 95
218 111
236 123
250 128
257 130
257 130
251 130
236 126
218 117
195 105
167 91
138 78
109 64
78 50
50 39
39 27
25 17
21 13
23 15
31 17
37 23
66 33
91 44
119 58
148 74
177 87
203 99
218 113
244 123
3 130
251 132
257 132
248 130
230 123
208 111
185 101
158 87
126 74
99 58
72 42
50 31
37 25
25 19
19 17
15 15
37 19
52 29
74 41
107 60
130 76
150 72
171 70
208 83
236 111
250 132
255 134
255 126
255 125
244 126
226 128
201 119
173 99
146 78
117 62
87 52
64 44
44 31
29 17
21 9
21 9
27 15
39 23
60 31
83 41
111 52
140 70
169 85
195 99
218 109
238 119
251 128
257 134
257 134
250 130
236 125
216 115
191 105
164 91
136 78
107 64
80 50
56 37
37 27
25 21
21 15
21 15
31 17
46 23
68 33
91 44
121 58
150 74
179 89
205 103
226 115
244 123
255 130
259 134
257 136
250 136
236 136
205 117
171 89
146 68
125 60
99 54
72 44
46 31
33 17
27 13
23 17
25 23
35 25
52 27
76 35
103 48
130 66
160 80
187 91
212 103
232 115
248 125
257 132
259 132
253 132
242 128
222 119
201 109
173 97
144 82
115 66
87 52
62 39
41 27
29 19
21 15
21 15
29 15
41 21
60 29
85 42
113 56
140 70
169 83
197 97
220 111
238 121
250 126
259 132
257 134
250 132
234 126
214 117
191 105
164 91
134 78
103 62
80 46
56 37
39 27
25 19
21 15
27 19
39 31
42 29
56 19
87 23
125 46
156 76
179 95
203 101
228 105
248 119
257 136
259 146
255 140
244 128
228 117
207 111
179 103
150 89
123 68
95 50
70 39
48 31
33 25
23 17
21 11
25 13
37 19
54 31
78 41
105 52
134 64
162 78
189 93
214 107
236 121
250 128
255 132
257 132
253 132
240 128
220 121
197 107
171 93
142 80
113 66
85 52
62 39
42 27
29 19
21 15
21 13
29 17
42 23
62 33
87 42
115 56
144 72
173 85
201 99
224 115
244 126
259 142
259 142
248 130
238 115
222 109
214 107
189 103
158 89
130 72
105 56
80 46
56 41
37 31
25 23
21 15
23 13
33 17
48 27
70 35
93 42
123 54
156 74
183 91
208 107
230 115
246 123
257 130
259 136
253 136
244 128
228 121
205 111
179 99
150 83
121 70
93 54
68 41
46 29
31 21
23 17
21 13
25 15
37 19
56 27
80 37
107 52
134 68
164 82
191 95
216 107
236 119
250 128
259 132
257 134
251 132
238 125
220 119
197 109
169 97
140 80
113 66
85 52
60 42
46 39
29 31
13 7
11 0
25 0
46 15
68 37
87 48
115 54
146 64
177 83
203 109
224 123
242 126
251 125
257 128
257 134
246 134
232 125
210 111
187 97
158 85
128 76
101 62
76 46
54 33
35 23
23 17
19 15
23 13
35 17
50 25
72 37
99 50
126 62
156 78
183 89
208 103
230 117
246 126
255 130
257 134
253 132
242 128
226 121
203 111
177 97
150 83
119 70
91 56
68 42
46 31
31 21
21 13
21 13
27 17
41 23
58 29
82 41
111 54
140 72
169 91
197 107
212 113
226 109
242 109
257 121
259 130
250 132
236 125
218 113
197 103
169 97
140 85
109 70
82 50
58 35
39 25
25 19
21 17
21 13
29 15
44 21
64 31
89 44
119 58
148 72
177 85
203 101
224 115
244 125
253 130
257 132
255 132
248 130
232 125
210 113
185 101
156 87
128 74
99 58
72 42
50 31
37 23
25 17
19 15
23 15
35 19
52 27
74 39
99 50
128 64
158 76
185 91
212 105
232 117
248 126
257 132
259 134
253 132
244 128
226 123
203 111
175 99
150 89
123 82
83 56
52 23
39 5
31 9
25 19
21 21
25 15
41 13
62 25
85 46
111 64
136 74
167 80
197 93
220 109
236 125
250 130
257 130
257 128
250 128
236 125
216 117
193 107
166 91
136 76
107 62
82 50
58 39
39 27
25 17
21 13
21 15
31 19
44 23
66 31
93 44
121 58
148 74
179 87
205 101
226 115
244 125
253 130
259 134
255 132
246 128
230 123
208 113
183 101
156 87
126 74
99 60
72 46
50 35
33 23
23 17
21 15
25 17
37 21
54 31
83 46
103 58
121 60
150 62
183 76
214 99
234 119
246 126
255 126
259 126
255 132
244 132
224 126
201 113
173 95
146 80
115 68
87 54
62 39
42 27
29 17
21 11
21 13
27 17
41 21
60 29
85 41
113 56
140 72
169 85
197 97
220 109
240 121
251 128
257 132
257 132
250 130
236 126
214 117
191 103
164 89
134 76
105 62
78 48
56 35
39 25
25 19
21 15
23 13
31 17
48 25
70 33
95 46
123 60
152 74
181 89
207 103
226 115
244 123
255 130
259 134
255 134
248 134
236 134
207 123
171 91
142 64
123 52
99 54
72 50
46 33
31 15
25 9
23 15
27 25
37 29
54 31
78 35
103 48
132 66
162 83
189 95
212 103
234 111
250 125
257 134
257 136
251 130
240 125
222 119
199 109
171 95
142 80
115 64
87 48
62 39
41 27
27 19
23 15
21 13
29 17
42 23
62 31
87 42
115 56
142 70
171 83
199 99
222 113
240 123
251 128
259 132
255 134
248 132
234 125
214 115
191 103
162 89
132 76
105 60
78 48
54 37
37 27
27 19
25 21
29 27
27 21
37 13
64 17
95 35
125 58
152 74
181 87
207 97
232 113
248 128
257 138
259 140
255 134
244 126
228 121
205 113
177 101
150 83
121 66
93 50
70 41
46 31
31 23
23 15
21 13
25 15
39 23
54 29
78 39
107 52
134 66
164 82
191 95
216 109
236 119
250 126
257 132
257 134
253 132
240 126
220 117
197 107
169 95
140 80
111 64
85 48
62 39
42 29
27 21
21 15
21 13
29 17
42 23
62 31
89 42
119 58
146 74
173 87
201 101
224 113
242 125
255 136
263 146
250 134
236 113
228 101
214 103
189 105
158 93
128 72
103 52
78 42
56 41
37 35
25 23
19 11
23 7
33 15
50 29
70 39
95 44
126 54
156 72
183 91
208 107
230 117
248 123
255 128
259 134
253 134
244 130
226 121
203 109
177 97
148 83
121 70
91 56
66 41
46 29
31 21
23 17
21 15
25 13
41 19
58 29
80 42
107 54
138 68
166 82
193 97
216 111
236 121
251 128
257 132
257 132
251 132
238 126
218 117
195 107
169 95
138 82
111 68
85 56
66 48
39 35
17 15
9 0
17 0
31 9
46 23
64 33
87 41
119 54
150 72
177 93
203 109
224 117
242 123
253 128
257 134
255 136
246 130
230 121
210 109
185 99
156 87
126 72
101 58
76 44
52 33
33 25
25 19
21 17
23 15
35 19
50 25
74 37
99 48
128 62
158 76
185 91
210 107
232 117
248 126
255 130
259 132
253 132
242 128
224 119
203 109
175 95
148 83
119 70
89 54
66 41
44 31
31 21
21 17
21 15
27 17
41 21
58 29
82 41
111 56
138 72
167 85
201 109
218 119
226 109
242 103
257 115
263 132
251 138
234 126
216 109
197 99
169 95
138 89
107 72
80 48
58 31
39 23
25 23
19 19
21 13
31 11
44 17
66 31
91 44
121 60
150 74
177 85
203 99
226 115
244 126
253 132
259 132
255 132
246 128
230 123
208 115
183 101
156 85
126 72
99 58
72 44
50 33
35 23
25 17
19 13
25 13
37 19
52 27
76 37
101 50
130 64
160 80
187 93
212 105
234 117
248 126
257 132
257 134
253 130
242 130
224 123
201 113
179 103
150 91
111 68
78 41
58 23
44 17
31 17
21 17
19 11
27 9
44 19
62 35
85 48
111 60
140 70
169 80
197 97
220 113
238 123
250 126
257 128
257 130
250 132
236 128
216 117
193 103
164 89
134 78
105 64
80 50
56 35
37 25
25 17
21 17
21 17
31 17
46 23
68 33
93 46
121 60
150 76
179 89
205 101
226 113
244 123
255 132
259 136
255 134
246 130
230 123
208 113
181 101
152 85
125 70
97 58
70 44
48 33
33 23
25 17
21 15
25 17
37 21
54 29
82 48
107 64
125 64
150 58
183 70
216 99
236 123
248 130
255 128
259 126
255 130
242 134
222 130
199 113
171 93
144 76
113 66
85 56
60 41
42 25
27 13
21 11
21 13
29 17
42 23
60 27
85 39
115 56
142 74
169 87
197 97
222 109
242 121
251 130
257 134
257 132
250 130
234 125
214 117
189 105
162 89
132 76
105 60
78 48
56 35
37 27
25 17
19 13
23 13
33 19
48 25
70 35
95 46
123 60
152 76
179 89
208 103
230 117
246 126
255 132
259 136
259 138
250 140
226 130
195 105
171 83
150 70
125 66
93 58
66 41
46 25
35 17
25 17
21 21
25 21
37 23
54 27
78 37
103 50
132 66
164 82
191 93
214 105
234 117
250 126
257 134
257 134
251 130
240 126
220 119
197 109
169 95
140 80
113 64
85 50
60 39
42 29
27 21
21 15
21 13
29 17
44 25
62 33
87 41
115 54
146 72
173 87
199 101
222 111
242 121
253 128
257 134
257 134
248 130
232 123
212 113
189 103
160 91
130 78
103 60
76 48
54 37
37 27
25 21
23 19
29 27
31 25
37 11
62 11
97 31
130 62
156 83
181 93
208 97
232 109
248 126
257 142
259 142
253 134
244 125
226 119
205 113
177 103
148 83
121 64
91 48
66 39
46 31
31 23
23 15
21 13
25 15
37 21
56 29
80 41
107 50
134 64
164 80
193 95
216 109
236 119
250 125
257 130
257 134
251 132
238 128
218 117
195 107
167 93
138 80
111 64
82 48
58 35
42 29
27 21
21 17
21 13
29 17
44 23
64 33
89 44
117 58
146 72
175 87
203 101
226 117
248 132
255 138
250 130
246 119
244 115
234 117
212 113
185 103
158 85
128 68
103 58
76 48
54 41
37 29
23 19
19 11
23 13
33 21
48 25
72 33
99 44
126 58
156 76
185 91
210 105
232 115
248 125
255 132
259 134
253 136
242 128
224 121
203 109
175 95
148 82
119 68
91 54
66 41
44 29
31 21
23 15
21 13
27 17
39 21
58 29
82 41
109 52
130 68
166 83
195 95
216 109
238 121
251 128
257 132
257 132
251 132
234 126
216 117
193 103
167 91
140 80
109 66
82 52
64 46
42 37
19 15
1 0
17 0
33 9
48 29
66 39
89 42
119 50
152 70
179 95
203 111
224 117
242 119
255 126
257 134
253 136
244 130
230 119
210 109
185 99
154 87
126 74
99 58
74 42
50 31
35 23
23 19
21 15
23 13
33 17
52 25
76 39
101 50
128 64
158 76
187 91
212 107
232 119
248 126
7 130
257 132
251 130
234 128
224 121
201 111
173 97
146 82
109 68
89 56
64 41
42 31
29 21
23 15
21 15
27 17
39 21
60 31
83 42
113 56
144 76
177 95
193 101
208 101
230 105
250 115
251 126
257 132
250 132
238 123
218 113
187 107
166 99
136 83
105 64
80 46
56 33
37 27
25 19
19 13
21 11
31 13
46 21
68 33
93 46
123 60
150 74
177 89
205 103
226 115
242 123
255 128
259 132
255 134
246 130
230 123
208 111
183 99
154 85
125 72
97 58
72 42
48 31
33 21
23 15
21 13
25 15
37 19
54 27
76 39
103 50
132 66
160 80
187 93
212 105
234 117
250 128
257 134
257 134
253 132
242 128
222 123
199 111
175 103
150 95
111 70
76 37
54 15
44 13
33 21
21 21
17 13
27 7
44 15
64 35
85 52
113 62
140 68
169 78
197 95
220 113
240 125
251 128
257 128
257 128
250 130
236 128
214 117
189 103
164 87
134 76
105 64
78 50
54 35
37 25
25 17
21 15
21 15
33 19
48 25
70 35
93 46
123 60
152 74
181 89
207 103
228 115
246 125
255 132
259 134
255 134
246 130
228 123
207 113
171 99
150 83
123 70
97 56
70 44
48 33
33 23
25 19
21 17
25 19
39 25
62 39
80 46
95 46
121 48
158 62
193 85
216 107
232 119
248 123
259 126
261 134
253 138
240 134
220 121
199 107
171 93
140 82
113 68
85 52
60 37
41 25
27 17
21 15
21 15
29 17
42 23
62 31
87 42
115 58
144 74
171 85
199 99
222 111
240 123
251 130
259 132
257 132
248 130
234 123
212 115
189 103
160 89
130 76
103 60
78 46
54 35
37 25
23 17
21 13
25 15
33 19
48 25
70 35
97 48
125 62
154 78
181 91
208 103
230 117
246 126
255 132
259 134
255 134
250 138
228 130
197 103
169 78
148 66
125 66
95 62
66 46
44 25
33 13
25 17
23 21
25 25
37 23
56 25
80 35
105 52
134 70
164 82
191 91
216 103
236 117
250 128
257 134
257 134
251 130
240 126
218 119
195 109
169 95
140 80
111 64
83 48
60 37
42 29
27 21
19 13
21 11
31 15
44 25
64 35
87 44
117 56
146 72
175 87
201 101
222 111
242 123
253 128
251 132
255 132
248 130
232 125
212 115
187 103
158 89
130 76
103 60
76 48
54 37
37 27
29 23
27 27
17 17
23 7
42 7
72 23
101 44
126 62
154 76
183 85
212 101
232 119
248 132
5 136
257 134
250 132
242 128
226 123
203 113
175 95
140 78
121 68
91 56
66 42
44 29
31 21
15 15
21 15
25 17
39 21
58 29
82 41
109 54
136 68
166 82
193 95
216 109
236 119
1 128
250 132
257 134
251 132
234 125
218 117
195 107
167 95
138 80
109 64
82 48
58 37
41 27
27 19
21 15
21 13
29 17
44 23
66 33
91 44
119 60
148 72
173 87
203 103
224 117
248 132
9 144
253 136
244 117
240 107
232 111
214 117
185 109
154 85
126 64
93 54
76 50
52 44
33 31
23 15
21 1
23 13
33 21
50 29
74 35
99 42
128 58
156 76
185 93
212 107
234 117
248 125
5 130
250 134
250 134
244 128
224 119
201 109
175 97
146 83
109 68
89 52
64 41
44 29
31 21
21 15
21 11
27 13
41 21
58 29
83 33
111 54
13 68
167 83
195 95
218 109
238 121
1 128
250 132
257 130
251 132
156 126
216 119
191 105
166 91
136 78
111 68
80 62
56 44
29 21
15 1
17 0
23 7
31 17
37 25
64 27
93 37
0 58
152 82
177 97
203 105
226 111
242 123
1 130
250 136
255 134
246 128
230 121
208 111
175 101
154 87
125 72
93 56
72 42
50 33
33 25
23 19
19 13
23 13
35 17
52 27
76 37
103 48
130 64
160 80
187 93
212 107
232 117
250 126
257 132
257 134
251 132
242 128
224 119
201 109
173 95
144 82
115 66
87 50
62 39
42 27
31 21
23 17
21 15
27 17
41 21
62 33
85 44
113 58
142 72
175 95
197 105
208 99
230 97
251 111
261 132
257 140
246 132
236 119
218 111
193 107
164 101
132 83
105 62
80 44
56 33
37 27
25 21
21 13
21 9
31 11
46 21
70 37
95 48
123 60
150 72
181 87
207 105
228 119
244 126
255 128
259 132
255 132
244 130
228 123
207 111
181 99
152 85
123 70
95 58
70 44
48 33
33 23
21 17
21 13
25 15
37 19
54 27
78 41
105 52
132 66
162 80
189 95
214 109
234 121
250 126
257 130
259 134
253 134
240 128
224 123
203 117
177 107
136 82
101 54
80 35
62 27
44 27
27 21
17 11
21 5
31 13
44 27
62 39
85 46
115 56
144 68
171 83
197 101
220 113
238 119
251 125
257 130
257 134
248 132
234 126
214 115
189 101
162 91
132 78
103 62
76 46
54 33
37 23
23 17
19 13
23 15
33 19
48 25
70 35
95 48
125 62
154 76
181 91
207 101
230 115
246 125
255 132
257 134
255 132
244 130
228 123
205 111
179 97
152 85
123 70
93 56
68 42
48 31
33 23
25 19
21 17
25 15
39 21
62 39
83 54
97 50
123 46
158 58
193 85
218 113
234 125
248 125
259 125
259 130
253 138
240 138
220 125
197 105
169 89
140 78
111 68
82 52
60 35
42 23
27 17
21 15
21 17
29 17
44 21
64 31
87 44
115 58
146 72
173 85
201 99
222 113
240 123
253 130
259 134
257 134
248 130
232 123
212 115
187 103
158 89
128 72
101 58
78 46
52 35
35 23
25 15
21 13
23 15
33 19
48 25
72 35
99 48
126 62
156 76
183 91
210 105
230 117
248 126
257 134
261 140
261 146
242 134
214 113
195 91
177 83
150 78
121 70
91 56
66 37
48 27
33 21
23 23
21 21
25 17
37 19
56 25
80 41
107 54
136 68
164 78
193 91
216 107
236 121
250 128
257 132
259 132
251 132
238 128
218 117
195 107
169 93
138 80
109 64
82 48
60 37
41 27
27 19
21 13
21 13
29 17
44 21
66 33
91 44
117 58
146 72
175 87
203 99
224 115
242 125
253 130
257 134
255 134
248 130
230 123
210 113
187 103
158 89
128 76
99 60
74 46
52 37
37 27
27 23
25 27
21 21
23 5
41 1
72 19
103 48
130 70
156 80
185 83
212 97
234 119
248 134
255 138
257 132
253 126
244 126
224 125
201 115
175 95
146 76
119 64
89 54
64 42
44 31
31 19
23 11
21 13
27 17
41 25
58 31
82 39
109 52
138 68
167 83
195 97
218 109
238 117
251 128
257 132
257 132
251 130
238 126
218 117
193 107
166 91
138 78
109 64
80 50
56 37
39 25
27 15
21 15
21 13
31 17
46 25
68 35
91 46
121 60
150 74
179 89
205 105
232 123
246 132
246 128
248 119
250 115
248 121
232 123
208 115
181 99
156 82
128 70
101 64
72 52
50 37
33 23
23 15
21 15
23 17
33 19
52 25
76 33
101 46
128 62
158 78
189 93
212 105
232 117
248 128
257 134
259 136
253 134
240 126
222 117
201 109
173 97
144 82
115 66
89 52
64 39
44 29
29 21
21 15
21 13
27 17
41 21
60 29
83 41
111 54
142 70
169 83
197 99
220 111
240 121
251 128
257 134
257 134
250 132
236 125
216 117
191 105
164 93
134 78
107 64
85 58
58 48
29 21
13 0
17 0
25 7
33 23
44 29
64 27
95 37
126 56
154 83
179 99
205 107
228 111
244 121
253 130
250 136
253 134
244 126
228 117
207 109
181 101
154 89
125 72
97 54
70 41
48 33
33 25
23 19
21 13
25 13
37 19
52 27
76 37
105 50
132 66
162 80
189 93
214 107
236 119
250 128
255 132
257 132
253 132
240 126
220 121
199 109
171 95
144 82
115 68
87 52
62 39
42 29
29 21
21 15
21 13
29 17
42 25
62 35
87 44
117 60
150 82
167 89
187 89
214 93
240 107
5 125
250 134
255 130
240 125
236 119
218 117
187 111
160 95
125 76
105 58
78 46
52 37
35 27
23 17
19 1
23 9
33 17
48 25
70 35
95 46
123 60
154 76
181 91
207 105
228 115
244 125
5 130
251 134
250 132
244 128
228 121
207 111
171 99
150 83
123 70
95 56
70 42
46 31
31 21
15 17
21 13
25 15
37 19
48 29
80 41
101 52
9 66
164 80
187 95
207 107
236 119
0 126
250 132
259 134
251 134
240 128
220 121
201 115
175 109
136 83
101 50
78 27
60 25
44 29
29 27
19 15
21 7
31 11
44 27
64 41
87 50
115 56
144 66
173 82
199 101
222 115
238 121
251 125
259 128
257 134
248 134
232 126
212 113
189 101
160 89
130 76
101 60
76 46
54 35
35 25
23 19
21 15
23 15
33 19
50 25
70 35
97 48
126 62
156 76
183 89
208 103
230 115
248 126
255 132
257 134
255 132
244 130
226 123
205 111
179 99
150 83
121 70
93 54
68 41
46 31
33 23
23 17
23 15
29 19
44 33
58 39
70 37
95 37
132 48
167 72
193 95
214 109
236 115
251 123
261 132
259 138
251 138
240 130
218 117
195 103
167 91
138 82
111 66
82 48
58 33
41 25
27 21
21 17
21 15
29 15
44 21
66 33
89 46
117 58
146 72
175 83
203 101
224 113
242 125
253 130
257 132
255 132
248 130
232 125
210 113
185 101
158 87
130 74
101 60
74 46
52 33
37 23
25 19
21 15
23 15
35 17
52 25
72 37
97 48
128 62
158 78
185 93
210 105
232 119
248 126
257 134
259 138
259 144
242 138
214 111
191 87
173 78
152 78
123 76
89 58
64 37
46 21
33 21
25 27
21 25
25 17
39 15
58 23
82 41
107 56
136 68
166 78
195 89
218 107
236 121
251 130
259 132
257 132
251 130
236 126
218 119
195 107
166 93
136 76
109 62
82 48
58 37
39 25
25 15
21 13
23 13
31 17
44 23
66 31
93 44
121 60
148 74
175 87
205 101
226 113
244 125
253 130
259 134
257 132
248 130
230 125
208 115
185 101
156 87
126 72
99 58
74 46
54 37
39 31
29 27
15 15
13 3
27 3
52 15
76 35
101 50
126 62
158 72
189 87
216 109
234 126
248 134
257 132
259 132
253 132
242 130
222 123
199 109
173 91
146 78
117 66
87 54
64 41
44 29
29 19
21 13
21 15
27 17
41 21
60 29
82 41
111 54
140 70
169 85
197 97
218 109
240 121
251 130
257 134
257 134
250 130
236 125
216 115
191 105
166 91
136 78
107 62
80 48
56 35
39 25
25 17
21 13
23 13
33 17
46 25
68 33
93 46
123 62
152 78
179 91
205 105
228 121
250 138
248 132
246 115
250 109
248 119
232 126
208 119
179 97
154 76
128 68
99 64
70 54
48 37
33 19
23 11
21 13
23 17
33 21
52 23
76 31
103 48
130 66
160 82
189 95
214 105
232 115
250 126
257 134
259 136
251 132
240 125
222 119
199 109
171 97
142 82
115 66
87 52
62 41
42 29
29 21
21 15
21 13
27 13
41 19
62 31
85 44
113 56
140 68
171 83
199 99
220 113
240 121
251 128
259 132
257 134
250 132
234 125
214 117
191 105
164 93
136 82
113 72
78 54
46 31
29 9
23 3
23 7
23 13
31 17
46 21
72 31
99 48
125 66
152 82
181 93
207 103
228 115
244 125
253 130
257 134
255 130
244 126
226 121
207 111
181 101
152 85
123 70
95 54
70 42
48 33
31 23
21 15
21 13
25 15
37 21
54 27
78 37
105 50
132 64
164 80
191 95
214 109
234 119
250 126
255 132
257 134
253 132
240 126
220 119
197 107
171 93
142 82
113 66
85 50
62 39
41 27
27 19
21 17
23 15
29 19
42 25
62 33
87 44
117 62
150 85
169 93
187 85
214 87
240 107
255 130
259 140
255 134
248 123
236 119
216 117
189 113
160 97
130 76
103 56
76 42
52 35
37 29
25 19
19 11
21 9
33 15
50 27
72 37
97 48
126 60
154 74
183 91
207 107
230 117
246 125
255 130
257 132
253 134
244 130
226 121
205 111
179 97
150 83
121 70
91 54
68 41
48 31
33 23
23 17
21 13
25 15
39 19
56 29
80 42
107 52
134 66
166 80
193 95
216 107
236 119
251 128
257 134
257 134
251 134
242 130
226 128
199 119
160 93
128 64
107 46
83 41
60 35
41 29
27 17
21 9
25 13
31 21
44 31
64 39
89 44
117 54
144 70
173 87
201 101
222 111
240 119
253 126
257 132
255 132
248 130
234 125
212 115
187 105
158 91
128 74
101 60
76 46
52 35
35 23
25 17
21 13
23 13
33 17
48 25
74 35
99 48
126 62
156 78
185 91
210 105
230 117
248 125
255 130
259 134
255 134
244 130
226 121
203 109
177 99
148 83
119 70
91 54
66 41
44 31
31 21
23 17
23 17
27 19
42 31
60 41
72 37
97 33
132 46
169 76
197 101
216 113
236 115
251 119
261 130
261 142
251 142
238 130
218 113
195 101
166 93
136 82
107 64
80 44
58 31
41 25
27 21
21 17
21 13
31 13
44 21
66 33
91 46
119 60
148 72
175 85
201 97
224 111
244 125
255 132
257 132
255 132
248 130
232 125
210 115
185 101
156 85
128 72
99 58
74 46
52 33
35 23
25 17
21 15
23 13
35 19
52 27
74 37
101 48
130 62
158 78
185 91
212 107
234 119
250 128
259 138
265 146
251 138
232 119
216 103
201 95
175 91
144 82
115 64
89 48
68 37
46 31
31 27
21 23
21 15
27 13
41 19
58 31
82 44
109 52
138 64
167 80
197 97
218 113
238 123
251 126
259 132
257 134
250 132
236 126
216 117
193 103
164 91
136 78
107 62
80 48
56 37
39 25
23 19
21 17
15 15
31 19
46 25
66 33
91 44
121 58
152 76
179 89
205 103
226 115
244 125
255 130
259 134
255 134
246 128
230 123
208 113
183 101
154 87
126 72
95 58
72 46
50 35
37 31
29 31
17 19
5 0
27 0
52 11
80 37
97 56
5 64
158 72
189 87
216 111
234 128
248 134
5 130
251 128
251 130
240 128
220 121
201 107
158 91
144 78
115 66
80 54
64 41
44 29
29 19
21 13
21 15
27 17
41 21
60 29
85 42
113 56
15 70
169 83
197 97
220 111
240 121
1 128
250 132
257 132
250 130
234 125
214 117
191 105
164 91
134 76
105 62
78 48
56 37
39 27
25 17
19 13
23 13
33 19
48 27
70 37
95 46
0 62
154 78
181 93
212 115
230 125
236 121
244 117
0 117
257 126
179 130
226 123
205 107
183 93
156 85
125 78
95 64
70 46
48 29
33 19
23 17
19 17
25 17
37 17
54 23
76 37
105 52
134 68
162 80
189 93
214 105
234 119
250 128
257 132
259 134
253 132
240 126
220 119
197 109
171 95
142 80
113 66
85 52
60 37
41 27
29 19
23 17
21 15
27 17
42 21
62 33
85 42
113 56
142 70
173 85
199 99
222 111
240 123
253 128
257 132
257 134
250 132
234 126
214 117
189 105
162 91
132 78
109 72
78 56
44 27
25 0
21 0
23 9
25 21
31 23
48 21
72 27
99 48
126 70
154 85
181 91
207 99
228 111
246 125
255 134
257 134
253 130
244 123
228 119
205 111
179 101
152 85
123 70
93 54
68 42
48 33
31 23
23 17
21 13
25 15
37 21
56 29
80 39
107 50
134 64
162 78
191 95
216 109
236 121
250 128
257 132
259 134
251 132
238 126
220 117
197 107
169 95
140 82
111 66
85 50
60 39
41 29
27 21
21 17
21 15
29 17
42 23
64 35
93 50
123 70
140 76
162 76
193 82
224 99
244 121
251 130
255 132
257 126
250 126
234 125
214 121
187 109
158 89
130 72
103 58
76 48
52 37
35 25
23 13
19 11
23 13
35 19
50 27
72 35
99 46
128 62
156 78
183 93
208 105
230 115
248 125
255 130
257 132
253 132
244 128
226 121
203 111
177 97
150 83
121 70
91 54
66 41
46 29
31 23
21 17
21 13
27 15
41 21
56 29
80 39
109 52
138 68
166 83
193 97
216 109
238 121
251 128
257 132
257 132
251 132
240 128
224 126
199 121
162 93
126 60
103 41
83 39
62 41
41 33
25 17
19 5
23 9
33 21
44 33
64 39
89 42
119 54
146 72
175 91
201 103
224 109
242 115
255 126
259 134
255 136
246 130
234 121
212 113
185 103
156 89
128 76
99 58
74 44
50 33
35 23
23 19
21 15
23 13
35 17
50 25
74 37
101 50
128 64
158 76
185 91
210 105
232 115
248 125
257 132
259 134
253 132
242 128
226 121
203 111
175 97
146 83
119 68
91 54
66 41
44 31
31 21
23 17
23 17
35 27
41 29
48 25
74 25
107 37
140 60
167 83
193 95
218 105
240 117
253 128
259 138
259 140
251 136
236 125
216 115
193 107
164 93
136 78
105 60
80 44
56 35
39 27
27 17
21 13
23 13
31 17
46 25
66 35
93 44
121 58
148 72
175 83
205 103
226 115
244 123
255 128
259 132
257 134
246 130
230 125
208 113
183 99
156 87
126 74
97 58
72 44
50 33
35 23
25 17
21 15
25 15
37 19
52 27
76 37
101 50
130 64
160 80
187 95
212 109
232 119
250 128
259 136
263 148
251 140
230 117
214 95
199 91
177 95
146 89
115 68
87 44
66 31
48 31
31 31
21 25
19 13
27 9
41 17
60 31
83 46
111 56
140 66
169 78
197 95
220 113
240 125
253 128
257 130
257 132
250 132
236 126
216 119
191 103
164 89
134 76
107 64
80 50
56 35
37 25
25 17
21 15
21 15
31 17
48 23
70 35
93 46
121 60
152 76
181 91
205 105
226 117
244 125
255 130
259 134
255 132
246 130
228 123
207 111
181 99
154 87
125 74
97 60
72 46
54 41
37 35
17 17
9 1
17 0
37 7
54 25
78 39
103 50
132 60
164 78
191 97
214 115
234 125
250 128
257 130
257 134
251 134
238 128
220 119
197 103
171 91
142 80
115 66
87 52
64 39
42 29
29 21
21 17
21 17
29 17
41 21
62 31
85 42
113 56
142 70
171 83
199 99
222 111
240 123
251 128
257 132
257 134
250 132
234 126
214 117
189 105
162 89
132 74
105 60
80 48
56 37
37 25
25 19
21 15
23 15
33 17
48 25
72 35
97 48
125 62
154 78
181 91
212 113
232 128
238 123
244 109
253 111
257 126
246 134
226 126
205 105
181 89
154 82
125 78
95 66
68 46
48 29
33 17
23 15
19 17
25 17
37 17
54 21
78 33
105 52
134 68
164 82
191 93
216 105
236 119
250 130
257 134
257 132
253 130
240 126
220 119
197 107
171 95
140 80
113 66
83 52
60 39
42 29
27 21
21 15
21 13
29 15
42 23
62 31
87 42
115 56
144 72
173 87
201 101
222 113
242 123
253 130
259 134
255 132
248 130
234 123
214 115
189 105
164 95
136 85
101 66
66 39
44 17
33 9
27 11
21 13
21 15
33 13
52 21
74 37
99 54
126 68
154 80
183 89
208 103
228 117
246 126
253 130
257 130
253 126
244 126
228 123
205 113
177 97
150 82
121 68
93 56
68 44
46 31
31 21
23 15
21 15
25 17
39 21
56 29
80 41
107 52
136 66
166 82
193 95
216 107
236 119
251 128
257 132
259 136
251 132
238 126
218 119
195 107
167 95
138 80
111 64
83 50
60 37
41 27
27 19
21 15
21 17
31 19
44 25
66 35
93 50
123 72
142 78
164 72
195 78
224 99
244 123
253 134
257 132
255 126
250 125
234 126
212 123
185 109
158 87
126 68
101 56
74 48
52 37
35 23
23 11
21 9
23 13
35 23
50 29
72 35
99 46
128 62
158 80
185 93
210 105
232 115
248 123
257 132
259 136
253 134
242 128
224 119
203 109
177 97
148 83
119 68
89 52
66 39
44 29
31 23
21 17
21 13
27 15
41 21
58 29
82 41
109 52
138 68
167 83
193 97
218 109
240 121
251 130
257 134
257 136
253 136
244 136
218 126
183 101
156 76
132 60
109 54
82 48
56 37
39 23
27 13
25 13
25 19
31 25
44 27
66 33
91 42
119 56
148 76
177 91
203 101
224 109
244 121
255 130
257 134
255 132
246 128
230 123
208 113
185 103
156 89
126 74
99 58
72 44
50 33
35 25
23 19
19 13
23 13
37 17
52 27
76 39
101 50
128 62
160 78
187 95
212 109
232 117
250 126
257 132
259 134
253 134
242 126
224 119
201 109
173 95
146 82
117 68
89 52
64 41
44 31
31 23
23 17
21 15
33 25
42 31
52 23
72 19
109 33
142 62
169 87
197 101
218 107
240 113
255 126
259 140
259 142
250 134
236 123
216 113
191 107
162 93
132 78
105 58
80 44
56 33
37 25
25 19
21 15
23 13
31 17
46 25
68 35
93 48
121 60
150 72
179 87
205 103
228 115
244 123
253 128
259 132
257 134
246 130
230 123
208 113
183 101
154 87
125 74
97 58
70 44
48 31
33 19
25 17
21 15
25 15
37 19
52 25
78 39
103 52
132 66
162 80
189 93
214 107
236 121
253 134
261 144
253 136
242 123
232 111
220 107
201 107
171 97
142 80
115 60
89 48
64 41
44 35
29 25
21 17
21 11
27 15
41 25
60 33
83 41
113 52
142 66
169 82
197 99
220 111
240 121
253 128
257 132
257 134
250 132
234 126
214 115
191 103
162 89
132 76
103 60
78 46
56 35
37 25
25 17
19 15
23 13
33 17
46 25
70 35
95 46
123 60
152 76
179 89
207 103
228 115
246 126
255 132
259 134
255 132
246 130
228 125
205 113
179 99
152 85
125 72
95 60
70 46
52 41
39 35
19 19
9 0
17 0
39 7
58 31
78 44
103 50
134 58
166 76
193 101
214 119
234 125
250 126
257 126
257 132
250 134
238 130
220 117
195 101
169 89
142 80
115 70
85 54
62 37
42 25
29 21
21 19
21 17
27 17
42 21
62 29
87 42
115 58
144 70
173 83
201 97
222 111
240 123
253 130
259 134
257 134
248 130
232 123
214 115
189 103
160 91
130 74
103 60
78 46
54 37
35 25
25 17
21 13
23 13
33 19
48 25
72 35
99 48
126 64
156 82
191 103
208 113
220 111
236 109
253 115
261 126
255 132
242 126
226 117
207 107
181 101
152 91
121 76
93 58
68 41
46 31
31 23
21 17
19 13
25 11
37 17
56 27
80 41
107 54
136 66
166 80
193 93
216 111
236 121
250 128
257 130
257 130
253 130
240 126
218 119
195 107
169 93
140 80
111 66
83 52
60 39
41 27
27 17
19 13
21 15
31 17
44 23
64 31
89 42
119 58
146 74
175 87
201 99
224 111
242 123
253 130
259 134
257 134
250 132
232 125
212 117
187 105
160 93
134 87
99 68
64 35
42 9
35 7
27 13
21 21
23 17
33 13
52 19
76 37
101 58
128 72
156 80
183 85
208 99
232 117
248 130
255 132
257 130
253 126
244 128
226 125
203 113
177 97
148 82
119 68
91 56
66 44
44 31
31 21
21 13
19 13
27 17
41 23
58 31
82 31
109 52
5 68
166 82
193 97
218 109
236 119
1 128
251 134
257 134
251 132
156 126
218 119
195 107
167 93
138 78
109 62
82 48
58 37
41 27
27 19
21 15
23 15
31 19
46 27
72 42
95 56
111 58
136 60
171 70
205 91
226 111
242 123
253 126
261 128
259 132
248 134
232 130
210 119
185 103
156 85
126 72
97 60
72 46
50 31
33 19
25 13
21 13
23 13
35 17
52 23
76 35
101 50
128 66
158 78
187 91
212 105
232 117
248 126
257 130
259 132
253 132
242 126
224 121
201 109
175 97
146 82
117 68
91 54
66 42
44 31
29 21
21 13
21 13
27 17
41 23
60 31
83 41
109 54
140 68
169 83
197 99
220 113
240 123
251 130
259 134
259 136
251 134
240 132
218 126
185 101
154 72
130 56
109 54
83 52
56 41
37 25
25 11
23 11
25 21
33 29
46 31
66 31
93 41
121 60
148 78
177 91
203 99
226 109
244 121
253 130
259 136
255 134
246 128
230 121
208 113
183 101
156 89
125 72
95 56
72 42
50 33
33 23
23 17
21 13
25 13
37 19
52 27
76 37
103 50
132 64
160 80
189 93
212 105
234 117
250 126
257 132
257 134
253 132
242 128
224 121
201 109
173 97
144 83
115 70
87 52
62 41
44 31
31 25
25 21
25 25
25 19
31 13
52 15
82 29
113 48
142 70
169 83
197 93
222 107
242 123
253 136
257 138
255 136
250 130
236 125
214 119
189 107
162 89
132 72
103 56
80 46
56 39
37 27
27 17
21 13
23 15
33 19
48 27
68 35
93 46
123 58
152 74
179 89
207 103
226 115
244 123
255 130
257 132
255 134
246 130
228 123
207 113
181 99
152 83
123 70
97 58
70 44
48 33
33 23
23 17
21 15
25 15
37 19
54 27
78 39
105 52
132 68
162 82
191 95
216 109
234 121
251 132
263 146
255 140
242 119
232 103
222 103
201 109
171 101
138 78
113 56
89 46
64 44
42 39
27 25
23 13
23 11
27 15
41 25
62 33
85 41
113 52
142 68
171 83
199 101
222 113
240 121
253 126
257 130
257 134
248 132
234 125
212 113
189 101
156 89
132 76
103 62
78 48
54 35
37 25
25 19
21 15
23 15
33 17
48 23
70 33
97 48
125 62
154 76
181 89
208 103
230 115
246 126
255 132
257 134
255 132
246 128
228 123
205 111
179 99
152 87
123 74
95 58
76 52
50 41
23 21
11 1
15 0
27 5
39 19
54 29
78 35
107 46
138 64
166 85
191 103
216 113
236 119
250 126
257 134
255 136
251 132
238 123
220 113
197 105
169 95
125 80
111 64
78 50
60 37
41 29
29 21
21 15
19 13
29 17
44 23
1 33
80 44
115 56
21 62
173 85
201 99
222 113
234 123
3 130
251 132
255 132
248 128
234 125
212 117
185 103
158 89
130 74
103 62
76 48
52 35
37 23
25 17
21 15
23 15
33 19
50 25
72 35
99 50
126 64
158 82
189 103
210 115
220 109
236 103
253 113
261 130
255 138
242 130
224 113
207 103
181 99
150 93
119 78
91 56
66 39
46 27
31 23
21 21
19 15
25 11
39 13
58 27
82 42
109 56
136 66
166 78
195 95
218 111
238 123
251 128
257 130
257 132
251 132
236 126
218 117
195 105
167 91
138 78
109 64
82 50
60 37
39 27
27 19
21 13
21 13
31 17
44 23
66 31
89 44
119 58
148 72
175 89
203 103
224 115
244 125
253 132
259 134
257 136
248 132
232 125
212 115
191 109
162 101
123 76
87 46
68 27
52 21
37 21
15 17
17 11
23 7
37 13
54 27
76 42
101 56
1 66
158 76
185 91
210 107
232 119
246 125
255 128
257 128
253 130
242 128
224 121
201 109
177 95
148 82
119 70
89 54
64 41
44 29
29 21
21 17
21 13
25 13
39 19
60 29
83 41
111 54
140 68
167 83
195 97
218 111
238 123
251 128
257 132
257 132
251 132
236 126
216 117
193 105
166 91
136 78
107 64
80 48
58 37
41 27
27 21
21 15
23 15
33 17
46 25
72 44
97 60
115 60
138 56
171 64
205 91
228 117
244 128
253 128
259 125
257 128
250 134
232 132
208 119
183 99
156 82
125 72
97 62
70 46
48 29
33 17
23 13
19 13
25 17
37 19
54 25
76 35
101 50
130 66
160 80
187 93
205 105
232 115
248 125
7 132
259 132
251 130
240 126
222 119
201 111
173 97
144 82
109 66
89 52
64 41
42 29
29 19
23 15
21 15
27 17
41 23
60 31
85 42
113 56
140 70
169 82
197 97
222 113
240 123
251 130
251 134
259 138
257 142
234 132
205 109
181 87
162 76
136 70
105 62
78 48
54 31
39 19
29 19
23 23
23 23
31 21
46 21
68 33
93 48
121 62
150 74
179 85
207 99
220 113
244 125
5 130
251 132
251 130
246 128
228 123
208 115
181 101
152 83
123 70
95 56
72 44
48 35
33 25
23 15
21 13
25 15
37 21
52 27
76 37
103 50
132 64
162 80
189 93
214 107
236 117
250 126
257 132
259 136
253 132
240 126
222 119
199 107
171 95
142 82
115 66
85 50
64 41
44 31
29 23
23 19
27 27
29 25
31 11
50 7
83 23
119 54
144 78
169 87
197 91
224 105
244 123
255 138
257 142
255 134
250 126
234 121
212 119
187 107
160 89
132 70
105 56
78 46
54 37
37 27
27 19
21 13
21 13
33 19
48 29
70 35
95 46
125 58
154 76
181 91
207 103
228 115
246 123
255 130
259 134
255 132
246 128
228 123
205 111
179 99
152 85
123 72
93 56
68 42
46 31
33 21
23 17
21 15
25 15
37 19
56 29
80 39
105 52
134 66
164 80
193 97
218 113
242 128
253 138
250 132
248 121
248 115
240 119
222 117
195 107
167 89
140 72
115 62
87 56
62 46
41 33
27 19
21 11
21 13
29 21
41 25
62 31
87 39
115 52
144 70
173 87
201 99
222 111
240 119
253 126
259 134
257 136
248 132
232 123
212 113
187 103
160 91
130 76
101 58
76 44
54 33
35 23
25 17
21 13
23 13
33 17
48 25
72 37
99 48
126 62
156 76
183 89
208 105
230 115
248 125
257 132
259 136
255 134
244 130
226 123
205 113
179 101
148 87
121 72
93 56
72 50
50 44
23 19
11 0
15 0
29 5
41 25
56 35
80 37
109 44
138 64
167 87
193 105
216 113
238 117
251 123
257 130
257 138
251 134
238 125
218 113
195 103
167 93
138 80
109 64
82 46
60 37
41 29
27 21
19 17
21 13
31 17
44 23
64 33
89 44
119 56
146 70
173 83
203 101
226 115
242 125
253 130
257 132
257 132
248 132
232 126
210 115
185 101
158 87
128 74
101 60
74 44
52 33
35 23
25 17
21 15
23 15
35 19
52 27
74 39
99 50
130 68
164 89
183 99
201 97
224 99
246 113
259 126
257 134
251 130
242 123
228 115
205 111
177 103
148 89
119 70
91 54
66 41
44 31
29 23
21 15
19 11
25 11
39 17
58 29
83 42
109 54
138 66
167 82
195 97
218 111
236 121
251 128
257 132
257 132
250 132
238 128
216 117
193 105
166 91
138 78
109 64
82 50
58 37
39 25
27 19
21 17
21 15
29 15
46 23
68 33
91 46
119 60
148 72
179 87
205 101
226 115
244 125
255 130
259 134
255 134
246 130
230 125
210 115
187 105
162 99
123 76
87 42
64 21
50 17
37 23
25 23
17 13
23 5
37 11
56 31
76 48
101 60
128 64
158 72
187 89
212 109
232 123
248 125
255 125
259 128
253 132
242 130
224 121
201 107
175 93
146 82
117 68
87 54
64 41
44 27
29 17
21 13
21 15
27 17
41 19
60 27
83 41
113 56
140 70
167 83
197 95
220 109
240 121
251 128
255 132
257 132
251 130
236 126
216 117
191 105
166 91
136 78
105 62
80 48
56 35
39 25
27 21
21 17
23 17
33 21
54 35
70 44
83 42
111 44
146 58
179 80
207 101
226 115
244 121
255 125
261 130
257 138
246 136
230 126
207 111
181 97
154 85
123 74
95 56
70 41
48 27
33 19
23 17
21 15
25 15
37 19
54 27
76 39
103 52
132 66
162 80
189 93
212 105
234 117
250 126
257 132
257 132
253 132
242 126
222 121
199 109
171 95
142 80
115 64
87 54
62 41
42 29
29 21
21 15
21 15
27 17
41 21
62 31
85 42
113 54
142 70
171 83
197 97
222 111
240 121
253 128
259 134
259 138
255 142
236 134
205 109
179 82
160 70
136 70
107 66
76 50
52 27
37 15
29 15
23 25
23 23
31 19
48 19
70 31
95 48
121 66
150 76
181 85
207 97
228 113
244 125
255 132
259 132
255 130
244 126
230 123
207 117
179 101
150 83
123 68
95 54
70 44
46 33
31 21
23 15
21 13
25 15
37 21
54 29
78 39
105 50
134 66
162 82
191 97
216 109
234 119
250 126
257 130
259 134
253 134
238 126
220 117
197 107
171 95
142 82
113 66
85 52
62 39
42 29
33 27
27 27
17 17
17 5
35 3
62 17
89 39
115 56
142 70
173 80
203 95
224 115
242 128
253 134
259 136
257 132
248 130
232 125
210 117
187 103
160 87
130 72
101 58
76 46
54 35
35 25
25 17
21 13
23 15
33 19
48 25
72 35
97 46
125 60
154 76
181 89
207 103
232 115
248 125
255 132
257 132
255 132
244 128
226 121
205 113
179 99
150 85
121 70
91 54
66 41
48 31
31 23
23 17
21 13
25 15
39 21
56 31
80 41
107 52
136 66
166 80
193 97
216 111
240 126
255 142
251 132
246 117
246 111
240 117
222 121
195 111
166 89
140 70
115 60
85 56
60 46
41 33
23 17
21 11
21 11
29 19
44 25
64 31
87 39
117 50
148 72
177 89
201 103
224 111
234 121
5 128
251 136
255 136
246 130
232 123
212 113
185 101
158 89
128 74
101 58
74 44
52 33
35 25
25 19
21 15
23 13
35 19
50 25
74 37
99 48
128 62
158 78
185 91
210 105
232 117
246 125
255 132
259 134
255 134
242 128
226 121
203 111
177 99
148 85
123 74
99 66
66 48
35 23
19 3
19 0
23 7
27 15
37 19
56 23
83 35
113 54
138 76
166 89
195 99
218 107
238 119
250 128
255 134
257 134
250 128
236 121
216 115
193 107
166 95
138 78
107 62
82 48
58 37
41 29
27 21
21 15
21 13
31 15
44 23
66 35
91 44
119 58
148 72
175 87
203 101
226 115
242 123
253 128
251 130
255 134
248 130
230 123
208 113
185 99
156 87
126 74
99 58
74 44
37 33
35 23
23 17
21 15
25 15
35 21
52 29
76 37
103 50
132 68
164 91
185 99
201 93
224 93
248 111
259 130
259 140
251 134
240 121
226 113
203 111
175 105
146 89
117 68
87 48
64 37
42 31
29 23
21 13
21 9
27 11
41 21
58 31
83 42
111 54
140 66
169 82
195 97
220 111
240 121
251 126
257 130
257 132
251 132
236 126
216 117
191 103
164 89
136 78
107 64
80 50
56 35
39 23
27 19
21 17
21 15
31 15
46 23
68 33
93 46
121 60
150 74
179 89
205 103
226 115
244 125
255 130
259 134
255 134
183 130
230 125
214 123
187 113
146 78
113 58
93 39
72 31
50 31
31 23
21 11
21 0
27 11
37 21
46 33
78 42
103 52
130 62
160 78
189 95
212 109
232 117
248 123
257 128
257 132
251 132
240 126
222 117
199 105
173 95
144 83
115 68
87 52
64 39
42 29
29 21
21 17
21 13
27 15
41 19
60 29
85 42
113 54
142 70
169 82
197 97
220 111
240 123
251 128
257 132
257 132
250 130
236 126
216 119
189 105
164 91
134 78
105 62
78 50
56 37
39 27
25 19
21 15
15 17
33 21
52 35
1 46
87 39
111 39
146 52
181 82
210 107
228 121
242 119
255 121
261 130
259 142
246 142
228 126
207 107
181 95
152 85
123 76
93 58
68 41
48 25
31 19
23 17
21 17
25 15
37 17
54 25
78 39
105 52
134 68
162 80
189 91
214 105
234 119
250 126
257 132
257 134
251 132
240 126
220 119
197 107
171 95
142 82
113 66
85 50
62 39
42 29
27 19
21 15
21 13
29 17
42 23
62 31
85 42
115 56
144 72
173 85
199 99
220 109
244 123
255 134
261 140
263 146
246 134
224 115
207 99
187 91
162 85
130 74
101 58
76 41
56 29
41 25
27 25
19 19
21 15
33 15
48 25
70 37
95 48
123 60
152 72
183 85
208 103
230 117
246 125
255 130
259 132
255 132
244 130
228 123
205 111
179 97
150 82
121 68
93 54
68 42
46 31
31 21
23 15
21 15
25 15
39 19
56 27
17 39
105 52
9 64
166 78
193 95
208 109
236 119
0 126
250 132
259 134
251 134
156 126
220 119
195 107
169 95
125 80
111 64
78 50
60 39
41 31
31 25
27 29
17 19
17 1
35 0
64 17
91 42
117 60
144 70
175 80
203 95
226 117
244 132
251 136
257 132
255 130
246 128
232 126
210 117
185 101
158 83
128 70
101 58
76 48
52 37
35 25
23 15
21 15
23 17
33 21
48 25
72 33
99 48
126 64
156 78
183 91
210 103
230 115
248 126
255 130
259 132
253 132
244 128
224 119
203 109
177 99
150 85
119 70
91 54
66 42
46 31
31 21
21 15
21 13
25 15
39 21
58 31
82 41
109 54
138 70
167 83
197 99
224 119
238 130
242 125
248 117
253 117
253 125
238 126
216 117
193 101
167 87
142 78
111 70
82 56
58 41
41 25
27 17
19 15
19 15
29 17
46 21
66 29
89 42
117 58
148 74
177 87
203 99
224 113
242 123
253 130
257 134
255 134
248 130
230 123
210 113
185 101
158 87
128 74
99 58
74 46
52 33
35 23
23 17
21 13
23 15
35 21
52 27
74 37
99 48
128 64
158 78
185 91
210 105
230 117
248 125
257 130
257 132
253 132
244 130
224 123
201 111
175 99
146 83
121 70
97 66
66 52
35 19
19 0
19 0
25 9
29 23
39 23
58 23
83 31
113 52
142 76
169 93
195 99
218 105
238 115
251 128
257 136
255 136
248 126
236 119
216 113
193 107
166 95
134 76
107 58
82 46
58 39
37 29
27 19
21 13
23 13
31 17
44 25
66 35
93 44
121 58
148 72
177 87
205 103
226 113
244 123
253 130
259 134
255 134
246 130
230 123
208 113
183 99
156 87
126 74
97 58
72 44
50 33
35 25
23 17
21 15
25 17
37 21
54 27
76 41
107 58
136 76
154 80
175 80
205 87
234 105
251 125
255 134
257 132
253 126
