240000 10000000 50331 41
136 70
156 78
173 87
189 97
205 105
218 115
236 130
238 128
236 115
244 107
255 115
259 132
253 140
246 130
242 121
234 115
222 119
207 119
191 109
175 95
158 82
140 74
121 70
105 64
89 52
74 41
60 31
48 27
39 25
31 23
27 17
23 13
23 13
27 15
31 19
31 23
50 27
62 31
76 39
91 46
107 54
125 62
142 72
162 82
177 89
193 97
208 105
222 113
232 119
242 123
251 128
255 132
255 132
255 132
253 130
250 130
238 126
228 121
214 115
203 107
187 101
169 93
152 83
134 74
119 66
101 58
85 52
74 48
60 44
39 29
25 9
23 1
25 7
25 13
23 15
25 13
33 13
44 21
56 33
66 42
80 46
97 50
113 56
130 66
146 76
164 83
181 89
199 97
212 105
224 113
236 121
246 126
251 128
253 128
255 130
255 132
251 134
166 130
234 123
224 117
212 109
197 107
179 99
162 80
146 80
128 70
111 62
95 54
78 46
64 39
52 33
33 25
33 21
27 17
25 17
23 15
25 17
29 19
37 21
44 25
56 29
72 37
85 44
101 52
119 60
138 68
156 78
171 89
187 97
205 105
218 115
234 128
232 121
236 109
248 109
259 123
259 136
253 136
248 126
244 119
234 119
220 121
207 119
191 107
175 93
158 83
140 76
123 70
105 62
89 48
74 39
58 31
48 29
41 27
31 23
25 17
23 13
23 15
27 19
31 19
39 21
48 25
60 31
76 39
91 46
109 56
125 64
142 70
160 80
177 89
193 99
208 105
220 111
234 119
244 125
250 128
253 130
257 130
255 132
253 130
246 128
238 125
228 121
216 115
201 109
187 101
169 91
154 83
134 76
117 66
101 58
85 50
76 50
56 42
37 23
25 7
25 3
25 9
23 15
21 15
27 13
35 15
44 23
54 33
66 41
80 44
97 48
113 56
128 64
148 76
166 83
181 89
197 97
214 107
226 115
236 123
246 125
251 128
255 130
255 134
253 134
250 130
244 128
236 123
224 119
210 111
197 103
181 97
164 87
146 78
128 70
113 64
95 54
80 46
64 37
52 31
35 27
35 25
27 19
23 17
23 15
25 17
29 17
35 21
37 25
56 31
7 37
83 35
101 52
121 62
13 72
154 80
171 89
189 97
205 107
222 121
230 128
230 117
238 105
0 111
250 126
257 138
253 134
248 125
242 117
234 119
218 125
207 121
191 105
175 91
158 83
140 78
123 74
105 62
89 48
74 39
60 33
48 31
31 27
31 21
25 15
23 13
23 15
27 17
31 19
39 21
48 23
60 31
76 39
91 46
107 54
125 60
144 72
162 82
177 91
193 97
208 105
222 113
232 119
242 123
250 126
253 130
255 132
255 134
251 132
248 130
240 126
228 121
216 115
201 105
187 99
171 93
154 85
134 76
119 64
103 58
89 56
76 56
52 41
35 19
27 5
27 5
25 11
23 15
21 13
27 9
35 13
44 25
54 37
66 42
80 44
95 46
113 54
128 66
148 78
166 85
181 89
199 97
212 107
224 115
236 121
246 125
251 128
253 130
255 132
255 132
251 130
246 128
236 123
224 119
212 113
197 107
181 99
162 89
148 80
128 72
111 62
95 52
80 46
66 41
50 33
41 25
35 21
29 21
25 19
21 15
23 13
29 17
37 21
44 27
56 29
70 35
85 42
103 52
119 60
136 70
154 78
171 87
187 97
205 109
222 123
226 123
228 107
240 103
253 117
259 134
255 138
251 132
248 123
244 121
236 126
220 126
207 117
193 101
175 91
158 85
140 82
123 72
105 60
89 46
74 41
58 35
48 33
41 27
31 21
25 15
21 13
25 17
27 21
31 19
39 19
48 25
62 33
76 41
89 46
107 52
125 60
142 70
160 80
175 89
195 99
208 107
220 113
232 119
242 125
250 128
253 128
255 130
255 132
253 132
248 130
238 126
228 121
216 115
203 109
185 101
171 91
154 83
136 76
119 68
103 60
91 58
74 52
50 35
33 15
29 5
29 9
27 15
21 17
21 11
27 9
37 15
44 27
54 37
64 39
80 41
97 46
113 56
128 68
146 76
166 82
181 87
197 95
212 107
226 115
236 121
244 123
251 126
255 130
255 134
255 134
251 132
246 126
236 123
224 119
212 113
197 105
181 97
164 87
146 80
128 72
113 62
95 54
80 46
64 39
52 33
42 25
33 21
27 17
23 15
23 17
25 17
29 15
35 17
46 25
58 33
72 39
85 44
101 52
119 60
136 72
154 80
169 85
189 95
207 109
220 125
220 117
226 101
244 103
255 121
257 138
253 138
251 128
251 121
246 125
234 130
220 128
208 117
191 99
175 91
158 85
140 82
123 72
105 58
89 46
74 41
60 37
48 33
39 25
31 19
25 15
23 15
23 17
25 17
31 19
37 21
48 25
60 33
76 39
91 46
107 54
125 62
142 70
160 82
175 91
191 97
207 103
222 111
234 121
242 125
250 128
253 130
257 132
255 134
251 132
246 128
238 125
228 119
216 115
203 109
187 101
171 93
154 85
136 76
119 68
103 62
91 60
72 48
48 29
35 11
33 7
31 13
25 17
21 15
23 11
29 11
35 19
42 27
52 35
64 37
82 41
95 46
113 56
130 68
146 76
164 82
181 87
197 97
212 109
224 117
236 121
246 123
251 128
255 132
255 132
255 132
251 130
244 128
234 125
224 119
212 113
199 107
181 97
166 89
148 80
130 72
111 62
95 52
82 44
66 41
52 33
42 27
35 21
29 19
25 19
23 17
25 15
29 15
37 21
44 25
56 29
70 35
85 42
103 52
119 60
136 70
154 78
171 85
189 97
208 113
218 121
218 109
228 97
246 107
255 126
257 138
255 136
253 126
251 121
246 126
234 132
220 126
208 113
193 97
177 89
158 87
140 82
123 70
107 56
89 46
76 42
60 39
50 33
41 25
31 19
25 15
23 15
23 17
27 17
31 17
39 19
48 25
60 33
76 39
89 46
107 52
125 62
142 72
160 82
175 89
191 95
207 103
220 111
234 121
242 126
250 128
253 130
257 132
255 134
253 132
246 128
240 125
230 121
216 115
203 109
187 103
171 93
154 83
136 76
121 70
105 64
93 62
68 46
46 27
37 11
33 7
31 13
27 17
21 15
23 11
29 11
37 21
44 31
52 35
64 35
80 39
95 46
111 56
128 66
146 72
164 78
181 87
197 99
210 109
224 115
238 121
246 126
251 128
253 132
255 132
255 134
251 132
244 128
236 125
224 119
212 113
197 105
181 97
166 89
148 80
128 72
115 64
97 56
80 48
66 41
52 33
42 29
33 23
27 19
23 15
23 15
25 15
27 15
35 17
44 25
58 31
70 39
85 44
101 52
119 60
136 70
154 80
169 87
189 97
208 117
214 119
216 105
228 97
248 111
255 130
255 138
253 132
255 125
251 125
246 130
234 132
220 125
208 111
193 99
175 95
158 89
140 80
125 68
99 56
91 46
74 41
62 39
50 31
33 25
31 17
25 15
23 15
23 17
25 17
31 19
31 21
48 25
60 33
74 39
89 46
105 52
123 62
142 72
156 82
175 89
193 97
207 105
220 111
234 119
242 126
250 130
253 130
250 132
257 132
251 132
248 130
240 126
228 121
216 115
203 109
187 101
171 93
154 85
136 76
121 68
107 66
89 60
64 42
44 23
39 11
37 11
31 13
25 17
21 15
23 11
31 15
35 23
42 31
52 33
64 35
80 39
93 46
111 56
128 66
146 74
164 80
179 87
197 99
212 109
224 115
236 119
244 121
251 128
255 134
255 134
253 132
251 130
246 128
236 126
224 119
212 113
199 105
181 99
166 91
148 82
130 72
113 64
97 54
80 46
66 39
52 33
41 27
31 19
29 17
25 19
23 17
23 17
29 17
37 21
44 27
56 33
68 37
83 42
101 50
117 60
134 70
152 78
171 87
193 105
207 117
210 111
216 99
232 99
248 115
255 132
253 136
253 130
255 125
251 128
236 132
234 132
220 123
208 109
193 99
175 93
158 87
140 80
123 68
107 56
91 48
76 44
62 39
48 31
41 23
31 19
27 17
23 17
23 17
25 15
31 15
39 21
48 27
60 33
74 39
89 44
107 52
125 62
142 72
160 82
175 87
191 95
208 103
220 113
232 121
242 123
250 126
253 130
255 132
255 132
253 132
185 128
240 125
222 121
216 115
203 107
189 101
173 93
154 85
138 76
121 70
109 68
80 60
62 39
46 19
33 11
39 13
31 17
15 17
21 13
25 9
29 15
35 23
42 29
50 31
64 31
80 39
95 48
111 58
3 68
146 66
164 80
181 89
197 99
210 109
224 113
236 119
244 125
0 128
253 125
255 134
255 125
251 130
173 126
236 123
226 119
212 109
197 105
181 97
166 89
148 82
130 72
113 62
97 54
82 48
66 41
52 35
42 29
35 23
27 17
23 17
23 15
25 15
29 17
35 21
44 25
56 31
70 37
83 42
101 50
119 60
136 70
154 80
169 87
191 105
205 113
208 105
218 95
234 101
250 119
255 134
253 136
253 126
255 123
253 128
244 136
232 132
220 121
208 107
193 101
177 97
160 91
142 80
125 66
107 56
91 52
74 46
60 39
50 31
41 25
31 19
27 19
23 19
23 17
25 17
29 15
39 19
48 27
58 33
74 39
89 42
107 52
123 62
140 72
158 80
171 89
191 97
207 105
220 113
224 119
242 125
248 126
253 130
255 130
255 132
253 130
250 128
240 126
230 123
216 117
205 109
189 103
173 95
154 85
138 76
123 72
109 70
83 56
60 35
48 19
42 13
39 17
29 19
21 15
21 9
27 9
31 17
35 27
41 29
52 29
66 31
80 39
93 50
109 58
128 64
146 70
164 78
179 89
197 99
210 107
226 115
236 119
244 125
251 130
255 132
255 132
255 132
251 130
244 128
236 125
226 121
212 113
199 107
183 99
166 91
148 82
130 74
113 64
97 56
80 46
68 39
54 33
42 27
33 23
27 17
25 15
23 13
25 17
29 19
35 21
46 25
56 31
70 37
83 42
101 52
117 60
134 68
152 78
171 89
193 107
201 111
205 99
218 91
236 105
0 125
253 136
253 132
255 126
255 125
251 130
236 136
234 132
220 119
208 107
193 99
177 97
160 91
142 80
125 66
107 54
91 50
76 46
62 41
48 31
39 23
33 21
19 19
23 19
23 15
25 15
29 15
39 21
48 27
60 35
74 39
89 46
105 52
123 64
140 74
158 80
175 87
191 95
207 105
220 113
232 119
242 123
248 125
255 130
255 132
255 132
253 132
248 128
240 125
230 121
218 117
205 111
189 103
171 95
156 85
138 78
125 74
109 72
82 52
58 29
50 15
46 15
39 21
29 21
23 13
23 9
27 13
29 19
33 25
41 29
52 29
64 31
78 39
93 48
111 58
128 66
146 70
164 78
181 89
197 101
210 107
224 113
236 119
244 126
251 130
255 132
255 132
255 132
251 132
246 130
236 125
226 119
212 111
201 107
183 99
166 89
148 82
130 72
113 64
97 56
82 48
66 41
54 33
42 27
35 23
27 19
23 17
23 15
25 15
29 17
35 19
37 25
56 31
70 37
83 44
99 50
109 60
136 70
152 80
171 93
191 107
197 105
205 93
220 93
240 109
250 126
253 136
253 130
255 125
255 126
251 134
244 136
234 128
222 117
208 107
193 103
162 99
160 89
142 78
125 64
107 56
91 52
76 46
62 37
50 29
41 21
33 21
27 21
23 19
23 17
25 15
29 17
39 21
46 27
60 31
74 37
87 42
105 52
123 62
140 70
158 80
175 89
191 97
205 103
220 111
232 119
242 125
248 128
253 128
255 132
255 132
253 132
248 130
240 125
230 121
218 117
205 111
189 103
173 93
156 85
140 80
126 78
107 72
80 50
60 29
52 19
46 19
39 23
27 19
23 13
23 9
25 13
29 21
35 27
41 27
50 27
64 31
78 41
93 50
109 58
126 62
146 68
164 78
181 91
197 101
212 107
224 115
236 119
244 125
251 130
253 132
255 132
255 130
253 130
246 128
236 126
226 119
212 113
199 105
183 99
166 91
150 82
130 72
113 62
99 54
82 48
66 41
54 33
44 25
35 21
27 19
23 15
23 15
25 15
29 17
35 19
44 25
56 31
68 37
83 42
101 50
117 60
134 68
152 78
173 93
191 107
193 101
203 89
222 93
242 115
250 132
251 136
253 128
257 123
257 128
253 138
242 138
232 126
222 113
208 107
193 105
175 101
160 89
142 76
125 64
109 58
91 54
78 48
62 39
50 29
41 23
33 23
27 21
23 19
23 15
25 15
31 17
39 23
46 27
58 31
74 37
87 44
105 54
121 62
140 72
158 80
173 87
191 95
207 105
220 113
232 119
240 123
248 126
253 130
257 132
257 134
251 132
248 130
242 125
230 123
218 117
205 111
189 103
173 93
156 85
140 80
126 80
103 68
78 44
60 27
54 19
48 23
39 25
27 19
23 13
23 9
27 13
27 21
33 25
41 27
50 27
62 31
78 41
93 50
111 58
126 64
144 70
162 78
179 91
197 101
210 109
224 113
234 119
244 125
251 130
253 132
255 132
255 132
251 130
246 128
236 125
226 119
214 111
199 105
183 99
167 91
150 83
132 74
115 64
97 56
82 48
68 41
52 33
42 27
35 21
29 19
23 17
21 15
25 15
29 17
37 21
44 27
56 31
68 35
83 42
99 52
115 58
134 68
154 80
175 99
185 107
191 95
205 87
226 97
242 119
248 132
251 132
255 125
257 125
255 132
251 136
244 136
234 126
222 115
208 107
193 105
177 101
160 89
142 74
125 64
109 58
93 54
76 46
62 37
50 29
41 25
33 23
27 21
23 17
23 15
25 13
29 15
39 21
48 29
58 31
72 37
87 42
105 52
123 62
138 72
156 78
173 85
191 97
207 107
220 113
230 119
242 123
250 126
253 130
255 132
255 134
253 132
248 130
240 126
230 121
218 115
207 111
189 105
171 95
158 87
142 82
128 80
101 64
76 42
64 27
58 23
48 25
37 25
29 19
25 13
25 11
25 15
27 23
33 25
41 25
50 25
64 31
78 41
91 50
111 56
126 62
146 70
162 82
179 91
195 99
212 107
224 113
234 121
244 125
251 130
255 130
255 132
255 132
251 130
246 128
236 125
226 119
214 113
199 105
183 99
167 91
150 82
130 72
115 64
99 56
82 48
66 41
54 33
44 27
35 23
29 21
23 17
23 15
25 15
27 17
35 19
42 25
56 29
68 35
83 42
99 50
117 60
134 70
154 82
173 99
181 99
189 89
207 83
228 101
242 123
248 134
250 130
253 123
257 125
257 136
251 142
244 136
232 121
222 113
208 109
193 107
177 101
160 87
144 74
126 66
109 60
91 54
78 46
64 37
50 29
41 25
33 23
25 19
25 15
23 15
25 15
29 19
37 23
48 27
58 31
72 37
87 44
105 54
121 60
138 70
156 78
173 89
189 97
205 105
218 111
232 117
242 123
248 128
253 130
255 132
255 132
253 132
248 128
240 125
232 123
218 117
205 109
189 103
173 95
158 89
144 85
123 80
97 58
76 37
66 25
58 25
48 27
37 25
29 17
25 11
25 11
25 21
27 23
31 23
41 23
52 27
62 35
78 42
91 48
111 54
126 60
144 62
162 80
171 91
197 99
210 105
224 113
234 119
244 126
1 130
253 132
255 132
255 130
251 130
246 128
236 123
226 117
214 113
201 107
185 101
166 91
150 82
132 74
115 66
97 56
82 46
68 39
54 33
42 29
33 21
29 19
25 15
23 15
25 15
27 17
35 21
42 23
54 29
68 37
83 44
99 52
117 60
134 70
156 87
171 99
177 91
189 80
210 85
230 107
240 126
246 130
250 125
255 123
259 130
257 140
250 140
244 132
234 121
222 115
208 111
193 107
177 97
162 85
142 74
125 66
109 62
93 56
78 46
62 35
50 29
41 27
33 25
25 19
23 13
23 13
25 15
29 19
37 23
48 25
60 29
72 37
87 44
103 52
121 62
15 70
156 78
173 87
189 97
189 97
218 111
232 117
242 123
250 128
253 130
257 132
257 132
253 132
248 130
240 126
230 121
218 117
205 109
191 103
173 97
160 89
146 80
121 76
93 52
78 35
62 27
60 29
48 31
35 25
29 15
27 11
27 17
25 21
25 23
31 21
33 21
50 25
62 33
76 41
91 48
109 52
126 60
144 70
162 83
179 91
195 99
208 105
224 113
236 121
244 126
250 130
253 130
255 130
255 130
251 132
246 130
238 125
226 119
214 113
199 107
185 101
167 91
148 82
132 74
117 64
99 58
82 48
68 41
54 33
44 29
35 23
29 21
23 17
21 15
25 15
29 17
35 19
42 23
56 29
70 37
83 44
99 52
117 60
134 72
158 89
166 93
173 83
191 78
214 91
230 113
238 126
244 128
251 123
257 125
259 132
255 140
251 140
244 130
234 119
224 115
208 113
187 109
179 99
162 83
144 74
128 68
111 64
93 56
78 46
64 37
52 31
33 27
31 23
27 19
23 15
23 13
25 15
29 17
37 21
46 25
58 31
72 37
87 44
103 54
121 60
138 66
158 78
175 89
189 97
205 105
218 111
232 117
240 125
248 128
253 128
255 130
257 132
253 134
248 130
242 128
232 123
220 117
205 111
189 103
175 97
162 93
144 87
115 70
93 46
80 33
74 29
62 33
46 33
37 23
31 15
27 13
25 19
25 23
27 23
31 19
39 19
50 25
62 35
76 42
91 46
109 52
126 60
144 64
162 83
171 91
195 97
208 95
222 111
234 121
244 126
1 130
255 130
255 132
255 132
253 130
246 130
236 125
226 117
214 113
201 107
185 101
167 91
152 80
134 74
117 66
99 56
82 48
68 41
56 35
44 29
35 23
29 19
25 17
21 15
23 13
29 15
35 21
44 27
54 31
68 35
83 42
99 52
115 62
138 76
156 89
162 87
173 78
193 80
214 97
230 119
238 126
244 125
0 121
257 126
259 136
255 144
250 138
244 126
234 119
218 117
210 117
193 109
177 95
162 83
144 76
126 70
109 64
93 54
78 44
62 35
50 31
41 27
33 23
27 17
23 13
23 13
25 15
29 17
37 21
46 25
60 31
72 39
87 46
103 52
121 62
138 70
156 80
171 87
189 95
205 103
218 111
230 117
240 123
248 128
253 130
255 132
255 132
253 132
250 132
242 128
230 123
218 115
207 109
191 105
175 99
164 97
140 85
113 64
95 44
83 35
74 35
60 37
46 29
37 21
31 13
27 15
25 19
23 23
27 21
33 19
41 21
50 27
60 35
76 41
91 44
109 50
125 58
144 72
162 83
179 91
195 99
208 105
224 113
234 121
244 126
250 128
253 130
255 132
255 132
251 132
246 128
238 123
228 119
214 115
201 105
185 99
167 91
152 83
132 74
99 64
99 54
83 48
68 33
56 31
44 29
35 23
29 19
25 17
23 15
23 15
27 17
35 21
35 23
54 29
68 37
82 44
99 52
109 60
13 78
152 87
158 76
173 70
197 82
216 103
228 121
236 123
246 119
253 123
259 132
257 140
255 140
251 134
244 125
234 121
222 119
208 115
195 105
179 91
162 82
144 78
128 74
111 66
93 54
78 44
64 37
52 33
41 29
33 21
25 15
23 11
23 15
25 17
29 19
37 21
46 23
58 29
72 37
87 44
103 54
121 60
138 68
156 78
173 89
189 97
205 103
218 109
230 117
240 123
248 128
253 130
255 130
255 132
253 132
248 128
240 125
232 121
220 119
207 113
191 105
179 99
162 95
134 82
111 58
97 42
87 37
76 37
58 37
44 27
37 17
33 15
29 19
23 21
23 21
27 19
31 17
39 21
48 27
60 33
76 39
91 44
107 52
126 62
144 74
162 83
177 91
195 97
210 105
222 115
234 121
242 125
250 126
253 128
255 132
255 132
253 132
248 128
238 125
226 119
216 113
201 109
185 101
167 91
150 80
134 74
117 66
101 60
82 48
68 41
56 33
44 29
35 25
29 19
25 17
23 15
23 15
27 17
35 21
42 25
54 31
68 37
82 42
99 52
119 64
138 80
144 78
154 68
175 70
199 87
216 109
228 123
236 123
246 119
253 123
257 134
257 144
253 140
250 130
244 123
234 121
222 121
208 115
187 103
179 91
164 83
146 80
126 72
111 64
95 54
78 44
64 39
50 33
41 27
33 21
27 17
23 15
21 15
25 17
29 17
37 19
44 25
56 31
72 37
87 44
103 52
119 58
138 68
158 80
171 89
187 97
205 103
220 111
230 119
240 125
248 128
253 130
255 132
255 132
253 130
250 128
244 128
232 125
220 117
207 113
193 107
181 107
160 97
130 74
111 52
101 42
89 42
74 42
58 37
46 27
39 19
33 19
27 21
23 21
25 19
27 17
31 17
39 21
48 29
62 35
76 39
91 44
109 54
126 64
142 74
162 82
177 89
195 97
208 105
222 113
234 121
244 125
250 126
253 128
255 132
255 132
251 130
246 126
240 123
228 121
214 117
201 109
185 99
169 91
152 83
134 76
115 64
99 56
83 48
70 41
56 33
44 27
37 23
29 17
23 15
23 15
25 17
29 19
35 21
42 23
54 29
66 35
82 44
99 52
121 70
134 78
140 70
156 64
179 72
203 95
216 115
224 119
236 115
248 117
255 128
257 140
255 142
253 134
251 126
246 125
234 125
222 123
208 113
187 101
179 91
162 85
144 80
128 74
113 64
95 52
78 44
64 37
52 35
35 29
33 23
27 17
23 15
23 15
25 17
29 17
37 21
46 25
58 29
72 37
85 44
103 52
121 60
138 70
154 78
173 87
189 95
203 103
218 111
230 119
240 123
248 126
3 130
255 132
255 132
253 132
248 130
242 126
232 123
220 119
207 113
187 109
181 107
154 89
128 68
115 50
97 46
91 46
74 44
56 35
46 25
39 21
33 21
27 25
23 23
23 17
27 13
31 17
39 23
48 29
62 33
76 37
91 42
107 52
125 64
142 72
162 80
177 89
193 97
208 107
222 115
234 121
242 123
250 126
253 130
255 132
255 132
253 132
246 130
238 125
228 119
216 115
203 109
185 103
169 93
152 82
134 76
117 66
99 58
83 48
68 41
56 35
44 29
37 25
29 19
25 17
23 15
25 17
27 17
33 19
42 23
54 31
68 37
82 44
101 56
121 72
128 72
138 60
158 60
183 78
203 101
212 115
224 115
238 113
248 121
253 132
255 140
255 138
255 132
251 128
244 126
234 126
222 121
208 111
195 99
179 93
164 87
146 82
128 72
111 60
95 52
80 46
64 41
50 33
41 25
33 19
27 17
23 17
21 15
25 15
29 17
37 19
46 25
56 31
72 39
85 44
101 50
119 58
138 70
156 80
171 89
187 95
203 101
218 109
230 119
240 125
248 128
253 130
255 132
255 134
253 132
250 132
242 126
232 123
220 119
208 115
199 115
177 105
150 83
128 62
119 50
107 52
89 50
72 44
60 33
48 25
41 25
33 27
25 25
23 19
23 15
25 15
31 17
39 23
48 27
60 31
76 37
91 44
107 54
125 64
144 72
162 80
177 89
193 97
208 107
220 113
232 117
244 125
250 128
253 130
255 132
255 132
253 130
246 128
238 125
228 119
216 115
201 107
185 99
169 91
154 83
134 76
117 66
99 56
83 48
62 42
56 35
44 27
37 23
29 19
25 15
21 13
23 13
29 15
35 21
42 25
54 29
68 37
83 46
93 62
115 62
121 60
13 54
162 64
185 87
199 107
212 113
224 109
238 111
240 125
3 138
255 140
255 134
255 128
251 128
236 130
234 128
222 119
210 107
197 99
181 95
164 89
146 80
128 70
111 60
95 54
78 46
64 41
52 33
41 25
33 19
27 17
23 15
23 15
25 15
29 17
35 17
46 25
58 33
70 39
83 44
103 52
121 60
136 70
154 78
171 87
189 95
203 103
216 111
230 117
240 123
248 126
253 130
255 132
257 134
253 132
250 130
242 128
232 123
222 119
210 115
199 115
171 99
148 78
132 60
123 56
107 56
89 52
72 42
58 31
50 25
41 25
33 29
25 25
23 17
23 13
27 15
31 19
39 25
48 27
62 29
76 35
91 46
107 56
125 62
144 72
162 80
177 89
193 99
208 107
222 113
234 119
242 123
250 128
255 130
255 132
255 132
251 130
248 128
238 126
228 121
214 115
201 107
187 101
169 93
152 82
134 74
119 66
101 56
83 50
70 42
56 37
44 29
37 23
29 21
25 17
23 15
25 15
27 17
33 19
42 25
54 29
68 37
83 48
103 64
111 62
119 52
140 52
166 70
187 93
199 107
210 107
224 105
240 115
250 130
251 140
253 140
255 130
255 126
251 128
234 130
234 126
224 117
210 107
197 101
179 97
164 91
148 82
130 72
111 60
95 52
80 48
64 41
52 33
41 25
33 19
27 17
23 17
23 17
25 15
29 17
37 19
44 25
58 31
70 37
85 44
101 52
119 60
136 68
156 78
171 87
187 95
203 101
218 109
230 117
240 125
246 126
253 128
257 132
255 132
253 132
250 130
244 128
234 125
222 121
214 121
193 113
167 93
148 72
136 60
125 60
107 58
87 50
72 39
62 31
52 29
41 29
31 27
25 21
23 15
23 15
27 17
29 19
37 21
48 23
62 29
76 39
89 46
109 56
126 64
142 72
156 80
177 89
193 99
208 105
222 113
234 119
242 125
0 128
253 130
255 132
255 132
251 130
246 128
238 125
220 121
216 115
203 107
185 99
169 91
154 85
136 76
117 66
99 58
85 50
70 42
56 37
44 29
35 21
29 19
25 17
23 15
23 15
27 17
35 19
42 25
52 31
66 37
87 54
97 62
103 50
121 42
144 54
167 78
185 99
197 105
210 103
226 107
238 121
246 134
251 138
255 134
255 128
253 128
250 130
244 130
234 125
222 115
210 109
197 103
181 99
166 91
146 80
128 70
113 62
95 56
80 48
64 39
52 31
42 25
33 21
27 19
23 15
23 15
25 15
29 17
35 19
46 23
58 29
70 37
83 42
101 48
121 60
138 70
154 80
169 87
187 95
203 103
216 111
228 117
240 123
248 126
1 130
255 130
255 125
255 134
250 132
242 128
232 125
224 125
212 123
187 109
164 85
152 70
140 64
125 64
107 60
87 48
74 39
64 33
50 33
39 31
31 25
25 17
25 15
23 15
25 17
31 19
39 21
48 23
60 29
76 39
91 46
107 54
125 60
142 70
160 80
177 91
193 99
208 107
220 113
232 119
242 125
250 128
253 130
255 132
255 130
253 128
248 130
240 126
228 123
216 115
203 107
187 101
169 93
152 83
134 74
119 64
101 56
83 50
70 41
56 35
46 29
37 25
29 19
23 17
23 15
25 17
27 17
33 21
41 23
54 29
70 41
85 56
91 52
101 41
123 41
150 62
167 85
181 99
197 99
212 99
228 109
234 125
238 136
0 136
255 130
255 126
255 130
251 134
244 132
234 123
224 113
205 109
197 105
181 97
164 87
148 80
130 72
113 64
95 56
80 48
66 41
52 33
41 27
33 21
27 19
23 17
21 15
25 15
29 17
37 21
44 27
56 29
70 35
85 44
101 52
119 62
136 68
154 76
171 87
187 97
203 103
216 111
230 117
240 123
248 128
1 130
255 125
255 132
253 132
250 130
242 128
236 126
228 128
208 121
183 101
166 82
156 72
142 70
125 68
105 60
87 46
76 37
64 33
52 37
41 33
31 25
27 17
23 13
23 15
25 19
29 19
37 19
48 21
60 29
74 39
89 46
107 54
125 62
142 70
160 82
177 91
193 99
208 105
220 111
232 117
242 123
250 128
253 130
255 130
257 130
253 130
248 130
238 126
228 121
216 115
203 107
187 101
169 91
154 82
136 74
119 66
101 58
83 50
70 41
58 35
44 29
37 23
29 19
25 17
23 15
23 15
29 19
35 23
41 27
52 31
72 44
82 52
85 42
101 35
126 46
152 70
167 91
179 97
195 93
214 99
228 115
238 130
244 136
250 130
255 128
257 128
253 134
248 134
244 126
234 117
226 115
210 111
197 107
181 99
166 89
148 80
128 72
113 66
95 58
80 48
66 39
52 31
42 27
35 23
27 19
23 15
23 13
25 15
29 17
35 21
44 25
56 29
70 37
83 42
101 52
119 60
136 70
154 80
169 87
187 95
205 103
216 111
228 117
238 121
248 126
253 130
255 132
255 132
255 132
250 132
244 130
236 128
226 128
205 115
181 93
167 80
158 74
142 74
123 68
105 60
91 48
78 33
64 39
46 37
31 31
31 23
27 15
23 13
21 15
17 17
31 17
31 19
48 23
60 31
74 41
89 48
107 54
125 62
142 72
160 82
175 91
191 95
207 101
222 111
232 121
242 125
250 126
253 128
255 132
255 134
253 132
246 128
240 125
228 121
216 115
201 107
187 101
171 93
154 85
136 76
119 66
103 58
85 52
70 44
56 35
44 29
37 25
29 19
25 15
25 17
25 19
27 19
33 21
42 25
58 37
70 50
74 44
82 33
105 31
130 52
150 78
164 91
179 89
197 91
214 101
228 119
236 130
246 132
251 128
255 126
255 130
253 136
251 134
244 126
236 119
224 115
212 113
197 107
181 99
166 87
148 78
130 72
113 64
95 56
80 46
66 39
54 33
42 29
33 23
27 19
23 15
21 13
25 15
29 17
37 21
44 25
56 29
70 35
85 44
101 54
119 60
134 68
154 76
169 87
187 95
201 103
216 109
228 117
240 121
246 126
251 130
255 132
257 134
253 132
250 130
244 130
240 134
222 128
199 107
181 87
173 78
162 80
142 80
121 70
107 56
93 46
78 44
62 42
48 39
39 29
33 19
25 15
21 15
23 17
25 17
29 15
37 17
48 23
60 31
74 39
91 46
107 52
125 62
140 72
160 82
175 89
193 97
208 105
220 111
232 119
242 123
250 126
253 130
255 132
255 132
253 132
248 128
240 125
230 121
218 115
203 109
187 103
169 93
154 83
136 76
121 68
101 60
83 50
62 41
58 35
46 29
37 25
29 21
25 17
23 15
23 17
27 17
33 21
42 25
58 39
66 44
70 33
85 27
109 37
132 62
148 80
164 87
179 85
199 89
214 107
228 125
236 130
244 128
251 123
255 128
257 134
253 138
250 132
244 125
236 119
226 117
212 115
197 107
181 97
166 87
148 80
130 74
113 66
97 56
82 46
66 37
52 31
42 27
35 23
27 19
23 15
23 13
25 15
29 19
35 21
44 23
56 29
70 35
85 42
101 52
119 60
134 68
152 76
169 83
185 93
203 103
216 111
228 119
238 121
248 126
253 130
255 132
257 134
255 134
251 134
248 134
238 136
216 121
197 101
187 85
177 82
162 82
140 78
123 68
107 56
93 50
78 48
64 44
48 37
39 27
31 19
25 17
23 17
21 17
15 13
29 13
39 19
48 27
60 35
74 39
91 42
107 52
125 64
140 74
158 82
175 89
193 97
207 105
220 113
232 119
242 123
248 126
3 128
255 132
255 134
253 132
248 130
240 126
228 121
216 115
205 109
189 103
171 93
154 83
136 76
119 66
103 60
85 50
70 42
56 35
46 27
37 23
31 21
25 17
23 15
25 15
27 17
33 21
48 33
56 42
60 37
68 25
87 25
113 42
134 70
148 82
162 83
181 83
199 95
214 113
224 126
234 126
244 123
251 125
253 130
255 136
253 136
251 130
246 123
236 121
224 119
212 115
199 109
183 97
166 87
148 80
130 72
115 66
97 56
80 44
66 39
54 33
42 27
35 23
27 19
23 15
23 15
25 15
29 17
37 21
44 25
54 29
68 35
85 44
101 52
117 60
134 68
152 76
169 85
187 95
201 103
216 109
228 115
238 121
246 125
253 130
255 134
257 134
255 134
251 134
250 138
234 132
210 113
197 95
189 87
179 89
162 87
140 78
125 66
107 52
95 50
78 50
62 44
50 35
33 25
33 21
27 19
21 17
21 17
17 13
31 15
37 17
46 25
60 31
74 39
89 44
107 52
123 62
142 74
158 82
175 89
191 95
208 105
220 113
232 119
240 121
250 125
255 130
255 126
255 125
253 130
250 128
177 126
220 123
216 115
203 107
189 101
171 95
146 85
136 76
121 68
103 56
85 50
70 42
58 37
46 31
37 25
29 19
25 17
23 15
25 17
27 19
33 23
48 35
52 37
46 25
64 17
93 29
115 52
130 72
144 76
164 76
181 83
201 101
212 115
224 123
236 121
244 121
250 125
253 132
255 136
253 132
250 125
244 121
238 123
226 123
212 117
197 105
183 95
167 89
148 83
130 76
113 64
97 52
82 44
66 41
52 33
42 27
35 21
29 17
23 15
21 15
25 17
29 19
35 21
44 25
56 29
70 37
83 42
101 52
117 60
134 68
152 78
169 87
185 95
201 103
216 111
228 117
238 121
248 126
253 130
255 134
257 134
255 134
255 138
248 138
226 125
210 105
203 93
193 93
177 93
160 87
140 74
126 64
111 60
93 56
76 50
62 41
50 31
39 25
31 21
25 19
21 17
21 15
25 13
31 15
37 21
48 27
60 33
74 39
89 44
107 54
123 64
140 72
158 80
173 87
187 95
207 105
220 113
232 121
242 123
248 126
253 130
255 134
255 134
251 132
248 128
240 125
230 121
216 117
203 109
187 101
171 93
156 85
136 78
119 68
103 58
87 50
72 41
58 35
46 27
37 23
31 21
25 19
23 17
25 17
29 19
35 25
46 37
44 29
52 15
72 15
97 37
115 60
128 72
144 74
164 74
183 85
199 105
212 119
224 121
234 117
244 119
250 126
253 134
253 134
253 130
251 125
246 125
236 125
226 123
212 115
199 105
183 97
166 91
148 83
130 74
115 64
97 54
80 46
66 41
52 35
42 29
33 21
27 17
25 15
23 17
23 15
27 15
35 17
46 25
56 33
70 39
83 44
101 50
117 60
134 68
152 78
169 85
187 93
201 101
214 109
228 117
240 123
246 126
251 130
257 132
257 134
259 138
257 144
242 134
224 117
212 101
207 95
195 97
179 97
160 87
142 76
126 66
111 60
95 60
76 52
62 39
48 29
39 21
33 21
17 21
23 17
23 11
25 11
31 15
37 21
46 27
60 31
74 37
89 44
105 54
123 64
140 72
158 78
175 89
191 97
207 105
220 113
232 119
242 123
248 126
253 132
255 132
255 132
253 130
248 128
240 126
228 121
218 115
205 109
189 103
171 95
154 85
136 76
121 68
103 58
87 50
72 42
58 37
46 29
37 23
31 21
27 19
23 19
25 17
29 19
39 31
41 31
41 19
54 11
76 23
99 46
113 64
126 68
144 68
158 76
183 93
197 109
208 115
224 117
236 117
244 123
250 130
253 134
255 132
255 128
251 126
246 126
236 125
226 121
214 113
199 105
183 97
167 93
150 85
130 74
113 62
97 52
82 48
66 42
52 35
35 27
35 19
21 17
25 17
21 15
25 15
29 15
35 19
44 25
56 29
70 37
83 42
99 50
117 58
134 68
152 78
169 87
185 93
203 101
216 109
228 117
238 123
248 125
253 130
257 134
257 136
259 138
255 140
238 130
222 113
216 101
210 101
197 103
177 97
158 85
142 72
128 66
111 64
93 60
76 50
62 39
50 29
41 25
31 23
25 19
23 13
23 13
25 13
29 17
37 21
48 25
60 31
74 37
87 46
105 54
123 64
140 72
158 78
173 87
191 97
207 105
220 113
232 117
240 123
250 126
253 130
255 132
255 132
253 130
248 128
240 126
230 123
218 117
205 109
187 99
171 91
156 85
138 78
121 68
103 58
87 50
72 44
60 37
46 31
37 23
31 21
25 19
23 17
23 17
31 25
37 33
33 21
39 7
60 11
82 33
97 54
109 62
126 60
146 66
166 78
181 97
197 111
212 115
224 113
234 117
244 125
250 132
253 136
255 130
255 128
251 126
246 130
238 128
226 121
212 111
199 105
185 99
167 93
150 83
130 72
115 62
97 54
80 48
66 39
54 33
44 27
35 23
27 19
25 17
23 17
25 17
27 19
35 19
44 23
56 29
68 35
82 42
99 48
117 58
134 68
152 78
169 85
187 93
201 101
214 111
228 117
238 123
248 126
251 130
255 132
261 138
261 146
248 136
232 119
226 107
222 105
210 109
195 105
175 93
162 82
146 74
128 74
109 68
93 58
76 44
62 35
50 29
39 27
31 23
25 17
23 11
21 11
25 13
31 17
39 21
48 27
60 31
74 37
89 46
105 56
123 64
140 70
158 80
173 87
191 95
205 105
220 113
230 119
240 121
250 126
253 130
257 134
255 134
251 130
248 128
240 126
230 123
216 115
205 109
191 103
173 95
156 85
136 76
121 68
105 60
87 52
70 42
58 35
46 29
37 23
29 19
25 17
25 17
27 21
33 29
29 25
29 9
42 3
64 17
82 41
95 54
109 56
126 56
148 68
166 85
181 101
195 107
210 107
224 109
234 119
244 126
250 132
253 130
255 126
255 126
251 130
246 130
236 125
226 117
214 111
199 107
183 101
167 93
150 82
132 72
113 62
95 54
82 48
68 42
54 37
42 27
35 21
29 19
25 19
21 17
25 15
27 15
35 19
42 23
54 29
68 37
83 42
99 50
115 60
134 68
152 78
169 85
185 95
201 101
214 109
228 117
238 123
246 126
253 132
259 138
263 144
255 142
242 128
232 115
230 109
222 111
208 111
193 103
177 91
164 82
146 78
128 76
109 70
91 56
78 44
62 33
52 33
39 29
31 23
25 15
23 11
23 13
25 17
29 19
37 21
48 25
60 31
72 39
87 46
105 54
123 62
138 68
156 78
173 87
191 97
205 105
218 111
230 117
240 121
248 126
253 130
255 132
255 132
253 132
248 130
240 126
230 123
218 117
205 111
189 103
173 93
156 85
138 76
121 68
103 58
87 50
72 42
58 37
46 31
39 25
31 19
27 19
23 17
29 25
29 29
25 15
29 3
46 5
66 27
80 46
93 54
109 52
128 56
150 70
166 89
179 101
195 103
210 103
224 109
234 119
242 126
250 128
255 128
257 128
255 130
251 130
246 130
238 125
224 117
214 113
201 107
185 101
167 93
150 82
132 72
115 64
99 56
82 48
66 39
54 31
42 27
35 21
27 19
23 17
23 15
25 15
27 17
35 21
42 25
56 31
68 35
82 42
99 50
117 60
134 70
150 78
167 83
185 93
201 103
214 111
226 117
238 123
248 126
253 132
259 138
263 144
250 136
240 121
236 111
232 109
224 115
208 113
193 103
179 89
164 83
146 80
126 78
111 68
93 56
78 44
64 39
50 33
39 27
33 21
27 15
23 11
23 13
25 15
31 19
37 21
46 25
58 31
72 39
87 46
105 54
123 62
138 70
156 80
173 87
189 95
205 103
220 111
232 119
242 125
248 126
253 130
257 132
255 134
253 132
248 130
240 126
230 123
218 117
205 109
191 103
173 95
156 85
138 76
121 68
105 60
87 52
72 42
58 37
48 31
37 27
31 21
25 19
27 23
29 31
21 21
19 1
33 0
54 15
68 37
78 48
91 46
109 46
130 58
148 78
162 93
177 97
195 97
210 101
224 113
234 123
242 128
250 126
253 126
255 126
255 130
253 134
246 130
236 125
226 117
214 115
201 111
185 101
167 91
150 80
132 72
115 64
97 56
82 48
68 41
54 33
42 27
35 23
29 19
25 17
23 15
25 15
27 17
35 19
44 23
54 29
68 35
82 41
99 50
115 60
132 68
152 78
167 85
185 95
201 101
214 109
228 117
238 125
248 128
255 134
263 144
257 142
246 128
240 115
240 111
236 117
222 119
207 111
195 99
181 91
166 89
146 85
126 76
109 64
93 50
78 44
62 41
50 35
41 27
31 19
27 15
21 13
23 15
25 17
29 17
37 19
48 25
60 33
72 41
87 44
103 52
121 58
140 70
156 80
173 87
189 95
205 103
218 111
232 119
240 123
250 128
253 130
255 132
255 132
253 132
248 130
240 126
230 121
218 117
205 111
189 101
173 91
158 85
138 78
121 70
105 60
87 50
72 42
58 35
48 31
39 27
31 21
27 19
29 27
25 25
17 9
21 0
37 3
54 23
64 39
76 44
91 44
111 48
128 64
146 80
162 89
179 93
195 95
208 103
222 115
234 125
242 126
250 125
255 126
255 130
255 134
251 130
246 128
238 123
228 121
214 115
201 109
185 99
169 91
150 82
132 74
115 64
99 56
82 46
66 39
54 33
44 29
35 25
29 19
25 15
23 15
25 17
27 19
33 21
42 23
54 29
68 35
82 42
99 50
115 58
132 66
152 76
167 85
185 95
201 103
214 111
226 117
236 121
248 126
259 138
261 146
250 136
244 121
244 113
244 117
236 121
222 119
208 109
195 99
181 93
166 91
146 85
126 76
109 62
93 50
78 44
64 41
50 35
39 25
33 17
27 15
23 15
21 15
25 17
31 19
37 21
46 25
58 33
72 39
87 46
103 52
121 60
138 68
156 78
173 87
189 97
205 103
218 111
232 117
240 123
248 126
253 130
255 130
255 132
253 130
248 128
242 126
232 123
218 117
205 109
191 101
158 95
158 87
138 78
121 68
105 58
89 50
72 44
58 37
48 31
39 27
31 21
29 25
27 29
17 15
15 0
25 0
41 9
52 29
62 39
76 39
93 41
111 52
128 70
146 83
162 89
177 89
195 95
208 105
222 117
232 121
244 123
250 123
253 126
255 132
255 134
253 132
248 126
238 123
226 121
214 117
201 109
185 99
166 87
148 82
134 74
117 66
99 56
82 46
62 41
56 31
42 31
35 23
29 19
25 17
23 15
23 15
29 17
35 21
35 25
54 31
5 37
83 42
99 52
115 60
132 68
150 76
167 83
185 93
201 103
214 111
228 117
238 125
248 130
9 142
255 140
246 128
246 117
248 115
246 121
236 125
222 117
208 107
197 99
183 97
164 95
146 87
126 72
111 60
93 52
78 44
62 39
50 31
41 25
33 19
27 17
23 17
23 15
27 17
31 17
37 21
46 25
58 33
72 39
87 44
103 52
121 60
138 70
156 80
173 87
189 95
205 105
218 111
230 119
240 123
248 126
253 130
257 132
255 134
253 132
250 130
242 126
230 123
220 117
207 111
191 103
173 93
156 83
138 76
123 68
105 60
89 52
74 42
60 37
48 31
39 27
33 23
31 29
21 25
11 3
15 0
31 0
44 19
52 35
60 35
76 33
95 39
113 56
126 76
144 82
162 83
179 85
195 95
208 107
222 117
232 121
242 121
250 123
253 128
255 134
255 136
253 130
246 125
238 123
228 121
214 115
201 107
187 99
169 91
152 83
132 76
117 66
101 56
83 48
68 41
54 33
44 29
37 23
29 19
25 15
23 13
25 15
29 17
33 19
44 23
54 31
5 37
82 42
99 50
115 58
132 68
150 78
166 85
183 93
199 101
214 109
228 119
240 125
251 134
255 140
250 132
246 121
248 115
251 121
246 126
232 123
220 115
212 107
199 103
181 101
162 93
144 83
128 70
111 62
93 54
76 48
64 41
50 31
41 23
33 19
25 17
23 17
23 15
25 15
29 17
37 21
46 27
58 33
72 37
87 44
103 52
121 62
136 70
156 78
173 85
189 95
205 105
218 111
230 117
242 123
250 128
253 130
255 125
257 134
250 132
185 130
242 126
232 123
218 117
205 111
189 101
171 95
158 87
140 78
123 68
105 60
89 52
72 44
60 37
48 33
31 27
35 31
29 31
15 13
11 0
21 0
33 9
42 27
50 31
62 31
78 31
95 42
111 60
126 74
142 78
160 78
179 85
195 99
208 111
220 115
224 115
242 117
1 125
255 132
255 136
253 132
253 128
248 126
238 126
220 123
214 115
201 107
185 97
167 91
150 83
132 76
117 64
99 56
82 46
62 41
56 35
44 29
35 23
29 17
25 17
21 15
25 15
27 17
35 19
42 25
54 27
66 35
82 42
99 52
115 60
5 68
142 76
167 83
185 95
199 103
214 109
228 117
240 126
253 136
250 134
246 123
248 115
253 119
251 126
242 126
232 121
224 113
214 109
199 109
181 105
164 95
146 83
128 70
111 62
93 56
78 46
62 39
50 29
41 23
33 21
27 19
23 17
23 13
25 15
29 19
37 23
46 27
58 31
72 37
85 42
103 52
121 62
138 72
156 78
171 85
189 95
205 105
218 113
230 119
240 123
248 126
253 130
255 132
255 134
253 132
250 130
242 126
232 123
218 117
207 111
191 103
173 95
158 85
140 76
125 68
107 60
89 52
74 44
60 37
48 31
41 31
37 35
23 25
11 3
13 0
25 0
35 17
41 31
48 29
62 25
78 31
95 48
111 66
126 74
142 74
160 76
177 85
193 99
208 109
222 115
234 115
242 119
250 126
255 132
257 134
255 132
251 130
246 126
238 126
228 123
216 115
201 107
185 99
169 91
152 83
132 74
117 64
101 56
83 48
68 41
56 35
44 27
35 21
29 19
25 19
21 15
23 15
27 17
33 19
42 25
54 29
68 35
82 41
97 48
115 58
132 68
150 76
167 83
183 91
201 101
214 111
228 119
244 130
248 136
244 126
244 117
251 115
255 123
253 130
242 128
234 119
224 113
214 109
199 109
181 107
164 93
144 80
128 68
111 62
93 56
76 46
62 37
52 27
41 23
33 21
27 19
25 17
23 15
25 15
29 17
37 21
46 27
58 31
70 37
85 44
103 52
119 62
138 70
156 78
173 87
189 95
205 103
218 111
230 117
240 123
248 126
253 130
255 132
255 132
253 130
250 128
244 128
232 123
218 117
207 109
191 101
175 95
158 87
140 78
123 68
105 58
89 52
74 44
60 41
48 35
44 35
35 33
17 13
11 0
19 0
29 9
35 25
37 27
48 21
62 23
80 37
93 52
107 62
125 66
144 70
160 78
177 91
193 101
208 109
220 111
232 113
242 121
250 128
255 132
255 134
255 130
253 130
248 130
238 128
226 123
216 113
203 105
185 99
169 91
150 82
134 74
119 66
99 56
82 48
70 41
56 35
44 29
35 25
27 21
25 17
23 15
23 17
27 17
33 19
42 23
54 29
66 35
80 41
97 50
115 60
130 68
148 74
167 83
183 93
199 101
214 113
230 123
244 132
242 130
240 121
248 115
255 119
257 126
250 130
242 125
236 119
226 115
214 115
197 113
181 103
164 91
146 80
128 72
111 62
95 54
78 44
64 35
50 27
41 21
35 23
29 21
23 17
21 13
25 15
29 19
37 23
44 25
56 29
70 33
87 44
103 52
119 62
136 70
156 78
171 87
187 95
205 105
218 111
230 117
240 121
248 126
253 130
255 132
255 132
253 130
250 130
242 128
232 123
220 117
207 109
193 105
175 97
158 87
140 78
123 68
107 60
89 52
74 46
60 39
52 37
44 39
27 25
13 1
15 0
23 0
29 17
33 25
37 21
48 19
64 27
80 42
91 58
107 62
125 64
142 66
160 78
177 91
193 101
208 105
220 107
234 115
242 125
250 130
253 132
255 130
255 130
253 132
246 132
238 126
228 121
216 113
201 107
185 97
169 91
152 83
134 74
117 64
101 56
85 48
70 42
56 35
42 25
37 21
31 19
23 17
21 15
23 15
27 17
33 21
42 25
54 29
66 35
82 42
97 50
113 58
130 66
148 74
167 83
183 95
199 103
216 113
234 126
238 130
236 121
242 115
251 117
257 125
255 132
248 130
244 125
238 119
228 117
212 117
197 113
181 101
164 87
146 78
128 70
111 64
95 54
78 42
64 35
52 31
41 27
33 23
27 17
23 15
23 15
25 17
29 19
35 21
46 25
58 29
70 37
85 44
103 52
119 60
136 68
154 78
171 87
189 95
205 103
216 109
230 117
240 121
248 126
253 130
255 132
255 132
253 132
250 130
242 126
232 123
220 117
207 109
193 103
175 95
158 87
140 80
123 68
105 60
89 52
76 46
60 41
54 41
39 35
21 13
15 0
19 0
25 9
29 21
31 23
37 17
50 19
64 33
78 48
91 58
105 58
125 58
142 68
160 82
175 91
191 99
207 101
220 107
234 117
242 125
250 130
255 130
255 130
255 130
251 130
248 130
238 126
228 119
216 113
201 107
187 103
169 93
152 83
134 74
119 66
101 58
83 48
70 41
56 33
44 29
37 23
29 19
23 17
21 15
23 13
27 17
35 21
35 25
54 29
66 35
80 42
97 50
115 58
130 68
140 76
166 83
183 91
201 103
218 117
230 126
230 123
236 113
246 113
255 123
257 130
253 134
250 128
244 121
238 121
226 123
212 119
195 107
179 95
166 87
148 82
126 76
111 64
95 52
80 42
64 39
52 33
41 27
35 21
27 17
23 15
23 15
25 17
29 19
37 21
44 25
56 29
70 37
85 46
101 52
119 58
136 66
154 76
171 87
187 97
203 103
218 111
230 119
240 123
248 126
253 130
255 132
255 132
253 132
248 130
242 126
232 123
220 117
207 109
193 103
175 97
158 87
140 78
125 68
107 60
89 52
76 46
62 42
54 44
33 25
19 1
19 0
25 5
27 21
25 23
29 15
39 13
52 21
64 39
76 50
91 52
107 54
125 58
142 70
158 83
175 93
193 97
207 99
220 107
232 117
244 125
251 130
255 130
255 130
250 132
253 134
248 132
238 126
220 119
216 115
203 109
187 101
169 93
152 83
134 74
117 66
101 56
85 50
70 42
56 35
44 29
37 25
29 21
25 17
21 13
23 13
29 17
35 21
42 25
52 29
66 35
82 42
97 50
113 58
130 66
148 76
166 83
183 95
201 105
220 121
224 123
226 115
236 109
250 113
257 126
255 134
253 132
250 126
248 123
240 125
226 126
212 121
197 107
183 95
164 89
146 82
128 74
111 62
95 52
80 42
64 37
52 31
41 25
35 21
27 17
23 17
23 17
25 17
29 19
37 19
44 25
56 29
70 35
85 42
103 52
119 60
134 68
154 78
171 87
189 95
203 103
216 109
228 117
240 121
248 126
253 128
255 132
255 132
255 132
250 130
234 126
232 121
220 117
207 111
193 105
175 95
158 85
142 78
125 70
107 64
91 54
78 48
68 50
46 39
27 13
21 0
25 0
27 13
23 21
25 17
31 13
41 15
52 27
62 41
76 48
89 48
107 50
123 60
142 72
158 83
175 89
191 91
208 99
222 113
232 121
242 126
250 126
253 128
255 132
255 136
251 134
248 130
240 125
228 121
214 115
201 107
189 99
171 91
152 83
134 74
119 66
103 58
83 50
70 41
56 33
44 27
37 23
29 21
25 17
23 13
25 13
27 17
33 19
42 23
52 29
66 33
80 41
97 48
113 58
130 68
148 76
166 83
183 95
205 109
216 119
218 115
226 107
240 109
251 119
255 128
255 132
253 128
253 125
248 126
238 128
226 126
212 117
197 107
181 95
164 89
146 83
128 72
111 60
95 50
80 35
66 39
52 35
35 27
35 21
21 17
23 17
21 17
15 15
29 15
37 19
37 25
56 31
70 37
85 44
101 52
119 60
136 68
154 78
171 87
187 95
203 103
216 111
228 117
240 123
248 126
3 130
255 130
255 132
255 132
250 130
234 128
232 123
220 117
207 111
193 103
175 97
160 87
142 78
125 68
107 60
91 54
80 56
64 50
41 27
27 3
27 0
27 11
25 21
23 21
23 11
31 9
41 19
52 33
60 42
74 42
89 42
107 50
125 64
140 76
156 80
177 85
193 93
208 105
220 115
232 121
242 123
250 126
253 130
255 132
255 134
251 132
248 128
238 125
228 119
216 115
203 109
187 101
169 91
154 82
136 76
119 68
101 60
83 48
62 41
56 35
46 29
37 25
29 19
25 17
23 15
23 15
27 17
33 19
42 23
52 29
64 33
80 41
97 48
113 58
130 66
148 76
166 83
185 97
207 113
210 113
214 107
226 103
244 111
253 125
255 132
253 132
253 126
253 125
248 130
238 130
224 126
212 115
199 103
181 95
164 91
146 83
128 72
113 60
95 50
80 44
64 39
52 31
42 25
35 23
27 19
23 15
23 17
25 17
29 17
35 21
44 25
56 29
70 35
83 42
101 50
119 60
136 68
152 78
169 85
187 93
203 103
216 111
228 117
240 121
248 126
251 128
253 130
257 132
255 132
250 130
242 126
232 121
222 117
208 111
193 105
175 97
160 87
142 78
125 72
107 62
93 58
82 56
58 41
37 15
31 0
33 7
31 21
15 23
21 15
17 7
33 9
41 23
46 37
60 39
74 39
89 41
107 52
123 64
140 76
158 80
175 83
193 91
207 103
220 115
232 121
242 123
0 125
253 130
250 134
255 134
251 132
179 126
240 125
228 121
214 115
203 107
187 99
171 93
154 83
134 76
119 64
103 58
85 50
70 42
56 35
46 29
37 23
29 19
25 17
23 15
25 15
27 15
33 19
41 23
52 27
66 35
80 41
95 48
113 56
130 66
150 78
166 89
189 103
199 109
205 105
214 99
232 105
246 117
253 128
253 130
253 128
255 126
253 130
246 134
236 130
224 121
212 111
197 103
181 99
164 93
146 82
130 70
111 58
95 52
80 48
66 41
52 33
42 25
33 19
29 19
23 19
23 17
23 15
29 15
35 21
44 25
56 31
70 37
83 42
101 50
117 60
134 68
154 78
171 87
187 95
193 103
216 111
228 117
240 123
248 126
1 130
255 125
255 132
253 130
250 130
234 128
234 125
220 119
205 111
193 105
162 97
160 89
142 80
125 70
109 64
97 64
76 56
50 29
39 7
37 5
35 17
27 23
23 19
23 11
27 9
33 19
41 29
48 37
60 37
74 35
89 41
105 54
123 66
140 72
158 76
175 82
191 95
207 107
220 117
232 119
242 121
250 126
255 132
255 136
255 134
253 130
248 126
240 125
228 123
216 117
203 109
187 99
171 91
154 83
136 76
119 66
101 58
85 48
72 42
58 37
46 29
37 23
29 19
25 15
23 15
25 15
29 17
33 21
41 23
52 29
66 35
80 42
95 50
113 58
130 66
148 76
167 89
187 103
193 103
201 97
218 97
236 107
246 123
250 132
253 130
257 128
257 128
253 132
246 134
236 130
224 119
212 109
199 105
181 101
166 93
146 80
130 68
113 60
97 54
80 48
66 41
52 31
42 25
35 21
27 21
23 17
23 15
25 15
29 17
35 19
44 25
56 29
68 35
83 41
101 50
119 60
136 70
154 78
169 85
187 95
203 105
214 111
228 117
238 121
248 125
251 130
255 132
255 132
255 130
250 128
244 126
232 123
222 119
208 111
195 103
177 95
160 87
142 78
125 72
113 68
97 68
68 46
50 19
42 7
41 13
35 25
27 23
21 13
21 5
27 9
35 23
41 33
48 35
60 29
74 33
89 44
105 58
121 66
138 68
158 74
175 82
191 97
205 105
222 113
232 119
242 123
250 128
253 132
257 134
255 134
251 130
248 126
240 125
230 121
216 115
203 109
187 99
171 91
154 83
136 76
119 66
103 58
85 50
70 42
56 35
44 27
37 21
31 19
25 19
23 17
23 15
27 15
33 19
41 23
52 29
64 35
80 41
95 48
113 58
130 66
150 80
171 93
179 99
187 93
203 91
222 99
236 113
244 125
250 128
253 126
257 126
257 132
253 136
246 136
236 126
224 117
214 113
197 109
181 101
164 91
148 78
130 68
113 62
97 56
82 48
66 41
54 33
42 27
35 23
29 21
23 17
23 15
25 13
27 15
35 19
44 25
56 31
68 37
83 42
101 50
117 60
134 68
152 78
169 85
187 95
201 103
214 109
228 117
238 123
246 126
251 128
255 132
257 132
255 132
250 130
242 126
234 123
220 119
208 111
193 103
179 97
162 91
142 82
126 74
115 74
91 62
64 35
52 13
46 11
42 23
33 27
25 21
21 9
25 7
29 17
33 27
37 31
48 27
60 27
74 35
87 46
103 56
121 62
140 66
158 74
175 87
191 99
207 109
222 113
232 117
242 123
0 130
253 134
255 132
255 130
253 128
248 130
240 128
220 123
216 115
205 107
189 101
171 95
154 85
136 76
121 66
101 58
85 48
70 42
58 37
46 31
37 25
29 19
25 17
23 17
23 17
25 17
33 19
41 23
52 29
64 35
80 41
95 50
113 58
130 68
152 82
167 93
173 91
185 85
205 89
224 103
236 117
244 125
250 126
255 126
259 132
257 138
251 138
246 134
238 125
226 117
212 113
197 107
181 99
166 87
148 78
130 70
113 62
97 56
82 46
66 39
52 33
42 27
35 23
27 19
23 15
21 13
25 15
29 17
35 21
44 23
56 29
70 35
83 42
99 50
117 60
134 66
152 76
169 85
187 95
203 103
216 111
228 117
238 121
246 126
253 130
255 132
257 134
255 132
250 130
242 126
234 123
222 119
208 111
193 105
177 97
160 87
142 80
130 78
113 76
83 52
64 25
58 15
54 23
42 31
31 27
23 13
25 7
25 11
27 23
31 29
37 25
46 21
60 25
74 37
89 50
105 58
121 62
140 66
158 76
175 91
191 101
207 105
220 109
232 117
242 125
250 130
253 132
257 130
255 130
253 130
248 130
240 126
222 123
218 115
203 107
187 99
173 95
156 85
136 76
119 66
103 58
87 50
72 44
56 37
46 29
37 23
31 19
25 17
21 15
23 13
29 15
33 19
41 25
52 29
66 35
80 42
95 50
111 58
7 70
152 85
130 87
169 83
187 82
203 93
226 111
234 121
242 123
1 123
257 126
259 132
255 138
251 138
246 130
236 123
226 119
212 115
199 109
183 99
166 87
148 78
130 72
113 64
97 56
82 44
68 39
54 33
42 29
35 25
29 21
25 17
23 15
23 15
27 17
35 19
44 23
56 29
68 35
83 42
99 50
117 60
134 68
152 76
169 85
185 95
201 103
214 109
228 115
238 119
248 126
251 130
255 132
255 132
255 130
250 130
242 126
234 125
222 119
208 111
195 103
177 97
162 89
146 85
130 82
105 66
82 39
68 21
62 25
52 31
41 33
29 21
25 11
23 9
25 17
27 27
31 27
37 23
46 21
60 29
74 41
87 50
103 52
121 56
140 66
158 78
175 89
191 97
207 103
220 109
232 119
242 125
250 128
253 130
255 132
255 130
253 130
240 130
240 125
222 121
218 115
205 107
191 103
173 95
156 85
138 76
121 68
103 58
85 50
70 42
58 35
46 29
37 23
29 19
25 17
23 15
23 15
27 17
33 19
42 23
52 27
64 33
78 39
95 48
115 60
136 78
148 83
154 78
169 76
193 83
212 99
224 113
234 119
244 121
251 123
257 130
257 138
255 138
251 134
246 128
238 123
226 121
212 115
197 107
181 95
166 85
148 80
132 74
115 66
97 56
82 46
66 39
54 33
42 29
35 25
29 19
23 15
21 13
25 15
29 17
3 21
37 23
54 29
70 35
83 44
99 52
115 58
9 66
152 76
167 85
185 93
201 101
216 109
228 117
238 121
248 126
253 130
255 132
255 134
255 132
250 132
244 128
234 123
222 117
210 113
195 105
179 99
162 91
148 89
126 80
99 54
82 33
74 25
66 33
52 37
39 27
31 15
29 9
25 15
25 25
25 25
29 21
37 17
48 21
58 33
72 41
87 46
105 50
123 56
138 68
158 80
175 89
191 97
207 103
218 111
232 119
242 126
248 130
1 130
255 130
250 132
253 134
248 130
240 125
230 119
218 115
203 111
189 103
171 93
156 85
138 76
121 68
103 58
87 52
72 42
58 37
46 29
37 23
29 19
25 17
23 17
23 15
27 15
33 19
41 23
50 27
64 35
80 42
95 52
115 62
132 76
142 76
152 72
171 76
195 87
212 103
224 115
234 117
244 119
253 125
257 134
257 140
253 138
251 130
246 125
238 125
224 123
212 117
199 105
183 95
167 89
150 82
132 74
115 64
97 54
82 46
68 39
54 35
44 29
35 23
27 17
23 13
23 13
25 15
29 17
35 19
44 23
54 29
68 35
83 42
99 52
117 60
134 68
150 78
169 85
185 95
201 103
214 109
226 115
238 123
246 126
1 130
255 130
255 125
255 132
251 130
234 128
234 123
222 119
208 113
187 107
177 97
160 95
150 93
121 74
95 44
85 29
80 35
66 42
48 37
31 23
33 13
29 15
25 21
23 25
25 21
31 15
31 17
46 25
58 35
9 41
87 44
105 48
121 56
138 70
158 83
173 89
189 93
207 103
220 113
232 121
240 125
248 126
253 128
255 132
255 134
251 132
248 128
242 126
230 121
218 115
205 109
189 101
173 93
156 83
138 74
121 68
105 60
87 52
70 42
58 35
48 29
39 27
29 21
25 17
23 15
23 15
27 17
33 19
41 23
52 29
64 33
78 41
97 52
119 70
126 72
134 66
154 64
177 74
197 93
210 107
220 113
234 115
244 119
253 128
255 134
257 138
255 136
251 130
246 126
236 126
226 123
212 113
199 103
183 95
167 89
150 83
132 76
115 64
97 54
82 46
68 42
54 35
42 27
35 21
29 17
23 17
21 15
23 15
27 15
35 19
37 23
54 29
68 37
83 42
99 50
115 60
7 68
152 78
167 85
185 93
201 101
216 109
228 117
238 121
246 125
3 130
255 132
255 132
253 132
251 130
236 128
234 125
222 119
210 111
197 107
181 103
164 103
126 85
115 58
99 39
91 37
80 35
64 44
48 33
39 17
33 13
29 19
25 25
23 25
25 17
29 13
37 17
46 27
58 35
72 39
85 41
103 46
123 58
140 74
156 83
173 87
191 93
207 103
218 113
230 119
242 125
250 126
253 128
255 132
255 134
253 132
248 130
240 125
230 121
218 115
205 109
189 101
173 93
156 83
138 76
121 68
103 58
89 50
72 44
58 37
46 31
39 23
31 21
25 17
21 17
23 15
27 17
33 19
41 23
50 27
64 35
80 42
99 54
113 66
121 64
132 60
158 64
181 80
197 99
208 107
220 109
236 115
248 123
251 132
255 138
257 138
255 132
251 128
246 128
236 126
224 121
212 111
199 103
183 95
167 91
150 83
132 72
115 62
99 54
82 48
66 41
54 35
44 27
33 21
27 17
23 17
23 17
25 15
27 15
35 19
44 23
54 29
68 37
83 42
99 50
117 60
132 68
150 78
167 85
185 93
201 101
214 109
226 115
238 121
246 125
253 130
255 132
257 134
255 132
251 130
244 128
234 125
222 119
210 115
195 107
181 103
166 99
138 78
115 52
103 41
95 44
82 50
62 44
48 29
41 17
35 17
31 25
23 25
21 19
25 11
31 13
37 21
46 31
56 35
72 37
87 41
103 48
121 62
138 72
156 80
173 87
189 93
205 103
220 113
232 121
240 123
248 125
253 128
255 132
255 134
253 132
248 126
240 123
230 121
218 117
205 111
191 103
173 93
156 85
138 76
121 68
105 60
87 50
72 42
58 35
46 29
39 25
31 21
25 17
23 15
23 15
27 17
33 19
41 23
52 29
64 35
80 44
99 56
107 60
117 56
136 56
160 68
181 85
195 99
208 107
222 109
236 115
246 126
251 134
255 138
255 134
255 132
251 130
246 130
236 126
226 119
214 111
199 103
183 97
167 91
150 82
132 70
115 62
99 56
83 50
68 42
54 35
44 27
35 23
29 21
23 17
21 15
23 13
27 15
35 19
42 25
54 29
68 35
82 41
99 50
115 60
132 68
152 76
167 85
185 93
199 101
214 107
228 115
238 123
246 126
251 130
255 132
257 134
255 132
250 132
244 128
236 125
222 119
210 113
199 111
185 111
158 93
130 64
119 44
111 48
97 56
76 52
60 39
50 23
42 19
35 23
27 27
23 23
23 15
25 11
29 15
35 23
46 29
58 31
72 33
87 41
103 52
121 64
138 72
156 78
173 85
191 93
207 105
218 113
230 119
240 121
248 126
253 130
255 132
253 130
255 130
250 130
242 126
230 123
218 117
207 109
189 103
173 95
156 85
140 76
121 68
103 58
87 50
74 42
60 37
46 29
37 23
31 19
25 17
23 17
23 15
27 17
33 17
41 23
50 29
66 37
85 50
95 58
101 52
117 48
140 56
164 74
179 91
193 99
208 103
224 107
238 119
246 130
250 136
253 134
257 130
255 130
251 130
246 130
236 125
226 117
212 109
199 101
185 97
169 93
150 83
132 72
117 64
99 56
83 50
68 42
54 33
44 27
35 21
29 19
23 17
23 15
25 13
27 15
33 19
42 25
54 29
68 35
82 42
97 48
115 58
130 66
150 76
169 85
185 95
199 103
214 109
226 115
238 121
246 126
251 130
255 132
255 132
255 132
251 132
244 128
234 125
224 119
212 115
201 115
179 109
152 82
134 56
125 50
113 56
95 58
76 48
64 33
52 25
44 25
35 29
27 27
23 19
21 11
25 11
29 17
37 25
44 25
58 27
72 33
87 42
103 56
121 64
138 70
156 78
173 85
189 97
205 105
218 111
230 115
240 121
248 126
3 130
255 132
255 132
253 130
240 128
240 126
224 125
218 117
205 109
191 101
173 95
156 85
138 78
123 68
105 58
87 50
74 44
58 37
48 29
37 23
31 21
17 17
21 15
17 15
29 17
33 21
33 25
52 31
68 41
82 52
78 48
99 42
121 48
144 62
162 80
177 89
193 97
203 103
224 111
236 123
244 130
0 134
253 132
255 130
255 132
253 132
246 130
238 125
218 115
214 111
201 107
185 101
167 91
150 82
134 74
117 64
99 58
83 48
68 41
54 33
44 27
35 23
29 19
23 17
23 15
23 13
27 15
33 19
42 23
54 31
68 37
82 42
97 50
115 60
132 68
150 76
167 83
183 93
199 99
214 109
228 117
238 121
246 126
251 128
255 130
255 134
255 134
250 130
244 128
236 125
222 119
214 119
199 117
175 99
152 72
138 56
128 58
115 64
93 60
76 44
64 31
54 27
44 33
33 33
25 25
23 13
23 9
25 13
29 21
35 23
44 23
58 25
72 33
87 44
103 54
119 62
138 68
156 76
173 87
189 99
203 107
218 113
230 115
240 121
248 128
251 130
255 132
255 130
253 130
250 128
234 126
230 121
218 113
207 109
191 95
173 95
156 85
140 76
123 68
105 58
87 50
74 42
60 37
48 31
39 25
31 21
25 19
23 17
23 17
27 17
33 19
41 25
52 31
70 44
78 48
83 41
99 39
123 48
146 64
162 83
177 91
193 93
210 99
226 113
236 125
242 130
250 128
255 128
257 130
255 132
251 132
246 128
238 123
228 117
214 113
201 107
185 101
169 91
152 82
132 72
117 66
99 58
83 48
68 41
54 33
44 27
37 23
29 19
25 15
21 13
25 13
29 17
35 21
35 23
54 27
68 35
82 42
97 50
115 58
132 66
150 76
166 83
183 93
201 101
212 109
226 115
238 121
248 128
1 132
255 134
255 134
255 132
251 132
244 128
236 125
226 123
216 126
195 113
167 87
154 66
144 64
132 70
111 70
91 56
78 39
66 31
54 33
42 35
33 29
27 19
23 11
23 11
25 17
29 21
35 21
46 21
56 25
70 33
87 44
105 54
121 60
136 66
156 76
173 87
189 99
203 107
218 111
230 115
240 123
248 128
253 132
255 132
257 132
253 130
248 128
242 126
232 123
220 117
205 109
191 103
173 95
158 87
138 76
123 68
107 60
89 52
74 44
60 37
48 29
39 25
31 21
17 17
23 15
23 15
27 17
33 21
41 23
54 35
66 42
70 41
80 35
103 39
126 52
144 70
160 82
175 85
195 91
212 105
224 119
234 126
242 128
250 126
255 128
255 132
253 134
251 130
246 126
238 121
226 117
214 115
201 109
185 99
169 91
152 82
134 74
117 66
99 58
83 48
68 41
56 33
44 27
35 23
29 19
25 17
21 15
23 15
29 17
35 21
42 25
54 29
66 33
82 41
97 50
115 60
130 66
150 74
167 83
183 93
199 103
212 109
226 115
236 119
246 126
251 130
255 134
257 134
255 132
251 132
244 130
236 126
228 126
212 123
185 99
167 76
160 68
125 76
130 76
93 66
93 50
80 31
62 37
52 31
42 37
33 27
27 15
23 9
21 13
25 19
29 21
37 21
37 21
58 29
72 39
85 48
103 52
121 60
138 68
154 78
171 89
189 97
203 103
218 111
222 117
240 123
248 128
3 130
255 130
255 130
253 130
250 130
234 128
232 123
218 117
207 109
191 103
173 95
156 83
140 76
125 68
107 60
89 52
74 44
60 37
48 31
31 25
31 21
17 17
23 17
23 17
27 17
33 21
42 27
54 37
58 37
66 31
83 31
107 41
126 58
142 72
160 82
177 85
197 93
210 105
224 119
234 125
242 126
250 126
253 128
255 132
255 134
251 130
246 126
238 121
228 119
216 117
201 109
185 99
169 89
152 82
136 76
117 68
99 58
83 48
68 41
54 35
44 29
35 23
29 19
23 13
21 13
25 15
27 17
35 21
42 23
54 29
66 35
82 42
97 50
115 58
132 66
150 74
166 83
183 93
199 103
214 109
226 115
238 121
246 126
251 130
255 132
255 130
255 132
251 132
244 130
238 130
230 130
207 117
185 91
173 74
164 76
150 80
128 76
109 60
93 46
80 41
66 41
54 41
42 35
33 21
27 13
23 13
23 17
23 19
29 15
37 15
46 21
56 29
70 39
87 46
103 52
121 60
136 68
154 80
171 89
189 97
203 103
216 109
230 115
240 125
248 128
251 128
255 130
257 132
255 134
248 130
242 126
232 121
220 117
207 111
191 103
175 95
160 87
140 78
123 68
105 60
89 52
74 44
60 37
48 31
39 25
31 21
25 19
23 17
23 15
27 17
33 21
46 33
52 39
54 29
66 23
87 29
109 44
126 62
142 72
158 76
179 83
197 95
210 111
222 121
234 123
242 123
250 126
253 132
255 134
253 132
251 128
248 125
238 123
226 119
214 115
203 107
187 99
169 91
152 83
134 76
119 68
101 56
83 48
68 41
56 33
44 29
35 23
29 19
25 17
23 15
25 15
27 17
33 19
42 23
52 29
64 35
82 42
97 50
113 58
130 66
148 74
167 83
183 95
199 103
212 109
226 115
238 121
246 126
251 130
255 132
257 132
255 132
250 132
246 130
242 134
226 128
201 105
185 82
177 76
167 85
148 87
126 76
109 54
95 44
82 44
68 48
50 42
41 29
33 17
29 15
23 17
21 17
25 17
29 15
37 15
44 23
56 31
72 41
85 44
101 50
119 58
138 70
156 82
171 87
187 93
203 103
218 109
228 119
238 121
248 126
253 130
255 132
255 134
253 132
250 130
242 126
232 123
218 115
207 109
191 103
175 95
158 85
140 78
123 68
107 60
89 52
74 42
60 37
48 29
39 23
33 21
27 19
25 17
25 17
27 19
35 27
44 35
44 31
50 21
68 19
89 31
111 52
125 66
140 72
160 74
179 85
197 101
189 115
220 119
234 121
242 123
0 126
250 125
255 134
255 130
251 126
177 125
238 125
220 123
216 117
203 107
187 99
171 91
152 85
134 76
117 64
101 54
83 48
70 42
56 35
44 27
37 21
29 19
23 17
21 15
23 15
27 15
33 19
42 25
52 29
66 37
80 42
97 48
113 58
130 68
150 76
166 83
183 93
199 101
212 109
226 117
236 121
244 125
251 128
255 132
257 134
255 134
251 132
248 134
240 138
216 117
199 91
193 82
183 89
166 95
144 85
128 68
113 54
97 50
82 54
66 48
52 37
41 25
33 17
27 17
23 19
21 19
25 13
29 11
37 17
46 25
56 33
70 37
85 41
101 48
119 60
138 72
154 80
171 87
187 93
203 101
218 111
230 119
240 123
248 126
251 128
255 130
255 132
255 134
250 130
242 126
232 123
220 117
207 111
191 103
175 95
160 85
140 78
123 68
105 58
91 52
76 44
60 37
48 31
39 25
33 21
25 19
23 17
23 17
29 19
39 29
39 29
39 19
52 15
72 23
93 39
109 54
123 62
142 68
162 76
179 89
193 103
208 113
220 113
234 117
244 123
250 130
253 134
255 132
255 130
251 128
246 128
238 126
228 121
214 113
203 105
187 101
169 93
152 85
134 76
119 64
101 56
85 48
68 41
56 35
44 27
35 21
27 17
25 17
23 17
25 17
27 17
33 19
42 23
54 29
66 37
80 41
97 48
115 58
130 66
146 74
166 83
183 93
199 101
212 109
226 115
238 121
246 126
1 130
255 132
255 134
255 134
251 134
250 138
236 132
214 107
203 89
197 87
185 95
166 95
144 82
128 64
113 54
99 56
80 56
64 48
50 33
41 23
33 19
27 21
21 21
21 15
25 11
29 13
35 19
44 27
54 31
70 35
87 42
103 52
119 62
136 70
154 78
171 85
187 95
203 103
216 111
228 117
238 121
248 125
253 128
255 132
255 134
253 132
250 128
244 126
232 123
220 117
207 111
191 103
175 95
158 85
142 78
125 70
107 60
91 52
74 44
62 37
48 31
39 25
31 21
27 17
23 17
25 17
33 25
35 29
33 21
37 13
56 15
76 27
91 44
107 56
123 60
142 66
162 76
179 91
195 105
208 111
220 113
232 115
244 123
250 130
251 132
255 130
255 126
251 128
248 128
238 126
228 121
216 115
203 107
187 101
169 93
154 83
134 76
119 66
101 56
85 48
68 41
54 33
46 27
37 23
29 21
25 17
23 15
25 15
27 17
33 21
41 23
52 29
66 33
80 41
95 50
113 58
130 66
148 76
166 83
181 93
197 101
212 109
226 115
236 121
244 126
251 130
255 132
257 134
255 134
255 140
248 140
226 121
212 97
207 89
201 97
185 103
164 95
144 74
130 62
117 60
99 64
80 56
64 42
52 27
42 21
33 23
25 23
21 17
23 11
25 9
29 15
35 21
44 27
58 31
70 37
85 42
101 52
119 62
136 70
154 78
171 83
187 93
203 105
216 111
230 115
240 121
248 126
251 130
255 132
255 132
253 130
250 130
242 126
232 123
220 117
208 111
193 103
175 95
160 87
142 78
125 68
107 60
89 52
76 44
62 39
48 31
39 25
31 21
27 19
25 17
25 21
35 29
29 23
27 13
39 7
58 17
78 33
91 48
105 54
123 58
144 66
164 82
177 97
191 105
207 107
222 111
234 117
242 125
248 130
253 130
255 128
253 126
251 130
248 132
240 128
228 121
216 113
203 107
187 101
171 95
152 83
136 74
119 66
101 58
83 50
70 42
56 33
46 27
37 23
29 19
25 15
23 13
25 13
27 15
33 19
42 23
54 29
66 35
80 42
95 48
113 58
130 66
148 72
164 80
183 91
199 103
212 109
224 113
236 119
246 126
251 130
255 134
257 134
259 138
257 144
240 132
222 109
216 95
212 99
201 107
181 103
162 87
148 74
132 68
115 68
95 64
78 52
64 37
52 27
42 25
33 25
27 23
23 15
23 9
25 11
29 17
37 23
44 25
56 29
70 35
85 42
101 54
117 62
136 68
154 76
171 85
187 95
203 103
216 111
228 117
238 121
246 125
253 130
257 134
257 134
253 130
250 128
244 128
232 125
220 119
207 111
193 103
177 95
160 87
140 78
123 68
107 60
91 52
74 44
60 37
50 31
41 27
31 21
25 19
25 17
29 25
29 25
23 15
29 7
44 9
62 21
76 37
87 46
105 52
125 58
144 70
160 85
177 95
193 101
207 105
220 109
232 117
240 125
248 128
253 128
255 128
255 130
251 130
248 130
238 125
228 119
218 115
203 111
187 103
169 93
154 83
136 76
119 68
101 56
85 48
70 41
56 33
44 27
37 23
29 19
25 17
21 15
23 15
27 17
33 21
41 23
52 29
64 33
80 41
95 48
113 58
130 66
148 74
164 83
181 91
197 101
212 109
224 115
236 121
244 125
251 130
255 132
257 136
261 144
251 140
236 119
226 101
222 101
214 109
199 113
179 99
164 83
148 72
132 72
115 74
97 64
80 48
66 33
54 27
42 29
33 27
25 21
21 11
23 9
25 13
27 19
35 21
44 23
56 27
70 35
83 44
101 54
117 62
136 68
152 76
169 83
185 93
203 103
216 111
228 117
238 121
248 126
253 130
255 132
255 132
253 132
250 128
244 126
232 123
220 117
208 111
193 103
175 95
160 85
142 76
126 70
107 62
91 52
76 42
64 39
50 33
39 27
31 23
27 21
29 23
27 27
19 17
19 7
31 3
46 11
62 27
74 41
87 46
107 50
1 60
144 74
160 87
177 95
191 99
207 95
220 111
224 121
240 126
248 126
3 126
250 130
255 125
251 132
185 128
240 125
222 119
216 115
203 109
187 101
171 91
154 83
134 74
119 66
103 58
85 50
70 41
56 33
46 27
37 23
29 19
23 15
23 15
25 17
27 17
33 19
33 23
52 29
66 35
80 42
93 48
113 56
5 66
140 76
164 83
181 91
199 101
212 109
224 115
236 121
246 126
1 130
255 125
257 136
259 146
244 130
234 111
224 103
228 109
216 117
197 109
181 95
166 78
150 78
134 78
109 74
95 60
80 42
66 35
52 33
33 31
33 25
23 15
23 11
23 13
25 17
29 19
35 21
37 21
56 27
70 37
85 44
99 56
117 60
134 66
154 76
169 87
187 97
201 103
216 107
228 113
240 123
248 128
3 130
255 130
255 132
253 134
250 130
234 128
234 123
220 117
208 111
193 103
177 95
160 87
142 80
125 70
107 60
91 52
76 46
62 39
48 33
41 25
33 23
29 23
31 29
21 23
15 9
21 1
37 5
50 19
62 33
72 41
89 42
107 48
126 60
142 76
158 85
175 91
193 97
208 105
220 113
222 121
240 123
248 125
3 126
255 128
255 130
253 132
248 128
240 123
228 121
218 115
203 111
187 103
171 91
154 82
136 76
119 68
101 58
83 48
62 41
58 35
46 31
37 25
29 19
25 17
23 15
23 15
27 17
33 19
33 21
52 25
64 33
80 41
95 48
113 56
128 64
148 74
164 83
181 93
197 101
210 107
226 115
236 121
244 125
1 128
259 136
263 146
253 140
240 119
238 105
238 109
228 121
212 119
195 105
181 89
167 82
150 83
132 82
113 70
97 54
80 42
66 37
52 35
42 31
33 21
27 13
21 9
21 11
27 17
29 21
35 21
44 21
56 29
70 39
83 46
99 52
117 58
134 66
152 76
169 85
187 95
203 101
216 109
228 115
238 121
246 126
253 130
255 132
255 132
255 132
250 130
242 126
232 121
222 117
208 111
193 105
177 97
160 87
142 78
126 70
107 62
91 52
76 44
62 37
50 33
41 29
33 25
33 29
27 27
15 13
13 1
25 1
39 11
50 25
60 31
72 33
89 39
111 50
126 66
140 78
158 83
175 87
193 95
207 105
220 113
232 119
240 121
248 123
253 126
255 132
255 134
253 132
248 128
240 125
230 121
218 117
203 111
187 101
171 91
154 83
136 74
119 66
103 58
87 50
70 42
56 33
46 29
37 25
29 21
25 17
23 13
23 15
27 15
31 19
41 23
52 27
64 33
80 41
95 48
111 58
128 66
146 74
164 82
179 89
197 101
212 109
224 117
234 121
246 125
251 130
261 144
257 146
246 126
242 109
242 105
240 119
228 125
212 117
199 101
185 91
169 89
150 91
132 83
113 68
95 52
80 42
66 39
52 37
41 29
33 17
29 13
25 15
23 17
25 17
29 17
35 19
44 25
56 31
68 39
83 44
101 52
117 58
134 66
152 76
169 85
185 93
201 101
216 107
228 115
238 123
246 125
3 128
255 130
255 125
255 132
250 132
242 126
234 123
222 119
208 111
193 103
177 95
162 87
142 78
125 70
109 62
91 54
76 46
62 39
50 31
41 27
37 27
33 31
19 19
11 3
17 0
29 5
39 17
48 25
58 31
74 35
91 42
107 56
125 68
140 78
158 82
173 85
191 95
207 107
218 113
230 115
242 121
250 125
253 130
255 132
255 132
253 130
248 128
240 126
228 121
218 115
205 109
187 101
171 93
154 83
138 76
119 68
101 60
85 48
72 41
58 35
46 29
37 23
29 19
25 17
23 15
23 15
27 17
33 19
41 23
52 27
64 33
78 41
95 46
113 58
128 64
146 74
164 83
183 93
197 101
210 109
224 115
236 121
244 126
253 134
259 144
251 136
244 115
244 107
246 115
240 126
226 125
210 113
199 99
185 93
169 95
150 91
128 78
113 62
97 52
82 46
64 44
52 35
42 25
33 17
27 13
23 15
23 17
25 17
29 17
35 19
42 23
54 29
70 37
83 42
99 50
117 58
134 68
152 78
169 87
185 93
201 99
216 109
228 117
238 123
246 126
253 128
255 132
255 134
253 132
250 130
244 128
234 123
222 117
208 111
195 105
179 97
160 87
142 78
126 70
109 62
91 54
76 44
62 39
50 33
41 29
39 31
29 27
13 13
11 0
21 0
33 9
39 23
46 29
58 29
74 33
91 44
107 60
123 70
138 74
158 78
175 87
191 97
205 107
218 113
232 115
240 119
248 126
251 130
255 132
257 132
253 132
248 128
240 126
230 123
218 117
203 109
187 99
171 91
156 83
136 76
119 66
103 56
87 48
72 41
56 35
46 29
37 25
29 21
25 17
23 15
25 15
27 15
33 17
41 21
52 27
64 35
78 41
93 48
111 56
125 66
146 76
164 83
179 91
197 99
212 107
224 115
236 123
246 128
257 140
255 140
246 125
246 109
250 113
250 125
238 130
224 121
212 105
203 99
187 99
166 99
148 87
132 74
115 62
97 54
80 50
66 42
52 33
42 23
33 17
27 17
23 17
23 17
25 15
29 15
35 19
44 25
56 31
68 37
83 41
99 50
117 60
134 70
152 78
169 85
185 93
201 101
214 111
228 117
238 123
246 126
251 128
255 130
257 134
255 134
250 130
242 126
234 121
222 117
210 113
195 105
177 97
162 87
144 80
125 70
109 60
93 54
78 46
64 41
52 35
44 33
37 33
21 21
11 3
15 0
25 3
31 13
37 23
46 25
60 27
76 35
91 48
107 60
121 68
140 72
158 78
173 87
189 97
205 105
218 111
230 113
242 121
250 128
253 132
255 132
255 130
253 130
248 130
240 128
230 123
216 115
205 109
189 101
171 95
154 85
136 74
121 64
103 58
87 50
70 42
58 35
46 27
39 25
31 21
25 19
23 15
23 15
27 17
33 19
41 23
50 27
64 33
78 39
93 48
111 56
128 66
146 74
164 82
181 91
197 101
210 107
224 115
236 123
250 134
255 142
246 128
246 111
251 111
255 125
248 134
236 128
226 115
214 105
203 103
185 105
167 99
148 85
132 70
115 60
97 56
80 50
66 42
52 31
42 21
35 19
29 19
23 19
23 15
25 13
29 13
33 19
44 27
56 33
68 37
83 41
99 48
117 58
132 68
152 76
169 85
185 93
201 101
214 111
228 117
238 123
246 125
253 128
255 132
255 134
253 132
250 128
244 126
234 123
220 119
208 109
189 103
179 97
162 89
144 78
126 70
109 64
93 56
76 46
64 41
54 35
48 37
29 27
15 9
13 0
21 0
27 9
31 19
35 21
46 21
60 25
76 39
91 52
105 60
121 64
138 68
158 78
173 91
189 101
189 105
218 107
232 113
242 123
248 128
3 132
255 130
255 130
253 132
248 130
240 128
222 123
218 115
203 109
189 101
173 93
156 85
138 76
119 66
103 56
87 50
72 44
58 37
46 27
37 23
31 21
25 19
21 15
23 15
27 15
33 19
41 23
50 27
64 33
80 41
93 48
109 56
126 64
146 74
164 83
179 91
195 99
212 109
224 115
236 125
250 138
248 134
244 119
248 109
255 117
255 130
246 136
234 125
226 113
216 107
203 109
185 109
167 99
148 82
130 68
115 62
97 58
80 50
64 39
54 27
42 23
35 21
27 21
25 17
25 15
25 15
27 17
35 21
44 27
54 31
68 35
82 41
99 50
117 58
132 68
152 76
167 83
185 93
201 103
214 111
228 115
238 123
248 125
251 130
255 132
255 132
253 132
250 128
244 126
234 125
222 119
210 113
193 105
177 95
162 89
144 80
126 72
109 62
93 54
78 46
64 41
56 41
42 37
25 21
15 3
17 0
15 5
27 15
29 19
37 19
46 19
60 27
76 41
89 54
105 60
121 62
140 68
158 80
173 91
189 97
205 101
218 107
232 115
240 123
248 128
255 130
255 132
255 132
253 132
248 130
242 126
230 121
216 113
205 107
189 103
171 93
154 83
138 76
121 68
105 58
85 52
72 42
60 35
48 29
37 25
29 21
23 17
23 15
23 15
27 15
31 17
41 23
50 29
64 35
78 41
93 46
111 56
126 66
144 74
162 82
181 91
197 101
210 109
224 117
242 130
246 136
242 123
244 109
1 111
251 125
253 136
244 132
234 121
228 113
216 113
201 117
183 111
166 93
150 78
132 70
115 64
97 58
82 48
66 37
54 27
44 25
35 25
29 23
25 17
23 13
25 13
29 17
35 21
44 25
54 29
68 35
82 42
99 52
115 60
132 66
152 74
167 83
185 93
199 101
214 107
228 113
240 123
248 128
251 132
255 132
255 132
253 132
250 130
236 128
234 125
222 119
208 111
187 105
179 97
162 89
144 80
126 70
111 62
93 56
78 48
66 44
54 41
37 29
21 11
17 0
23 3
25 11
25 17
27 17
37 15
50 21
62 35
72 44
87 50
103 54
121 58
140 68
156 80
173 89
189 95
205 101
218 107
230 117
240 125
248 128
253 130
255 130
255 130
253 134
250 134
240 128
230 121
220 115
205 109
189 103
171 95
156 85
138 76
121 66
103 60
87 52
72 44
60 37
46 29
37 23
29 19
25 17
23 15
23 15
27 15
33 19
39 21
50 25
64 33
78 42
93 50
111 56
126 64
146 66
164 83
179 93
195 99
210 107
228 121
240 125
238 126
238 111
240 107
9 119
259 134
251 136
244 126
234 117
230 115
216 119
199 115
183 103
167 89
150 78
132 74
115 68
97 58
82 46
68 35
54 29
44 27
35 25
29 19
23 13
23 11
25 15
29 19
33 21
37 23
54 27
68 35
82 42
99 50
115 58
132 64
150 72
167 83
185 95
201 103
214 109
226 115
238 121
248 126
251 130
255 132
255 130
255 130
250 130
244 128
234 123
222 117
210 111
195 105
179 97
162 89
146 80
128 72
111 64
93 56
80 48
70 48
52 39
33 23
23 7
23 3
25 9
25 15
23 17
29 15
39 17
48 25
60 37
74 42
87 48
103 52
121 58
138 70
156 80
171 89
189 93
205 99
218 109
230 117
240 123
248 126
255 128
257 132
255 132
253 132
248 130
242 126
230 123
218 117
205 109
191 103
173 95
156 85
136 74
123 66
105 60
87 52
72 44
58 37
48 29
37 25
29 21
25 17
21 13
25 15
27 17
33 21
41 23
50 29
64 33
78 41
91 48
111 56
126 64
146 74
162 82
179 91
197 101
210 111
230 126
234 126
232 115
242 105
253 113
251 130
257 140
250 132
179 121
238 115
222 121
216 125
201 117
183 101
167 87
152 80
134 76
99 62
97 56
82 44
68 37
54 33
42 29
35 25
29 19
25 15
23 13
23 17
29 21
33 21
44 25
54 27
66 33
83 42
99 52
115 60
132 66
150 74
167 85
185 95
201 101
214 109
228 115
238 123
246 126
251 130
255 132
257 132
255 132
250 130
244 128
234 125
224 119
210 111
195 105
179 97
162 87
146 80
128 72
111 64
95 56
83 54
68 48
44 33
29 13
27 3
27 5
23 11
23 15
25 15
31 13
39 17
50 29
60 39
72 44
87 44
105 50
121 60
138 70
154 80
171 85
189 91
205 101
218 109
230 119
242 125
250 128
253 130
255 132
255 134
253 132
250 130
240 125
230 119
220 115
207 111
189 103
173 93
156 83
140 76
121 68
103 58
89 50
74 44
58 37
46 29
37 23
31 19
25 17
23 17
23 15
25 15
33 19
41 23
50 29
62 33
78 39
93 48
109 56
1 64
146 66
164 83
179 93
195 101
212 115
226 125
226 117
232 105
246 107
5 123
259 136
255 136
250 128
248 121
242 123
228 126
214 123
199 111
185 95
167 87
150 83
132 78
115 66
99 52
82 42
68 37
54 35
44 31
35 25
29 17
23 13
23 13
25 19
29 21
33 21
42 21
54 27
68 37
82 44
97 50
115 56
132 64
150 76
167 85
183 95
199 101
214 107
226 115
238 121
246 128
251 130
255 130
255 130
255 132
250 130
244 126
236 123
224 119
210 113
195 107
179 97
164 89
146 82
128 74
111 64
97 58
83 56
62 44
41 23
31 7
31 5
29 13
23 15
19 13
25 9
33 13
41 23
46 33
58 37
70 39
87 41
105 50
121 64
136 72
154 78
173 83
189 91
205 103
218 111
230 117
242 121
248 125
253 128
255 134
257 136
253 132
248 128
240 125
232 121
218 117
205 109
189 99
175 93
158 83
138 76
123 68
107 60
89 52
72 44
58 35
48 29
41 27
31 21
25 17
23 15
23 15
27 17
31 19
39 21
50 27
64 33
78 41
91 48
109 56
126 66
144 74
162 83
177 91
197 103
216 119
218 119
222 105
236 101
251 113
257 132
255 140
253 132
251 123
250 123
240 128
228 130
216 121
201 107
185 95
167 89
150 83
132 76
117 66
99 52
82 44
68 41
54 37
44 29
35 21
29 17
25 17
23 17
23 17
27 17
35 17
42 23
54 29
66 35
82 42
99 48
