200000 10000000 41943 50
27 15
33 19
39 23
48 27
58 31
68 37
80 41
95 48
109 56
123 62
134 70
152 76
166 85
179 93
191 99
205 105
216 111
226 115
236 121
244 126
250 128
253 130
255 132
255 134
259 142
253 142
238 126
228 105
228 101
226 111
214 117
199 111
183 93
175 83
162 85
146 85
128 80
115 66
101 54
87 46
74 44
62 41
50 31
44 25
37 19
29 17
25 17
23 17
25 15
25 13
27 17
33 19
39 23
46 27
56 29
68 35
80 41
93 48
107 54
121 60
136 68
150 76
166 83
179 91
193 99
205 103
216 109
226 117
236 123
244 125
250 126
253 130
255 132
255 134
255 134
251 132
246 126
240 125
232 123
222 117
210 111
201 107
189 103
173 95
160 89
146 83
136 82
113 72
89 50
78 33
74 27
64 31
52 33
41 25
35 17
33 15
29 19
25 23
23 23
25 17
27 13
33 17
39 23
46 29
56 31
68 33
80 37
93 46
107 56
121 64
136 68
150 74
166 82
179 91
193 99
205 105
216 109
226 115
234 121
242 125
248 126
253 130
257 134
255 134
253 132
253 130
248 130
240 126
232 123
222 117
212 111
201 107
187 101
173 93
158 85
144 78
130 70
115 64
103 58
87 52
76 44
62 39
54 33
44 29
37 25
31 19
27 19
25 19
25 21
31 31
25 25
23 7
31 0
46 11
60 31
68 42
78 44
91 41
109 48
125 64
138 80
150 85
164 83
177 85
193 95
205 107
216 117
224 117
234 115
244 119
250 126
253 134
255 134
255 130
255 128
251 130
246 130
240 128
232 123
222 115
212 109
199 107
187 103
173 95
158 85
144 76
130 70
117 66
103 60
87 50
74 42
64 37
54 33
44 29
35 23
31 19
27 17
25 17
23 17
25 17
29 17
33 19
39 23
46 25
56 29
70 37
82 44
93 48
107 56
123 66
142 78
154 87
158 83
167 78
187 80
205 93
218 109
226 117
234 119
244 119
251 126
255 134
255 138
255 136
255 132
251 128
246 128
240 128
232 125
222 117
210 109
201 103
187 101
173 95
160 87
144 78
130 70
117 64
101 58
87 50
76 44
64 37
52 33
42 27
37 23
31 19
25 17
23 15
23 15
25 15
27 17
33 19
41 23
48 27
56 33
68 35
80 41
93 48
107 54
121 62
134 70
150 76
164 82
179 89
193 99
205 105
216 111
228 117
236 121
244 125
250 130
253 132
255 134
261 140
259 144
248 132
236 113
234 103
234 111
226 121
212 119
197 105
187 91
175 89
162 91
144 89
128 78
115 60
103 52
87 50
76 46
62 39
52 29
44 21
37 17
31 19
27 21
23 19
23 15
25 13
27 15
33 21
39 25
46 27
56 29
68 33
80 41
93 50
107 56
121 60
136 68
150 76
164 85
177 91
191 97
205 103
216 109
224 115
236 121
244 126
250 128
253 130
255 130
257 132
255 132
251 132
246 128
240 125
234 121
224 119
212 115
201 109
187 101
175 95
162 91
152 91
130 82
107 60
91 41
83 33
78 35
66 39
52 35
42 25
37 17
33 19
29 23
25 23
23 19
25 15
27 15
33 19
37 25
46 27
56 29
68 33
80 39
91 46
107 56
121 62
136 68
150 76
164 83
177 91
193 97
205 105
216 109
226 115
234 121
244 125
250 128
253 130
255 132
255 132
255 130
251 130
248 128
242 126
232 123
222 117
212 113
201 107
187 101
173 91
160 83
144 76
130 70
117 66
103 58
87 52
76 44
64 37
54 33
44 29
37 25
31 21
27 17
23 17
29 25
27 27
19 11
21 0
35 0
50 19
60 37
66 42
78 39
93 41
109 52
123 68
134 78
150 80
164 80
179 85
191 97
205 109
216 113
226 113
236 115
244 121
248 130
253 132
255 132
255 130
255 130
251 132
248 132
240 126
232 121
224 119
212 113
201 109
185 101
173 93
160 83
146 80
130 74
117 66
103 58
87 50
76 44
64 39
54 33
44 27
37 23
31 19
25 17
23 15
23 17
25 17
27 17
33 19
39 23
46 27
56 31
68 37
80 42
93 48
107 54
125 68
144 83
148 83
152 76
169 74
191 83
207 101
216 111
222 113
236 113
246 121
251 132
253 138
255 138
255 134
255 130
251 130
246 130
240 126
232 121
222 115
210 107
201 105
187 101
173 95
160 85
146 78
130 72
117 66
101 58
87 50
76 42
64 37
52 33
44 29
37 23
31 19
27 17
23 15
23 15
25 15
29 17
33 19
39 19
46 25
56 31
68 37
80 42
93 48
107 54
121 62
134 70
148 76
164 83
179 91
191 99
203 105
216 109
228 117
236 121
242 126
250 128
253 132
257 136
261 146
251 136
240 117
240 105
240 111
236 123
222 123
210 111
201 99
189 95
175 97
162 95
146 85
130 72
115 60
101 54
87 52
76 48
62 39
52 29
44 23
37 23
31 23
25 19
23 13
25 13
25 15
27 19
31 21
39 23
48 27
56 31
66 35
80 42
93 48
107 54
121 60
134 68
150 76
164 83
179 91
193 95
205 103
216 111
226 117
234 121
242 125
250 128
251 130
253 130
255 132
255 132
251 130
248 130
242 126
234 123
224 119
212 115
201 109
189 103
175 97
166 95
148 89
125 72
105 50
97 41
89 41
76 42
64 39
52 31
44 21
37 17
35 23
29 25
23 23
23 15
25 13
27 15
31 21
37 25
44 25
54 25
68 31
80 41
91 48
105 54
121 60
136 66
150 76
164 83
179 93
191 97
203 103
216 109
226 117
234 121
244 125
250 128
253 130
255 132
255 134
255 132
251 130
248 128
240 128
232 123
222 119
212 113
201 107
187 101
173 93
160 87
146 82
130 74
117 66
103 58
89 50
76 46
64 41
54 33
44 27
37 25
33 23
27 21
25 21
27 29
19 17
15 0
25 0
39 7
52 29
58 39
64 35
78 33
95 42
109 60
121 74
132 76
148 72
164 76
179 89
189 101
203 107
216 109
226 111
234 117
242 125
248 130
253 130
255 130
255 128
253 130
251 130
248 130
240 126
232 121
222 117
212 113
201 109
187 101
173 93
160 85
146 80
130 74
115 66
103 58
87 50
76 42
64 39
54 35
44 29
37 25
31 21
25 17
23 15
23 15
25 17
27 17
33 19
39 23
48 29
56 33
68 37
80 42
93 50
107 58
126 72
136 78
140 72
154 68
173 76
193 89
205 105
214 111
224 111
236 115
246 123
250 132
251 136
255 134
257 132
253 132
251 132
246 130
240 125
232 119
222 113
212 109
201 107
189 101
175 93
160 87
144 78
132 72
117 66
103 58
87 48
76 42
64 37
52 33
44 27
37 23
31 19
27 17
25 17
23 17
25 15
29 17
33 19
39 23
46 27
56 29
68 35
80 41
91 46
105 54
121 62
134 70
150 76
164 82
177 89
193 97
203 103
214 109
226 115
236 121
246 126
250 130
253 132
261 142
257 144
246 126
240 111
244 109
244 121
234 126
222 121
212 109
203 101
191 101
175 103
160 95
144 82
130 66
117 62
101 58
87 54
74 44
64 35
54 27
44 25
37 25
31 23
25 17
23 13
23 13
25 15
27 19
33 21
39 23
46 25
56 29
68 37
80 44
91 48
105 52
121 60
134 68
150 76
164 83
177 89
191 95
205 103
216 111
226 115
234 119
244 123
250 128
253 132
255 132
255 132
255 132
253 132
248 130
242 126
232 121
224 119
212 113
201 109
189 103
179 99
167 99
142 85
121 64
109 48
101 42
91 44
76 44
62 35
54 27
48 25
41 27
33 27
27 23
25 19
23 15
23 17
25 17
31 19
37 21
46 21
54 27
68 33
80 42
93 48
105 54
121 60
134 68
150 76
164 85
177 91
191 97
203 103
216 109
226 117
234 121
244 125
248 126
251 128
255 130
255 132
253 132
251 130
248 128
242 126
234 123
224 119
212 113
201 107
189 99
175 93
162 89
146 80
130 72
117 64
103 58
89 52
76 46
64 41
54 35
44 29
37 25
31 23
29 23
29 29
21 21
13 3
19 0
31 1
41 21
48 33
54 33
66 27
80 33
95 48
109 66
121 72
132 70
148 72
164 80
177 93
189 103
203 105
214 105
226 109
236 119
242 126
248 128
253 128
257 130
255 132
255 134
251 132
248 130
240 125
232 119
222 115
214 113
203 109
187 103
173 93
160 87
146 82
125 74
117 66
103 56
89 50
76 44
64 41
52 33
37 29
39 23
31 21
27 19
23 17
23 15
25 15
29 17
31 19
39 23
46 27
56 33
66 37
80 42
93 50
111 62
123 72
128 68
138 62
158 66
177 80
193 95
203 105
214 107
226 109
236 117
246 128
0 134
251 134
251 125
255 130
255 125
251 134
179 130
240 125
224 119
224 115
205 109
201 107
189 101
156 93
162 80
146 80
130 74
117 66
103 58
89 50
76 42
66 39
54 35
44 29
37 21
31 17
27 17
25 17
23 17
23 15
27 15
33 19
31 23
46 27
54 29
68 33
80 41
91 46
105 54
121 62
134 70
148 76
164 82
177 89
191 99
205 105
214 111
224 115
236 121
242 126
248 128
7 136
261 144
251 136
242 117
246 109
250 117
246 130
232 128
220 115
205 103
205 101
189 105
173 103
156 93
146 78
125 70
117 64
101 60
87 52
76 42
64 35
54 29
42 25
39 25
33 23
27 17
23 13
23 13
25 17
27 19
31 19
31 19
48 25
56 31
66 37
78 42
91 44
107 52
119 60
134 68
148 76
164 82
177 89
191 97
203 103
214 109
226 115
234 119
242 123
250 126
253 132
255 134
255 132
253 132
253 130
248 130
242 128
232 123
224 119
214 113
203 109
191 105
181 105
162 95
138 76
121 56
113 46
105 48
91 52
76 46
62 35
56 27
48 27
41 29
31 27
25 21
25 15
23 13
25 15
25 17
31 19
37 21
46 23
54 27
66 35
80 42
91 48
105 54
119 58
134 66
150 78
164 85
175 91
191 95
205 101
214 109
226 115
234 119
242 123
248 125
3 128
255 132
255 134
255 134
251 130
248 130
242 126
234 125
222 119
212 111
201 105
189 99
177 95
162 89
146 82
130 72
119 66
105 60
89 52
76 44
66 39
56 33
44 29
37 27
31 23
33 29
27 27
15 11
13 0
23 0
35 11
42 29
44 31
54 27
68 27
82 31
93 56
105 64
119 64
9 62
150 70
126 82
175 93
189 101
203 101
214 105
224 113
234 121
242 125
0 126
251 126
255 130
250 134
251 136
251 132
185 130
242 125
234 123
222 119
212 115
203 107
189 101
158 93
158 85
146 80
125 72
117 64
103 58
89 50
78 46
66 41
54 33
44 27
37 23
31 19
27 17
25 17
23 17
25 17
27 17
31 19
39 23
44 25
56 31
68 35
78 42
95 52
113 66
119 68
123 60
140 58
162 68
179 85
191 97
201 103
214 105
226 111
236 121
244 130
250 134
253 134
255 132
255 130
255 132
251 134
179 128
240 123
232 117
224 115
207 113
201 109
187 99
175 93
162 85
146 82
125 76
117 64
105 58
89 50
78 44
64 39
37 31
46 27
39 23
31 21
19 19
25 15
23 15
25 15
27 17
31 19
39 21
46 25
54 29
66 35
78 41
91 48
105 56
119 62
134 68
150 76
164 83
177 91
191 97
203 105
216 111
224 117
234 121
244 126
250 130
257 140
253 138
246 123
246 111
251 115
251 126
244 132
232 126
224 113
214 107
205 107
191 109
175 103
160 89
146 76
132 70
117 66
103 62
89 52
76 42
66 33
54 31
44 31
37 25
31 19
27 15
23 13
23 15
25 19
27 19
31 17
37 19
44 23
56 33
66 37
78 41
91 44
105 52
121 62
134 70
148 76
162 82
177 89
191 99
203 105
214 111
226 115
234 119
242 125
248 126
253 130
255 132
255 132
255 132
251 130
248 130
242 126
234 125
224 119
214 115
203 111
193 109
181 107
156 91
136 70
125 54
117 52
105 54
89 52
76 42
64 33
56 29
48 31
39 33
31 27
25 19
25 13
25 15
25 19
25 21
29 17
37 17
46 21
54 29
66 37
78 41
91 46
105 52
119 60
132 70
148 78
162 83
175 87
189 93
203 103
214 111
224 115
234 119
244 123
248 128
253 130
255 132
255 132
255 132
253 132
248 130
242 126
234 123
224 119
214 113
203 107
189 101
175 95
162 87
146 80
130 72
117 62
103 56
91 52
78 46
64 41
56 35
46 31
39 27
35 29
33 31
21 21
11 0
15 0
27 1
35 19
39 29
44 27
54 21
68 29
80 42
93 56
105 62
119 62
134 64
148 72
162 83
175 93
189 95
203 97
214 105
224 113
234 121
244 126
248 128
251 128
255 130
255 134
255 134
251 132
246 128
242 125
234 123
224 119
212 113
203 107
189 99
173 91
162 85
148 82
134 74
119 68
105 58
89 52
78 46
66 41
54 35
44 27
37 23
33 19
27 19
23 17
23 17
25 15
27 15
31 19
39 21
46 27
56 31
66 37
80 44
95 54
109 64
109 60
123 56
17 56
164 70
158 87
189 99
193 101
214 103
228 111
236 125
234 130
246 130
3 128
255 130
255 134
253 134
251 132
248 126
240 123
232 119
224 119
214 115
203 109
189 101
171 93
162 87
146 82
125 74
117 64
105 56
91 50
78 46
64 41
54 31
44 25
39 23
31 21
17 19
23 15
23 15
25 15
27 17
31 19
37 21
46 25
54 29
66 35
78 41
91 48
105 54
119 60
7 68
148 76
162 83
175 89
191 97
189 105
216 111
224 115
234 121
244 126
1 134
255 146
240 130
244 113
0 109
253 123
250 134
236 130
224 119
226 111
216 111
205 115
189 111
171 99
162 78
146 76
130 70
119 68
103 62
89 48
76 39
66 35
46 35
46 33
37 25
31 19
27 15
25 17
23 17
23 17
27 15
31 15
37 19
46 25
54 31
66 35
78 39
91 44
103 52
119 60
132 66
148 72
162 82
177 91
191 99
203 105
214 111
224 115
234 121
242 125
248 128
251 130
255 132
257 132
255 132
251 130
248 130
242 128
234 125
226 121
214 117
205 113
189 113
177 103
152 83
136 66
128 58
119 58
105 56
89 50
76 41
66 33
58 33
48 35
39 31
33 25
27 17
23 13
21 15
23 17
25 17
31 17
37 17
44 23
56 31
66 37
78 41
91 46
105 52
119 60
132 70
148 76
162 82
175 89
189 97
201 103
214 109
224 115
234 119
242 123
248 126
253 128
255 132
255 134
253 132
253 130
248 130
242 128
232 123
224 117
212 113
203 107
189 101
175 95
162 87
148 82
132 74
119 66
105 60
89 52
76 44
64 39
56 35
46 33
39 29
37 33
29 29
15 11
13 0
19 0
29 9
35 23
37 25
44 19
54 21
68 31
82 48
93 60
103 60
117 56
132 62
148 76
162 87
173 93
189 93
203 97
214 107
224 117
232 121
242 123
248 125
251 126
253 130
255 134
255 134
251 130
248 128
242 126
234 125
224 119
214 113
203 107
189 101
175 95
162 87
146 80
132 72
119 64
105 58
89 52
78 44
66 39
56 33
46 29
37 25
31 21
27 17
25 17
23 17
23 17
27 17
33 21
39 23
46 27
54 31
68 37
82 46
95 58
101 60
107 52
125 48
146 58
164 76
175 89
189 93
201 97
216 103
228 115
236 126
242 130
248 128
251 126
253 130
255 132
253 132
251 130
248 126
242 123
232 123
224 119
214 113
203 107
191 101
175 95
162 87
148 82
132 74
119 66
103 58
89 48
78 44
66 39
54 33
44 29
39 25
31 21
27 17
23 15
23 13
25 15
27 17
31 19
39 21
46 27
54 31
66 37
78 41
91 48
105 54
119 60
132 68
148 76
162 83
175 89
189 95
203 103
216 111
226 119
234 123
244 126
253 140
251 138
244 121
244 107
255 115
257 132
250 138
240 128
234 115
228 111
218 117
203 119
189 111
175 93
164 82
148 78
130 76
117 70
105 58
91 48
78 39
64 37
54 35
46 31
39 23
31 17
27 15
25 17
23 19
23 17
27 15
33 15
37 19
46 25
54 29
66 35
78 39
89 44
103 52
119 60
134 70
148 76
162 83
175 89
191 97
203 105
214 109
224 115
234 119
242 123
248 126
251 130
253 130
257 132
255 132
251 130
248 130
244 128
236 125
226 121
214 115
207 115
187 113
169 97
150 76
140 62
125 60
121 62
103 58
87 48
78 39
68 35
48 35
46 35
31 31
33 23
27 15
23 15
21 15
15 17
27 17
31 15
37 17
44 23
54 31
66 37
76 41
89 44
103 52
119 60
132 70
146 76
162 80
175 87
189 95
203 103
214 111
224 117
234 119
242 125
248 126
251 130
255 132
255 134
255 132
251 130
248 128
242 126
234 125
224 119
214 113
203 107
189 101
175 93
162 87
150 82
134 74
119 66
105 58
91 52
78 46
66 41
54 35
46 31
41 31
37 33
23 21
13 1
17 0
25 1
31 17
31 25
37 21
44 19
56 23
68 37
80 50
89 54
103 54
117 56
132 64
146 78
160 85
173 89
189 91
203 99
214 109
224 117
234 121
242 121
248 125
253 130
255 134
253 134
255 132
253 130
248 128
242 126
234 125
218 119
210 113
201 107
189 101
177 95
164 87
148 80
132 70
119 64
105 58
91 52
78 46
66 39
54 33
44 27
39 25
31 21
29 17
25 17
23 17
23 17
27 19
31 21
39 23
44 27
56 31
68 37
83 48
91 54
95 50
107 44
128 50
148 66
162 80
173 89
189 93
205 99
216 109
226 119
234 126
242 128
248 126
251 126
253 130
255 134
253 134
251 128
248 125
242 123
234 123
224 121
214 115
203 105
189 99
177 95
162 89
148 83
132 74
119 66
105 58
89 52
78 46
68 39
56 33
44 29
39 25
33 23
27 19
25 17
23 17
25 15
25 15
31 19
37 23
44 27
54 31
64 35
76 41
89 46
103 54
119 60
132 68
146 76
162 82
175 89
189 95
203 103
214 111
224 117
234 121
248 132
251 140
246 130
244 113
251 111
257 123
255 134
248 134
240 123
236 115
220 115
216 119
203 119
189 105
160 91
164 83
148 80
132 74
117 66
105 56
91 46
76 41
66 41
56 37
46 31
31 23
33 19
27 17
25 17
23 17
23 17
27 15
31 17
37 21
37 27
54 29
64 33
78 39
89 44
103 52
117 60
132 66
148 74
162 83
175 91
189 97
203 103
214 109
224 115
232 119
242 123
248 126
251 128
255 130
255 132
255 132
253 132
248 130
242 126
234 125
226 121
218 119
210 121
189 109
167 89
154 74
146 66
134 66
119 66
103 58
89 46
80 39
70 39
56 39
46 35
37 27
33 19
27 15
23 17
21 17
23 15
25 13
33 15
37 21
44 27
54 31
66 35
78 41
89 46
103 54
119 62
132 68
146 74
160 82
175 89
189 97
201 103
212 109
224 113
234 117
242 125
248 128
251 130
253 130
255 130
255 132
253 132
248 130
242 126
234 123
226 119
214 115
203 109
189 103
177 93
164 85
148 80
134 74
119 68
105 58
91 52
78 44
68 41
56 37
46 31
44 35
33 31
17 11
13 0
21 0
27 11
29 23
29 23
35 15
46 15
58 29
68 42
76 50
89 50
103 48
117 56
130 68
146 78
160 82
173 83
189 91
203 101
212 111
224 117
234 119
242 121
248 126
251 132
253 134
255 132
255 130
253 130
248 130
242 126
234 123
224 117
214 111
203 107
191 101
177 95
164 87
148 80
132 74
119 66
105 58
91 52
80 46
66 41
56 35
46 29
39 25
33 21
25 17
25 17
23 17
25 17
25 17
31 19
39 21
44 25
54 31
68 39
85 52
87 52
91 46
109 42
130 52
148 70
162 83
173 87
189 91
203 97
216 111
224 121
234 125
242 125
248 125
251 128
253 130
255 132
253 130
251 126
248 126
242 126
234 125
224 121
214 113
203 107
191 103
177 97
162 87
148 80
134 72
119 66
105 60
91 52
80 44
66 39
56 33
44 29
39 25
33 21
27 19
23 17
23 15
25 15
27 17
31 19
37 21
44 25
54 31
64 35
76 41
89 46
103 52
117 60
132 68
146 74
162 82
175 89
189 97
203 105
214 113
224 117
236 123
248 134
246 134
242 119
246 109
255 115
257 130
253 136
246 130
242 121
236 117
228 121
216 123
203 115
189 101
175 89
164 83
150 83
132 78
119 66
105 54
91 46
78 44
66 41
54 35
46 27
41 21
33 21
27 19
23 19
23 17
25 15
25 15
31 19
37 23
44 25
52 27
64 31
78 39
89 46
103 54
117 58
132 66
146 74
162 83
175 91
187 95
201 101
212 107
224 115
234 121
242 125
248 126
251 130
255 132
255 132
255 132
251 132
248 130
242 126
236 123
228 123
220 123
208 121
185 103
166 83
158 72
148 70
134 70
119 64
105 56
93 46
80 42
68 42
56 41
46 35
39 25
31 19
27 17
23 19
21 17
23 13
25 11
33 15
35 21
44 25
54 31
66 35
78 41
89 48
103 54
117 60
130 68
146 74
160 80
175 87
189 95
203 103
212 109
222 115
234 119
242 125
248 126
251 128
255 130
257 132
255 132
251 130
248 130
244 126
234 125
224 119
214 115
203 107
191 103
179 95
164 89
150 82
134 74
121 68
107 60
91 52
80 48
68 41
56 35
50 35
44 37
27 25
15 1
17 0
23 1
27 17
27 23
29 19
35 13
46 17
56 33
66 44
76 48
87 44
103 46
117 56
130 70
144 78
160 82
175 83
187 89
201 101
214 111
224 117
234 119
240 121
248 125
253 132
255 134
255 134
253 130
251 128
250 128
242 126
234 125
226 119
214 113
203 107
191 103
177 97
164 89
150 82
134 72
119 64
105 58
91 52
78 44
66 39
56 33
46 29
39 25
33 21
27 17
25 17
23 17
25 17
25 17
31 17
37 21
46 27
56 35
70 44
80 48
82 44
91 39
113 42
132 56
146 72
160 82
173 85
189 89
205 101
214 113
224 121
232 123
242 123
248 125
251 130
253 132
255 132
253 130
251 126
248 125
244 126
236 126
226 121
214 113
203 107
191 103
179 99
162 89
148 80
134 72
121 64
105 60
91 52
78 44
68 39
56 33
46 29
39 25
33 21
27 17
23 15
23 15
25 17
27 17
31 19
37 21
44 25
54 29
64 35
76 41
89 46
103 52
117 60
130 68
146 74
160 80
175 87
189 97
203 103
212 111
224 117
238 126
244 136
240 125
242 109
251 109
259 125
257 136
251 134
248 125
244 119
238 123
228 126
214 123
203 113
189 101
177 91
162 87
148 83
134 76
119 64
101 54
91 48
78 46
66 42
56 33
46 27
39 23
33 23
27 21
23 17
23 15
25 13
27 15
31 21
37 21
37 25
54 29
64 33
68 41
89 46
103 54
117 60
5 66
146 66
162 82
173 89
187 95
193 101
214 109
224 115
224 119
240 123
248 126
1 130
253 130
255 132
255 134
253 132
250 132
244 128
234 125
228 123
222 125
203 117
179 95
164 78
160 64
150 74
134 74
119 66
105 54
93 46
82 46
68 46
56 41
46 33
39 23
31 19
27 19
23 19
23 17
21 13
25 9
31 15
37 21
44 27
52 29
64 31
78 39
89 48
103 56
117 62
132 66
146 72
160 82
173 89
189 97
201 103
212 107
222 113
224 119
242 125
248 128
251 128
253 128
255 130
255 134
253 132
248 128
242 125
234 123
226 121
214 115
203 109
193 103
177 95
164 89
148 82
134 74
121 68
107 60
91 52
80 44
68 41
58 37
52 42
39 35
5 11
15 0
21 0
27 11
27 23
25 19
29 11
37 11
48 23
56 39
64 44
76 42
87 41
103 46
117 60
130 70
144 76
160 76
173 82
187 93
201 105
212 109
224 113
234 117
240 123
246 126
1 130
255 132
257 132
255 132
251 130
250 130
234 126
234 123
226 119
216 115
205 109
191 101
177 93
156 87
150 82
134 74
119 68
105 58
93 52
80 44
66 41
56 33
46 29
39 25
33 21
27 17
25 17
25 17
25 19
27 17
31 19
37 21
46 27
58 37
68 44
72 42
78 35
95 35
115 46
125 64
146 76
158 80
173 83
189 91
205 103
214 117
222 121
232 121
240 121
248 125
251 130
253 134
253 132
255 128
251 128
250 128
242 128
236 125
226 119
214 111
203 107
191 103
177 97
156 87
150 80
134 72
121 66
107 60
91 52
78 44
68 39
56 33
46 29
39 23
31 19
29 17
25 17
23 15
25 15
27 15
31 17
37 21
44 27
52 31
64 35
76 39
87 46
103 52
117 60
132 68
146 74
160 82
175 89
189 97
203 105
212 111
226 119
238 130
238 128
236 113
244 107
255 117
259 134
255 140
250 130
250 123
246 121
238 126
226 128
216 121
203 107
191 97
177 93
162 91
148 85
134 74
119 60
107 56
91 52
80 48
68 42
56 33
46 25
41 23
35 25
27 21
23 17
23 13
23 13
27 17
31 19
37 21
37 21
54 27
64 33
76 39
87 46
103 52
117 58
130 66
144 74
160 82
173 87
189 95
201 103
212 111
222 115
232 119
240 125
248 126
251 130
253 132
255 132
255 130
253 132
250 132
244 130
236 126
232 126
220 123
197 109
179 89
171 78
166 80
152 80
132 76
119 64
107 54
95 50
82 50
68 46
56 39
46 29
39 23
33 21
25 19
23 17
23 13
23 13
25 13
29 15
39 21
46 27
52 29
64 33
76 39
89 46
103 54
115 58
130 64
146 74
160 82
173 89
187 95
201 101
212 109
224 115
232 119
240 123
248 126
251 130
253 130
255 132
255 132
251 130
250 130
244 126
236 125
226 121
216 115
205 109
193 103
179 97
164 89
150 82
134 74
121 68
107 60
93 54
80 46
68 42
62 42
50 41
31 21
21 0
23 0
27 7
27 23
23 21
25 11
31 9
41 19
46 33
54 41
64 41
76 39
87 41
101 52
115 64
5 62
128 64
128 76
173 85
187 97
201 105
212 109
224 113
234 117
240 125
248 130
251 130
255 130
255 130
253 130
253 132
250 132
244 126
236 123
226 117
216 113
205 111
191 103
177 95
164 87
150 82
134 76
121 68
107 60
93 52
80 46
68 41
56 35
46 29
41 23
33 21
27 19
23 17
23 15
25 17
27 19
31 21
37 23
46 29
60 41
62 41
64 33
80 29
99 37
111 52
5 66
144 74
158 76
160 83
189 95
193 107
212 115
222 117
232 115
240 119
248 126
1 132
253 132
255 128
255 126
253 130
250 130
234 128
234 123
226 117
216 113
203 109
191 103
179 97
166 89
150 80
134 74
121 66
105 60
91 52
80 46
62 31
56 33
46 29
39 25
33 21
27 17
25 17
23 17
23 15
25 15
31 17
37 21
44 25
52 29
64 33
76 39
89 46
103 54
115 60
130 66
146 74
160 83
173 89
187 97
201 103
214 111
228 126
230 125
230 111
238 103
251 113
257 130
255 136
253 132
253 125
251 123
246 128
238 132
226 126
216 115
205 105
191 99
177 97
162 91
148 80
134 68
121 62
107 58
93 54
80 46
68 39
58 33
48 31
39 27
33 25
27 19
25 15
23 13
23 15
27 17
31 21
37 21
42 23
54 27
64 35
76 41
87 46
101 52
117 58
130 68
144 74
160 82
173 87
187 95
201 101
212 107
222 115
232 119
240 123
246 128
251 130
255 132
255 132
253 130
253 132
250 132
244 130
240 130
230 128
210 117
193 97
185 87
179 83
166 85
150 83
132 72
121 62
109 56
95 54
80 52
68 44
56 35
48 27
41 25
33 23
25 19
23 13
23 9
25 11
27 17
29 19
35 21
44 25
54 29
64 35
76 41
87 46
101 52
115 58
130 64
144 74
160 82
173 89
187 95
201 101
212 109
224 117
232 119
240 121
248 125
251 128
253 130
255 132
255 134
253 132
248 130
242 126
236 125
226 119
216 117
203 109
193 103
179 95
166 89
150 82
136 76
121 68
107 60
93 54
80 48
70 44
62 48
42 31
27 7
25 0
29 5
29 21
23 23
21 15
25 7
33 11
41 25
44 37
52 35
62 31
76 33
87 44
99 56
115 62
130 66
144 68
160 76
173 87
187 97
201 103
212 107
222 111
232 117
240 123
248 128
251 130
255 130
255 130
255 132
253 132
248 130
242 126
236 123
226 119
214 115
205 109
193 103
179 95
164 87
150 82
136 76
121 66
107 60
93 52
80 46
68 41
56 35
46 29
39 23
33 21
29 21
25 19
23 15
25 15
27 19
31 23
39 27
50 37
54 37
54 29
64 23
83 27
105 44
117 60
128 68
142 70
160 76
177 89
189 103
199 111
210 111
222 111
232 117
240 123
246 126
250 128
253 126
255 128
255 130
253 132
250 132
244 128
236 123
226 119
216 115
205 111
193 103
177 95
164 85
150 80
136 74
121 66
107 58
93 52
80 46
68 41
56 35
48 29
39 23
33 21
29 21
25 17
23 15
25 15
25 15
31 19
37 21
44 25
52 29
62 33
76 41
87 46
103 54
115 60
130 66
146 74
160 83
173 91
187 97
201 105
218 121
222 125
220 109
230 99
246 109
255 128
255 140
253 136
253 126
255 125
251 132
244 136
236 132
226 121
216 109
205 105
191 103
179 99
164 89
150 78
134 68
121 64
107 62
93 54
80 46
68 37
56 33
48 31
41 29
33 23
27 17
25 13
25 15
25 19
25 17
31 19
37 21
44 25
52 29
64 35
76 41
87 46
101 50
117 60
130 68
144 76
160 80
173 89
187 95
201 103
210 107
224 113
232 119
242 125
248 128
251 130
255 132
257 134
255 134
253 134
250 132
248 132
242 134
220 123
205 103
197 91
193 89
181 91
166 91
148 80
136 70
125 64
109 62
95 60
80 50
68 41
58 33
46 29
39 25
31 23
27 17
25 13
23 11
25 15
25 17
29 19
37 19
44 23
54 29
64 35
74 41
87 46
101 52
115 58
130 68
144 74
160 82
173 87
185 93
199 99
212 107
224 115
232 119
238 121
248 126
251 132
253 134
255 132
255 130
253 130
250 130
244 128
234 123
226 119
216 113
205 109
191 103
179 97
166 89
150 83
136 76
121 68
107 60
93 54
85 54
74 54
52 39
37 13
33 1
33 9
31 19
25 25
21 15
23 7
29 9
33 21
37 31
42 31
52 27
62 27
76 35
87 48
101 56
115 58
128 60
144 70
160 80
171 91
185 95
201 99
212 107
222 115
224 121
240 126
240 126
1 128
253 130
255 132
255 134
253 132
248 130
244 126
236 123
226 121
216 115
205 109
193 103
179 97
166 89
150 82
136 72
123 68
109 62
93 54
80 46
68 31
58 35
48 31
31 27
33 23
29 19
25 17
25 17
25 17
25 17
33 21
37 31
44 33
44 25
52 17
62 23
89 37
103 52
113 60
128 62
144 68
162 80
175 93
187 101
199 105
210 107
222 111
232 119
240 125
246 126
0 125
255 126
255 130
255 134
251 132
250 128
236 126
236 123
226 121
216 117
205 111
193 103
179 95
164 89
150 83
136 76
121 68
107 58
93 52
82 46
68 41
56 35
48 29
39 25
33 23
29 21
25 19
23 17
23 17
25 17
31 19
37 23
44 25
52 29
62 33
76 39
87 46
101 52
115 60
130 66
144 74
160 82
173 89
187 97
207 113
214 119
212 109
220 97
236 101
250 119
253 136
253 136
253 126
257 125
255 130
251 138
244 138
234 126
226 115
216 111
205 111
191 107
179 97
166 85
150 78
136 72
121 68
109 62
93 54
80 46
68 39
56 35
48 31
41 27
33 21
27 17
25 17
23 15
23 15
25 15
31 17
37 19
44 25
52 29
62 33
76 39
87 46
101 52
115 58
130 66
144 74
158 80
173 87
187 93
201 101
210 107
220 111
232 117
242 125
248 128
251 130
253 130
257 132
257 134
253 134
251 136
250 138
232 126
216 109
208 97
205 95
195 99
179 97
164 87
150 76
138 70
125 70
109 68
93 60
80 46
70 39
60 35
48 33
37 29
33 21
27 15
25 13
23 13
23 17
27 17
29 15
37 19
44 25
54 31
62 35
74 39
87 44
101 50
115 58
128 68
142 74
158 78
171 85
185 93
199 101
212 109
222 115
232 119
240 125
248 126
251 130
253 132
255 132
255 132
253 132
250 130
244 128
236 125
226 121
218 115
207 111
193 103
179 95
166 89
152 82
134 76
123 70
109 62
97 60
87 60
64 44
46 19
33 5
41 11
37 23
27 25
23 15
23 7
27 9
29 21
31 29
37 29
42 25
52 25
62 33
74 41
87 48
101 52
113 52
128 58
146 72
160 83
171 91
185 93
199 99
212 107
222 117
232 123
240 123
248 125
251 128
253 130
255 132
255 134
253 130
250 128
244 126
236 125
228 121
216 115
205 109
193 103
179 97
166 91
150 82
136 74
123 68
109 62
95 54
80 46
70 41
58 35
48 31
39 27
33 21
29 17
25 17
25 17
23 19
29 21
37 29
39 31
35 23
42 15
58 17
76 31
87 44
99 50
113 54
130 60
146 72
162 85
173 95
187 99
201 101
212 105
220 113
232 121
238 125
246 125
250 126
253 128
255 132
255 134
253 132
250 128
244 126
236 125
228 123
216 117
205 109
193 95
162 95
158 89
152 83
138 76
123 70
109 60
93 52
80 46
68 42
58 35
46 29
41 25
31 21
29 19
25 17
23 15
25 15
27 15
29 19
35 21
35 25
52 29
62 35
74 39
87 44
101 50
115 58
130 68
144 76
160 83
173 91
191 105
201 113
203 103
210 91
226 99
242 117
250 132
251 134
253 126
257 125
259 130
255 138
250 140
242 130
236 119
226 115
216 115
205 111
191 101
179 91
166 83
152 80
136 76
123 70
109 60
95 50
82 46
68 42
58 37
48 31
41 27
33 21
27 19
25 17
23 17
23 15
25 13
31 17
37 21
35 25
52 29
62 31
74 37
87 46
101 54
115 60
128 66
144 74
158 80
173 89
185 97
201 103
212 109
222 113
232 117
240 125
248 128
251 130
255 132
257 132
257 136
257 138
257 144
240 125
224 115
220 103
216 101
208 105
193 105
179 95
166 85
154 78
140 76
125 74
109 66
93 54
82 44
68 39
58 35
48 33
31 25
33 17
29 15
25 15
23 17
23 17
25 17
31 17
37 21
42 23
52 29
64 37
74 41
85 44
101 50
115 58
128 66
144 74
158 80
171 87
185 95
199 103
210 107
222 113
232 119
240 123
246 126
250 128
253 132
255 132
255 132
253 132
250 130
244 126
234 123
228 121
218 117
207 111
193 105
181 99
166 91
152 83
138 78
123 70
111 64
101 64
78 52
56 27
48 11
48 13
44 25
35 29
27 21
23 9
25 9
27 19
27 27
29 25
37 21
44 19
52 27
62 37
72 42
85 44
99 46
113 54
128 64
144 74
158 80
173 87
187 91
201 101
212 111
222 117
232 121
240 121
246 126
251 130
253 132
255 134
255 132
253 130
250 128
244 128
236 126
228 123
218 115
207 109
193 105
179 97
166 91
152 82
136 74
123 66
109 60
95 54
82 48
68 41
58 35
48 29
39 25
33 21
27 17
27 17
25 19
25 21
31 25
33 27
29 19
33 11
46 11
64 23
76 37
85 46
99 50
115 54
132 64
146 78
158 87
171 91
185 95
199 99
210 107
220 115
230 119
240 119
246 121
251 126
255 130
255 134
255 132
253 130
250 128
244 128
236 126
228 123
216 115
205 109
193 103
181 99
166 91
152 82
136 74
123 66
109 60
93 54
82 48
68 41
58 35
48 29
39 25
33 21
29 21
25 19
23 17
23 15
27 17
31 19
35 21
42 25
52 29
62 33
74 39
87 44
101 54
115 60
128 68
142 76
158 82
177 97
189 107
191 97
199 87
218 91
234 113
242 126
246 130
251 126
255 125
257 130
257 140
255 142
250 134
244 125
236 121
226 119
216 119
205 111
193 101
179 91
166 83
152 82
138 78
123 68
107 58
95 52
82 48
68 42
56 35
48 29
41 25
33 21
27 21
25 17
23 15
23 15
25 15
29 19
35 21
42 25
52 29
62 33
74 39
87 44
99 52
113 56
128 64
144 74
158 82
171 89
185 93
199 101
210 107
222 115
232 121
240 123
248 128
251 130
255 132
255 134
259 138
259 142
248 134
232 117
228 107
226 107
220 111
205 111
191 101
181 91
167 85
154 85
138 82
123 74
109 62
93 52
82 46
68 42
58 37
48 31
39 23
33 17
27 15
25 19
23 19
23 15
25 15
31 17
37 21
35 27
50 29
62 33
66 37
85 44
99 52
115 58
128 64
142 72
158 80
171 87
185 93
199 101
210 107
220 113
222 119
240 123
246 126
1 130
253 132
255 134
255 134
253 132
250 130
236 126
236 125
220 121
218 115
207 109
193 103
181 99
167 93
152 85
138 78
126 74
115 74
91 58
72 33
62 19
58 21
50 29
41 31
33 23
27 11
27 11
27 19
25 25
25 25
29 19
35 15
42 21
50 29
60 35
72 37
85 39
99 46
113 58
126 68
142 76
158 80
171 85
185 93
199 103
210 111
222 115
230 119
238 121
248 126
251 132
253 134
255 132
255 130
253 130
250 130
244 130
236 125
228 119
218 115
207 111
193 105
179 97
167 89
152 83
136 76
123 68
109 60
95 54
83 48
68 41
58 35
50 31
41 29
33 25
29 21
25 17
27 19
31 25
29 27
21 17
25 5
39 5
52 19
64 31
72 39
85 42
101 46
115 56
130 70
144 80
156 83
171 87
185 93
199 103
210 109
220 115
230 117
240 119
246 125
251 128
253 130
255 130
255 130
255 132
250 132
244 128
236 125
228 119
218 115
205 109
193 103
181 97
167 89
152 82
136 72
123 66
109 60
95 56
82 46
70 41
58 35
48 31
41 27
33 23
27 19
25 17
23 15
23 15
27 17
29 19
35 21
42 23
52 29
62 35
74 41
85 46
101 52
115 60
128 70
144 76
162 89
175 99
177 91
187 80
207 83
224 105
234 123
238 126
244 123
251 121
257 130
257 140
255 142
251 134
250 126
244 123
236 125
226 123
216 115
205 107
195 99
181 95
166 91
152 85
138 76
123 66
109 60
95 54
82 48
70 42
58 35
48 29
41 25
33 21
29 19
25 17
23 15
23 15
25 17
29 19
35 21
42 23
50 27
60 33
72 39
87 44
101 52
113 60
128 64
142 70
158 80
171 89
185 95
197 99
212 105
222 115
230 119
240 125
248 126
251 130
255 134
259 138
261 144
251 138
238 121
236 111
236 109
230 115
218 115
203 107
193 99
183 93
169 93
154 91
138 82
123 70
109 60
95 54
80 48
68 42
58 33
48 27
41 23
33 21
27 19
25 17
23 15
25 15
25 17
29 19
35 21
42 23
50 27
62 33
74 41
85 46
99 52
113 56
128 66
142 74
156 82
171 87
185 93
199 101
210 109
220 113
232 119
240 125
248 126
251 130
253 132
255 134
255 134
253 132
250 130
244 126
236 123
228 121
218 117
207 111
195 107
181 99
167 91
152 83
140 82
128 82
105 66
83 39
74 23
70 25
62 35
50 37
39 27
33 15
31 13
27 19
25 25
23 23
25 15
29 11
35 15
41 25
52 33
62 33
72 35
85 39
99 50
115 60
128 68
142 72
158 78
171 85
185 97
197 103
210 107
220 111
230 117
238 123
246 126
251 130
255 130
255 130
253 130
253 130
251 130
244 128
238 125
228 121
218 115
207 111
195 105
181 99
167 89
152 83
138 76
123 68
109 60
95 54
82 46
70 41
58 35
50 31
41 27
35 23
29 21
27 21
31 27
27 27
17 13
19 3
31 5
44 13
54 27
60 33
72 35
85 39
103 48
115 62
126 70
142 76
158 80
171 87
185 95
197 103
208 109
220 111
230 115
238 121
246 126
251 130
253 130
253 128
255 130
255 134
250 134
244 128
236 125
228 119
218 117
207 111
193 105
181 95
167 89
152 82
138 76
123 70
109 62
95 54
82 46
62 41
60 35
50 31
41 25
33 21
27 17
25 15
25 17
25 17
25 19
29 19
35 19
42 23
52 29
62 35
72 39
85 44
99 50
115 58
128 68
148 83
160 91
162 82
173 72
195 80
212 101
222 119
230 123
238 119
248 119
253 126
255 138
255 142
255 136
253 128
250 126
244 128
236 128
226 121
216 111
207 103
195 99
179 97
167 91
154 83
140 76
125 68
109 62
95 56
82 50
70 42
58 35
48 29
41 25
33 23
29 17
23 15
23 13
25 17
27 17
29 19
35 21
42 23
52 29
62 33
74 39
85 44
99 50
113 56
128 66
142 72
158 80
171 87
185 95
197 101
210 107
222 115
232 121
238 123
246 128
253 134
257 138
261 146
251 138
244 123
242 113
242 115
238 121
228 121
216 113
207 105
197 101
183 99
167 97
154 89
138 78
125 68
109 60
95 54
82 48
70 42
58 33
48 27
41 25
33 23
29 21
25 17
23 15
23 15
25 17
29 19
35 21
42 23
50 27
60 31
74 39
85 44
99 52
113 56
126 64
142 72
156 80
162 87
183 91
199 99
210 107
220 113
230 119
240 123
248 126
251 130
253 130
255 132
255 132
253 132
250 130
173 126
236 125
220 121
218 117
203 111
187 105
181 99
167 93
156 87
140 87
121 72
97 46
80 29
82 33
66 42
60 42
46 31
41 19
37 17
31 23
25 27
23 23
21 15
25 11
29 15
33 23
41 25
46 27
62 29
74 33
85 44
99 52
113 60
128 64
142 70
156 78
169 87
185 95
199 103
208 105
220 111
230 117
240 125
246 126
250 126
253 128
255 130
255 132
253 134
250 130
244 128
236 123
228 121
218 117
208 111
187 105
181 97
167 89
154 83
138 76
125 70
109 60
95 52
83 48
62 42
58 37
48 29
41 27
35 25
31 23
31 27
25 25
15 13
15 1
25 1
35 9
44 23
50 29
60 31
72 33
87 41
101 56
113 66
126 70
142 70
156 76
171 87
183 97
195 101
210 105
222 109
230 117
238 123
246 126
1 128
253 130
255 130
255 125
253 132
250 130
244 126
236 123
228 119
218 117
207 111
193 103
181 97
169 89
152 83
138 76
123 68
111 62
97 56
82 50
70 42
58 37
50 31
41 27
35 23
29 19
25 17
23 15
23 15
25 15
29 17
35 19
42 25
50 29
60 35
74 41
85 46
99 52
113 60
132 74
144 82
148 74
160 66
181 74
201 95
212 111
220 117
228 113
240 115
250 125
253 136
253 138
255 134
255 128
253 128
250 130
242 130
236 126
228 117
218 109
207 107
195 105
181 99
167 89
152 80
138 72
125 70
109 64
95 56
82 46
70 41
58 37
48 33
41 27
35 21
29 17
25 15
23 17
23 15
27 17
29 17
35 21
41 23
50 29
62 33
72 39
85 44
97 50
113 56
126 66
142 74
156 82
169 87
185 93
199 101
210 109
220 115
222 119
240 125
238 126
5 126
263 146
251 136
244 121
246 113
0 117
121 125
236 126
218 119
220 109
203 107
197 105
181 103
164 93
156 83
130 76
123 68
109 62
95 56
78 48
62 39
58 33
48 29
41 27
33 23
27 15
25 15
25 15
23 19
25 19
29 17
35 19
35 23
50 29
60 33
72 37
85 42
99 48
111 54
1 64
125 72
158 82
171 87
183 93
199 101
210 109
220 113
230 117
238 121
246 125
250 128
253 132
255 132
255 132
255 132
250 130
244 126
238 123
230 121
220 119
207 113
195 105
183 99
171 97
158 97
134 80
113 52
103 37
97 41
85 48
70 48
58 35
50 23
42 19
37 25
29 27
25 23
23 15
23 11
25 13
29 19
35 23
42 25
50 23
60 27
72 37
85 46
97 52
113 56
126 64
142 72
156 80
169 87
185 95
197 101
208 107
220 111
230 119
240 123
246 126
250 126
253 130
255 132
255 134
253 130
250 128
246 128
238 125
228 121
218 115
208 109
195 103
181 97
167 91
154 83
140 76
125 68
111 62
95 54
83 48
72 42
60 37
50 33
42 27
37 25
35 31
27 27
13 13
11 0
21 0
31 9
37 21
41 25
48 25
62 27
76 37
85 48
99 60
113 62
126 64
140 70
156 80
169 89
183 95
197 99
208 101
220 111
230 119
238 123
246 125
251 128
255 130
255 132
253 132
255 132
251 130
244 128
236 125
228 119
220 115
207 109
195 103
181 97
167 89
154 83
138 76
123 68
111 60
97 54
82 48
70 42
58 35
50 29
41 25
33 21
29 17
25 17
23 15
23 13
25 15
31 17
35 21
42 25
50 29
60 31
72 39
85 46
99 54
117 68
128 76
132 66
146 58
167 66
187 87
199 107
208 111
218 107
230 109
242 121
248 134
251 138
251 132
255 126
255 130
253 134
248 134
242 128
238 121
228 115
218 115
207 113
195 105
181 97
167 89
154 82
138 76
125 72
111 64
95 54
82 46
70 41
58 37
50 31
41 27
35 21
29 17
25 17
23 13
23 13
25 17
29 19
35 21
42 23
50 27
60 33
72 39
83 44
97 50
113 58
126 66
140 74
156 80
169 85
185 93
197 101
210 107
220 113
230 119
240 126
250 132
253 138
250 132
246 121
250 115
253 119
251 125
244 128
236 123
228 115
220 111
210 113
197 111
181 103
167 91
154 82
138 76
125 72
109 64
95 52
82 44
72 39
58 35
48 31
41 25
35 21
27 17
25 15
23 17
23 17
25 17
29 17
35 19
42 23
50 29
60 33
72 37
83 41
99 48
113 58
126 66
140 72
156 78
169 85
183 93
197 99
208 107
220 113
230 119
238 123
246 125
250 128
255 130
255 132
255 134
253 132
250 130
246 128
238 125
230 123
220 119
208 113
195 107
187 105
173 105
148 87
126 60
117 46
113 48
101 56
83 54
68 41
58 27
52 25
44 31
35 31
27 25
25 17
23 13
23 15
23 19
27 21
35 19
33 17
46 25
60 33
72 41
83 44
97 48
113 54
126 64
140 74
156 80
169 85
183 91
197 99
208 107
220 113
220 117
234 121
246 125
0 128
253 132
257 134
255 134
253 132
250 130
236 126
234 125
230 121
218 115
207 109
187 105
183 99
167 91
154 82
140 76
125 70
111 62
95 54
83 46
66 42
62 39
50 33
42 31
41 33
31 29
15 15
11 1
17 0
27 7
31 15
33 21
31 19
52 21
64 31
74 42
83 52
97 54
113 56
126 62
140 72
154 80
167 87
183 89
197 95
208 103
220 113
230 119
238 123
246 125
251 126
253 132
255 134
255 132
251 128
251 128
246 128
238 126
228 121
218 115
207 109
187 103
181 99
167 91
154 83
138 76
125 68
111 62
97 56
83 48
64 42
60 35
50 31
41 27
35 25
29 21
25 17
25 15
23 15
25 17
29 17
35 19
42 23
50 29
60 35
72 41
85 46
105 62
113 68
115 56
130 46
154 58
175 83
185 101
195 103
207 99
222 103
234 119
240 132
244 136
250 130
253 126
255 128
255 132
253 136
250 132
244 123
238 119
228 119
220 117
207 111
187 103
183 95
167 89
154 83
138 78
126 70
111 62
95 54
83 48
70 42
60 37
50 31
41 25
33 21
29 17
25 15
23 15
23 15
25 17
29 17
35 21
42 23
50 27
60 31
72 39
83 44
97 50
111 56
126 64
142 72
156 82
169 87
183 93
197 101
210 107
220 115
232 121
242 128
251 138
244 130
242 119
250 115
255 121
255 128
248 130
244 125
240 121
232 117
220 119
208 117
195 109
181 99
167 87
154 82
140 80
125 72
109 60
95 50
83 44
72 41
60 37
48 31
41 25
35 19
29 19
25 19
23 17
23 17
25 15
29 17
33 19
42 25
50 29
60 33
72 37
83 42
97 48
111 56
126 64
140 72
156 80
169 85
183 93
197 101
208 107
220 113
230 117
238 123
246 125
250 128
255 132
255 134
255 134
253 130
251 130
246 128
238 126
228 123
220 117
208 113
201 113
185 109
164 91
144 66
132 54
126 56
115 64
97 62
82 48
64 35
62 31
52 35
35 37
33 29
29 17
25 11
23 13
23 19
23 19
27 15
35 13
42 19
50 27
60 35
72 39
83 39
99 46
113 56
126 66
140 74
156 80
169 85
183 93
197 101
208 109
220 113
228 115
238 121
246 126
251 130
253 132
255 130
255 130
253 132
251 132
181 125
238 125
222 121
218 115
207 109
189 103
179 99
169 93
154 83
140 76
126 68
111 62
97 56
83 48
64 42
62 37
52 33
48 37
35 31
19 15
15 1
19 0
25 7
25 17
27 19
33 15
35 17
52 25
62 37
64 44
68 46
97 50
111 54
126 64
140 74
154 80
169 83
183 89
197 97
208 105
218 111
222 115
240 119
248 126
0 130
253 132
255 134
255 132
253 132
250 130
236 128
238 125
220 119
218 115
208 109
189 105
183 99
169 91
154 83
140 76
126 70
111 64
95 56
83 48
64 41
60 37
50 31
41 27
35 23
29 19
25 17
23 15
23 15
25 17
29 19
35 21
42 25
50 29
62 35
74 41
89 56
97 58
101 48
115 41
138 52
158 76
171 93
181 95
195 93
210 97
222 113
232 126
238 130
244 126
251 125
253 128
255 134
253 136
251 130
251 126
246 125
236 125
228 123
220 119
208 111
197 103
181 97
169 91
154 85
140 78
125 68
111 60
97 54
83 48
72 42
60 35
50 29
42 25
35 23
29 19
25 17
23 15
23 13
25 17
29 19
35 21
42 23
50 27
60 33
72 39
68 44
97 50
111 56
126 64
140 74
154 80
169 87
183 93
197 101
208 109
220 117
234 126
242 132
240 126
240 117
248 113
255 119
259 128
253 134
248 128
246 123
242 121
232 125
220 125
207 117
195 105
183 95
169 91
154 85
138 78
125 68
111 58
95 50
83 46
72 44
60 37
50 31
41 25
35 21
29 19
25 17
25 17
23 15
25 15
29 17
33 19
41 23
50 27
60 31
72 39
83 42
97 50
111 58
126 64
140 72
154 78
169 87
183 93
197 101
208 105
218 111
218 117
238 121
246 126
0 126
255 130
250 134
255 134
253 132
250 130
238 130
240 128
222 125
220 119
212 117
201 119
175 99
158 72
148 60
142 66
128 64
111 66
95 50
78 41
74 37
64 42
50 41
41 31
35 19
31 15
25 17
23 19
21 17
25 13
29 11
33 15
41 25
46 31
60 33
72 35
83 41
97 50
111 60
125 66
140 70
154 76
169 85
183 93
195 101
208 107
220 111
228 117
236 121
246 126
251 130
253 132
255 132
255 132
255 132
251 132
246 128
238 123
230 119
220 117
208 111
187 105
183 99
169 91
156 83
140 78
126 70
109 62
99 56
85 50
74 42
62 41
58 42
41 33
25 17
21 3
23 1
25 9
23 15
23 15
27 13
37 15
42 23
50 33
60 39
72 41
83 42
97 48
111 56
125 64
138 72
154 76
167 82
183 89
197 99
208 107
218 111
228 115
240 121
246 128
250 132
253 132
255 132
255 132
253 132
250 130
244 126
238 125
230 119
220 115
208 111
197 105
185 99
169 91
154 83
140 76
126 72
113 64
97 56
83 48
72 41
60 35
50 31
42 27
35 23
29 19
25 17
23 15
25 15
25 17
29 19
35 21
42 23
50 29
62 37
78 50
82 50
85 37
101 33
125 48
142 70
156 85
167 87
181 85
197 91
210 107
220 121
230 126
238 123
244 121
250 123
255 132
255 136
253 132
253 126
251 125
246 126
238 126
228 121
220 113
210 107
197 105
183 99
169 95
156 85
140 76
125 68
111 62
97 56
85 48
72 41
58 33
50 29
42 27
35 25
29 19
25 15
23 15
23 17
25 17
29 19
35 19
41 23
50 27
60 33
72 39
83 42
97 48
111 56
125 62
140 64
156 80
162 87
183 93
197 101
210 111
224 123
232 128
230 121
234 111
244 111
0 121
255 130
255 132
251 128
251 125
248 126
240 130
230 128
218 121
208 111
189 101
183 97
169 93
154 85
140 76
125 66
111 60
97 56
83 48
64 42
60 35
50 31
41 25
31 23
29 21
25 19
23 15
23 15
25 17
29 17
33 19
41 21
48 25
60 31
72 37
83 42
95 48
111 54
126 64
140 72
154 80
167 85
183 91
197 101
208 105
218 111
230 119
238 121
244 125
250 128
253 130
255 132
255 132
253 130
250 130
246 128
240 126
230 123
224 125
212 123
189 103
171 80
164 70
158 76
144 82
125 76
109 60
99 46
87 46
74 48
60 46
50 35
41 23
35 19
29 19
23 21
21 17
23 13
25 9
29 13
33 21
41 25
50 27
60 31
70 35
83 42
97 50
111 58
126 64
138 70
154 76
169 85
183 95
195 99
207 105
218 111
230 117
238 123
244 126
250 128
253 130
255 132
255 132
253 132
251 130
246 126
238 123
230 121
220 117
208 113
195 103
183 97
169 91
156 85
140 78
126 70
113 64
99 58
85 52
76 48
66 46
48 37
31 19
25 5
27 3
27 11
25 17
21 15
25 11
31 13
37 21
42 29
50 33
60 33
70 35
83 42
97 52
109 60
125 64
138 68
154 76
167 83
181 93
197 99
208 105
220 109
228 117
238 123
246 126
250 128
253 130
255 132
255 132
253 132
251 130
244 126
238 125
230 119
220 115
207 111
197 105
185 101
169 91
154 85
140 76
126 70
113 62
97 56
83 48
72 42
62 37
52 33
42 27
35 21
31 19
25 17
23 17
23 15
27 15
29 17
35 23
41 25
52 33
66 46
68 42
72 31
87 29
111 42
128 64
140 78
152 78
167 80
185 87
199 103
208 117
218 119
228 117
238 117
244 125
250 130
253 134
253 130
255 128
253 126
250 128
246 130
238 126
228 119
220 115
210 111
197 107
183 101
169 91
156 82
140 76
126 70
111 62
97 54
85 48
72 41
60 37
50 31
42 27
35 23
29 19
25 17
23 15
25 15
25 17
29 17
33 19
41 21
50 29
60 35
70 39
83 42
97 48
111 56
125 66
140 72
154 80
169 85
183 93
197 103
214 117
220 121
220 115
226 105
242 109
251 121
253 130
253 132
253 126
255 126
253 128
246 132
240 132
230 126
220 117
208 109
197 105
183 101
169 93
154 83
140 74
125 66
111 62
99 56
83 48
72 39
62 33
52 33
42 29
35 25
29 19
25 17
23 15
21 15
25 17
29 19
33 19
41 21
48 25
60 33
72 39
83 44
95 50
109 56
125 64
140 72
154 80
167 83
183 91
195 99
207 107
218 113
228 117
238 123
246 125
250 126
253 130
257 134
255 134
253 134
251 132
246 130
240 128
236 132
222 128
199 103
185 82
181 78
173 85
158 89
140 80
126 64
115 54
101 54
85 54
72 52
60 41
50 27
41 21
33 21
29 23
25 19
23 13
23 9
25 11
29 19
35 23
41 23
48 25
60 29
70 37
82 46
95 50
111 56
125 62
138 68
154 78
167 85
181 91
195 99
207 103
218 111
230 119
236 121
244 123
250 126
255 130
255 134
255 134
253 132
251 130
246 128
238 126
230 121
220 115
210 111
197 105
183 99
169 91
156 85
142 78
126 72
113 64
101 58
89 54
78 54
58 41
39 23
33 9
33 7
31 15
27 19
23 15
23 11
27 11
31 19
35 27
41 29
48 29
58 29
70 35
82 44
95 50
109 56
125 60
140 68
154 78
167 87
183 93
197 99
208 105
218 111
228 117
238 121
246 125
251 130
253 132
255 132
255 132
255 132
251 130
244 128
238 123
230 121
220 115
208 111
189 105
185 99
169 93
156 85
140 78
126 70
109 62
99 56
83 48
64 42
62 37
50 31
41 25
37 21
31 21
27 19
23 19
23 17
25 17
29 19
35 23
44 29
54 39
54 35
58 23
76 19
95 37
113 58
125 70
138 70
152 72
169 80
185 97
195 109
207 111
216 109
230 111
238 121
244 128
248 132
253 130
255 128
255 128
253 130
250 132
246 128
238 125
230 119
218 115
208 111
199 107
185 101
169 91
156 82
142 78
126 72
113 64
97 54
85 46
72 41
62 37
52 31
42 27
35 21
29 19
25 17
23 15
25 17
25 15
27 17
33 19
41 21
50 27
60 33
72 37
83 42
97 50
111 58
125 66
140 72
154 80
169 87
183 97
201 109
208 115
208 109
218 103
234 107
246 117
251 128
251 132
253 128
257 126
257 132
253 136
246 136
238 128
230 119
220 117
208 113
187 109
183 99
169 89
156 80
142 76
126 70
113 62
99 54
87 48
72 44
60 39
52 33
35 29
35 25
29 19
25 15
23 15
23 15
25 15
29 17
33 17
33 21
50 27
60 33
70 39
83 44
95 50
109 56
125 64
138 70
152 78
167 83
181 91
197 101
207 107
218 113
228 117
238 121
246 126
250 130
253 130
255 132
257 132
255 134
251 132
246 130
244 136
230 130
210 109
199 87
195 85
189 95
171 99
154 87
138 70
128 60
117 62
101 66
83 56
72 44
62 33
52 29
41 31
33 29
29 21
25 13
23 11
23 13
25 17
29 19
33 17
41 21
50 25
60 35
70 41
82 44
95 48
111 54
125 64
138 72
152 78
167 83
181 89
193 97
208 107
218 113
220 119
234 121
244 125
0 128
253 132
255 134
255 134
253 130
250 128
238 128
240 126
222 123
220 117
210 111
197 105
185 101
171 95
158 85
142 78
126 70
115 66
103 64
91 62
68 46
50 25
44 13
42 13
39 19
29 21
23 15
23 9
27 11
27 19
29 25
33 25
41 25
48 23
58 29
68 37
82 44
95 50
109 54
123 60
138 68
154 78
167 87
181 93
195 99
207 107
218 115
220 121
238 123
246 125
250 128
253 130
255 132
255 132
253 132
251 132
246 128
238 125
230 121
222 117
210 113
197 107
183 99
171 93
158 85
142 78
126 70
113 64
99 56
85 48
72 42
62 37
52 31
42 27
35 23
31 19
27 17
23 17
23 17
25 17
29 21
37 27
44 37
42 29
46 11
64 15
83 33
99 54
109 62
123 60
140 62
156 76
169 91
181 103
195 105
207 103
218 107
228 115
238 125
236 125
0 126
250 125
255 128
255 132
255 134
250 130
244 125
240 123
232 123
222 121
208 113
197 105
185 97
171 91
156 83
142 78
126 70
115 64
99 54
85 48
74 42
62 37
52 31
42 25
37 21
31 21
25 17
23 15
23 15
25 15
29 17
33 19
39 21
50 27
60 33
70 39
82 44
95 50
111 58
125 66
138 72
154 80
171 91
189 105
193 107
195 99
208 95
218 101
224 115
236 125
248 126
3 123
257 126
259 134
255 138
251 136
246 130
240 123
232 121
220 119
208 113
189 105
183 95
169 87
156 82
142 80
126 72
113 62
101 54
85 48
74 44
60 39
52 31
42 27
37 23
29 21
25 17
23 17
23 15
25 15
27 15
33 17
42 23
48 29
58 33
70 37
83 42
95 48
109 56
125 64
138 72
154 80
167 85
181 93
195 99
207 105
218 113
228 117
236 121
244 125
250 130
253 132
255 132
257 132
255 132
251 134
251 140
238 134
220 111
212 93
210 95
201 105
185 107
169 95
156 78
144 70
130 70
115 72
99 66
85 50
72 37
62 33
50 33
41 29
33 21
29 15
27 13
23 17
23 17
25 17
29 15
35 17
41 25
48 31
58 35
70 37
82 42
95 48
109 56
125 66
138 72
152 76
167 83
181 91
195 99
207 107
218 111
228 117
238 121
244 126
250 128
253 130
255 130
255 130
253 130
251 130
246 130
240 126
232 123
220 117
210 111
199 107
185 101
171 95
156 85
142 78
130 74
119 72
103 66
80 50
62 31
54 19
52 21
44 25
35 25
29 17
25 11
25 11
25 17
25 23
29 23
33 21
41 21
48 25
58 33
68 39
80 41
95 44
109 52
123 62
138 72
154 78
167 83
181 89
195 99
208 107
218 115
226 117
238 121
244 125
250 130
253 132
255 134
255 125
253 130
251 130
175 128
240 126
224 123
222 117
210 111
197 107
185 99
171 93
158 85
142 78
126 70
109 62
99 56
87 50
74 42
62 35
52 31
42 27
37 25
31 21
27 19
25 17
25 17
27 19
33 27
37 33
33 21
37 5
54 9
72 27
85 48
93 56
107 52
125 54
142 66
156 85
167 95
179 95
195 95
207 99
218 111
226 121
236 125
244 125
250 125
253 128
255 132
255 136
255 134
251 130
246 126
240 125
230 123
220 119
208 111
197 105
185 99
171 93
156 85
140 76
126 70
113 62
99 56
83 48
72 41
64 37
52 33
42 29
35 23
31 21
27 19
23 17
23 15
25 15
27 17
33 19
39 23
48 25
60 31
70 37
82 44
95 50
109 56
125 64
140 74
156 83
173 95
179 99
183 91
197 87
216 95
230 113
236 123
242 125
250 123
255 126
259 134
257 140
253 138
250 132
248 126
240 125
230 125
218 119
208 111
197 101
185 95
171 91
158 87
142 80
128 70
115 62
99 56
85 50
74 44
62 39
50 33
42 27
35 23
31 21
25 17
23 15
23 15
25 15
27 17
33 19
41 23
48 27
58 31
68 37
82 42
95 50
109 56
123 64
138 70
152 76
166 83
181 91
195 101
207 107
218 115
228 119
236 123
244 126
251 130
253 132
255 132
255 132
257 136
257 144
244 134
226 111
222 95
222 101
214 113
199 113
183 99
171 83
160 78
144 82
128 80
113 70
99 56
87 46
74 41
60 41
52 35
42 27
35 19
29 17
25 17
23 17
23 15
25 15
29 15
33 21
41 25
48 29
58 33
70 37
82 41
95 50
109 56
123 62
138 68
152 76
166 83
181 93
195 101
207 107
218 111
228 117
238 123
244 126
250 128
253 130
257 130
257 132
255 132
251 130
246 128
240 125
232 123
222 117
210 111
199 107
185 101
173 93
156 85
144 80
134 80
119 74
91 58
74 37
68 27
64 29
54 31
41 29
35 21
31 15
29 15
25 21
23 23
25 21
29 17
33 17
39 21
48 27
58 33
68 35
82 39
95 44
109 54
123 64
138 70
152 76
169 83
181 93
195 101
207 107
218 111
228 117
236 121
244 125
250 126
253 128
255 130
255 132
253 132
251 132
246 130
240 125
230 121
222 117
210 113
199 107
185 99
171 91
158 83
142 78
128 72
115 64
99 56
87 48
74 42
62 37
52 33
44 29
37 23
31 19
25 17
25 17
25 19
31 27
31 27
25 13
29 0
44 5
62 25
72 42
82 46
93 44
109 44
126 58
142 78
154 89
166 91
179 89
195 93
207 105
216 117
226 119
236 117
244 119
250 125
253 132
255 134
255 132
255 128
251 128
248 128
240 130
232 125
222 117
210 109
197 105
185 101
171 95
158 85
142 76
126 68
113 62
101 56
87 50
74 42
62 37
54 31
44 29
35 23
31 21
27 19
25 17
23 15
25 15
29 19
33 21
41 23
46 27
58 31
70 37
83 44
95 50
109 58
125 64
142 76
160 91
162 89
169 82
185 82
205 91
218 107
228 117
234 119
244 121
251 125
255 132
255 138
255 138
255 132
250 128
246 126
238 126
230 123
220 115
210 107
199 103
185 99
171 93
158 85
144 78
128 70
115 64
99 58
85 50
74 44
62 37
52 31
42 25
37 23
31 19
25 17
23 15
23 15
25 17
29 17
33 19
39 21
48 25
60 31
70 39
82 42
95 48
109 56
123 62
136 70
152 78
166 85
181 91
193 99
207 105
218 111
220 117
236 121
244 125
0 130
253 134
255 134
259 138
261 146
248 134
234 113
224 101
232 107
226 119
212 119
197 107
185 91
175 85
162 89
144 89
126 78
115 62
93 50
85 48
74 46
60 41
52 31
42 21
37 19
29 19
27 21
25 17
23 15
25 13
27 17
33 21
33 25
48 27
56 29
70 35
82 44
95 50
107 56
123 62
138 70
152 78
166 85
179 91
193 97
207 105
218 111
228 117
236 123
246 125
250 128
253 130
253 130
255 132
255 132
251 130
246 126
240 125
232 123
222 119
210 113
199 107
187 101
173 95
160 89
150 89
130 80
105 60
89 41
82 33
76 35
64 37
52 33
42 23
37 17
33 19
29 23
25 25
23 19
25 13
27 13
33 19
39 25
46 27
56 29
70 33
80 41
93 48
109 58
123 64
138 68
152 76
166 83
181 93
193 101
207 105
216 109
228 115
236 123
244 126
248 128
253 128
255 130
255 132
253 132
251 130
246 130
240 126
232 123
222 117
210 113
199 107
185 101
171 93
158 85
144 78
128 72
113 64
101 54
87 48
74 44
62 39
52 33
44 27
37 23
31 21
27 19
25 17
29 27
27 27
17 9
21 0
37 1
52 21
60 39
68 41
80 37
95 41
111 54
125 70
136 80
152 80
166 80
179 85
193 99
205 109
216 113
226 113
236 115
244 123
250 128
253 132
255 130
255 128
255 130
251 134
246 132
240 126
232 119
222 117
210 113
199 107
185 99
171 91
158 83
142 78
128 62
115 64
93 56
87 48
70 42
62 37
52 33
44 29
35 23
29 19
25 15
25 15
23 17
25 17
27 17
35 19
33 23
48 27
58 33
70 37
82 42
95 50
109 58
126 70
142 82
146 80
154 72
173 72
195 85
207 103
216 113
226 113
236 115
246 121
251 132
253 136
255 136
255 134
255 130
251 130
246 128
238 126
230 121
220 115
208 107
199 105
185 101
171 93
158 85
142 76
128 70
115 64
101 58
87 52
74 44
62 37
52 31
42 27
35 23
31 21
25 19
23 15
23 15
25 15
29 17
33 21
39 23
48 27
58 31
70 39
80 42
93 50
109 56
123 62
136 70
152 76
166 85
179 93
193 99
205 105
216 111
228 117
238 123
244 128
250 130
253 130
257 138
259 146
248 132
240 113
240 105
242 115
234 125
220 123
210 109
199 97
189 95
173 99
158 95
125 83
128 68
115 58
99 56
85 52
72 44
62 35
52 27
44 23
35 23
31 23
25 19
23 15
25 13
25 15
27 17
33 21
39 21
46 25
56 29
68 37
82 42
93 48
107 54
123 60
138 70
152 78
166 85
179 91
193 95
208 105
218 113
228 119
236 121
244 125
250 128
253 130
255 132
255 132
255 130
251 130
246 128
240 126
232 123
222 117
210 113
199 107
187 103
175 99
166 99
142 85
119 64
105 46
97 41
87 42
74 42
62 39
52 29
44 23
39 23
33 25
27 25
25 21
23 15
25 13
27 17
31 21
39 23
46 23
56 27
68 35
82 42
93 48
107 54
123 62
138 68
152 76
166 83
179 91
193 97
207 105
216 111
226 117
236 121
244 125
250 126
253 130
255 132
255 134
255 132
251 130
246 128
240 126
232 123
222 117
212 111
199 105
187 99
173 93
158 87
144 80
130 72
115 64
101 56
87 50
76 46
62 41
52 33
44 29
39 25
31 23
27 23
29 29
23 23
15 5
17 0
31 1
42 19
50 33
56 33
1 29
82 35
97 48
109 66
115 72
9 70
150 72
166 80
179 95
187 103
189 107
216 107
226 111
234 119
244 126
0 130
253 130
255 130
255 130
255 125
251 134
242 130
240 125
224 121
222 117
212 113
199 107
185 99
173 91
158 83
144 76
128 70
117 64
103 58
87 50
74 44
62 37
54 33
44 29
35 23
29 21
25 17
25 15
23 17
25 17
27 17
33 19
33 23
48 27
56 31
70 37
82 44
95 52
113 64
125 74
130 68
142 64
160 68
179 82
193 97
205 105
214 107
228 111
238 119
246 128
251 134
251 134
255 130
255 130
253 132
251 132
246 128
238 123
232 119
222 115
203 111
199 107
187 99
173 89
158 82
144 78
130 74
115 66
93 58
85 48
70 41
62 37
52 33
42 29
37 23
31 19
27 17
23 17
23 15
25 15
29 17
33 19
39 21
46 25
58 31
68 37
82 42
93 46
107 54
123 64
136 70
150 78
166 83
179 91
193 99
205 107
216 111
228 117
236 121
244 126
250 128
257 138
259 146
248 130
244 111
248 109
250 121
242 130
230 125
220 111
214 105
203 105
187 107
173 101
160 91
144 76
128 68
113 64
99 60
87 52
74 41
62 33
52 29
42 27
37 25
31 21
27 17
23 15
23 15
23 17
29 19
33 19
39 21
48 25
58 33
68 37
82 42
93 48
107 54
121 62
136 70
150 76
166 83
179 91
193 97
207 105
216 113
228 119
234 121
244 125
250 128
253 130
255 132
255 132
255 130
251 130
246 128
240 125
232 123
224 119
212 115
201 109
189 105
179 103
156 91
132 70
121 54
113 50
103 52
87 50
72 42
62 33
54 27
46 29
39 31
31 27
25 19
25 15
23 15
23 15
25 15
33 19
39 21
46 23
56 27
68 35
82 42
93 48
107 54
123 62
136 70
152 78
164 83
179 91
193 97
205 103
216 111
226 117
236 121
244 125
0 128
253 130
255 125
255 130
255 130
251 132
242 128
240 126
224 123
222 117
210 111
199 107
187 101
173 93
158 85
144 78
128 70
115 64
95 56
87 50
76 44
64 39
54 33
44 29
37 25
33 27
33 33
21 21
11 0
15 0
29 1
37 21
41 31
44 27
56 23
72 29
83 44
95 58
107 62
123 62
136 64
150 74
164 85
179 95
191 97
205 99
216 105
226 115
236 123
244 126
248 126
253 128
255 130
255 132
255 132
253 130
248 128
240 125
232 121
222 117
212 113
199 107
185 99
171 91
160 83
144 78
128 72
115 64
101 56
87 48
74 44
64 37
52 33
42 27
37 23
31 21
25 17
23 15
23 13
25 15
29 17
33 19
41 23
48 27
58 31
68 37
82 44
101 58
109 64
113 58
125 52
148 60
167 78
179 91
191 99
205 101
218 105
230 115
238 125
244 132
250 132
253 128
253 128
255 132
255 134
250 132
246 126
240 121
232 119
222 119
210 113
199 105
187 99
173 91
160 87
142 80
130 72
117 64
101 54
87 50
74 44
62 39
52 31
42 27
37 21
31 19
25 17
23 15
25 15
25 15
27 17
33 19
39 23
46 25
58 31
68 37
80 42
93 48
107 52
123 62
136 70
150 78
166 83
179 91
193 99
205 107
216 111
228 117
236 121
244 128
253 140
251 140
246 125
246 111
253 115
253 126
248 134
240 128
232 117
224 109
214 111
201 115
187 109
171 93
160 82
144 76
128 74
115 68
99 56
85 46
76 39
64 37
52 35
42 29
37 21
31 17
25 15
25 17
25 19
25 17
27 15
31 17
39 21
46 27
56 33
68 37
80 41
93 48
107 54
121 64
136 70
150 76
166 83
179 91
193 99
205 105
216 111
226 117
234 121
242 125
248 126
255 130
257 134
255 132
253 132
253 130
248 130
242 128
232 123
222 119
212 115
205 113
191 111
169 95
148 74
136 60
130 58
117 60
101 58
87 48
76 39
66 33
56 35
44 35
37 29
31 19
27 17
23 15
23 17
23 17
27 17
33 15
39 19
46 25
56 31
68 35
80 39
95 46
107 56
121 64
136 70
150 74
166 82
179 91
191 99
205 105
216 111
226 115
236 119
244 125
250 128
253 130
255 130
255 130
255 132
253 132
246 130
240 125
232 121
224 119
212 113
199 107
187 99
173 93
160 85
144 78
130 72
117 64
101 58
87 50
76 44
64 39
54 35
44 31
41 31
37 35
21 21
11 0
15 0
25 1
31 19
33 25
37 21
46 17
60 25
72 41
78 52
91 54
107 52
121 56
9 62
148 78
130 78
177 91
193 95
205 101
214 111
226 117
236 123
244 125
248 126
251 130
255 132
255 134
253 132
251 130
248 126
240 126
230 123
222 117
212 113
201 107
187 101
173 93
156 80
144 78
130 64
117 64
103 58
87 50
76 44
64 37
46 31
44 27
37 25
31 21
17 17
23 15
25 15
25 17
27 17
33 19
33 23
48 27
58 33
70 41
87 52
93 56
93 48
111 46
125 50
152 68
166 85
177 91
189 91
207 97
220 111
228 123
236 128
242 126
250 126
253 128
255 132
253 134
253 132
251 128
246 125
240 125
232 123
222 119
212 113
201 105
187 99
173 95
160 87
144 80
130 70
117 64
101 58
87 50
76 44
64 37
52 31
44 27
37 23
31 19
25 17
23 15
23 15
25 15
27 15
33 17
41 21
46 27
56 31
68 37
80 42
93 48
107 54
121 60
136 68
152 78
164 85
177 91
193 99
205 105
216 113
226 117
236 125
250 136
248 136
242 121
246 109
255 115
257 130
251 138
244 130
240 119
234 115
226 119
214 123
201 115
187 101
173 87
160 82
144 82
130 76
115 64
101 52
87 46
76 42
64 41
52 35
44 27
37 21
31 21
25 21
23 17
23 15
25 13
27 15
31 19
37 23
46 27
56 31
68 35
80 41
91 46
107 54
123 62
134 70
150 76
164 82
179 89
193 99
205 105
216 111
226 115
236 119
244 125
250 126
253 130
255 130
255 132
253 132
253 132
248 130
242 126
232 123
224 121
216 121
205 117
179 99
164 80
154 68
146 68
125 70
95 64
99 54
89 44
78 41
62 41
52 31
44 33
37 23
31 17
27 17
23 17
23 15
23 13
27 11
31 15
31 21
48 27
56 31
66 35
80 39
93 46
107 56
121 64
134 68
150 74
166 82
177 91
191 99
205 103
216 109
226 115
234 119
242 125
0 128
253 130
255 130
255 132
255 132
251 132
248 128
240 125
232 121
224 117
212 113
201 107
189 101
175 95
160 87
144 80
130 72
117 66
103 60
87 52
76 44
64 39
54 33
50 39
41 37
23 17
13 0
17 0
25 7
27 21
27 23
31 17
39 13
48 21
58 35
68 44
80 46
91 46
105 48
121 60
134 72
150 80
164 82
177 85
191 93
205 105
216 113
226 117
236 119
244 123
248 128
251 130
253 130
255 132
255 132
251 132
246 128
240 126
234 123
222 117
212 111
201 107
187 101
173 91
160 83
146 78
125 74
117 66
101 58
87 50
76 44
64 39
52 33
44 27
37 23
31 19
25 17
23 17
23 15
25 15
27 15
33 19
39 23
48 29
60 37
74 46
78 48
82 41
97 39
119 46
136 62
150 74
162 83
177 87
193 93
207 105
218 117
226 123
234 123
242 123
250 126
251 130
253 134
255 132
255 130
251 128
246 126
240 126
232 123
224 117
212 111
201 105
187 101
173 93
160 87
146 78
130 72
115 64
103 58
89 50
76 42
64 37
54 33
44 27
37 25
29 19
25 15
25 15
23 15
25 17
27 17
33 19
39 21
46 25
56 31
66 35
80 41
93 46
107 54
119 62
134 70
150 76
164 83
179 91
193 99
205 105
216 111
228 121
240 132
240 130
236 113
244 105
255 115
251 132
255 140
250 132
246 121
244 119
236 126
224 128
210 121
199 105
187 95
173 91
158 89
144 83
130 70
117 58
101 52
87 50
76 44
64 39
54 29
44 25
37 21
31 21
27 19
25 17
23 15
25 13
27 17
33 19
39 23
46 25
56 29
68 35
80 41
91 48
105 54
121 62
134 68
148 78
164 83
177 91
191 99
203 105
214 111
226 117
234 121
242 125
248 126
253 130
255 134
255 134
255 134
251 132
248 130
242 128
234 125
230 126
216 123
193 105
177 87
169 76
162 76
146 78
130 74
115 62
103 52
91 48
80 48
64 44
52 37
44 25
39 21
33 21
25 21
21 15
23 13
25 11
27 15
31 19
39 23
46 25
56 29
68 35
80 41
91 48
107 56
121 60
134 68
150 76
164 83
177 91
191 95
205 103
216 109
226 117
234 119
244 125
250 128
251 130
255 130
255 132
255 132
251 130
246 128
240 126
232 121
224 117
212 113
201 107
187 101
173 93
160 87
146 80
130 72
117 64
103 58
89 52
76 44
64 39
60 42
48 41
29 19
19 0
23 0
27 9
25 21
23 21
25 11
33 7
42 19
48 33
56 41
66 39
80 37
91 42
105 54
119 66
134 72
148 72
164 76
177 87
191 97
203 105
216 111
226 113
236 119
244 125
250 130
251 132
255 130
255 130
255 132
251 132
246 128
240 126
232 121
222 117
212 113
201 107
189 101
175 95
160 85
144 78
130 72
117 64
101 56
87 48
78 44
66 39
54 33
44 27
37 23
31 21
27 19
23 17
23 15
25 15
27 17
33 19
41 25
50 31
62 41
64 39
68 33
83 31
105 41
123 58
134 70
146 74
164 78
179 85
193 99
205 109
216 115
226 117
236 119
242 123
248 128
251 130
253 132
255 128
253 126
251 128
250 130
242 128
232 123
222 115
212 113
201 109
187 103
173 93
160 83
146 78
130 74
117 66
101 58
89 50
78 44
64 39
52 33
44 29
37 23
31 19
27 17
23 17
25 17
25 15
27 15
33 17
39 21
46 27
56 33
66 35
80 41
93 48
105 56
119 62
134 68
150 74
166 83
179 93
191 99
205 107
220 117
232 130
228 123
230 107
242 103
253 117
257 132
253 136
253 130
253 125
250 125
242 130
234 130
222 125
212 111
201 103
187 99
173 95
158 89
146 78
130 68
117 60
103 56
89 52
76 46
64 37
54 31
44 29
37 25
31 21
25 17
23 13
23 13
25 15
27 17
33 19
39 21
46 23
56 29
68 37
80 42
91 46
103 50
121 58
136 70
150 78
164 83
177 89
193 97
205 105
214 111
226 115
236 119
244 125
250 126
253 130
255 130
257 132
255 132
251 132
248 130
244 130
240 134
224 126
203 107
191 89
185 85
175 85
162 85
144 80
130 70
119 60
105 58
91 56
76 50
64 42
52 33
44 25
37 23
31 23
25 19
21 15
23 11
23 13
27 17
31 21
39 21
46 25
56 31
66 35
78 41
93 48
107 54
121 62
134 68
150 76
164 82
177 91
191 97
203 103
216 109
226 117
234 121
242 123
248 126
253 130
255 132
255 134
253 132
251 130
248 128
240 126
232 123
224 119
212 111
201 107
189 101
173 95
162 87
146 80
132 74
117 66
103 60
89 52
78 48
70 50
54 41
35 19
27 1
29 1
29 13
25 23
23 19
23 11
27 9
35 17
41 31
46 35
54 33
66 31
80 37
91 48
105 58
119 64
134 64
150 70
164 82
177 91
191 99
205 103
216 107
224 115
234 121
242 126
250 128
251 128
255 130
255 132
255 132
251 132
246 128
240 125
224 119
224 119
214 115
201 109
187 101
175 93
162 87
146 80
130 74
117 64
103 58
89 50
76 44
66 39
54 33
44 29
37 25
33 21
27 19
25 17
23 17
25 17
29 19
33 23
42 29
50 35
50 31
56 25
72 23
91 35
107 50
119 62
132 66
148 70
166 80
179 93
193 105
203 109
214 111
226 113
236 119
242 125
248 128
251 128
255 126
255 128
255 130
251 130
248 128
242 125
232 121
224 119
214 115
203 109
189 101
175 93
160 85
146 80
132 74
117 66
103 58
89 50
78 44
64 41
54 33
44 27
39 23
31 21
27 19
23 17
23 15
25 17
27 17
33 19
39 23
46 27
56 31
66 37
78 41
93 48
105 56
121 62
134 68
150 76
164 83
177 91
191 99
208 111
220 123
218 115
222 103
236 103
251 119
255 136
253 138
253 128
255 123
253 126
250 136
242 138
232 128
222 115
214 109
201 109
187 105
173 97
160 83
146 74
132 68
117 66
103 60
89 52
76 42
64 35
54 33
46 31
37 25
31 19
27 13
25 15
23 17
23 17
27 15
31 15
39 19
46 25
56 31
66 37
78 41
91 44
107 54
121 62
134 70
148 76
162 82
177 89
191 97
205 107
214 111
224 115
234 119
244 125
248 128
251 130
255 130
257 134
255 134
253 134
250 134
250 138
232 128
212 113
205 95
201 91
191 95
175 95
158 85
146 74
134 68
121 66
103 64
89 58
78 46
66 39
54 31
42 27
37 25
31 21
25 15
23 13
23 13
25 15
27 17
31 19
39 21
46 23
56 31
66 37
78 42
91 48
105 54
121 60
134 68
146 76
162 83
177 89
189 95
203 103
214 109
224 115
236 121
244 126
248 128
251 132
255 132
255 134
253 132
251 130
248 130
242 128
234 123
224 119
214 113
203 109
189 103
175 95
162 85
148 80
132 74
119 66
105 60
91 56
83 58
64 44
42 19
37 3
31 9
31 23
27 25
23 17
23 7
27 9
29 19
33 29
37 29
44 27
54 25
0 33
78 42
89 52
105 54
119 56
9 62
148 74
164 85
173 93
191 97
189 101
214 109
224 115
234 121
242 125
248 126
251 128
255 130
255 132
255 132
253 132
248 128
240 125
234 123
224 119
212 115
201 107
189 101
175 93
162 87
146 82
132 74
119 66
105 58
89 52
76 44
64 39
54 33
46 29
37 25
31 21
27 17
25 17
25 17
25 19
29 21
37 29
41 31
39 23
44 15
62 19
80 31
93 46
103 54
119 56
134 62
150 74
166 87
177 97
189 101
205 103
214 109
224 117
234 123
242 125
248 126
251 126
255 130
255 132
255 134
251 130
248 126
242 125
234 125
224 121
212 113
201 107
189 99
175 93
160 85
146 78
132 72
117 66
103 58
87 48
78 44
66 41
54 33
44 29
39 23
33 21
27 19
23 17
23 15
25 15
27 17
31 17
37 21
46 27
56 31
66 37
78 41
91 48
105 54
119 62
134 68
148 76
164 83
177 91
197 107
205 117
207 105
214 93
232 99
244 119
250 132
251 132
253 126
257 125
257 130
253 138
248 138
242 130
234 119
224 113
212 113
201 111
187 101
173 89
160 82
146 78
130 74
117 66
105 58
89 50
78 44
64 41
54 35
46 29
39 23
31 19
25 17
25 15
23 15
25 15
27 15
31 17
39 21
46 27
54 31
66 35
78 41
91 46
105 54
119 62
132 68
150 76
164 83
177 91
191 97
203 105
214 111
224 115
234 119
244 125
248 128
251 132
255 132
255 134
257 134
257 138
253 140
236 130
222 113
216 101
212 101
203 103
189 103
173 93
162 82
148 76
134 76
119 74
103 66
89 52
76 42
66 37
54 35
42 29
37 23
31 17
27 15
23 17
23 17
23 15
27 17
33 19
37 23
44 27
54 31
68 35
78 41
91 46
105 54
119 60
134 68
148 74
162 82
177 89
189 97
203 105
214 109
224 113
234 119
244 125
248 128
251 130
255 132
257 132
255 132
251 132
248 130
242 126
234 123
224 117
214 113
203 107
189 101
177 95
162 87
148 82
132 76
119 68
107 66
95 64
72 48
54 23
46 9
44 13
41 27
31 29
25 19
23 7
25 9
29 21
27 27
31 27
37 19
46 19
56 27
66 39
76 44
89 46
105 48
119 56
132 68
148 78
162 85
177 89
191 93
203 101
214 111
226 119
234 121
242 123
248 125
253 130
255 134
255 132
255 132
253 130
248 128
240 125
234 123
226 119
214 113
201 107
189 101
177 95
162 87
146 82
132 74
117 64
105 56
91 52
78 46
64 39
54 33
46 27
37 23
31 21
27 19
25 17
25 17
27 19
33 27
33 27
27 15
35 7
52 13
68 29
80 41
89 46
103 48
121 56
136 68
150 82
162 89
175 91
191 95
203 101
214 111
224 117
232 119
242 121
248 125
251 128
253 132
255 132
255 132
251 128
248 126
244 128
234 125
224 121
214 113
203 107
189 103
175 95
160 87
146 80
132 72
119 64
103 60
89 52
78 44
68 39
56 35
44 29
37 25
33 23
27 19
25 17
21 15
23 15
27 15
31 19
39 23
46 27
54 31
66 35
78 41
91 48
105 54
119 62
134 70
148 78
162 85
181 101
191 107
191 95
203 85
224 97
238 117
244 132
246 128
251 123
257 125
257 132
255 140
251 138
248 130
242 123
234 123
224 121
212 117
201 107
189 97
175 89
162 85
146 80
132 74
119 64
105 56
91 50
78 46
66 42
54 35
44 27
39 23
31 21
27 19
23 17
23 13
25 13
27 17
31 19
39 21
46 25
54 29
66 35
78 42
91 48
105 54
119 60
132 68
148 76
162 82
175 89
189 97
203 103
214 111
224 117
234 121
242 125
250 128
251 132
255 132
255 134
261 140
257 144
242 132
230 113
228 103
226 107
214 111
201 109
187 97
177 87
166 83
150 83
132 80
119 70
105 58
91 50
76 44
64 41
54 35
44 27
37 21
31 17
27 15
25 15
23 15
25 15
27 15
33 19
39 23
44 27
54 31
66 35
78 41
89 46
103 54
119 60
134 68
148 76
162 83
175 89
189 97
203 103
214 111
224 115
234 119
242 123
248 126
251 130
255 132
255 134
255 134
251 132
248 128
242 126
234 125
224 119
214 113
203 107
191 103
177 97
162 89
148 82
134 74
125 74
109 72
83 50
66 25
60 15
58 25
48 33
37 29
29 17
29 9
27 13
27 25
23 27
27 23
31 15
37 15
44 25
54 33
64 37
76 37
89 41
105 48
119 60
132 70
148 76
162 80
175 87
189 97
203 107
214 111
224 115
234 117
242 123
248 126
253 130
255 132
257 132
253 132
251 130
250 130
242 126
234 123
224 115
214 115
203 109
189 103
175 93
162 87
148 82
132 76
119 68
105 60
91 52
78 44
66 39
54 33
46 29
41 27
33 23
27 19
25 17
27 21
33 29
25 25
21 11
29 3
44 9
56 25
62 35
76 41
89 42
105 48
121 62
134 76
148 83
162 85
177 87
191 95
203 105
214 113
222 115
232 117
242 119
248 126
251 132
253 132
255 130
255 130
253 130
248 130
242 128
234 125
226 119
214 113
203 107
189 103
177 97
162 87
148 80
130 70
119 64
107 58
91 52
78 44
66 39
56 33
46 29
37 25
33 21
27 19
25 17
23 15
23 15
27 15
31 19
37 21
44 25
54 29
66 37
78 42
89 48
105 54
119 62
134 70
148 80
167 95
175 97
179 85
193 82
212 93
228 115
234 126
240 126
248 121
253 123
257 132
257 142
253 140
251 130
248 125
242 125
234 125
224 123
212 113
203 103
191 97
175 95
162 91
146 82
134 70
119 64
105 58
89 54
78 46
66 39
54 31
44 27
37 25
31 21
27 17
23 15
25 13
25 15
27 17
31 19
37 21
46 25
56 31
66 37
76 41
89 46
103 54
119 60
130 68
146 74
162 83
175 91
189 97
201 103
214 111
224 117
234 121
242 125
248 130
253 132
257 136
261 142
257 144
246 130
236 117
236 109
234 113
226 117
214 115
201 105
191 95
179 91
164 91
146 87
132 78
119 66
105 58
91 52
76 46
64 41
54 33
46 25
37 21
31 19
27 17
25 15
23 15
23 15
27 17
31 19
37 21
44 25
52 27
66 35
78 42
89 48
103 54
117 58
132 66
148 76
162 85
175 91
189 95
203 101
214 109
224 117
232 121
242 125
248 126
251 130
253 132
257 132
255 132
253 132
248 130
242 126
234 125
224 121
214 115
203 109
191 103
177 97
164 89
148 83
138 85
121 80
95 54
80 31
74 23
70 33
60 41
46 35
37 19
33 11
31 17
25 25
23 27
23 21
27 13
31 13
37 21
44 29
54 31
66 31
76 35
87 42
105 52
119 64
132 70
148 74
162 80
177 89
189 99
203 105
212 109
224 113
234 119
242 125
248 128
251 128
255 130
255 130
255 132
251 132
248 130
242 125
236 123
224 121
214 115
203 109
189 101
177 95
164 89
148 82
134 74
119 66
105 58
91 52
78 46
66 41
54 35
46 29
39 25
33 23
29 21
27 23
29 27
21 21
15 9
21 1
35 7
46 21
54 31
62 33
76 33
91 41
107 54
119 68
132 74
146 78
162 80
175 87
189 97
201 105
212 111
224 111
234 115
242 123
248 130
251 132
255 130
255 130
255 132
253 132
248 130
242 126
234 121
224 117
214 113
203 111
189 103
177 95
164 87
148 80
132 74
119 66
105 58
91 50
78 42
66 39
56 35
46 31
39 25
31 21
27 17
25 17
23 17
23 17
27 15
33 17
39 21
44 25
54 29
66 35
78 42
89 48
103 56
117 62
136 76
154 89
156 85
164 72
181 72
203 89
216 111
224 121
232 117
242 117
250 123
255 134
255 142
255 138
255 130
251 125
248 128
242 130
234 126
224 117
214 109
203 103
191 103
177 99
162 89
148 78
132 70
119 66
107 64
91 54
78 46
66 39
56 33
44 29
39 25
33 21
27 17
23 15
23 13
25 15
27 19
31 21
37 23
46 25
56 29
66 37
76 41
89 46
103 52
119 60
132 68
146 76
162 82
175 89
189 97
203 103
214 109
224 115
234 121
242 125
248 128
253 132
261 140
257 140
248 128
242 117
246 115
244 121
236 123
224 119
214 111
205 103
193 101
177 99
164 95
148 83
134 74
119 64
103 58
91 52
78 46
66 39
54 31
46 27
39 25
31 21
27 15
25 15
25 15
25 17
27 17
31 19
37 21
44 25
54 29
64 35
76 41
89 46
103 52
119 60
132 68
148 76
162 82
175 89
189 95
203 103
214 109
224 115
232 121
242 123
248 126
251 128
255 132
255 134
255 134
253 132
248 130
242 128
234 125
226 119
214 115
203 109
191 103
177 97
164 91
154 93
134 83
109 58
95 37
89 35
82 42
68 44
54 37
44 23
39 15
35 19
31 27
25 29
21 19
