400000 10000000 83886 25
93 52
68 44
31 33
31 21
21 13
21 11
27 15
9 25
60 33
85 42
113 54
142 70
171 85
199 101
224 113
242 121
253 126
257 132
255 134
248 130
230 123
207 109
183 99
154 87
123 74
93 56
68 41
46 31
31 23
21 15
19 11
27 15
41 21
60 31
83 42
113 56
144 70
173 85
201 99
224 115
246 126
263 144
255 138
244 125
240 113
230 109
210 109
181 101
152 85
123 66
97 52
70 44
46 37
31 27
23 17
21 13
25 13
39 23
58 31
83 41
113 52
142 68
171 85
199 101
224 113
242 123
253 130
259 134
257 134
246 130
230 123
208 113
181 97
154 85
125 72
95 58
68 44
44 31
31 21
23 17
21 15
25 17
41 21
60 29
85 41
113 56
142 70
171 83
199 99
222 111
242 125
255 130
259 134
257 134
248 130
230 125
208 113
183 101
154 87
123 70
93 56
70 44
48 35
33 29
29 29
19 19
15 1
31 0
58 13
87 41
115 64
142 72
171 78
201 91
226 115
244 134
253 138
257 132
255 128
248 126
230 126
207 117
181 99
152 80
123 64
93 54
68 44
48 35
33 23
23 13
19 13
27 17
41 25
60 31
83 41
111 52
142 68
171 85
199 101
222 111
242 121
255 128
259 134
255 134
246 130
232 123
210 113
181 101
152 85
125 72
95 58
68 44
46 31
31 23
23 17
21 15
25 15
39 21
60 29
83 41
113 56
142 72
171 85
201 101
224 115
238 130
7 138
251 132
246 123
242 115
230 115
210 111
181 101
152 83
123 66
97 52
62 46
48 39
31 27
21 15
21 11
27 15
39 23
58 31
83 31
111 50
142 66
171 82
191 99
224 113
234 123
253 128
251 132
257 136
248 132
230 125
208 111
183 99
154 85
123 72
95 58
68 41
46 29
29 19
23 17
21 15
27 17
39 21
60 31
83 42
113 54
142 70
171 83
199 97
222 111
242 121
255 130
251 134
255 132
246 128
232 123
210 115
183 105
154 87
125 72
95 58
70 44
46 35
33 29
27 29
13 13
13 0
33 0
62 19
87 46
113 62
138 68
171 76
203 95
226 119
242 134
250 134
257 128
257 128
248 130
228 126
207 115
181 97
154 82
123 70
93 58
68 44
46 31
31 19
21 13
21 15
27 17
41 23
58 29
83 39
113 54
142 70
171 87
199 99
224 111
242 121
253 130
257 134
255 134
246 128
232 123
210 113
183 101
154 87
125 72
95 56
68 42
46 33
31 23
21 17
19 13
27 15
39 21
58 29
85 42
113 56
142 70
171 85
199 99
226 115
250 134
255 138
248 128
246 117
246 113
232 117
208 115
171 101
152 80
126 66
99 56
70 48
46 37
31 25
23 15
21 11
25 13
41 23
60 33
83 41
111 50
140 66
171 83
199 101
222 113
240 119
253 126
259 134
257 136
246 132
230 123
208 113
183 101
154 87
123 72
95 56
70 42
46 31
29 21
21 15
21 13
27 17
39 21
58 29
83 41
113 56
142 72
171 85
199 99
222 111
242 121
253 130
259 134
257 134
248 130
232 123
208 113
183 101
154 87
123 72
95 56
70 44
48 35
37 35
23 29
9 5
15 0
37 0
62 25
85 46
111 58
140 64
171 76
201 97
224 119
242 132
253 134
257 130
257 128
248 132
232 128
208 115
181 95
154 80
125 70
95 58
68 46
46 31
33 17
23 15
19 15
25 17
39 21
58 27
83 39
111 54
140 70
169 85
199 97
222 111
240 121
253 130
259 134
255 134
246 130
230 123
208 113
183 101
154 85
125 70
95 56
70 42
48 33
31 23
23 17
21 15
27 15
39 21
58 29
85 42
113 56
140 70
169 85
201 101
226 119
250 136
250 134
248 123
250 117
248 117
232 119
208 115
181 99
154 80
126 66
97 58
70 50
48 39
31 23
23 13
21 13
25 17
39 23
58 29
83 37
111 50
140 68
169 85
199 99
222 111
242 121
253 128
259 132
257 136
250 132
232 125
208 113
181 99
156 85
125 74
95 58
68 42
48 29
33 21
23 15
19 15
25 15
39 19
58 27
83 41
111 54
140 70
171 83
191 99
222 111
240 123
3 130
251 134
251 132
248 128
232 123
210 113
183 103
156 87
126 74
97 58
70 46
50 37
37 35
19 23
9 1
15 0
39 5
62 29
83 46
109 54
140 62
173 78
201 101
222 121
240 130
253 130
259 128
257 130
246 132
230 126
208 111
183 95
154 80
125 70
95 58
70 44
48 31
31 19
23 15
21 17
25 19
39 21
58 27
82 39
111 54
140 70
169 85
197 97
222 109
242 121
253 130
259 134
255 132
248 130
232 125
208 115
175 101
154 85
125 72
93 56
70 44
33 33
31 23
23 17
21 13
27 15
41 21
58 31
21 42
111 54
142 70
171 85
199 101
226 119
246 132
248 132
248 121
0 117
248 119
232 121
208 115
175 99
154 82
126 68
99 60
70 50
46 37
31 21
15 13
21 13
25 17
37 21
58 29
83 37
111 52
140 68
169 83
199 99
222 111
240 121
251 128
259 134
257 136
248 132
232 123
208 113
183 101
154 87
123 72
95 56
70 42
46 33
31 21
23 15
21 13
27 15
39 21
58 29
82 41
111 56
142 70
169 83
197 97
222 111
242 121
253 130
259 134
255 134
248 130
232 125
210 117
183 103
154 89
125 74
97 58
70 44
52 41
37 37
17 17
7 0
19 0
41 7
62 33
82 48
109 52
140 60
173 78
201 103
222 119
242 126
255 128
259 130
255 134
248 134
230 126
208 113
183 97
154 83
126 72
93 58
70 44
48 29
33 21
15 17
21 17
17 17
39 21
56 27
21 31
111 54
140 70
169 83
199 97
222 111
240 123
253 130
259 134
257 134
248 130
230 123
210 113
185 103
156 87
125 72
97 56
70 44
48 33
33 23
21 15
19 11
27 15
41 21
58 29
82 41
111 54
142 70
169 85
201 103
230 121
242 130
244 125
248 117
253 117
250 123
232 123
207 113
183 95
158 82
128 74
97 64
70 52
48 35
31 21
23 15
21 17
25 19
39 21
56 27
19 37
111 52
15 62
138 85
197 99
220 109
240 119
3 128
251 136
257 136
248 130
232 123
208 113
177 103
156 89
125 74
97 56
70 42
48 31
33 23
23 17
19 13
25 13
41 19
60 31
83 42
111 54
140 68
169 83
197 99
220 113
240 121
253 128
259 134
257 132
248 132
232 126
210 117
185 103
156 89
125 72
97 58
72 46
52 42
35 35
13 11
9 0
21 0
41 13
60 35
82 44
109 50
140 62
171 82
193 105
222 121
240 126
1 126
250 128
257 134
185 134
230 125
193 109
183 93
154 83
125 72
97 60
72 44
48 29
31 19
23 17
21 17
27 17
39 21
58 27
82 39
111 54
140 70
167 83
197 95
222 109
240 123
253 130
257 134
257 132
248 130
232 125
210 115
183 101
154 85
126 72
97 58
70 44
48 31
33 23
23 17
21 15
25 15
39 21
58 29
83 41
109 54
140 70
171 85
201 103
228 121
238 126
244 121
251 119
255 121
250 125
232 123
210 113
185 97
158 83
128 74
97 64
70 50
48 33
31 21
23 13
21 15
23 17
37 19
56 27
82 37
109 50
138 66
169 82
199 99
220 111
240 121
253 130
259 134
257 136
248 132
232 123
210 113
185 101
156 87
125 72
97 56
70 42
48 31
33 21
23 15
21 13
25 13
39 17
58 27
82 39
111 54
140 70
169 83
197 97
220 111
242 121
253 128
257 132
257 132
250 130
232 125
210 115
185 101
156 87
126 72
97 58
72 48
54 46
33 33
13 7
9 0
23 0
41 17
60 35
17 35
109 48
15 60
171 83
191 107
220 119
236 125
3 125
250 130
255 126
246 134
232 125
210 111
185 97
156 85
126 74
97 60
72 44
48 31
33 21
15 17
15 15
17 15
39 17
58 29
82 33
109 54
13 70
169 82
197 97
220 109
240 121
253 130
259 134
257 132
248 130
232 125
210 115
185 103
156 87
126 72
97 58
72 44
48 33
33 23
23 15
19 13
25 13
41 21
58 31
82 42
109 54
140 70
171 85
201 105
226 123
236 125
240 117
251 115
257 121
250 128
232 126
208 111
185 95
158 83
128 76
97 66
70 48
48 31
33 21
21 17
17 15
23 17
39 21
56 27
80 37
109 52
140 70
169 83
197 97
220 109
242 121
253 130
259 134
257 134
248 130
232 123
210 115
185 103
156 87
126 72
97 56
70 41
50 33
33 23
23 17
21 13
27 15
39 21
58 29
82 41
109 52
140 68
169 83
197 99
220 111
240 121
253 128
259 134
257 134
248 130
232 123
212 115
185 103
158 89
126 74
99 60
74 48
56 46
29 27
9 0
13 0
27 1
41 21
58 35
80 39
109 44
142 62
171 87
197 109
220 119
240 121
253 125
257 130
255 136
246 132
232 123
210 109
185 97
156 87
126 76
97 58
70 42
48 29
33 23
23 19
19 15
25 15
39 19
56 27
82 41
109 54
138 68
169 82
197 97
220 109
240 121
251 128
259 134
257 134
250 132
234 125
212 115
185 103
156 87
126 72
97 56
70 44
48 33
33 23
23 17
21 15
25 15
39 21
58 29
82 33
111 54
140 70
138 85
203 105
224 121
232 121
242 115
253 117
257 125
250 128
230 123
208 111
187 97
160 87
128 78
97 66
72 48
48 31
31 19
23 17
19 17
23 17
37 17
56 25
82 37
109 54
138 70
167 83
197 95
220 109
240 123
251 130
257 134
255 132
250 130
234 123
210 115
185 103
158 87
126 72
97 56
72 44
48 33
33 23
23 17
19 13
25 15
39 21
56 31
80 39
109 52
140 68
169 83
195 99
220 109
240 121
253 130
259 134
257 134
250 132
234 125
212 115
185 103
156 87
128 74
99 60
72 50
52 44
27 21
11 0
15 0
25 3
41 23
56 35
80 37
109 44
142 64
171 89
197 109
220 117
238 119
253 123
259 132
255 136
246 130
234 121
212 109
185 99
156 89
126 74
99 58
72 42
50 31
33 21
23 17
21 15
25 15
37 17
56 27
82 41
109 56
138 68
167 82
197 95
220 111
240 123
251 130
257 130
257 130
250 130
232 126
210 115
185 101
158 87
126 74
97 60
72 46
50 33
33 21
23 17
21 15
27 17
39 23
56 29
80 39
109 54
140 70
171 89
203 109
220 119
230 115
244 113
255 117
257 126
250 130
232 125
210 109
187 95
162 87
128 82
99 66
72 48
50 31
33 21
23 17
19 17
23 15
37 17
56 23
80 37
107 52
138 68
169 83
197 97
220 111
238 123
253 130
259 134
257 134
248 130
234 123
212 113
185 101
158 89
128 74
99 58
72 44
50 31
33 23
23 17
19 15
23 15
37 19
56 29
82 41
109 54
138 68
167 83
197 97
220 111
240 123
251 130
250 132
257 134
250 132
232 125
212 115
187 103
158 89
128 74
99 60
78 56
52 44
23 17
11 0
17 0
29 9
41 25
54 33
78 33
111 44
142 68
169 91
197 107
220 113
240 117
251 125
257 132
255 134
248 132
234 121
210 109
185 99
158 89
128 76
97 58
70 41
48 29
35 23
23 21
19 15
25 13
37 19
56 29
80 41
107 54
138 68
167 82
195 95
220 111
240 121
253 128
259 132
257 132
248 128
234 125
214 115
187 103
158 87
126 72
99 58
74 46
50 35
33 23
23 15
21 13
25 15
37 21
56 29
82 41
109 54
138 70
171 87
203 107
218 117
228 113
242 109
259 119
259 130
250 132
230 121
210 107
189 97
162 91
128 80
97 64
72 44
50 29
33 21
21 17
19 15
25 13
37 17
54 25
80 39
109 52
138 68
167 82
195 95
220 111
240 123
251 130
257 132
257 132
250 132
234 126
210 115
185 101
158 87
128 72
99 58
72 44
50 33
33 23
23 17
19 13
23 15
39 19
58 29
80 41
107 52
138 66
167 82
197 99
218 111
238 121
253 128
259 134
257 134
250 132
234 126
212 115
187 103
158 89
128 76
101 62
78 56
48 41
23 11
13 0
19 0
29 13
39 25
54 31
80 35
109 46
140 68
169 91
195 105
218 111
240 117
253 126
257 134
257 138
248 130
232 119
212 109
187 101
158 89
126 76
99 58
74 41
50 31
33 23
23 17
21 15
25 15
37 19
56 27
80 39
109 52
138 68
166 82
195 95
220 109
238 121
253 130
259 134
257 132
250 130
234 126
212 115
185 103
158 87
126 72
99 56
72 44
50 35
33 23
23 17
19 15
25 15
39 21
56 29
80 41
109 54
138 72
171 89
201 109
214 113
228 109
246 111
257 121
257 130
248 130
232 123
212 109
189 97
160 91
130 82
99 66
72 46
50 29
33 21
23 19
19 17
23 15
37 15
56 25
80 39
107 54
136 68
167 82
195 95
220 111
238 123
251 130
257 132
255 132
250 130
234 126
212 115
187 103
160 89
128 74
99 60
72 44
50 33
33 23
23 15
21 13
25 15
39 21
56 29
80 41
109 52
136 68
166 82
195 95
220 111
240 121
251 128
259 132
259 134
250 132
234 126
212 115
187 103
160 91
128 76
101 64
78 56
46 35
21 7
15 0
21 0
29 17
39 27
54 29
80 31
111 46
140 72
167 93
195 105
218 109
238 115
251 125
257 136
255 138
248 130
234 119
214 111
187 103
158 91
128 76
99 58
72 42
50 31
33 23
23 19
21 15
25 13
37 17
56 27
80 41
107 54
136 66
167 80
195 95
218 109
238 121
253 130
257 132
255 132
250 130
234 125
212 115
187 103
160 89
126 72
99 58
74 46
50 33
33 23
23 15
21 13
27 17
37 23
56 29
80 41
109 54
138 72
173 91
199 107
212 109
228 107
248 111
259 123
257 132
248 130
232 121
214 109
191 101
162 93
128 82
99 62
64 42
35 29
35 23
21 19
19 15
15 13
37 15
48 25
78 39
107 52
11 66
166 80
195 95
218 109
238 123
1 130
250 132
257 132
250 130
156 126
205 117
187 103
156 87
128 74
99 58
72 44
50 31
35 23
25 17
15 15
17 13
37 19
48 29
80 39
107 52
136 66
167 82
195 97
218 111
238 121
1 128
251 134
257 134
248 130
236 125
212 117
187 103
158 91
128 76
103 64
78 58
42 33
21 3
17 0
23 3
27 17
37 25
54 25
80 31
109 48
130 74
166 93
195 101
218 107
238 117
251 128
257 136
255 136
248 126
234 119
212 113
187 105
160 91
128 74
99 54
74 42
52 35
33 25
23 19
19 13
25 13
37 19
54 29
78 39
107 52
136 66
166 80
193 95
218 109
240 119
251 128
257 130
257 130
251 130
236 126
212 117
187 103
158 87
130 74
101 60
72 46
50 33
35 23
23 17
21 15
25 15
37 19
56 27
80 39
107 52
138 70
173 93
197 105
210 107
228 105
248 113
261 126
259 134
248 130
234 121
216 111
191 103
160 93
130 82
93 64
74 44
50 31
33 23
23 19
19 15
23 13
37 15
54 25
78 39
107 52
136 66
167 82
195 97
218 111
238 123
251 128
259 132
257 134
250 132
234 125
212 115
187 103
160 87
128 74
99 58
74 44
50 35
33 23
23 15
21 13
25 15
37 21
54 27
78 37
107 52
138 70
166 83
193 97
218 109
238 121
251 128
257 134
257 134
250 132
234 125
214 117
189 105
160 91
130 78
107 70
76 56
42 29
23 3
19 0
23 7
27 21
35 25
52 23
80 29
109 50
138 76
166 93
193 101
218 105
238 115
251 128
257 138
255 136
248 126
234 117
214 113
187 107
158 93
128 74
101 56
74 44
50 35
33 27
23 19
21 13
23 11
35 17
54 27
80 41
107 54
136 66
166 80
195 95
218 111
238 121
251 128
257 132
257 134
250 130
234 126
214 115
189 103
160 89
128 74
99 60
74 44
52 33
33 23
23 17
19 13
25 15
39 19
56 29
80 41
107 54
140 72
171 93
191 103
208 101
230 103
250 113
259 126
257 132
248 130
236 121
214 111
191 103
162 95
130 82
101 62
74 42
50 33
33 25
21 19
17 13
23 9
37 15
54 27
78 41
107 52
136 66
166 80
195 95
218 111
238 121
251 128
257 130
257 132
250 132
234 126
214 117
187 101
160 87
130 74
101 60
74 46
50 31
33 21
25 17
21 15
23 17
37 21
54 27
80 39
107 52
134 68
166 82
195 95
218 111
238 119
251 128
259 132
257 134
250 130
234 125
214 115
189 105
162 91
130 78
107 72
72 54
39 21
23 0
23 0
25 13
27 25
33 23
54 21
82 31
109 54
138 78
164 91
193 95
218 105
238 117
251 130
257 138
257 134
250 126
234 119
214 113
189 105
162 91
130 74
99 56
74 42
52 33
35 27
23 19
19 13
25 13
37 19
54 29
78 39
107 52
136 64
166 80
193 95
216 109
240 121
251 130
257 134
257 134
250 132
236 126
214 117
189 103
160 89
130 74
101 60
74 44
37 33
35 25
25 15
19 15
15 15
37 19
56 29
80 41
107 54
140 72
169 91
187 97
207 97
232 103
251 117
259 130
255 134
248 128
236 119
216 111
191 107
160 97
128 78
101 58
76 42
52 33
33 27
23 19
19 11
25 11
37 15
54 27
78 41
105 52
134 66
166 80
193 95
218 111
238 121
251 126
257 130
257 132
250 132
234 126
214 115
189 103
160 89
128 74
101 58
74 46
52 35
35 25
23 17
21 15
25 15
37 19
54 29
78 39
107 52
134 66
164 80
193 95
218 109
238 121
251 128
259 134
257 134
251 132
236 126
214 117
187 103
160 89
136 82
107 74
68 48
41 17
27 0
25 5
25 17
23 23
35 19
54 19
80 33
107 56
136 78
166 87
193 93
216 103
238 119
251 130
257 136
255 134
248 126
236 121
214 115
187 105
160 89
132 72
103 60
74 46
50 37
35 25
25 17
19 13
23 13
37 19
54 27
78 39
105 50
134 64
166 80
193 95
218 109
238 121
251 126
259 132
257 134
250 132
234 125
214 113
189 101
162 89
130 76
101 60
74 44
52 33
35 23
23 17
21 13
25 15
37 21
54 29
78 39
107 54
142 78
167 91
183 93
207 93
234 103
251 121
259 132
255 134
248 126
236 119
216 115
191 107
162 97
130 80
101 60
74 44
50 33
35 27
23 19
19 11
23 9
37 15
54 27
78 41
105 50
136 64
166 80
193 95
216 111
238 121
251 128
257 132
257 134
248 130
236 125
214 115
189 105
162 89
130 74
103 60
76 46
52 35
35 23
23 17
21 15
25 15
37 19
54 27
78 39
105 52
134 66
166 82
193 97
218 111
238 121
251 128
257 132
259 132
251 132
236 126
216 119
189 105
162 91
136 85
103 72
66 42
41 13
31 1
25 9
23 17
23 21
35 15
54 19
82 37
109 60
134 78
164 85
191 91
218 105
236 121
250 132
257 134
257 128
251 125
236 123
214 119
189 107
162 89
132 74
101 60
74 46
52 37
35 25
23 17
19 13
23 13
37 19
54 27
78 37
105 48
134 64
164 82
193 97
216 109
238 119
253 128
257 134
255 134
250 130
236 125
216 117
189 107
162 89
132 74
101 60
76 46
50 35
35 23
25 17
21 13
25 13
37 19
54 27
78 41
109 58
140 78
162 85
181 85
208 91
236 107
253 125
257 134
255 132
250 126
238 121
218 119
191 111
162 97
130 76
103 58
76 44
50 35
33 25
23 15
19 9
25 11
37 19
52 27
78 39
105 50
134 64
164 80
193 95
218 111
238 121
250 126
257 130
257 132
250 132
234 126
214 115
189 101
162 87
130 74
101 60
74 46
52 33
35 23
23 17
19 13
25 15
37 19
54 27
76 39
105 50
134 66
166 82
193 95
216 109
236 119
251 126
259 134
257 136
250 132
236 126
214 117
191 107
164 95
136 89
99 68
64 35
42 9
35 7
27 17
21 23
21 17
35 11
56 19
80 39
105 60
9 74
164 82
191 91
216 105
236 121
0 132
257 134
257 130
250 126
234 123
216 117
189 105
162 89
130 72
103 58
76 46
52 35
35 23
25 17
21 13
23 15
35 19
52 25
78 37
105 52
134 66
164 82
193 95
218 109
238 121
1 128
250 132
257 134
251 130
236 125
214 115
191 105
162 91
132 76
103 60
76 46
52 33
37 25
23 17
21 13
25 15
35 21
54 29
78 41
111 60
138 78
158 82
179 82
210 89
240 109
253 128
257 134
255 130
251 125
238 123
216 121
189 111
162 93
132 74
103 58
74 46
50 37
35 25
23 15
19 11
23 9
35 17
54 27
78 39
105 50
134 64
164 80
193 97
216 111
236 121
251 126
257 132
257 134
250 132
236 125
216 115
191 103
162 91
130 76
101 58
76 46
52 37
35 25
23 17
21 13
23 13
35 19
54 29
78 41
105 52
134 64
164 80
193 95
216 111
236 121
251 128
257 132
259 134
251 132
236 126
216 117
191 107
167 99
136 89
95 60
64 29
46 11
37 13
27 21
19 19
23 11
37 11
56 23
78 42
105 60
132 72
162 78
191 91
216 107
236 123
250 130
257 130
257 126
250 128
236 126
214 119
191 103
162 87
132 74
103 62
76 48
52 35
35 23
23 15
19 13
25 15
37 21
52 27
76 37
105 48
134 66
164 82
191 97
216 109
236 117
251 126
257 132
257 134
250 130
236 125
216 115
191 103
162 89
132 76
103 62
76 48
52 35
35 23
23 15
21 15
25 17
35 21
54 29
80 42
111 64
125 74
152 74
183 78
214 91
238 111
1 126
250 134
257 130
251 126
171 125
208 123
191 113
162 93
132 74
103 58
76 46
52 37
33 23
21 13
21 9
25 13
35 19
52 27
76 37
105 48
134 66
164 83
191 97
216 109
238 119
251 128
257 132
257 132
250 132
236 125
216 115
189 103
162 89
132 76
103 60
76 44
54 33
37 25
25 19
19 13
25 13
35 19
52 27
13 39
103 46
7 64
164 80
187 95
208 107
238 119
1 128
250 134
257 134
250 132
234 126
216 117
193 107
167 103
132 83
93 52
66 25
50 17
31 21
27 23
19 17
21 0
37 9
54 27
78 46
95 60
7 66
164 74
191 91
216 109
236 123
0 128
250 128
257 128
250 130
236 126
216 119
191 103
162 87
132 74
103 62
76 50
54 37
35 23
23 15
21 15
25 17
31 19
52 23
78 35
105 50
134 66
162 82
191 95
216 109
236 121
251 130
250 134
259 134
251 132
236 125
216 117
191 103
162 89
134 76
103 62
76 48
52 35
37 25
25 19
19 15
23 15
37 21
46 31
80 44
109 62
128 68
152 70
183 78
216 95
238 117
250 130
255 132
257 128
251 126
240 128
216 123
189 109
162 91
134 74
103 62
74 48
52 35
35 23
23 13
19 11
23 13
35 19
54 27
76 37
103 50
132 64
164 82
191 95
216 109
236 119
250 126
257 132
257 134
250 132
236 125
214 113
191 103
164 93
132 78
103 60
78 46
54 35
35 25
23 19
19 13
23 13
37 19
52 27
13 39
103 52
132 66
162 80
191 95
216 111
236 121
251 128
257 132
259 134
250 132
236 126
216 117
197 113
169 105
126 80
91 44
70 23
54 21
39 27
23 23
17 13
23 5
39 13
56 31
78 48
103 56
132 64
162 76
191 93
214 111
236 123
250 126
257 126
257 128
250 130
238 128
216 119
191 105
164 87
134 76
105 64
76 50
52 35
35 23
23 15
19 13
23 15
35 19
52 25
76 37
103 48
132 64
164 80
191 95
216 109
236 119
251 128
257 132
257 134
251 130
238 125
216 117
191 105
162 91
132 76
103 62
78 46
52 35
35 25
25 17
21 15
25 17
35 21
54 31
83 48
105 60
123 62
150 64
187 78
218 101
238 119
248 126
255 126
259 126
253 132
238 132
216 123
191 107
164 89
132 74
101 60
76 48
52 35
35 23
23 13
19 11
23 13
35 19
52 27
76 35
103 48
132 66
164 83
191 95
214 107
236 119
251 126
257 132
257 136
251 132
238 126
216 117
191 105
164 91
134 78
105 62
76 46
52 33
37 25
25 17
21 15
23 13
35 17
52 25
76 37
103 50
132 66
162 80
191 95
216 109
236 119
250 128
259 134
259 136
250 134
238 128
218 121
197 117
164 103
123 70
93 39
72 25
56 29
37 29
25 23
19 9
25 7
37 17
54 35
76 46
103 54
132 60
162 74
191 93
214 111
236 121
250 123
257 126
259 132
251 134
238 128
216 117
193 103
164 89
132 78
103 62
78 46
54 33
35 23
23 17
15 13
23 15
0 17
52 25
13 37
103 50
5 64
162 78
191 93
216 109
236 121
1 128
250 132
257 134
251 132
236 126
216 117
191 103
164 89
134 76
103 60
76 46
54 35
37 25
25 19
21 15
23 15
37 21
56 33
80 48
97 52
121 52
156 62
189 82
216 103
236 119
250 125
257 128
259 130
251 134
238 132
216 123
191 105
162 89
132 74
105 62
76 48
52 35
35 21
23 13
21 13
23 15
35 19
52 25
76 37
101 48
132 66
162 83
189 95
214 107
236 119
251 126
257 132
257 134
251 132
236 123
216 115
191 105
164 91
132 76
103 60
78 46
54 35
35 25
23 19
21 13
23 15
35 19
50 27
74 37
103 48
134 66
162 82
189 95
216 109
236 121
251 130
257 134
259 136
251 132
238 128
220 123
197 117
160 93
123 60
97 39
78 33
58 37
35 31
21 17
19 5
25 7
37 23
52 37
74 44
101 48
132 60
162 78
189 97
214 111
236 119
250 123
257 128
257 134
250 132
238 128
216 115
193 103
164 91
134 80
103 64
78 48
54 33
35 23
25 19
19 15
23 15
33 17
52 25
76 39
103 52
130 64
162 78
191 93
216 107
236 119
250 126
257 132
257 132
250 132
236 126
216 117
193 107
164 91
132 76
105 60
78 48
54 35
37 25
25 17
21 15
23 15
35 21
56 33
78 46
95 48
121 50
156 62
191 85
216 107
234 121
250 125
257 126
261 130
253 136
238 132
216 121
191 103
164 89
134 76
103 62
76 48
54 31
37 21
23 13
19 13
23 13
37 19
52 27
76 37
103 48
132 66
162 80
189 95
214 107
236 119
250 126
257 132
257 134
250 128
238 125
216 117
191 105
164 91
134 76
105 62
76 46
54 35
35 25
23 17
19 11
25 15
35 19
52 27
76 39
101 50
130 64
162 80
189 95
214 109
236 119
251 126
257 134
259 136
251 134
238 126
224 126
195 117
154 85
123 54
101 41
80 41
56 41
33 29
21 11
21 3
27 13
37 29
52 37
74 41
103 46
130 60
160 80
187 99
214 111
234 117
250 121
257 128
259 134
250 134
238 126
216 115
193 103
164 93
134 80
105 62
78 46
54 33
37 23
25 17
21 15
23 15
35 19
52 25
74 37
101 50
130 66
160 80
189 93
214 105
236 119
250 128
257 132
259 134
251 132
238 126
216 119
193 105
166 91
134 78
105 62
78 46
52 33
37 23
27 19
21 17
23 17
37 25
60 39
72 42
89 41
123 46
160 66
191 89
214 107
232 117
251 123
261 128
259 136
251 138
238 132
216 121
193 105
164 91
132 76
105 60
76 46
52 31
35 19
25 15
21 15
23 15
35 17
52 25
76 37
101 52
130 68
160 80
189 91
214 107
236 119
250 128
257 132
259 134
251 130
236 126
216 117
193 105
166 91
136 78
105 60
78 46
54 35
37 25
23 19
19 15
23 15
35 19
50 27
74 37
101 50
130 64
162 80
189 93
214 107
236 119
251 128
257 134
257 136
251 134
242 132
222 130
187 109
154 76
128 54
107 48
80 48
54 41
35 23
25 9
23 7
25 17
35 27
50 33
74 37
101 46
130 62
160 82
189 97
214 107
234 113
250 123
257 132
257 136
250 132
238 123
218 115
193 105
166 93
134 78
105 60
78 44
54 35
37 25
25 19
21 15
23 11
33 17
50 25
74 39
101 50
130 64
160 78
189 93
214 109
234 119
250 126
257 132
259 134
251 130
238 126
218 119
193 107
166 93
134 78
107 62
78 48
56 37
37 27
25 19
21 15
25 17
41 29
52 37
64 35
89 33
126 46
162 70
191 93
214 109
234 117
251 123
259 130
259 138
251 138
240 132
216 119
193 103
166 91
134 78
105 62
76 46
54 31
37 21
25 17
19 15
23 13
35 17
52 25
74 37
101 50
5 64
162 78
189 93
207 107
236 119
250 128
257 132
257 132
251 130
238 126
218 119
193 107
164 91
136 76
107 62
80 50
54 39
35 25
25 17
21 15
23 15
33 17
52 25
74 37
101 48
130 64
160 80
189 95
214 109
236 121
250 128
257 132
259 134
251 136
244 138
220 128
185 101
154 72
132 56
109 56
82 52
54 41
35 19
17 9
23 11
25 23
0 29
50 29
74 31
101 42
5 64
160 83
187 95
207 105
236 113
0 125
250 132
259 136
251 134
156 125
218 115
193 107
166 95
134 80
105 62
78 46
54 33
37 25
23 19
19 13
23 13
33 17
50 25
74 39
101 50
130 64
160 78
189 93
214 107
234 119
250 126
257 132
259 134
251 132
238 126
218 117
193 105
166 93
134 78
107 64
78 48
54 35
37 25
25 21
21 17
27 19
41 31
48 29
62 27
91 33
128 50
162 74
189 93
212 107
234 113
251 123
261 134
259 142
251 138
238 128
218 115
193 105
164 95
134 80
105 62
78 44
54 31
35 23
23 17
21 15
23 13
33 17
50 23
76 37
101 52
130 66
160 80
189 91
214 107
234 117
250 128
257 132
259 132
251 130
238 126
218 117
193 107
166 93
134 78
105 62
78 46
54 35
37 25
25 17
19 13
23 13
35 19
50 27
74 39
101 50
130 62
160 80
189 93
212 107
236 119
251 130
257 134
257 136
253 138
244 140
214 123
181 91
158 68
136 62
109 64
78 54
52 37
37 17
27 11
23 17
23 25
33 25
50 27
74 31
101 46
128 64
160 82
187 93
212 101
236 113
250 126
257 134
257 136
251 130
238 123
218 117
195 109
166 95
134 78
107 60
80 46
46 35
37 25
25 19
21 15
21 13
35 19
50 27
74 37
101 48
130 64
160 80
189 95
214 109
234 119
250 126
257 132
259 134
251 132
238 126
218 117
195 105
166 91
136 78
107 62
80 48
56 35
39 25
25 19
21 17
31 25
37 29
41 23
62 21
95 33
132 56
160 78
187 93
212 103
236 113
251 125
257 136
257 140
251 136
240 126
218 117
193 107
166 95
134 78
105 60
78 44
54 33
37 25
25 17
21 13
23 13
33 15
50 17
11 37
101 50
3 64
160 78
187 93
207 107
234 119
0 126
250 130
259 132
251 132
156 126
218 119
193 107
166 91
136 76
107 62
80 48
48 37
37 25
23 17
21 13
23 15
33 17
50 25
74 37
101 50
128 66
158 78
187 91
214 107
234 121
250 128
259 132
259 136
257 142
240 138
208 113
183 85
164 72
138 72
109 68
78 52
54 31
39 17
27 15
21 21
23 23
33 21
50 23
72 33
99 50
128 66
158 80
187 89
212 101
234 115
250 128
257 136
259 134
251 130
240 125
218 119
193 107
166 93
136 78
107 60
78 46
54 35
37 27
25 17
19 13
23 13
35 17
50 27
74 37
99 48
130 62
160 80
187 95
212 109
234 119
250 126
257 132
259 134
251 132
238 126
218 119
195 105
166 91
136 78
109 64
80 48
54 35
39 25
27 21
25 19
29 27
31 23
41 17
64 19
99 35
5 58
158 78
187 91
212 101
236 115
251 128
259 138
259 140
251 134
238 125
218 117
193 107
166 95
134 76
105 58
80 44
56 35
37 25
23 17
21 13
23 13
33 19
50 27
72 37
101 50
128 62
158 78
187 91
212 105
236 119
250 126
257 132
257 132
251 132
240 126
218 119
193 105
166 93
136 78
107 62
80 48
56 35
37 25
25 17
19 11
23 13
35 19
50 27
72 37
101 48
130 62
160 80
189 93
212 107
236 119
251 128
257 134
261 140
257 146
236 130
207 103
187 83
167 80
140 80
107 68
78 46
56 29
39 21
27 21
21 23
23 23
33 19
50 21
72 35
99 50
126 66
158 78
187 89
212 103
232 117
248 128
257 132
259 134
251 130
238 126
218 119
195 107
166 93
136 76
107 60
80 48
54 35
37 25
25 17
21 13
23 15
33 19
50 25
74 37
99 48
128 62
160 78
187 93
212 107
234 119
250 126
257 132
259 134
251 132
240 128
218 119
195 105
167 93
136 78
107 64
78 48
56 35
41 27
27 23
25 25
25 23
25 15
41 11
66 19
99 41
130 62
158 78
185 87
214 101
238 117
251 132
257 140
257 138
251 132
240 126
218 119
193 107
166 91
136 76
107 60
78 46
54 35
39 25
27 19
21 15
23 13
33 17
50 25
74 37
99 48
128 62
158 76
187 93
212 107
234 119
250 126
257 130
259 134
251 132
238 126
218 117
195 105
167 93
136 80
107 62
80 48
56 37
37 27
25 19
21 15
23 13
33 17
48 23
72 35
99 50
128 64
158 78
187 93
214 107
234 121
250 128
257 136
263 144
253 142
228 119
208 95
193 85
169 87
138 83
107 66
80 42
58 29
41 25
27 27
19 25
23 17
33 13
48 21
70 37
97 52
128 64
158 74
187 87
212 103
234 119
250 128
257 132
257 130
251 128
240 126
220 121
195 111
166 93
136 76
109 62
80 50
54 37
37 27
25 15
21 13
23 13
33 17
46 25
9 31
99 46
3 62
158 78
187 95
205 107
234 117
0 125
250 132
257 134
251 132
240 126
220 119
195 107
167 95
138 80
109 64
82 50
48 39
39 29
29 23
27 25
17 17
21 7
41 5
72 21
101 44
128 64
156 76
187 87
214 103
236 121
250 132
255 136
257 134
253 130
240 128
218 121
193 109
166 93
136 76
107 60
80 48
56 37
39 27
25 17
19 13
23 13
33 19
50 27
72 37
99 48
128 62
158 78
187 91
212 105
232 117
248 125
257 130
259 134
253 134
240 128
220 119
195 107
167 93
138 80
109 64
80 48
56 35
39 25
25 19
19 15
23 13
33 17
50 25
72 37
99 48
128 62
158 80
187 93
212 107
234 119
250 128
263 140
263 150
248 134
226 111
212 93
197 93
169 95
136 83
107 62
80 41
58 31
39 29
27 29
21 21
23 13
33 13
48 23
72 39
97 52
126 62
156 72
185 87
212 105
234 121
250 128
257 130
259 132
253 132
240 130
220 121
195 107
167 91
136 78
107 64
80 48
56 37
37 25
25 17
19 13
23 13
33 19
48 25
72 35
99 46
128 62
158 78
185 91
210 103
234 117
250 128
255 134
257 134
253 132
240 126
220 119
195 107
167 93
138 78
107 64
80 48
58 39
41 31
33 29
21 23
13 11
21 3
46 9
74 27
99 46
126 62
156 74
187 85
214 103
236 123
250 134
257 136
257 132
251 130
240 126
218 121
195 107
166 89
136 72
109 60
80 46
56 37
39 25
25 17
21 13
21 13
33 19
48 27
72 37
97 46
126 60
158 76
187 91
212 107
234 119
248 125
257 130
259 134
251 134
238 126
220 117
195 105
167 93
138 78
109 64
82 48
56 37
37 25
25 17
19 15
23 15
33 19
48 25
72 35
99 48
126 64
156 76
185 91
214 107
234 123
250 132
263 142
259 144
244 126
228 107
216 99
199 101
169 97
136 80
107 56
82 42
60 37
41 35
25 29
19 17
21 9
33 15
48 25
70 37
95 48
126 58
156 70
187 89
212 107
232 121
248 126
257 130
259 134
253 134
240 130
220 121
195 107
166 91
138 76
109 64
82 50
48 37
37 25
25 17
15 15
21 15
31 17
48 25
72 37
97 48
126 64
158 78
187 93
212 105
232 117
248 126
7 132
259 134
251 132
234 126
220 119
195 107
167 95
138 80
109 64
82 50
58 41
42 33
29 29
15 17
3 3
25 0
48 11
74 33
97 48
125 60
158 72
189 89
214 109
234 125
248 132
7 132
259 130
251 132
234 128
218 119
195 105
167 89
136 78
109 64
80 50
58 37
39 25
25 17
19 13
23 15
33 19
48 27
72 35
97 46
126 62
158 78
185 93
210 105
232 115
248 125
257 132
257 132
251 132
240 126
220 119
195 107
167 93
138 80
111 64
82 50
56 37
39 27
25 19
19 13
23 13
33 17
48 25
72 37
97 48
126 62
158 78
185 93
212 107
232 119
251 134
263 146
253 136
240 117
232 103
222 107
199 111
167 99
136 78
109 56
85 42
60 41
39 35
25 23
19 11
23 9
31 17
46 27
70 37
99 48
126 58
156 74
185 91
212 107
234 119
248 126
257 128
259 132
251 134
240 128
220 119
195 107
169 93
138 80
109 64
82 48
56 35
37 25
27 17
21 15
23 15
33 17
48 25
70 35
97 48
126 62
158 78
185 91
210 103
232 117
250 126
257 132
259 134
253 130
240 126
220 119
197 109
167 95
138 80
111 66
82 52
58 41
44 35
27 27
11 11
11 0
27 1
50 17
72 35
97 48
125 58
158 72
189 89
214 111
232 125
248 128
257 130
259 132
251 132
240 128
220 119
197 105
167 89
138 76
109 62
80 48
56 35
39 25
27 17
19 15
21 15
33 19
48 27
72 37
97 48
126 64
156 78
185 91
212 105
232 117
248 126
257 130
259 134
251 132
240 126
220 117
197 107
169 93
138 80
107 62
82 48
58 37
39 29
25 19
19 13
23 13
33 19
48 25
70 37
97 48
126 64
156 78
185 93
212 107
234 119
253 136
255 140
248 125
244 111
238 109
224 115
197 113
167 95
138 72
111 56
83 50
60 46
39 37
25 21
19 11
21 9
33 19
48 29
70 35
95 42
126 56
156 74
185 95
210 109
234 117
250 125
257 130
257 136
253 134
240 128
220 119
197 105
167 93
138 78
111 64
83 50
56 37
37 25
27 17
21 15
23 15
31 19
48 23
70 33
97 46
126 62
156 78
185 91
210 105
232 117
248 126
7 132
259 134
250 132
162 126
220 119
197 107
169 95
140 80
111 66
83 52
62 44
44 39
21 21
9 3
15 0
31 3
50 21
70 35
95 44
126 56
160 74
187 95
212 111
232 121
250 126
257 132
257 134
251 134
238 128
220 117
195 103
167 89
138 78
111 66
82 50
58 35
39 25
27 19
21 17
21 15
33 17
48 23
70 35
95 48
126 64
156 78
185 91
210 103
232 117
248 126
255 132
257 132
253 132
242 128
220 121
197 109
169 93
140 80
111 64
82 48
56 37
39 25
27 19
21 15
23 13
31 17
48 25
70 35
97 48
126 62
156 78
185 91
210 107
238 125
251 138
251 132
248 117
248 109
242 115
224 123
197 113
167 91
138 70
113 60
85 54
58 46
39 31
25 15
19 9
21 11
31 21
46 25
68 33
97 42
126 58
154 76
183 91
210 105
232 115
248 123
257 132
259 136
253 134
240 128
220 117
197 105
169 93
140 80
109 64
78 48
50 35
39 25
25 15
21 15
21 13
33 15
48 25
70 35
97 48
1 62
156 76
185 91
210 105
232 117
248 125
7 132
259 134
250 132
240 126
222 119
197 109
169 95
125 80
111 66
78 54
62 48
31 35
17 15
1 0
19 0
33 9
48 25
68 35
95 44
126 54
160 76
187 97
210 111
230 119
248 123
257 130
257 136
251 134
234 126
220 115
189 105
167 93
138 80
111 66
82 48
58 37
39 25
25 17
21 15
23 15
31 17
46 23
70 35
95 48
126 60
156 76
185 89
208 103
232 115
248 126
257 132
259 134
251 132
240 128
220 119
197 109
169 95
140 80
109 64
82 48
58 37
39 27
25 19
19 15
23 13
33 17
48 25
70 35
97 48
126 62
156 78
185 93
210 107
240 128
248 136
246 125
250 111
251 115
244 126
222 126
195 109
169 87
142 72
113 66
83 60
58 44
39 27
27 15
21 13
21 15
29 19
46 25
70 31
95 42
0 60
156 78
183 91
210 105
232 115
248 125
257 134
259 136
253 132
240 126
222 119
197 107
169 95
138 80
111 62
82 48
58 37
39 27
27 19
21 15
21 13
31 17
46 23
70 33
97 48
126 62
154 76
185 89
212 107
232 119
246 126
257 132
259 132
253 132
240 128
220 119
199 109
169 95
140 80
111 68
87 58
64 48
33 29
13 5
13 0
23 1
33 15
46 25
68 33
97 41
128 58
158 78
185 97
210 111
232 119
248 123
257 130
257 134
251 134
238 126
220 115
197 103
169 93
140 80
111 64
83 48
58 37
39 27
27 21
19 15
21 13
31 17
48 23
70 35
95 46
125 58
156 76
185 91
210 107
232 117
248 126
257 132
259 134
253 132
242 128
222 119
197 107
169 95
140 80
111 64
83 52
58 37
39 27
27 19
21 15
23 15
31 17
48 25
70 37
95 46
125 60
156 78
185 95
214 113
236 132
240 125
246 113
253 113
255 125
242 132
220 123
197 103
169 83
144 76
113 72
83 62
58 42
39 23
27 13
19 13
21 17
29 21
46 21
68 29
95 42
125 60
156 78
185 93
210 105
232 115
248 126
255 134
257 134
253 132
242 126
222 119
197 107
171 95
140 80
111 64
82 48
58 37
41 27
25 19
19 13
23 13
33 19
48 27
70 35
95 46
125 60
156 76
183 91
208 105
232 117
248 126
257 132
259 134
253 132
242 126
222 119
197 109
171 95
142 82
115 70
91 62
58 44
29 19
15 0
17 0
25 7
33 19
46 25
1 31
97 42
128 62
156 82
175 99
210 107
230 115
248 123
5 125
257 136
251 134
240 125
222 115
199 107
169 97
140 82
111 64
83 48
58 37
39 27
27 21
21 17
23 15
31 17
46 23
70 35
95 48
125 62
154 74
183 89
210 105
232 117
248 125
257 132
259 134
253 134
242 128
222 121
199 109
171 95
140 82
111 66
82 48
58 35
41 25
27 21
21 15
21 15
31 17
48 25
70 35
95 48
125 62
156 78
185 93
216 117
230 125
236 115
248 107
257 117
255 130
242 134
220 121
197 101
173 87
144 80
113 74
82 58
56 37
39 19
29 17
21 19
19 19
29 17
46 19
70 29
95 46
123 62
154 78
183 89
210 103
232 117
248 126
257 134
259 134
253 132
240 126
222 121
199 109
169 97
140 80
111 64
83 50
58 37
41 27
27 19
21 15
21 13
31 17
46 23
70 35
95 48
125 60
154 76
181 89
208 103
232 119
248 126
255 132
259 134
253 132
242 128
222 121
199 109
171 97
142 83
117 74
87 60
54 37
29 15
19 1
21 3
25 11
31 19
46 23
68 29
97 44
126 64
156 82
183 95
208 105
232 115
248 125
255 132
257 134
253 132
242 125
222 117
199 107
169 95
140 78
113 64
85 50
58 39
39 27
27 19
21 15
21 13
31 17
46 23
68 33
95 44
123 58
154 74
183 89
210 105
230 117
248 125
257 130
259 134
253 132
242 128
222 119
199 109
171 93
140 78
113 64
83 52
60 39
39 25
27 17
21 15
23 15
31 17
46 23
70 33
95 46
125 60
156 78
189 99
212 119
224 115
236 107
251 109
261 126
255 138
240 132
220 115
201 99
173 91
144 87
113 76
83 56
60 35
41 23
27 19
19 19
21 15
29 13
46 17
68 29
95 46
125 64
154 76
183 89
208 103
232 117
248 128
255 132
259 132
253 130
242 126
222 119
197 107
171 93
142 80
113 66
83 50
60 37
41 27
27 21
19 15
21 13
31 17
46 25
68 35
95 46
123 60
154 76
183 91
208 105
232 117
248 126
257 132
259 134
253 132
242 128
222 121
201 109
173 99
144 87
117 76
82 56
48 31
31 9
25 3
23 9
21 13
29 15
44 17
68 25
99 48
126 68
154 83
183 93
208 103
232 117
246 128
255 134
257 132
253 128
240 123
222 117
199 107
173 95
142 80
111 64
83 50
60 41
41 29
27 21
19 13
21 13
31 17
46 25
68 35
95 46
125 60
154 76
183 89
208 105
232 117
246 125
255 130
259 134
253 134
240 128
222 119
199 107
171 95
142 82
111 66
83 50
60 37
41 27
27 19
21 15
21 13
31 17
46 25
70 37
95 48
125 62
156 80
189 105
207 109
218 101
240 101
7 119
261 136
253 140
240 128
224 113
193 103
173 99
142 89
113 72
83 50
60 33
39 23
27 21
19 17
19 13
29 11
46 19
68 35
95 50
123 64
154 76
183 89
208 103
230 117
246 128
257 132
259 132
253 130
234 126
222 119
199 109
171 95
142 80
113 64
85 50
60 39
41 27
27 17
21 13
21 15
31 19
46 25
68 33
95 46
125 60
154 76
181 89
208 103
232 115
248 126
255 132
259 134
255 132
244 130
224 123
201 111
173 99
148 89
115 76
76 50
48 25
35 9
27 9
23 13
21 13
29 13
48 19
72 33
97 50
125 68
154 80
181 91
208 101
230 115
248 128
255 134
257 132
253 126
242 125
224 121
199 111
171 95
142 78
113 64
83 52
58 39
41 29
27 19
19 13
21 13
31 17
46 25
68 35
93 46
123 58
154 74
183 89
208 103
230 115
248 125
257 132
259 134
253 134
242 128
222 121
201 109
171 95
142 80
113 64
85 50
60 39
41 29
27 19
21 15
21 15
31 19
46 25
68 35
95 48
125 62
158 85
183 101
201 99
220 95
244 105
259 125
261 140
253 138
240 125
224 111
203 107
175 103
142 91
111 68
83 46
60 33
41 27
25 23
19 15
21 9
31 11
46 21
68 35
95 48
125 60
154 72
181 87
208 105
232 119
248 128
255 130
251 130
253 130
234 130
224 121
199 109
171 93
142 80
109 66
78 52
60 39
41 27
27 17
21 15
21 15
31 17
46 25
68 35
95 46
123 60
152 76
181 89
208 103
230 115
248 126
7 134
259 136
253 134
242 128
224 121
201 113
175 93
150 93
109 68
74 42
52 21
31 13
29 15
21 15
21 13
29 13
48 19
64 35
95 52
123 66
150 76
183 87
208 103
230 117
246 126
255 130
251 132
255 130
234 126
224 121
201 109
173 95
142 80
113 64
85 52
60 41
41 29
27 17
19 13
21 13
31 17
46 25
62 33
93 44
123 58
154 76
181 93
208 105
230 115
248 125
257 132
259 134
250 132
242 128
224 119
199 109
173 95
142 82
113 68
83 50
60 37
42 29
27 21
21 17
21 15
31 17
46 25
68 35
93 46
126 66
160 87
177 95
187 87
218 91
248 111
9 134
259 142
251 132
242 119
226 113
203 111
173 107
142 89
113 66
78 46
60 37
41 31
25 23
15 13
21 1
29 11
44 21
68 35
93 46
115 58
27 72
183 89
208 107
230 119
246 126
5 130
251 134
253 134
242 130
222 121
201 107
158 93
142 80
109 66
78 52
60 39
41 27
27 17
19 13
23 15
31 21
46 27
66 33
93 46
123 62
152 76
181 91
207 103
230 117
248 126
255 132
259 134
251 134
244 130
224 123
203 111
171 105
146 89
105 64
76 37
56 21
42 17
29 17
21 15
19 11
31 13
48 23
70 39
95 54
123 64
27 76
181 87
205 95
228 117
246 125
5 130
251 130
253 130
234 126
224 121
201 111
173 95
142 80
115 66
78 52
60 39
41 29
27 21
21 15
21 15
31 17
46 23
1 33
93 44
123 60
27 76
181 91
208 105
230 117
246 125
257 132
259 134
253 134
179 128
224 119
201 109
173 97
144 82
113 64
78 48
62 39
42 29
27 21
21 15
15 15
31 19
46 25
66 35
95 48
128 70
154 85
171 82
197 82
228 97
250 121
257 136
257 136
253 126
244 121
226 119
203 117
173 105
142 83
113 62
85 48
60 41
41 33
27 21
21 11
21 9
31 15
46 25
68 37
93 46
123 56
154 74
181 91
207 107
228 117
246 125
255 130
259 134
253 134
242 130
224 121
199 107
171 93
144 80
115 68
85 54
60 39
41 27
29 19
21 17
21 15
29 15
46 23
68 33
93 46
121 60
152 74
181 89
208 103
230 117
246 125
257 132
259 134
253 134
242 128
226 123
205 115
177 107
140 85
103 56
80 35
60 27
42 25
27 19
19 13
21 9
33 13
48 25
68 39
93 52
123 62
152 72
181 87
207 105
228 117
246 125
255 126
257 130
255 132
244 130
222 119
201 107
175 95
144 82
113 68
83 54
60 39
41 27
27 19
21 15
21 13
31 17
44 23
66 33
91 44
123 60
152 76
181 89
207 103
230 115
248 125
255 132
259 134
253 132
242 128
224 119
201 111
173 97
144 83
115 66
87 52
60 39
41 29
27 21
21 15
21 15
31 17
46 25
68 37
99 56
126 74
146 76
169 72
201 82
232 105
250 128
255 138
257 132
253 125
244 123
226 123
203 119
173 103
142 80
115 62
85 50
60 42
39 31
25 17
21 9
21 9
29 15
44 25
68 35
93 44
123 56
152 74
181 89
208 105
230 117
246 123
255 128
259 134
255 134
242 128
224 119
201 109
175 97
144 83
113 68
85 50
62 37
41 27
27 21
19 15
21 13
31 17
44 25
66 35
93 46
123 60
152 74
181 89
207 103
230 117
248 126
255 132
257 134
253 134
244 130
228 125
208 123
173 105
134 76
105 50
83 37
62 33
41 27
27 19
21 11
23 9
33 15
46 29
68 42
93 50
121 60
152 72
181 91
205 105
228 117
246 123
255 126
259 130
253 130
242 126
226 119
203 109
173 97
144 82
115 68
87 52
62 41
41 27
27 19
21 15
21 15
29 17
44 21
68 33
93 46
123 60
150 74
179 89
207 101
230 115
248 126
255 132
259 134
255 134
244 130
224 123
201 111
173 97
144 82
115 66
85 52
62 41
41 29
27 21
21 15
23 15
31 19
44 27
68 39
99 58
121 70
140 64
169 64
207 85
234 115
248 132
253 132
257 126
257 126
246 130
226 130
201 119
173 97
144 78
115 64
85 54
60 42
41 29
27 15
21 11
21 11
31 19
44 25
66 33
91 42
121 56
150 74
181 91
208 107
228 115
246 123
257 130
259 136
253 134
242 128
224 121
201 109
173 97
144 82
115 68
87 54
60 39
42 27
27 21
21 15
21 15
29 15
44 23
66 33
91 46
121 58
150 72
181 87
208 105
230 119
246 126
257 132
261 136
255 136
244 132
230 128
205 119
167 97
132 70
107 48
87 41
64 37
41 29
25 17
21 9
25 11
33 21
44 31
64 37
91 44
123 58
152 76
179 91
205 105
228 113
246 121
255 128
257 134
253 134
244 128
226 119
201 107
173 95
144 83
115 70
85 52
62 39
42 27
29 19
21 15
21 13
29 15
44 21
66 31
93 44
123 60
152 76
179 89
207 103
228 117
246 125
257 132
259 134
253 132
244 128
224 121
201 111
173 97
144 82
117 66
87 52
62 41
42 29
29 21
23 17
21 17
29 19
44 23
72 41
97 58
115 60
138 56
175 66
210 93
232 121
244 132
255 128
259 126
257 130
244 134
224 130
203 115
175 93
144 78
115 66
85 56
60 42
41 25
27 15
21 11
21 13
29 19
44 25
66 33
93 44
121 60
150 76
179 91
207 103
228 115
244 125
255 130
259 134
255 132
244 128
224 119
201 109
175 97
146 83
115 68
87 50
62 39
42 29
27 21
19 15
21 13
29 15
44 23
66 35
91 46
121 58
152 74
179 89
207 105
228 117
246 126
255 132
259 134
255 136
248 134
232 132
201 117
164 89
136 64
113 52
89 48
62 41
41 27
27 13
23 9
23 13
31 21
46 29
66 37
91 44
121 56
150 74
179 91
205 103
226 113
246 121
255 128
259 134
255 134
244 128
226 119
203 109
173 97
144 83
115 68
87 52
62 41
41 29
27 19
21 13
21 13
31 17
44 23
66 33
91 44
121 60
150 74
179 89
207 103
228 117
246 125
255 130
259 132
255 132
244 130
224 123
203 111
175 97
146 82
115 68
87 52
62 39
42 27
27 19
21 15
23 17
31 21
44 29
72 46
89 52
111 48
140 50
179 74
208 101
230 121
244 125
255 125
259 125
257 136
246 140
224 128
201 109
175 91
146 80
115 70
85 58
60 39
42 23
27 13
19 11
19 13
31 19
46 23
66 31
91 44
119 60
150 78
179 91
205 103
228 113
246 123
255 130
259 134
253 132
244 126
226 119
203 111
173 97
144 80
117 66
89 52
62 41
41 29
27 21
23 17
21 15
29 17
44 23
66 33
91 46
121 58
150 74
179 87
207 103
228 115
246 125
255 130
261 136
257 138
250 138
228 130
195 107
164 82
140 66
117 58
89 50
62 39
41 25
29 15
23 13
25 19
31 25
44 29
64 33
91 42
121 60
150 76
177 89
205 99
228 111
246 123
255 130
259 134
255 132
244 128
226 119
201 109
175 97
146 85
117 70
87 54
60 37
42 29
29 21
21 17
21 15
29 15
44 23
66 33
91 44
121 60
150 74
179 87
207 103
228 115
246 125
255 132
259 134
253 132
244 128
226 121
201 111
173 97
146 82
117 68
89 54
62 41
42 29
29 21
21 17
21 17
29 19
48 33
68 44
82 41
109 39
144 52
181 82
208 109
226 119
244 119
257 123
263 134
257 142
244 138
224 125
201 105
175 93
146 83
115 72
85 54
62 35
42 23
27 17
19 17
21 17
29 15
44 21
64 29
91 44
121 60
150 76
179 87
205 101
228 115
246 126
255 132
259 134
255 132
244 128
226 121
203 111
177 99
146 83
109 68
87 52
62 39
42 29
29 23
21 15
21 13
29 17
44 25
66 33
89 46
119 58
150 74
179 89
207 103
228 115
246 126
7 132
261 136
257 138
251 142
125 125
193 93
167 82
144 70
119 62
87 54
60 39
41 23
31 15
15 15
23 19
29 21
44 23
3 29
91 42
119 60
23 74
177 78
205 99
220 113
244 125
5 132
259 134
251 125
244 126
226 119
203 113
175 93
146 83
115 66
80 52
64 41
39 29
27 21
21 15
21 13
29 17
42 23
3 33
83 44
121 58
23 74
177 80
205 103
228 117
242 125
5 125
259 134
251 125
181 125
226 123
203 111
171 97
146 82
109 68
89 54
64 42
42 31
29 23
21 17
21 15
33 23
46 39
60 37
78 29
111 35
17 58
181 89
207 111
218 115
246 117
257 125
261 138
255 144
236 136
226 121
203 107
175 95
146 85
117 70
87 52
62 35
42 23
29 19
21 17
21 15
29 15
44 21
64 31
91 44
119 58
150 74
179 87
205 103
226 115
246 125
255 132
259 134
253 130
244 128
228 121
203 111
175 97
146 82
109 66
89 54
62 41
42 29
27 19
21 15
21 15
29 17
44 23
64 31
91 44
119 58
148 74
179 87
205 103
228 115
246 125
255 132
261 136
263 144
246 140
216 119
193 95
173 80
150 76
117 70
85 54
62 35
44 23
31 19
21 19
21 21
29 21
44 23
64 31
89 44
119 60
148 76
177 87
205 99
226 111
246 125
255 132
257 132
255 130
246 128
226 123
203 113
175 97
146 82
117 68
87 54
62 41
42 29
29 19
21 13
21 13
29 17
44 23
64 31
91 44
119 58
148 72
177 87
207 103
228 115
244 125
255 132
259 134
255 134
244 128
226 121
203 111
175 97
146 83
109 68
89 54
64 41
42 29
29 21
21 17
21 17
35 29
44 33
54 25
80 23
117 39
150 66
181 95
205 107
226 111
246 117
259 130
261 142
255 144
242 132
226 115
205 105
177 99
146 87
115 70
87 48
64 35
42 27
27 23
21 19
21 15
29 13
42 21
64 33
89 46
119 58
150 72
179 87
205 101
228 115
244 126
255 130
257 132
255 132
244 128
226 123
203 111
175 97
146 82
117 68
89 52
62 39
42 29
29 19
21 15
21 13
29 15
44 23
64 33
89 42
119 58
150 74
179 89
205 103
228 115
246 125
257 134
263 142
259 146
238 130
216 111
197 93
177 85
148 80
117 70
87 50
64 35
44 25
31 23
21 23
21 21
29 17
42 19
64 29
89 46
117 60
146 72
177 83
205 99
226 115
244 126
253 130
259 130
257 132
244 128
226 123
205 113
177 99
146 83
117 68
87 52
62 41
42 29
29 21
21 15
21 13
29 17
42 21
64 31
91 46
119 60
148 74
177 87
205 101
228 115
244 126
253 130
259 132
255 132
244 130
226 123
203 111
177 97
148 82
119 70
87 54
64 41
44 31
29 21
21 17
19 23
1 31
37 15
52 15
83 21
111 46
27 76
177 95
203 101
228 105
248 119
7 136
259 140
253 138
244 126
226 117
205 111
171 93
146 85
117 66
87 48
64 37
35 31
29 23
21 17
21 11
27 13
44 21
66 35
89 48
119 58
148 70
177 85
205 103
226 117
244 123
255 130
251 134
255 134
244 130
226 121
205 111
177 99
140 83
117 68
89 52
64 41
42 29
29 19
21 15
21 13
29 15
44 23
66 33
89 44
119 60
148 74
177 87
205 103
228 117
246 126
257 134
267 144
255 142
234 125
216 105
201 95
179 91
148 83
115 68
87 48
66 35
46 27
31 27
21 23
19 15
29 15
44 21
64 33
87 46
117 58
23 70
177 83
203 99
226 115
246 125
255 130
259 132
255 132
244 130
228 123
205 113
177 97
148 82
119 68
89 54
64 41
42 29
29 17
21 13
21 11
29 15
44 23
64 33
89 44
119 58
148 74
177 87
203 101
226 115
244 125
255 132
259 134
255 134
244 130
228 121
205 111
177 99
148 83
117 68
89 54
64 42
44 31
29 21
21 17
27 25
29 27
33 13
52 9
87 27
123 54
150 80
175 89
203 95
228 105
248 125
255 138
259 142
255 134
246 126
226 119
203 113
177 101
148 83
117 64
87 48
64 39
44 31
29 23
21 13
21 9
29 15
44 25
64 37
87 44
119 56
148 70
177 87
203 103
226 115
246 123
255 128
259 132
255 132
246 130
226 121
205 111
177 97
148 82
119 68
89 54
64 41
44 29
29 21
21 15
21 15
29 17
42 23
64 33
89 44
117 56
148 72
179 89
205 103
228 117
246 126
261 140
263 144
248 136
232 119
222 105
205 101
177 95
146 82
117 66
91 48
66 41
44 33
29 27
21 19
21 15
29 15
41 23
62 33
87 44
117 56
146 68
175 83
205 99
228 115
244 125
253 128
259 132
255 134
244 130
226 123
205 111
177 95
148 80
119 70
89 54
64 42
44 29
29 19
21 15
21 13
29 17
42 23
64 31
89 42
117 58
146 74
177 87
203 101
226 113
244 125
255 132
259 134
255 134
246 130
228 123
205 111
177 97
150 83
121 70
89 56
64 42
44 31
31 23
25 25
25 27
21 13
31 1
58 9
91 35
121 62
148 80
175 85
205 93
230 109
248 130
255 142
257 140
253 130
244 125
226 121
203 115
175 99
148 82
119 64
89 52
64 42
42 31
29 21
21 13
21 13
27 17
42 21
64 33
89 42
117 56
148 70
177 87
203 101
226 113
244 123
255 128
259 132
255 134
244 130
224 119
205 109
179 99
148 87
117 70
89 54
66 41
44 31
29 23
21 17
21 13
29 15
42 21
62 31
89 44
117 58
148 72
175 87
205 101
228 117
248 130
261 142
255 140
246 125
236 111
226 107
205 103
177 97
148 82
119 64
91 48
66 41
46 35
29 27
21 17
21 11
29 11
41 19
64 33
87 44
117 54
148 68
175 85
203 101
224 115
244 123
255 130
259 132
255 132
244 130
226 123
205 111
179 99
148 83
119 68
89 54
64 41
42 29
29 19
21 15
21 13
27 15
42 21
64 31
89 44
117 58
146 70
177 85
205 101
226 115
244 123
255 130
259 134
255 132
244 128
228 121
207 113
179 101
148 85
119 68
91 56
66 44
44 33
31 25
27 27
17 19
17 1
33 0
62 15
93 42
119 64
144 74
175 80
207 95
230 119
246 134
253 138
257 132
255 126
246 126
228 125
203 115
175 97
148 80
119 64
89 54
64 42
44 31
29 19
21 11
19 11
29 17
42 25
62 33
87 42
117 56
146 72
175 89
203 101
226 113
244 121
255 128
257 132
255 132
246 130
228 123
205 111
177 97
148 83
119 70
89 56
64 41
42 29
29 21
21 15
21 15
29 17
42 21
64 31
87 44
117 58
146 74
177 87
205 103
228 117
250 132
255 138
251 130
248 123
240 115
228 113
207 109
177 99
148 82
119 64
93 52
66 44
42 35
29 23
21 13
23 13
29 19
41 25
62 31
89 41
117 52
146 70
175 85
203 101
226 113
244 123
253 128
257 132
255 136
246 132
226 123
205 109
179 97
150 83
119 70
89 54
64 39
44 27
29 21
21 15
21 15
29 17
42 21
62 31
87 42
117 58
146 72
177 87
203 101
226 113
244 125
255 130
259 132
255 132
246 130
228 123
205 111
177 99
150 83
121 68
91 56
66 42
44 33
35 33
23 27
13 9
15 0
39 0
66 25
89 48
115 60
146 66
177 80
207 99
226 121
244 132
255 134
259 132
253 130
244 130
228 125
205 113
177 95
148 80
119 66
91 56
66 42
44 29
29 19
21 13
21 15
27 17
41 23
62 31
87 41
117 56
148 74
175 87
203 101
226 113
244 123
255 130
259 134
255 134
246 130
226 121
205 111
179 99
150 85
119 70
89 52
66 41
44 31
29 23
21 17
21 13
29 15
42 23
62 31
87 42
117 58
148 72
175 87
205 103
230 119
250 134
251 134
248 123
248 115
246 117
230 119
205 111
175 95
150 78
123 64
93 56
66 48
44 35
31 21
23 13
21 13
27 17
41 23
62 29
87 39
117 54
146 70
175 85
203 101
226 113
244 123
255 130
259 134
255 134
244 128
228 123
205 111
179 99
148 83
119 68
91 54
66 41
44 31
29 21
23 15
21 15
27 15
41 19
64 33
89 44
117 58
146 72
175 85
203 101
226 115
244 125
253 128
259 132
255 134
246 130
228 123
207 113
179 99
150 85
119 70
91 56
66 42
48 37
35 35
15 17
9 0
19 0
41 7
66 33
87 50
115 56
146 62
177 82
205 105
226 125
244 130
253 128
259 128
255 132
244 132
226 126
205 109
177 91
150 80
119 68
91 56
66 42
44 27
29 19
21 15
19 15
27 17
42 23
62 31
87 42
115 54
146 72
175 87
203 103
224 113
242 123
255 130
259 136
255 134
246 128
228 121
207 111
179 99
148 83
121 70
91 54
66 41
44 29
29 21
21 15
19 13
29 15
41 23
64 31
87 42
117 58
146 74
177 89
205 105
232 125
242 130
244 125
250 119
251 117
248 123
228 121
205 109
179 91
152 78
123 70
91 60
66 48
37 33
29 19
21 11
21 13
27 17
41 23
60 29
87 39
111 54
21 64
173 87
201 99
226 111
244 123
5 130
250 134
255 134
246 130
228 121
205 111
171 99
150 83
121 70
91 54
64 39
44 29
29 19
21 13
21 13
29 15
41 21
62 31
87 42
117 58
146 72
173 87
203 99
224 113
244 123
255 130
259 134
255 132
246 128
228 123
207 113
179 99
150 85
121 70
93 56
66 44
50 41
31 31
13 7
11 0
25 0
44 17
64 37
85 44
113 50
146 62
177 85
205 109
224 121
242 123
255 125
259 132
255 136
244 132
228 121
207 107
179 95
150 83
119 72
91 56
66 41
44 29
29 19
21 15
23 17
29 17
41 21
60 29
87 42
115 58
144 74
173 85
201 99
226 113
244 125
5 125
259 134
251 132
246 128
228 123
205 111
179 99
150 83
123 70
91 56
66 41
44 31
31 21
21 15
21 13
27 15
42 23
62 33
87 42
117 58
146 74
177 89
207 109
228 123
236 125
244 117
251 117
255 123
248 126
228 123
205 107
179 91
154 82
123 74
91 64
66 46
44 29
29 17
21 15
19 17
25 17
41 19
62 27
85 39
115 56
144 72
175 87
203 99
224 113
242 123
255 132
257 134
255 134
246 130
228 123
205 111
179 99
150 85
119 70
91 54
66 41
44 29
29 21
21 15
21 13
27 15
41 21
62 31
87 44
117 56
144 72
173 85
201 101
226 113
244 125
255 130
257 134
255 134
246 130
228 123
205 111
181 99
152 87
121 74
91 56
72 48
50 42
23 21
7 0
15 0
31 5
37 25
60 37
21 33
115 48
15 68
177 93
193 111
224 117
244 121
5 126
250 132
255 136
244 130
228 119
203 107
181 97
150 85
121 72
91 56
66 39
44 29
31 21
21 17
21 17
27 15
41 21
60 31
85 42
115 56
146 62
175 85
201 99
224 113
234 121
255 130
251 134
255 134
244 128
228 121
208 113
181 101
150 85
121 70
93 54
66 42
44 31
29 21
21 15
21 13
29 15
41 21
62 31
87 44
115 58
146 74
177 91
208 113
222 121
232 117
246 113
257 119
257 128
246 130
226 121
207 107
183 95
154 87
123 76
91 60
66 44
44 29
29 21
21 17
19 15
27 15
41 19
60 27
85 41
115 56
144 72
173 85
201 97
224 111
244 123
255 130
257 134
255 130
248 128
230 123
207 113
179 99
152 83
121 70
93 54
66 42
44 31
29 21
23 15
21 13
27 15
41 21
62 33
87 42
115 56
144 70
173 85
201 99
224 111
244 123
255 130
257 134
255 132
248 130
230 125
207 115
179 103
150 87
123 72
95 60
72 56
42 37
17 7
13 0
19 0
31 15
42 29
60 33
85 35
117 50
146 72
175 95
201 107
224 113
242 117
253 125
257 134
255 136
246 130
228 117
207 107
181 97
152 87
121 72
91 52
68 39
46 29
29 25
21 19
21 15
27 15
41 21
60 29
85 42
115 56
144 72
173 83
201 99
224 113
244 125
253 128
257 130
257 132
248 130
228 125
207 115
179 99
152 83
121 70
91 56
66 42
44 29
31 21
21 15
21 13
27 15
42 21
62 31
85 44
115 56
146 74
181 95
205 111
214 113
232 109
250 111
261 125
257 134
244 132
228 119
208 107
183 97
152 89
123 78
93 60
66 42
44 27
29 19
21 17
21 17
25 15
39 17
60 27
85 42
115 58
144 72
173 83
201 97
224 113
242 123
253 130
259 132
257 132
248 130
228 123
207 113
181 99
150 83
121 70
91 54
66 42
46 31
29 21
21 15
21 13
27 17
39 23
60 29
85 42
115 54
144 72
173 87
201 101
224 113
242 125
255 130
259 134
255 134
248 130
230 123
207 113
181 99
152 87
123 72
99 66
68 52
37 25
19 0
17 0
15 5
29 21
41 25
58 25
85 31
117 52
148 80
173 99
199 105
222 109
244 119
253 130
257 138
253 134
244 125
230 115
207 109
181 101
150 87
123 70
93 52
68 41
44 31
31 23
23 17
21 13
25 13
41 19
60 31
85 42
115 56
142 70
173 83
201 99
224 115
242 123
253 130
259 132
255 134
246 130
228 121
208 113
181 101
152 87
121 70
93 54
68 42
46 31
29 21
23 15
21 13
27 15
41 21
60 29
87 42
117 58
148 78
179 97
197 103
212 103
234 107
253 117
259 128
255 134
244 126
230 117
208 109
183 101
154 91
123 76
93 56
66 39
46 29
31 21
21 17
19 11
27 9
41 15
60 29
85 44
115 58
144 70
173 83
201 99
224 115
242 126
253 130
257 132
255 130
246 128
230 123
207 113
179 99
152 83
123 68
93 56
68 42
46 31
31 21
21 15
19 13
27 13
41 23
62 31
85 42
115 56
144 70
173 85
201 101
224 115
242 123
255 128
259 134
255 132
248 130
232 123
208 115
181 101
152 87
125 76
99 70
62 44
35 13
21 0
21 1
25 15
27 21
39 21
60 23
87 37
117 60
144 80
173 93
201 99
224 107
242 121
251 132
257 134
255 132
246 126
228 119
207 111
181 101
152 87
123 70
93 54
68 41
46 33
31 23
19 13
21 11
29 15
41 23
60 33
83 42
115 54
144 70
173 85
201 101
224 113
242 123
255 130
259 134
255 132
246 130
230 123
208 113
181 99
152 85
123 72
93 56
66 41
44 29
31 21
23 17
21 15
27 17
41 21
62 31
87 44
115 60
150 82
175 93
191 95
212 95
238 105
255 121
261 132
255 134
244 125
232 117
210 113
183 105
152 93
121 74
93 54
68 41
44 31
29 23
21 17
19 13
25 11
39 17
60 29
85 42
113 56
142 70
173 83
201 99
224 113
242 125
253 130
257 132
255 132
246 130
230 123
208 111
181 99
152 83
123 70
93 54
66 41
46 29
33 23
21 17
21 15
27 15
41 21
60 31
83 44
113 56
144 72
173 85
199 97
224 113
244 125
255 130
257 134
257 134
248 130
230 125
208 115
181 101
154 89
128 83
93 66
56 33
37 9
29 3
25 13
23 21
25 19
39 15
62 23
87 42
115 64
142 80
171 87
199 93
224 107
242 125
253 134
257 134
255 130
248 125
232 123
208 117
181 103
152 83
123 66
93 52
68 42
46 33
31 23
23 15
21 13
27 15
41 23
60 33
83 42
113 54
142 68
173 83
201 99
224 113
242 123
253 128
259 132
257 134
246 130
230 123
208 113
183 101
152 87
123 70
93 54
70 42
46 33
31 23
21 15
21 13
29 15
41 21
60 31
85 44
119 62
148 82
166 87
189 87
216 93
242 111
255 126
257 132
253 130
246 125
234 119
210 117
183 107
152 91
123 72
95 54
66 41
44 33
29 23
21 13
19 7
25 11
41 19
60 31
85 42
111 54
142 68
173 83
201 101
222 115
242 123
255 130
259 132
255 134
246 130
230 123
208 113
181 101
152 85
123 70
95 58
68 44
46 31
31 21
23 15
21 13
27 15
41 21
60 29
85 41
113 56
142 70
171 85
201 99
224 113
242 123
255 130
259 132
255 134
248 130
230 125
208 115
181 103
154 91
128 83
87 56
56 25
41 7
33 11
25 17
19 19
23 13
41 13
62 25
87 46
113 66
140 76
171 82
199 93
222 111
242 126
251 132
257 130
257 128
248 126
230 125
208 115
181 101
154 85
123 70
93 56
68 44
46 33
31 21
21 13
19 13
27 15
41 21
58 29
83 41
113 54
144 70
171 85
199 99
222 113
242 123
253 130
257 132
255 134
248 130
232 123
208 113
183 101
154 85
123 72
93 56
68 42
46 31
31 21
23 17
21 15
27 17
41 21
60 33
87 46
119 68
15 76
162 78
191 82
220 97
244 117
253 130
257 130
255 128
248 126
232 123
210 117
183 107
154 89
123 72
93 56
68 42
46 33
29 21
21 13
21 9
27 13
39 21
58 29
83 41
113 54
142 70
171 85
199 99
222 113
242 123
253 128
259 134
255 134
248 130
230 123
208 113
183 101
154 87
123 72
93 56
68 41
48 31
31 23
21 17
19 13
27 15
41 19
60 29
83 41
113 56
144 70
171 85
199 99
222 113
242 123
255 130
259 134
257 134
248 132
232 125
208 115
177 105
160 99
115 78
83 44
58 19
44 13
35 21
15 23
15 15
17 7
42 13
62 31
85 52
111 64
142 70
171 80
191 95
222 113
240 125
3 130
251 130
255 128
246 126
232 125
208 117
181 101
154 83
123 70
95 56
68 44
46 33
31 19
21 13
21 13
27 17
39 23
58 31
83 41
113 54
142 70
171 85
199 99
222 111
242 123
253 130
259 134
257 134
248 132
230 123
208 113
183 103
154 87
125 72
93 56
70 42
48 33
31 23
21 17
19 13
27 15
41 23
60 35
89 50
115 66
134 68
160 70
193 80
224 101
244 123
251 130
257 130
257 126
251 128
232 128
208 121
181 105
154 83
125 70
93 56
68 44
46 31
31 21
23 13
19 11
25 13
41 21
60 31
83 41
111 54
142 70
171 85
199 99
222 111
242 123
253 128
259 134
257 134
248 132
230 123
208 113
183 101
154 85
123 72
95 56
68 42
46 31
31 21
23 15
21 13
25 15
39 19
60 29
85 42
113 56
142 70
171 83
191 99
224 113
234 123
3 130
251 134
257 134
248 132
232 125
208 115
189 111
156 99
115 68
83 37
64 21
50 23
35 27
21 21
19 9
27 5
42 17
62 37
83 52
111 60
17 66
171 80
187 97
222 115
240 125
3 126
250 126
257 130
248 130
232 126
208 115
183 97
154 83
125 72
95 60
68 42
46 29
31 19
23 15
19 15
25 15
39 19
60 29
83 42
111 56
142 70
171 85
199 99
220 109
242 121
5 130
251 134
255 132
248 128
230 123
210 113
183 101
154 85
125 70
95 56
70 44
46 33
31 23
23 17
21 15
25 15
41 23
64 37
91 58
109 60
130 60
164 66
197 85
224 109
240 123
251 126
259 126
259 130
250 132
232 130
210 119
183 101
154 85
123 72
93 58
68 44
48 31
31 19
21 13
19 11
27 17
41 23
58 29
83 39
111 54
142 70
171 85
197 99
222 111
234 121
3 130
250 134
257 134
181 130
230 125
208 113
183 101
154 87
125 74
95 58
68 42
48 31
33 23
23 17
19 13
27 15
41 23
58 31
82 42
111 54
142 70
171 83
199 99
222 113
242 123
253 130
259 134
257 134
248 132
232 126
212 121
189 115
150 89
113 56
87 33
70 31
50 33
31 29
19 15
21 5
29 9
42 25
58 41
19 48
111 54
17 66
162 83
197 103
220 115
240 121
3 125
251 128
257 134
248 132
232 125
210 111
185 99
154 85
123 72
97 58
70 44
46 31
31 21
23 15
21 15
27 17
39 21
58 29
83 41
111 54
140 70
169 83
199 97
222 111
242 123
253 130
250 134
257 134
248 130
232 123
208 115
175 101
154 87
125 74
95 58
70 42
48 31
33 21
25 17
21 17
27 17
41 25
66 41
83 50
101 50
130 54
167 68
199 89
222 111
240 123
251 126
259 130
259 134
250 136
232 130
210 117
183 99
154 85
125 72
95 58
68 42
46 27
33 19
23 15
19 15
25 15
41 19
60 29
83 41
111 56
140 70
171 83
199 99
220 111
240 121
253 128
259 132
255 132
248 128
232 123
210 113
183 99
156 87
125 72
95 56
70 44
48 33
33 23
21 17
21 15
27 17
41 21
58 29
83 42
111 54
140 70
169 83
199 99
222 113
242 123
253 130
259 134
257 136
248 132
232 126
214 125
185 111
144 78
115 48
93 35
74 39
50 39
31 27
21 9
21 3
29 15
41 29
58 39
82 42
111 50
140 66
169 83
195 101
222 113
242 119
253 126
257 132
255 134
248 132
232 123
210 111
183 99
154 87
125 74
95 58
68 41
48 31
33 23
23 17
19 15
25 15
41 19
58 29
19 41
111 54
15 68
162 83
199 99
222 111
234 123
3 130
259 134
255 132
246 128
234 123
212 117
185 103
154 87
125 72
97 58
70 44
48 33
31 23
23 15
21 13
27 19
42 27
64 41
78 42
99 42
132 50
169 70
201 95
222 113
238 121
253 125
261 130
259 136
248 138
232 130
210 115
185 101
156 87
125 74
95 58
70 42
46 29
33 19
21 13
19 13
27 15
41 21
58 29
82 41
111 54
140 70
169 83
197 99
222 111
242 121
251 128
257 132
257 132
250 130
232 125
208 115
183 101
156 87
126 72
97 58
68 44
48 31
33 23
23 17
19 13
25 15
39 21
58 29
82 41
111 54
140 68
171 83
199 99
222 113
240 123
253 130
259 132
259 136
248 134
234 132
214 128
179 101
142 68
119 50
99 46
74 46
46 37
29 17
23 7
25 11
29 21
39 29
58 33
82 39
111 48
140 68
169 87
197 99
220 109
240 117
251 125
259 132
257 138
248 132
232 123
210 111
185 103
156 91
125 76
95 56
70 41
48 29
31 21
21 17
21 15
27 15
39 19
58 29
83 42
111 56
140 70
169 83
197 97
220 111
240 123
253 128
259 134
257 134
248 130
232 125
210 115
185 103
156 87
126 74
97 58
70 42
48 31
33 23
23 17
21 15
29 19
46 33
58 37
72 35
99 37
138 52
171 78
197 99
218 109
238 115
257 125
263 136
257 142
248 138
232 126
212 113
185 103
154 89
125 74
95 56
70 41
48 29
33 21
23 15
19 15
27 13
39 19
58 29
82 41
111 56
140 70
169 83
197 97
222 111
242 123
253 130
259 132
257 132
248 130
232 123
210 115
185 103
156 89
125 72
95 56
72 44
50 33
33 23
21 15
21 15
25 15
39 21
58 31
82 41
111 54
140 68
167 83
199 97
224 113
242 125
251 130
257 134
257 136
251 134
238 138
208 121
173 89
146 64
126 56
99 56
70 50
46 33
33 15
25 9
23 15
27 25
39 29
56 31
82 35
109 50
138 70
167 85
197 97
220 107
240 117
253 128
259 136
257 136
250 130
232 123
210 115
183 103
156 89
126 72
97 56
70 42
48 31
33 23
23 17
21 13
25 15
39 19
58 29
82 41
109 54
138 66
169 82
199 99
222 113
240 123
253 128
259 132
257 134
248 132
232 125
210 113
185 101
156 85
125 70
99 56
72 44
50 33
33 23
23 17
23 17
33 27
41 33
50 27
70 25
105 37
140 58
169 82
197 99
220 109
240 115
255 126
261 138
257 142
248 136
232 123
210 111
185 101
156 89
125 74
95 54
72 39
50 29
33 23
21 17
19 13
27 15
39 21
56 29
82 41
109 52
138 68
167 82
197 99
222 113
240 123
253 130
257 132
257 132
248 130
232 125
210 115
183 101
156 85
126 72
97 58
70 44
48 31
33 21
23 15
19 15
25 13
41 19
58 29
82 42
109 54
138 68
169 83
197 99
220 113
240 123
253 130
259 134
257 136
251 140
236 136
203 109
173 80
154 66
128 66
101 64
70 48
46 27
33 13
25 13
23 21
27 25
37 25
56 25
82 35
109 52
138 72
167 85
197 95
220 105
240 117
253 128
257 134
257 134
248 128
232 123
210 115
185 105
156 89
126 72
97 56
70 42
48 33
33 23
21 15
19 11
27 15
39 21
56 29
82 39
111 52
140 68
167 83
195 99
220 111
242 121
253 130
257 134
257 134
248 130
234 125
212 115
185 103
156 87
125 72
97 58
72 44
48 33
33 23
25 15
25 21
33 31
35 25
46 19
3 23
107 41
0 64
162 85
195 97
220 105
242 117
1 130
251 140
257 140
248 130
232 121
212 115
185 105
156 89
126 72
93 56
70 41
48 31
33 23
23 19
21 15
25 15
39 19
58 29
82 42
109 54
138 68
167 82
197 99
220 113
240 123
251 128
259 132
257 134
248 130
232 125
210 115
185 103
156 87
126 74
97 56
72 42
50 33
33 23
23 17
19 15
25 15
39 21
58 29
82 41
109 54
140 68
169 83
197 97
220 111
240 123
253 132
259 134
261 140
255 144
228 128
199 99
177 78
158 74
130 76
97 64
68 42
50 23
37 17
25 21
21 25
25 21
39 21
56 25
80 39
107 56
138 72
167 82
197 91
220 105
240 121
251 132
257 134
257 130
250 128
234 125
212 117
185 105
156 87
126 72
97 56
70 42
50 33
33 23
23 17
19 13
25 15
37 19
56 29
82 41
109 52
138 68
169 83
197 99
220 113
240 121
253 128
259 132
257 134
250 132
232 125
212 115
187 103
158 89
126 72
97 58
72 44
50 35
33 27
23 19
29 23
27 25
29 19
44 13
76 23
111 44
140 68
166 83
195 93
222 105
244 119
255 134
259 140
257 136
248 130
232 123
210 115
185 103
156 87
125 70
97 54
70 42
33 33
33 25
23 17
21 13
25 15
39 21
56 31
80 41
109 52
138 68
167 83
195 99
220 111
240 121
253 126
259 132
257 134
248 132
234 125
212 115
185 101
156 87
126 72
101 60
72 46
48 33
33 23
25 17
21 15
25 17
39 21
56 29
82 41
109 54
138 68
167 83
197 97
220 111
240 123
3 130
251 136
263 146
248 142
222 115
193 91
185 82
160 83
128 80
97 62
62 39
46 23
37 21
17 25
21 25
25 19
37 17
56 23
80 41
107 56
136 68
167 78
197 91
220 109
238 123
3 132
259 134
257 132
250 130
234 125
212 117
187 101
158 85
126 70
93 58
72 46
50 33
33 23
23 15
19 13
25 15
37 23
56 31
80 39
109 52
130 68
167 83
195 97
220 109
240 121
3 130
250 134
257 134
250 130
234 125
212 115
185 103
158 89
128 74
99 60
72 44
48 33
35 25
27 23
25 25
19 17
27 7
48 9
80 27
109 50
136 68
166 80
197 91
222 107
240 123
253 134
259 138
257 136
248 128
232 123
212 115
185 105
156 87
126 68
97 52
72 42
50 33
33 23
23 15
21 11
25 15
37 21
56 29
80 41
107 52
138 68
167 82
195 97
220 109
238 119
251 126
259 132
257 134
250 132
232 125
212 115
187 101
158 89
126 74
97 58
72 44
50 33
33 23
23 15
19 13
25 13
39 19
56 29
80 39
109 52
5 66
167 82
197 97
220 111
242 125
253 132
259 140
261 146
242 130
222 107
207 93
187 91
160 91
128 78
97 54
72 37
52 29
37 29
23 27
19 19
23 11
37 15
56 27
80 42
107 54
136 64
166 76
195 93
218 109
240 125
253 132
259 134
257 132
250 130
234 126
212 117
185 103
158 85
128 72
99 58
72 46
50 33
33 21
23 15
21 13
25 15
37 21
56 29
82 39
107 54
138 68
166 82
195 95
220 107
240 121
253 130
257 134
257 134
250 130
234 125
212 115
187 103
158 89
128 74
99 58
72 44
52 35
37 27
31 29
19 21
15 9
27 3
54 11
82 31
109 52
136 68
166 80
195 91
222 109
234 126
0 138
257 136
257 132
250 128
234 126
203 119
185 103
158 85
125 68
99 56
72 44
50 33
35 23
25 15
19 13
25 15
39 21
56 29
80 41
107 52
136 66
167 82
195 97
220 111
238 121
1 128
251 134
257 134
248 132
234 125
210 113
187 103
158 89
128 76
99 60
72 46
50 33
33 23
23 17
21 15
17 15
5 19
48 27
80 41
107 54
138 66
166 82
197 97
220 113
240 125
253 132
265 146
255 142
238 121
224 101
212 99
191 101
160 95
126 74
99 52
74 39
54 35
35 33
21 25
19 13
25 9
37 15
54 29
78 42
105 52
136 64
167 78
195 97
218 113
238 125
251 128
257 130
257 132
250 132
234 126
212 115
187 101
158 87
128 74
99 60
72 44
50 33
33 23
23 15
19 13
25 15
37 21
56 27
80 37
107 50
138 68
167 83
195 97
218 109
240 121
253 130
259 134
255 132
250 128
236 125
214 117
187 105
158 89
128 74
101 60
74 46
52 37
39 33
27 27
13 15
13 1
31 1
56 17
82 37
107 52
136 66
167 78
197 95
222 115
240 128
251 132
259 134
257 132
248 130
232 126
212 115
185 101
158 83
128 70
99 60
74 46
50 33
33 21
23 15
19 13
25 17
37 23
54 29
80 37
107 50
138 66
167 83
195 99
218 111
234 119
1 126
250 132
257 134
250 132
234 125
212 113
187 103
158 89
128 76
99 60
72 44
50 33
33 23
21 15
21 13
27 15
39 19
56 29
80 41
107 54
138 68
167 83
195 97
220 111
240 123
257 136
261 144
250 130
238 111
230 105
216 109
189 109
158 93
126 70
101 52
76 42
50 39
35 33
23 23
19 13
25 11
37 19
54 31
78 41
107 50
136 60
166 78
195 97
220 113
240 123
251 126
259 132
257 134
250 132
234 125
212 113
187 101
158 87
128 74
99 58
72 42
50 31
33 21
25 17
21 15
25 15
37 19
54 27
80 39
107 54
136 68
166 82
195 95
218 111
238 121
251 128
259 132
257 134
250 130
234 125
212 115
187 103
160 89
128 74
99 58
76 46
54 39
41 37
19 21
9 5
15 0
35 5
58 23
80 39
105 50
136 60
167 78
197 97
220 115
240 126
251 130
257 132
257 132
248 132
234 126
212 115
187 99
158 83
128 70
99 58
74 46
50 35
33 23
23 17
21 15
25 17
37 21
56 29
80 39
107 52
136 66
166 82
195 95
218 109
238 119
251 126
259 132
257 134
250 130
234 125
212 115
187 103
158 87
128 74
101 58
74 46
50 35
33 23
23 17
21 15
25 15
37 21
54 29
80 39
107 52
136 68
166 82
195 97
220 113
242 126
257 142
255 136
246 119
242 107
236 111
216 117
187 109
156 87
128 64
103 52
76 50
52 42
33 29
23 15
21 9
25 13
37 23
52 31
78 37
107 46
136 62
166 80
195 99
220 113
240 119
251 126
257 132
257 136
250 134
234 125
212 113
187 99
158 87
130 74
101 60
72 44
50 33
33 21
23 17
19 15
25 15
37 19
54 27
80 39
105 52
136 68
166 82
195 95
218 109
238 121
251 130
259 134
257 134
250 130
234 125
214 115
187 103
158 87
130 74
103 62
76 50
58 44
35 33
15 13
9 0
19 0
37 11
56 25
78 39
107 48
136 62
167 80
197 99
218 117
238 125
251 126
257 130
257 134
248 132
232 125
212 113
187 99
160 87
128 74
99 58
74 44
52 33
33 23
23 17
21 15
25 17
37 19
54 27
78 37
107 50
136 68
166 83
193 95
218 109
238 121
251 130
257 134
257 134
250 130
234 123
214 115
189 105
160 91
130 74
99 58
74 44
52 33
35 25
23 17
19 13
25 15
37 19
56 29
78 41
105 52
136 68
166 83
195 97
220 113
244 130
253 138
248 125
246 111
246 109
238 121
214 123
187 107
158 83
130 66
103 60
76 54
50 42
33 25
23 11
21 9
23 15
35 23
54 27
78 33
107 44
136 64
166 83
193 99
218 111
238 119
251 126
259 134
257 136
250 132
232 123
212 113
189 103
162 91
128 76
99 58
74 44
52 33
35 25
23 17
19 15
23 13
37 17
54 27
78 41
107 54
134 68
166 80
193 93
218 109
240 123
251 130
257 132
257 132
250 130
234 126
214 117
189 103
160 89
130 74
103 62
78 52
56 44
29 27
11 5
11 0
25 1
39 15
54 29
76 37
105 44
138 62
167 83
195 103
218 115
238 121
251 125
257 132
255 134
248 132
236 125
214 113
187 99
158 85
130 74
101 60
74 44
50 33
35 21
23 17
21 15
25 15
37 19
54 27
80 39
105 52
134 64
166 82
195 97
218 111
238 121
251 126
259 132
257 134
250 130
234 125
214 115
189 103
160 89
130 74
101 60
74 46
52 33
35 23
23 15
19 13
25 15
37 21
54 29
78 41
105 52
136 66
166 83
195 99
222 117
242 134
246 126
246 113
253 111
251 123
238 128
212 121
187 99
162 80
125 72
103 66
74 54
50 39
35 21
15 13
19 13
23 19
35 23
54 25
78 31
105 44
136 66
166 83
193 99
216 107
238 117
251 128
257 134
257 136
250 132
234 125
214 115
189 103
160 89
130 74
101 58
74 42
50 33
35 23
23 17
19 15
23 13
37 19
54 27
78 39
105 52
134 66
166 82
193 97
216 109
238 119
251 126
259 132
257 134
250 130
234 125
214 117
189 103
162 91
130 76
103 64
82 56
50 41
23 15
13 0
19 0
27 9
37 19
52 25
76 33
107 46
138 68
166 87
193 103
218 111
238 119
251 126
257 134
257 136
250 130
234 121
212 111
189 101
162 89
130 76
101 58
74 44
52 33
35 25
23 19
19 15
23 13
37 19
52 25
78 39
107 54
134 66
164 82
193 95
216 107
238 119
251 130
250 134
255 132
250 130
236 125
214 117
189 103
162 89
130 74
101 58
74 44
37 33
35 23
25 17
19 15
15 15
0 19
46 27
17 41
107 54
9 68
166 82
195 101
224 123
236 128
240 117
0 109
250 117
251 130
236 130
214 117
189 97
162 83
125 76
103 70
74 52
52 33
35 19
15 13
19 17
23 17
33 17
54 23
78 35
105 50
134 68
164 82
195 95
218 109
238 121
250 128
259 134
257 134
250 130
234 123
214 115
189 105
162 89
130 74
101 60
76 44
52 33
35 25
23 17
19 13
23 13
37 19
54 27
78 39
105 50
134 66
164 82
193 95
218 109
238 123
251 128
257 132
257 132
251 132
236 126
214 117
189 103
162 89
132 78
107 70
78 58
44 33
23 9
17 0
19 1
27 11
37 21
52 25
78 33
107 48
138 70
166 89
193 101
216 109
236 117
251 128
257 136
257 136
248 130
234 119
214 111
189 103
160 91
130 74
103 60
76 44
52 35
35 25
23 19
19 13
23 13
35 17
52 25
78 37
97 52
9 66
164 80
193 93
218 109
238 121
251 128
259 132
259 134
250 130
236 125
214 115
189 103
162 89
130 74
103 60
76 46
52 37
35 25
23 17
21 13
25 15
37 21
54 29
78 39
105 50
136 68
166 83
197 105
220 121
228 117
240 107
253 111
261 128
251 138
234 130
212 111
187 95
156 87
134 78
103 72
70 50
52 31
35 19
15 19
19 19
15 17
31 15
54 21
76 35
105 52
134 68
164 83
193 95
216 107
238 121
1 130
250 134
257 134
250 130
236 123
214 115
189 103
160 87
132 74
103 60
74 46
52 35
35 23
25 17
21 15
23 15
35 19
54 27
78 39
105 50
134 66
164 82
193 95
216 109
236 121
251 128
259 134
257 134
250 130
236 125
216 117
189 105
162 91
