180000 10000000 37748 55
251 130
238 128
238 126
222 121
222 117
214 113
203 111
187 105
179 99
171 97
158 97
125 76
99 50
109 41
103 46
91 54
76 50
64 37
50 27
50 27
42 31
37 31
29 25
27 15
25 11
23 13
23 17
25 19
31 17
35 17
35 19
50 27
60 35
70 39
64 41
93 46
105 54
117 62
5 68
144 64
156 80
160 85
181 91
193 97
205 103
216 109
224 115
222 119
240 123
248 126
1 130
253 130
255 132
257 132
255 132
251 132
248 130
242 126
236 123
228 119
216 113
208 111
189 105
185 97
173 93
162 87
148 82
134 76
123 68
109 62
99 58
91 60
72 50
52 31
42 15
42 11
41 17
33 21
27 17
23 11
25 9
27 15
25 19
29 23
33 23
39 21
44 25
54 29
62 35
74 41
83 42
95 46
109 52
123 62
11 72
148 76
162 82
175 89
187 95
199 103
208 109
220 113
220 115
234 119
242 125
0 130
251 132
253 132
255 130
255 125
253 132
250 132
246 128
240 125
224 121
224 119
214 115
203 107
193 103
181 95
169 91
156 83
142 78
130 72
117 66
103 60
91 52
80 46
68 42
60 37
48 31
35 27
37 23
31 23
31 31
25 27
13 7
13 0
25 0
33 13
37 27
41 27
48 21
60 23
72 37
82 50
89 56
101 54
115 54
128 62
140 74
154 83
166 87
179 87
189 93
203 95
212 109
222 117
234 119
240 121
246 125
0 128
255 125
255 134
255 130
255 130
253 130
240 130
242 128
236 123
228 119
220 115
203 111
195 105
187 99
175 93
162 80
150 80
132 76
123 68
111 60
97 54
85 48
70 42
64 37
56 33
46 31
39 25
33 23
29 19
27 19
25 17
23 17
25 17
29 19
37 25
42 31
41 29
42 19
54 17
72 25
85 39
95 50
105 54
121 58
136 64
150 80
162 91
173 95
185 97
197 99
208 107
216 115
226 119
234 119
242 119
248 123
251 128
253 130
255 130
255 130
255 132
251 130
246 130
240 126
234 123
224 119
214 113
205 109
195 103
181 97
167 89
156 82
144 78
130 72
117 66
103 58
91 50
82 46
70 42
58 37
50 31
42 27
37 23
31 19
27 19
25 17
23 17
25 15
25 15
29 19
35 23
41 25
48 27
56 31
68 37
78 44
89 50
105 60
121 74
125 70
128 56
144 54
166 70
181 91
191 105
201 103
212 101
226 109
234 123
240 132
244 132
250 126
253 126
255 130
255 134
253 134
251 130
248 125
244 123
238 125
230 125
220 119
210 111
201 103
189 101
177 97
164 91
150 83
136 74
125 68
113 62
99 58
85 50
76 42
64 37
54 31
48 29
41 27
35 25
29 19
25 17
23 17
25 17
25 17
27 17
31 17
37 19
42 23
52 29
62 35
72 39
83 44
93 48
107 56
119 62
132 70
146 76
160 83
173 91
191 105
199 111
199 105
205 97
220 97
236 109
244 123
246 128
250 126
255 126
259 130
257 138
253 140
250 134
248 128
242 125
234 123
224 121
216 115
205 107
195 99
183 93
169 91
158 87
144 78
130 70
119 64
107 60
93 56
82 48
70 41
60 35
52 31
42 29
35 23
31 19
29 19
25 17
23 17
23 15
25 17
29 17
33 21
39 21
46 23
56 31
66 37
76 42
87 46
101 52
113 58
125 66
138 72
152 78
164 83
177 89
189 97
201 103
212 109
222 113
230 119
238 123
244 126
253 136
255 142
248 128
246 113
251 113
255 125
251 136
242 132
238 121
232 115
224 117
214 119
203 117
189 105
177 91
166 85
152 82
138 78
126 72
113 60
99 52
87 46
78 44
66 41
56 33
48 27
42 25
35 23
29 23
25 19
25 15
25 15
23 15
27 17
31 19
37 21
42 23
50 27
60 33
70 39
82 44
91 46
103 52
119 60
132 68
144 76
156 80
169 83
183 93
195 103
205 107
214 109
226 115
234 121
242 126
246 128
251 130
255 132
257 134
255 134
255 134
255 136
255 140
240 132
224 117
218 103
216 101
208 103
197 103
183 97
171 87
162 82
150 82
134 80
121 74
107 62
95 52
82 46
72 42
62 39
52 33
42 25
37 21
33 19
27 19
25 17
23 15
25 15
25 15
27 19
33 21
41 23
46 27
54 29
64 33
74 39
87 44
99 52
111 56
123 62
136 68
150 78
162 83
175 89
187 93
199 101
210 107
218 113
230 117
238 123
244 126
248 128
251 130
255 132
257 132
255 132
253 132
251 130
246 128
240 126
232 123
224 119
214 115
203 109
193 105
185 107
167 99
144 76
130 56
125 50
119 60
105 64
89 54
76 39
68 31
62 33
52 39
41 37
33 25
29 13
27 13
23 17
23 19
21 17
27 11
31 11
35 19
41 25
50 29
60 31
70 33
80 41
91 48
103 56
117 60
128 66
142 70
154 78
169 87
183 93
193 99
203 103
214 109
224 115
232 121
240 125
246 126
250 126
253 130
255 132
255 132
255 132
251 130
246 126
244 126
238 126
228 123
218 117
208 111
199 107
187 103
173 97
162 87
148 80
136 74
123 70
113 68
101 64
82 52
62 33
54 19
52 21
48 25
39 25
29 19
27 13
29 15
27 21
25 23
25 23
27 17
33 17
37 21
44 27
52 31
62 31
74 35
83 41
95 48
107 56
123 64
136 70
148 76
160 82
173 87
187 97
199 103
208 107
218 111
228 115
236 121
244 126
248 126
251 128
255 130
255 132
255 132
253 132
251 130
246 126
240 125
232 123
224 119
214 113
205 107
193 103
181 97
169 91
156 85
142 78
130 72
117 66
105 60
91 54
78 46
62 41
60 39
50 35
35 31
39 29
37 33
17 23
11 1
13 0
25 0
31 17
31 27
33 23
41 17
52 21
62 35
68 46
78 50
89 48
103 48
115 54
126 66
138 78
152 80
166 80
179 85
187 95
203 107
212 111
218 113
224 117
240 123
246 128
0 132
253 130
255 130
255 130
255 132
251 132
248 128
244 125
238 123
230 121
218 117
210 111
201 107
187 101
175 93
156 87
150 82
136 74
125 68
111 62
97 56
87 48
76 44
64 39
56 35
46 29
39 25
33 21
29 19
27 17
23 17
25 19
27 19
33 27
35 31
29 23
33 11
48 11
64 25
74 39
82 44
93 46
107 48
123 58
136 74
148 83
160 87
173 87
185 93
197 101
207 109
216 113
226 115
234 117
242 121
248 126
251 130
253 130
255 128
255 130
255 134
251 134
246 130
240 125
234 121
224 117
214 115
205 111
187 105
183 97
169 91
156 83
144 78
130 72
117 66
105 58
93 52
82 48
62 42
60 37
50 31
42 25
39 23
31 23
27 19
23 15
25 15
25 15
25 17
29 19
33 19
33 23
48 27
56 31
66 37
78 42
93 54
105 66
105 56
115 44
134 48
154 68
167 89
177 97
187 95
201 93
214 103
224 121
230 130
236 126
244 123
250 125
253 130
253 138
253 136
253 128
251 126
250 126
244 128
238 128
230 121
222 115
205 109
201 107
189 101
177 97
158 89
152 82
138 74
125 70
113 64
93 56
87 48
76 42
66 37
48 33
48 29
39 25
31 21
29 19
25 17
23 17
23 15
25 15
27 17
31 21
37 23
42 25
52 29
62 35
62 39
82 44
93 48
107 54
119 60
132 68
146 76
160 85
179 99
183 101
185 93
195 87
214 95
228 109
234 119
238 123
248 123
253 126
257 132
257 138
255 138
253 134
251 128
248 126
242 126
234 125
226 119
216 111
207 107
197 103
183 99
171 93
160 85
146 78
134 72
119 66
107 60
95 54
83 48
64 42
60 37
52 33
44 29
39 23
31 21
27 17
25 17
23 15
25 17
25 15
29 17
33 19
31 23
46 27
54 31
64 35
66 39
87 44
99 50
113 58
125 64
138 72
150 78
164 83
177 91
189 97
199 103
210 109
222 113
230 119
238 125
250 134
250 138
244 123
244 109
251 111
259 128
255 138
248 134
244 121
240 115
236 121
224 128
212 123
201 109
191 97
179 93
166 91
152 87
138 76
126 66
115 58
101 56
87 52
78 48
68 41
56 33
46 27
41 27
37 27
29 23
25 17
23 13
25 15
23 17
27 17
31 17
35 19
44 23
50 29
58 33
70 39
80 44
91 48
105 54
117 60
130 66
144 74
156 80
169 85
181 93
195 99
205 105
216 111
224 115
232 119
240 125
246 126
251 130
255 132
257 134
257 136
257 138
259 144
244 134
232 117
228 107
226 105
220 111
208 111
195 103
185 93
175 87
164 87
150 85
134 80
123 68
109 60
95 54
83 48
70 42
62 37
54 29
44 25
39 23
33 21
29 19
25 17
23 15
23 15
25 17
29 19
33 19
39 21
46 23
54 29
64 33
74 39
83 44
97 50
111 58
123 66
134 70
148 76
162 82
175 91
187 97
197 101
210 107
220 113
228 119
236 123
244 126
248 128
251 128
255 132
255 132
255 132
253 132
250 130
246 126
240 126
234 125
224 121
214 117
205 113
201 117
177 105
156 80
146 60
142 60
132 70
117 70
101 56
91 42
82 41
72 44
60 44
50 39
42 27
37 19
29 17
25 19
21 17
23 15
23 11
25 13
29 15
35 21
42 25
50 27
58 29
68 35
80 42
91 48
103 54
115 58
128 64
140 72
154 78
167 85
179 89
193 97
203 103
214 109
224 115
232 119
240 123
246 125
250 128
253 130
255 130
257 132
255 134
251 132
248 130
244 128
236 125
230 121
218 117
208 111
199 105
187 101
175 95
164 89
150 83
136 76
128 76
115 72
91 56
74 37
68 25
64 25
54 29
44 29
37 23
35 17
31 15
27 21
25 23
25 21
25 17
29 17
31 17
37 21
44 27
52 29
60 29
72 35
83 42
95 50
107 56
121 60
134 66
148 74
162 83
173 91
185 95
197 101
208 107
218 113
226 117
236 121
242 125
248 126
251 128
255 132
255 132
255 132
253 132
250 128
248 128
242 126
234 123
224 119
216 113
205 109
193 105
181 97
169 89
158 85
144 80
128 72
117 64
105 58
93 54
82 48
70 42
60 37
52 33
48 35
41 37
25 21
13 0
19 0
25 3
27 17
25 23
27 17
33 13
42 17
50 29
58 39
68 42
76 41
87 41
101 50
113 60
125 68
138 70
152 72
166 80
179 91
191 101
201 105
212 107
222 111
230 117
238 123
244 128
250 128
253 128
255 130
255 132
255 132
251 132
248 128
244 126
238 125
228 123
220 119
210 111
201 107
189 101
177 97
164 89
150 82
138 76
125 68
111 64
99 56
87 50
76 42
66 39
56 35
46 31
41 25
33 23
29 19
27 17
25 19
25 21
31 27
29 27
23 15
25 7
39 9
52 19
62 33
70 39
80 41
95 44
109 54
123 66
132 76
144 78
158 80
171 83
185 93
195 101
205 105
216 109
226 113
234 119
242 125
248 128
251 128
255 130
257 132
255 134
253 134
251 132
248 128
240 126
234 123
224 119
216 115
207 109
195 103
183 97
171 91
158 85
144 78
130 70
121 64
107 60
95 56
82 48
70 41
60 37
52 31
44 27
37 23
31 19
27 17
23 13
23 17
25 17
27 17
29 17
33 19
41 21
48 29
56 33
66 37
80 46
89 56
91 46
101 39
121 44
140 64
154 82
164 87
175 85
189 87
205 101
214 117
220 123
228 121
238 119
244 123
250 128
251 134
253 132
255 128
253 126
251 128
248 130
244 130
238 125
232 119
220 117
212 115
203 111
189 103
177 95
164 85
154 82
140 78
126 72
113 62
101 56
89 50
78 44
66 39
56 35
48 29
41 25
35 21
29 17
25 17
25 15
25 15
25 17
27 19
31 19
37 23
42 23
50 27
60 33
70 39
82 42
91 46
105 54
119 60
132 70
148 80
164 93
169 93
173 85
185 83
203 91
216 105
224 115
230 117
240 117
250 121
255 132
255 138
253 138
255 134
255 130
251 132
246 130
240 128
234 121
226 117
216 111
207 109
197 105
185 99
171 91
160 85
148 80
134 76
121 70
109 62
95 54
83 48
72 42
62 39
52 33
44 27
39 23
33 21
27 19
25 17
23 15
25 15
25 15
27 15
33 17
41 23
46 29
54 31
64 35
76 39
87 46
97 52
109 56
123 62
138 70
150 76
162 83
175 89
189 95
201 103
210 109
220 115
230 121
244 134
242 134
238 119
242 107
253 113
259 130
257 138
251 134
250 125
248 121
242 126
232 130
222 126
212 115
203 103
191 97
179 97
167 93
154 83
140 72
126 64
115 60
103 60
89 54
78 44
68 37
60 35
48 31
41 27
37 23
31 21
27 17
23 15
23 17
25 17
27 17
29 17
35 19
42 23
50 27
58 31
68 37
80 41
91 46
103 52
117 60
128 66
142 72
156 78
169 85
181 93
193 99
205 105
214 109
224 115
232 121
240 125
246 128
251 130
253 130
255 134
261 138
259 142
248 132
236 119
236 109
236 111
228 119
218 115
207 107
199 101
189 99
175 97
162 95
148 85
136 76
123 66
109 60
95 56
83 48
64 41
62 33
54 29
46 27
39 25
33 21
27 17
25 15
25 17
25 19
25 19
27 17
33 19
39 21
44 25
52 29
62 33
74 39
83 44
95 50
109 56
123 64
136 70
148 76
162 82
173 87
185 95
197 101
207 105
218 111
228 119
236 123
242 125
248 126
251 128
255 132
255 134
255 134
253 132
251 130
246 128
240 126
234 123
224 119
218 119
210 121
189 107
169 82
160 68
156 70
144 78
130 76
115 66
105 52
93 46
82 48
70 50
58 42
48 29
41 19
35 17
29 21
25 21
23 15
23 11
23 11
27 15
29 21
35 23
41 23
48 25
56 29
66 37
78 42
89 46
101 50
115 56
128 66
140 72
154 80
166 85
179 91
191 99
203 105
212 109
222 113
232 119
240 123
244 126
0 128
253 130
255 130
255 125
255 132
251 130
250 128
171 126
236 123
230 119
220 117
210 111
201 107
189 101
175 95
164 89
152 83
142 83
126 78
103 62
85 42
80 33
76 33
66 37
54 33
44 27
39 19
35 19
31 23
27 25
23 21
23 13
25 13
29 17
31 23
31 23
44 23
52 25
0 31
62 39
62 44
95 48
99 52
121 60
7 68
146 76
160 82
171 87
185 91
195 99
207 105
218 113
218 117
234 119
242 123
248 126
1 130
253 132
255 132
255 132
255 132
251 132
246 128
242 125
234 123
226 119
214 115
205 109
187 103
181 97
169 91
158 83
144 78
125 72
117 66
105 58
93 54
83 50
64 44
60 39
52 37
48 41
29 25
19 3
19 0
25 3
27 17
23 21
25 15
29 9
37 15
42 29
48 37
54 37
64 33
78 37
87 44
99 54
111 60
126 62
138 66
152 72
164 82
177 91
191 99
201 103
212 107
222 113
230 121
238 125
244 126
250 126
253 128
255 132
255 132
255 132
253 130
250 128
244 126
238 125
230 121
222 117
212 111
201 107
189 101
177 93
164 89
152 83
138 76
125 70
113 62
99 56
87 50
78 44
66 41
56 35
46 29
41 27
35 23
29 21
27 19
25 19
31 25
25 25
17 13
21 3
33 3
44 17
52 29
58 31
68 31
83 37
97 48
107 60
119 68
130 70
144 74
158 80
162 87
181 93
195 99
205 103
216 107
224 111
234 119
242 123
246 126
250 126
255 128
255 132
255 134
253 134
250 130
246 126
242 125
234 125
226 119
216 113
207 107
197 103
183 99
171 93
160 85
146 80
125 72
119 64
107 60
95 54
78 46
64 41
60 35
52 31
44 29
37 23
31 19
29 17
25 17
23 15
23 15
25 17
29 19
33 19
31 23
46 27
56 33
72 46
76 52
76 39
87 29
109 37
126 60
138 78
148 80
162 78
177 82
191 95
201 111
210 117
220 117
228 113
236 117
244 125
248 130
251 132
255 128
255 126
255 128
253 132
250 132
244 128
238 123
232 121
222 119
212 113
201 107
191 99
179 93
166 87
152 82
138 76
126 68
115 62
101 56
89 50
78 44
68 39
56 33
46 29
42 27
35 25
29 21
25 17
25 15
25 15
25 17
25 17
29 19
37 21
42 25
50 29
58 33
70 39
80 42
91 48
105 56
119 64
9 74
152 87
152 83
126 76
158 74
193 85
207 103
214 113
222 113
234 113
242 117
248 126
251 136
253 138
255 134
255 130
255 130
251 132
246 130
240 126
234 119
228 115
218 115
208 113
197 107
185 97
173 91
160 85
146 80
132 74
123 68
109 62
95 54
83 48
72 42
64 39
54 33
44 27
37 23
33 21
29 19
25 17
23 15
25 15
25 17
27 17
31 17
37 19
46 25
54 31
64 35
74 39
85 44
97 50
109 56
123 64
136 70
148 76
162 82
173 89
187 95
201 103
210 109
222 117
234 128
234 126
232 111
240 105
253 115
257 132
255 138
253 132
253 125
251 125
248 132
242 136
230 128
222 115
214 107
205 107
191 107
179 101
166 89
154 78
142 74
128 72
115 68
103 60
91 48
80 42
68 39
58 37
50 33
42 27
35 21
29 17
27 17
25 17
23 17
23 13
25 13
29 15
35 19
42 25
48 29
58 31
68 35
80 41
89 46
103 54
115 60
128 64
142 70
154 78
167 87
181 93
191 99
203 103
214 109
222 115
232 119
240 123
248 128
251 132
255 136
261 142
259 144
248 132
242 119
244 113
242 115
238 121
226 119
218 111
210 107
203 105
189 105
175 101
162 91
148 82
136 74
123 68
109 64
95 54
83 46
74 39
64 35
54 31
46 29
41 25
35 21
29 19
25 17
25 17
25 17
23 17
27 15
33 17
39 23
44 25
52 29
60 33
72 37
83 44
95 50
107 56
121 62
134 68
146 74
158 82
173 89
187 95
197 101
208 107
216 111
228 117
236 123
242 125
248 126
251 128
255 130
255 134
255 134
253 132
251 132
248 130
240 126
232 125
230 128
218 126
197 107
181 82
177 74
173 82
158 89
142 83
128 68
119 56
109 56
95 60
82 56
68 46
60 33
50 27
42 25
35 25
29 23
25 15
23 9
23 11
23 15
27 19
29 19
35 19
41 21
48 27
56 33
66 39
76 39
87 42
103 50
115 60
126 66
140 72
154 76
166 83
177 91
191 99
201 103
212 107
222 113
230 119
238 123
246 126
250 128
253 130
255 130
255 132
255 132
253 132
248 128
244 126
238 125
228 119
220 117
212 113
201 109
189 103
177 95
166 93
158 93
136 83
115 62
101 44
97 39
89 42
76 44
64 39
54 29
48 23
42 25
35 29
29 27
25 19
23 15
23 11
23 15
27 19
31 21
37 19
42 19
52 25
62 33
72 41
82 42
93 46
107 52
119 62
132 70
144 76
158 82
171 87
185 93
195 101
207 105
216 111
226 115
234 119
242 123
246 126
251 128
255 130
255 132
255 134
253 132
251 130
248 128
240 126
234 123
226 119
216 115
205 107
197 103
185 99
171 93
158 85
144 78
132 72
119 66
107 60
93 52
83 48
72 44
66 48
50 39
35 17
27 1
31 3
31 15
27 23
23 19
23 9
27 9
31 17
35 27
39 31
46 29
54 25
64 29
76 41
87 48
99 52
111 54
125 58
138 68
152 78
164 85
177 87
189 93
201 101
212 111
220 117
230 119
238 121
244 125
248 128
253 132
255 132
255 132
253 130
253 130
250 130
246 128
238 125
230 121
222 117
212 113
201 107
189 101
177 95
166 89
152 82
138 74
125 68
115 64
101 58
87 52
76 44
66 39
58 35
48 31
41 27
35 23
29 19
31 25
29 29
19 19
13 5
21 0
31 5
37 17
42 25
48 27
60 27
72 33
82 44
93 54
107 60
119 62
130 66
144 72
156 82
169 89
181 93
193 95
205 101
214 109
224 117
232 121
242 123
248 126
251 128
253 130
255 132
255 132
253 132
251 130
246 128
242 126
234 123
226 117
218 115
208 111
189 105
185 99
173 91
160 83
146 80
134 76
121 68
107 60
95 52
83 48
72 42
60 37
52 31
44 29
37 25
31 21
27 19
25 15
23 15
25 17
25 17
29 19
33 21
41 25
52 35
58 42
60 37
62 21
78 21
99 37
113 58
125 72
134 70
148 66
166 76
179 95
189 107
199 109
208 105
220 107
228 115
236 125
242 126
248 125
251 123
255 126
257 132
255 136
255 132
250 128
246 126
238 125
232 125
222 121
214 115
203 107
191 101
179 97
167 91
154 83
140 76
128 68
115 64
103 58
89 52
78 44
68 39
58 35
48 31
41 27
37 21
31 19
27 17
23 17
23 17
25 17
27 17
31 17
35 21
42 25
50 29
58 31
70 37
80 42
91 50
105 58
123 70
130 74
132 68
144 62
164 68
183 83
195 99
203 105
212 105
224 109
236 119
242 130
246 134
250 132
253 128
257 130
255 132
253 134
251 130
248 125
242 121
236 121
228 121
218 117
210 111
199 105
187 99
173 93
160 87
150 82
134 74
121 66
109 60
97 54
85 48
74 42
62 37
54 33
46 29
39 25
33 21
29 17
25 17
23 15
23 15
25 15
29 17
33 19
39 23
44 25
54 29
62 33
72 39
83 42
97 52
109 58
121 62
134 70
150 78
162 85
173 91
187 97
199 103
214 117
220 123
216 109
224 97
240 103
251 123
253 136
253 134
253 125
257 126
257 132
251 138
244 136
238 126
234 117
226 115
214 115
203 113
193 103
181 93
167 85
154 82
142 80
130 74
117 66
103 56
91 50
82 46
68 42
58 35
50 29
42 27
37 23
29 21
25 19
25 15
23 15
23 13
25 15
31 17
35 21
41 23
48 27
56 31
68 37
78 42
89 46
101 52
115 58
128 64
142 72
154 78
166 85
179 91
191 97
203 105
212 109
224 115
232 121
240 125
246 128
253 134
257 140
251 136
246 123
248 115
251 117
251 126
244 130
234 123
230 115
222 113
212 115
201 113
187 105
175 95
164 85
150 80
134 76
123 70
111 60
97 52
85 44
74 42
64 41
54 35
46 27
41 23
35 23
29 21
25 19
23 15
25 13
25 15
27 17
31 19
37 21
44 25
52 27
62 33
72 37
82 42
95 46
107 54
121 62
132 70
146 76
160 82
171 89
185 93
197 99
208 105
218 113
218 117
236 121
242 123
248 128
1 130
253 132
255 132
255 134
253 132
251 132
248 130
246 132
240 136
220 123
205 97
199 85
195 89
185 99
169 99
156 83
144 62
132 66
121 68
107 70
93 60
80 44
70 35
60 35
52 35
42 31
35 21
29 13
27 13
25 17
23 17
23 17
25 15
29 15
35 19
33 25
48 29
56 31
66 33
76 39
87 44
99 52
113 58
126 66
138 72
152 78
166 83
177 91
189 97
201 103
212 107
222 115
230 119
236 121
246 125
250 128
251 130
253 130
255 130
257 132
253 132
250 132
244 128
238 125
230 119
222 119
212 115
201 109
191 105
183 105
166 99
142 80
128 60
121 52
113 52
99 54
87 50
76 41
66 35
60 33
50 33
41 33
35 27
29 19
25 15
23 15
23 17
23 17
25 15
29 13
37 15
44 25
52 31
60 33
70 35
82 41
93 48
105 58
119 62
130 68
144 74
158 78
169 87
183 93
195 99
207 103
214 109
226 115
234 121
240 125
246 126
251 126
255 130
257 134
255 134
253 132
251 130
248 128
242 126
234 123
226 119
218 115
207 109
195 105
183 99
173 93
160 85
146 80
125 74
121 68
109 62
93 56
87 58
74 54
52 33
33 11
41 5
41 17
31 27
27 25
21 13
23 7
27 13
29 25
29 29
31 23
39 17
46 19
54 29
64 39
74 42
85 41
99 44
111 54
125 64
136 72
150 78
164 82
175 80
187 95
191 103
212 109
220 115
220 115
238 121
244 126
0 130
251 130
255 130
250 132
255 134
253 132
250 130
246 126
240 125
232 123
222 117
212 113
203 107
191 101
179 95
166 87
154 83
140 76
126 70
115 62
103 58
89 52
78 46
68 39
58 35
50 33
42 29
39 29
37 33
23 21
13 7
15 0
23 1
29 11
31 19
35 19
33 19
50 21
62 31
72 42
80 48
89 48
103 50
119 58
130 68
142 76
154 80
169 83
181 87
193 97
203 105
216 111
224 115
232 119
240 123
246 126
251 130
253 132
255 130
255 130
255 132
251 132
248 128
242 125
236 123
228 117
216 113
208 111
191 107
185 101
173 93
162 87
146 80
126 74
121 66
109 62
95 54
83 46
74 42
62 37
54 33
44 29
39 25
33 23
27 19
25 17
23 15
25 17
25 17
27 19
35 23
44 35
42 33
42 17
54 9
74 23
89 46
97 58
107 58
123 56
138 64
152 80
162 91
173 97
187 95
199 97
210 105
218 115
226 121
236 121
242 119
248 123
253 128
253 136
255 134
255 130
255 128
251 130
246 132
238 128
232 121
224 117
214 113
203 109
191 103
179 97
167 87
154 82
142 78
128 70
117 64
103 58
91 50
80 46
68 41
58 35
50 31
41 25
35 21
31 19
29 19
25 19
23 15
25 15
27 15
31 19
35 21
41 23
50 27
58 33
68 39
80 44
97 56
105 62
107 56
117 50
136 56
156 70
169 83
177 91
189 95
205 97
216 107
224 119
232 125
240 126
246 126
250 128
253 130
255 134
255 132
253 130
250 126
246 126
244 126
236 126
228 121
218 115
210 109
201 105
187 101
175 95
162 87
148 78
136 74
123 70
109 62
95 54
85 48
76 44
64 41
54 35
46 27
39 23
33 21
29 17
25 17
23 15
23 13
23 15
27 15
33 19
37 23
44 25
52 29
64 33
74 39
83 44
95 48
107 54
123 62
136 70
148 78
126 83
173 91
191 105
199 113
197 101
187 91
222 95
238 113
236 128
248 130
1 126
255 125
250 130
257 140
253 142
250 136
246 125
240 121
232 123
224 123
214 115
203 105
193 97
183 95
169 93
158 87
140 78
130 70
117 64
105 60
91 56
80 48
62 41
60 35
50 31
42 27
37 23
31 19
27 17
23 15
23 15
25 15
25 15
27 15
35 17
42 23
50 29
56 35
66 37
78 41
89 46
101 54
113 60
126 66
140 72
154 78
166 85
179 91
191 99
203 105
212 109
222 115
232 121
242 128
253 140
246 132
242 121
248 115
253 119
255 126
251 130
248 128
244 123
240 121
232 123
222 123
210 119
201 107
189 99
175 91
164 89
150 83
136 76
125 66
111 58
99 54
87 50
76 44
66 39
56 33
46 29
41 27
33 23
29 19
27 17
25 15
23 15
23 17
27 19
31 19
37 21
44 25
52 29
62 33
72 39
82 41
93 48
107 56
119 62
132 68
146 74
158 82
171 87
185 95
195 99
207 105
216 111
226 115
234 119
244 125
248 128
251 130
253 130
255 132
257 134
255 136
253 138
251 142
238 128
222 107
218 95
216 99
210 111
197 111
181 99
171 85
160 80
148 83
132 83
119 74
105 58
93 48
82 44
68 42
60 39
52 31
44 23
37 19
31 21
27 21
25 19
23 15
23 13
25 13
29 19
35 23
39 25
46 27
56 27
66 35
76 42
87 46
99 52
113 56
125 64
138 70
150 78
164 83
177 89
191 97
201 103
210 109
222 115
230 117
238 123
244 126
250 128
253 130
255 132
255 132
255 130
253 132
251 130
244 128
238 125
232 121
222 119
214 117
208 119
191 111
169 93
154 76
148 66
140 68
128 70
113 64
99 54
89 44
80 42
68 44
56 41
48 33
41 25
35 19
29 19
25 19
23 15
21 13
25 13
27 15
31 19
37 21
42 25
50 29
60 31
70 37
82 42
93 50
105 56
117 60
130 66
144 74
158 80
169 87
181 91
195 97
207 105
216 111
224 117
234 119
242 123
248 126
251 128
253 130
255 132
255 132
255 132
251 130
248 128
242 126
234 123
228 119
218 117
208 111
197 107
185 101
173 93
162 87
148 82
134 76
121 68
115 70
97 66
74 42
60 21
58 15
56 25
48 33
37 29
29 17
29 9
27 13
25 23
23 25
25 21
29 15
33 17
37 21
44 29
54 31
64 33
74 35
85 41
99 50
111 58
123 64
136 68
150 74
164 83
175 91
187 97
199 101
210 105
220 113
228 119
236 123
244 123
248 126
251 128
255 132
255 134
255 132
253 130
250 130
244 128
240 126
232 123
222 117
212 111
205 107
193 103
179 99
167 91
156 83
142 78
128 72
115 66
101 58
89 50
78 44
70 42
58 39
52 37
50 41
33 29
19 11
17 1
23 3
25 11
25 15
23 13
31 13
39 17
44 27
50 35
58 39
70 39
80 41
91 46
101 54
115 60
128 66
140 70
154 74
167 83
181 93
195 101
205 107
214 109
224 115
234 121
240 126
246 128
250 128
253 130
255 132
255 134
253 132
251 130
248 128
242 126
236 123
228 121
220 117
208 111
197 103
187 99
175 95
162 89
148 82
136 74
123 68
111 62
97 54
83 48
74 42
64 37
54 33
44 29
37 25
33 19
31 19
27 19
25 17
25 17
29 23
35 31
29 25
25 5
37 0
54 13
68 35
74 46
82 44
97 42
111 50
125 66
136 80
148 83
160 82
173 82
185 91
197 105
208 111
218 111
218 111
236 115
234 125
248 130
1 132
255 130
255 130
255 132
253 132
251 132
246 128
240 123
232 121
224 117
214 117
205 111
193 103
181 95
169 89
156 85
142 80
128 70
117 64
105 56
91 52
80 46
68 41
58 35
50 31
42 27
37 23
29 19
27 17
25 15
25 17
25 17
27 17
29 19
35 21
41 25
48 29
60 35
74 46
80 52
82 44
91 37
111 42
128 56
142 70
152 78
166 82
181 87
195 97
205 107
214 117
222 119
230 119
238 121
246 125
250 132
251 132
253 128
255 128
255 128
253 132
248 130
244 126
238 123
230 119
220 117
208 113
199 107
189 101
177 93
164 87
150 80
136 76
125 68
111 62
97 54
85 48
74 42
64 37
56 33
46 29
41 25
35 23
29 21
25 17
25 17
25 15
25 15
27 17
31 17
37 21
44 25
52 29
62 33
72 39
83 44
95 50
109 56
121 62
134 70
146 78
164 91
173 97
177 87
187 80
205 85
220 105
228 123
234 125
240 119
248 119
3 128
255 140
255 142
253 136
253 128
251 126
246 128
240 128
232 125
224 115
214 109
205 107
193 105
183 101
169 93
158 83
144 78
125 74
119 68
105 62
93 52
82 44
70 41
60 37
52 33
35 27
37 21
31 19
27 17
25 17
23 17
23 15
27 15
29 19
33 21
31 23
48 27
56 31
66 35
76 39
87 44
101 52
113 58
125 64
140 70
154 80
166 85
177 91
189 97
203 105
212 111
226 121
236 128
234 125
234 115
242 111
251 117
257 126
255 132
253 130
253 126
251 126
248 130
240 132
228 126
220 117
212 111
201 107
189 103
175 97
164 87
152 80
138 74
125 68
113 62
99 56
87 50
76 44
66 39
56 33
48 31
41 27
33 23
27 19
27 17
23 17
23 17
23 15
25 15
31 17
37 21
44 25
50 29
60 33
70 37
82 42
93 50
107 54
119 62
132 68
144 74
158 80
169 87
183 93
195 99
205 105
216 111
226 117
234 121
242 125
246 126
251 128
255 134
257 136
259 140
259 146
248 134
236 113
234 105
236 111
228 123
216 121
205 107
197 95
187 95
175 99
160 97
144 83
125 70
121 62
107 60
91 56
82 50
64 39
60 31
52 27
42 27
37 25
33 23
29 19
25 15
23 17
25 19
25 19
29 19
33 19
39 21
46 27
54 31
64 35
76 39
85 44
97 50
113 58
126 66
138 72
150 78
164 83
175 89
189 97
201 105
210 109
218 113
230 117
238 123
244 126
248 128
253 128
255 130
255 132
255 132
253 132
250 130
246 128
240 126
234 125
230 128
214 123
193 105
181 87
175 80
167 82
154 83
138 76
126 66
109 60
105 56
91 56
78 50
68 42
58 35
48 29
41 27
33 25
29 21
25 17
23 13
23 13
25 15
27 17
31 19
37 21
35 23
50 29
60 35
68 37
80 41
91 46
105 54
117 62
128 68
142 72
156 80
169 87
181 93
193 99
205 105
216 109
224 115
232 119
240 123
246 126
250 128
253 130
253 130
255 132
255 134
251 132
248 128
244 126
236 123
228 119
218 117
208 113
189 107
185 99
173 93
162 87
148 83
140 85
123 78
99 52
78 31
82 29
76 37
64 44
52 37
37 23
39 15
35 19
29 27
25 27
23 19
21 11
23 9
29 17
33 25
37 25
44 21
54 23
64 31
74 41
85 48
97 50
111 54
123 60
136 70
148 80
162 85
173 89
187 93
199 101
208 107
218 113
228 117
236 121
242 125
248 126
251 128
255 132
255 134
255 132
253 132
250 132
246 130
240 126
232 123
224 119
214 115
203 109
191 103
181 97
167 91
154 83
142 76
130 70
117 66
103 58
91 54
82 48
74 48
64 46
44 33
31 15
29 5
31 9
29 15
23 17
21 13
25 11
29 13
31 21
35 29
41 31
48 29
58 29
68 37
78 42
89 48
101 52
115 54
128 62
142 72
156 80
158 85
179 91
191 95
203 103
214 111
222 117
232 119
240 123
246 125
250 126
253 130
255 134
255 132
255 130
251 130
248 130
244 126
236 125
220 119
218 115
203 111
195 105
187 99
175 93
162 87
148 82
136 74
123 66
111 62
99 56
85 50
74 44
64 39
56 33
46 29
39 25
33 21
29 21
27 19
27 23
27 29
19 19
15 1
25 0
39 9
48 27
52 35
60 31
72 31
85 41
99 56
109 66
121 68
134 68
148 72
160 82
171 91
183 97
195 99
208 101
218 109
228 117
236 123
242 125
248 126
251 128
253 132
255 134
255 134
255 132
250 130
246 126
240 126
234 125
224 119
214 113
205 105
195 103
183 99
169 93
156 83
144 78
130 72
117 66
105 60
93 54
80 46
62 41
60 37
50 31
35 29
37 25
29 21
27 17
25 15
25 17
25 17
25 17
29 17
35 19
37 27
56 39
56 41
56 31
68 25
85 31
103 44
115 58
0 64
130 68
154 70
167 83
181 97
191 105
201 107
212 107
222 111
230 121
236 125
242 125
250 125
253 126
253 130
255 132
253 132
253 130
250 130
244 128
236 125
230 123
222 117
210 113
199 107
187 101
177 93
164 89
150 82
138 74
125 68
113 62
99 56
87 50
76 44
66 41
56 35
46 29
39 25
35 23
29 21
25 17
23 15
23 15
25 17
27 17
31 19
37 19
44 23
54 29
62 35
70 39
83 44
95 50
107 56
121 66
138 82
146 85
148 72
160 64
181 74
199 95
208 111
216 113
224 109
236 113
244 125
248 138
251 140
253 134
255 128
255 130
253 134
250 134
246 128
240 123
234 119
226 117
216 117
207 111
195 103
183 95
171 91
160 87
144 82
132 74
119 64
107 58
95 54
82 48
70 42
60 37
52 31
44 27
37 25
31 21
27 19
25 15
23 15
25 15
25 17
29 19
33 21
39 23
46 27
56 31
66 37
76 41
87 44
99 50
113 56
126 66
138 72
152 80
164 85
179 91
191 101
205 111
216 121
216 115
218 105
230 103
246 115
251 126
253 130
251 128
255 125
257 130
255 136
250 138
244 132
238 125
230 119
220 117
212 115
201 109
189 101
177 91
166 85
152 82
138 78
126 72
113 62
99 54
89 48
78 46
66 41
56 35
48 29
41 25
35 23
29 19
25 17
23 15
23 15
25 15
25 15
31 15
37 19
44 25
50 29
58 33
68 37
82 42
93 48
105 54
117 60
130 68
144 72
156 80
169 85
183 93
195 101
205 107
216 111
226 115
234 121
242 126
248 128
251 130
255 136
259 144
248 132
242 113
248 109
250 121
244 130
234 128
224 117
220 107
210 107
199 111
185 107
171 95
162 83
148 78
132 74
119 70
107 62
95 52
82 42
72 39
62 37
52 35
44 29
37 21
33 17
29 19
25 19
23 17
25 13
25 13
29 17
33 21
39 23
46 25
54 29
64 33
74 39
85 44
99 52
111 56
123 62
136 68
150 78
162 85
175 91
187 95
199 101
208 105
218 111
230 117
238 123
244 126
248 128
251 130
255 132
257 134
255 134
253 132
251 130
248 132
248 136
230 130
212 111
205 95
201 91
193 97
179 97
166 89
154 80
142 72
130 70
117 70
103 64
91 56
80 44
68 39
58 35
48 31
41 27
35 21
29 15
25 15
23 15
23 17
23 15
27 17
31 19
35 21
41 25
48 29
58 31
68 37
78 41
89 48
103 52
115 58
128 64
142 72
156 80
167 87
181 93
193 99
205 103
214 111
224 117
232 121
240 123
246 126
250 128
253 132
255 132
255 132
255 132
253 132
248 130
242 126
236 125
228 121
218 115
208 111
191 107
189 103
177 99
158 101
130 87
125 62
113 44
109 44
99 52
78 54
72 42
62 31
56 27
48 31
41 35
33 29
27 19
25 13
23 13
23 19
25 21
27 17
31 15
39 15
44 23
54 31
64 37
74 39
85 42
97 50
109 58
123 64
134 70
148 74
160 82
171 87
185 93
199 101
208 107
218 111
228 115
236 121
244 126
248 128
251 130
253 130
255 130
255 134
253 134
250 132
246 128
240 125
232 123
224 119
214 115
205 109
193 103
181 97
169 91
156 85
142 80
130 72
119 66
107 62
97 60
83 56
62 41
48 23
44 13
42 15
37 19
31 21
25 17
23 11
25 11
27 19
27 25
29 25
35 21
41 21
48 25
56 33
66 37
76 39
89 42
101 48
115 58
126 66
140 72
154 78
167 85
179 91
191 99
203 103
212 109
224 115
232 119
238 123
244 126
250 128
253 130
255 130
255 132
255 132
251 130
248 128
244 126
238 123
230 121
218 115
210 111
201 107
187 103
175 95
164 87
150 82
136 76
123 70
111 62
99 54
87 50
74 44
64 39
56 33
48 31
41 27
33 25
33 29
29 29
17 13
11 0
19 0
29 7
35 23
37 27
42 21
52 19
64 29
76 44
83 54
93 54
105 50
121 56
134 68
144 80
158 83
162 85
185 89
197 99
207 107
216 115
228 117
234 119
242 123
248 128
251 132
253 132
255 132
255 130
253 130
251 132
246 130
240 125
234 121
226 119
216 115
205 109
193 103
183 97
171 91
158 85
144 80
130 74
119 66
107 60
93 54
82 46
70 41
60 35
50 31
42 25
37 23
31 21
27 17
25 17
25 17
25 17
27 19
31 23
41 31
39 29
37 19
46 13
64 21
80 35
82 48
99 52
111 52
3 60
142 72
154 83
132 89
177 91
191 93
193 101
212 111
220 115
220 117
234 119
244 121
0 126
251 130
255 132
255 130
255 130
251 128
250 130
236 130
236 126
220 119
218 115
205 113
201 107
189 101
177 93
156 87
152 82
138 76
125 70
113 62
93 56
87 50
76 44
66 39
56 33
48 29
41 25
33 21
29 19
27 17
25 17
25 15
25 17
27 17
31 19
37 21
35 25
52 29
60 35
72 41
62 44
95 52
113 68
109 66
121 54
9 48
158 64
171 87
183 103
193 101
205 97
218 103
228 119
234 128
240 130
248 126
251 125
253 128
253 134
255 136
255 132
251 126
246 125
242 126
236 125
226 121
216 115
207 107
197 105
185 99
171 95
158 85
146 78
125 72
121 66
107 60
95 52
83 46
62 41
62 35
52 31
44 29
37 25
31 19
27 17
25 17
23 17
23 15
25 15
29 15
33 19
41 23
46 25
54 29
66 33
76 41
87 46
99 52
111 58
125 64
138 70
150 78
164 85
183 101
193 109
191 101
199 93
216 95
232 109
238 123
242 126
248 125
253 123
257 128
257 136
255 140
253 136
250 130
244 126
238 125
230 123
222 119
212 111
201 103
189 97
179 95
166 89
152 83
140 74
128 68
115 64
101 60
89 52
78 44
68 39
58 35
48 29
41 25
31 21
29 19
25 17
23 15
23 15
25 15
27 17
31 19
35 21
42 23
50 27
60 31
70 37
82 42
91 48
103 54
117 60
128 66
144 74
158 82
169 87
181 91
195 99
207 105
216 113
224 117
234 121
242 125
251 136
253 140
244 125
244 111
0 111
250 125
253 134
246 130
242 123
238 117
230 119
220 123
208 119
197 109
185 97
173 89
160 85
146 83
126 74
121 62
109 54
95 52
83 50
64 44
64 37
54 29
46 27
39 25
33 23
29 19
25 15
25 15
25 15
25 17
27 17
33 17
37 19
44 23
54 29
64 35
74 39
85 44
97 50
109 56
123 64
136 70
148 76
162 82
175 89
187 95
199 101
210 107
220 111
228 115
236 119
244 125
250 128
251 132
255 132
255 134
257 134
257 138
259 144
242 132
230 117
224 105
224 105
214 109
203 109
191 101
181 91
169 87
158 85
142 83
128 78
109 66
103 56
85 48
78 46
68 42
58 37
48 27
42 21
37 21
31 21
27 19
25 15
23 13
25 15
25 17
29 19
35 21
41 23
48 27
56 31
68 37
80 42
89 46
101 50
115 56
130 66
142 74
154 78
166 83
181 91
193 99
203 105
212 111
224 115
232 119
240 123
246 126
250 128
253 130
255 132
255 132
253 132
253 130
248 130
244 126
236 125
228 121
220 119
210 115
203 113
193 113
169 97
150 70
142 56
136 60
126 70
111 68
95 54
85 41
76 39
66 41
56 44
46 37
37 25
33 17
29 17
25 19
21 19
23 15
25 9
27 13
31 19
37 25
44 27
52 27
62 31
72 37
85 44
95 52
107 58
121 60
134 66
148 74
160 83
171 89
185 93
197 99
208 105
218 113
226 117
234 119
242 123
248 126
251 130
253 130
255 132
255 132
253 132
251 130
246 128
242 125
234 123
224 119
216 115
205 109
195 105
181 99
169 91
158 87
144 80
132 76
125 76
107 68
83 48
70 31
66 25
62 25
52 29
41 25
35 19
31 13
31 15
27 21
23 23
23 17
27 15
31 17
33 21
39 25
46 27
56 29
66 33
76 37
87 44
101 52
115 58
126 64
140 70
154 78
166 85
179 91
189 97
201 101
212 107
222 113
230 119
238 121
244 123
250 126
253 130
253 132
255 132
255 132
253 130
250 130
244 128
238 125
230 121
220 117
210 111
201 107
189 101
177 95
164 87
150 82
138 76
125 70
111 62
99 56
85 48
76 44
66 39
56 37
48 33
46 37
35 33
19 13
15 0
21 0
27 9
27 21
25 19
29 11
39 11
48 23
54 37
60 42
72 41
82 39
93 44
105 56
119 64
130 68
144 70
158 76
169 83
183 95
197 103
207 107
216 111
226 115
234 121
242 126
248 128
251 128
253 128
255 130
255 132
253 132
251 130
246 128
242 126
234 123
224 119
216 115
207 109
195 103
183 95
171 93
158 87
144 80
130 72
119 64
107 60
93 56
82 48
70 41
62 37
52 33
44 29
37 25
33 21
27 19
25 17
25 17
29 21
31 29
25 21
21 9
31 3
46 11
56 25
66 35
74 39
87 42
101 48
115 60
126 70
138 76
152 80
164 82
175 89
187 95
199 103
210 107
220 109
228 115
238 121
244 126
0 128
251 128
255 130
255 125
255 132
251 132
248 128
246 128
238 126
230 123
222 117
212 111
201 107
191 103
177 95
156 89
152 82
140 76
126 68
113 60
101 54
89 50
78 44
66 39
56 35
48 31
41 27
35 23
29 19
25 17
25 15
23 15
25 17
27 17
31 19
37 21
42 25
50 29
60 35
76 46
85 56
87 48
93 37
111 37
132 54
146 76
156 85
167 85
183 85
197 93
208 111
216 119
224 121
232 117
240 117
246 125
251 132
253 134
253 130
255 126
255 126
251 130
248 132
242 126
236 121
228 117
216 115
207 113
197 107
185 99
173 91
160 85
146 80
134 74
121 66
107 60
95 52
82 46
72 42
64 39
54 35
44 27
37 23
33 21
29 21
25 17
23 17
25 15
25 17
27 17
33 19
39 21
46 25
56 29
64 35
76 41
85 44
97 52
111 58
125 64
140 76
156 87
162 89
166 83
179 80
197 87
210 101
220 111
228 115
236 117
246 121
251 126
253 134
253 138
255 134
255 130
253 130
248 130
244 130
238 125
230 117
222 113
214 111
203 107
191 103
179 93
167 87
154 82
142 78
128 72
115 66
101 56
89 52
78 44
68 41
58 37
48 31
41 25
35 19
29 17
27 17
23 15
23 15
23 15
27 17
31 19
35 21
42 23
48 27
58 31
68 37
78 41
91 46
105 54
117 60
128 68
142 72
156 80
169 87
181 93
193 99
205 105
216 111
224 119
238 130
240 130
236 117
242 107
251 113
257 128
257 138
253 134
250 125
250 121
246 128
238 132
228 126
220 117
208 107
199 103
185 101
173 97
160 87
148 76
134 70
123 66
109 64
97 56
85 48
74 42
64 37
54 35
46 29
39 25
33 21
27 17
25 15
25 17
23 17
23 13
27 13
33 17
39 23
46 27
52 29
64 33
74 39
85 44
95 52
109 56
121 62
134 68
146 74
160 80
173 89
185 95
199 101
208 105
218 111
228 117
236 123
242 126
248 126
251 130
255 134
261 142
259 146
248 132
240 117
240 111
240 115
234 121
224 119
212 111
205 101
193 99
185 101
169 99
156 89
142 78
130 70
117 66
103 62
89 54
80 44
68 37
58 33
48 29
41 25
37 21
33 19
29 17
23 17
23 17
25 17
27 17
29 17
33 19
41 23
48 27
56 31
66 35
78 41
89 46
101 54
115 58
126 66
140 72
154 78
166 82
179 89
193 97
203 105
212 107
222 111
232 117
240 125
246 128
250 130
253 130
255 132
257 134
255 134
251 132
250 128
244 126
238 126
230 123
226 125
214 125
193 105
175 82
169 70
166 78
154 83
136 80
123 64
111 52
101 52
89 56
76 54
62 42
54 31
46 23
39 25
33 25
27 21
25 15
23 9
23 11
23 15
27 17
33 19
39 21
44 23
52 29
62 35
72 41
82 42
95 46
107 54
119 62
132 70
146 74
160 80
171 87
185 95
195 101
208 105
216 111
226 115
234 121
242 123
248 128
251 130
253 132
255 130
255 132
253 132
251 132
246 128
240 125
234 123
226 121
216 117
205 111
195 105
183 99
171 93
162 91
152 91
130 80
107 58
97 42
91 37
83 42
72 42
58 35
50 25
44 21
39 23
33 27
27 25
25 17
25 13
25 13
25 15
27 19
33 21
31 21
46 23
56 29
66 35
78 42
87 46
99 50
113 56
126 66
138 74
152 80
164 83
177 89
191 95
201 103
210 109
222 113
230 117
238 121
244 125
248 126
251 128
255 130
255 134
255 132
253 130
250 128
244 128
238 125
230 121
222 117
212 111
201 107
189 99
177 95
166 89
152 82
138 76
125 70
113 64
101 58
87 52
76 44
68 42
62 46
44 37
29 13
25 0
29 3
29 15
23 23
21 17
25 9
29 11
33 21
37 31
42 33
50 27
60 27
70 33
82 44
91 50
105 54
117 56
130 62
144 72
158 82
169 89
181 91
195 95
207 105
216 113
224 119
234 121
242 125
248 126
250 130
253 132
255 132
255 132
255 130
251 130
248 128
242 126
234 123
226 119
216 115
207 109
197 105
185 101
171 93
158 85
146 80
132 74
119 66
109 60
95 54
82 48
72 41
62 37
52 33
44 29
37 25
33 23
29 21
31 25
27 27
17 15
13 1
23 0
35 9
41 21
44 27
52 27
66 29
78 37
87 48
99 56
111 60
125 64
136 68
150 76
162 83
175 89
187 93
199 99
210 105
220 113
230 119
238 121
246 125
250 126
251 130
255 132
255 132
255 130
253 130
250 130
244 128
238 125
232 121
222 115
210 111
203 107
191 101
179 97
166 89
154 82
140 76
128 70
115 64
101 58
89 50
78 42
68 39
56 35
48 29
41 25
35 21
29 19
25 17
23 17
25 17
25 17
27 17
29 17
37 19
44 25
54 39
60 44
60 33
70 21
87 27
107 48
119 66
128 72
142 68
156 70
171 83
185 101
195 111
205 109
214 105
224 111
234 119
240 128
244 128
250 126
253 125
255 128
255 132
253 132
253 130
250 126
242 126
236 125
226 121
218 117
208 111
197 105
185 99
173 93
162 87
148 80
134 72
121 66
109 62
97 54
83 48
72 42
62 37
54 31
46 29
39 27
33 23
29 19
25 19
23 17
23 17
25 17
27 17
33 19
39 21
46 25
54 31
64 35
74 41
85 46
99 52
113 64
130 78
130 74
136 66
152 64
173 74
189 89
199 103
208 107
220 107
230 113
240 123
244 132
250 134
251 130
253 128
255 130
255 132
251 134
248 130
244 125
240 123
232 121
224 119
214 115
205 107
193 101
181 97
167 91
156 83
142 78
130 70
117 64
103 60
89 52
80 46
68 39
58 35
50 31
41 27
35 23
31 19
19 17
25 17
23 17
23 17
25 15
31 17
31 21
33 25
48 27
58 31
5 37
78 42
89 46
103 52
117 60
128 68
140 74
154 80
169 85
181 93
193 101
207 111
220 123
220 119
220 103
232 99
246 111
3 130
253 136
253 130
255 125
250 126
253 134
250 140
242 132
236 121
228 113
220 117
208 117
197 109
187 97
175 89
162 83
140 82
136 78
123 70
111 60
97 52
78 48
74 46
64 41
54 33
46 25
39 23
33 21
27 21
25 17
23 15
23 13
25 15
27 15
31 19
31 23
44 25
52 29
62 33
72 39
83 44
95 50
107 54
121 62
132 68
148 76
160 83
171 87
185 95
197 101
208 107
218 113
220 117
236 121
244 126
0 130
250 138
255 138
248 128
246 119
0 117
251 123
248 128
238 126
232 119
226 113
218 113
207 115
193 111
181 99
169 89
158 83
142 80
128 74
117 64
105 56
91 48
80 44
68 41
60 37
50 29
42 25
37 21
33 21
27 23
25 19
23 15
23 15
25 15
29 19
33 21
41 23
48 25
56 31
66 37
78 41
87 46
101 52
113 58
1 66
140 72
154 80
134 85
179 91
189 97
201 101
212 107
224 115
230 119
238 123
246 125
250 128
253 130
255 134
255 134
255 134
253 132
248 130
244 130
244 136
232 132
210 109
201 87
199 85
193 97
179 103
162 91
150 76
140 66
128 68
113 70
99 64
87 52
76 41
64 35
54 35
46 33
39 27
33 19
29 13
25 13
25 17
23 19
25 17
27 15
33 17
37 21
42 27
52 29
60 33
72 37
82 42
91 48
105 52
121 60
134 68
144 76
158 82
171 87
185 95
195 101
207 105
216 111
226 115
234 121
240 125
246 126
251 130
255 132
255 132
255 132
253 132
251 132
246 130
240 126
234 123
226 119
218 115
207 113
197 109
189 105
177 105
152 89
134 68
125 54
119 52
109 56
93 52
78 42
70 33
64 31
56 35
46 37
37 29
33 21
29 17
25 17
23 17
23 17
25 15
27 13
33 13
39 19
48 27
56 31
64 35
76 39
87 46
99 52
111 60
125 66
138 70
152 76
164 83
175 91
189 97
201 103
210 107
220 113
230 117
238 123
244 125
248 126
253 130
255 132
255 134
253 132
253 130
251 130
244 128
238 126
230 123
222 117
212 113
201 109
191 103
179 95
166 89
154 83
140 78
126 72
115 66
101 58
95 58
82 58
60 39
44 15
42 7
42 15
37 27
29 25
25 15
25 9
27 13
27 21
27 27
31 25
35 19
42 17
50 25
60 37
68 41
80 41
91 42
105 50
119 62
130 70
142 76
158 80
169 85
181 91
193 99
207 107
216 111
224 115
232 119
240 123
248 128
251 130
253 130
255 130
255 132
255 132
251 132
248 128
242 125
236 123
228 119
218 117
207 111
197 105
185 99
173 93
160 85
146 80
132 72
123 68
109 62
95 54
83 46
74 42
64 39
54 35
46 29
41 29
41 33
27 27
15 11
13 0
21 0
27 7
29 17
31 19
39 19
46 21
58 29
66 39
76 46
85 48
97 50
111 54
125 64
136 74
148 78
162 80
175 85
187 95
199 103
208 109
220 111
230 115
238 121
242 125
248 128
251 130
255 130
255 130
255 130
253 132
250 130
244 128
238 125
232 121
224 119
212 113
203 107
193 101
181 95
167 91
154 83
140 78
128 70
117 64
101 58
89 50
78 44
68 41
58 35
48 31
41 25
35 23
31 21
25 19
25 17
25 17
25 17
27 19
31 23
41 33
41 31
41 17
50 9
66 17
82 39
93 56
103 58
115 54
130 58
144 72
158 87
167 95
179 93
193 93
205 99
214 111
222 117
232 119
240 119
246 123
250 128
253 132
255 134
255 132
253 130
251 128
248 130
244 130
236 125
228 119
218 113
208 111
197 107
185 101
173 93
162 85
148 80
136 76
123 68
109 60
97 54
85 48
74 44
64 39
54 33
46 29
39 25
33 21
27 17
25 15
25 17
25 17
25 17
29 17
33 19
39 23
44 25
54 31
64 35
74 41
89 52
99 60
103 56
111 50
128 50
148 64
162 80
173 89
185 93
197 95
212 103
220 115
228 123
234 125
242 125
248 125
251 128
253 134
255 134
255 132
253 128
250 128
246 128
240 126
232 123
224 117
214 113
205 107
193 103
181 99
169 91
156 83
142 78
130 72
117 66
103 58
91 48
80 44
70 41
60 37
48 31
42 27
37 23
31 21
27 19
23 17
25 15
25 15
25 15
29 17
35 21
33 23
48 27
58 31
68 37
78 42
89 48
101 54
115 58
128 64
140 72
154 82
167 87
183 101
195 111
195 101
201 89
218 91
234 111
242 128
244 132
248 125
253 121
259 128
259 140
255 144
251 136
248 126
244 123
236 125
228 125
220 119
208 109
199 101
187 97
175 95
164 91
150 82
136 72
125 66
113 64
99 58
85 52
74 42
64 37
54 33
46 29
39 25
33 21
29 17
25 15
23 17
23 17
25 15
27 15
33 19
37 23
44 27
52 29
62 35
72 39
82 44
95 50
107 56
121 62
134 66
146 74
160 82
171 89
185 95
197 101
208 107
218 115
228 119
238 125
250 134
246 134
240 125
244 115
253 117
259 128
255 134
248 130
246 123
244 121
236 125
226 126
214 121
207 111
195 101
183 97
169 91
156 87
144 80
130 70
117 62
105 56
93 52
82 48
70 41
60 35
50 31
42 27
37 25
31 23
27 19
25 15
25 15
25 15
25 17
29 17
33 17
41 21
48 27
56 31
66 37
76 41
87 46
99 52
113 60
125 66
138 72
152 78
166 83
177 91
189 97
201 101
212 107
222 115
230 121
238 125
244 126
250 128
253 132
255 134
255 134
255 134
255 136
255 144
242 132
226 111
222 97
222 103
214 113
201 113
187 101
177 87
166 82
154 83
140 85
125 76
113 62
101 52
87 46
76 48
66 42
56 35
46 25
41 21
33 21
29 21
25 19
25 13
25 13
25 15
27 19
31 21
37 23
42 23
50 27
60 33
72 39
82 42
93 48
105 54
117 58
130 66
146 74
158 82
169 87
183 93
197 99
207 107
216 113
224 115
234 119
242 125
248 128
250 130
255 130
257 132
255 132
253 132
251 132
248 128
242 126
236 125
228 121
220 119
212 119
199 115
177 97
162 80
154 70
148 70
134 72
119 66
107 56
95 48
83 46
74 46
62 42
52 37
44 27
37 21
31 21
19 19
23 17
23 15
23 11
25 11
29 17
33 21
31 21
46 25
56 29
66 37
68 42
85 46
99 52
111 58
123 64
11 70
150 76
164 83
175 89
187 95
201 101
210 109
220 115
220 117
236 121
244 125
0 128
251 130
253 130
255 130
255 130
253 125
250 132
181 125
238 125
232 123
222 119
212 115
203 109
191 101
179 97
167 91
154 85
140 80
128 72
119 74
105 68
82 46
66 23
64 17
60 27
50 35
33 31
33 19
21 9
29 13
27 23
25 29
23 21
25 13
31 13
35 19
33 29
48 29
58 29
70 31
80 39
91 48
103 56
117 62
5 64
142 72
156 80
162 89
181 95
193 99
205 103
214 109
224 115
224 121
240 125
246 126
0 128
253 130
255 132
255 132
253 132
251 130
248 128
242 126
236 123
228 119
218 115
208 111
189 105
185 99
173 93
162 87
148 80
134 74
121 68
109 62
97 54
83 46
76 44
64 41
58 41
50 39
35 29
21 11
19 1
23 3
25 9
25 15
25 15
27 13
33 13
41 23
48 33
54 37
62 37
74 37
85 44
97 52
107 58
121 60
136 66
148 72
162 80
173 87
187 95
201 101
210 107
218 111
228 117
238 123
244 126
248 128
251 128
255 130
255 132
255 132
253 130
250 128
246 126
240 125
232 123
222 117
214 111
205 107
193 103
181 99
167 91
156 83
142 78
128 72
117 64
103 58
91 52
80 44
68 39
58 35
50 31
42 27
35 23
31 19
27 19
25 19
23 19
27 23
31 29
25 21
23 3
33 0
50 13
62 33
68 44
76 41
89 39
105 48
119 64
128 76
140 78
154 78
167 80
179 89
191 101
203 107
214 109
222 109
232 115
240 123
246 128
250 130
253 128
253 128
255 130
255 125
251 134
248 132
242 126
234 123
230 121
218 117
208 113
199 105
187 99
175 95
162 87
150 82
136 76
123 68
111 62
97 54
85 48
74 44
64 39
54 33
46 29
39 25
33 21
27 17
25 15
25 17
25 19
25 17
27 17
33 19
39 25
44 29
54 33
68 44
74 46
74 39
85 33
103 39
123 54
134 68
146 76
158 78
173 83
189 95
199 107
208 113
216 113
228 115
236 121
242 126
246 130
251 130
255 130
255 128
255 130
253 132
250 130
248 128
240 125
234 123
224 119
216 117
207 111
195 103
183 97
169 91
158 85
144 80
130 72
117 66
105 58
91 50
80 44
72 42
60 39
50 33
42 27
37 23
31 21
27 19
25 17
23 17
25 15
27 17
29 19
35 21
33 23
48 27
56 33
0 37
78 42
89 48
101 54
115 60
126 66
140 74
158 89
166 93
169 82
181 76
201 85
214 107
224 121
230 121
238 117
248 119
1 128
253 138
255 140
255 134
255 128
251 128
240 130
244 130
236 125
222 117
220 111
203 111
201 109
189 103
171 93
158 85
154 83
138 78
125 70
109 62
99 54
87 48
76 44
64 39
56 33
46 29
39 23
33 19
29 19
27 19
25 17
23 17
25 15
29 17
33 19
37 21
35 23
50 27
60 31
9 37
83 44
93 48
99 54
119 60
132 68
146 74
160 82
171 87
183 95
197 101
193 109
222 119
230 126
228 121
228 111
242 109
1 119
255 130
253 134
253 130
255 126
253 128
248 132
240 130
234 126
228 121
216 115
205 111
187 107
183 99
169 91
158 82
144 76
132 72
119 66
107 60
93 52
82 46
72 42
60 39
52 33
44 27
37 23
31 21
27 19
25 17
23 15
23 13
25 15
29 17
33 19
41 23
48 27
56 29
66 37
76 42
87 46
99 52
111 56
125 64
138 70
152 78
164 83
177 91
189 97
201 103
210 107
220 115
230 119
238 123
244 126
250 126
253 130
257 134
259 140
259 146
246 130
238 111
240 105
242 115
232 125
220 123
210 109
203 99
191 97
179 101
167 101
154 89
138 74
126 64
115 62
99 60
87 54
76 42
66 33
56 31
48 29
39 25
35 21
31 17
27 17
23 17
23 17
25 17
27 17
31 17
35 19
42 23
50 29
60 33
70 35
80 41
93 46
105 54
117 60
130 66
144 72
158 80
171 87
181 93
193 99
205 105
216 111
226 117
234 119
240 125
246 126
250 128
253 130
255 132
255 134
255 134
251 130
248 128
244 126
240 128
234 132
216 123
197 103
187 89
183 83
173 85
160 87
146 80
134 70
123 62
111 60
97 60
83 56
72 46
62 37
52 31
44 29
37 27
31 21
27 15
25 11
23 13
23 17
25 17
29 17
33 19
41 23
44 27
54 29
64 33
76 39
85 44
97 50
109 56
123 62
136 70
150 76
162 83
175 89
187 95
199 101
208 107
220 113
228 117
236 121
244 125
248 126
251 130
255 132
255 132
255 132
253 132
250 130
244 126
240 125
232 123
224 119
214 113
203 109
193 103
181 99
167 93
156 87
146 89
126 76
105 52
93 35
89 35
82 44
70 46
56 35
48 23
44 21
39 25
31 31
25 25
23 15
23 11
23 11
25 19
29 23
35 19
41 17
48 21
58 29
68 39
80 44
91 46
103 50
115 56
128 66
142 76
156 80
167 83
181 89
193 97
205 105
214 111
222 113
232 117
240 123
246 126
0 128
253 130
255 125
255 132
253 130
251 130
250 128
173 128
236 125
220 119
220 115
203 111
199 105
185 99
175 93
162 87
148 80
134 74
123 68
111 62
99 56
87 52
80 52
66 48
46 31
35 13
33 7
35 11
31 17
25 19
21 13
23 9
27 13
31 21
33 27
37 27
46 25
54 27
64 33
72 41
82 42
95 46
109 52
121 60
134 68
148 76
162 82
173 87
185 91
199 99
210 109
218 115
226 117
234 117
242 123
250 128
251 130
253 132
255 130
255 130
253 130
250 130
246 128
240 125
232 121
224 119
214 113
205 109
193 103
181 97
167 89
156 82
142 76
130 70
119 66
105 58
93 52
80 46
68 41
60 37
52 35
42 29
37 25
31 21
27 19
29 27
27 29
15 11
13 0
25 0
37 13
44 29
48 33
56 27
68 27
80 39
91 54
99 62
115 62
128 64
142 68
152 78
166 87
179 93
191 95
201 99
212 107
222 115
232 121
238 123
244 125
250 126
253 130
255 134
255 134
255 130
253 130
250 130
242 128
236 125
230 121
220 115
210 111
201 107
189 103
177 95
164 87
150 80
136 76
125 70
111 64
99 56
85 48
76 42
64 39
56 35
46 29
41 25
35 21
29 19
25 19
23 17
25 17
25 17
27 19
31 19
41 27
52 39
48 35
50 23
62 19
82 29
97 46
107 58
117 60
132 62
150 70
162 82
171 93
185 101
197 103
207 105
216 111
226 117
234 123
242 125
248 125
251 125
253 130
255 132
255 132
253 130
251 128
248 128
242 128
234 125
226 119
216 113
207 109
187 105
181 99
169 91
158 83
144 78
130 72
119 64
105 58
93 52
82 46
62 41
60 37
52 31
44 27
39 25
31 21
27 19
25 17
23 15
25 15
25 15
29 17
35 19
33 21
48 25
56 31
66 37
78 41
87 46
101 54
117 64
130 80
134 74
140 62
158 60
177 76
191 97
203 109
210 107
220 107
232 113
240 125
246 134
250 136
251 128
255 126
257 130
255 136
251 134
248 128
244 123
238 121
230 123
220 121
212 113
201 105
191 99
177 95
164 91
150 83
138 74
126 68
113 64
99 56
87 52
76 44
66 39
56 33
48 29
41 25
35 23
29 19
25 15
23 15
25 17
25 17
27 17
31 17
37 21
42 25
50 27
60 31
72 37
82 42
91 48
105 54
121 62
132 70
144 76
158 82
171 87
185 97
203 111
207 115
207 107
214 99
230 103
242 115
248 126
250 128
253 126
257 126
257 132
255 136
251 138
248 132
240 125
234 121
224 119
218 117
207 111
195 103
183 95
171 89
160 85
146 80
132 74
119 64
107 58
95 54
82 50
72 42
62 37
52 33
44 27
37 25
33 21
27 19
25 15
23 15
25 15
25 17
29 17
33 17
41 21
46 27
54 33
64 37
76 39
87 44
99 52
111 58
123 64
138 70
150 76
162 83
175 91
189 97
201 103
212 109
220 113
230 119
238 123
244 126
250 130
259 142
255 140
244 123
246 109
251 113
253 126
246 134
236 128
230 115
224 109
216 113
205 117
191 111
177 97
167 85
154 80
140 78
125 74
113 64
101 54
89 46
78 44
66 41
58 37
48 29
41 23
35 21
31 21
27 21
25 19
23 15
25 15
27 17
31 21
35 21
41 21
50 25
60 31
70 37
80 42
91 48
105 52
117 60
130 68
142 74
156 80
169 85
181 91
193 99
205 103
214 109
226 117
232 121
240 125
246 126
251 130
253 132
255 134
255 134
255 132
253 134
251 136
246 136
230 125
216 107
212 99
208 99
191 103
185 101
171 91
162 80
142 76
136 76
123 74
109 66
97 56
83 46
72 42
62 39
52 35
44 27
39 21
31 17
27 17
25 15
25 15
25 15
25 13
27 15
1 19
31 23
46 27
52 29
1 33
62 39
85 44
95 50
99 54
123 60
11 70
150 76
162 83
175 89
187 95
191 101
193 109
218 113
220 115
236 121
244 126
248 128
1 130
255 130
255 132
255 132
253 132
251 132
246 128
240 125
232 121
224 119
214 113
205 109
193 103
183 103
173 105
148 83
130 58
123 48
119 54
105 62
91 58
78 42
68 29
62 31
50 35
42 37
37 29
31 17
27 13
23 15
23 17
23 19
25 13
29 11
35 15
42 23
48 29
56 31
68 35
80 41
91 48
103 56
115 62
128 66
140 70
154 78
167 87
179 93
193 97
203 103
214 109
222 115
232 119
240 123
246 125
250 126
253 128
255 132
257 134
255 132
251 130
248 128
244 126
236 125
230 121
218 115
210 109
199 107
187 101
173 93
164 87
150 82
138 76
125 70
113 66
105 66
85 56
64 39
52 19
50 15
48 21
41 25
31 23
27 15
27 11
27 17
25 23
25 23
27 19
33 17
37 19
44 25
52 31
60 35
72 37
83 39
95 46
107 56
121 64
134 70
146 74
160 80
173 87
185 95
197 99
208 97
218 111
226 117
236 123
242 125
248 126
251 130
255 130
255 132
255 132
253 132
251 130
246 126
240 126
234 123
224 119
214 115
205 109
195 103
181 97
169 91
156 83
142 76
130 70
119 66
105 60
93 52
82 46
70 41
60 37
50 33
42 29
39 27
37 33
25 25
13 5
13 0
23 0
29 15
31 25
33 23
39 17
50 19
60 33
68 44
78 48
87 46
99 44
115 54
126 66
138 76
152 78
164 80
179 85
191 95
201 107
212 111
220 113
232 115
240 121
244 126
250 130
253 130
255 130
255 130
253 132
253 132
250 130
244 126
236 123
228 119
220 117
212 111
201 107
189 101
177 95
164 87
150 83
138 76
125 70
113 62
99 56
85 50
76 42
66 39
56 35
46 29
39 25
35 23
29 19
27 19
25 17
23 17
27 19
33 25
35 29
29 19
33 11
46 13
62 23
72 37
82 42
93 46
107 50
121 60
134 70
146 80
158 85
171 87
181 91
195 99
207 107
216 113
224 115
232 115
242 121
248 126
250 130
253 132
255 128
257 130
255 132
251 132
246 130
242 126
234 123
226 119
216 115
207 111
195 105
183 97
169 91
158 85
146 80
132 72
119 66
107 58
95 52
83 48
70 42
60 37
52 31
44 27
37 23
31 21
29 17
25 17
25 15
25 15
25 17
29 19
35 21
41 25
46 27
56 31
66 37
76 42
91 54
101 62
103 52
113 42
132 48
152 70
167 89
175 95
187 93
201 93
214 105
222 121
230 126
238 125
244 123
250 125
251 130
253 134
253 134
253 128
253 125
250 126
244 128
238 126
230 121
222 115
212 111
203 107
191 103
179 97
166 87
152 82
140 76
126 70
113 64
99 56
87 46
78 44
68 41
56 37
46 31
42 23
35 21
29 19
25 17
23 15
23 15
25 15
27 15
29 17
37 21
42 25
50 27
60 31
70 37
82 42
93 50
105 54
117 60
130 66
144 74
160 85
177 101
179 99
183 91
197 87
214 97
228 111
234 121
238 121
246 121
251 125
257 132
255 138
255 136
255 132
251 128
248 128
242 128
234 125
226 119
218 111
208 107
197 105
183 99
173 91
160 83
146 78
134 74
123 68
109 62
95 54
83 46
72 42
62 39
54 33
44 27
37 21
31 17
29 17
27 17
23 17
23 15
25 15
29 17
31 19
39 23
46 27
54 31
64 33
74 39
85 44
97 50
111 58
123 64
136 68
150 76
162 83
175 91
187 97
199 101
210 107
220 115
222 119
240 126
0 138
244 132
236 115
240 107
7 119
257 134
250 138
248 130
246 119
242 119
234 125
224 128
205 121
203 107
191 97
171 95
166 93
154 87
140 76
126 64
115 58
101 56
91 52
80 46
68 39
58 33
48 29
42 29
35 25
29 19
27 15
25 15
25 17
23 15
25 17
31 17
35 19
41 23
48 27
58 31
70 35
80 41
91 46
103 50
117 58
128 66
142 72
154 78
167 87
181 93
193 99
203 105
214 109
222 115
232 119
240 125
246 126
250 128
253 132
255 134
257 136
261 144
253 140
240 125
232 111
232 107
230 113
220 115
208 111
197 101
189 95
177 93
164 93
148 87
136 76
123 66
111 60
95 54
82 48
74 44
64 35
52 29
44 25
39 21
35 21
29 19
25 17
23 15
23 15
25 17
27 19
31 19
37 21
46 25
52 29
62 33
72 37
85 42
97 48
109 54
121 60
134 68
148 76
162 83
173 89
185 95
199 101
208 107
218 113
228 117
236 121
242 125
248 126
251 128
255 132
255 132
255 132
253 132
251 130
246 128
240 126
234 125
224 119
216 117
210 121
193 113
171 89
160 70
154 68
146 74
130 76
115 66
103 52
93 44
83 46
70 48
60 42
50 33
42 23
37 19
29 19
25 21
23 17
23 11
23 9
27 15
29 19
35 23
41 25
48 23
56 27
68 37
78 44
87 48
101 52
115 56
126 64
140 72
154 80
166 85
179 89
191 95
203 103
214 109
222 115
230 119
238 121
246 125
250 128
253 130
255 132
255 132
255 132
251 130
248 128
244 126
238 125
230 121
220 117
210 111
201 107
189 103
175 97
164 89
152 83
142 82
130 80
105 64
85 44
80 33
76 31
66 35
54 33
44 27
41 19
37 19
31 23
27 23
23 21
23 15
25 13
27 15
31 21
35 23
44 23
52 25
62 29
72 37
82 44
93 48
107 52
121 58
134 68
146 76
158 82
171 87
185 93
197 99
207 105
216 111
226 115
234 121
242 123
246 126
251 128
255 130
255 134
255 132
253 130
251 130
248 130
240 128
232 123
226 119
216 115
207 111
195 105
183 97
171 91
158 85
144 78
130 72
119 66
107 60
93 54
82 46
72 42
60 39
52 35
48 41
31 25
19 3
19 0
25 5
27 17
25 21
25 15
29 7
37 13
42 27
48 37
54 37
66 33
76 35
87 44
97 54
111 60
125 62
138 66
152 74
166 83
177 91
189 97
203 99
210 105
222 111
230 119
238 125
244 125
250 126
253 128
255 132
255 134
255 132
251 130
250 128
244 126
238 125
230 121
220 115
212 109
201 105
189 101
177 93
166 89
152 83
138 76
126 68
113 62
101 56
87 50
76 42
66 39
58 35
48 31
41 29
35 23
31 21
27 19
27 21
31 27
23 21
17 9
21 1
33 5
37 17
52 27
58 31
7 33
62 31
95 48
99 60
119 68
7 70
125 72
158 80
169 89
181 95
193 99
205 101
216 107
224 113
234 119
240 123
248 126
251 128
253 130
253 130
255 132
255 132
251 132
246 128
242 126
236 125
226 121
216 115
207 109
197 103
185 99
171 93
158 85
146 78
132 72
121 66
107 60
95 52
83 46
72 41
62 37
52 31
44 29
37 25
33 21
27 17
23 15
23 15
25 15
27 19
29 19
33 21
41 25
46 29
56 37
70 48
74 46
76 33
89 27
109 39
1 62
130 78
148 78
130 76
177 82
191 97
193 111
210 117
218 113
222 113
236 119
242 125
248 130
1 130
253 126
255 126
255 130
253 125
250 132
242 126
238 123
230 119
222 119
214 115
201 109
191 99
171 93
167 89
154 83
140 76
126 68
115 62
93 54
89 52
78 46
66 41
56 33
48 29
41 27
35 25
29 21
27 19
25 17
23 15
23 17
27 17
31 19
35 19
35 23
50 27
58 33
68 39
80 42
91 48
105 56
119 64
11 76
146 83
140 78
158 72
171 74
195 87
203 105
214 111
222 111
234 113
236 121
248 132
0 136
251 132
255 130
250 130
255 132
250 132
246 128
242 125
236 119
226 117
218 113
208 111
191 103
185 97
173 91
162 85
148 80
134 72
123 68
109 62
95 54
83 48
66 42
62 37
46 33
44 29
39 25
33 21
29 17
25 17
23 17
23 15
25 15
29 17
33 19
31 23
44 25
52 27
64 33
66 39
68 44
97 50
111 58
123 64
134 70
148 76
162 83
175 91
187 97
199 103
210 107
224 121
232 128
226 117
230 103
244 105
255 123
257 136
253 136
253 126
255 123
253 128
248 134
240 132
232 123
224 113
214 109
203 109
191 107
179 99
167 87
154 78
140 74
128 72
117 66
103 58
91 48
80 44
70 41
58 37
48 31
42 25
37 21
29 19
25 17
25 15
23 15
23 13
25 15
29 17
35 23
42 25
48 27
58 31
68 37
78 42
91 48
101 52
115 56
128 64
142 72
154 80
166 85
179 91
193 97
203 103
212 109
224 115
232 119
240 123
246 126
250 132
257 138
263 146
253 138
244 123
244 113
248 117
246 123
236 125
226 119
220 109
212 107
201 109
189 107
175 99
162 87
150 80
136 74
123 70
109 64
97 54
85 46
74 39
64 37
54 35
46 29
39 23
33 19
29 17
27 19
23 19
23 17
25 15
29 15
31 19
37 21
44 25
54 29
62 33
72 37
83 42
95 50
109 58
121 62
132 68
146 74
160 82
173 89
185 95
197 101
208 107
218 113
218 117
234 121
242 125
248 128
251 130
253 130
255 132
255 134
253 132
251 132
248 128
240 126
238 128
230 132
210 117
193 93
187 80
181 83
171 91
158 89
142 78
132 64
121 60
107 62
95 62
80 54
68 41
58 31
50 29
42 29
35 27
29 19
27 13
25 11
25 15
23 17
25 19
29 17
35 17
41 23
46 27
56 33
66 35
76 37
89 44
101 52
113 60
126 66
140 70
152 76
166 83
179 91
191 97
201 101
212 107
222 111
230 117
238 123
244 126
250 128
253 130
255 132
255 132
255 132
253 132
248 130
242 126
238 123
230 121
222 119
212 115
201 109
189 101
179 99
171 101
152 91
128 72
115 52
109 44
99 48
87 50
74 44
64 35
56 29
48 29
41 31
35 29
29 23
25 15
25 13
23 13
23 15
25 15
31 13
37 17
44 23
52 29
60 33
72 37
83 42
93 48
105 56
119 62
132 68
146 74
158 80
169 87
183 93
195 101
207 105
216 111
226 115
234 119
242 125
246 128
251 128
253 130
257 132
255 134
253 132
250 130
177 128
240 126
234 123
226 119
216 115
207 111
187 105
183 97
171 91
160 78
146 80
125 74
121 68
109 60
95 54
83 50
68 52
62 46
35 23
33 3
33 1
31 15
31 25
23 21
21 1
25 5
29 13
31 27
33 29
39 25
46 21
48 25
64 35
74 42
85 46
99 48
113 52
125 60
136 72
150 80
164 83
177 87
189 95
201 101
210 109
220 113
222 117
238 121
244 125
0 128
253 130
253 130
255 132
255 132
253 132
250 130
236 126
234 125
232 121
222 117
212 111
203 107
191 101
179 95
166 87
154 82
140 76
126 70
109 62
93 56
89 52
78 46
66 41
56 33
46 31
42 27
37 27
33 29
31 29
19 17
3 3
17 0
27 3
33 15
35 23
41 23
46 23
62 29
74 41
66 50
83 54
103 52
117 56
1 66
144 76
156 82
167 85
181 89
195 95
205 103
214 111
224 117
234 119
242 123
246 125
1 130
255 132
255 132
255 132
253 130
251 130
248 130
242 126
234 123
228 119
218 115
207 109
189 105
185 99
175 93
160 87
146 82
126 74
123 68
109 62
95 54
82 46
64 41
62 37
54 31
44 27
37 25
33 21
27 19
25 17
23 15
25 17
25 17
29 21
33 21
31 27
52 39
48 31
52 17
68 15
87 33
101 54
109 64
121 62
136 62
152 72
164 87
171 99
185 99
199 97
210 99
220 113
220 121
234 125
242 123
248 123
251 126
253 132
255 134
255 132
251 128
250 126
246 126
240 126
232 125
222 117
214 111
203 107
193 103
179 97
167 89
154 83
140 76
126 70
115 64
103 58
91 52
78 44
68 37
56 33
50 29
42 27
35 23
29 19
27 17
23 15
25 15
25 17
27 17
31 19
35 21
41 25
50 27
60 33
70 39
80 44
93 50
111 64
115 66
119 60
132 56
152 64
169 80
179 91
191 99
205 101
216 105
226 115
234 126
240 128
246 128
251 128
253 130
253 132
255 134
253 132
251 128
248 125
242 125
236 123
228 121
218 115
208 109
199 105
187 101
173 95
160 87
148 78
136 74
123 68
109 62
95 54
85 48
74 42
62 39
54 33
46 27
39 23
33 21
29 19
25 17
25 15
23 15
25 15
27 15
33 19
39 23
44 25
52 29
62 33
74 37
83 42
95 48
109 56
123 64
136 72
148 78
160 83
173 89
189 99
205 117
207 115
207 99
218 91
236 103
246 125
248 134
251 130
253 123
257 126
257 134
255 140
251 138
246 128
240 121
232 119
224 119
214 117
203 109
191 97
181 91
169 89
156 87
142 80
130 70
117 62
105 56
91 52
80 48
70 41
60 35
50 29
41 25
35 23
31 19
27 17
25 15
23 15
23 15
25 17
29 19
35 21
41 23
48 27
56 31
68 37
78 42
89 46
101 54
115 58
126 64
140 70
154 78
166 85
179 91
191 97
203 105
214 109
222 115
232 119
242 126
251 134
253 140
244 128
244 117
251 115
257 123
253 130
248 128
242 123
240 119
230 119
222 121
212 119
199 111
187 101
177 93
164 87
150 83
136 76
123 66
111 56
97 52
85 50
76 44
64 39
54 31
48 27
39 23
33 23
29 21
27 19
23 15
23 15
25 15
29 17
31 19
37 21
42 23
52 27
62 33
72 39
82 44
93 48
107 54
121 62
132 70
144 74
160 82
173 89
185 95
197 101
207 105
218 113
228 119
234 123
242 125
248 126
251 130
255 132
255 134
255 134
255 134
251 132
251 138
244 136
224 119
214 97
212 93
207 103
197 109
181 103
169 87
158 76
148 76
134 80
119 76
105 62
93 50
82 44
70 42
58 41
50 33
42 23
37 17
31 17
27 19
23 19
25 15
25 13
25 15
29 19
33 23
41 25
48 27
56 29
64 33
76 41
87 46
99 52
111 54
126 62
140 72
152 80
164 85
177 89
189 97
201 103
210 109
220 113
230 117
238 121
244 125
250 128
253 130
255 132
255 132
255 132
253 130
250 130
244 128
238 126
230 123
222 119
212 115
205 113
195 111
175 99
154 82
144 66
138 62
126 64
113 64
99 56
87 46
78 39
70 41
58 41
48 37
41 27
35 19
29 15
25 19
23 19
23 17
23 13
27 13
31 17
37 21
42 25
50 29
60 31
70 37
80 41
93 48
107 56
119 60
130 66
144 72
158 82
169 89
181 95
195 97
207 103
216 111
224 115
232 121
240 123
248 126
251 128
251 130
255 132
257 134
255 134
251 132
246 130
242 126
236 125
220 121
216 115
207 109
189 105
185 99
171 93
160 85
146 80
134 74
121 68
111 66
93 68
64 52
52 27
54 11
52 17
48 29
37 31
31 21
19 11
29 11
27 19
25 27
25 25
23 17
33 15
31 19
44 27
54 33
64 33
62 35
85 41
93 50
111 58
125 66
138 70
150 74
164 82
175 91
189 99
191 103
210 105
220 109
222 117
236 123
242 126
248 126
3 128
255 130
255 134
255 134
253 130
250 128
236 126
240 125
232 123
224 119
212 113
203 107
191 103
179 97
166 91
154 83
140 76
128 70
115 66
93 58
89 50
80 44
68 41
58 39
50 35
48 37
37 31
19 17
15 3
19 0
25 7
25 15
25 17
27 15
37 15
44 23
52 33
58 39
68 41
80 41
91 44
103 52
115 60
128 66
142 72
156 78
167 82
181 91
193 99
205 105
214 109
222 113
232 119
240 125
246 126
250 128
253 128
255 130
255 134
255 132
251 130
248 128
242 126
236 125
228 121
218 117
208 111
197 105
185 97
175 93
162 89
148 82
134 74
121 66
109 60
97 56
83 48
72 42
64 35
54 33
46 31
39 25
33 21
29 19
25 17
23 19
23 19
27 19
35 27
33 27
27 13
33 1
52 9
68 31
76 46
82 48
97 44
111 48
126 64
136 78
148 83
160 83
173 83
187 89
197 101
208 111
218 113
228 113
236 115
242 123
248 130
251 132
253 130
255 128
255 130
253 132
251 134
246 130
240 126
232 121
224 117
214 113
203 111
193 103
179 95
167 89
156 82
142 78
130 72
115 64
103 56
91 50
80 46
68 41
58 35
50 31
42 27
35 23
29 19
25 17
25 15
25 17
25 17
25 17
31 19
37 21
42 25
48 29
60 35
72 42
83 50
85 48
91 41
109 42
128 54
142 70
152 80
166 83
181 87
195 95
205 107
214 115
222 119
230 117
240 119
246 125
250 132
253 132
253 130
255 128
255 128
251 130
248 132
244 128
236 123
230 119
220 117
210 113
199 107
187 99
175 93
162 87
148 82
136 74
123 68
111 60
97 52
83 46
74 42
66 41
54 35
46 29
39 25
35 21
29 21
25 19
23 17
23 15
25 15
27 17
31 19
39 21
44 25
52 29
62 33
72 39
83 44
95 50
109 56
121 62
134 70
146 76
164 87
177 99
179 93
185 82
203 83
220 101
230 119
234 126
240 123
248 119
3 125
255 126
257 142
255 138
253 130
250 125
246 126
240 130
232 126
222 117
214 109
205 105
195 103
181 101
169 91
158 83
144 74
130 70
117 66
105 60
95 54
80 46
68 41
58 35
50 33
42 29
37 23
29 19
27 17
25 15
23 15
23 15
25 15
29 17
33 19
39 21
48 25
58 31
66 37
78 42
87 46
101 52
115 58
126 66
138 72
152 78
166 85
179 91
191 99
201 103
214 111
226 119
238 130
236 128
234 119
242 111
251 115
255 126
255 132
253 132
253 128
250 126
246 128
238 130
230 128
220 121
210 111
201 105
189 101
175 97
164 87
150 80
138 72
125 66
113 62
99 56
87 50
76 44
66 39
56 35
46 29
39 25
35 21
29 19
25 17
23 15
23 17
25 17
27 17
31 19
37 21
44 25
50 29
60 33
72 37
82 44
93 48
93 54
119 60
7 68
144 66
126 80
171 87
179 93
195 101
189 105
216 111
228 117
234 123
240 125
238 126
3 130
255 126
255 136
257 138
261 144
250 138
220 117
232 103
218 107
230 119
216 121
205 111
187 97
187 91
175 93
160 95
144 87
132 72
119 60
107 56
93 56
80 50
62 41
60 31
52 27
44 25
37 25
31 21
27 17
25 13
23 13
25 17
25 17
29 19
33 17
31 21
46 25
56 33
64 37
68 41
87 44
99 50
111 58
0 64
130 72
152 78
164 83
175 89
189 97
193 103
212 109
220 113
220 117
234 123
244 126
0 128
251 130
255 125
257 132
251 125
253 132
250 130
175 128
240 126
224 125
228 126
210 123
193 105
179 85
173 78
156 80
154 82
136 76
125 64
115 56
103 56
91 56
78 52
66 42
56 33
48 29
41 25
33 23
27 19
25 15
23 13
23 13
23 15
27 17
31 17
35 19
35 21
50 27
60 35
70 39
64 42
91 46
105 54
117 60
130 68
142 74
156 78
162 85
181 93
193 99
205 105
216 111
226 115
232 119
240 123
248 126
1 130
253 132
255 132
255 132
255 132
251 132
248 130
242 126
236 125
228 121
218 117
208 111
189 105
185 101
173 95
160 87
148 82
140 83
123 80
99 56
83 31
80 25
76 35
64 44
52 37
42 23
39 15
35 19
29 27
23 27
21 17
25 13
25 13
27 17
31 21
31 23
46 23
54 25
64 31
74 41
85 46
97 52
111 56
123 62
136 70
150 78
162 83
175 89
187 93
199 101
193 107
218 113
220 117
236 119
244 123
0 128
251 132
255 132
255 132
255 130
253 130
250 130
238 130
238 125
222 121
222 117
214 115
203 109
191 103
181 95
164 89
154 83
142 78
125 64
117 66
103 58
89 54
80 46
72 44
64 46
46 37
31 15
27 3
31 5
29 15
23 17
21 13
23 9
29 11
33 21
37 27
41 31
48 31
58 31
5 35
78 33
85 48
103 54
111 56
3 62
142 62
156 80
156 87
181 91
193 95
205 103
210 109
222 113
224 119
242 123
246 128
250 128
253 130
255 132
255 134
255 132
251 130
248 128
244 126
236 123
228 119
218 115
208 109
197 103
187 99
175 95
162 89
148 82
136 74
123 70
109 62
97 56
85 48
74 42
64 37
54 35
46 29
39 27
33 23
29 19
25 19
29 23
29 31
19 17
17 0
25 0
39 9
48 27
54 37
62 35
72 33
85 39
97 54
111 68
121 70
132 68
146 68
160 78
173 89
185 99
197 99
208 101
218 107
228 117
236 125
242 126
248 126
251 128
253 132
255 134
253 132
255 132
251 130
246 128
238 126
234 123
226 119
214 113
203 107
193 101
183 97
169 91
156 85
142 78
130 70
119 66
105 60
91 52
80 46
70 41
58 37
50 33
42 27
35 23
31 19
27 17
25 17
25 17
25 17
27 17
31 19
35 23
42 29
56 39
58 41
58 31
68 25
85 31
103 44
115 58
126 66
140 68
154 74
169 83
181 95
191 103
201 105
212 107
222 111
232 119
238 126
244 126
248 126
253 126
255 130
255 132
253 132
251 130
250 126
244 126
238 125
230 123
220 117
210 111
201 107
187 101
175 95
164 89
150 82
136 76
123 68
113 62
99 54
85 48
76 44
66 39
56 35
46 31
39 27
33 21
29 21
25 17
23 15
23 15
25 15
27 17
31 19
37 21
44 25
52 29
62 35
72 39
83 44
95 50
107 58
121 66
138 80
146 83
150 74
162 66
181 76
199 97
208 113
214 115
226 111
236 113
244 125
250 136
251 138
253 132
255 128
255 128
253 134
250 134
244 128
240 123
234 119
224 117
214 115
207 111
195 103
183 95
171 91
158 87
144 82
132 74
119 64
105 58
93 52
82 48
70 42
60 35
52 29
44 27
37 23
31 21
27 17
25 15
23 15
25 15
25 17
29 19
33 19
41 23
46 27
56 31
66 35
78 41
87 46
99 52
113 58
126 64
138 72
152 78
164 83
177 91
191 99
207 111
216 119
214 115
220 107
232 105
244 113
251 126
251 132
253 128
255 126
257 128
255 134
250 138
244 132
238 123
232 119
222 117
210 113
199 107
189 99
177 91
166 85
150 82
136 76
126 68
113 62
101 56
87 50
76 44
66 41
56 33
46 29
41 25
31 21
29 17
25 15
23 13
25 13
25 15
27 17
31 17
37 19
37 23
50 27
60 33
70 37
82 42
93 48
97 54
117 60
132 68
146 74
158 82
162 87
183 93
195 99
207 105
216 111
224 115
234 121
242 125
246 128
0 128
261 140
259 148
248 132
242 113
248 109
0 121
246 132
232 128
224 113
220 105
212 107
199 111
185 109
171 97
160 82
146 68
132 72
117 68
107 60
95 52
82 42
70 39
60 37
52 35
44 29
37 21
31 17
27 17
25 19
21 15
23 13
27 13
29 17
33 21
39 23
46 25
54 29
64 33
74 41
85 46
99 52
111 58
125 64
136 70
150 76
164 82
177 91
189 99
199 103
210 107
220 113
230 119
236 123
244 126
248 128
251 128
253 130
255 132
255 132
253 132
250 132
248 132
246 136
230 128
212 111
203 95
201 93
193 97
179 95
166 87
154 78
142 72
130 72
117 70
101 62
89 52
78 44
68 39
56 35
48 31
41 25
35 17
29 15
25 15
25 17
25 17
25 15
27 15
31 17
37 21
42 25
48 29
58 29
70 35
80 44
91 50
103 54
117 58
130 66
142 74
156 80
167 87
181 91
193 99
205 103
214 109
224 117
232 121
240 123
246 125
250 128
253 132
255 134
255 132
253 130
253 130
248 130
242 126
236 123
230 121
218 119
208 115
197 107
187 101
177 99
166 103
144 87
123 60
113 42
109 44
99 54
83 54
72 42
62 29
56 25
48 31
39 35
33 31
27 19
25 11
23 11
23 17
25 19
27 19
31 15
37 15
46 23
54 33
64 37
72 39
85 42
97 48
109 56
121 64
134 70
150 74
162 82
173 89
187 97
199 103
208 107
218 111
228 115
236 121
242 125
248 126
251 126
255 130
257 132
255 134
253 130
250 128
246 126
240 125
232 123
224 119
214 113
205 107
193 103
181 97
169 91
156 83
142 78
128 72
117 66
105 60
97 62
82 56
60 39
46 19
44 9
44 17
39 23
29 21
25 13
25 11
27 13
25 21
27 25
29 23
35 21
41 21
48 27
56 33
66 39
78 39
89 42
101 48
115 58
128 68
140 72
154 78
167 83
179 89
191 97
203 103
214 109
222 115
230 117
240 121
246 126
251 128
253 130
255 130
255 130
255 130
251 130
248 128
244 126
236 123
228 121
218 115
208 111
199 107
187 101
175 95
162 87
148 80
138 72
125 68
111 64
97 56
85 50
76 44
64 41
54 35
46 31
41 27
33 25
35 29
27 29
13 11
13 0
21 0
31 11
35 25
37 27
42 21
54 21
64 31
76 46
83 54
93 52
105 48
123 56
134 70
146 80
158 83
171 83
185 87
197 97
207 109
216 115
228 117
236 119
242 123
248 128
251 132
255 132
255 132
255 130
