210000 10000000 44040 47
60 39
50 31
42 25
33 21
27 19
25 17
23 15
23 15
25 13
29 17
37 21
46 25
56 31
66 35
80 42
93 48
107 54
123 62
138 72
154 78
167 85
181 93
197 99
210 107
220 111
230 115
240 121
248 126
253 130
255 134
255 134
257 134
255 134
251 136
244 136
228 126
210 107
203 93
197 93
187 95
169 93
154 82
138 70
126 64
113 64
95 60
80 54
68 42
56 35
46 29
37 25
31 21
27 17
23 13
23 13
23 13
27 17
33 19
33 21
48 25
54 31
9 39
85 44
97 52
113 58
1 64
140 64
128 82
173 89
187 95
193 101
214 107
224 115
234 121
242 125
0 126
253 128
255 125
255 132
255 132
251 130
238 128
238 125
220 121
218 117
207 111
193 103
179 95
166 87
150 83
134 76
117 66
105 60
91 54
78 48
64 41
56 39
50 39
33 27
17 3
17 0
23 0
27 17
25 23
27 19
35 13
44 17
54 29
64 44
76 48
87 46
103 48
119 58
134 70
148 80
164 83
177 87
191 91
205 101
218 113
230 121
238 123
246 123
251 126
253 132
255 134
255 134
253 130
250 128
242 128
234 125
224 119
214 113
201 107
187 101
173 93
158 85
144 78
128 70
113 62
99 54
83 46
72 42
58 37
48 29
41 23
35 21
29 21
25 19
23 17
23 17
27 17
31 19
39 21
46 27
58 33
68 37
82 44
101 58
113 68
109 62
0 56
150 60
169 74
185 91
197 101
210 105
222 109
236 117
242 126
248 132
251 134
253 132
255 130
255 132
251 132
246 130
238 125
230 117
220 113
208 111
197 105
183 99
167 89
154 82
138 76
121 70
107 60
93 54
80 46
66 39
54 35
44 29
39 23
31 21
25 17
23 15
23 13
25 15
29 17
33 19
41 23
50 27
62 33
72 37
83 42
101 50
117 60
130 70
146 76
160 82
175 89
191 99
203 105
214 111
226 117
236 121
244 125
0 128
253 125
255 132
259 140
257 142
244 128
234 109
224 103
230 113
220 121
203 113
189 99
171 87
166 85
148 85
132 82
117 70
101 56
87 46
74 42
62 41
50 33
41 23
35 17
29 17
25 19
23 17
23 15
25 13
29 17
35 23
42 27
54 29
66 33
78 41
89 46
105 52
121 60
136 70
152 76
166 83
181 91
195 99
208 105
220 113
230 117
240 123
248 126
251 130
253 130
255 132
255 132
251 130
248 128
242 126
234 123
224 119
212 113
201 107
187 101
173 93
158 85
142 78
126 72
111 68
97 68
82 56
60 37
48 17
46 13
42 19
31 21
25 17
23 11
25 9
27 15
29 23
33 27
39 25
46 23
58 29
70 37
82 44
95 50
111 54
126 60
142 70
158 80
171 87
187 95
201 101
212 107
224 115
234 121
242 125
248 126
253 130
255 132
257 134
253 134
251 130
246 128
238 123
230 121
220 117
208 111
195 105
181 97
167 89
152 83
134 74
121 66
107 58
91 52
78 44
64 37
54 33
46 29
37 25
29 19
27 17
25 17
23 17
25 17
27 17
35 19
42 25
52 33
5 46
66 48
78 37
83 29
115 33
9 62
150 83
160 83
175 83
193 89
208 105
218 121
226 126
236 123
246 121
1 126
251 132
253 134
255 132
253 128
250 126
244 125
236 125
226 123
216 115
203 107
189 99
177 95
162 91
146 82
128 72
115 62
99 56
87 50
74 44
60 37
50 29
42 25
35 23
27 21
25 17
23 15
23 13
25 15
29 17
37 21
44 25
54 27
66 33
80 42
95 50
107 58
123 62
138 70
154 80
167 87
183 95
197 101
210 107
222 115
232 121
244 128
253 138
248 132
244 121
248 115
255 119
253 128
246 130
238 125
232 117
224 113
212 113
201 113
185 107
171 93
156 82
140 76
125 70
109 62
93 54
80 42
68 37
56 33
46 31
39 25
31 19
27 15
25 15
23 17
25 17
27 17
33 17
41 21
48 25
60 33
72 39
83 44
99 50
113 56
128 64
144 74
158 82
173 87
187 95
201 101
214 109
224 115
234 119
242 123
248 126
253 130
255 132
257 132
253 132
251 130
246 128
238 126
228 121
218 117
207 111
195 105
179 97
166 91
154 89
140 87
115 70
91 42
82 27
78 31
68 41
52 39
41 27
35 15
31 13
27 21
25 27
23 23
25 17
29 13
35 19
42 27
52 33
62 35
74 33
89 41
103 52
119 64
134 70
148 74
166 80
179 89
193 99
205 107
218 111
230 117
238 121
246 126
250 130
253 132
255 132
255 132
253 130
248 130
242 126
234 123
224 119
214 113
203 109
189 101
173 95
158 85
142 78
125 62
113 64
99 56
83 48
64 42
60 37
50 31
33 27
33 23
29 19
25 17
23 15
25 19
33 27
33 27
31 19
35 11
50 13
70 27
83 42
93 50
99 54
0 58
142 70
156 82
169 93
185 97
199 99
210 105
222 113
232 123
240 125
248 126
251 125
255 128
257 132
255 134
251 130
246 126
240 123
232 123
220 119
208 113
197 105
183 97
169 91
152 83
136 76
123 68
107 60
91 52
78 44
68 41
56 35
46 29
37 23
31 19
27 17
25 19
23 17
25 15
29 17
33 19
41 23
50 27
60 31
74 37
85 44
101 50
115 60
130 66
146 74
160 80
175 89
191 99
205 107
220 119
230 126
228 119
232 105
244 109
255 123
257 136
255 136
251 126
251 121
248 125
240 132
228 130
216 119
205 105
193 99
177 97
162 93
146 82
130 68
117 60
103 54
87 52
74 44
62 37
52 29
42 25
35 23
29 21
25 17
23 13
23 11
25 13
31 19
37 23
44 27
52 29
64 33
78 41
91 48
103 54
119 60
136 68
152 76
166 85
179 93
195 99
208 107
220 113
230 119
238 123
248 126
251 130
253 130
255 130
255 132
253 134
248 132
242 126
234 123
226 121
214 119
207 119
185 107
162 85
148 68
138 62
126 64
113 62
95 54
82 42
70 33
60 35
50 37
41 33
31 23
27 17
25 15
23 17
23 17
25 15
31 15
39 17
48 25
56 31
68 37
82 41
97 48
111 56
126 64
142 72
158 80
171 87
185 91
201 101
212 109
224 115
232 121
242 123
250 126
253 130
255 132
255 134
255 132
251 130
246 128
238 125
230 121
222 117
208 111
195 105
179 95
166 89
152 83
136 78
121 70
105 60
91 52
78 46
64 41
54 33
44 27
37 25
31 21
25 19
29 27
25 25
15 9
17 0
31 1
44 19
54 35
60 37
72 33
89 37
105 52
119 68
130 76
146 76
162 78
177 85
191 99
203 109
216 111
228 111
236 115
242 123
250 130
253 132
255 132
255 132
253 130
250 132
244 130
236 126
224 119
216 113
205 107
189 103
171 95
162 87
146 80
130 72
115 64
99 56
87 50
74 42
60 37
50 31
33 25
31 21
29 21
25 17
23 15
23 15
27 17
31 21
37 21
44 25
54 29
66 35
80 42
93 48
109 56
123 62
140 72
158 85
173 97
177 97
185 91
203 89
220 101
232 115
238 123
246 125
253 123
257 128
257 136
255 138
253 136
248 128
242 125
232 123
220 119
208 113
191 105
183 97
169 89
154 82
138 76
125 70
111 62
95 54
82 48
62 41
56 37
46 31
39 25
31 21
27 19
25 17
23 15
25 15
27 17
33 19
39 21
48 25
60 31
72 39
83 44
97 50
113 56
126 64
144 74
160 82
173 89
187 95
203 103
214 109
224 115
236 121
244 125
248 126
253 130
255 132
257 132
255 132
251 130
246 130
240 130
234 134
214 121
195 95
185 78
179 82
167 91
150 89
132 74
119 58
107 52
91 56
78 56
64 46
52 33
42 23
35 19
29 21
25 21
23 15
23 11
25 11
29 17
35 23
42 25
52 29
64 33
76 39
89 46
103 54
119 62
134 68
150 74
164 83
179 91
193 99
207 105
216 111
228 115
238 121
246 126
251 130
253 132
255 130
257 132
253 132
248 132
242 126
234 123
226 117
214 113
201 107
189 101
173 93
160 85
144 80
128 72
113 66
99 56
85 50
72 42
62 39
56 39
44 37
25 21
17 5
19 0
23 5
25 13
25 17
31 15
39 15
48 23
58 33
68 42
80 44
95 46
111 54
125 64
138 74
154 80
169 85
183 89
197 99
210 107
222 113
232 117
240 121
248 125
253 130
255 132
255 134
255 132
251 130
246 128
240 126
230 123
220 117
210 109
195 103
183 97
169 91
154 83
138 76
121 66
107 58
93 54
80 48
66 41
56 33
46 29
39 25
31 21
25 17
25 15
23 15
25 15
27 17
33 19
42 25
50 29
60 35
72 39
87 46
101 54
117 64
134 80
138 74
150 64
171 68
191 87
207 107
216 115
224 113
236 113
246 123
251 134
253 140
255 138
255 128
253 126
250 130
244 132
234 126
226 115
218 109
205 107
191 105
177 97
164 89
148 78
130 70
117 64
103 58
89 52
74 44
62 35
50 31
35 27
35 25
29 19
23 15
23 13
23 15
25 17
29 19
37 21
37 23
54 29
64 35
78 41
91 46
107 54
121 62
134 68
152 76
167 87
181 93
195 99
207 105
220 113
232 121
240 125
246 126
251 130
255 134
259 138
263 144
253 140
240 125
232 113
230 109
226 111
214 113
197 107
185 95
173 87
156 83
142 82
126 76
111 66
97 54
83 46
62 42
56 37
46 29
39 21
33 17
27 15
23 17
23 17
25 15
29 15
31 17
39 23
48 29
58 33
70 37
80 41
95 46
113 56
128 66
142 74
156 80
171 85
187 95
199 103
212 109
224 117
234 119
242 125
248 126
253 130
255 132
255 132
253 130
251 130
248 130
240 126
230 121
218 115
208 107
197 105
183 101
166 93
150 83
136 76
123 68
107 62
91 56
83 56
68 50
44 27
33 5
33 1
33 13
29 23
23 19
21 9
27 7
31 15
35 27
41 31
50 31
64 31
74 37
85 46
101 56
117 62
132 66
146 70
162 80
177 91
193 99
205 105
216 109
228 115
238 123
246 126
250 130
253 130
255 130
255 132
253 130
250 128
244 126
236 123
226 119
216 115
203 109
189 103
177 95
160 89
144 80
130 72
115 64
101 56
85 48
72 42
62 37
50 31
41 25
35 23
29 19
25 19
23 17
23 17
27 17
31 19
37 23
46 27
60 35
74 46
76 48
82 33
99 39
121 48
140 66
152 78
134 83
181 87
195 95
212 109
220 119
230 121
242 125
248 126
251 130
253 132
255 134
255 132
251 128
246 125
242 123
234 123
222 119
210 111
199 105
185 99
171 93
146 85
138 76
125 70
109 60
95 52
80 44
68 39
58 35
46 29
37 23
31 21
27 19
25 17
23 15
23 15
27 15
33 19
33 23
48 25
60 31
72 39
83 44
99 52
113 58
128 64
144 72
158 82
171 87
187 93
203 101
216 111
226 117
234 123
244 125
251 132
259 144
253 140
244 121
246 109
251 115
248 126
238 130
228 121
218 109
208 101
195 105
179 105
164 99
148 82
132 70
119 62
103 60
87 54
76 44
64 35
52 27
42 25
37 25
31 23
27 17
23 15
23 15
25 17
29 19
35 21
42 23
52 27
64 33
76 39
89 46
103 54
119 60
134 66
148 76
164 83
179 93
193 99
205 105
218 111
228 119
238 123
246 126
251 130
253 130
255 132
255 134
251 132
250 130
244 128
234 125
224 119
214 115
203 109
189 101
175 95
160 87
148 85
134 83
107 64
87 44
78 31
72 29
60 33
48 31
39 23
33 17
29 15
27 19
25 23
23 21
25 19
31 17
37 21
46 29
56 33
66 37
80 39
95 46
109 54
125 62
140 72
154 80
171 85
185 93
199 103
210 111
222 117
232 121
240 123
248 125
251 130
255 132
255 130
255 130
253 130
248 130
240 128
230 123
220 117
210 111
197 107
183 101
169 91
154 83
138 76
123 70
107 60
93 54
80 46
66 39
54 31
46 27
39 27
31 23
25 19
23 15
25 17
27 19
27 21
37 25
46 35
46 31
48 17
64 15
80 31
105 52
117 64
0 66
144 64
156 76
179 91
191 107
187 109
214 107
228 111
236 119
244 128
248 130
3 126
255 126
255 128
253 132
250 132
244 128
238 125
220 119
216 115
205 111
193 105
177 95
162 87
146 80
130 72
117 66
103 58
87 50
76 42
62 35
50 29
42 27
35 25
29 21
25 17
23 15
25 15
27 17
31 19
35 21
44 23
54 29
66 35
78 42
91 48
107 54
121 62
136 70
152 78
167 85
181 93
195 99
208 107
226 121
234 128
230 123
236 113
248 111
255 123
257 132
253 134
250 125
250 123
246 125
236 128
222 126
212 117
201 105
187 99
171 93
156 87
140 78
126 66
111 58
97 52
82 48
70 42
58 35
48 27
39 23
33 21
27 19
25 17
23 15
23 13
27 17
31 19
39 23
46 25
58 31
68 35
82 41
95 50
111 58
126 64
140 70
156 78
173 87
187 95
201 103
212 109
224 113
234 121
242 126
248 128
251 130
255 130
255 132
255 134
251 132
246 126
240 125
232 123
220 119
208 113
195 105
185 105
171 103
144 82
123 56
117 44
109 50
95 56
76 50
64 35
54 25
46 25
39 29
31 29
25 21
23 13
23 9
25 13
29 21
35 25
41 21
50 21
62 29
76 41
87 48
101 54
117 58
132 64
148 74
162 85
177 91
193 97
205 103
216 109
226 117
236 123
244 126
1 126
255 130
255 132
255 132
253 132
251 132
244 128
236 125
218 121
216 115
203 109
189 103
171 95
162 87
144 80
130 72
115 64
93 58
85 50
72 42
62 35
52 33
42 27
35 23
31 21
29 21
31 29
23 23
15 9
21 1
35 5
46 17
56 31
64 35
78 37
95 41
111 54
125 68
138 78
154 82
167 83
181 91
195 99
208 107
222 117
230 119
238 119
246 125
251 130
255 134
255 134
255 132
253 130
248 128
242 128
232 123
222 117
210 111
199 105
183 99
171 91
156 83
138 76
125 68
109 60
95 54
82 48
68 41
56 33
48 29
41 25
33 21
25 17
23 15
23 15
25 15
27 17
33 19
41 21
48 27
60 31
70 37
83 44
99 52
113 58
128 66
144 74
160 82
173 89
195 107
203 111
205 101
214 93
232 101
246 121
251 134
251 134
253 126
257 125
257 132
253 138
246 136
236 126
228 115
220 111
207 111
191 109
177 97
164 83
150 76
134 72
119 68
103 60
89 48
76 42
64 39
52 35
42 29
37 23
31 19
25 15
23 17
23 19
25 17
29 15
35 17
42 23
54 31
64 37
74 41
89 44
105 52
119 62
134 68
148 76
164 83
179 91
193 97
205 103
218 109
230 119
238 123
246 126
251 128
255 132
257 134
255 134
253 132
250 130
244 128
238 128
230 128
210 117
191 97
181 82
173 80
160 82
142 80
126 68
113 58
101 52
87 52
72 48
58 41
48 31
41 23
33 21
27 21
23 19
21 13
23 11
27 13
31 17
37 21
46 25
56 29
70 35
82 42
93 50
111 56
125 64
138 70
154 76
169 85
185 95
199 101
210 107
222 111
234 119
242 123
248 128
251 128
255 130
255 132
255 132
251 130
248 128
240 125
232 121
220 117
208 111
197 105
183 99
167 91
154 83
138 76
123 68
109 60
93 54
80 46
66 41
56 35
48 31
41 31
37 37
23 23
11 1
13 0
25 0
31 17
35 27
39 23
48 19
64 25
76 42
87 56
99 60
115 58
130 60
144 70
160 82
173 91
189 95
203 99
214 105
226 115
236 123
244 126
250 126
253 128
255 130
257 134
253 134
250 130
244 126
236 123
228 119
216 115
205 109
191 103
177 95
162 87
146 80
132 74
117 66
101 56
87 50
76 44
62 39
52 33
42 27
35 21
29 19
25 17
23 17
23 15
25 15
31 17
37 21
44 25
54 29
66 37
78 42
91 48
107 56
126 70
140 80
144 76
156 72
175 74
197 89
210 105
218 113
228 115
240 117
250 125
253 134
253 138
255 136
255 132
253 130
248 130
240 128
232 125
222 117
212 109
199 105
185 99
171 95
158 85
142 76
126 68
111 62
97 56
83 48
70 41
58 35
48 29
39 25
31 21
27 17
25 15
23 13
23 15
27 15
33 19
41 23
48 25
58 31
70 37
83 42
97 50
111 58
126 64
142 72
158 80
171 87
185 93
201 103
214 109
224 117
232 121
242 123
250 128
253 132
255 134
257 134
255 134
257 140
250 142
230 123
218 101
216 93
210 103
197 109
179 101
166 85
152 74
138 72
123 72
105 70
89 56
78 41
66 35
54 33
42 31
35 25
29 17
27 11
23 13
23 17
25 17
29 17
35 17
42 21
50 29
62 35
74 41
87 44
101 50
117 58
132 66
148 76
162 82
177 89
189 95
205 103
218 111
228 119
236 121
244 125
251 128
255 132
255 134
255 132
253 130
250 130
244 126
236 125
226 119
216 115
203 107
189 101
175 95
162 89
146 82
130 72
115 64
101 58
89 54
80 56
60 46
39 25
31 9
31 5
31 11
25 17
21 15
23 11
27 11
33 17
39 27
46 31
56 33
66 33
78 39
91 48
107 56
121 62
136 66
152 74
167 82
181 93
197 101
208 105
222 111
232 119
240 125
246 126
253 128
255 132
255 132
253 132
251 130
248 128
240 126
232 121
222 115
212 113
199 107
185 99
169 91
156 83
140 78
125 70
109 62
95 54
82 46
68 41
56 33
46 29
39 25
33 23
27 19
23 15
23 15
25 17
29 19
33 21
31 23
50 27
60 33
72 41
85 54
97 58
103 46
119 41
142 54
162 78
175 93
187 97
201 97
216 103
226 117
236 130
244 134
248 130
253 126
255 128
255 134
253 134
250 130
244 123
238 119
228 119
218 117
207 111
193 103
179 95
166 87
150 82
134 76
119 66
103 56
89 48
78 44
64 41
52 33
44 27
37 21
29 19
25 17
23 15
23 15
25 17
29 17
35 21
42 23
52 29
64 33
68 39
89 46
103 52
119 60
9 68
150 76
164 83
179 91
193 97
207 105
218 113
222 119
240 123
248 128
5 136
259 144
250 136
244 123
246 115
248 117
246 125
234 125
222 117
214 107
205 103
187 103
175 93
158 91
142 78
128 68
115 64
97 58
82 50
64 41
60 33
50 29
39 25
33 21
27 19
25 17
23 15
23 15
27 17
31 19
31 21
46 25
56 29
68 37
82 42
95 48
109 54
125 62
140 70
154 80
169 87
185 93
197 99
210 107
222 115
232 119
242 123
248 126
253 130
253 132
255 132
255 132
253 132
248 128
240 125
232 121
222 117
208 113
189 105
183 99
169 91
154 83
138 76
126 74
113 74
89 56
66 29
58 15
56 19
50 33
37 33
27 19
25 9
27 9
25 21
25 27
25 25
33 19
41 17
48 25
58 33
72 41
85 44
99 46
113 54
130 66
146 76
160 83
175 87
191 95
203 105
214 113
226 117
236 119
246 123
250 128
251 132
255 132
255 132
253 130
251 130
244 128
236 123
228 119
216 115
205 109
191 103
177 95
164 87
148 80
132 72
117 64
103 56
87 50
74 44
62 37
52 31
44 25
37 23
29 19
25 17
23 15
25 17
25 17
31 21
44 31
46 33
44 25
54 19
9 23
93 39
107 54
119 62
9 64
148 70
169 82
183 97
195 107
208 109
220 111
230 115
238 123
246 128
251 130
253 130
255 128
253 128
253 132
248 130
242 126
232 121
224 117
212 113
201 109
187 101
171 91
158 83
142 78
126 70
111 62
97 52
83 46
70 41
58 35
48 29
39 25
33 21
27 21
23 17
23 15
25 15
27 15
31 17
39 21
46 27
58 31
70 37
82 42
97 50
111 58
126 64
142 72
156 80
173 89
187 95
201 103
212 109
224 117
238 130
242 132
238 119
244 109
253 113
259 128
255 138
250 132
246 123
242 119
232 123
220 125
208 119
195 107
181 93
166 87
152 83
134 80
119 68
105 54
89 46
78 42
64 41
54 35
44 27
37 19
31 17
19 17
23 19
23 17
25 13
29 15
35 19
33 25
48 29
62 33
66 37
85 42
101 52
117 60
132 68
146 74
164 82
177 91
191 97
205 105
216 111
226 117
236 121
244 125
0 128
255 130
250 134
255 134
253 132
250 130
236 128
236 125
218 121
216 115
205 109
193 107
183 107
156 91
134 70
123 54
115 50
95 52
85 50
70 42
60 31
52 27
44 29
35 29
27 25
25 17
23 13
23 13
25 17
29 21
35 19
37 19
56 25
62 35
78 42
91 48
107 52
123 60
138 70
152 80
167 85
183 93
197 99
208 97
220 111
232 119
240 123
246 126
251 128
255 130
257 132
255 134
251 132
248 128
242 126
232 123
222 119
210 113
199 105
185 99
169 91
154 83
140 76
125 68
109 60
95 54
80 44
68 39
58 33
48 31
39 27
33 23
27 19
25 17
25 21
31 29
23 21
21 3
31 0
48 11
64 33
72 44
82 44
97 42
115 48
130 68
144 83
158 89
173 87
189 89
201 99
212 111
222 117
234 119
242 119
248 125
253 128
255 132
257 134
255 132
250 128
244 126
238 125
230 121
218 115
207 109
193 103
179 97
166 89
150 82
134 74
119 64
105 56
89 50
76 44
64 37
52 31
44 27
35 25
29 21
25 17
25 15
23 17
25 17
29 19
35 21
42 23
52 27
64 33
76 41
89 46
103 54
119 60
134 68
150 78
166 87
185 101
197 109
199 103
207 97
224 99
238 111
248 125
250 130
251 128
255 126
259 130
255 136
250 138
242 132
234 123
224 117
214 113
199 109
187 101
173 91
160 82
144 76
128 70
113 64
99 56
83 48
72 41
60 37
48 31
41 25
33 21
29 19
23 17
23 15
25 15
25 17
31 17
39 21
46 25
56 29
68 33
82 41
95 50
109 56
123 64
140 72
156 80
169 87
183 93
199 101
212 107
222 115
232 117
240 121
250 128
253 130
255 132
255 132
255 132
253 132
248 132
240 128
230 125
226 125
212 123
187 101
171 78
166 70
156 76
140 82
121 74
107 56
95 44
82 44
68 46
54 42
44 29
39 19
33 17
25 19
23 21
23 17
23 13
29 11
33 15
41 23
48 29
60 33
72 35
85 41
101 50
115 60
130 68
146 72
162 78
175 87
189 97
203 103
216 109
226 115
236 119
242 123
250 128
255 132
255 132
255 132
253 130
251 130
246 130
236 126
226 119
216 113
205 107
191 103
177 97
164 89
148 82
132 74
117 66
101 58
87 52
76 44
62 39
52 33
46 31
39 33
27 23
15 9
13 0
21 1
27 11
31 19
35 19
42 19
56 25
68 35
78 46
91 52
105 56
121 60
134 66
150 76
166 85
181 91
195 95
207 103
218 109
230 119
238 123
244 125
251 125
255 130
257 134
255 136
253 132
250 130
242 126
234 123
222 119
212 113
201 105
187 99
171 91
156 83
142 78
125 62
95 62
95 54
83 48
62 42
58 37
48 31
31 23
33 19
19 17
23 15
21 13
25 15
27 19
33 21
39 23
48 27
58 33
70 39
82 44
95 48
113 56
128 70
148 85
154 85
160 74
177 70
199 85
214 109
224 121
232 119
240 115
251 121
255 134
257 142
255 140
255 132
251 126
246 126
238 128
228 125
218 115
207 105
195 99
181 97
166 93
152 83
136 72
121 64
107 58
91 54
78 48
66 41
54 33
44 25
35 21
31 19
17 17
23 15
23 15
25 15
29 17
35 21
33 25
46 27
62 33
74 39
87 44
101 52
117 58
132 66
148 74
162 83
177 91
193 97
205 103
216 111
228 117
238 121
244 125
251 128
255 132
255 134
257 136
259 140
253 140
236 126
224 111
222 103
216 103
205 105
189 101
173 91
162 80
148 76
132 76
117 72
101 62
85 48
74 41
60 37
50 33
41 27
33 19
27 13
25 13
23 17
23 17
25 15
31 15
37 19
44 25
54 31
66 37
80 41
93 46
107 54
123 60
138 70
152 78
167 83
181 91
197 99
208 107
220 113
230 117
240 121
246 126
251 128
255 132
255 132
255 132
253 132
248 128
242 126
232 123
222 119
210 113
199 107
185 99
171 93
156 85
138 78
125 70
111 62
97 56
82 50
64 48
60 48
41 27
27 3
27 0
27 7
27 21
23 21
21 13
27 9
37 15
42 29
50 37
58 37
70 33
85 37
97 48
111 60
126 68
142 70
160 74
173 85
187 97
201 105
214 109
226 113
234 119
242 123
248 128
253 130
257 132
255 132
253 132
251 132
246 128
238 125
228 119
218 115
207 109
193 105
179 95
166 89
150 82
134 76
119 68
105 58
89 52
76 44
64 39
52 33
44 27
37 23
29 19
25 15
25 15
23 17
25 17
29 19
35 21
44 25
54 31
66 41
80 50
87 52
91 46
109 42
132 52
150 70
166 83
177 91
193 93
208 99
220 111
230 123
238 128
244 126
250 125
255 128
255 134
253 134
251 130
248 126
244 123
234 123
224 119
214 115
203 107
189 99
173 91
160 87
144 80
128 70
113 62
99 56
85 48
72 42
60 37
48 29
41 25
33 21
27 17
23 13
23 13
25 15
27 17
31 19
39 19
46 25
56 31
68 37
80 41
95 48
109 56
125 64
138 72
154 78
169 85
185 95
199 101
210 107
222 115
234 119
242 125
248 128
253 132
261 144
255 140
244 121
242 105
248 113
244 126
232 130
218 119
208 105
199 99
185 101
169 101
154 89
138 76
123 64
107 58
91 54
78 48
66 39
54 29
44 23
37 23
31 23
25 19
23 13
23 11
25 15
29 21
33 23
41 23
50 25
60 31
72 37
85 44
99 52
115 58
128 64
146 62
160 82
175 89
191 97
205 103
214 109
226 115
236 121
244 126
250 126
253 128
255 130
255 132
253 130
250 130
244 128
238 125
228 121
216 115
207 109
193 103
179 99
164 91
150 83
138 82
121 76
95 58
76 37
68 27
64 27
54 29
41 27
33 17
31 13
29 15
25 21
23 21
25 19
31 15
35 17
44 25
52 31
64 35
76 39
89 42
105 50
121 60
136 70
150 76
166 83
181 91
195 99
208 107
220 113
230 117
238 121
246 125
251 128
255 132
255 132
255 132
253 130
248 128
242 128
234 125
224 119
212 113
199 105
187 101
171 95
156 87
140 78
126 68
111 62
97 56
82 46
70 41
58 35
48 31
39 25
33 21
29 19
25 19
23 19
23 17
27 19
33 21
42 33
50 41
48 29
58 15
78 19
99 41
113 60
125 70
140 68
158 70
173 83
187 101
201 113
212 113
222 111
232 115
242 123
248 130
251 130
255 130
255 128
253 130
251 132
246 130
238 125
230 119
220 115
208 113
187 107
181 97
167 89
152 82
136 74
121 66
105 58
91 50
78 42
64 37
46 33
44 29
37 23
29 17
27 15
25 17
23 17
25 17
29 17
35 19
42 23
50 29
62 33
74 39
87 44
101 52
115 60
132 68
148 76
164 83
177 91
191 97
207 107
220 115
234 128
234 128
234 119
240 111
251 115
257 126
255 134
251 132
250 125
246 123
238 125
228 125
216 123
203 111
189 99
175 91
160 89
144 82
128 72
115 60
101 52
85 48
72 42
60 37
50 29
42 23
33 21
27 17
25 17
25 17
25 15
25 15
29 17
37 21
37 25
54 27
3 33
80 41
93 48
99 56
123 62
11 68
154 78
138 85
183 93
195 101
210 107
222 113
222 119
240 123
248 126
1 128
255 130
250 132
255 134
251 132
248 130
242 126
232 125
222 119
212 115
199 109
187 103
177 105
154 91
128 64
117 46
109 44
99 52
83 54
66 41
54 25
48 21
42 27
33 33
25 25
23 17
25 11
25 13
27 19
31 21
39 21
48 21
58 27
70 37
83 44
99 52
113 56
128 62
142 72
160 82
173 91
189 95
201 101
214 107
224 115
234 121
242 125
248 126
251 126
257 130
257 134
255 132
250 130
246 126
238 125
230 123
216 115
207 109
195 103
179 97
164 89
150 82
134 74
119 66
103 58
89 52
76 44
64 39
52 33
42 27
35 23
31 19
27 19
29 25
27 27
19 17
17 5
29 3
42 11
54 27
62 35
74 37
87 41
101 48
121 64
9 76
132 80
164 83
179 89
193 97
205 107
216 113
228 115
236 117
244 123
250 126
253 132
257 134
257 134
253 130
248 128
244 128
236 126
224 119
212 113
201 107
189 101
173 95
158 87
142 76
128 68
115 62
99 58
83 50
72 42
60 35
50 31
41 27
33 21
27 17
25 15
23 13
23 13
27 15
33 19
39 23
46 27
56 31
70 37
80 42
93 48
109 56
125 66
140 74
156 82
169 87
189 101
203 115
203 105
210 93
226 95
244 113
251 132
251 136
253 128
257 125
259 130
255 138
248 140
240 130
232 119
220 113
208 111
195 107
181 99
167 87
152 76
138 70
123 68
109 62
93 52
80 44
66 37
56 35
46 31
37 25
31 19
27 17
25 17
23 19
23 17
29 17
33 19
41 23
48 27
60 31
72 37
85 44
99 50
113 58
130 66
146 74
160 82
173 87
189 95
205 105
214 111
226 117
236 121
244 123
250 126
253 132
255 132
255 132
255 132
251 132
246 130
240 130
236 130
214 121
193 99
183 83
175 80
164 82
148 80
130 70
117 60
105 54
91 52
76 48
62 42
50 33
42 25
35 21
27 19
25 17
23 15
23 13
23 11
29 15
37 21
44 25
54 29
64 33
78 41
91 46
105 54
121 62
136 68
152 76
166 83
181 91
195 99
208 105
220 113
230 119
238 123
246 126
251 128
253 130
255 130
257 134
253 134
248 132
242 126
234 123
224 119
212 115
199 107
185 99
171 91
158 85
142 78
126 72
109 62
97 56
83 48
62 42
58 37
48 31
42 29
39 35
25 23
13 1
13 0
25 0
31 17
33 25
37 23
46 19
60 25
72 39
83 52
97 58
109 58
125 58
140 68
156 82
171 93
185 97
199 97
212 103
220 113
234 123
242 126
248 126
3 128
255 130
255 132
255 134
251 132
246 128
238 125
230 121
220 117
208 113
195 105
179 95
167 87
152 83
136 76
121 68
105 58
91 50
78 44
64 41
54 33
44 27
37 23
31 21
25 19
23 15
23 15
25 15
29 17
35 21
41 25
52 29
62 33
76 39
87 48
103 56
123 68
134 76
140 72
152 68
171 74
193 87
207 103
216 111
226 113
238 117
248 125
251 132
253 138
255 136
255 130
253 128
250 130
244 130
234 125
226 117
216 111
203 105
189 103
175 95
160 85
146 78
130 70
115 64
101 58
87 50
74 44
60 37
50 31
41 25
35 23
29 19
25 17
23 13
23 13
27 17
31 19
37 21
44 25
56 29
68 37
80 42
91 48
107 54
123 62
138 70
152 78
167 85
183 93
197 99
208 105
220 113
232 119
240 123
248 126
251 130
255 132
255 134
255 134
257 138
251 142
234 125
220 103
218 97
214 105
201 111
183 103
167 87
156 74
142 74
126 76
109 72
95 58
82 42
70 35
56 35
46 33
37 25
31 17
27 13
23 11
21 15
25 17
29 19
33 19
41 21
48 27
60 35
72 41
83 44
97 48
113 56
126 64
142 74
158 80
171 85
187 91
205 103
214 113
224 117
236 119
244 123
250 128
253 132
255 132
255 132
255 130
250 128
244 126
240 125
230 123
218 117
207 109
195 103
181 97
166 91
150 83
134 74
119 66
105 60
93 56
82 54
62 44
42 25
35 9
33 5
33 15
27 19
21 17
21 11
27 11
33 17
37 27
44 33
52 31
64 31
76 39
87 48
101 56
117 60
132 66
148 72
164 82
179 91
193 99
208 105
218 111
228 115
238 121
246 126
251 130
253 132
255 130
255 132
253 132
250 130
242 126
236 123
226 119
214 113
201 107
189 101
173 93
160 87
142 78
128 70
113 64
99 56
83 48
72 42
60 37
50 33
41 25
33 21
29 17
25 17
23 17
23 17
25 17
33 19
39 23
46 27
56 33
70 41
87 54
91 54
97 42
115 39
140 54
158 80
171 91
181 95
197 93
214 101
226 117
232 128
240 130
246 125
253 125
255 130
253 136
253 136
251 130
246 123
240 121
232 121
222 121
208 113
197 103
183 95
169 91
154 85
136 78
123 68
107 58
93 50
80 46
66 41
54 33
46 27
37 21
31 17
27 17
25 17
23 15
23 15
27 17
35 19
33 25
48 29
60 33
72 37
85 42
101 52
115 60
130 66
144 74
162 82
175 91
189 99
203 103
216 111
228 117
236 123
244 128
255 136
257 140
248 132
246 119
250 115
251 121
246 126
236 125
226 117
218 109
208 107
193 107
177 101
164 91
148 80
132 72
117 66
101 58
87 50
74 41
62 33
50 27
42 25
35 23
29 19
25 15
25 15
25 17
25 17
31 19
35 21
44 23
54 29
66 35
78 41
91 46
105 54
121 60
134 68
150 76
166 83
179 93
195 99
207 105
220 113
230 119
240 123
246 126
250 126
255 130
257 134
255 134
251 132
248 130
242 126
234 125
224 119
212 113
201 107
187 101
171 93
158 87
142 80
130 80
115 74
87 50
72 27
66 21
60 27
50 35
39 31
31 19
27 9
25 11
25 21
27 27
27 23
31 17
39 15
46 25
58 35
68 41
82 41
95 42
111 52
126 64
140 74
158 80
171 85
187 93
201 103
212 109
224 115
234 119
242 123
248 126
251 130
255 130
255 130
255 130
251 130
246 128
240 126
230 121
218 115
207 107
195 103
181 97
166 91
150 82
136 74
121 66
105 60
91 52
78 46
66 39
54 33
44 27
37 23
31 21
27 17
23 15
23 13
27 17
33 25
41 33
39 29
41 17
54 15
74 25
89 42
101 52
115 58
130 62
148 70
164 83
179 97
191 103
205 105
216 107
228 115
236 121
244 126
250 126
253 126
255 128
255 128
253 132
250 132
244 128
236 123
226 119
214 115
203 109
189 103
175 95
160 87
146 78
130 70
115 64
101 56
85 48
72 41
62 35
52 31
41 27
33 23
29 19
25 17
23 17
23 15
25 17
31 19
37 21
44 25
54 29
68 35
80 42
91 48
107 54
123 64
140 72
152 80
167 87
183 93
199 101
208 109
222 119
236 130
236 126
236 113
244 107
253 117
259 134
255 140
250 132
248 121
244 121
236 126
224 128
208 119
197 105
185 95
169 91
154 87
138 80
123 68
111 56
95 50
80 48
68 42
56 35
48 27
39 23
31 17
27 17
25 19
23 19
23 17
27 15
33 19
41 25
48 29
58 31
70 37
83 42
99 50
113 58
128 66
144 72
158 80
173 89
187 95
203 103
214 109
226 115
234 119
242 125
0 126
251 130
255 132
257 134
255 132
251 130
246 128
238 125
230 121
220 117
208 115
199 113
181 105
158 87
138 68
130 60
121 58
105 58
89 52
76 41
64 33
54 31
46 33
37 29
29 23
25 15
23 13
23 15
25 19
27 17
35 17
42 19
52 27
1 33
68 41
89 46
103 52
119 58
9 68
150 78
164 85
179 91
193 97
207 105
218 111
228 119
234 123
244 125
250 126
253 128
250 134
255 132
253 132
250 130
234 126
234 125
226 121
214 115
201 107
187 101
173 93
160 87
144 80
128 72
113 64
99 56
85 48
72 42
60 37
50 31
41 25
35 23
27 19
25 17
29 27
27 29
17 13
19 0
33 0
50 19
60 37
66 41
78 37
95 41
113 54
126 72
140 80
156 83
169 83
183 89
197 101
210 111
220 117
232 117
240 119
248 123
253 130
255 132
255 130
255 130
253 130
248 130
240 128
230 123
220 117
210 109
197 105
183 99
167 91
154 82
138 74
123 68
107 60
93 54
80 46
68 31
54 33
44 29
37 25
33 23
25 19
23 15
21 13
25 15
29 19
33 23
41 25
50 27
60 33
74 39
85 46
99 52
115 58
130 66
146 76
164 87
181 101
185 101
191 93
207 91
226 103
238 119
244 126
248 126
253 125
257 128
257 134
253 138
251 136
246 130
238 123
226 119
216 117
205 111
191 103
177 93
162 85
146 78
132 72
117 64
103 58
87 50
76 44
62 39
52 33
42 29
33 23
29 19
25 17
21 15
23 13
25 13
31 17
37 21
44 25
54 29
64 35
78 41
89 48
105 54
121 62
136 70
150 76
166 83
181 91
195 99
208 105
220 111
230 117
240 123
246 126
251 128
253 132
255 134
255 134
251 132
248 128
244 128
240 130
230 134
207 115
189 89
179 76
173 80
160 87
142 83
125 68
111 54
99 50
83 52
70 50
58 42
46 29
39 21
33 19
27 21
23 19
23 13
23 9
27 11
31 17
39 25
48 27
58 31
70 35
82 42
97 52
111 60
126 66
142 72
156 80
169 87
185 93
201 101
212 109
222 113
232 117
242 123
250 130
253 132
255 132
257 132
255 132
251 132
179 128
238 126
222 121
220 115
207 109
187 103
179 99
167 91
150 83
136 76
123 68
107 60
91 54
78 46
66 41
56 37
52 31
37 33
21 15
15 1
19 0
23 5
25 13
29 17
33 17
37 19
54 27
64 39
76 46
87 50
101 50
115 56
7 66
146 76
162 83
175 80
191 91
205 101
216 111
228 117
236 121
244 125
1 128
253 130
253 132
255 132
253 132
250 130
234 128
236 123
226 119
216 113
203 107
189 101
171 95
162 87
146 80
130 72
115 64
93 58
85 50
74 41
62 37
50 31
42 27
35 23
29 19
25 17
23 15
23 15
25 17
31 19
37 23
46 27
54 31
0 35
64 42
93 50
109 58
126 72
138 80
144 70
158 64
179 74
199 95
212 113
220 117
230 113
240 115
250 126
253 138
255 140
255 134
253 126
253 126
248 132
240 130
230 121
224 111
212 107
199 105
183 103
169 93
156 83
140 76
125 68
109 62
95 56
82 48
68 41
56 33
46 29
39 25
31 21
27 17
23 15
23 13
25 15
27 17
33 19
41 23
48 27
60 33
70 39
83 44
99 52
113 58
128 64
142 70
160 80
173 89
187 95
201 101
214 107
226 115
236 123
242 126
250 128
253 132
257 134
261 140
259 144
246 132
234 117
232 109
228 109
220 113
207 111
193 101
179 91
167 87
152 85
136 82
119 72
103 58
89 48
76 44
62 41
52 35
42 27
35 19
29 17
25 15
23 15
23 15
25 15
29 15
35 19
42 27
52 31
64 33
76 39
89 46
103 54
119 62
134 70
150 76
164 82
179 91
193 99
205 105
218 111
230 117
238 121
246 126
250 128
255 130
255 132
255 132
251 130
248 128
244 128
236 125
224 121
214 113
203 107
189 103
173 95
158 87
144 78
128 72
115 64
99 58
89 58
76 56
54 37
37 11
33 0
35 11
33 23
25 25
21 15
23 7
29 11
33 23
39 33
46 33
56 31
68 33
80 41
93 52
107 60
123 62
140 66
154 74
169 85
185 97
199 103
210 107
222 111
232 119
242 125
248 130
251 130
255 130
255 130
255 132
250 130
248 128
242 125
232 123
220 117
208 111
197 105
185 99
169 91
152 83
138 76
123 68
107 60
93 52
78 44
66 39
56 33
46 27
39 23
31 19
27 17
25 15
23 15
25 15
29 17
35 19
42 25
52 31
68 44
72 46
76 39
89 35
111 42
132 60
146 76
158 82
173 83
191 91
207 103
216 117
226 123
236 123
244 123
251 126
253 132
255 134
255 132
253 128
250 125
244 123
238 125
228 123
216 115
205 107
193 101
179 95
164 89
146 82
132 72
117 64
103 56
87 50
74 42
62 37
52 31
42 25
33 21
29 17
27 17
25 17
23 17
25 17
31 19
37 21
44 25
52 29
66 35
76 41
89 46
105 52
123 62
136 72
152 78
166 85
181 91
197 99
208 107
220 115
230 119
238 123
248 128
257 142
253 140
244 121
246 107
253 113
253 128
242 134
232 125
224 111
214 105
203 109
187 109
171 101
158 87
142 72
126 66
111 64
95 58
82 48
68 37
58 29
48 29
39 27
31 23
27 15
25 13
23 13
25 17
27 19
33 19
39 21
46 25
58 31
70 39
82 44
95 48
111 54
125 62
142 72
158 80
171 87
185 93
201 101
212 109
224 117
232 121
242 123
248 126
253 130
255 132
255 130
255 130
253 130
248 130
238 126
230 121
220 117
208 113
195 107
181 99
167 91
158 89
140 87
115 70
95 48
85 37
78 35
66 37
52 35
42 25
37 17
33 17
27 19
25 23
23 19
23 15
29 15
33 21
41 27
50 29
62 31
74 33
87 41
101 52
117 60
132 68
148 74
164 82
177 91
191 99
205 105
216 111
226 117
236 121
244 125
250 128
253 130
255 132
255 132
253 130
250 130
246 128
236 125
226 119
216 115
203 109
191 101
175 93
162 85
146 80
130 72
115 64
101 56
87 48
74 42
60 39
50 31
42 27
35 23
29 21
25 17
23 17
25 17
25 17
33 23
41 33
41 25
44 11
60 13
80 29
95 52
107 60
121 60
136 62
156 72
171 91
183 103
195 107
208 105
220 107
230 119
238 126
246 128
250 126
255 126
255 128
255 132
251 134
248 130
242 123
234 121
222 119
210 115
199 107
185 99
169 89
156 83
140 78
125 70
109 62
95 52
82 46
68 41
56 37
46 29
39 23
33 21
27 19
23 17
21 15
25 15
29 17
33 19
39 21
48 27
60 35
72 39
83 44
97 52
113 58
128 66
144 74
160 80
173 89
189 97
205 107
222 121
222 121
224 113
234 107
248 113
255 125
255 132
255 132
253 126
251 125
248 128
240 130
230 126
218 119
207 109
193 101
179 99
164 91
148 80
132 70
119 60
105 56
89 52
76 46
64 39
54 31
44 27
35 21
29 21
25 17
23 15
23 13
25 15
29 17
35 21
42 21
52 27
64 33
76 39
89 46
103 52
119 60
134 68
148 76
164 83
179 89
193 97
207 105
218 111
228 117
238 123
246 126
250 128
253 130
255 132
255 134
253 132
250 130
244 126
236 125
226 121
216 117
203 113
195 115
173 101
148 74
132 54
128 52
117 62
99 62
82 50
72 35
62 29
52 33
41 37
33 29
27 21
25 13
23 13
23 17
25 19
31 17
37 17
44 19
56 27
68 39
80 44
93 48
109 52
125 62
140 72
154 82
169 87
185 91
199 99
210 107
222 115
232 119
240 123
248 126
251 128
253 130
255 132
255 132
253 132
246 126
240 125
232 123
222 119
210 113
197 103
183 97
169 91
152 83
138 76
125 68
109 60
93 54
80 46
68 41
56 35
46 29
39 25
33 23
33 25
23 27
15 15
5 1
21 0
33 5
44 21
50 31
58 31
72 33
87 42
101 56
115 66
128 70
144 74
160 80
175 87
189 97
203 105
214 109
226 111
234 117
244 125
0 130
253 125
255 130
255 130
253 130
250 130
236 130
236 125
220 119
216 115
205 109
191 103
177 97
156 89
148 80
132 72
117 64
101 56
87 48
76 42
64 37
52 33
42 29
35 23
29 21
25 17
23 17
23 17
25 17
29 17
37 21
46 27
54 31
64 35
78 41
91 48
107 56
121 62
134 70
152 78
169 91
183 103
185 95
197 83
216 89
232 109
240 126
244 130
250 125
255 125
257 130
257 140
253 142
248 132
240 123
234 117
224 119
212 119
199 109
185 97
171 87
158 82
142 80
126 72
111 62
97 50
83 44
70 42
58 37
48 31
39 23
33 19
27 17
23 17
23 17
25 17
27 15
31 17
37 19
48 25
58 31
70 37
82 42
95 48
111 56
126 66
140 72
156 80
171 87
185 95
201 101
212 107
224 115
234 121
242 126
248 128
253 130
255 132
257 134
255 132
251 132
250 134
244 136
226 125
208 105
201 93
195 91
183 93
166 89
150 80
136 70
125 64
109 62
91 58
78 50
66 41
54 31
44 27
37 25
29 21
25 17
23 13
23 11
25 15
29 19
35 21
41 21
50 25
64 33
76 41
87 48
101 52
117 58
132 66
146 74
162 83
177 91
191 97
205 103
216 109
228 117
236 121
244 125
250 128
253 130
257 132
255 134
253 132
250 130
244 126
236 123
226 119
216 115
205 109
191 103
175 95
160 87
146 80
130 72
115 66
99 58
85 50
74 44
62 39
37 37
46 39
33 27
17 5
15 0
23 0
27 15
27 23
29 19
37 13
46 17
56 31
68 44
80 50
91 48
107 50
123 60
138 72
152 82
167 85
181 87
197 93
208 105
220 113
230 119
240 121
248 125
251 128
255 132
255 134
255 134
251 130
248 126
240 125
232 123
222 117
208 109
199 103
187 99
171 95
154 87
138 78
125 68
111 62
95 56
80 48
68 41
58 33
46 29
39 25
31 21
27 19
25 17
23 15
25 15
27 17
33 21
33 23
48 27
60 31
72 39
85 46
105 60
115 68
113 64
7 58
154 64
173 78
189 95
201 103
212 105
226 109
236 119
244 128
248 134
253 134
255 132
255 130
253 132
250 134
244 128
238 123
228 117
218 113
205 109
193 101
181 95
166 89
150 82
132 74
119 66
105 60
89 52
76 44
64 37
52 33
44 27
37 23
29 17
25 17
25 15
23 15
23 15
29 17
37 21
42 25
52 29
62 35
76 41
89 46
103 52
117 60
134 68
150 76
164 82
177 89
195 95
208 107
218 113
228 117
238 121
246 126
251 130
255 134
255 134
261 142
255 142
240 123
232 105
232 103
228 115
216 119
199 111
187 95
177 87
162 85
146 87
128 80
113 66
99 52
83 37
72 42
58 39
48 31
33 21
33 15
27 15
25 15
25 17
25 17
27 15
31 17
31 23
46 29
56 33
0 35
64 31
95 48
109 58
123 66
13 70
156 78
162 85
185 93
197 101
210 107
222 113
224 117
240 123
248 128
3 130
255 125
255 132
255 132
253 130
240 130
240 126
222 123
222 117
208 111
189 105
183 99
169 91
152 82
138 76
125 72
111 68
97 64
74 50
56 29
46 15
37 15
41 21
31 21
23 15
23 9
25 11
27 19
29 25
33 25
41 23
50 27
60 31
70 39
83 44
99 50
115 56
128 62
144 72
162 82
175 91
189 97
203 103
214 109
226 117
236 123
244 125
250 126
253 130
255 132
255 132
253 132
250 130
244 128
236 125
226 119
216 113
205 109
191 101
179 95
164 87
148 82
132 74
119 64
103 58
87 50
74 44
62 39
50 31
42 27
35 23
29 19
25 17
23 15
23 15
27 15
31 19
37 21
44 25
58 37
70 48
72 42
78 29
97 29
123 48
140 72
150 82
164 83
181 83
197 95
210 111
220 123
230 125
238 121
246 121
251 126
253 134
255 134
253 130
251 125
248 125
242 126
234 126
224 121
212 111
199 103
187 99
173 95
158 87
142 78
126 68
111 60
97 56
82 48
70 41
58 35
46 29
39 25
33 21
27 19
25 17
23 13
23 13
27 15
33 19
39 23
48 27
58 29
70 37
82 42
95 48
111 56
126 64
140 72
156 80
171 87
187 95
201 103
212 111
224 115
236 123
250 134
248 136
242 126
246 117
253 115
255 125
251 130
244 128
238 121
232 117
222 117
208 115
195 109
181 99
166 87
152 80
136 76
119 70
105 58
91 50
78 41
66 37
54 33
44 29
37 23
29 17
27 17
23 17
23 17
25 17
29 17
35 19
42 23
50 27
62 33
74 39
87 44
101 50
117 58
132 68
148 76
162 83
175 89
193 95
205 103
216 111
226 117
236 121
246 125
250 126
253 130
255 132
255 132
253 132
250 128
244 126
236 125
228 121
216 117
203 109
191 103
177 95
162 89
152 91
130 80
105 56
91 35
83 31
76 39
64 42
48 35
41 21
35 13
31 17
27 25
23 25
23 19
25 11
31 15
37 23
44 29
54 31
66 31
80 37
91 44
105 56
121 62
138 70
154 78
167 85
181 91
197 101
210 109
222 115
230 119
240 121
248 126
251 130
253 132
255 130
255 132
253 130
248 128
240 125
232 121
224 117
212 113
199 105
185 99
171 91
156 85
140 78
125 68
111 62
95 54
80 46
68 39
58 35
48 31
39 27
33 21
27 17
25 17
25 19
29 25
31 29
27 21
29 7
42 9
60 21
72 35
83 44
95 46
113 52
130 62
146 78
160 91
173 95
187 95
201 101
214 111
224 117
234 123
242 121
248 123
253 126
255 130
255 132
255 130
251 128
246 126
238 125
228 121
218 117
207 111
193 101
179 95
166 89
150 83
134 74
119 64
105 58
89 52
76 44
64 39
52 31
44 27
37 23
29 21
25 17
23 15
25 15
25 17
29 17
35 19
42 23
52 29
64 33
74 39
89 44
105 52
119 60
134 70
150 78
164 83
179 93
193 99
208 111
222 125
222 117
226 103
240 101
253 119
257 134
255 138
253 128
253 123
251 126
246 134
234 132
224 123
214 111
203 103
187 99
173 97
158 89
144 78
128 66
113 60
99 56
85 52
72 44
60 33
48 27
41 25
33 23
27 21
23 15
23 13
25 13
27 17
31 21
37 21
46 25
56 29
68 35
80 41
93 48
111 56
125 64
138 72
154 78
171 85
185 93
199 101
208 107
222 111
232 119
242 125
248 128
251 130
255 130
257 132
255 132
251 130
248 130
242 128
232 123
224 121
216 123
195 113
173 91
158 72
152 66
140 72
123 70
107 60
91 46
82 41
70 41
56 41
44 35
37 25
31 19
25 15
21 17
21 17
23 15
27 13
33 15
39 21
50 27
60 33
72 37
87 42
101 50
113 60
128 66
146 74
160 82
175 89
189 97
203 105
214 109
226 115
236 121
244 125
250 128
253 130
255 132
255 132
253 132
250 130
246 126
238 125
228 121
216 115
205 109
193 103
177 97
162 87
146 78
134 72
119 66
103 58
87 50
76 44
64 39
52 33
42 27
35 23
33 23
31 31
21 23
11 3
17 0
29 0
41 19
44 31
52 31
64 27
80 33
93 48
107 64
121 70
134 68
152 72
166 82
179 93
193 103
207 105
218 107
230 113
240 121
246 128
251 130
253 128
255 130
255 130
253 132
248 132
242 128
234 123
224 117
212 113
199 107
187 99
171 93
156 83
140 76
126 70
113 64
97 56
82 48
70 41
58 35
48 31
39 27
31 21
27 17
25 15
23 15
25 17
27 17
33 19
39 23
46 27
56 33
70 37
83 42
97 50
111 58
128 68
148 80
160 87
164 85
175 80
195 85
214 99
224 113
232 119
240 121
250 123
255 128
257 136
255 140
255 136
251 130
246 126
238 126
230 123
218 117
207 109
195 99
181 93
167 89
150 82
136 74
121 64
107 58
91 54
78 48
66 41
54 33
44 27
37 23
29 19
25 17
23 15
23 15
25 15
29 15
35 19
42 23
50 27
60 31
74 39
89 46
101 54
115 58
132 66
148 76
164 85
177 91
189 97
205 103
216 111
226 115
236 121
246 126
1 128
253 132
255 132
257 132
255 134
250 132
248 136
238 136
218 115
205 93
199 87
193 95
177 99
160 91
144 76
132 64
119 62
103 66
87 60
72 46
60 33
50 27
41 27
33 27
27 19
23 11
23 9
25 13
25 19
29 21
37 21
46 23
56 29
66 37
78 42
91 48
107 52
123 60
138 70
154 80
167 85
181 91
197 97
208 105
220 113
230 119
240 123
248 125
251 128
255 130
255 134
255 132
251 130
248 128
240 126
232 123
222 119
212 113
199 105
185 99
169 89
156 82
142 78
126 72
111 64
95 56
83 48
72 46
62 48
44 35
27 15
23 3
25 1
25 9
23 15
23 13
27 11
35 13
42 23
50 33
58 39
70 41
83 41
97 46
111 56
126 66
142 74
158 78
173 83
187 93
201 103
214 109
224 115
234 119
242 123
248 126
253 132
255 132
255 132
253 130
251 130
246 128
238 126
228 121
218 113
207 109
187 103
179 95
164 87
150 80
134 76
119 68
103 60
91 50
78 44
64 39
52 33
35 27
37 23
31 19
17 17
23 15
23 15
25 17
29 19
35 21
35 25
54 31
64 37
76 42
91 52
109 66
115 64
123 54
140 52
158 70
183 93
193 105
205 107
218 103
232 111
240 126
246 136
250 136
253 130
255 126
255 130
251 134
248 132
242 125
234 119
224 115
212 113
203 109
189 103
173 93
158 83
144 78
130 74
115 66
99 56
83 46
72 41
60 37
48 33
39 27
33 19
29 17
25 17
23 15
23 15
27 15
33 17
39 21
46 25
56 31
68 37
82 42
95 48
109 56
125 62
140 70
154 78
169 85
185 95
199 101
212 107
222 115
232 119
242 125
248 128
253 132
261 142
257 142
248 128
242 115
244 111
242 119
232 121
218 117
207 107
199 99
187 97
169 97
154 89
138 78
125 66
107 58
93 52
80 48
62 33
54 33
46 25
37 21
31 21
27 19
23 17
23 13
25 13
29 17
33 21
41 25
48 27
60 31
72 37
85 44
99 52
113 58
130 64
144 72
160 82
175 89
189 97
203 103
214 109
226 117
236 121
244 126
250 128
253 130
255 132
255 132
255 132
250 130
244 126
238 123
228 121
218 117
205 109
191 101
179 97
164 89
148 83
132 74
119 66
109 68
89 62
64 37
52 15
50 11
46 23
37 29
27 23
25 11
25 7
27 13
27 23
29 27
35 23
44 19
54 23
64 33
78 44
89 48
105 50
119 56
132 66
150 78
166 87
181 93
193 97
208 105
220 115
230 121
238 125
246 126
251 128
253 130
255 132
255 132
253 130
248 128
242 126
234 123
224 119
212 113
199 107
185 97
173 91
158 85
142 80
126 70
111 62
97 54
82 48
62 42
56 35
48 29
41 23
33 19
27 17
25 19
23 15
25 17
27 17
33 21
35 29
54 39
54 35
58 25
74 25
95 37
113 54
125 64
138 70
158 74
173 85
189 97
201 107
212 113
224 115
234 119
240 123
248 128
251 130
255 130
255 128
253 128
251 130
246 130
240 126
230 119
220 115
210 111
195 107
181 99
166 89
152 82
136 74
121 68
105 60
91 52
78 44
66 37
54 33
44 29
37 25
31 19
25 17
23 15
23 17
25 17
27 19
35 19
42 23
52 29
62 35
74 39
87 44
103 52
115 58
130 66
148 76
164 85
177 91
191 97
205 105
218 111
228 119
244 130
250 138
244 128
242 113
250 109
257 121
255 134
250 134
242 125
236 117
228 115
218 121
205 119
189 109
175 93
162 82
146 78
128 74
115 66
99 56
85 44
74 41
60 37
50 33
42 27
35 21
29 17
25 17
23 17
23 17
25 17
31 17
37 19
44 25
54 31
66 37
78 41
91 46
107 54
123 62
136 70
152 76
169 83
185 93
197 101
208 107
220 113
224 117
240 123
248 128
1 130
255 130
255 125
255 132
251 132
248 130
242 126
232 123
222 117
210 113
201 107
189 105
177 105
154 91
130 70
115 52
99 44
97 46
83 48
66 41
56 31
48 25
41 25
33 27
27 27
23 19
23 13
25 13
27 17
33 21
39 23
48 23
58 27
70 33
83 44
97 52
113 60
128 64
144 72
158 80
173 87
189 97
203 105
212 109
224 115
234 119
244 126
250 128
253 130
255 130
255 132
253 132
251 130
246 128
238 125
230 121
218 115
207 109
193 103
179 97
166 89
148 82
134 74
119 66
103 58
89 52
76 44
64 39
54 33
44 29
35 23
31 21
27 21
23 19
25 19
31 27
29 25
25 11
33 0
50 7
66 29
78 46
87 48
101 46
121 52
136 68
150 83
162 91
179 91
193 93
207 103
216 113
226 121
238 123
246 123
250 125
253 128
255 132
255 134
253 132
248 128
242 126
236 125
226 121
214 115
201 107
187 99
175 93
160 89
144 80
128 70
115 60
99 54
85 50
72 44
60 37
50 29
41 25
33 21
29 19
25 17
23 15
25 15
25 15
31 19
37 23
46 25
56 29
68 35
82 42
95 50
109 56
125 62
140 72
156 80
171 89
189 101
201 111
205 107
212 101
226 103
242 113
250 125
251 130
253 128
255 128
257 130
253 136
248 136
240 130
232 121
222 115
208 111
195 107
181 99
167 89
154 80
138 74
123 68
107 62
93 52
80 44
68 39
56 35
46 31
39 25
31 21
27 17
23 17
23 17
25 17
27 17
33 17
41 21
48 27
60 33
72 37
85 44
99 52
115 58
128 64
146 74
162 83
175 91
189 95
203 101
216 109
226 117
236 123
244 125
250 126
253 130
255 132
255 132
255 132
251 132
246 128
238 126
228 123
222 125
208 123
183 101
166 76
160 66
150 72
134 78
115 70
101 52
89 41
80 42
66 46
52 42
42 31
35 19
29 15
23 17
21 19
23 19
25 15
29 13
35 15
44 25
54 31
64 35
78 39
91 44
107 54
121 64
134 70
150 76
166 82
181 91
195 99
207 107
220 113
230 117
240 121
246 126
251 130
255 132
255 132
255 130
251 130
250 130
242 128
234 123
224 117
212 113
201 107
187 101
171 93
158 85
142 78
126 70
113 64
99 58
83 50
72 44
58 37
48 33
42 31
39 35
25 25
13 9
13 0
23 0
29 9
31 19
37 21
48 19
60 27
72 39
83 50
95 56
111 58
126 62
140 70
156 80
171 89
185 93
199 97
212 103
222 113
234 121
242 125
248 126
253 128
255 130
255 132
253 132
251 130
248 128
238 125
230 123
220 117
208 111
195 105
181 97
166 91
152 82
136 74
121 68
105 58
91 48
80 44
66 41
54 35
44 27
37 23
31 19
25 19
23 17
23 15
25 15
29 17
35 21
41 23
50 29
62 35
74 41
87 46
103 52
117 60
134 72
152 87
158 87
166 76
183 74
205 89
220 111
228 123
236 121
246 117
1 123
255 134
257 142
255 138
253 130
250 125
244 125
236 126
226 125
214 113
203 103
191 97
177 95
160 91
146 80
130 70
115 62
101 56
85 50
74 46
62 39
50 31
41 25
33 21
29 21
25 19
23 15
23 13
25 13
31 17
37 21
46 27
54 29
66 35
80 42
91 48
107 56
123 62
138 70
152 78
167 85
183 91
197 99
210 107
222 113
232 119
240 125
248 126
253 130
255 132
257 134
257 136
259 140
250 138
232 125
222 107
218 101
212 103
199 105
183 99
169 87
156 80
142 76
126 74
109 68
95 56
82 44
70 39
58 37
46 33
37 25
31 19
27 15
25 15
23 17
23 17
27 15
33 17
41 21
48 27
58 33
72 37
83 42
99 50
113 56
128 64
144 74
158 82
173 87
187 93
201 101
214 109
224 117
232 121
242 125
250 128
253 132
255 132
255 132
255 132
250 130
244 126
238 125
230 121
218 117
207 111
193 103
179 97
166 91
150 83
134 76
119 66
105 58
89 52
76 44
70 48
56 44
35 23
25 1
27 0
29 11
27 23
23 21
23 13
29 9
39 19
46 31
52 31
62 37
76 37
89 41
103 52
117 64
132 70
148 74
164 78
177 87
191 95
205 105
220 113
230 117
238 121
246 126
251 130
255 132
255 134
255 132
253 130
250 130
242 128
234 123
226 117
214 113
203 107
189 101
175 93
160 85
144 78
128 70
113 62
101 56
85 50
72 42
58 37
50 31
42 27
33 23
27 19
25 15
23 13
25 15
27 17
31 19
39 23
46 27
58 33
74 44
85 54
89 54
97 46
117 46
138 58
156 76
169 87
181 91
197 91
214 103
226 117
232 126
240 130
248 126
253 128
255 132
255 136
253 134
251 130
248 125
240 123
230 121
220 117
210 113
197 105
183 97
167 91
154 85
138 78
123 68
107 60
95 52
80 46
66 41
54 33
46 29
39 25
31 21
25 19
23 15
23 15
27 17
27 19
33 19
33 23
50 27
60 33
72 39
85 44
101 50
115 58
5 66
144 74
160 80
175 87
189 97
205 105
216 111
226 117
236 123
246 126
250 130
257 138
261 146
251 134
242 115
244 107
246 117
240 128
228 126
214 111
205 99
195 99
181 103
164 99
148 87
132 70
117 62
101 56
87 52
74 46
62 37
50 27
42 21
35 23
31 21
17 19
23 13
23 11
27 15
31 21
37 23
44 25
54 27
66 33
78 41
89 48
105 54
121 60
136 68
150 76
166 83
181 91
195 97
208 107
220 113
230 119
238 123
248 126
251 130
253 132
255 134
255 132
253 132
248 130
242 126
234 123
224 119
212 113
201 107
187 101
173 95
158 87
144 82
126 80
113 70
87 50
72 31
68 25
62 29
48 31
37 25
31 15
31 13
27 15
25 21
25 23
27 21
33 17
39 19
46 27
56 33
68 37
82 41
95 44
111 54
126 66
142 74
156 80
171 85
187 91
199 101
214 111
224 117
234 121
242 123
248 126
3 130
255 125
257 134
255 132
251 130
246 128
240 125
232 121
220 115
208 109
197 105
181 97
167 91
150 82
136 74
121 66
107 60
91 52
78 44
64 37
56 33
46 29
37 25
29 17
27 17
25 17
25 17
25 19
29 19
37 23
48 37
50 37
50 23
64 15
85 27
105 48
119 66
130 68
146 68
164 74
179 89
193 107
205 113
216 111
228 111
238 117
244 126
250 132
253 130
255 128
255 128
253 130
250 130
244 128
236 123
228 119
216 113
203 109
189 103
175 95
162 87
146 80
130 72
115 64
101 56
85 48
72 41
60 35
50 31
42 29
35 25
27 19
25 15
23 15
23 17
25 17
31 17
39 21
44 25
54 31
66 35
80 42
93 48
107 54
121 62
138 70
154 78
167 85
181 93
197 101
210 107
226 121
236 130
232 123
236 115
246 111
255 119
257 130
253 134
251 128
250 123
244 123
236 126
224 126
212 119
197 107
185 97
169 91
154 87
138 80
123 68
109 58
95 50
80 46
66 41
56 33
48 29
39 25
31 23
27 19
25 17
23 17
25 17
27 17
33 19
33 23
48 27
58 31
70 35
83 42
97 50
113 56
126 64
140 64
160 82
173 89
187 95
201 103
214 109
226 117
234 121
242 125
0 128
253 130
255 125
255 134
253 132
251 130
238 128
240 126
222 123
218 117
208 111
187 107
185 109
169 103
126 80
123 54
113 42
105 48
93 56
76 50
62 35
52 15
48 25
39 31
31 31
25 21
23 11
23 9
25 15
27 21
33 23
42 21
52 23
62 31
74 41
89 48
103 54
119 58
134 66
150 76
164 85
177 93
193 97
207 103
218 111
228 117
238 123
244 125
251 126
253 130
255 134
255 134
253 130
250 128
244 126
234 123
224 119
214 113
203 107
189 101
173 93
160 87
144 78
128 70
115 64
99 56
83 48
72 44
60 39
50 31
41 27
35 23
29 21
27 23
29 27
23 21
15 9
21 1
35 5
48 19
58 29
66 35
80 37
97 42
113 56
126 70
140 78
154 80
169 85
183 91
197 101
210 111
222 115
232 117
240 119
248 125
251 130
255 134
255 134
253 130
251 130
248 130
240 128
232 125
220 117
210 109
197 105
183 99
167 91
152 83
138 76
123 68
107 60
93 52
78 44
68 39
56 35
46 29
37 25
31 21
27 19
25 17
23 15
25 15
29 17
33 19
41 23
50 27
60 33
74 39
85 44
99 52
115 60
130 68
146 76
160 82
177 93
195 109
201 111
205 97
218 91
236 105
248 125
250 134
251 130
255 123
257 126
257 134
251 140
244 136
236 125
228 115
216 113
203 111
191 105
177 95
162 83
148 76
132 72
117 68
103 60
87 48
74 41
64 37
52 35
42 31
35 23
29 17
25 15
23 17
23 17
25 17
29 17
37 19
42 25
52 29
64 37
78 41
91 46
105 54
121 62
136 70
152 78
166 83
181 91
195 97
208 105
220 113
230 119
240 121
248 126
251 130
253 132
255 134
255 132
253 132
248 130
244 130
240 132
226 128
205 111
189 91
183 83
173 83
158 85
140 80
125 66
113 56
99 52
85 52
70 48
58 39
48 31
39 25
31 21
27 21
23 17
23 15
23 13
25 13
33 17
39 21
48 27
56 31
70 37
83 44
97 52
111 58
126 64
142 72
156 80
171 87
185 93
199 101
212 105
224 115
234 121
242 125
250 128
253 130
255 132
255 132
255 132
251 132
246 128
238 123
232 121
222 119
208 113
195 105
181 97
167 91
152 83
136 76
121 66
107 60
93 52
78 46
64 41
54 35
46 31
42 35
33 33
17 13
13 0
19 0
27 9
31 23
33 23
41 17
52 19
64 31
76 46
87 56
101 56
115 56
130 62
146 74
162 85
175 93
189 93
203 97
216 105
228 117
238 125
244 126
251 126
255 128
255 132
255 136
253 134
250 130
244 126
236 123
226 121
216 115
205 109
189 101
175 91
162 85
146 80
130 74
115 64
101 56
85 48
72 42
62 37
52 33
42 27
35 23
29 19
25 17
23 15
23 17
25 17
31 19
35 21
44 25
56 31
68 37
80 42
93 50
113 62
126 74
134 74
142 68
160 68
181 80
197 95
208 107
218 109
232 113
244 119
250 130
253 136
255 138
255 134
255 132
253 130
248 130
240 128
232 121
222 113
212 109
199 107
185 101
169 91
156 83
140 76
125 68
109 62
95 54
82 44
70 39
56 33
46 29
41 25
33 21
27 17
23 15
23 15
25 15
27 17
33 19
39 21
50 25
60 31
72 37
83 44
99 50
113 58
128 66
142 74
158 80
173 87
187 95
201 101
214 107
226 117
236 123
242 126
250 128
253 132
257 134
255 136
257 140
255 144
240 130
226 107
222 97
220 103
208 111
195 111
177 95
166 82
152 76
138 78
121 78
103 66
89 48
76 39
64 35
52 37
42 31
35 21
29 15
25 13
23 15
23 17
25 17
29 17
35 17
42 23
52 31
64 37
76 41
89 44
103 50
119 60
134 68
148 76
164 82
179 89
193 97
207 105
218 111
230 117
238 121
246 125
251 128
255 132
255 134
255 132
253 130
248 128
244 128
236 125
224 119
214 113
203 107
189 101
175 95
160 87
144 80
130 72
115 66
101 62
91 60
72 50
50 31
41 15
37 11
35 15
29 19
23 17
23 11
25 11
29 17
33 25
37 29
44 29
56 29
68 35
80 42
93 50
109 56
125 62
138 68
154 76
169 85
185 95
199 101
210 107
222 111
232 119
242 125
248 128
251 130
253 130
255 130
255 132
251 132
246 128
240 125
232 121
222 117
208 111
197 105
183 97
169 91
154 83
138 76
123 68
109 62
93 54
80 46
66 41
56 35
46 27
37 25
31 19
27 17
25 17
25 17
25 17
29 19
35 21
41 25
50 29
60 35
80 50
85 54
89 41
103 35
128 46
148 72
162 89
173 91
189 89
205 95
218 111
226 125
234 128
244 126
250 125
253 128
253 134
255 136
253 132
250 126
244 123
236 123
228 121
216 119
205 109
191 101
177 93
164 89
148 83
132 74
117 64
103 58
87 50
76 44
62 39
50 31
42 23
35 21
29 19
25 19
23 17
25 15
25 15
29 19
37 21
44 25
54 29
64 33
76 41
91 48
105 56
119 60
136 68
152 78
166 85
181 93
195 99
208 107
220 113
230 119
240 125
251 134
255 140
248 132
244 121
250 115
255 123
250 128
240 128
232 119
226 113
216 111
203 111
187 107
173 99
158 85
142 76
126 70
111 64
97 56
82 46
70 37
56 31
46 27
39 25
33 21
27 19
23 15
23 17
25 17
27 19
31 19
39 21
48 27
58 31
68 37
82 42
97 50
111 56
125 64
142 70
158 80
171 89
185 97
199 101
212 107
222 115
234 119
242 125
250 128
251 130
255 132
255 132
255 132
251 130
246 128
240 126
230 121
220 115
203 111
195 107
181 101
167 91
154 83
142 85
125 82
99 58
80 33
74 21
68 29
56 37
42 33
35 19
33 11
29 15
25 23
23 25
25 21
29 15
35 15
41 23
50 31
60 35
74 37
87 39
101 48
117 60
132 70
146 76
164 80
177 89
191 99
205 105
216 111
228 117
238 121
244 125
250 128
253 130
255 132
255 132
253 130
250 130
244 128
236 125
226 119
216 113
205 109
191 103
175 95
160 87
146 80
130 72
115 64
101 56
87 50
74 42
60 35
50 29
42 25
35 25
29 21
25 17
23 15
25 17
29 23
37 31
35 27
35 17
46 11
64 19
80 37
93 48
105 54
121 56
13 64
156 80
162 91
183 99
197 103
189 105
220 111
224 119
240 126
246 128
1 126
255 126
255 130
255 132
251 130
248 128
242 125
232 123
222 119
210 113
199 107
185 99
171 91
156 83
140 76
125 70
109 60
95 52
82 46
68 41
56 35
48 29
39 25
33 21
27 19
23 17
23 15
25 15
27 17
33 21
31 23
48 27
60 33
72 37
85 42
97 50
113 58
128 66
144 74
158 82
173 87
189 95
203 105
216 115
230 128
232 125
232 109
242 105
253 117
257 132
257 138
253 132
251 123
248 123
242 128
230 132
218 123
205 109
193 99
171 95
166 93
148 83
132 72
119 60
105 54
89 50
76 46
64 39
52 29
44 25
37 25
31 23
25 21
23 17
23 15
25 15
29 19
35 21
42 25
52 27
64 33
76 41
89 46
103 54
119 60
134 68
148 76
164 83
177 91
193 97
207 105
218 111
228 117
238 121
248 125
251 130
253 132
255 132
255 132
255 132
250 130
244 128
236 125
226 121
216 117
207 117
191 111
167 91
148 74
138 62
128 60
115 62
99 56
82 44
72 35
62 33
52 35
41 33
31 25
29 19
25 17
23 17
23 19
25 17
31 17
39 19
44 23
54 29
68 37
82 33
95 46
109 54
123 62
15 74
156 80
169 85
183 93
199 99
212 107
222 113
232 119
240 121
246 125
251 128
255 132
255 134
255 132
253 130
248 128
240 126
232 121
222 117
210 111
197 105
183 97
169 91
154 83
138 76
123 68
107 60
93 54
80 46
66 41
56 33
46 29
39 25
31 21
25 17
31 27
27 27
17 13
15 0
29 0
44 15
52 33
60 37
70 33
87 35
103 48
117 66
130 76
144 78
160 78
175 85
189 97
201 107
214 111
226 111
236 115
242 123
250 128
253 132
257 132
257 130
253 130
251 130
246 130
238 125
226 119
216 113
205 109
193 103
177 95
164 87
148 78
132 74
117 66
103 58
89 50
76 44
62 37
52 31
35 27
35 21
21 19
25 17
23 17
23 17
25 17
29 17
35 21
37 25
54 29
64 33
78 39
91 46
107 56
121 64
11 74
154 83
171 95
177 97
183 91
199 87
218 97
232 113
238 123
244 125
0 123
257 126
259 134
257 140
253 138
250 130
236 125
234 123
222 119
212 115
201 105
185 95
171 89
158 83
142 80
126 72
111 62
97 54
83 46
62 42
58 37
46 29
39 21
33 19
29 19
25 17
23 15
25 13
27 15
33 19
31 23
48 27
58 29
70 35
82 41
95 50
111 56
126 64
140 72
156 78
171 87
185 95
201 103
212 109
224 113
234 119
240 123
250 126
253 132
255 132
255 134
255 132
251 132
248 130
244 132
234 134
214 119
195 91
187 80
183 85
169 93
150 89
134 74
123 58
109 54
95 56
80 54
66 44
54 31
44 21
35 21
29 21
25 21
23 15
21 9
25 11
29 17
35 23
41 25
52 27
62 31
74 39
87 46
101 54
117 60
132 66
146 74
162 82
177 91
191 97
205 103
216 109
228 117
236 121
244 125
251 126
255 130
255 134
255 134
253 134
250 130
244 128
236 125
226 121
216 115
203 107
191 101
177 95
162 87
146 80
130 72
117 64
101 58
87 52
74 44
64 42
58 42
42 35
23 15
19 1
21 0
25 9
23 15
25 15
31 15
39 17
48 25
56 35
66 42
80 44
91 44
107 50
123 62
138 72
152 80
166 83
183 89
197 97
208 107
220 115
230 117
240 119
248 123
251 130
255 134
255 132
253 132
251 128
248 128
240 126
232 123
222 117
210 111
197 105
185 99
171 93
156 85
138 76
125 68
111 60
95 54
82 46
68 39
58 33
46 29
39 23
31 19
27 19
27 17
23 17
25 17
27 17
33 19
41 25
48 29
58 33
72 39
85 44
99 54
119 70
128 74
132 64
148 58
171 68
191 91
203 109
212 113
224 109
236 111
244 123
250 134
253 140
255 134
255 128
255 126
251 132
244 132
236 126
228 117
218 111
207 109
193 105
179 97
166 85
150 80
134 74
119 68
105 60
89 52
76 44
64 37
52 33
42 27
35 23
29 17
25 15
25 17
23 17
25 17
29 19
35 21
42 25
52 29
62 35
76 41
89 46
103 52
119 60
132 68
150 76
164 83
179 91
193 97
207 105
218 113
228 119
238 123
244 125
251 130
255 134
261 140
259 144
248 134
240 119
238 111
234 113
226 117
212 115
201 105
189 95
175 91
162 89
146 85
128 76
113 64
99 54
83 48
72 44
58 37
48 29
41 21
33 17
29 17
25 17
23 15
25 15
27 15
31 17
39 23
46 29
56 33
68 37
80 41
95 46
109 56
123 62
138 68
156 76
169 85
185 95
197 101
210 107
222 113
232 119
240 123
246 126
253 128
255 132
255 132
253 132
251 130
248 130
240 126
232 123
220 117
208 111
197 105
183 99
169 93
156 85
140 78
123 72
109 62
99 62
83 60
60 41
44 15
39 3
41 13
33 25
25 23
21 11
23 5
29 11
31 25
35 33
41 31
50 25
60 27
72 39
83 48
97 54
113 56
128 60
144 68
160 80
175 91
191 97
203 101
214 107
226 115
236 121
244 128
250 128
253 128
255 130
255 132
253 132
250 130
246 126
236 123
228 119
216 115
207 111
191 103
177 97
162 87
148 82
132 74
117 66
103 58
89 50
76 44
62 39
52 33
42 27
37 23
31 21
25 19
23 17
25 15
27 17
31 21
37 23
46 29
62 39
64 41
66 35
82 31
103 39
123 54
136 70
148 76
164 80
183 87
197 99
208 113
218 117
228 119
240 121
246 126
250 130
253 132
255 130
255 128
251 126
248 128
242 126
234 125
224 117
212 111
201 107
187 101
173 95
158 85
140 76
126 68
111 62
97 56
82 48
70 41
58 35
48 29
41 23
33 21
27 19
25 17
23 15
25 15
27 17
31 21
39 23
46 25
58 31
70 35
82 42
97 50
111 56
126 64
142 72
156 82
169 87
187 93
201 103
212 111
222 115
232 119
244 126
255 140
250 138
244 119
248 107
255 115
255 130
246 134
236 125
230 113
222 111
210 113
195 115
181 105
167 89
152 78
136 72
121 70
105 64
91 52
78 41
66 33
54 33
44 29
37 25
31 19
27 17
23 15
23 17
25 17
29 17
33 17
41 21
50 27
60 35
74 39
87 44
101 50
115 58
130 68
148 76
162 82
177 89
191 95
205 103
216 111
226 115
236 119
244 123
250 126
255 132
255 134
255 132
253 132
250 130
244 128
236 125
228 121
216 115
205 111
191 103
177 97
167 97
150 91
123 72
105 50
95 41
87 41
74 42
60 39
50 29
42 23
37 21
29 23
25 23
23 21
23 17
25 15
29 17
37 23
44 27
54 29
64 29
78 37
91 46
107 56
123 62
138 70
154 78
167 85
181 93
197 99
210 107
220 111
230 117
238 121
246 126
251 128
255 130
255 132
255 132
253 130
248 130
240 126
232 121
222 119
212 115
199 107
185 99
171 91
156 83
140 78
125 70
111 62
95 52
82 46
68 41
56 35
48 29
39 25
33 21
27 17
23 15
25 17
25 21
33 29
35 29
31 15
37 5
54 11
72 31
85 48
97 54
111 52
128 56
146 70
162 87
173 99
187 99
201 99
212 105
224 115
234 125
242 126
248 125
251 123
255 128
257 134
253 136
251 132
246 126
238 123
228 121
218 119
207 113
193 103
179 95
166 87
150 82
134 76
119 66
103 58
89 50
78 44
64 39
52 33
44 27
37 21
29 19
25 17
23 15
23 17
25 17
29 17
35 19
42 23
52 29
64 35
76 41
89 46
103 52
119 60
134 68
150 76
166 85
179 95
197 105
212 117
214 115
218 107
230 105
244 113
251 125
253 132
253 130
255 126
255 128
251 132
244 134
234 130
224 121
214 111
201 107
187 103
173 95
158 83
142 66
128 68
113 62
99 56
85 48
72 41
60 35
48 29
41 25
31 21
21 19
25 17
23 15
23 15
27 17
31 19
37 23
46 25
56 31
5 35
80 42
93 48
109 56
125 64
140 72
154 80
169 85
185 93
199 101
210 107
222 113
224 119
240 123
248 126
1 128
255 132
255 134
255 132
251 132
248 130
240 126
232 125
222 121
212 117
201 117
179 103
158 78
146 60
138 62
126 70
109 68
91 52
80 37
62 33
58 37
46 37
37 31
31 19
27 13
23 15
21 19
25 19
27 17
33 15
41 19
48 25
60 33
72 41
85 42
99 48
115 58
130 68
146 76
160 80
173 87
189 93
203 103
214 111
226 115
234 119
242 121
250 125
255 132
255 134
255 134
253 130
251 130
244 126
238 125
228 121
216 115
205 107
191 101
177 97
164 89
148 82
132 72
119 66
103 58
87 52
74 46
64 39
52 33
42 29
37 25
37 29
27 27
15 11
13 0
21 0
31 9
39 21
42 25
52 25
66 29
80 39
93 50
105 60
121 64
136 68
150 76
166 85
179 93
195 99
207 105
218 109
220 115
238 121
246 126
1 128
255 130
250 132
257 134
253 134
248 130
242 126
234 123
224 119
212 115
201 107
187 99
173 91
158 85
142 78
126 70
113 62
97 54
82 48
70 42
58 37
48 31
39 27
33 21
25 17
23 13
25 17
25 19
27 19
33 19
39 21
48 27
56 33
70 39
82 42
97 50
111 56
126 66
142 76
162 91
171 97
175 83
189 78
210 89
226 111
236 126
240 126
248 121
253 123
257 132
257 140
255 140
251 134
246 125
240 123
230 123
220 121
207 111
195 99
181 91
166 87
152 82
136 78
121 68
107 58
91 50
78 46
66 41
54 35
44 27
37 23
31 19
25 15
23 15
23 13
27 15
29 17
33 21
42 25
50 29
62 33
74 39
87 46
101 54
117 60
130 66
148 74
162 83
177 91
191 97
205 103
216 109
228 117
236 123
244 125
1 128
253 130
255 130
250 132
257 136
255 140
177 140
230 126
216 107
210 99
203 99
191 101
158 93
160 83
146 66
132 70
119 68
101 64
87 54
72 42
60 35
50 29
41 29
33 23
27 17
23 11
21 11
23 13
27 19
31 19
37 21
44 23
56 29
68 37
80 42
91 48
107 54
121 60
136 68
152 78
167 85
181 93
195 99
208 107
220 113
232 119
240 123
246 126
251 128
255 130
255 132
255 130
253 130
248 130
242 128
232 123
222 119
212 115
199 107
185 101
169 91
156 83
140 76
125 68
111 62
97 56
82 50
62 42
62 41
48 42
33 25
21 1
21 0
25 3
27 17
23 21
25 13
35 11
42 19
50 33
58 42
70 42
83 41
97 46
113 58
126 68
142 74
156 76
173 82
187 91
201 103
214 111
224 115
236 119
242 123
248 126
253 132
257 134
255 134
253 130
250 128
246 128
238 126
228 121
218 115
207 107
193 103
179 97
164 89
150 82
134 74
119 66
105 58
89 52
78 46
64 41
52 33
44 27
37 23
31 19
25 17
23 15
23 15
25 17
29 17
35 21
42 25
52 31
64 37
78 44
95 58
101 60
109 54
125 52
146 62
166 76
179 91
191 97
205 101
220 105
232 117
240 126
246 132
250 130
253 126
255 130
255 134
253 134
246 128
242 123
236 121
226 119
212 115
201 107
189 99
175 91
158 85
142 80
128 72
115 64
99 56
83 48
72 42
60 37
50 31
41 25
33 21
27 19
23 15
23 15
25 17
27 17
31 19
37 23
46 25
56 31
68 37
82 42
93 48
109 56
125 62
140 70
154 78
169 85
183 91
199 99
212 107
222 115
232 119
242 123
250 128
253 132
255 136
261 146
253 138
242 119
234 107
240 111
236 123
222 125
208 113
187 97
185 91
171 93
156 93
138 83
123 68
109 56
93 52
78 48
66 42
54 33
46 25
37 19
31 19
25 19
25 17
23 15
25 11
29 15
35 21
41 25
48 27
62 31
74 37
85 44
99 52
115 58
130 64
146 74
160 80
173 89
189 95
203 103
216 109
226 115
234 119
244 125
250 128
253 130
255 132
255 130
253 130
251 132
246 130
236 126
228 121
218 117
207 111
191 103
177 97
164 89
148 82
134 76
123 74
107 68
80 50
64 29
56 19
54 21
44 27
35 23
27 15
25 11
27 13
25 19
25 23
29 21
37 21
44 23
52 29
64 37
76 42
89 46
105 52
119 58
134 68
152 78
166 85
179 91
195 97
208 105
220 113
230 119
238 123
246 125
251 128
253 130
255 132
255 132
251 130
248 128
242 126
234 123
224 117
214 111
201 107
187 101
171 93
158 85
142 78
126 68
111 60
97 54
83 48
70 41
58 35
48 29
41 27
33 23
27 19
25 17
23 17
25 17
27 17
33 19
41 25
52 39
60 42
60 33
72 21
91 29
113 50
128 70
140 76
154 74
171 80
189 93
201 109
212 119
222 117
232 115
242 119
248 128
251 134
253 134
255 130
253 126
251 126
248 130
240 128
230 123
220 115
208 109
197 107
181 101
166 91
152 82
136 74
121 68
105 60
91 52
78 46
66 39
54 33
44 27
37 25
31 21
27 17
23 13
23 13
25 15
29 17
35 19
42 23
50 29
60 33
72 39
87 44
103 52
117 62
130 68
146 76
162 82
177 89
193 97
205 107
218 113
232 123
244 132
240 130
238 119
246 113
255 119
257 128
253 130
248 126
244 123
238 119
230 123
216 121
203 115
191 103
177 93
160 87
146 82
128 74
115 64
99 54
85 44
74 41
60 37
50 31
41 23
35 21
29 21
25 19
21 17
25 15
27 17
31 19
37 21
44 25
56 29
66 35
78 41
91 46
107 54
123 60
138 70
152 76
167 85
181 93
197 101
208 107
220 113
232 119
240 123
246 126
251 128
253 130
255 132
255 132
253 132
248 130
242 126
234 123
222 119
210 113
199 107
185 101
175 99
162 99
136 80
113 54
103 39
95 41
85 48
68 48
56 35
46 21
41 17
35 25
27 29
23 23
21 11
25 7
29 13
33 23
39 27
46 25
58 25
72 33
83 42
97 52
113 58
128 64
142 70
158 80
173 89
187 97
201 103
214 107
224 113
234 121
242 125
248 126
253 128
255 130
255 130
255 132
251 132
246 128
238 125
230 121
218 117
207 111
193 105
179 97
166 89
150 82
134 74
119 66
105 60
89 52
76 44
64 39
54 33
44 29
35 23
31 21
27 19
25 21
29 25
25 23
21 13
25 5
39 9
54 19
64 33
76 41
87 42
103 46
121 58
136 74
150 83
164 87
177 89
193 95
207 105
216 115
226 117
236 119
246 121
250 126
253 132
255 132
255 132
253 128
250 128
244 128
236 126
226 121
214 115
203 107
189 101
173 95
160 87
144 78
128 70
115 62
99 56
83 48
64 41
60 35
50 31
41 27
33 23
27 19
23 15
23 15
25 17
25 15
31 17
39 21
46 27
56 33
68 37
80 42
95 50
109 56
123 64
140 72
156 80
169 87
185 97
205 113
212 119
212 105
220 95
240 103
251 125
253 138
251 134
253 126
255 123
255 130
250 138
240 134
232 125
220 113
210 109
197 107
181 103
167 93
154 78
138 70
123 66
109 62
93 54
80 46
68 37
56 33
46 31
37 27
31 21
27 17
23 13
23 15
25 15
27 15
35 17
41 21
50 27
60 33
72 39
85 44
101 52
115 58
128 66
146 72
160 82
175 89
189 95
203 103
214 111
226 117
236 121
244 125
250 126
253 130
255 132
255 132
255 132
251 130
246 130
240 128
234 128
222 126
201 111
181 91
171 80
164 78
150 78
132 74
115 64
103 52
91 48
78 46
64 44
50 37
42 29
37 21
29 19
23 17
21 17
23 15
25 13
29 13
37 19
44 25
54 31
64 35
76 39
91 46
105 56
121 64
134 70
150 74
166 83
181 93
193 99
207 105
220 111
230 117
238 123
246 126
251 128
255 130
255 132
255 132
253 132
248 130
242 126
234 123
224 119
212 115
201 109
187 103
171 95
158 85
142 80
126 72
111 62
97 54
83 46
64 42
60 37
48 33
39 27
35 27
31 33
17 17
11 0
17 0
29 3
35 21
39 27
44 23
58 23
72 33
85 48
97 60
109 64
125 62
142 66
156 78
169 89
185 97
197 99
210 103
222 109
234 119
242 126
248 126
253 126
255 130
255 132
253 132
251 132
246 128
240 125
230 121
220 117
208 111
197 105
181 97
166 89
152 82
136 74
121 68
105 58
91 50
78 44
66 41
54 35
44 29
37 23
31 21
27 17
23 15
23 13
25 13
29 17
35 19
41 25
52 29
62 33
76 41
87 46
103 54
119 64
138 80
146 82
152 76
167 74
189 82
207 99
216 111
224 115
236 117
246 121
251 130
253 138
255 140
255 136
253 130
177 126
244 125
236 126
218 121
214 113
203 103
187 99
177 95
162 89
146 80
130 62
117 64
101 58
85 52
72 44
62 37
50 29
42 25
33 21
29 19
25 17
23 15
23 13
25 15
31 17
37 21
37 27
54 31
66 35
80 41
91 48
107 54
123 62
138 70
152 78
167 85
181 93
195 99
208 107
220 113
230 119
240 123
248 128
253 130
255 132
257 134
255 134
253 134
253 140
238 132
222 111
214 95
210 97
201 103
185 105
169 93
154 78
142 70
128 72
111 70
95 62
80 48
68 35
58 31
46 33
37 29
31 21
25 13
25 11
23 13
23 17
27 17
33 17
41 19
50 25
60 35
72 41
83 44
99 50
113 54
126 64
144 74
158 82
173 85
187 91
201 101
214 111
224 117
234 121
244 123
250 128
253 130
255 134
255 134
255 132
251 130
244 128
238 125
230 123
218 119
207 111
193 103
181 97
166 91
150 83
134 76
119 68
107 60
93 54
82 54
66 48
46 31
33 13
31 5
31 9
27 15
23 17
21 13
25 11
31 15
37 23
44 31
52 33
62 33
76 37
89 44
103 54
117 62
132 66
148 72
164 80
177 89
193 99
207 105
218 111
220 117
234 121
246 126
1 130
253 130
255 132
255 130
253 130
250 128
242 126
234 121
226 117
216 115
203 109
189 101
173 93
160 87
144 80
128 72
113 62
99 56
83 48
72 42
60 37
50 31
41 27
33 21
27 19
25 15
23 15
25 17
25 17
31 17
39 21
48 27
56 33
68 39
85 52
99 60
101 52
113 42
134 50
156 72
173 91
183 97
195 95
210 99
224 111
234 126
242 134
246 130
251 126
255 128
255 132
253 136
250 132
246 125
240 121
232 119
222 119
210 113
197 105
183 97
169 89
154 85
138 80
123 70
107 60
93 52
80 46
68 41
56 35
46 29
39 23
31 21
25 19
23 17
23 15
25 15
27 17
33 19
41 23
50 29
60 33
72 39
85 44
101 52
115 60
128 66
144 72
160 80
175 89
189 97
203 103
216 109
228 117
236 123
244 128
253 134
263 146
251 138
244 125
246 115
250 117
246 125
236 125
224 117
218 109
208 107
195 107
179 103
164 93
148 82
134 72
117 64
101 60
87 50
74 42
62 33
50 29
41 23
35 23
29 21
27 17
23 13
23 13
27 17
31 21
35 23
42 23
54 29
66 35
78 41
89 48
105 54
119 60
136 68
150 76
166 83
181 91
195 99
207 107
218 111
230 119
240 125
246 126
250 128
253 130
255 132
257 132
253 132
248 130
242 126
234 123
224 119
212 113
201 109
187 99
173 95
158 87
142 80
130 76
117 76
93 60
70 31
62 17
60 21
52 31
41 31
31 21
27 9
27 11
25 19
25 23
27 23
33 19
39 19
46 23
58 33
68 41
82 42
95 44
111 52
126 62
140 74
156 82
171 87
187 93
201 101
212 111
222 117
234 121
242 123
248 125
251 128
255 132
255 134
253 132
251 128
248 126
240 126
230 125
220 119
203 111
187 103
181 99
167 91
152 82
136 74
121 66
107 60
91 54
78 46
66 39
54 33
44 29
37 23
31 21
27 17
25 17
23 17
25 17
31 21
33 29
42 33
42 25
52 17
62 23
89 37
103 52
113 58
130 64
150 70
166 82
177 95
191 103
205 107
216 109
226 115
236 121
244 126
0 128
253 128
255 128
255 130
253 125
250 130
171 126
236 123
228 121
216 117
205 111
191 103
177 95
162 87
144 80
130 72
115 64
101 56
85 48
74 42
62 37
50 31
42 25
35 21
27 17
25 15
25 15
25 17
25 17
29 17
37 19
46 25
56 31
66 37
78 41
93 48
107 56
123 62
136 72
154 78
167 87
181 93
197 99
210 109
222 117
236 128
240 130
236 117
242 107
251 113
257 126
257 138
251 132
246 121
242 117
236 123
226 126
210 123
197 107
185 93
171 87
156 85
138 80
125 70
109 56
95 48
82 44
68 42
56 37
48 29
39 23
31 19
27 17
25 19
23 17
25 15
27 15
31 17
39 21
48 27
60 33
72 37
83 42
97 52
113 58
128 66
142 74
158 80
173 87
187 95
201 101
214 109
226 115
234 121
242 123
250 126
253 132
255 132
255 130
255 132
251 132
246 130
236 126
228 119
220 117
208 115
199 113
185 109
160 91
140 70
126 56
119 54
105 54
89 50
