220000 10000000 46137 45
167 83
183 91
197 99
208 109
220 115
232 119
240 121
248 125
251 128
255 132
255 132
253 130
250 128
244 126
238 126
228 123
214 115
201 107
189 101
173 95
158 87
140 78
126 68
111 60
95 54
80 46
66 41
56 33
44 29
37 25
29 21
25 17
23 15
23 13
25 13
31 17
37 23
46 27
56 31
68 35
82 42
97 50
111 58
126 64
142 74
160 80
175 89
189 95
205 105
222 119
232 130
230 123
232 107
246 105
257 123
259 138
253 138
250 128
250 121
244 123
234 128
220 126
208 117
195 101
179 91
164 87
148 83
132 76
117 64
101 52
85 46
74 42
60 39
50 31
33 25
33 21
27 19
25 19
23 17
25 15
29 17
33 19
41 23
50 27
62 33
76 37
89 46
103 52
121 62
11 70
152 76
166 82
183 89
199 101
212 109
222 115
232 119
242 125
250 128
253 132
255 134
255 132
255 130
251 130
244 128
236 125
226 121
214 113
203 107
187 101
173 95
166 97
142 87
115 66
97 44
89 37
82 39
66 39
52 33
42 23
39 19
33 19
27 23
23 23
23 19
25 15
29 15
37 21
46 27
54 33
68 33
82 39
97 46
113 58
128 68
144 74
160 80
177 87
191 97
205 105
216 109
228 115
238 123
246 126
251 130
255 132
255 130
255 132
251 132
248 130
240 126
232 121
220 117
203 111
187 105
179 97
164 89
148 80
132 72
117 66
101 58
85 50
70 42
60 35
50 31
41 27
31 21
27 17
25 17
25 17
25 17
29 19
35 21
42 27
56 41
64 44
66 35
80 25
101 33
125 54
138 76
152 82
167 82
185 85
201 99
212 115
224 123
234 125
234 121
250 125
253 132
255 136
255 134
253 128
250 125
244 125
234 125
224 119
214 111
201 105
187 99
171 93
156 87
138 80
123 68
107 60
91 52
78 46
64 41
52 33
42 25
37 23
29 19
25 19
21 15
23 13
25 15
33 19
39 23
46 27
58 29
70 37
83 44
97 52
113 60
128 66
146 74
162 82
177 91
193 97
207 107
218 111
230 117
240 123
248 130
255 136
261 142
253 138
246 125
244 117
246 117
242 119
230 121
216 115
207 105
195 99
181 97
166 93
146 87
130 74
115 62
99 54
85 50
70 44
56 33
46 27
39 21
31 19
25 17
25 17
25 15
25 15
29 17
33 21
42 25
52 31
64 35
76 39
91 46
107 56
123 62
136 70
154 78
169 85
185 93
199 101
212 109
224 115
234 121
244 125
250 128
255 132
257 132
255 134
253 130
250 128
244 128
234 125
224 121
212 113
201 107
185 101
169 93
152 83
136 74
125 70
107 62
91 56
78 50
70 48
50 39
33 15
25 0
29 3
29 15
25 23
21 17
25 9
33 11
42 23
48 35
58 41
7 39
64 31
99 46
115 60
130 70
146 76
162 78
177 83
193 95
207 107
220 115
230 117
238 119
248 125
253 132
255 134
255 134
253 130
251 128
246 128
238 126
228 121
216 113
205 107
193 103
177 97
162 89
146 80
130 70
113 62
97 56
82 48
70 41
58 35
46 27
39 25
31 21
27 19
25 17
23 15
25 15
29 19
35 21
42 25
52 29
66 35
78 42
93 50
113 62
126 72
132 70
144 68
158 70
187 83
203 99
212 109
222 113
236 115
248 123
251 132
253 138
255 136
255 132
253 128
250 130
234 130
232 126
222 117
210 107
199 101
185 99
169 93
152 83
136 72
121 66
107 62
91 54
76 46
62 37
52 31
42 27
33 23
27 21
25 17
23 15
25 15
27 17
31 19
39 23
48 27
58 31
70 37
87 44
101 54
117 60
132 68
148 74
164 83
179 91
195 99
208 107
220 113
230 119
240 125
248 128
253 130
255 132
255 132
255 132
251 132
246 132
244 134
234 134
210 117
193 89
183 78
179 85
164 91
144 83
126 70
113 56
101 52
83 52
70 50
56 41
46 27
37 19
31 19
25 21
21 19
21 13
23 7
29 11
37 21
44 27
52 31
66 35
80 39
95 48
109 58
125 66
140 70
156 78
173 87
187 97
201 105
214 111
226 115
236 119
244 125
250 128
255 130
255 132
255 130
253 130
250 130
242 126
232 121
224 115
212 111
197 107
181 99
166 89
152 83
136 76
119 68
103 60
89 52
76 44
62 39
50 31
42 29
35 25
35 29
25 25
13 11
13 0
25 0
35 11
41 23
48 27
60 29
74 33
89 44
103 58
117 66
132 70
150 74
164 82
179 91
195 101
193 107
220 109
232 113
240 119
248 126
253 130
255 132
255 132
255 132
251 130
246 130
238 126
228 121
216 115
203 107
189 101
175 95
158 87
142 78
125 68
111 62
97 54
80 48
68 39
56 35
46 29
37 25
29 21
25 17
25 17
23 15
25 15
29 17
37 21
44 27
54 31
68 35
80 42
95 50
111 58
126 64
142 72
158 80
173 87
189 99
208 115
218 123
218 111
226 99
242 105
253 125
257 136
255 136
253 126
253 123
250 126
244 134
232 132
222 121
208 107
197 101
181 97
166 93
150 83
134 72
119 62
101 54
87 50
74 44
62 39
50 29
41 23
33 21
27 21
23 17
21 15
21 11
27 13
35 21
41 27
48 29
60 31
74 37
87 46
103 54
117 60
134 66
150 74
166 83
181 91
197 101
210 109
222 115
232 119
242 125
250 128
253 132
255 132
255 132
255 130
251 130
244 128
236 123
228 119
216 115
203 111
191 107
181 107
158 93
130 72
117 52
107 46
97 48
82 46
66 39
54 29
46 23
41 23
33 27
25 25
21 17
15 13
25 13
29 19
35 25
44 25
54 27
66 31
80 39
95 48
113 58
126 66
144 64
160 80
175 89
189 97
203 105
216 107
228 113
238 121
246 126
251 130
253 130
255 130
255 132
253 132
248 130
240 126
232 123
220 117
208 113
187 105
179 99
166 89
150 82
132 74
117 66
101 58
85 50
72 42
60 35
48 29
41 25
33 23
27 19
25 17
23 17
25 17
29 19
35 23
48 37
50 37
50 23
64 15
87 27
107 50
121 68
132 70
150 68
169 76
185 95
197 109
210 115
224 115
234 117
242 121
248 128
251 134
253 132
255 128
253 128
250 128
244 128
236 126
226 119
214 111
203 107
187 103
171 95
156 85
140 76
125 68
107 60
93 54
80 46
66 39
52 31
44 27
37 25
29 21
25 19
23 15
23 15
25 17
31 19
37 21
46 25
56 31
68 37
82 42
97 50
113 58
128 64
144 74
160 82
175 89
191 95
207 105
218 113
220 119
240 125
251 134
257 142
250 136
244 123
248 115
1 119
248 125
240 126
220 119
220 111
203 107
197 107
179 103
164 95
148 82
130 72
115 64
99 56
83 48
72 42
58 33
46 27
39 23
33 21
27 19
23 17
23 15
25 15
29 17
33 21
41 25
50 27
62 31
76 39
89 46
105 54
121 62
136 70
154 78
169 85
183 93
197 99
212 107
224 115
234 121
242 125
0 128
253 130
255 125
257 132
250 132
250 130
173 126
236 123
226 119
212 109
201 107
187 99
171 91
154 83
138 76
125 70
109 64
95 60
83 58
60 42
42 19
37 5
35 9
31 19
25 23
21 13
23 7
27 11
33 21
39 31
46 33
56 29
70 31
83 41
97 52
113 62
128 66
146 70
162 78
177 89
191 99
207 105
218 111
230 115
238 121
246 126
253 130
255 132
255 132
255 130
251 130
248 128
240 126
228 121
218 115
207 109
193 103
177 97
162 89
146 80
130 72
115 64
99 56
83 48
70 41
58 35
48 29
39 27
31 23
27 19
25 17
23 15
25 15
29 19
35 21
42 25
52 27
64 35
78 42
97 54
109 64
115 60
3 56
148 60
169 74
187 91
199 103
210 105
224 107
238 117
246 128
251 136
253 134
255 130
255 128
253 130
248 132
240 128
234 121
224 115
212 111
199 107
183 99
169 91
154 82
138 74
121 66
105 60
91 52
78 46
64 39
52 33
42 27
35 23
29 21
23 17
23 15
23 15
27 15
31 17
31 21
48 25
60 31
9 39
68 44
99 50
115 58
130 68
146 74
162 82
171 91
193 97
207 105
220 113
232 119
240 125
248 126
251 130
255 130
250 132
255 134
251 134
248 134
242 138
222 121
207 95
199 85
193 91
179 99
162 93
142 76
128 62
117 60
101 62
83 58
68 44
58 33
48 25
39 25
29 23
25 19
23 15
23 11
25 11
27 17
35 21
35 25
52 27
66 33
78 42
91 50
109 56
123 62
140 70
156 78
169 87
185 93
201 101
214 107
224 115
234 119
244 125
251 130
253 130
255 132
255 132
253 130
250 130
242 128
232 123
222 117
212 111
199 105
183 99
169 91
152 83
136 76
121 68
105 60
89 52
76 44
64 39
52 33
44 31
41 33
29 27
15 11
13 0
19 0
27 7
35 17
39 23
46 25
60 27
76 37
87 48
101 58
115 62
132 66
148 74
164 83
179 93
193 99
207 103
220 107
232 115
240 123
248 128
251 130
255 130
255 130
255 134
251 132
181 130
238 123
228 119
216 113
205 109
191 103
160 95
160 78
144 78
126 70
111 62
97 56
82 46
68 41
56 35
46 29
39 25
33 21
17 19
23 15
23 15
27 17
29 19
35 21
44 23
54 29
66 35
80 41
93 48
109 56
125 64
142 72
156 80
173 89
193 105
205 115
207 105
216 95
232 99
248 119
1 134
250 134
255 128
250 126
255 125
250 136
242 136
232 126
222 115
210 109
195 105
181 101
167 91
152 80
134 70
119 64
103 60
89 52
72 42
62 35
52 31
41 29
33 25
27 19
25 17
23 15
23 17
25 17
31 19
41 23
48 25
60 31
74 37
87 44
103 52
117 60
132 66
150 76
166 83
181 93
195 99
208 105
222 113
232 121
240 125
248 126
253 130
257 132
255 134
253 132
251 130
246 130
236 126
228 121
216 117
207 115
197 115
173 101
148 78
134 62
125 56
113 56
95 54
78 44
68 35
58 29
48 29
39 31
31 29
25 19
23 15
23 13
25 17
29 21
35 21
44 21
54 25
66 33
80 42
95 50
111 54
126 62
142 72
158 80
173 89
189 95
205 103
216 109
226 117
236 121
244 125
251 126
255 132
255 132
253 132
253 130
250 130
171 126
232 123
222 117
208 113
189 105
181 97
166 89
150 83
134 74
117 66
103 58
87 50
74 42
60 37
50 29
41 23
33 21
29 21
23 19
23 17
25 17
29 21
39 31
41 33
41 17
52 9
72 19
89 39
105 58
119 64
134 64
152 68
169 83
183 101
197 109
208 109
220 107
232 113
242 123
248 132
251 132
253 128
255 126
253 130
250 132
244 130
236 125
226 117
216 111
203 107
189 103
173 95
158 83
140 76
125 68
111 62
95 56
80 46
66 39
54 31
44 29
35 23
29 19
27 15
23 15
23 15
25 17
31 19
37 21
46 25
56 31
68 35
82 41
97 48
113 58
126 64
144 72
160 82
175 89
189 97
205 105
216 113
230 121
242 126
250 132
248 130
244 123
250 117
255 121
253 126
248 130
240 125
232 117
222 113
210 115
195 111
179 101
164 89
150 80
132 72
117 66
99 58
85 48
72 41
60 35
46 29
39 25
33 23
27 19
25 17
23 15
25 17
29 19
33 21
41 23
50 27
62 33
76 41
89 46
103 52
119 60
136 68
152 78
167 85
183 93
199 99
210 107
222 113
234 119
242 125
250 128
253 130
255 132
255 132
255 132
250 130
244 128
236 123
226 119
214 113
201 109
187 103
173 95
158 85
140 78
125 72
111 68
99 68
76 50
54 25
44 7
42 11
39 23
29 25
23 17
23 7
27 11
29 21
31 29
37 31
46 25
56 27
68 35
80 42
95 50
113 56
128 62
144 70
160 80
177 91
191 99
205 103
216 109
228 115
238 123
246 128
251 130
253 130
255 130
255 132
251 132
246 128
240 125
230 119
218 115
207 109
193 103
179 95
164 87
148 80
130 74
115 64
99 56
85 48
72 42
58 35
46 29
39 23
33 19
29 19
25 17
23 15
25 15
29 17
35 21
42 25
52 31
64 37
82 46
95 58
99 54
109 48
130 52
156 66
171 83
183 95
197 97
212 103
226 113
236 125
242 130
248 130
5 130
250 132
255 134
253 134
250 130
234 125
234 121
224 117
212 111
201 107
187 101
171 91
156 83
130 78
123 70
107 60
91 52
78 44
64 39
52 33
42 27
35 21
29 17
25 15
21 13
25 15
27 17
31 19
39 23
46 25
58 31
70 39
83 44
97 50
115 56
128 64
146 72
162 82
177 91
193 97
207 105
218 111
230 117
240 123
248 126
251 128
255 130
257 134
257 136
257 140
250 142
232 125
218 103
212 93
207 101
195 107
177 101
162 85
146 72
132 68
117 70
99 66
83 54
70 39
56 31
46 29
39 29
29 23
25 15
23 7
25 11
25 17
29 21
33 19
42 21
52 27
64 35
76 41
91 48
107 54
123 60
138 68
154 78
171 87
185 95
199 101
212 107
224 113
234 119
242 125
250 128
253 130
255 132
255 132
253 132
248 130
242 126
234 123
224 119
212 111
199 107
185 99
169 91
154 83
138 76
123 68
107 60
91 52
76 44
64 39
54 33
50 37
37 33
19 15
13 1
19 0
25 7
27 15
31 21
37 19
48 19
60 27
74 41
85 52
99 56
115 58
130 64
148 74
164 85
177 91
191 95
207 99
218 107
230 117
240 125
246 126
253 128
255 130
255 132
253 134
251 132
246 128
238 123
228 121
216 117
205 109
191 103
175 95
160 85
146 80
128 72
113 64
97 54
82 46
70 41
58 37
46 31
39 25
31 21
27 17
23 17
23 15
25 15
29 15
35 21
42 25
54 29
66 35
80 41
93 48
109 56
125 64
140 72
156 82
175 97
189 109
191 97
203 87
222 93
240 115
246 132
248 134
251 126
257 125
257 130
255 140
248 140
240 130
234 119
224 115
210 113
197 109
183 99
167 87
152 78
136 74
119 68
103 60
89 52
76 42
62 37
50 33
42 29
35 25
29 19
23 15
23 15
25 17
27 17
31 17
39 19
48 25
60 31
72 39
85 44
101 50
117 58
132 66
148 76
164 83
179 91
195 99
208 107
220 111
232 119
242 123
248 126
251 128
255 130
255 132
255 132
250 130
248 128
240 126
228 125
220 121
212 121
189 111
166 89
150 70
142 64
130 64
113 62
93 54
80 42
70 35
58 35
48 35
37 31
31 23
27 17
23 15
23 17
25 17
29 17
35 17
44 21
54 27
3 35
64 42
95 48
109 54
0 62
142 72
158 82
173 89
187 95
193 101
214 107
228 115
236 121
244 125
0 126
255 130
250 132
255 132
253 132
248 128
242 126
232 123
222 117
210 113
197 105
181 97
167 89
152 83
134 76
119 68
103 58
87 52
76 44
60 37
50 31
41 25
35 23
27 21
25 17
23 17
25 19
33 31
33 29
29 13
39 3
58 13
78 37
87 52
99 54
117 52
136 58
152 76
167 91
181 101
195 103
208 101
220 107
230 119
240 126
248 128
251 126
253 125
255 128
255 134
251 134
244 128
236 123
228 119
216 115
203 111
189 103
173 91
158 83
142 78
125 70
111 62
95 54
80 46
68 39
56 33
44 29
35 23
31 19
25 17
23 17
23 17
25 17
29 17
37 19
44 25
54 31
66 35
80 41
95 48
111 56
126 66
142 72
158 80
173 87
189 97
205 97
218 113
232 123
242 132
240 126
238 115
248 113
257 121
257 130
251 132
246 126
242 121
234 121
224 121
208 119
195 109
181 97
166 87
148 80
132 76
117 66
101 56
85 46
72 39
60 37
50 31
41 27
33 19
27 15
23 15
23 17
25 19
27 17
33 17
41 21
50 27
62 35
74 41
87 44
103 52
119 60
136 70
152 78
136 85
181 91
197 99
210 107
222 115
224 119
242 123
248 126
3 130
255 130
255 130
255 130
251 130
236 128
236 125
218 121
216 115
203 109
187 103
173 95
158 87
140 80
128 76
115 76
89 58
68 33
58 17
54 19
46 27
37 29
29 21
25 11
25 9
27 19
27 27
29 25
37 21
44 19
56 29
66 37
80 44
95 48
111 52
126 60
144 72
158 82
175 89
191 97
205 103
216 109
228 119
238 123
246 126
251 128
253 128
255 132
255 132
251 132
248 128
240 123
232 123
220 119
208 113
193 103
179 95
166 89
150 82
132 74
117 64
101 56
85 48
72 44
60 39
48 31
41 25
33 21
27 17
25 17
23 15
25 17
29 17
33 19
33 23
54 31
7 44
78 50
82 44
93 39
117 44
136 60
154 76
166 85
181 89
199 93
214 105
226 119
234 126
242 128
248 125
253 126
255 130
255 132
253 134
250 128
244 123
234 121
224 117
214 115
201 109
187 99
171 91
156 83
140 78
125 70
109 62
91 52
78 44
66 39
54 33
42 27
35 23
29 17
25 15
23 15
23 15
27 15
31 19
37 21
44 25
56 29
72 35
83 42
97 50
111 56
128 64
146 74
160 82
175 87
191 97
207 105
218 111
230 117
238 123
246 128
251 130
255 134
255 134
259 142
255 144
238 126
226 105
226 97
222 107
208 115
191 107
177 91
166 82
150 80
132 80
115 74
99 60
83 44
72 39
58 35
46 33
31 27
31 17
25 13
21 11
23 15
25 17
29 17
35 17
33 19
52 27
64 37
68 42
89 46
107 52
123 62
13 72
152 80
167 85
185 91
199 99
212 109
224 115
234 121
242 125
0 126
253 130
255 132
255 134
253 132
250 130
236 126
236 125
224 121
212 115
199 107
185 97
169 91
156 85
140 78
123 70
107 62
93 54
78 46
66 44
60 44
42 35
25 15
19 3
21 1
25 9
25 15
25 15
29 13
39 17
50 25
58 37
70 42
83 44
99 48
113 56
128 66
144 76
162 83
177 89
191 93
205 103
218 111
230 119
240 123
246 125
251 126
255 132
255 134
253 132
251 130
246 126
238 125
228 121
218 115
207 109
193 103
177 95
162 87
146 80
130 72
113 62
99 54
83 48
72 42
58 37
46 29
39 23
31 19
27 17
23 17
23 15
25 15
29 17
35 19
42 25
52 29
64 35
78 41
91 48
107 56
123 64
140 74
162 91
169 95
173 83
191 78
212 91
228 115
236 128
242 126
250 121
255 125
257 134
255 140
255 140
250 132
242 123
234 119
222 119
212 117
197 107
183 95
169 85
154 82
138 78
121 70
105 58
91 48
76 42
64 39
52 35
42 29
35 21
29 17
25 17
23 17
25 17
27 17
31 15
39 19
48 25
60 33
72 37
85 42
99 50
115 60
7 66
130 66
164 82
179 89
195 97
208 97
218 111
224 117
240 123
248 126
1 130
255 130
250 134
251 134
251 130
238 128
240 126
234 126
218 126
191 111
179 89
169 76
162 76
130 76
126 70
111 60
97 50
85 44
72 44
58 41
44 33
39 23
31 19
25 17
23 19
21 17
23 15
27 13
35 17
42 23
54 29
66 35
78 41
93 46
109 56
123 64
140 72
156 80
171 87
187 95
201 101
214 109
226 117
236 121
242 123
250 125
255 130
257 134
255 134
251 130
250 128
244 126
232 123
222 117
210 111
197 105
183 99
167 91
152 83
136 74
121 66
105 58
89 52
76 44
62 39
50 33
42 25
35 23
29 21
25 17
27 23
29 29
23 19
19 3
33 0
48 13
64 35
72 44
83 42
101 42
119 52
136 72
150 85
164 91
179 89
195 93
208 105
220 115
230 121
240 121
248 121
251 125
253 130
255 132
253 132
251 128
246 126
236 125
228 123
218 117
205 109
189 101
173 93
160 87
144 82
126 72
111 62
97 52
82 46
68 42
56 35
46 27
37 23
31 19
25 17
23 15
23 15
27 17
29 19
35 21
44 25
54 31
66 37
80 41
93 48
109 54
125 64
140 70
158 80
173 89
189 97
205 107
222 121
228 125
226 119
234 111
246 113
255 123
257 130
253 132
251 126
250 123
246 125
236 128
222 125
208 115
197 105
183 97
166 91
150 85
132 74
119 62
103 54
87 48
74 42
60 39
50 33
41 25
33 21
27 19
25 19
23 17
23 15
25 15
33 19
41 25
48 29
60 31
74 37
87 44
103 52
117 60
134 68
150 76
166 83
181 91
197 99
210 109
222 115
232 119
242 123
248 126
253 130
255 132
255 134
253 132
251 130
244 128
238 126
228 121
216 115
205 109
189 103
175 97
158 89
148 89
128 82
101 56
83 31
78 25
70 35
58 41
44 33
35 19
31 11
29 17
25 25
21 25
25 19
29 13
35 15
42 21
54 33
68 39
80 41
95 42
109 52
126 66
142 76
158 82
173 87
189 93
205 103
216 113
226 119
236 121
246 125
251 126
253 132
255 132
255 132
253 130
248 128
240 125
232 121
220 117
208 111
197 107
181 97
166 91
150 82
134 74
117 64
103 58
87 50
74 42
60 37
48 29
41 25
35 23
27 21
23 17
23 15
25 15
27 19
33 23
44 29
58 39
58 37
62 29
78 25
103 39
123 58
136 70
150 74
167 78
185 89
201 103
212 115
222 119
232 119
242 121
248 126
251 130
253 132
255 130
253 128
250 126
244 126
236 125
226 121
214 113
201 105
187 99
171 93
158 87
140 80
125 70
109 60
95 54
78 46
66 39
54 33
44 25
35 21
29 19
25 17
23 15
23 15
25 15
31 17
37 21
44 25
56 31
68 35
82 41
95 50
111 58
126 64
144 74
162 82
175 91
189 97
205 105
216 111
228 119
238 123
246 126
251 130
257 138
261 146
251 136
242 117
240 107
240 113
234 125
220 123
207 111
193 97
181 93
166 93
148 91
130 80
117 64
101 52
85 48
72 44
58 39
48 29
39 19
33 17
27 17
23 17
23 15
25 13
29 15
33 19
41 25
50 29
62 33
76 39
89 44
105 54
121 62
136 70
152 76
166 82
183 89
201 101
212 111
222 115
232 117
244 123
250 128
253 132
255 132
255 132
255 130
250 130
244 126
236 123
226 119
214 113
201 107
187 99
171 95
156 85
138 78
125 70
109 62
95 54
83 54
68 48
44 31
33 13
31 5
31 9
27 15
23 15
21 11
27 9
33 15
41 25
46 31
56 35
70 37
82 41
97 48
113 58
128 66
144 72
160 78
175 87
191 95
205 103
218 111
230 117
238 123
246 128
251 130
255 132
255 132
255 132
251 130
246 128
240 125
230 121
218 115
207 109
193 103
179 95
164 89
146 82
130 72
115 64
101 56
83 48
70 41
60 37
48 29
39 25
31 21
27 19
25 17
23 15
25 15
27 17
35 19
41 23
52 29
64 35
78 41
91 48
107 56
126 72
140 83
146 74
158 66
179 72
203 93
214 115
222 119
232 115
244 115
253 126
255 140
255 142
255 136
253 128
250 126
242 130
232 126
222 119
212 109
199 99
185 95
169 91
154 85
140 76
123 66
107 58
91 52
78 48
64 39
52 31
42 27
35 23
29 21
25 17
23 15
25 13
27 15
31 19
31 21
46 25
58 31
9 37
83 35
99 50
115 58
130 66
146 74
162 82
177 89
193 97
207 105
218 111
228 117
240 123
248 128
251 130
255 130
255 132
257 134
253 134
250 134
244 134
226 125
208 107
197 91
189 87
179 91
162 87
144 78
128 66
117 60
101 58
85 56
70 48
56 37
46 27
39 23
31 23
25 21
23 17
23 11
25 11
29 15
35 21
42 25
54 29
64 33
78 39
91 46
107 56
123 64
138 68
154 76
169 83
187 95
201 103
212 109
224 113
236 119
242 123
248 126
255 132
257 134
255 134
253 130
250 130
244 126
234 125
222 119
212 111
199 105
185 99
169 91
152 83
136 76
121 68
105 60
89 52
76 44
64 39
52 33
42 29
33 23
31 21
31 27
21 23
13 3
17 0
31 1
42 21
48 33
56 33
72 31
87 37
103 52
117 68
132 76
148 76
164 78
179 87
193 99
207 109
218 111
230 113
238 119
248 125
251 130
255 132
255 130
255 130
251 130
246 132
238 126
228 121
216 115
205 109
191 103
175 95
160 85
144 78
128 70
113 62
97 54
82 48
70 41
56 33
44 27
39 25
33 21
27 19
23 17
23 15
25 15
29 17
35 21
44 25
54 29
66 35
80 41
93 48
109 56
125 64
140 72
156 80
173 89
193 103
207 115
207 109
214 101
230 103
246 115
1 128
251 130
253 128
250 126
255 130
250 132
242 132
234 128
222 119
210 111
197 105
181 99
167 91
152 82
134 72
119 64
101 58
89 52
76 44
62 37
52 31
42 27
35 23
29 19
25 15
23 15
23 15
25 17
31 17
31 21
50 25
60 33
72 39
87 44
101 50
117 60
132 68
148 76
166 85
179 91
195 99
208 105
220 113
232 119
242 123
248 126
253 130
255 132
255 132
253 132
251 130
246 130
238 126
226 121
216 115
205 111
191 105
179 105
162 99
134 76
117 50
107 41
97 46
83 50
68 44
54 31
46 21
41 21
33 29
27 27
23 21
23 11
25 11
29 17
35 25
42 27
54 25
66 27
80 35
95 48
111 58
125 66
142 70
158 78
173 87
187 95
203 105
216 111
226 115
236 119
244 125
251 130
253 132
255 132
255 130
253 130
248 128
240 126
232 123
222 117
210 111
195 105
181 97
167 91
152 83
134 74
119 66
103 58
87 52
74 44
62 39
50 31
41 25
33 19
29 17
25 17
23 17
25 17
31 21
33 31
39 29
39 19
52 15
72 23
89 39
103 52
117 60
134 62
152 72
167 85
183 99
197 107
210 109
222 111
232 117
240 125
248 128
251 128
253 126
255 128
253 130
251 130
244 128
238 123
226 119
214 115
203 109
187 101
173 93
160 87
142 80
125 70
111 62
95 56
80 48
66 41
54 33
44 27
37 23
31 21
25 17
23 15
23 15
27 17
29 17
37 21
44 25
56 29
66 35
80 41
95 48
111 56
126 64
142 72
160 82
175 89
189 97
205 105
216 111
228 119
238 125
246 130
257 142
253 138
244 121
246 109
251 115
251 128
242 132
230 123
220 109
210 103
199 105
181 105
164 95
148 80
132 68
119 64
101 60
83 54
72 42
60 33
50 27
39 25
33 23
27 21
25 15
23 13
25 15
27 19
33 21
41 25
50 25
62 31
74 39
87 46
103 54
119 60
136 68
150 76
167 83
183 91
199 99
210 107
222 115
232 119
242 125
250 128
253 130
255 132
255 130
255 130
251 130
244 128
236 125
226 119
216 113
201 107
187 101
171 93
158 85
142 78
126 72
113 68
97 62
74 46
56 27
48 17
44 17
39 21
29 21
23 13
23 9
27 13
29 19
31 25
37 25
46 25
56 29
68 37
80 44
95 50
111 56
128 62
144 70
160 80
175 89
189 95
205 101
218 109
230 119
238 125
246 128
251 128
255 130
255 132
255 132
251 132
246 128
240 125
230 121
220 117
207 111
195 105
179 97
164 89
148 82
130 72
117 64
103 56
85 50
72 41
58 35
48 29
41 25
33 23
27 17
25 15
23 15
25 15
27 17
33 21
41 23
52 27
64 33
78 42
95 56
109 68
113 60
125 50
148 56
171 78
187 99
197 107
210 103
224 105
220 117
244 130
0 138
253 136
255 130
255 128
255 130
250 134
244 130
234 121
224 113
205 109
201 107
187 103
171 95
156 83
140 74
123 68
107 62
93 54
78 44
66 39
52 31
42 25
35 21
29 19
25 17
23 15
23 15
25 17
31 19
39 23
46 25
56 31
70 37
83 42
97 50
113 56
130 66
146 74
162 82
177 89
191 97
207 105
218 113
230 119
238 123
246 126
251 130
255 132
257 134
259 138
259 144
246 136
228 119
220 103
218 101
208 105
193 103
175 93
162 80
150 76
134 74
115 70
99 62
83 50
70 41
58 35
46 31
39 27
31 21
25 15
21 11
21 11
25 15
29 17
35 19
42 23
52 27
64 35
78 41
91 48
105 54
123 62
138 68
154 78
169 85
185 95
199 101
212 107
224 113
236 121
244 125
250 128
253 130
255 132
255 132
253 130
250 130
244 128
234 125
224 119
212 113
201 107
185 101
169 93
154 85
138 76
123 66
107 58
91 52
78 48
64 41
54 35
44 31
41 35
27 29
13 7
13 0
21 0
31 13
33 25
37 25
46 19
62 23
74 39
85 54
99 60
115 60
130 60
146 70
162 83
175 93
191 95
207 99
220 107
230 117
240 125
246 128
253 128
255 130
255 132
253 132
251 132
246 128
240 125
230 121
216 117
207 111
191 103
177 95
160 87
146 78
130 70
113 64
99 54
83 46
70 41
58 35
46 29
39 25
31 21
27 17
23 17
23 15
25 15
29 17
35 19
41 21
52 27
66 35
80 42
91 50
107 56
125 64
142 74
160 87
173 99
179 95
189 87
208 91
224 103
236 119
244 125
248 125
253 125
257 128
257 136
255 140
250 134
242 126
232 119
222 117
212 115
197 109
183 99
167 87
152 80
136 74
121 68
105 60
89 50
76 42
62 39
50 33
42 27
35 21
29 17
25 15
23 15
23 17
27 17
31 17
39 21
48 25
58 31
70 37
85 42
101 50
117 60
132 68
148 76
164 82
179 91
195 99
207 105
218 111
230 117
240 123
248 126
251 130
255 132
257 132
255 132
251 130
246 128
238 126
228 123
218 117
208 117
195 115
167 93
148 68
140 56
130 62
115 68
97 62
82 44
68 31
60 31
48 37
31 35
29 25
25 13
23 9
23 15
23 19
27 19
35 17
42 19
54 25
64 35
80 44
93 48
109 52
123 58
140 70
158 83
171 91
185 97
201 99
214 107
226 117
236 123
244 125
250 125
253 128
255 132
255 132
253 130
250 128
242 126
232 123
222 119
210 113
199 107
181 99
167 91
150 83
134 74
119 64
105 58
89 50
76 44
62 39
50 31
41 27
35 23
29 21
25 19
25 21
31 27
27 25
21 13
29 5
46 9
62 25
74 39
85 46
101 48
119 54
136 68
150 82
164 91
179 93
197 95
210 105
222 115
230 123
240 123
248 123
251 126
255 130
255 132
253 132
251 130
246 126
238 123
228 121
216 117
203 109
189 101
175 93
160 85
142 78
126 70
111 60
95 52
80 46
68 39
56 35
46 29
37 23
31 19
25 17
23 15
25 17
27 17
29 17
35 19
44 23
54 29
66 35
80 42
95 48
111 56
126 64
142 72
158 80
175 89
189 97
203 103
214 109
228 119
244 136
244 134
240 117
246 107
255 115
251 130
253 138
246 130
242 119
234 115
224 119
210 121
197 113
181 97
166 85
150 78
132 76
117 68
103 60
87 46
74 39
60 35
50 33
39 25
33 19
29 17
25 17
23 19
23 19
27 17
33 19
41 21
48 27
60 33
74 39
87 44
103 52
119 60
134 68
150 76
166 83
181 91
195 99
210 107
222 113
232 119
240 121
250 126
253 132
255 134
255 132
253 130
251 130
246 128
236 126
226 121
214 115
203 107
189 101
175 95
160 89
148 85
130 82
105 62
83 42
74 29
68 29
56 31
42 27
35 19
31 13
27 13
25 17
25 23
27 21
29 19
37 19
44 25
56 33
66 37
80 42
95 44
109 52
126 62
142 74
160 82
175 87
189 93
205 103
216 111
226 119
236 121
246 125
251 126
255 130
255 134
255 132
251 128
248 128
240 126
232 123
220 117
208 111
195 103
181 97
166 91
148 83
132 72
117 64
101 56
87 50
72 42
60 35
48 29
41 25
33 21
27 19
23 17
25 17
25 17
29 19
33 19
41 23
52 31
66 42
80 52
82 44
93 33
115 39
138 60
154 82
167 89
181 89
197 91
214 103
226 121
234 130
242 128
248 125
253 125
255 130
253 134
253 134
250 128
244 123
236 121
226 121
214 115
201 107
187 99
171 91
156 85
140 78
125 70
109 60
93 52
78 44
66 39
54 33
44 27
35 23
29 17
25 17
23 15
23 15
25 13
31 17
39 21
46 27
56 31
68 35
83 42
97 50
113 58
126 64
144 72
162 82
175 89
191 97
205 105
216 111
230 117
238 121
246 126
3 130
251 136
263 144
253 138
242 123
238 111
238 111
232 117
220 119
205 109
193 99
181 89
166 87
148 85
130 80
115 68
101 54
85 46
72 42
58 37
46 29
39 21
31 17
19 15
23 17
23 17
25 15
29 15
35 19
33 23
52 31
64 35
68 41
89 46
105 52
121 62
11 72
154 80
167 83
183 91
199 101
212 109
222 115
234 119
244 123
0 128
253 132
255 132
255 132
253 132
250 130
234 126
234 121
226 119
214 113
201 107
185 99
171 93
156 85
140 76
123 70
109 62
93 54
78 46
66 42
60 44
42 35
25 11
19 0
23 0
27 13
25 23
25 19
29 13
39 13
50 25
58 39
70 44
82 44
97 46
113 54
128 66
144 78
160 82
175 85
191 91
205 103
218 113
230 119
240 123
246 125
251 126
255 132
255 134
253 132
250 130
248 126
240 126
230 123
218 117
205 107
193 101
179 97
162 89
146 80
130 72
115 64
99 56
83 50
62 42
58 37
48 29
39 25
31 21
27 19
25 17
23 15
25 15
29 17
35 21
35 25
52 29
64 35
78 41
91 48
107 56
126 70
142 82
148 80
158 74
179 76
201 89
214 107
224 117
234 119
242 119
251 125
255 134
255 140
255 138
253 132
250 128
242 126
232 125
222 119
212 111
199 103
183 95
169 89
154 82
138 76
121 68
105 60
91 52
78 44
64 41
52 33
41 25
35 21
29 19
25 17
21 15
23 13
27 15
31 17
39 21
48 25
58 31
72 37
85 44
99 52
115 58
130 66
146 74
164 83
177 91
193 99
207 105
220 111
230 117
240 123
248 128
251 130
253 130
255 130
255 134
253 134
246 132
240 126
234 130
222 128
197 109
179 83
171 74
164 80
148 83
126 76
111 58
99 46
87 46
72 48
56 44
46 35
39 23
31 17
27 19
21 21
21 17
25 13
29 11
35 15
42 25
52 31
64 35
78 37
93 44
107 54
123 64
138 72
158 78
171 85
187 95
201 103
212 109
226 115
236 119
244 123
250 128
253 130
255 132
255 132
253 130
248 128
244 126
234 123
222 119
210 111
199 105
185 99
167 91
152 82
136 74
121 66
107 60
89 52
76 44
64 39
52 33
42 29
35 25
31 25
31 29
21 21
13 9
17 0
29 3
41 15
48 27
56 31
72 33
87 39
103 52
117 64
132 74
148 78
164 82
179 87
193 97
207 107
220 113
230 115
240 119
248 125
253 130
255 134
255 132
253 130
251 128
246 130
238 128
228 121
218 115
205 109
189 103
175 95
160 87
144 78
128 70
111 62
95 54
82 46
68 41
58 35
46 29
37 25
31 21
25 19
23 17
23 15
25 17
29 17
35 21
42 23
54 29
66 35
80 42
93 48
109 56
125 64
142 72
158 80
173 89
187 97
203 105
220 123
224 123
226 109
236 103
250 115
257 130
257 138
255 134
253 125
250 123
244 128
234 132
222 126
210 113
195 99
183 95
167 93
150 87
134 74
119 60
103 54
89 50
74 46
62 39
50 29
41 21
35 21
29 21
25 19
23 17
23 15
27 15
31 19
39 23
48 27
60 31
72 35
87 42
103 52
117 62
132 68
150 74
166 83
181 91
195 99
208 107
220 111
232 117
242 123
248 125
253 128
257 132
255 134
253 132
251 130
248 128
238 126
228 123
216 115
205 109
191 105
181 103
162 97
134 78
115 56
105 44
95 42
82 44
66 41
54 31
46 21
39 21
33 23
27 23
23 19
25 17
25 15
29 17
35 23
42 25
54 29
66 33
80 39
93 48
109 56
126 64
142 72
158 78
173 87
187 95
203 103
216 111
228 115
236 119
244 125
251 128
253 130
255 130
253 130
253 130
250 130
242 128
232 123
222 117
210 111
197 105
181 97
166 89
150 80
134 74
119 66
103 60
87 52
74 44
62 37
50 31
41 27
33 23
27 21
23 17
23 15
25 15
27 17
33 21
44 31
54 41
54 31
62 19
83 23
105 44
121 66
134 74
148 74
166 76
185 87
199 107
210 117
220 117
232 115
242 119
248 126
251 132
253 132
255 128
253 126
250 126
244 126
238 126
228 123
216 115
203 107
189 101
173 95
158 89
140 78
125 66
109 58
95 54
80 46
66 39
54 31
44 27
37 23
29 21
25 17
23 15
25 15
25 15
29 17
37 21
44 23
56 29
68 35
82 42
95 48
111 58
126 64
142 74
160 82
175 89
189 97
203 101
216 109
230 119
240 125
248 132
257 138
253 136
246 125
248 117
250 117
250 123
240 125
222 121
218 111
203 105
199 107
183 105
164 97
148 83
132 72
117 66
101 60
83 52
64 42
60 33
48 25
39 23
33 21
27 19
25 15
23 13
23 15
29 17
33 21
33 23
50 27
62 31
76 39
89 48
105 56
119 60
136 68
152 78
167 85
183 93
197 99
210 107
222 113
232 119
242 123
250 126
253 130
255 132
255 132
255 132
251 132
244 128
234 125
224 117
216 113
203 109
187 103
171 95
158 85
142 80
125 72
109 64
95 58
85 58
64 44
42 19
35 3
35 5
33 17
27 23
21 17
23 9
29 9
33 19
39 31
46 33
56 31
68 33
82 39
95 50
113 62
126 66
144 70
160 76
175 87
191 99
205 107
218 111
228 113
238 121
246 128
251 132
255 132
255 132
255 130
251 130
248 130
240 126
230 121
220 115
207 109
193 103
177 95
164 87
148 80
130 72
117 64
101 58
85 50
72 42
58 37
48 31
39 25
33 21
27 17
23 15
23 15
25 17
27 17
33 21
42 25
52 29
64 35
78 42
97 56
109 64
113 60
125 54
148 60
171 76
185 93
197 101
210 105
226 109
236 119
244 128
250 134
253 132
255 130
255 130
253 130
248 132
244 128
234 123
224 117
212 111
201 107
187 101
169 93
154 83
138 74
123 68
109 62
91 54
76 46
64 39
52 33
42 27
35 23
29 19
25 15
23 13
23 13
27 15
31 19
39 21
46 23
58 29
70 37
83 44
99 52
113 58
130 66
146 74
162 82
177 89
193 97
207 105
218 111
230 119
240 123
248 126
251 130
255 132
255 134
255 134
251 132
251 136
242 138
220 117
207 93
203 87
195 97
179 101
162 93
144 76
130 64
117 62
99 62
85 58
72 46
58 33
46 25
39 23
31 23
25 19
23 13
23 11
25 13
29 17
35 21
42 23
52 27
64 31
78 41
91 48
107 58
123 62
138 68
154 76
169 87
185 95
199 101
210 107
226 113
236 119
244 125
0 128
253 130
255 132
255 132
253 132
248 130
244 128
234 123
224 119
212 113
199 107
185 99
169 91
154 83
136 76
123 68
107 60
91 52
76 44
64 37
52 31
46 33
41 35
25 25
13 9
15 0
23 1
29 11
33 19
37 21
46 21
60 27
74 37
85 50
101 58
115 60
130 64
148 72
164 83
177 93
191 99
207 101
220 109
230 117
238 121
248 126
253 130
255 132
255 132
255 132
251 132
248 128
238 125
228 119
216 115
205 109
191 103
177 95
160 83
146 78
130 72
113 64
97 56
82 48
70 41
58 35
48 31
37 25
31 19
27 17
25 17
23 17
25 15
29 17
37 21
44 25
54 29
66 35
78 41
91 48
107 54
125 64
142 74
156 82
173 91
193 107
199 109
203 95
216 91
236 105
248 125
251 134
251 130
253 123
259 126
257 134
250 140
242 134
232 123
224 115
210 111
197 109
181 101
167 89
152 78
136 70
119 64
105 60
91 52
76 44
62 37
50 31
42 29
33 23
29 21
25 17
23 15
25 15
27 17
31 19
39 21
48 25
60 31
72 39
85 44
101 52
117 58
132 66
148 76
166 83
179 91
195 99
207 105
220 111
232 119
240 123
246 126
251 128
255 130
250 134
255 134
250 130
238 128
238 125
222 123
218 121
208 119
193 111
167 91
150 72
138 62
128 60
113 62
95 54
80 44
68 37
52 33
48 35
31 31
29 23
25 15
25 11
23 15
23 17
29 17
35 17
37 21
54 25
64 33
80 42
95 50
109 54
125 62
142 72
158 82
173 89
187 95
201 101
214 107
226 115
236 123
244 125
0 128
253 130
255 130
255 132
253 130
250 132
242 128
232 123
222 117
210 113
197 107
181 99
166 91
152 82
134 74
119 68
103 58
87 50
74 42
62 37
50 31
41 27
33 21
29 19
25 19
23 17
25 19
31 27
35 31
33 19
39 7
56 13
76 33
89 52
101 56
115 56
134 60
152 74
166 91
181 101
195 103
208 103
220 109
230 119
240 126
248 128
251 128
255 128
255 130
253 132
251 132
244 126
238 123
228 119
216 115
203 109
189 103
173 93
158 85
142 76
126 70
111 62
95 54
82 46
68 41
54 35
46 29
37 25
31 21
25 15
23 13
25 15
25 17
29 17
37 19
44 23
54 29
68 35
80 42
95 48
111 56
126 64
142 74
158 80
173 89
189 97
205 105
216 111
232 121
246 134
242 128
240 119
248 113
255 119
257 128
251 130
244 125
242 121
234 119
224 121
208 117
197 111
183 99
166 89
150 82
132 76
119 68
101 58
85 48
72 41
60 35
50 31
33 25
33 19
27 17
25 15
23 15
25 17
27 17
33 19
33 23
46 27
60 33
74 39
87 42
103 50
119 60
134 70
152 78
167 83
181 91
197 99
210 105
224 115
224 119
242 123
248 126
3 130
255 132
255 132
253 132
251 130
236 128
236 125
226 121
216 115
203 107
189 101
171 93
158 85
144 82
128 78
115 76
89 58
68 31
58 17
54 19
46 29
37 29
29 19
25 9
25 9
27 19
27 27
29 25
35 21
44 19
56 27
68 39
80 44
95 48
111 52
126 60
142 70
160 82
175 91
191 97
205 103
216 111
228 119
238 123
246 126
251 128
253 128
255 130
255 134
251 132
248 128
240 125
232 121
220 117
208 111
187 105
179 95
166 87
148 82
130 74
117 64
101 56
87 50
72 44
60 37
48 31
41 27
33 23
25 17
25 17
25 17
25 17
27 17
33 19
42 25
54 33
70 44
78 48
80 42
93 39
117 44
136 60
154 76
167 85
181 89
199 95
212 105
226 119
234 126
242 126
248 126
253 128
255 132
255 134
253 132
248 126
244 123
236 121
224 119
212 113
201 107
187 99
173 91
156 85
138 78
125 68
109 58
95 54
78 46
64 41
54 33
44 29
35 23
29 19
25 17
23 15
23 15
25 15
31 17
39 21
46 27
56 31
70 37
83 42
97 50
113 58
128 66
144 74
160 82
175 89
191 95
207 105
218 113
228 119
238 123
246 126
253 130
255 134
255 136
261 144
253 140
236 121
228 103
228 101
222 113
210 119
191 107
177 89
164 80
152 80
132 82
115 74
97 58
83 44
72 37
60 37
46 35
37 27
31 17
27 13
23 13
23 17
25 19
29 17
35 17
41 21
52 29
62 35
76 42
91 46
105 52
121 62
138 70
154 78
167 85
185 91
199 99
210 107
224 113
236 121
244 126
250 128
253 130
255 132
255 134
253 132
250 130
242 126
234 123
224 119
214 115
199 107
187 99
171 91
154 85
138 78
123 70
109 62
93 54
80 50
68 44
56 41
39 29
25 13
21 1
15 3
25 11
23 15
25 15
31 13
41 17
46 27
60 37
7 42
66 42
99 48
115 56
3 68
144 76
162 82
177 87
191 95
205 103
218 113
222 119
240 121
246 125
1 128
255 125
257 136
255 134
251 130
248 128
240 125
230 123
218 115
207 107
193 101
177 95
162 87
146 80
130 64
115 62
99 56
83 48
70 41
58 37
48 29
39 25
31 19
25 17
23 15
23 15
25 17
29 19
35 21
42 25
52 29
64 35
78 42
91 48
107 54
123 62
144 78
160 93
166 89
173 78
193 76
214 95
228 117
234 128
242 123
250 119
257 126
257 136
255 142
253 136
250 128
244 125
234 123
222 121
212 115
199 105
183 95
169 87
154 83
136 78
121 66
107 58
91 50
76 46
64 41
52 33
42 27
35 23
29 19
25 17
21 15
23 15
27 15
31 17
39 21
48 27
60 33
72 37
85 42
99 50
117 60
132 68
148 76
162 82
179 89
195 97
207 107
220 113
230 117
240 123
248 126
251 130
255 132
257 134
255 134
251 132
246 128
240 126
238 134
218 126
195 105
181 87
173 80
164 82
144 80
126 72
111 58
99 50
85 46
70 46
58 42
46 33
39 23
31 17
25 17
23 17
21 17
25 13
27 13
35 17
42 23
54 31
66 35
78 41
93 46
109 56
125 66
140 72
156 80
171 87
185 93
201 99
214 107
226 115
236 121
244 125
250 128
255 130
257 132
255 134
253 132
248 128
242 126
232 123
222 119
210 111
199 107
183 101
167 93
152 82
136 74
121 68
105 60
89 52
76 44
62 37
52 31
41 25
35 23
29 23
27 21
29 27
25 25
17 9
21 0
37 3
52 21
60 37
70 39
83 37
103 42
119 58
134 76
150 85
164 85
179 87
195 95
208 107
218 117
230 119
238 117
248 121
251 128
255 132
255 134
255 130
251 128
246 126
236 126
226 121
216 113
205 107
191 101
175 95
160 87
144 80
128 72
111 62
95 54
82 46
68 41
56 33
44 27
37 23
29 19
25 17
23 17
23 17
25 17
29 17
35 21
44 23
54 29
66 35
78 41
95 48
111 56
125 66
142 74
158 82
173 89
189 99
207 111
220 121
220 117
224 109
238 107
250 117
255 128
255 132
253 130
253 126
251 126
244 130
234 130
222 123
210 111
195 101
181 95
167 91
150 83
134 72
119 62
103 56
89 50
74 46
60 37
50 31
41 25
33 23
27 19
23 17
25 17
23 15
27 15
33 19
41 23
48 27
60 33
72 37
87 44
101 52
117 58
134 66
150 76
167 85
181 91
195 99
208 105
222 113
232 119
240 123
248 126
253 130
255 132
255 132
253 132
250 130
246 128
238 126
228 123
216 115
205 109
191 103
175 97
162 93
146 89
121 70
99 44
87 31
82 35
70 42
56 41
44 27
37 15
33 15
29 21
25 25
21 21
25 13
31 11
37 19
44 27
54 33
66 35
80 37
95 44
111 56
126 66
142 72
158 78
173 85
189 95
203 105
216 113
228 117
238 121
246 125
250 130
253 132
255 132
255 130
253 130
248 130
240 126
230 121
222 117
208 111
195 105
179 97
166 91
150 82
134 74
117 66
103 56
87 48
74 44
62 39
48 31
41 25
33 21
29 19
25 15
23 15
25 17
29 19
35 23
48 33
50 35
52 27
64 21
85 29
107 44
121 62
132 70
150 72
167 80
185 91
199 105
208 113
222 115
234 119
242 123
248 128
251 132
253 132
255 130
253 128
250 128
244 126
236 125
226 119
214 113
201 107
187 101
173 95
158 85
140 76
125 68
109 60
95 54
80 46
66 39
54 31
44 27
37 23
29 21
25 17
25 15
25 15
25 17
29 17
39 19
46 25
56 29
68 35
82 42
97 50
113 58
126 64
144 74
160 80
175 91
189 97
205 103
218 111
228 117
238 121
246 128
253 134
261 146
255 142
244 123
242 107
248 113
244 125
232 128
218 117
207 101
197 97
183 99
166 99
148 87
132 74
117 60
101 54
83 52
64 44
58 35
48 25
39 19
31 17
27 19
25 19
23 15
25 13
29 15
35 21
41 27
50 29
62 31
76 37
89 44
103 54
121 62
136 68
152 76
167 83
183 93
199 101
212 109
224 115
232 119
242 123
250 128
253 130
255 132
257 134
253 132
250 130
244 128
236 125
226 121
214 115
201 107
187 101
171 93
156 85
138 78
125 70
111 62
99 62
83 58
60 41
42 19
37 9
37 11
31 17
23 19
21 13
23 9
29 13
33 21
39 29
46 31
56 29
70 33
83 42
97 52
111 60
126 66
144 68
160 76
177 87
191 97
205 105
218 109
230 115
238 123
246 128
250 128
255 128
257 132
255 134
251 132
246 128
240 125
230 121
218 117
207 111
193 103
179 97
164 89
146 82
130 72
115 64
101 58
85 50
70 42
58 35
48 31
31 25
31 21
19 17
23 15
25 15
25 17
29 19
35 21
42 23
52 29
62 35
78 41
91 48
111 64
125 76
130 68
142 60
164 64
187 83
201 105
212 113
222 111
236 111
244 121
251 134
255 140
255 136
255 128
253 125
250 130
244 132
232 126
224 115
212 107
201 103
185 103
169 95
154 83
138 74
123 66
107 62
91 56
78 46
64 39
52 31
42 27
35 23
29 19
25 15
23 15
23 15
25 17
31 19
39 23
48 27
58 31
72 37
83 44
99 52
113 58
130 66
146 74
162 82
177 89
193 97
207 105
218 111
230 117
240 123
248 126
251 130
255 132
255 132
257 134
255 136
253 140
236 130
218 113
210 99
205 95
193 97
177 95
162 85
146 76
130 66
115 64
101 62
83 54
70 42
58 33
46 27
39 25
31 23
25 17
21 13
23 11
25 13
29 19
35 21
42 23
52 25
66 33
78 42
91 50
107 56
125 62
138 70
154 78
169 87
185 95
201 101
212 107
224 113
236 121
244 125
250 128
253 128
255 130
255 132
253 132
248 128
244 126
236 123
224 119
210 113
197 105
185 99
169 93
138 85
136 76
123 68
107 60
91 52
76 44
64 39
52 33
35 27
35 27
33 31
15 23
11 5
13 0
25 0
31 17
33 31
46 29
58 25
11 31
87 44
103 60
117 68
5 68
140 70
164 80
179 93
187 93
189 105
220 107
230 113
240 123
248 128
3 125
255 130
255 130
253 130
251 132
179 130
238 126
220 119
216 113
205 109
191 103
175 95
158 83
144 76
130 72
111 66
97 56
82 46
62 41
58 35
46 29
37 25
31 19
25 17
25 15
23 15
25 17
29 17
35 21
35 25
54 29
66 35
78 41
93 46
109 56
125 64
140 72
158 83
171 97
189 107
193 103
203 97
220 99
238 111
246 125
248 128
251 126
255 125
257 128
255 136
250 138
242 130
232 121
224 115
203 113
195 107
181 99
167 89
152 78
134 70
121 64
105 60
89 52
74 42
62 37
52 31
42 29
33 23
27 17
23 15
23 15
25 17
27 17
31 19
39 21
48 25
60 33
72 39
85 44
101 52
117 58
132 66
148 76
164 83
179 89
195 97
208 107
220 113
232 119
242 123
248 126
251 130
255 132
257 134
253 132
251 130
246 128
236 125
228 123
218 117
205 111
187 111
179 107
150 83
130 58
123 48
115 56
99 60
80 52
66 35
56 23
48 27
41 33
29 31
25 21
23 11
23 9
25 15
29 21
35 23
42 21
54 21
66 31
80 42
95 50
111 56
125 62
142 70
158 80
171 89
187 97
203 103
214 109
226 115
236 121
244 126
251 128
255 130
255 132
255 132
253 130
250 128
242 126
232 123
222 117
210 111
197 105
181 99
166 89
150 82
134 74
119 66
103 56
87 48
74 41
62 37
50 33
41 27
33 23
29 21
25 19
25 19
29 21
33 27
29 25
29 15
41 9
60 19
76 35
87 46
99 52
117 56
136 64
154 80
167 91
181 99
197 101
208 103
220 109
232 119
242 126
248 128
251 126
253 126
257 130
255 134
250 134
244 128
236 123
228 117
216 115
203 109
189 101
173 93
158 85
142 76
125 70
109 62
95 54
80 46
66 39
54 33
44 29
37 23
29 19
25 17
23 15
23 17
25 17
29 19
37 21
46 25
56 31
66 35
80 41
97 48
113 56
126 66
142 74
160 82
175 89
189 97
205 105
216 111
228 117
240 126
251 138
246 132
244 117
250 109
257 119
255 132
248 134
240 125
232 115
222 113
210 115
197 113
181 103
166 89
148 76
132 72
117 68
101 60
85 48
72 37
60 31
50 29
41 27
33 21
27 15
23 13
25 15
25 19
29 21
33 21
41 21
50 25
60 33
74 41
87 46
103 52
119 58
136 66
152 76
167 85
181 91
197 99
210 105
222 113
232 121
240 125
250 126
253 130
255 132
255 132
253 130
251 130
246 128
236 125
226 121
214 115
203 109
187 103
171 95
158 87
142 80
130 78
111 70
85 52
70 33
62 23
56 23
44 27
35 23
29 17
25 11
25 13
25 19
27 21
29 23
37 21
46 23
56 31
5 39
80 44
95 48
111 52
128 62
144 74
160 82
175 89
191 95
205 103
216 111
228 119
234 123
246 126
251 128
253 130
255 132
255 132
251 130
246 126
238 123
232 121
222 119
208 113
193 105
179 95
166 89
148 82
130 76
115 64
93 56
85 48
72 42
58 35
48 31
33 25
33 21
17 17
23 15
23 17
25 17
27 17
33 19
42 23
52 29
62 35
82 48
91 56
95 48
109 41
134 48
156 72
169 93
183 99
197 95
212 99
226 111
236 126
242 134
248 130
253 126
255 126
255 132
253 136
248 130
244 125
234 119
224 115
212 113
201 109
189 101
171 91
154 83
138 76
125 70
109 64
91 54
76 44
64 37
54 33
42 29
35 21
29 17
25 15
23 13
23 15
25 15
31 17
39 21
46 25
56 31
70 37
82 42
97 48
115 58
130 68
146 74
162 83
177 89
191 97
205 105
218 113
228 119
238 121
246 126
251 130
255 134
261 140
259 144
248 134
236 119
232 107
230 109
220 113
207 111
191 101
177 89
166 83
150 82
132 80
115 70
99 56
83 46
72 41
58 37
46 33
37 25
31 17
25 13
23 13
23 15
25 17
29 19
35 19
42 23
52 31
64 37
76 41
91 46
107 54
123 62
138 72
154 78
169 83
185 93
199 101
212 109
224 115
236 119
244 123
250 128
251 130
255 132
255 132
253 132
250 130
242 126
236 125
226 119
212 115
199 105
185 97
171 91
156 85
138 78
121 66
109 60
93 54
78 48
64 41
56 41
48 41
31 25
15 3
15 0
23 1
29 17
27 23
29 17
39 13
50 21
60 35
72 46
83 50
97 50
115 52
128 64
146 76
162 85
177 89
193 91
207 99
220 111
230 121
238 125
248 125
251 126
255 130
255 134
255 136
251 130
246 125
240 123
230 121
218 117
205 111
193 101
177 95
162 87
144 80
128 72
115 64
99 56
83 48
70 41
58 37
48 31
39 25
31 21
27 17
23 17
23 15
25 15
29 17
35 21
42 25
52 29
64 35
78 41
93 48
107 58
126 66
146 83
156 87
160 82
175 78
199 87
216 101
226 115
234 121
242 121
251 125
257 130
257 138
255 140
253 134
250 128
242 125
232 123
222 121
210 113
197 105
183 95
169 89
154 83
138 76
121 66
105 56
91 50
76 46
64 41
52 33
42 25
35 21
29 19
23 17
23 17
23 15
27 15
31 19
39 23
48 27
58 33
72 37
85 42
101 52
117 60
132 70
148 76
164 82
179 91
195 99
207 105
220 113
232 119
240 123
248 128
253 130
255 132
257 132
255 132
251 132
246 130
240 126
230 125
224 126
205 119
179 93
166 72
158 68
148 76
128 78
111 66
95 48
83 39
70 41
58 42
46 39
39 27
29 17
25 11
23 15
23 21
23 17
29 13
35 13
44 21
54 29
64 37
78 41
93 44
109 52
125 64
140 72
156 80
171 87
187 93
201 101
214 107
226 115
236 121
244 125
250 128
255 130
257 132
255 132
253 132
248 128
242 126
232 123
222 119
210 111
199 105
183 97
167 91
150 82
134 74
121 68
105 60
89 52
74 44
62 37
52 33
41 27
35 21
31 23
29 25
27 27
17 17
17 5
25 1
39 11
50 25
60 33
70 35
85 39
103 48
119 62
134 74
150 82
166 83
181 89
195 97
208 107
220 115
230 117
238 117
248 121
253 130
255 134
255 132
255 132
251 128
246 128
238 126
228 123
216 115
205 107
189 101
173 95
158 87
142 80
126 70
111 60
95 52
82 46
68 42
54 33
44 27
39 23
31 19
25 17
23 15
25 15
27 17
29 19
35 21
44 25
56 31
66 37
80 42
93 48
111 54
126 64
142 72
158 80
173 87
189 95
205 105
216 115
232 130
230 121
234 107
246 107
255 121
259 136
255 138
250 128
248 119
244 121
236 128
224 130
208 117
195 101
181 93
167 91
150 85
132 76
117 62
103 52
87 46
74 44
60 39
50 33
42 25
33 19
27 17
23 17
23 17
25 15
27 17
31 19
41 23
50 29
60 33
72 37
85 42
103 52
119 62
134 70
152 76
167 83
181 91
197 99
193 107
222 113
232 119
242 123
248 126
253 130
255 132
255 134
253 132
250 128
246 128
238 126
226 123
214 115
203 109
191 103
175 99
164 99
140 83
117 64
101 44
91 37
82 41
68 41
54 33
42 23
39 17
33 19
27 21
23 21
23 19
25 15
31 17
35 19
42 25
54 29
68 33
82 39
95 48
111 54
126 64
144 72
160 80
173 89
189 95
205 105
216 111
228 117
236 119
246 123
251 126
255 130
255 132
255 132
253 130
248 128
240 125
230 121
222 117
208 111
195 105
179 97
166 89
150 82
132 74
117 64
101 56
87 50
74 42
60 37
48 31
41 25
33 23
27 19
23 17
23 15
25 17
29 21
33 23
42 27
56 39
60 41
64 29
80 23
103 37
123 58
138 76
150 80
166 78
185 85
201 103
212 117
222 121
232 119
242 119
248 125
251 132
255 134
255 132
253 128
250 126
244 126
236 126
226 123
214 115
201 105
187 99
173 95
156 89
140 78
125 66
109 60
93 54
78 46
66 39
54 33
44 25
35 21
29 19
25 17
23 15
23 15
25 15
31 17
37 21
46 25
56 31
68 35
82 41
97 50
111 58
128 66
144 74
160 82
177 91
191 97
205 105
216 111
228 117
240 125
248 128
257 138
257 142
250 132
244 119
248 113
248 119
242 125
228 123
216 113
208 105
197 103
181 101
164 95
148 85
132 74
117 64
99 56
83 50
72 44
58 35
48 27
39 21
33 19
27 19
23 15
23 15
25 13
29 17
35 21
41 25
50 29
62 33
76 39
89 44
105 54
121 62
136 68
152 76
169 85
185 93
199 103
212 109
222 115
234 119
242 125
250 128
253 130
255 130
255 130
253 130
250 130
244 130
234 125
226 119
214 113
201 107
185 101
171 93
156 83
138 76
123 70
107 60
93 54
83 54
68 52
44 31
33 7
31 0
33 11
27 21
21 19
23 11
27 7
33 15
39 27
46 37
58 35
70 33
82 37
97 48
113 60
128 68
144 70
162 76
177 85
191 97
205 107
218 111
230 115
238 121
246 126
251 130
255 132
255 132
255 132
251 130
246 128
240 125
230 121
218 115
207 109
193 103
179 95
162 89
146 80
130 72
115 62
99 56
85 50
70 42
58 35
46 29
41 25
33 23
27 19
25 17
23 15
25 17
29 17
35 21
42 25
52 29
64 33
78 41
95 52
113 66
121 70
128 62
146 62
169 72
187 89
199 103
210 107
224 111
236 115
244 125
251 134
253 136
255 134
257 132
253 130
250 130
242 128
232 123
224 115
212 109
199 105
185 99
169 91
154 82
138 74
123 68
107 62
91 52
76 44
64 37
52 31
42 27
35 23
29 21
25 17
23 15
23 15
27 17
31 19
39 21
46 25
58 29
72 37
83 44
97 52
115 58
130 66
148 74
162 82
177 91
193 99
208 105
218 113
228 117
238 119
248 125
253 130
255 134
255 134
255 132
253 132
250 134
244 138
226 126
207 101
197 83
191 85
179 95
162 95
144 80
128 64
115 56
101 58
83 58
70 48
56 35
46 25
39 21
31 23
23 19
23 15
25 11
25 11
29 17
35 21
42 25
54 29
64 33
78 39
91 46
107 56
125 64
138 70
154 78
169 85
187 95
201 103
212 109
224 115
236 121
244 125
250 128
253 130
257 132
257 134
253 132
250 130
242 126
234 123
224 119
210 113
199 105
185 99
169 91
152 83
136 76
121 68
105 60
89 52
76 44
64 39
52 35
44 31
41 31
31 29
17 15
11 1
17 0
29 5
35 19
39 25
46 25
58 25
76 33
87 48
101 60
115 64
130 64
148 72
164 83
177 93
193 101
207 103
220 107
230 115
240 123
248 126
1 128
255 130
255 125
253 132
251 130
175 128
238 126
220 119
216 115
205 109
187 95
160 95
160 80
142 78
125 62
111 62
97 54
83 48
68 41
56 37
46 29
37 23
31 21
17 17
23 17
23 15
25 15
29 17
35 19
35 23
54 27
5 35
80 42
93 48
109 56
125 64
142 74
158 82
171 89
193 105
189 113
205 103
210 93
232 99
248 119
1 134
251 134
250 126
250 125
257 130
250 138
240 126
230 123
224 113
205 109
197 109
181 101
166 91
152 80
134 70
117 64
103 60
89 52
74 42
62 33
50 29
41 27
35 25
29 19
25 15
23 13
25 15
27 19
33 21
33 23
48 25
60 31
9 37
87 44
103 54
117 60
7 68
150 76
166 83
181 93
195 99
193 97
220 113
224 117
240 123
248 126
1 130
255 125
257 132
255 132
251 130
238 128
238 126
220 121
218 117
203 115
193 111
162 97
132 78
134 62
126 58
113 58
95 56
80 46
68 35
50 29
48 31
37 31
21 25
25 19
23 15
23 15
25 17
29 19
35 21
44 21
54 25
66 33
80 42
93 48
109 54
126 60
144 72
158 83
173 91
189 97
203 103
216 109
226 117
236 123
244 125
251 126
253 130
255 132
255 132
253 132
248 130
242 126
232 123
220 117
210 111
197 107
181 99
166 89
150 80
134 72
119 66
103 58
87 50
74 42
62 37
50 33
41 27
33 23
29 19
25 17
23 15
25 15
31 23
39 35
37 27
39 11
54 9
74 27
91 48
103 60
117 60
134 60
152 70
167 87
183 101
197 105
210 105
222 109
232 117
240 126
248 130
251 130
255 126
255 128
253 132
250 132
244 128
236 123
228 117
216 113
203 109
187 101
173 91
158 83
142 78
126 70
109 60
95 54
80 46
68 41
54 33
44 29
37 25
29 21
25 17
23 15
23 17
25 17
29 19
37 19
46 25
56 31
68 37
82 42
97 48
111 56
126 64
142 72
156 82
175 91
191 97
205 105
218 111
224 121
244 134
242 134
242 123
244 115
3 117
257 125
253 130
175 128
240 119
232 117
224 117
210 117
195 111
181 101
166 89
148 80
132 74
115 68
101 56
85 46
72 39
60 35
48 31
41 25
33 21
27 17
25 15
23 17
25 15
29 17
33 19
41 21
50 27
62 31
76 39
89 44
105 52
119 60
136 68
152 76
167 83
183 91
197 97
212 107
224 115
232 119
242 123
250 126
253 130
255 132
255 132
253 130
250 130
244 126
236 125
226 119
214 115
201 109
187 103
171 95
158 87
142 80
125 72
115 74
93 62
68 39
54 17
50 13
46 21
39 31
29 25
25 13
23 7
27 15
27 25
31 29
37 25
44 21
56 25
70 37
82 46
95 50
111 52
130 60
146 72
160 83
175 91
191 97
207 93
216 109
228 117
234 123
246 126
1 128
255 130
255 125
255 125
251 132
185 128
240 125
222 121
220 117
203 111
187 103
179 95
164 89
148 82
130 74
115 64
93 56
85 48
72 42
58 35
48 29
41 25
31 21
17 15
25 15
25 17
25 17
29 19
33 19
35 25
54 31
5 42
64 50
83 48
93 42
113 44
136 56
154 74
167 85
183 91
199 95
214 105
228 117
236 128
234 130
248 128
3 126
250 130
255 134
253 136
248 130
244 125
236 121
224 119
212 115
201 107
185 99
171 91
154 83
138 78
123 70
107 60
91 50
78 44
64 39
52 33
42 29
35 21
29 17
25 17
23 15
23 13
27 15
31 17
39 21
46 27
58 31
70 37
83 42
99 50
113 58
130 66
146 74
162 82
177 91
193 97
207 105
218 113
230 119
240 123
248 126
253 132
255 132
255 134
255 138
255 142
242 128
228 107
222 97
220 107
210 115
191 109
175 93
162 80
150 76
132 78
115 74
97 62
83 44
72 37
58 33
46 31
37 27
31 19
27 11
23 11
23 15
25 19
29 19
33 19
33 19
52 27
66 37
78 44
91 46
107 52
123 60
138 72
154 80
169 85
185 91
199 99
212 109
224 115
234 119
244 123
250 126
253 130
255 134
255 134
253 132
250 130
242 126
234 123
224 117
212 113
201 109
185 99
169 91
154 83
138 76
121 68
107 60
91 52
78 46
66 41
58 42
41 33
25 17
19 3
21 1
25 9
25 15
25 17
29 15
41 17
50 25
60 37
70 42
83 44
97 48
115 56
132 68
146 78
162 83
177 89
193 95
207 103
218 113
230 119
240 123
248 125
251 126
255 132
255 134
255 134
251 130
246 126
238 125
228 121
218 117
205 109
193 101
177 95
162 87
144 80
128 72
113 64
97 54
82 46
70 41
58 35
46 29
39 25
31 19
25 17
23 15
23 15
25 15
29 17
35 21
42 25
54 29
66 35
80 42
93 48
109 56
125 64
142 76
162 93
169 95
175 82
191 78
214 91
228 115
236 126
242 126
250 121
255 125
257 134
255 142
253 140
248 130
242 123
232 119
222 119
208 115
199 105
183 95
167 87
152 82
136 78
121 68
105 58
89 48
76 44
62 39
50 33
42 27
35 21
29 19
23 15
21 15
23 15
27 15
31 17
39 21
48 27
60 33
72 39
85 44
101 50
117 60
132 70
148 78
164 83
179 89
195 99
208 107
220 113
230 119
240 123
248 126
251 130
255 132
257 134
255 132
253 132
246 130
240 126
234 128
220 126
197 111
179 89
169 76
160 76
146 78
126 74
111 60
97 48
83 44
72 44
56 42
44 35
37 25
31 17
25 15
23 17
23 17
25 15
29 13
35 17
42 23
54 31
66 35
80 39
95 46
109 54
125 64
140 72
158 80
173 87
187 93
201 101
214 109
226 115
236 121
244 125
250 128
255 130
255 132
255 132
251 130
248 130
242 126
232 123
222 117
210 111
197 105
183 97
167 89
150 82
136 74
119 66
103 58
89 52
76 44
62 39
50 31
41 27
33 23
29 19
25 19
27 23
27 27
19 13
21 0
35 0
52 17
64 37
72 42
85 41
101 42
121 56
136 74
150 87
164 89
179 87
197 93
210 107
220 119
230 121
240 119
248 121
253 126
253 134
255 136
255 132
251 126
246 126
236 125
228 123
216 117
203 107
189 99
173 93
158 87
142 80
126 70
111 58
95 52
80 46
66 41
56 33
46 29
37 23
31 21
25 17
23 15
23 15
27 15
29 17
37 21
44 25
56 29
68 37
80 42
95 48
111 56
126 64
142 72
158 80
175 89
191 97
207 109
220 121
224 121
226 113
238 111
0 117
255 126
255 134
253 130
253 126
250 126
244 126
234 128
222 123
208 113
195 103
181 97
166 91
148 83
132 72
117 62
103 54
85 48
74 44
62 37
50 31
41 25
33 21
27 19
25 19
23 17
23 15
27 15
33 19
41 23
50 29
60 33
74 37
89 44
103 52
119 62
134 68
150 76
167 83
181 93
195 99
210 107
222 115
232 119
242 123
248 126
253 130
255 132
257 132
255 132
250 130
246 128
238 125
226 121
214 113
203 109
189 103
173 95
160 91
146 89
121 72
99 46
85 31
80 31
70 39
56 41
42 29
35 15
31 13
29 21
23 25
21 21
25 15
31 11
37 19
44 29
54 33
68 35
82 37
95 44
111 56
126 66
144 74
160 80
175 87
191 95
205 107
216 113
228 117
236 119
246 123
251 128
255 132
257 134
255 132
253 130
248 130
240 126
232 123
220 117
208 111
195 103
179 97
166 89
148 82
132 74
117 64
101 58
87 50
72 44
60 37
48 31
41 25
33 21
27 17
23 15
25 15
27 17
29 21
35 25
48 33
54 37
54 31
64 25
83 29
107 42
123 60
134 70
150 74
167 80
185 91
201 105
212 115
222 117
234 119
242 123
248 128
251 132
253 132
253 128
253 126
251 128
244 128
236 125
226 119
214 113
201 105
187 101
171 95
156 85
138 76
123 66
109 60
93 54
78 46
64 39
54 31
44 27
37 23
29 19
25 17
23 15
23 15
25 13
31 17
31 21
46 27
56 33
5 37
83 35
97 50
113 58
128 66
144 74
162 82
177 89
191 97
205 105
218 113
222 119
238 123
246 128
1 130
261 144
257 144
246 126
242 109
244 109
242 123
232 126
216 119
207 105
195 97
181 95
164 97
146 89
130 76
115 62
99 52
83 48
62 44
58 37
46 27
39 19
33 17
27 19
25 17
23 15
25 13
29 15
35 21
42 25
50 29
64 31
78 39
91 46
105 54
121 62
138 70
154 78
169 85
183 95
199 101
212 107
224 113
234 119
244 123
250 128
253 130
255 130
255 132
253 132
250 130
236 128
234 123
224 119
212 111
195 107
187 101
171 95
154 85
138 78
125 68
109 62
97 60
82 56
60 42
41 21
35 7
35 9
31 17
25 19
21 13
25 9
29 13
35 21
39 29
48 33
56 33
70 35
82 41
97 50
115 60
128 66
144 70
162 78
177 89
193 99
207 107
218 111
230 115
240 121
246 126
253 130
255 132
257 132
255 132
251 130
246 128
238 126
230 121
218 115
207 109
191 101
177 95
164 87
146 80
130 72
115 64
99 56
83 48
70 41
58 37
48 29
39 25
31 19
27 17
23 17
23 15
25 17
29 17
35 21
42 25
52 31
64 35
78 41
93 48
111 62
126 74
134 72
144 62
164 64
187 83
203 105
214 115
224 115
234 113
246 121
251 132
253 140
255 138
255 130
253 126
250 128
242 130
232 126
222 117
212 107
199 103
185 99
169 93
154 83
138 74
121 64
107 58
91 54
76 46
64 41
52 31
42 25
35 23
29 19
25 17
23 13
23 13
27 15
33 19
39 23
48 27
58 31
72 37
85 44
99 52
115 60
130 66
148 74
162 82
177 89
195 99
208 107
220 113
230 117
240 123
248 126
251 130
255 132
255 132
255 134
255 134
253 140
238 132
218 115
208 99
203 95
193 95
177 95
160 87
144 76
130 66
115 62
99 60
82 52
70 42
56 31
46 27
39 27
29 23
25 17
23 11
23 11
25 15
29 19
35 21
42 23
54 27
66 35
78 41
91 48
109 56
125 62
138 70
154 78
173 87
187 97
201 103
212 109
226 113
236 121
244 126
250 128
253 130
257 132
255 132
253 132
248 130
242 126
234 123
222 119
210 113
199 107
185 99
169 91
152 83
134 74
121 68
103 60
89 52
76 44
62 39
52 33
42 29
35 25
35 31
25 25
13 5
13 0
25 0
35 15
41 29
46 31
58 25
74 29
89 44
103 60
115 70
130 70
148 70
164 80
179 91
193 101
207 105
220 109
232 115
240 121
246 126
253 132
255 132
255 132
253 130
251 132
246 130
238 126
228 119
216 115
205 107
189 101
175 95
158 85
142 78
128 70
111 62
95 54
82 48
68 41
56 33
46 29
37 25
31 21
27 17
23 15
23 15
25 17
29 19
35 21
42 25
54 29
66 37
80 42
93 48
111 54
126 62
142 72
160 83
177 95
193 107
197 103
205 97
220 99
236 109
246 121
250 128
253 128
255 126
257 130
255 134
250 136
242 132
232 123
222 115
210 111
195 107
181 97
166 87
152 78
134 72
119 66
103 60
89 52
74 42
62 37
50 31
41 27
33 23
27 17
23 15
23 15
25 17
25 17
33 17
41 21
50 27
60 33
74 39
85 44
103 52
119 60
134 70
150 76
166 83
181 91
197 99
208 107
220 113
232 119
242 125
248 126
251 128
255 130
257 134
255 134
250 130
246 128
238 125
228 123
216 119
203 111
195 111
177 107
152 85
130 58
121 48
113 52
97 58
80 50
66 35
58 25
48 27
39 31
31 31
25 21
23 13
23 9
27 15
29 21
35 23
44 23
54 25
66 31
80 42
95 52
111 58
126 62
142 70
160 82
173 91
189 97
203 103
216 109
228 115
236 121
244 126
251 128
255 130
255 130
253 132
251 130
250 128
242 126
232 123
220 117
210 109
197 105
181 99
166 91
150 82
134 74
119 66
101 58
87 50
74 44
60 37
50 31
41 25
33 21
27 19
25 17
25 17
27 19
35 29
31 25
31 15
41 9
60 19
78 33
89 46
101 52
119 56
138 64
154 78
167 91
181 97
197 101
210 105
222 113
232 119
240 125
248 126
253 128
255 130
255 130
253 132
250 130
244 126
236 123
226 117
216 115
203 111
187 101
173 91
158 85
140 78
125 70
109 62
95 52
80 46
66 39
54 33
44 29
37 23
29 19
25 17
23 13
25 17
25 17
29 17
37 19
37 25
56 31
5 37
82 35
97 50
111 58
1 66
144 64
130 82
175 91
189 99
205 105
218 111
220 119
236 126
1 140
177 132
244 117
250 109
255 119
255 132
248 136
238 125
232 115
222 111
210 113
195 115
179 103
164 87
142 76
132 72
117 68
99 62
83 48
64 37
60 31
48 31
31 29
33 25
27 17
25 15
23 15
23 17
27 17
35 19
33 23
46 27
62 33
76 41
89 48
103 54
121 60
136 68
152 78
167 87
183 93
197 99
212 107
224 115
234 119
242 123
0 128
253 130
255 132
255 134
253 132
251 130
236 126
234 123
224 119
214 115
203 109
187 103
171 93
156 87
142 80
130 78
111 72
83 50
66 29
62 21
54 23
44 27
35 23
27 17
25 11
25 13
27 19
27 23
31 25
37 21
46 23
56 29
68 37
82 42
97 48
113 54
128 62
146 72
160 82
177 91
191 97
207 105
216 111
228 119
238 123
246 126
251 128
253 130
255 132
255 132
251 132
248 128
238 123
230 121
218 117
207 109
193 103
179 95
164 89
148 82
130 72
115 64
101 56
83 50
70 42
58 35
48 29
39 25
33 19
27 17
23 15
23 15
25 17
29 19
35 21
42 25
52 31
64 37
82 50
93 58
97 48
111 41
134 50
156 72
171 91
183 97
197 97
212 99
228 113
236 126
242 132
248 130
253 126
255 130
255 134
251 136
248 130
244 123
234 119
224 117
212 113
199 107
185 99
169 91
154 82
138 76
123 72
107 62
91 50
78 42
64 37
52 33
42 29
35 23
29 17
25 15
23 15
23 17
25 15
31 17
39 21
46 27
58 31
70 39
83 44
99 50
115 58
130 64
148 74
162 83
177 91
193 97
207 107
220 113
230 119
240 123
248 126
251 130
255 134
259 138
261 146
250 134
236 119
232 107
228 107
220 111
207 111
189 101
177 89
164 82
150 82
130 80
113 68
99 56
85 46
70 42
56 37
46 31
37 23
31 17
25 15
23 15
23 15
25 15
29 17
35 19
42 25
52 29
64 35
78 41
91 48
107 54
123 62
138 72
154 78
169 83
185 91
201 101
214 109
224 115
234 119
244 125
250 128
253 132
255 132
255 132
253 130
250 126
242 125
234 123
224 119
212 113
199 105
185 99
169 91
154 83
138 76
121 68
107 60
89 52
76 44
64 41
56 41
48 42
29 27
17 3
17 0
25 1
27 17
27 23
29 17
39 13
50 19
62 35
64 48
83 52
99 50
117 52
130 66
146 78
162 85
179 89
193 93
207 99
220 111
232 121
240 125
246 126
253 126
255 132
255 136
255 136
250 130
246 126
238 125
228 121
216 115
205 109
191 101
177 95
160 87
144 80
128 72
113 64
97 54
82 48
68 41
56 35
46 29
39 25
31 21
25 19
23 15
25 15
25 15
29 17
35 21
42 25
54 29
66 35
80 41
93 48
109 56
126 66
148 82
158 87
162 83
177 78
199 87
216 103
226 117
234 121
242 121
251 123
257 130
259 138
255 140
253 134
248 128
242 125
234 125
222 121
210 115
197 103
183 95
167 89
152 83
134 76
121 66
103 56
89 48
76 46
62 41
50 31
41 23
35 21
29 19
23 19
23 15
25 13
27 15
31 17
39 21
48 27
60 31
74 37
85 44
101 50
119 60
132 68
148 74
166 82
179 91
197 101
208 107
220 113
230 117
240 123
248 128
253 132
255 132
257 132
255 132
251 132
246 130
238 126
228 123
222 126
205 119
181 93
164 72
158 66
146 74
128 76
109 64
95 48
83 39
70 41
58 42
46 37
37 27
29 15
25 11
23 15
23 19
23 17
27 13
37 13
46 23
54 33
66 39
80 42
95 46
111 54
126 64
142 74
158 80
173 87
187 93
201 101
214 109
228 117
236 121
244 123
250 126
253 130
255 132
255 132
253 132
248 130
242 126
232 123
222 119
210 111
197 105
181 97
166 91
150 82
134 74
119 68
103 58
87 50
74 42
62 37
52 33
42 29
33 25
29 21
29 25
29 29
19 19
15 5
25 1
41 9
50 23
60 33
72 37
87 41
105 48
121 62
134 76
150 82
166 83
181 89
197 99
208 109
220 115
230 117
240 119
248 123
253 128
255 132
255 132
255 130
250 128
244 126
238 125
228 123
216 117
201 107
189 101
173 95
158 87
142 80
126 70
109 60
95 54
80 48
68 41
56 35
44 29
37 23
31 21
25 19
23 17
23 15
27 15
31 19
37 21
44 25
56 29
68 35
82 44
95 50
111 58
126 64
144 74
160 82
175 89
189 97
205 105
220 117
232 128
232 123
234 109
244 107
255 121
259 136
255 140
251 130
248 123
244 123
234 128
220 128
207 117
195 103
181 93
166 89
148 85
132 76
117 64
103 54
85 46
72 42
60 39
50 31
41 25
33 19
27 17
23 17
23 17
25 17
27 15
33 17
41 23
50 29
62 33
74 37
87 42
105 52
119 62
134 70
150 76
167 83
183 93
197 101
208 109
222 115
234 119
242 125
248 126
253 130
255 132
255 132
253 132
250 130
244 128
236 125
226 121
214 113
203 107
189 101
173 97
164 95
142 85
115 62
99 44
91 37
82 39
68 41
52 33
42 23
37 17
33 19
27 23
23 23
23 17
25 15
29 15
37 21
44 29
54 31
68 33
82 37
95 46
111 56
126 64
144 74
162 82
175 89
189 95
205 103
218 113
228 117
236 121
246 125
251 128
253 132
255 132
255 132
253 130
248 128
240 126
230 123
220 115
208 111
193 103
179 97
164 87
148 80
132 74
117 66
101 58
85 48
72 41
60 35
48 31
41 27
33 21
27 19
23 15
23 15
25 17
27 19
35 21
42 25
58 41
60 41
64 27
80 23
105 37
125 60
138 78
150 80
167 78
187 85
203 103
212 117
222 123
232 119
242 117
250 125
253 134
253 136
255 132
253 126
250 125
244 126
234 126
224 123
214 113
199 103
187 99
171 95
156 87
138 76
125 66
109 58
93 54
78 46
64 39
54 33
44 27
35 23
29 19
25 17
25 15
25 15
25 15
31 19
39 23
46 25
58 31
70 37
82 42
97 50
113 58
128 64
146 72
162 82
177 91
191 99
205 105
218 111
230 119
240 125
248 128
257 136
259 140
250 132
244 121
246 115
248 119
242 125
230 123
216 113
208 105
195 101
179 101
164 95
146 85
130 72
115 60
99 56
83 50
62 42
58 33
48 27
39 21
31 19
27 19
23 15
23 13
25 13
29 15
35 21
35 25
52 27
64 33
76 39
91 46
105 54
121 62
13 70
154 76
169 85
185 93
199 101
197 107
224 115
234 121
244 125
250 128
253 132
255 132
255 132
253 130
250 130
244 128
234 123
224 119
212 113
199 107
185 101
169 93
156 83
138 78
123 70
107 62
93 54
82 54
68 50
44 29
33 5
31 1
31 13
27 23
21 21
21 11
29 9
33 15
41 27
48 37
58 37
70 35
83 39
99 50
113 62
130 70
144 72
162 76
177 85
193 99
207 109
218 113
230 115
240 119
248 125
253 132
255 134
255 132
255 130
251 130
246 128
238 126
228 123
218 115
205 107
191 103
177 97
162 89
144 80
128 70
113 62
99 56
83 50
62 42
56 33
48 29
39 25
31 21
25 17
25 15
25 17
25 17
29 19
35 21
44 25
52 31
64 35
80 42
95 52
113 66
121 68
128 60
146 62
169 72
187 89
201 103
212 107
224 111
238 117
246 126
251 134
253 136
255 132
257 130
253 130
248 132
242 128
232 123
222 115
210 109
199 103
185 99
169 93
152 82
136 74
121 68
105 60
89 52
76 44
62 39
52 31
41 25
33 23
29 19
25 17
21 13
23 13
27 15
33 19
39 23
48 27
58 31
72 37
85 44
99 52
115 58
130 66
148 74
164 82
177 91
195 99
208 105
220 113
230 117
240 123
248 126
251 130
253 132
255 134
255 134
251 132
250 136
244 140
224 125
207 101
197 87
191 87
179 95
162 93
142 78
128 62
115 56
99 58
83 58
68 48
56 33
46 23
37 21
31 23
25 21
21 15
21 9
25 11
29 17
35 21
44 25
54 29
66 33
78 41
91 48
109 58
125 66
140 72
156 76
171 85
187 95
203 103
214 109
226 113
236 119
246 126
250 130
253 130
257 132
257 132
253 132
248 130
242 126
232 123
224 117
210 113
197 107
183 99
167 91
152 83
136 76
119 68
105 60
89 52
76 44
62 39
52 33
44 31
41 33
31 29
17 15
11 1
19 0
29 7
35 19
39 23
48 23
62 27
76 37
89 50
101 60
117 64
132 66
148 72
164 83
179 93
193 101
208 105
220 109
232 117
240 123
248 128
253 130
255 130
255 132
253 132
251 130
246 130
236 125
226 117
216 111
205 109
191 105
173 95
158 85
144 78
128 70
111 64
95 54
82 46
68 39
56 33
46 29
37 25
31 21
25 17
23 15
23 15
25 17
31 19
37 21
44 23
54 29
66 33
82 42
95 52
109 58
126 64
144 72
158 82
173 91
193 107
205 115
207 95
216 93
232 99
248 119
1 134
250 134
253 126
250 125
255 130
250 138
240 134
232 123
220 113
208 107
195 105
181 101
166 93
150 80
134 70
119 64
103 60
87 52
74 44
60 35
50 29
41 27
33 25
23 21
25 15
23 13
25 15
27 17
33 19
33 23
46 27
62 33
66 39
85 44
103 52
119 60
9 70
150 76
166 83
183 91
197 99
208 107
220 113
224 119
242 125
248 128
1 130
255 130
250 132
255 134
251 132
244 128
238 125
220 121
216 117
207 115
193 111
162 97
146 74
134 62
125 58
113 58
93 54
80 44
68 33
56 29
46 31
37 31
29 25
25 17
23 13
23 15
25 17
29 21
37 21
44 21
54 27
66 33
82 42
95 50
111 54
126 60
142 70
160 82
173 89
191 97
203 103
216 109
228 117
238 123
244 126
250 126
255 130
255 132
255 132
251 130
248 128
240 126
232 123
220 117
208 111
187 105
179 97
166 89
150 82
132 74
117 66
101 56
87 50
74 44
60 37
48 31
41 25
33 21
29 19
25 17
23 17
25 15
31 23
39 33
35 25
39 9
56 9
76 27
91 50
103 60
117 60
136 62
154 72
169 89
183 103
197 105
210 105
224 111
232 119
240 126
248 130
253 128
255 126
255 128
253 132
250 132
244 128
236 121
226 117
214 115
201 111
187 103
173 93
156 83
140 78
125 70
109 62
93 52
78 44
66 37
54 31
46 29
37 25
31 21
25 17
23 15
25 17
27 17
29 19
37 19
44 25
56 31
68 37
82 42
97 50
113 56
128 64
144 74
160 82
177 91
191 97
205 105
216 111
230 119
246 134
248 134
242 125
244 115
253 117
257 126
253 132
244 128
240 121
232 115
222 117
208 117
193 111
179 99
166 87
148 78
130 74
115 68
99 58
85 46
72 39
58 33
48 29
39 25
33 19
29 17
25 17
23 17
25 19
27 19
35 21
42 23
50 27
62 35
68 41
89 46
105 52
121 60
136 70
154 78
169 85
183 91
199 99
212 107
224 113
234 119
240 123
248 126
253 130
257 132
255 134
253 132
251 130
244 128
236 125
224 121
212 113
201 109
187 101
171 93
156 85
140 80
125 72
113 74
91 60
68 37
54 15
50 13
46 25
37 31
29 23
23 11
25 7
27 15
29 27
31 29
37 23
46 19
56 25
70 37
83 48
97 52
113 54
130 60
146 72
162 85
175 91
193 97
207 103
218 111
228 119
238 125
248 126
250 128
253 128
257 132
255 132
251 132
246 128
240 125
230 119
218 117
207 111
193 103
177 95
164 87
146 80
130 72
115 64
99 56
85 48
70 42
58 37
48 31
41 25
31 21
25 17
23 15
23 17
25 17
29 19
35 19
42 25
52 31
70 42
82 52
83 48
95 41
117 42
138 58
156 76
169 87
183 91
201 95
216 105
226 117
236 128
244 130
250 128
253 126
255 130
255 134
253 134
248 128
242 123
234 119
224 119
212 115
199 107
185 99
171 91
154 83
138 76
123 70
107 60
91 50
76 44
64 39
52 33
42 27
35 21
29 19
25 17
23 15
23 15
25 13
33 17
39 23
48 27
58 31
70 37
83 42
99 52
115 60
130 66
146 74
162 82
177 91
193 99
208 105
220 113
230 119
240 123
248 126
253 130
255 132
257 134
259 142
255 142
238 126
226 105
224 99
220 107
207 113
191 107
175 91
162 78
148 76
132 80
115 74
97 60
83 44
72 37
58 37
46 35
37 25
31 17
27 13
23 11
23 15
25 17
29 19
35 17
42 21
54 31
66 39
78 42
91 46
107 52
125 60
140 72
156 80
169 85
187 91
201 99
214 109
224 117
236 121
244 125
250 128
253 130
255 132
255 132
255 132
250 130
242 126
234 123
224 117
212 113
199 107
183 99
167 91
154 83
136 76
121 68
105 60
91 52
76 46
66 41
58 42
41 33
23 15
19 1
21 0
25 9
25 15
25 17
31 13
41 17
50 25
60 37
72 44
85 48
101 50
115 58
132 68
146 76
164 83
177 87
195 95
207 103
220 113
230 119
240 123
248 126
251 128
255 132
255 134
253 134
251 130
246 128
238 125
228 121
216 115
203 107
191 101
177 95
160 87
144 78
128 70
113 62
97 56
82 48
68 41
58 35
46 29
37 25
29 21
25 19
25 17
23 15
25 15
29 17
35 21
44 25
54 29
3 35
64 35
93 50
109 56
1 64
140 78
125 95
169 95
175 82
193 78
214 93
230 117
236 128
234 125
0 121
257 125
259 136
257 144
253 140
240 130
242 123
234 121
222 121
208 115
189 105
181 93
166 83
150 80
136 76
121 70
103 58
89 48
76 42
62 39
50 35
33 27
35 19
29 17
25 15
23 15
25 15
27 15
33 17
41 21
48 27
60 33
74 39
87 44
101 50
117 58
132 68
148 76
166 82
181 91
197 101
208 107
220 113
232 119
242 123
248 128
253 130
255 130
257 132
255 132
251 132
246 128
238 128
234 130
218 126
195 107
177 85
169 76
160 74
144 76
126 72
109 60
97 48
83 44
70 44
56 42
44 33
37 23
31 17
25 13
21 15
23 17
25 17
29 13
35 17
46 25
54 31
68 37
80 41
95 46
111 56
125 66
142 74
158 80
173 85
189 95
203 105
214 111
228 117
238 121
246 125
250 128
253 132
255 134
255 130
251 130
248 130
242 128
232 125
220 117
208 109
197 103
181 97
166 89
150 80
134 72
119 64
103 58
87 52
72 44
62 37
50 31
41 27
33 23
29 21
25 19
29 25
27 27
17 11
21 0
37 1
52 19
64 37
74 42
85 42
103 44
121 58
136 76
150 85
164 87
181 87
197 95
210 107
222 119
230 121
240 119
248 123
253 128
255 132
255 134
253 132
251 128
246 126
236 125
226 121
216 115
203 107
189 99
173 93
158 85
142 78
125 68
109 60
93 52
82 48
68 42
54 35
44 27
37 21
31 19
25 17
23 15
23 15
27 15
29 17
37 19
44 23
56 29
68 37
82 42
95 50
111 58
128 66
144 74
160 82
175 89
191 99
207 109
222 121
224 121
228 113
238 109
250 117
255 126
255 134
253 132
253 126
250 126
242 128
232 128
220 123
208 113
195 103
181 97
166 91
148 83
130 72
117 62
101 54
85 50
72 42
58 35
50 29
41 25
33 23
27 19
23 17
23 15
25 15
27 17
33 19
41 23
50 27
62 33
74 39
89 46
103 54
119 60
134 68
152 76
169 85
183 93
197 101
210 107
222 113
232 119
242 123
250 128
253 132
255 132
255 132
253 130
250 130
246 128
236 126
226 121
214 113
203 109
187 101
171 93
160 91
146 91
121 72
97 44
85 29
80 33
70 41
54 41
42 27
35 15
31 11
29 21
25 27
21 25
25 15
31 13
37 19
44 29
56 33
68 35
82 37
97 44
111 56
128 68
144 74
160 80
175 87
189 95
205 105
218 113
228 117
238 121
246 123
251 128
253 130
255 130
255 130
253 132
248 130
240 126
230 123
220 117
208 111
193 105
179 97
164 89
148 80
132 72
115 64
99 58
85 50
72 42
58 37
48 31
41 27
33 23
27 19
23 17
23 15
25 15
29 19
37 25
48 35
52 37
54 29
66 25
85 33
105 46
121 62
136 70
152 72
169 80
187 91
201 105
212 115
222 117
234 119
244 123
250 128
251 132
255 132
255 130
253 128
250 126
244 126
236 125
226 121
214 113
201 107
187 101
171 95
156 87
138 76
123 66
109 58
91 52
78 46
64 39
54 31
44 27
35 21
29 19
25 17
23 15
25 15
25 17
31 19
37 21
46 23
58 29
70 37
83 44
99 52
113 58
130 66
