540000 10000000 113246 18
123 58
166 80
203 101
234 117
253 128
263 134
255 136
236 128
207 115
167 95
126 74
87 54
52 35
29 21
19 13
19 13
37 19
64 31
101 48
144 70
183 91
218 109
246 125
261 134
269 146
251 144
214 123
179 91
144 68
109 56
70 44
39 31
19 13
17 5
29 11
48 25
82 44
121 60
164 78
201 97
232 117
253 132
261 138
255 134
238 125
208 111
169 95
128 76
87 54
54 35
29 21
17 11
19 11
35 19
64 31
101 48
140 68
181 87
218 109
244 125
259 132
259 134
248 130
226 123
191 109
150 87
109 64
72 46
41 29
21 17
15 11
25 15
48 23
80 39
119 56
160 78
201 99
232 117
253 128
263 134
257 134
240 128
208 115
171 97
132 78
91 58
56 41
33 29
21 27
13 11
21 0
56 7
101 37
142 70
179 93
214 103
244 115
263 128
265 142
251 144
224 128
191 105
152 83
111 66
72 50
41 33
21 15
17 5
17 9
44 21
78 37
111 58
35 76
199 95
230 115
3 130
255 138
257 136
224 126
203 113
173 97
125 78
91 58
56 37
33 21
19 13
17 13
33 15
60 27
99 44
138 66
177 85
214 105
242 121
9 134
261 138
250 134
226 123
195 107
154 89
113 68
74 48
44 31
23 17
17 13
25 13
44 21
78 39
119 58
166 87
197 107
220 111
242 113
259 119
259 128
242 128
210 115
173 91
136 72
97 56
60 44
33 31
17 17
19 9
33 15
58 29
93 44
134 64
177 82
205 101
240 119
7 132
261 138
251 134
228 123
195 107
156 89
117 70
76 50
42 31
23 17
15 9
23 13
42 23
74 35
115 52
156 74
195 93
228 113
251 126
263 136
259 136
242 128
212 117
177 99
136 80
95 60
58 39
31 21
19 13
19 13
31 17
58 27
95 44
134 64
175 85
212 105
242 123
259 132
263 136
251 134
230 126
203 119
160 103
107 64
66 27
41 9
29 13
19 19
21 19
41 15
76 25
117 52
158 82
193 105
226 115
251 123
263 130
257 136
242 134
214 119
177 95
136 74
97 56
60 42
35 29
19 15
19 9
31 13
56 29
91 44
132 64
173 82
210 101
240 121
257 132
261 138
253 134
232 125
197 109
158 89
117 68
80 48
48 33
25 21
15 13
23 13
42 21
72 37
111 52
152 72
193 91
226 113
250 126
261 134
259 136
244 130
216 119
179 103
140 83
99 62
62 42
35 27
23 19
25 23
29 23
44 19
80 25
128 46
175 78
210 105
236 119
257 125
265 130
257 134
232 130
201 117
162 95
121 70
80 48
46 33
25 21
15 13
21 9
39 15
70 33
109 52
150 74
189 93
224 109
250 126
261 134
259 138
244 132
218 117
181 101
140 82
99 60
64 41
37 25
19 15
17 11
27 13
52 23
91 42
130 64
169 83
208 103
238 119
257 132
261 138
253 134
156 125
193 111
164 93
121 72
82 52
48 35
27 21
17 13
21 13
41 21
70 33
109 52
148 74
191 95
224 115
3 136
261 142
251 126
236 111
208 103
187 99
128 89
101 64
64 37
31 19
23 15
19 19
29 25
52 27
83 35
126 52
169 82
207 105
234 121
255 126
263 128
255 132
234 128
201 115
164 93
123 70
83 50
50 35
27 21
15 13
21 11
39 17
68 33
105 50
148 70
187 91
222 111
248 125
261 132
261 136
246 130
220 119
185 103
144 83
105 64
66 44
37 27
19 15
17 9
27 13
52 25
85 41
125 60
167 80
205 99
236 117
255 130
263 136
255 134
236 126
207 115
169 101
130 85
80 56
41 25
19 3
15 0
21 9
37 19
64 27
105 42
148 66
189 95
222 117
246 130
261 134
261 134
248 132
220 123
185 105
146 83
105 60
68 41
39 27
21 17
17 11
27 13
50 21
83 39
125 60
166 82
205 99
234 117
253 126
263 136
257 136
236 128
205 113
167 93
126 74
87 54
52 37
29 21
17 9
21 11
37 19
64 33
103 48
144 68
185 89
220 109
246 125
259 132
261 136
248 132
222 121
189 105
150 87
107 68
70 46
41 29
21 17
17 15
27 17
50 29
87 50
121 64
152 66
193 76
232 101
257 128
263 142
255 136
236 119
208 107
171 99
130 87
87 64
52 37
29 17
17 9
19 13
33 21
64 31
101 44
142 62
181 87
218 109
246 126
259 134
261 134
250 130
224 123
189 107
150 87
109 64
70 44
41 29
21 19
15 11
25 13
48 23
80 39
121 56
162 76
201 97
232 115
253 128
261 132
257 134
240 130
208 117
171 99
130 76
91 56
56 39
31 23
17 13
19 11
35 17
62 29
97 46
140 68
183 89
218 111
246 126
265 140
267 148
244 134
214 111
183 87
150 74
113 64
72 48
39 27
23 11
19 9
27 17
46 29
78 41
119 56
158 76
199 97
230 117
1 130
261 134
257 132
234 125
208 113
173 97
125 78
91 56
56 37
31 21
19 15
17 13
33 15
60 27
97 44
125 66
171 87
214 105
244 121
9 132
261 136
250 132
226 123
193 107
154 87
111 66
74 46
42 29
23 17
15 11
23 13
44 21
78 37
117 54
158 76
199 97
232 117
251 128
261 136
257 136
242 130
212 119
171 101
132 80
93 60
62 46
37 37
13 17
7 0
25 0
60 13
99 46
136 72
175 83
214 97
246 117
261 136
263 146
250 138
228 123
195 105
154 87
113 72
74 50
42 29
23 13
17 7
25 13
44 23
76 35
115 50
158 72
197 95
230 115
251 130
263 136
259 134
240 128
212 117
175 99
134 80
93 56
58 37
33 21
19 15
19 13
33 17
58 27
95 44
136 66
175 87
210 105
242 121
259 132
263 138
251 134
228 123
197 109
158 89
115 70
76 48
44 33
25 19
17 13
23 13
42 21
76 37
121 62
158 85
185 93
216 97
248 111
263 126
259 136
242 130
212 113
179 95
140 80
99 64
60 48
33 29
19 13
17 9
29 13
58 29
91 44
132 62
173 80
212 101
240 121
257 134
261 136
253 130
230 123
199 111
158 93
117 72
78 48
44 29
25 17
17 13
23 13
42 21
74 33
113 52
154 72
193 95
226 113
250 125
263 132
259 134
244 132
214 119
179 101
140 82
97 60
62 41
33 25
19 13
19 11
31 17
56 29
89 44
132 64
173 83
210 103
238 121
257 130
263 138
253 136
232 132
205 123
154 91
107 52
74 27
48 21
27 21
15 17
21 11
41 11
74 31
113 58
152 83
191 99
224 111
250 123
261 134
259 138
244 132
216 117
181 95
140 78
99 60
62 42
35 27
19 13
17 9
29 15
54 27
89 44
128 62
169 80
208 99
238 117
257 132
261 136
253 132
234 125
201 111
162 93
121 74
82 52
48 33
25 19
15 11
21 11
41 19
70 33
109 50
150 70
191 93
224 111
248 126
259 134
259 134
246 130
218 119
181 101
142 82
103 62
66 44
39 31
27 25
19 21
21 11
42 11
83 25
128 52
169 82
205 101
236 115
257 125
265 134
257 140
234 132
201 115
166 91
123 70
80 50
48 33
27 19
17 11
21 9
37 15
68 31
107 50
148 72
189 91
222 109
248 125
261 134
261 138
246 132
218 119
185 103
144 83
93 64
64 41
37 25
21 15
17 13
27 15
50 25
85 39
1 58
167 80
205 93
236 117
255 128
261 132
253 130
236 125
205 115
166 97
123 74
83 52
52 35
29 23
17 15
19 13
37 17
68 31
105 48
146 70
185 91
226 119
251 138
253 130
248 115
244 111
224 113
189 111
142 89
101 58
68 35
42 25
23 23
15 21
27 17
50 21
83 35
123 58
164 82
203 101
234 113
255 123
263 132
255 134
236 128
207 113
167 93
126 72
87 54
50 37
27 21
17 13
21 11
37 19
64 33
103 48
144 68
185 89
220 109
246 123
261 132
261 136
248 132
222 121
187 105
148 85
105 66
68 46
39 27
21 15
17 11
27 15
48 23
82 37
125 58
166 80
203 99
234 117
255 130
263 138
257 136
238 130
208 119
175 107
128 83
78 50
42 19
27 5
19 5
21 11
33 19
64 25
103 42
146 68
185 95
218 115
246 126
259 132
261 134
248 134
222 125
187 105
148 83
107 60
68 41
41 29
23 19
15 13
25 13
48 21
82 39
121 60
162 80
201 99
232 115
255 128
261 136
255 136
238 128
208 113
169 95
128 76
89 56
54 37
31 21
17 13
19 11
35 17
64 31
99 48
140 66
181 87
218 107
244 125
259 132
261 136
250 132
224 123
191 107
152 87
111 66
72 46
41 31
21 17
17 13
27 17
52 33
80 48
111 48
150 54
195 74
236 109
255 136
261 140
255 130
240 119
212 113
173 107
130 87
89 58
54 33
31 17
19 15
17 17
33 19
60 25
97 41
140 64
179 89
214 109
244 123
259 130
261 134
250 132
226 125
193 111
152 87
111 66
72 44
42 31
23 19
15 13
23 13
46 19
78 35
119 56
160 76
199 97
230 115
253 128
263 136
257 136
240 128
210 115
173 95
132 76
91 58
58 39
33 25
19 15
17 13
33 17
60 31
97 46
138 66
179 87
216 109
246 126
265 142
259 140
240 123
220 105
193 93
156 83
113 68
72 46
42 25
25 13
19 13
25 19
44 27
76 39
117 54
158 76
197 99
228 117
251 126
261 132
257 132
240 128
212 117
175 99
134 80
93 56
58 39
33 23
19 15
17 11
31 15
60 29
95 44
136 66
177 87
212 105
240 121
257 132
263 136
251 134
228 123
195 107
156 87
115 68
76 48
44 31
25 19
15 11
25 13
44 21
76 37
115 56
156 76
195 95
228 113
251 126
263 136
259 134
242 128
214 117
177 101
136 83
97 64
66 50
33 35
9 5
7 0
29 0
60 25
95 50
132 66
173 78
212 95
244 121
259 142
261 146
251 136
230 121
197 105
158 91
117 74
76 50
44 29
25 13
15 9
23 13
42 25
74 37
113 50
154 72
193 95
228 115
250 128
261 134
259 134
244 128
214 119
177 99
138 78
97 56
62 39
35 25
19 15
19 13
31 15
56 27
91 42
132 62
173 83
210 103
238 119
257 130
263 136
253 134
230 125
199 109
160 89
119 70
80 50
48 35
25 21
17 13
23 15
44 25
76 41
117 64
148 76
181 83
216 95
250 113
263 130
259 136
242 128
216 111
183 97
142 83
99 68
62 46
35 27
19 13
17 11
29 17
54 27
89 41
130 60
171 80
208 101
238 119
257 132
263 136
253 132
232 126
201 111
162 91
119 70
82 50
50 33
25 19
15 13
21 11
41 19
72 33
109 50
150 72
191 91
224 111
250 126
261 134
259 134
246 128
218 119
183 103
140 82
99 60
64 41
37 27
19 17
17 11
29 15
54 25
87 42
128 62
169 83
208 103
238 119
257 130
263 136
257 138
240 140
199 119
152 80
113 48
82 35
52 33
27 27
15 15
21 5
41 13
72 35
109 60
148 80
187 93
222 105
248 121
261 136
259 138
244 130
218 113
183 97
142 80
101 64
66 44
37 27
21 13
17 11
29 15
52 27
87 41
126 58
167 78
207 99
236 119
255 132
263 134
253 132
234 125
203 113
166 95
123 74
82 50
50 33
29 21
17 15
19 13
37 17
68 31
107 50
146 70
187 91
222 111
248 125
261 132
261 136
248 134
220 123
185 105
144 83
105 64
68 46
42 35
27 29
11 15
17 3
44 7
83 29
128 58
166 82
203 99
236 113
257 126
263 138
255 140
236 132
205 113
166 91
125 74
83 56
50 37
27 21
17 9
19 9
37 17
66 33
103 48
146 68
187 89
220 109
246 125
259 134
261 134
246 130
222 121
185 103
146 85
105 66
68 44
39 27
21 17
17 13
27 15
50 25
83 39
125 58
166 80
203 99
234 117
255 128
263 134
255 134
236 126
207 115
169 97
126 76
85 54
52 35
29 23
19 17
19 13
35 17
66 31
103 50
144 72
187 95
224 121
242 128
250 119
253 115
248 119
226 123
189 111
146 85
105 56
72 39
44 33
23 29
15 21
25 13
48 19
82 37
121 62
162 82
201 97
232 111
253 125
261 134
255 138
238 128
208 113
169 95
126 74
89 56
54 41
29 23
17 11
19 11
35 19
62 33
101 48
142 66
183 87
220 109
246 125
259 134
261 136
250 130
224 121
189 107
150 85
109 66
72 46
41 29
21 17
17 13
27 15
46 23
80 37
121 54
164 80
203 101
232 119
253 128
263 136
257 138
240 132
214 123
175 107
125 78
78 42
48 19
31 9
19 11
19 13
31 13
62 21
103 42
144 72
181 95
216 111
244 123
259 130
259 134
250 134
224 125
191 105
150 83
111 62
72 46
42 31
23 19
15 11
25 11
46 21
80 39
119 58
160 78
199 95
230 113
253 128
263 136
257 134
238 126
208 113
173 97
132 78
91 58
56 39
31 23
17 13
19 11
33 17
62 29
97 46
136 62
179 83
216 107
244 125
259 134
261 136
250 132
228 125
193 109
154 89
113 68
74 48
44 31
23 19
17 13
29 21
50 33
72 37
105 39
152 54
199 85
232 117
251 132
259 132
259 128
244 125
214 123
173 105
134 83
93 56
58 35
31 21
17 17
17 13
31 15
58 23
93 39
136 62
179 89
214 107
242 121
259 130
263 136
251 134
228 126
195 109
156 87
113 66
74 48
42 31
23 19
17 13
23 11
42 19
76 37
117 54
156 76
195 95
228 113
251 128
263 138
257 136
240 128
212 115
177 99
136 80
95 60
58 39
33 25
19 15
17 13
31 17
58 29
93 44
136 66
177 87
214 109
248 130
261 140
253 134
240 119
224 107
197 99
158 87
115 68
76 46
46 27
27 17
19 17
23 21
42 25
74 35
113 50
154 74
193 97
226 115
250 125
259 128
259 132
244 130
214 119
177 99
136 78
97 58
60 41
33 25
19 15
17 11
31 15
58 27
29 42
7 64
175 83
210 105
240 121
257 130
263 136
251 134
230 125
197 111
160 89
117 70
78 50
46 31
25 17
17 11
23 13
42 21
72 35
111 52
154 72
193 93
226 113
250 128
261 136
259 136
244 128
216 119
181 103
140 83
99 66
66 52
29 23
7 0
11 0
31 3
58 27
93 48
130 62
171 76
210 97
242 126
259 142
261 144
251 130
232 119
199 109
160 93
117 74
78 48
48 27
27 15
17 13
21 15
41 21
72 31
111 50
150 70
191 93
226 115
250 126
261 134
259 134
246 132
216 121
181 103
140 80
99 60
64 41
35 25
17 13
17 11
31 15
54 27
89 42
128 62
171 82
208 103
238 121
255 130
261 134
253 132
234 126
201 113
162 93
123 72
82 52
48 35
27 21
17 13
23 13
42 23
76 42
109 60
142 68
177 78
220 93
250 117
263 134
259 138
244 126
220 113
185 101
144 87
101 70
62 42
37 23
23 15
17 13
27 17
52 25
87 39
128 56
169 80
207 101
236 119
257 130
263 134
253 134
234 126
203 113
164 93
123 72
83 52
50 35
27 21
17 13
21 11
39 19
68 31
107 50
148 70
187 89
222 109
248 125
261 136
261 138
246 130
220 119
185 103
144 85
103 64
66 44
37 27
21 15
17 11
29 15
50 25
83 39
128 58
169 82
207 105
236 121
257 132
263 138
259 142
238 142
195 111
152 74
119 50
87 44
54 41
27 27
15 9
21 3
41 15
68 39
105 58
146 74
187 87
220 107
246 125
259 136
259 138
246 130
220 115
185 99
146 83
105 64
66 44
37 25
21 13
17 13
27 17
50 27
83 39
125 58
166 80
205 101
234 117
255 126
263 134
257 134
236 128
205 115
167 95
126 74
85 54
50 35
29 23
17 13
21 11
35 15
66 31
103 48
144 72
185 91
220 109
246 123
261 134
261 138
248 132
222 121
189 105
148 85
107 68
72 50
46 41
23 25
7 7
15 0
46 9
83 31
123 58
162 80
201 95
236 113
250 128
263 142
255 142
238 130
208 113
169 93
126 74
85 54
52 33
29 19
17 11
19 9
37 17
64 31
101 48
142 66
183 87
218 109
246 123
259 130
261 134
250 132
224 123
189 107
150 85
109 64
70 44
41 29
21 15
17 9
25 11
48 23
82 39
121 56
164 78
203 97
232 117
253 128
263 136
257 136
238 128
207 113
171 95
130 76
89 56
54 39
29 23
19 15
21 13
35 19
62 31
99 46
142 70
187 99
218 119
234 117
250 111
251 117
251 128
218 128
189 109
148 80
111 58
74 46
42 39
23 29
15 15
25 9
46 19
80 39
119 60
160 78
189 91
230 109
253 126
263 138
257 138
240 128
203 113
173 97
130 78
89 58
56 39
31 21
17 9
17 9
31 19
62 31
97 46
5 64
179 85
216 107
244 123
9 132
259 134
251 132
228 123
191 109
152 87
111 66
74 46
42 29
23 19
17 11
25 13
46 21
78 37
109 56
31 76
199 97
232 115
3 128
263 134
259 136
244 132
218 128
171 105
123 70
83 41
56 23
33 19
17 15
17 11
33 11
62 23
99 46
5 72
177 93
214 109
242 119
9 130
261 136
250 136
226 125
193 105
154 85
113 68
66 48
42 31
23 17
17 9
23 13
44 23
78 37
109 56
158 76
195 95
228 113
1 126
253 134
257 134
236 128
205 115
177 99
126 82
93 60
58 39
33 23
19 15
17 13
31 17
58 27
95 44
136 64
177 83
205 103
242 121
9 132
261 136
251 132
228 125
197 111
156 89
115 68
76 48
44 33
25 19
17 15
31 25
44 31
64 27
103 31
154 54
199 91
230 121
248 128
261 126
261 126
246 130
214 126
177 109
128 82
97 54
60 37
33 25
17 19
17 11
31 13
56 21
91 41
134 64
175 85
212 103
240 119
257 130
263 136
253 134
230 126
197 109
158 87
117 70
78 50
44 33
25 17
15 11
23 13
42 21
72 35
113 52
154 74
193 95
226 111
251 126
263 136
259 136
242 128
214 115
179 101
138 83
97 62
60 41
35 23
21 15
17 13
29 17
56 27
91 42
134 64
171 87
214 109
248 134
3 136
251 126
246 117
230 113
201 107
160 91
115 68
78 44
48 27
29 21
17 19
23 19
41 21
72 31
111 50
142 74
189 95
224 111
250 125
261 130
259 134
244 130
216 119
181 101
140 80
99 60
62 41
35 27
19 15
17 9
29 15
54 25
89 41
130 60
171 82
208 93
238 119
257 130
263 134
253 134
232 126
201 111
160 91
121 72
80 50
48 33
27 19
17 13
23 13
41 21
70 33
109 50
17 70
187 93
224 113
248 126
11 134
261 136
246 132
218 121
181 103
142 85
107 74
62 50
17 13
11 0
15 0
33 15
54 33
87 42
128 54
171 74
210 103
234 128
0 138
263 136
253 130
232 123
201 113
162 97
121 72
80 46
48 27
27 17
17 15
21 17
31 19
70 31
107 48
23 72
189 95
224 113
248 125
261 132
259 134
246 132
220 121
183 103
142 82
101 60
66 41
37 27
21 17
17 11
29 15
52 25
85 41
126 62
169 82
207 103
236 119
255 130
261 134
255 134
234 126
203 113
164 93
125 72
83 52
50 35
27 21
17 13
21 15
42 25
72 42
101 50
136 60
181 76
222 99
250 123
259 134
259 134
246 125
222 115
187 107
146 91
103 70
66 44
39 25
21 15
15 13
27 17
50 23
83 35
125 56
166 80
205 101
234 119
257 128
263 134
255 134
236 128
205 115
167 95
125 74
83 52
50 35
29 21
17 15
19 13
35 17
66 29
105 48
146 72
185 91
220 109
248 123
261 132
261 136
246 130
222 121
187 103
146 85
105 64
68 44
39 29
21 17
17 13
27 15
50 25
83 41
123 58
166 78
205 101
236 119
255 132
267 144
261 148
232 130
195 97
160 72
128 60
89 54
54 41
27 21
17 5
21 7
39 21
64 41
101 56
142 68
185 85
218 107
246 126
259 134
259 134
250 126
222 119
187 105
148 87
107 66
70 44
41 27
21 15
15 13
27 15
48 23
82 37
123 56
164 78
201 99
232 117
253 126
263 134
257 134
238 128
207 115
169 95
128 76
87 52
52 35
29 21
19 15
19 11
35 15
62 29
101 48
142 70
181 89
218 107
246 123
261 132
261 138
250 134
224 123
191 105
150 87
111 68
76 56
44 39
13 17
5 0
19 0
46 11
82 35
121 58
160 76
201 93
234 113
255 132
263 142
255 140
238 126
208 113
171 97
130 78
87 56
54 35
31 19
17 9
17 9
33 17
64 31
99 46
138 66
179 85
218 107
244 125
259 134
259 134
250 130
226 123
191 107
150 87
111 66
72 44
41 29
21 17
15 9
25 15
46 23
78 37
119 56
160 76
199 97
230 115
251 128
263 134
257 134
240 128
210 115
173 97
132 78
91 56
56 39
31 23
17 11
19 11
35 21
62 33
97 48
142 76
183 101
208 105
230 103
253 109
263 126
253 136
226 126
191 103
154 80
117 64
76 54
42 41
23 23
17 9
23 9
44 21
76 39
115 56
158 72
197 91
228 111
251 128
263 138
257 136
240 128
212 115
175 99
134 80
91 58
58 37
33 21
17 11
17 13
31 17
60 27
95 44
136 64
177 85
214 107
242 123
259 132
261 134
250 130
228 125
195 111
156 91
115 68
76 46
44 31
25 21
15 13
23 13
44 21
76 37
115 54
156 76
195 97
230 113
251 128
263 136
259 140
250 142
214 126
166 95
125 62
91 42
60 33
33 23
15 11
17 9
35 13
60 29
95 48
134 70
177 87
212 105
240 121
257 130
261 136
251 132
228 121
197 105
158 87
117 70
76 48
44 31
25 17
17 11
23 13
42 23
74 35
113 50
156 72
195 95
228 113
250 126
261 134
259 134
242 130
214 117
179 101
136 82
97 58
60 39
33 23
19 13
19 13
31 17
56 27
91 42
134 64
173 85
210 103
240 121
257 130
261 134
251 132
232 126
199 111
160 91
119 70
78 50
48 33
27 23
21 25
23 25
31 13
60 11
109 33
156 68
195 101
224 117
250 121
263 126
261 136
246 138
216 128
179 103
136 76
97 52
62 41
35 29
19 17
17 9
29 11
56 25
91 44
130 64
171 83
210 101
240 117
257 130
263 138
253 136
232 125
199 109
160 89
119 72
80 52
48 33
25 19
17 11
21 11
39 19
72 33
111 52
152 72
191 93
224 111
250 126
261 134
259 136
244 130
216 119
181 101
140 82
99 60
62 41
37 25
21 17
17 13
29 17
54 27
89 42
132 64
173 89
216 117
234 121
246 121
255 121
251 123
234 121
201 111
162 89
121 66
83 48
52 35
29 27
17 19
21 15
39 17
70 31
109 52
150 74
187 91
224 107
248 121
261 132
259 136
244 132
218 119
183 101
142 82
101 62
66 44
37 29
19 15
17 11
29 13
54 25
85 41
126 58
167 80
207 101
236 119
257 132
263 136
253 134
234 126
203 113
164 93
123 72
83 52
50 35
27 21
17 11
21 13
39 19
68 33
105 50
148 72
189 93
222 111
248 125
259 132
259 134
248 134
220 123
185 109
150 95
101 68
56 31
29 3
19 0
19 11
29 21
50 25
83 33
128 52
169 82
207 111
236 125
255 128
263 132
255 132
234 130
203 115
166 93
125 70
83 46
50 33
29 23
17 15
19 11
37 15
66 29
105 50
146 72
185 91
220 107
248 123
261 134
261 138
246 132
220 121
185 101
146 83
105 66
66 46
39 29
21 17
17 11
27 15
50 23
83 39
125 58
166 78
205 99
236 117
255 130
263 136
255 134
236 126
205 113
167 95
126 76
85 54
52 37
29 23
17 17
25 21
41 29
58 33
91 37
136 50
185 78
220 107
244 125
7 128
261 130
251 130
224 126
187 111
148 87
107 64
70 42
39 27
19 17
15 11
25 11
48 19
82 35
123 56
164 78
203 99
234 115
253 128
263 134
257 136
238 128
207 115
167 95
126 74
87 54
54 37
29 21
17 13
19 11
37 17
64 31
101 48
142 68
183 89
218 109
244 123
259 132
259 136
248 130
224 119
191 105
150 87
107 68
70 46
41 29
23 19
15 13
25 15
46 23
82 39
121 58
162 78
201 97
234 117
259 136
267 150
250 136
226 109
203 91
173 87
132 80
87 62
52 35
31 13
21 9
21 17
35 29
62 37
99 44
140 62
181 85
216 111
244 126
259 130
259 130
248 126
224 121
193 109
152 89
111 66
72 44
42 29
23 19
15 15
25 15
46 21
80 35
119 56
160 78
201 97
232 115
251 126
261 134
257 134
240 128
208 115
171 97
132 76
91 56
56 37
29 21
19 13
19 11
35 17
60 31
97 44
140 66
181 87
216 107
244 123
259 132
263 136
250 132
226 123
193 109
156 93
119 78
74 56
33 25
13 1
13 0
27 5
46 23
76 37
115 50
160 70
201 95
232 121
253 134
261 138
257 134
240 126
212 117
173 101
132 78
91 54
56 33
31 19
19 13
17 13
33 15
60 27
97 44
138 66
177 87
214 107
244 121
259 130
261 134
250 128
228 123
195 109
154 89
113 66
76 46
44 31
23 19
15 13
23 13
44 21
76 35
117 54
158 76
197 97
230 113
251 126
261 134
257 136
242 130
212 117
175 99
134 78
95 58
58 39
33 25
19 15
19 13
33 19
60 31
101 54
138 76
167 80
203 83
238 101
259 125
263 140
251 136
228 119
197 101
160 87
117 78
76 58
42 35
23 15
17 7
23 13
41 23
74 35
113 48
156 70
195 93
226 115
251 128
263 134
259 134
242 128
212 119
177 101
136 82
95 58
58 37
33 23
19 17
17 13
31 15
56 25
93 42
134 64
175 85
212 105
242 121
257 130
261 136
251 134
230 126
199 113
158 91
117 68
78 48
46 31
25 19
15 13
21 11
42 19
74 35
113 54
154 74
193 95
228 113
251 128
265 140
265 148
240 134
205 109
171 83
136 64
97 54
62 41
33 25
19 11
19 5
33 17
58 33
91 50
132 66
173 82
210 101
238 121
255 132
261 136
253 132
230 123
199 109
160 91
119 72
80 50
48 31
25 17
15 9
23 13
42 21
72 33
109 50
152 72
193 93
224 115
250 125
261 134
259 134
244 128
216 117
181 101
140 82
99 62
62 41
35 25
21 15
17 13
29 17
54 27
89 42
130 62
171 83
208 103
238 119
259 130
263 138
253 134
232 125
201 111
164 95
121 76
80 54
50 37
33 33
15 19
9 1
29 0
70 15
113 50
152 80
187 93
222 103
251 119
265 136
261 146
244 138
216 119
183 97
142 80
99 64
62 44
37 25
19 11
17 7
29 13
52 27
89 44
128 60
169 80
207 99
238 121
257 132
263 138
253 132
232 125
201 111
162 93
121 72
82 50
48 33
27 19
15 13
21 13
39 19
68 31
107 48
150 70
189 93
222 111
248 125
261 132
261 136
246 132
218 121
183 103
142 82
103 62
66 42
37 27
21 17
17 13
29 15
52 27
87 42
132 68
171 91
199 101
226 105
250 113
263 125
257 132
234 128
201 109
166 87
126 70
85 56
50 41
27 25
17 13
21 9
37 17
66 33
105 50
146 68
187 87
220 105
246 123
261 134
261 136
246 130
220 119
185 103
144 85
103 64
68 42
39 27
21 17
17 11
27 13
50 23
85 41
125 58
166 78
205 99
236 119
255 130
261 138
253 134
236 126
205 113
166 95
125 74
85 52
52 35
29 21
17 13
19 13
37 17
66 31
105 50
146 70
185 91
220 111
248 125
261 134
261 138
248 134
224 126
191 117
140 83
93 44
62 21
41 17
25 19
15 17
25 11
50 15
85 35
125 62
166 89
203 105
234 115
253 125
263 134
255 140
236 130
205 111
160 89
126 70
85 54
52 39
27 21
17 11
21 9
35 19
64 33
101 50
144 68
183 87
218 107
246 125
261 134
261 138
248 132
222 119
189 103
150 87
109 68
70 44
39 27
21 15
17 11
27 15
46 23
80 37
123 54
164 78
201 99
234 117
253 130
263 134
257 134
234 126
208 115
162 97
128 76
89 54
56 37
33 27
25 23
19 19
27 13
54 15
97 31
142 60
183 87
216 107
244 119
7 126
263 134
251 138
224 128
189 109
150 85
109 62
72 44
41 31
21 19
15 9
25 9
46 19
80 37
119 58
162 78
193 97
232 115
1 128
261 136
257 136
224 128
208 115
171 95
130 76
89 56
54 35
31 21
19 13
19 13
35 17
62 29
99 46
140 68
173 87
216 107
244 121
9 132
261 136
250 132
226 123
191 105
152 85
111 66
64 46
42 29
23 17
17 13
25 13
46 21
78 35
121 58
37 82
191 101
220 125
3 138
253 128
177 113
236 109
205 111
171 95
130 80
82 50
58 29
35 21
19 23
19 21
33 19
60 23
97 41
13 66
177 89
212 105
242 117
7 126
261 134
250 134
226 126
193 107
154 85
113 66
66 48
42 33
23 21
15 11
23 9
44 19
78 37
109 56
158 76
197 95
226 113
1 126
250 136
257 136
242 128
212 115
173 95
125 76
93 58
58 41
31 23
17 13
19 11
33 17
60 29
95 44
136 66
177 78
214 105
242 123
7 132
263 136
251 134
226 126
199 115
162 101
111 74
64 39
37 13
23 3
17 7
21 11
42 19
76 31
117 50
158 76
197 103
228 119
1 128
261 134
257 134
236 130
205 117
171 99
128 76
93 56
58 39
33 25
15 15
19 11
31 15
58 27
93 44
134 66
175 85
210 103
242 119
259 132
261 136
251 132
228 123
197 109
158 89
117 70
76 48
44 31
25 17
15 11
23 13
42 21
74 35
115 52
154 74
195 95
226 115
251 128
263 134
259 136
244 130
214 119
177 101
138 80
95 58
60 41
33 25
19 15
19 13
35 21
64 42
89 48
121 48
166 60
212 89
244 121
257 138
259 136
251 125
232 119
201 113
160 99
117 76
78 50
46 27
25 15
15 13
21 15
41 19
72 29
111 48
154 74
193 95
226 113
250 125
261 132
259 134
244 132
216 119
179 99
138 80
97 58
60 41
35 25
19 15
17 11
29 15
54 27
91 42
130 62
173 83
208 103
238 119
257 130
261 134
253 134
232 126
199 111
160 91
121 72
80 52
46 33
25 19
17 11
23 13
41 21
72 35
111 52
152 72
191 93
226 115
255 134
265 146
251 134
232 115
212 101
183 91
142 80
97 58
62 35
39 19
23 15
19 17
29 23
54 29
89 41
128 60
169 82
208 105
238 119
255 128
261 130
253 130
232 126
201 113
162 93
123 72
82 50
48 33
25 21
17 13
21 13
39 19
68 33
107 50
150 72
189 93
224 111
248 125
261 134
261 136
244 132
218 119
183 101
142 82
93 62
64 42
37 27
19 15
17 11
29 15
52 27
85 41
125 60
169 82
207 101
236 117
257 130
263 138
255 136
234 126
203 111
158 93
123 76
87 62
52 44
21 17
5 0
15 0
41 9
72 37
107 56
146 68
187 82
224 107
250 132
261 144
259 142
246 126
220 113
185 101
144 87
103 66
64 41
37 21
21 13
17 13
27 17
52 27
87 39
126 58
167 80
205 103
236 121
255 130
263 134
253 132
234 128
205 115
166 95
123 72
83 50
52 35
27 21
15 13
21 11
39 19
68 33
105 50
146 72
187 91
222 109
248 125
259 132
261 136
248 132
222 123
187 105
146 83
105 64
68 46
39 29
21 17
17 11
29 17
54 29
91 52
123 64
154 72
195 83
232 103
255 125
263 136
255 134
236 123
207 109
169 95
128 80
87 60
52 39
29 19
17 13
19 15
35 21
64 31
103 46
144 66
185 87
218 109
246 125
261 132
261 134
248 130
222 123
189 107
148 85
107 64
68 42
39 27
21 17
17 11
25 13
48 21
82 37
123 58
164 80
201 99
234 115
255 128
263 136
255 136
238 128
207 115
169 95
126 74
87 54
54 37
29 23
19 13
19 11
35 15
64 29
103 48
142 70
183 89
220 107
246 125
261 134
261 140
255 144
224 130
179 95
140 62
107 46
74 42
42 37
21 19
15 5
27 7
52 25
83 48
121 66
160 78
201 93
232 113
253 132
261 140
255 134
238 123
207 109
169 93
130 78
89 58
54 37
29 19
17 11
19 13
35 21
62 33
99 44
140 64
181 87
216 109
244 123
259 132
261 134
250 130
224 121
191 107
154 87
111 68
72 46
41 29
23 19
17 13
25 15
46 23
80 37
119 56
160 78
199 97
230 115
253 128
263 134
257 136
240 128
210 115
173 97
132 80
91 60
60 46
37 35
13 15
7 0
27 0
60 17
101 42
138 68
177 85
216 101
246 119
261 136
263 144
250 136
226 123
193 105
154 87
111 68
74 46
42 27
21 13
15 9
23 11
44 23
78 39
117 54
158 74
197 95
232 117
253 130
263 138
257 134
242 128
210 115
173 99
132 80
93 58
58 39
31 23
17 13
19 11
33 17
60 29
95 44
136 64
179 85
214 105
242 121
259 130
261 134
251 132
228 123
193 107
156 87
115 70
74 48
42 31
25 19
17 13
25 15
44 23
76 39
117 56
162 82
201 109
224 117
240 109
255 111
259 123
244 130
210 121
175 97
136 72
97 54
60 44
33 35
17 19
19 9
31 13
58 25
93 46
134 66
177 83
212 101
240 117
259 132
261 138
251 134
228 123
197 107
158 89
115 72
76 50
44 31
25 17
17 11
23 13
42 21
76 35
113 52
154 72
195 91
228 113
251 128
261 136
259 134
242 128
214 117
177 101
136 82
95 58
60 39
35 25
19 15
17 13
31 15
58 27
93 42
134 64
175 83
212 105
242 123
259 132
263 138
253 138
238 134
201 119
150 87
107 56
74 33
46 23
25 17
15 11
21 9
42 15
76 33
115 56
154 80
193 99
226 113
250 123
259 132
259 136
242 130
216 117
179 95
138 78
97 60
62 42
33 25
19 13
19 11
31 15
56 27
91 42
132 62
171 82
208 103
238 119
257 130
263 136
253 134
230 125
199 109
162 91
119 72
78 50
46 33
25 19
17 13
23 13
41 21
72 35
111 52
152 74
191 93
226 111
250 126
261 134
259 134
244 130
216 121
181 103
140 82
99 62
64 44
37 29
19 19
23 23
33 27
46 21
78 21
126 41
173 74
210 107
238 123
255 126
263 128
257 132
236 132
201 121
160 95
121 68
82 48
48 33
25 23
15 13
19 7
39 13
72 31
109 54
150 74
191 93
224 109
250 125
259 134
259 136
246 132
218 119
181 101
142 82
101 62
64 42
35 27
19 13
17 11
29 15
54 27
87 41
128 60
169 82
207 101
236 119
257 130
263 136
255 136
232 126
201 111
164 93
123 74
82 52
48 35
27 19
17 13
21 13
39 21
68 33
109 50
150 72
193 99
228 123
246 130
250 125
251 119
246 119
220 117
183 103
142 82
103 56
68 39
41 29
21 23
17 17
29 15
52 21
85 41
126 62
166 82
205 99
236 113
255 126
261 134
253 134
234 126
203 111
166 93
123 74
83 52
50 35
27 21
15 11
19 9
39 19
68 33
105 50
146 68
187 89
222 109
248 125
259 134
261 136
248 132
220 121
185 105
146 85
103 64
66 42
39 27
21 17
17 13
27 15
52 25
83 41
125 60
166 80
205 101
236 119
255 130
261 134
257 136
238 128
205 117
169 101
132 87
83 60
41 23
19 0
17 0
25 11
39 25
64 31
95 42
7 62
189 91
220 117
246 130
11 132
261 134
185 132
220 125
185 107
146 83
105 62
68 41
39 27
21 17
17 13
27 13
48 23
83 39
125 60
166 82
203 99
234 115
255 126
263 136
255 136
236 128
207 113
167 93
126 72
87 54
52 37
29 23
17 13
19 11
35 19
64 31
103 48
142 68
183 87
220 107
246 123
261 134
261 136
248 132
224 121
189 107
148 87
107 66
70 44
41 29
21 17
17 13
33 21
54 35
76 41
109 44
158 60
203 87
236 117
253 130
259 132
257 128
240 125
210 119
169 103
128 80
89 56
54 35
29 21
17 15
19 13
35 15
62 27
99 42
140 66
181 87
218 105
246 123
259 134
261 138
250 134
224 125
191 107
150 87
109 66
70 46
41 29
21 15
17 11
25 13
46 23
80 37
121 56
162 78
201 97
232 115
253 128
263 136
257 136
238 128
208 113
173 97
132 78
89 58
54 37
31 23
19 15
19 13
35 19
62 31
99 46
140 66
181 87
216 109
246 126
265 144
265 150
242 132
214 103
187 85
154 80
113 72
72 52
41 25
23 7
19 7
27 19
48 33
78 42
117 52
160 72
199 95
230 119
251 130
261 132
257 128
240 125
210 117
173 101
132 78
91 56
56 37
31 23
17 15
17 13
33 17
60 27
95 44
136 62
179 87
216 109
244 123
257 130
263 134
251 134
228 125
193 109
154 87
113 66
74 46
42 31
23 17
17 11
25 13
44 21
78 37
117 56
158 78
197 97
230 115
251 126
261 134
259 136
242 130
212 119
177 101
138 83
101 72
56 46
23 19
9 0
15 0
33 9
60 27
93 42
136 60
179 82
216 107
244 126
259 138
261 140
251 132
228 123
195 107
154 89
113 68
74 42
44 27
25 17
15 13
23 13
44 21
76 35
117 54
156 76
195 97
228 113
251 126
261 136
257 136
242 130
214 117
177 99
136 80
95 58
60 41
33 25
19 15
17 11
31 15
56 27
93 42
136 66
175 85
212 105
242 121
259 132
261 136
251 134
230 125
197 109
156 89
117 68
78 48
46 33
25 19
17 13
23 13
42 23
76 39
119 66
154 83
183 85
216 89
248 109
265 130
261 142
242 132
214 113
179 93
142 80
99 70
60 50
33 27
19 11
17 7
29 17
54 29
91 42
132 60
173 80
210 101
240 121
259 134
263 136
253 132
230 125
197 111
160 93
117 72
78 48
46 31
27 19
17 13
21 13
41 19
74 33
113 52
152 74
191 95
226 111
250 125
261 134
259 136
244 130
216 117
179 101
140 80
99 60
64 42
35 27
19 15
17 11
29 15
54 27
91 44
132 64
171 83
210 103
240 121
259 134
267 146
251 148
226 126
189 99
154 76
119 60
82 48
46 33
23 17
15 7
25 9
42 23
72 41
109 58
150 72
187 89
226 111
250 130
259 136
259 134
242 126
218 117
181 101
140 83
93 60
64 39
37 23
19 15
17 13
29 15
54 25
89 41
128 60
169 83
208 103
238 119
255 130
263 134
253 132
232 125
201 111
162 93
121 72
82 52
48 35
27 21
17 15
21 15
31 21
68 33
109 50
142 72
189 93
222 111
248 125
11 134
261 136
246 130
218 119
185 103
144 85
103 64
64 44
41 33
27 29
13 13
17 0
46 1
27 29
130 64
162 87
205 101
236 111
1 126
265 140
255 144
234 125
203 111
156 89
123 72
82 54
48 37
19 19
17 7
21 0
39 19
5 35
99 50
23 70
189 89
222 111
240 126
11 136
261 136
248 130
220 121
183 103
144 83
103 62
66 42
39 27
19 15
15 9
29 15
52 25
85 41
125 60
167 82
207 101
236 119
255 130
261 134
255 134
236 128
205 115
166 95
125 74
85 54
50 37
27 23
17 13
21 13
39 21
66 33
107 54
154 82
189 101
212 105
236 109
257 117
263 128
248 132
218 121
185 99
148 80
107 62
70 50
39 35
21 21
17 11
27 13
50 25
82 42
123 60
166 76
203 97
234 115
5 128
255 138
255 136
158 126
203 113
160 95
126 78
78 56
48 37
21 21
17 13
19 13
35 17
3 31
97 48
19 62
183 89
220 109
238 125
11 134
261 136
185 130
222 121
189 105
148 85
107 64
70 44
41 29
21 15
17 13
27 17
50 25
83 41
123 58
164 78
203 99
234 117
253 128
263 136
257 136
238 130
212 125
169 107
119 70
78 33
46 17
33 15
19 17
19 15
35 13
66 23
103 46
15 76
183 99
218 111
244 121
9 128
261 138
248 136
222 123
187 101
150 80
109 62
62 48
39 31
23 17
17 11
25 13
48 25
80 41
121 58
162 78
201 97
232 115
253 128
263 136
257 134
234 126
208 113
171 97
130 76
89 56
54 37
31 21
17 13
19 11
35 19
64 31
99 46
140 68
173 87
216 107
246 125
9 134
257 136
250 132
226 123
191 107
152 87
111 68
64 48
44 31
27 23
25 27
21 19
35 13
70 19
119 42
162 74
199 99
228 113
3 123
265 132
259 136
240 134
210 123
173 99
125 76
91 56
56 41
29 25
17 13
17 7
33 13
62 29
97 48
5 66
179 85
216 105
244 123
9 134
261 136
250 132
226 121
193 107
154 89
111 68
64 46
42 31
23 17
17 13
25 15
44 23
78 37
109 54
158 76
197 97
230 115
1 126
263 134
257 134
242 130
212 117
171 99
126 80
93 58
58 39
31 23
19 15
19 13
33 17
60 27
97 44
138 66
179 89
216 113
248 134
5 136
251 123
244 111
226 109
199 109
156 95
111 66
66 39
46 25
27 23
17 23
23 19
44 19
78 31
117 52
156 78
187 99
228 113
1 123
261 130
257 134
242 130
214 119
177 99
126 78
93 58
58 41
33 27
19 15
17 9
31 15
58 29
93 46
1 64
156 83
207 103
242 123
9 134
257 136
251 132
226 123
195 109
156 89
115 62
78 50
37 33
25 19
15 11
23 13
42 23
11 37
113 52
31 74
195 95
228 115
1 128
263 134
259 136
242 130
216 119
183 109
140 91
89 60
48 27
27 7
21 3
19 11
31 17
54 23
91 37
136 60
177 87
212 113
240 125
257 130
263 134
251 134
228 126
195 111
158 87
117 66
78 48
44 31
25 19
17 11
23 13
42 21
72 35
113 54
154 74
193 95
226 113
251 126
261 134
259 136
244 130
216 117
179 101
138 82
97 60
60 41
35 25
19 15
17 13
29 15
56 27
91 42
130 62
171 82
210 103
240 123
257 132
261 136
253 132
232 126
199 111
160 91
119 72
80 52
48 35
25 21
17 15
21 15
44 29
76 46
103 48
138 50
187 70
228 103
251 132
261 138
257 130
246 121
220 117
183 111
140 91
99 66
62 39
37 21
19 15
17 15
29 19
54 25
89 37
130 58
171 83
208 107
238 121
257 128
263 134
253 134
232 126
201 111
162 91
121 72
80 50
48 33
27 19
17 13
21 13
39 19
70 33
109 50
150 72
191 93
224 111
250 125
261 134
259 138
244 130
216 119
183 103
142 83
101 64
64 42
37 27
21 15
17 13
29 15
52 27
87 41
130 62
171 83
208 105
240 125
265 142
261 142
244 126
222 109
201 97
166 89
123 74
80 50
48 29
29 15
19 13
21 19
39 25
68 35
107 48
148 70
187 93
222 113
248 125
259 128
259 130
246 130
218 121
183 105
144 83
103 60
66 42
37 29
19 17
17 11
29 13
52 25
87 41
125 60
167 82
207 101
236 117
257 130
261 134
255 134
234 126
203 113
164 91
125 74
85 54
50 37
27 21
17 13
21 13
39 19
66 33
105 48
146 70
187 89
220 111
248 125
261 134
261 138
248 132
220 121
185 103
146 85
107 68
72 58
37 35
9 5
7 0
25 0
54 21
87 46
125 62
166 74
207 93
238 117
257 140
261 146
255 136
236 123
205 111
166 97
125 78
83 54
52 31
29 17
17 11
19 15
37 21
66 31
105 48
144 70
185 91
218 111
248 125
261 134
259 136
248 132
222 123
187 107
146 85
105 64
68 44
41 29
21 17
15 11
27 13
50 23
83 39
125 58
164 80
203 99
234 115
255 130
263 136
257 136
238 128
207 115
167 97
126 76
87 54
52 39
29 23
17 13
21 13
39 21
70 41
107 58
136 68
173 76
212 91
246 113
261 130
261 136
248 128
222 115
191 103
150 89
109 72
70 48
41 29
23 15
17 13
25 17
48 27
82 37
123 54
162 76
201 97
232 117
253 128
263 134
257 134
238 128
208 117
169 99
130 76
87 54
54 37
29 23
17 15
19 11
35 15
62 27
101 46
142 70
181 87
218 107
246 123
259 132
261 138
250 132
224 123
191 105
152 87
109 66
70 44
41 29
23 17
17 13
25 13
46 23
80 39
121 58
160 78
201 97
232 115
253 128
263 138
259 142
244 144
203 115
160 78
125 54
91 46
58 42
29 29
15 11
19 1
37 13
64 35
99 58
138 72
179 85
216 101
244 123
257 136
261 140
250 130
226 117
191 103
152 87
113 72
74 50
41 29
23 15
17 9
25 15
46 25
78 37
117 54
160 76
199 97
230 115
251 128
263 134
257 134
240 130
210 117
173 99
134 78
91 56
56 37
31 23
17 13
17 11
33 15
62 29
97 46
138 66
177 87
214 107
244 123
259 134
263 138
250 134
228 123
193 107
154 89
113 70
76 50
50 41
23 25
7 7
13 0
41 5
80 29
119 54
156 76
193 91
230 107
255 126
265 142
257 144
240 132
212 115
175 97
134 80
91 60
56 41
33 21
17 9
17 9
31 17
60 31
95 44
136 62
177 83
214 107
242 123
259 134
261 136
251 132
228 123
195 107
156 89
115 70
76 48
44 31
23 19
17 11
25 13
44 21
76 35
115 54
156 74
195 93
230 115
251 126
261 134
259 134
242 128
212 117
177 99
128 80
95 60
60 41
33 23
19 13
19 13
33 19
58 31
93 44
136 66
181 97
212 117
230 113
248 109
11 119
255 130
222 130
195 111
156 83
111 62
80 50
46 41
25 29
17 15
15 9
39 17
74 35
111 54
27 72
195 89
228 109
0 126
253 136
259 138
244 130
216 117
179 99
138 82
95 60
60 41
35 23
19 15
17 11
29 17
56 27
91 42
7 64
173 83
203 103
236 123
257 132
261 134
253 132
232 126
199 113
160 91
117 70
80 48
46 33
25 21
15 13
23 13
42 19
72 33
111 52
154 72
193 95
226 113
250 126
261 134
261 138
250 138
222 130
175 97
126 70
91 41
62 29
37 23
19 17
15 11
31 9
58 21
91 44
132 70
171 89
208 105
240 119
255 128
261 138
251 136
230 125
199 107
160 87
121 70
80 52
48 33
25 19
17 11
21 13
39 19
70 33
111 52
152 74
191 93
224 111
250 125
261 134
259 136
244 130
216 117
181 101
140 82
101 62
62 41
37 25
21 15
17 11
29 15
52 25
87 41
130 62
171 85
207 103
238 121
257 130
263 136
255 134
232 126
203 111
164 91
121 70
82 50
50 35
29 23
21 19
25 25
35 21
58 15
101 29
150 60
191 93
224 117
248 125
261 126
261 130
248 134
220 128
183 109
142 82
101 58
66 41
37 29
19 19
15 9
27 9
52 21
87 41
126 62
169 83
207 101
236 117
257 130
261 136
255 136
234 126
203 109
164 91
123 72
82 52
50 35
27 21
17 13
21 11
37 17
70 33
107 50
148 72
187 91
222 109
248 125
261 134
261 136
246 130
220 121
185 103
144 83
95 64
66 44
37 27
21 17
17 11
27 15
50 25
85 41
125 62
169 85
210 111
238 126
248 126
3 121
251 119
236 117
205 111
158 93
125 70
85 48
52 33
31 25
17 19
19 15
37 17
68 31
97 50
19 64
183 91
220 105
248 121
11 134
259 138
246 132
222 121
187 103
146 85
105 64
68 44
39 29
21 17
17 11
27 13
50 25
83 41
125 58
164 78
203 99
236 117
255 130
263 134
255 134
236 126
205 113
167 93
126 74
87 54
52 37
29 21
17 11
21 11
37 19
66 33
103 48
144 68
185 89
220 109
246 125
259 134
261 136
248 134
222 123
187 107
154 97
109 78
60 39
29 5
17 0
19 3
29 21
48 31
80 35
123 48
166 76
205 107
234 126
253 132
263 130
257 130
236 126
207 117
169 97
128 72
87 50
52 33
29 23
17 15
21 13
35 17
64 29
101 48
142 70
183 89
218 107
246 123
259 134
261 136
250 132
224 123
189 105
150 87
109 66
70 46
41 29
21 17
15 11
25 13
48 23
80 37
121 56
162 78
201 97
234 115
253 128
263 136
255 134
238 126
210 115
171 99
130 78
89 56
56 37
31 23
19 17
23 17
42 31
60 35
87 39
130 50
179 74
218 103
244 125
257 130
261 130
251 128
228 125
193 113
150 93
109 68
72 42
42 29
21 19
15 15
25 13
46 19
78 33
119 54
160 78
199 99
232 115
253 126
263 134
257 136
240 130
210 117
173 97
132 76
91 56
56 39
31 21
19 13
19 11
33 17
60 29
97 44
140 66
179 87
214 107
242 121
259 132
261 136
250 132
226 123
193 107
154 89
113 68
74 48
42 31
23 17
17 11
25 13
44 21
78 37
117 56
158 78
197 99
232 115
255 132
267 148
255 140
228 115
203 93
175 83
136 80
93 64
56 37
33 15
21 9
21 15
33 25
60 35
95 44
136 60
177 83
214 109
242 125
257 132
261 130
250 126
228 123
195 109
154 89
113 64
76 44
44 31
23 21
17 13
23 13
44 19
76 35
115 54
156 76
197 95
228 113
251 126
261 132
259 134
242 130
212 117
175 99
134 80
95 58
58 39
33 23
17 13
19 11
33 17
58 29
93 44
134 64
177 85
212 105
242 123
259 130
261 136
251 132
230 125
197 111
158 93
121 78
80 58
39 31
13 5
11 0
25 3
44 19
74 35
113 50
156 68
197 91
230 117
3 134
263 140
257 136
242 126
214 117
177 103
134 82
93 56
60 33
33 21
19 15
17 13
31 15
56 25
93 42
9 64
173 85
210 105
240 121
7 128
261 134
251 134
226 126
199 111
158 89
117 70
78 50
46 33
17 19
15 11
23 11
42 19
11 35
111 54
27 74
193 95
218 113
0 128
253 134
259 136
166 130
216 119
179 101
138 80
97 58
64 42
37 29
19 19
17 13
31 17
56 31
95 52
134 76
164 80
199 82
234 97
259 123
265 140
251 140
230 121
201 101
162 89
121 78
80 60
46 39
25 15
17 0
21 13
39 23
70 35
111 48
15 68
191 91
224 113
0 126
250 134
259 134
244 128
216 119
181 101
138 80
99 60
62 41
35 25
19 15
17 13
29 15
54 25
89 41
130 62
171 83
208 101
238 117
257 130
263 136
253 136
234 126
201 111
164 91
121 72
80 52
48 33
27 19
17 11
21 11
41 19
70 33
109 50
150 72
189 93
224 113
251 128
265 140
267 148
244 136
207 111
173 83
140 68
105 56
64 42
35 25
19 11
19 5
31 17
54 33
87 48
126 62
169 78
208 99
236 119
255 132
261 136
255 130
234 123
201 111
162 93
123 72
83 52
48 33
25 17
17 13
21 15
39 21
68 31
107 48
148 70
189 93
222 111
248 125
261 132
261 134
246 132
218 119
185 101
146 83
103 62
66 42
37 27
21 17
17 11
27 15
52 25
85 39
126 60
167 80
207 103
236 119
255 130
263 136
255 136
234 128
205 113
166 95
125 74
85 54
50 37
33 33
15 21
9 1
27 0
66 13
109 48
148 78
185 93
220 101
250 117
263 134
261 144
246 138
222 121
187 101
146 83
103 64
66 46
37 27
19 13
15 7
27 13
50 25
85 41
125 58
166 78
205 99
236 119
255 132
261 136
255 132
236 125
205 113
166 95
125 74
83 52
52 35
29 21
17 13
19 13
37 19
66 31
103 48
144 68
185 89
220 109
246 123
9 132
261 136
248 132
222 123
187 105
146 85
107 66
68 46
31 29
21 17
15 13
27 17
50 25
83 41
128 66
169 91
197 101
222 105
248 111
13 125
257 134
234 130
205 111
162 89
130 72
89 58
52 42
29 27
17 13
21 9
35 17
62 31
93 48
17 66
175 85
218 105
246 121
9 132
261 134
250 130
224 121
189 107
150 87
107 66
70 46
41 29
21 15
15 11
25 13
48 21
82 39
123 56
162 78
201 97
232 117
253 130
263 136
255 134
238 128
208 115
169 95
128 74
89 54
54 39
29 23
17 15
19 13
35 19
62 31
99 48
140 68
181 87
218 107
246 125
261 134
261 136
251 134
228 128
195 121
144 87
97 46
66 23
44 19
25 21
15 17
23 9
48 13
83 35
123 62
162 87
201 103
232 113
253 125
263 134
257 138
238 130
208 113
171 89
132 74
91 58
54 41
29 23
17 11
19 9
33 19
60 31
97 46
140 66
181 87
216 107
242 123
259 132
263 134
251 132
226 125
193 107
152 87
111 68
74 46
42 29
23 17
15 13
25 13
44 21
78 37
119 56
160 78
199 97
230 115
253 126
263 134
257 136
240 126
210 115
173 99
134 80
91 56
58 39
35 27
25 25
17 21
21 11
50 11
93 29
138 58
177 85
212 105
242 117
259 126
265 134
253 138
226 130
193 111
154 87
113 64
74 48
41 31
23 19
15 9
23 9
44 19
76 37
117 56
158 76
197 93
230 113
251 126
261 136
257 136
242 130
212 117
175 97
134 78
93 58
58 39
33 23
17 13
19 11
33 15
58 29
93 44
136 64
179 87
214 107
242 123
257 130
263 136
251 134
228 125
195 109
158 87
115 68
76 48
44 31
25 17
17 13
23 13
42 21
76 35
115 56
158 78
197 99
234 125
251 136
251 125
248 111
242 111
216 115
179 107
134 82
93 52
60 31
37 25
21 25
17 21
31 17
58 21
93 41
134 64
173 87
210 103
240 115
259 126
263 134
251 136
230 126
197 109
158 87
115 66
76 48
46 35
25 21
15 11
21 11
42 19
74 37
113 54
154 74
193 93
226 111
251 126
261 134
259 136
244 128
216 117
177 101
138 80
97 60
60 41
35 25
19 13
17 11
31 15
56 27
91 42
132 64
173 85
210 103
240 121
257 132
263 138
253 136
232 128
203 117
164 103
113 72
68 39
39 13
25 5
19 7
21 15
41 19
72 29
115 48
156 76
193 101
224 117
248 126
263 132
259 134
242 132
214 121
179 101
140 78
97 58
62 41
35 25
19 15
17 11
29 13
54 27
89 44
130 64
171 83
208 101
240 119
257 132
261 138
253 134
232 125
199 109
160 91
121 72
80 52
48 33
27 19
17 11
21 13
41 19
72 33
109 52
150 72
191 91
224 111
250 126
261 134
259 136
246 130
218 119
181 103
140 83
93 62
64 42
37 27
21 17
15 13
33 21
60 41
83 44
117 44
162 58
210 89
242 123
257 138
259 134
253 126
236 121
205 117
162 105
121 78
82 50
48 29
27 19
15 15
21 15
39 17
70 27
107 44
148 70
189 93
224 113
250 125
261 132
261 136
246 132
218 123
183 103
142 82
101 62
66 42
37 27
21 15
17 11
29 13
52 25
85 39
128 60
169 82
207 101
236 117
257 130
263 136
253 132
234 125
205 113
166 95
123 74
83 50
50 33
27 19
17 13
21 13
39 19
68 31
107 48
148 72
189 95
224 115
255 134
263 142
251 132
236 117
216 105
187 95
146 82
101 60
64 39
39 21
23 13
19 17
27 21
50 29
85 39
126 58
166 80
205 103
234 119
255 128
261 130
255 132
236 126
205 115
167 95
125 72
85 52
52 35
27 23
15 13
19 9
39 15
68 31
105 50
144 68
185 89
220 107
246 123
259 132
261 136
248 130
220 119
185 103
146 83
105 64
68 44
39 27
21 13
17 9
27 15
48 23
83 39
125 58
166 80
203 99
234 117
255 130
263 138
257 136
236 128
205 113
169 95
128 78
91 66
52 46
19 13
5 0
17 0
39 13
66 37
93 52
142 64
185 82
222 107
248 132
11 142
259 140
248 126
222 115
189 105
148 89
105 68
68 41
39 21
21 13
17 13
25 15
48 23
83 37
123 56
39 80
201 101
218 119
253 128
263 134
255 134
238 128
207 115
169 95
126 74
87 54
54 37
27 21
17 13
19 11
37 17
64 31
101 48
142 68
183 89
218 109
246 125
259 132
261 136
248 132
224 123
191 107
150 85
109 66
72 44
41 29
21 17
17 13
25 15
52 29
85 48
117 60
152 68
193 82
232 103
255 126
261 136
255 134
238 123
210 111
173 97
130 82
89 62
54 39
31 19
17 11
19 13
33 19
60 27
99 42
140 62
181 87
216 107
244 123
259 130
261 132
250 132
226 125
191 109
152 87
111 64
72 44
41 29
23 17
15 11
25 11
46 19
80 37
119 56
160 78
199 97
232 113
253 126
261 136
257 136
240 128
210 115
173 97
130 76
89 56
56 39
33 25
17 15
19 11
33 17
62 29
97 46
138 68
177 87
216 107
244 125
259 134
263 142
255 146
222 126
181 91
146 66
111 54
76 48
42 37
21 17
15 3
27 7
48 27
78 48
115 64
158 76
197 91
230 113
251 132
259 140
257 134
240 123
210 113
173 99
132 82
93 58
58 39
33 21
17 13
19 15
33 19
58 29
95 42
136 62
177 85
214 105
242 121
259 132
263 136
251 134
228 125
195 109
156 89
113 68
74 48
42 31
23 17
17 11
25 15
44 21
76 35
117 54
158 76
195 95
228 115
251 126
263 134
257 136
242 130
212 119
175 99
136 80
97 62
64 48
35 35
11 13
7 0
27 0
58 17
95 42
134 64
173 80
214 99
244 119
261 136
261 144
251 136
228 123
197 107
156 89
115 70
74 48
44 27
23 13
17 9
23 13
42 23
74 35
113 52
156 72
195 95
228 115
0 128
261 134
259 134
242 128
214 119
177 93
136 78
97 56
60 37
35 23
19 15
17 11
31 15
48 27
29 42
132 64
173 83
212 103
242 121
257 130
261 134
251 134
230 125
199 111
158 89
119 72
78 50
44 31
25 17
17 15
23 15
42 23
72 37
113 54
158 83
195 107
216 109
238 105
257 113
263 128
244 136
212 121
179 95
140 72
101 60
62 48
35 35
19 19
17 9
31 13
54 27
89 46
130 64
171 80
208 97
238 117
257 132
263 138
253 134
232 123
199 109
160 91
119 72
80 50
48 33
27 19
17 13
21 13
41 21
72 35
111 52
150 72
191 93
224 111
250 126
261 134
259 136
244 130
218 119
181 101
140 82
99 60
64 41
35 27
19 17
15 11
29 15
56 27
89 44
130 64
171 83
208 103
240 121
257 132
263 138
257 140
238 136
199 117
152 83
111 54
80 37
52 29
27 23
15 11
21 5
42 15
11 35
109 58
25 78
189 93
224 107
0 125
261 136
259 138
244 130
216 115
181 99
142 82
93 64
64 42
37 25
21 13
17 11
29 17
52 29
87 42
128 60
169 82
207 101
236 119
257 130
263 136
253 134
232 125
201 111
164 93
123 74
83 52
50 35
27 21
17 13
21 13
37 19
68 33
107 50
148 70
187 91
222 109
248 125
261 134
261 136
246 130
220 121
185 103
144 83
95 64
66 44
39 27
23 19
21 23
27 21
42 13
76 19
126 44
171 80
207 107
234 119
255 123
263 128
257 136
236 136
203 121
164 93
123 66
85 50
50 37
27 25
15 11
19 5
31 13
68 31
105 52
146 70
187 87
222 107
248 125
259 136
261 136
248 132
220 119
185 103
146 83
97 64
66 42
37 27
19 15
17 11
27 15
50 25
83 41
125 58
166 80
205 99
236 119
1 130
255 136
255 134
234 126
205 113
160 95
126 76
85 54
52 37
21 21
17 15
21 13
37 19
66 31
105 48
148 72
191 99
224 119
238 123
250 119
255 119
248 121
222 119
187 105
148 82
105 58
70 41
42 31
23 25
17 17
25 13
48 21
83 39
123 60
162 80
201 97
234 111
253 125
261 134
255 134
236 126
207 111
169 93
128 76
87 56
54 37
29 21
17 13
19 11
35 17
64 29
103 48
142 68
183 87
220 107
246 123
259 134
261 136
248 132
224 123
189 105
150 85
107 64
70 46
41 31
21 17
17 11
27 13
48 25
82 39
121 58
162 80
203 99
232 117
253 128
263 136
257 138
238 130
208 117
175 107
134 89
82 56
42 17
25 0
21 3
23 15
35 23
60 27
101 37
146 64
185 95
216 119
244 128
259 130
261 132
250 132
224 125
189 107
148 83
109 60
72 42
41 29
23 19
17 13
25 11
46 21
80 39
119 58
35 80
191 97
232 113
3 126
253 136
257 136
222 126
203 113
173 97
130 78
82 58
56 37
31 23
17 13
17 11
35 17
62 31
99 46
138 68
179 85
216 107
244 123
259 132
261 136
250 132
226 123
191 107
154 87
113 68
74 50
42 33
23 19
19 17
33 27
44 29
68 31
107 39
158 60
201 89
230 115
251 128
263 130
259 130
242 128
214 123
173 105
132 82
93 56
56 37
31 23
17 15
17 11
33 13
60 25
95 44
138 66
179 87
214 107
242 119
259 130
263 138
251 136
226 126
193 107
154 87
113 68
74 48
42 31
23 17
17 11
25 13
44 21
78 35
117 54
158 76
197 97
228 113
253 126
263 134
257 134
242 128
212 117
175 99
134 80
93 56
58 37
35 25
19 15
17 13
31 17
60 29
95 44
136 66
177 87
212 107
244 125
265 144
259 144
240 121
220 101
195 91
160 89
115 76
74 50
44 23
27 11
19 13
23 21
42 29
76 35
115 50
156 72
195 97
228 117
250 128
261 130
257 128
242 128
214 119
177 103
136 78
95 56
60 39
33 27
17 17
17 13
31 15
58 25
93 42
134 66
175 87
212 105
240 119
257 128
263 136
253 136
230 125
197 109
158 89
117 70
78 50
44 33
25 19
17 11
23 11
42 21
74 35
113 52
154 74
193 95
226 113
251 126
263 134
259 136
244 130
216 121
181 105
142 87
101 70
56 41
23 13
13 0
17 0
33 13
56 27
89 41
132 58
175 82
212 107
242 126
257 136
261 136
251 132
230 125
199 111
158 93
117 68
78 46
46 29
25 19
17 13
21 13
42 17
74 33
111 54
152 76
191 95
226 113
250 125
261 134
259 136
244 130
216 119
181 101
138 80
99 60
62 42
35 27
19 15
17 11
31 15
54 27
89 42
130 62
171 82
208 101
240 119
257 132
261 138
253 134
232 125
201 111
162 91
121 72
80 52
48 33
27 19
17 13
23 13
41 23
72 39
113 64
144 72
179 74
220 89
250 115
263 138
259 142
244 128
218 111
183 95
146 89
101 74
62 48
35 23
21 9
17 9
29 19
52 29
87 39
128 54
169 78
207 103
238 121
257 132
263 134
255 132
232 126
201 113
164 95
121 72
82 50
48 31
25 19
17 13
21 13
39 19
70 33
109 50
150 74
189 93
222 111
248 125
261 134
259 136
246 132
220 121
185 103
144 83
101 62
64 42
37 27
21 17
17 11
29 13
52 25
87 41
126 60
167 80
208 103
238 123
259 136
269 148
253 140
224 121
193 97
162 80
125 66
83 52
48 35
27 17
17 7
23 13
41 25
68 39
105 52
148 68
187 87
222 109
248 126
261 134
259 132
246 126
220 119
185 107
144 87
103 62
66 41
39 25
21 17
17 15
29 15
50 25
83 39
125 58
167 80
205 101
236 117
5 128
263 134
255 134
236 128
205 113
158 93
125 74
83 54
50 35
29 21
19 15
21 13
37 19
66 31
105 48
146 70
185 89
220 109
248 123
261 134
261 136
248 132
222 123
189 107
146 87
105 66
70 46
44 41
21 27
5 3
15 0
46 3
87 35
125 64
162 82
203 93
236 111
257 130
263 146
255 144
236 128
207 109
167 91
125 76
85 56
52 37
29 17
17 7
19 9
37 19
64 33
103 48
142 66
183 85
220 109
248 128
259 138
259 136
248 132
222 121
189 107
148 87
107 64
70 44
41 27
21 17
17 11
27 15
48 25
82 39
121 58
164 80
203 99
234 117
253 128
263 134
257 134
238 128
207 113
169 97
128 76
87 56
54 37
29 23
19 15
21 13
37 21
64 33
105 54
148 80
177 91
207 97
238 105
259 121
263 134
250 132
222 119
191 101
154 82
111 68
72 50
39 33
23 15
17 11
27 15
46 23
80 39
121 54
162 76
199 95
232 115
253 128
261 134
257 134
238 126
210 115
171 97
130 78
89 56
54 37
31 21
17 13
19 11
35 17
62 29
99 44
138 64
181 87
218 109
244 125
9 134
261 136
250 132
226 125
191 109
142 87
111 66
64 46
42 29
21 19
17 13
25 13
46 21
80 39
119 58
160 78
199 99
232 117
253 130
261 136
257 136
246 138
216 130
167 99
121 60
85 35
58 27
35 27
17 21
17 11
33 7
62 25
95 50
15 78
171 93
214 105
244 117
9 130
261 138
250 136
224 121
193 101
154 82
113 66
64 48
44 31
25 17
17 9
25 13
44 25
78 39
117 54
158 74
197 95
230 115
251 128
263 136
257 134
240 128
212 115
175 99
134 80
93 58
58 39
33 23
19 15
19 13
31 15
58 25
97 44
138 68
177 87
212 105
242 121
259 132
263 138
251 134
228 125
195 109
156 89
113 70
76 50
46 35
33 31
17 21
13 9
33 5
72 19
117 48
158 74
193 95
226 109
251 121
263 132
261 140
244 138
214 121
175 99
134 78
95 58
58 42
31 25
17 11
17 7
31 11
58 27
95 46
134 64
177 83
205 103
242 123
257 134
261 138
251 132
228 123
195 107
156 87
117 70
78 50
44 31
23 17
17 11
23 13
42 23
74 35
113 52
156 74
195 95
228 115
0 126
263 134
259 134
242 130
214 117
179 101
138 80
97 60
60 41
33 25
15 15
17 11
31 15
58 29
95 46
1 68
175 80
216 115
242 130
248 125
1 113
250 113
99 119
201 115
158 93
109 64
78 41
48 33
27 27
17 21
21 15
41 15
74 31
111 52
152 76
191 93
226 107
250 121
261 132
259 136
244 130
216 117
179 99
138 80
97 62
62 42
35 25
19 13
17 9
31 15
56 29
91 44
130 62
173 83
210 103
240 121
257 132
261 136
253 132
232 123
201 111
162 93
119 72
80 50
48 33
17 19
17 13
23 13
41 21
72 33
109 50
152 72
191 91
226 113
250 126
261 134
261 138
246 134
222 126
185 113
136 85
87 50
54 25
35 13
19 9
17 11
29 15
54 21
91 41
132 64
173 89
208 109
238 121
257 130
263 136
253 134
232 126
201 109
162 87
121 68
80 50
48 33
27 19
17 11
21 9
39 17
70 33
109 54
150 72
189 91
224 109
248 126
261 134
259 138
246 130
218 117
183 101
142 83
93 64
64 42
37 25
21 15
17 13
29 17
52 27
87 41
125 60
169 82
207 101
238 121
257 132
261 136
253 134
236 126
203 113
156 95
123 74
83 52
50 35
27 21
17 13
25 19
44 33
64 35
95 35
138 46
189 78
218 113
248 132
9 132
259 126
248 125
222 123
185 113
144 91
103 62
66 39
37 23
21 19
17 15
27 15
50 19
78 35
1 58
167 83
205 103
236 117
1 126
255 134
255 136
156 130
205 113
158 93
125 72
64 52
50 35
19 19
17 9
21 11
39 19
66 33
105 48
146 70
187 91
220 111
248 125
261 132
261 136
246 132
220 121
187 105
146 85
105 64
66 42
39 25
23 17
17 13
27 15
50 25
85 41
126 60
166 82
205 103
244 128
257 140
253 132
246 119
232 111
207 105
167 95
123 74
83 46
54 27
33 19
19 19
19 19
37 21
66 31
103 46
142 70
183 91
220 109
246 121
259 128
259 132
248 130
224 123
189 105
146 83
107 64
68 44
41 29
21 19
17 13
27 13
48 23
83 39
123 58
164 80
203 99
234 117
253 128
263 134
257 136
236 128
207 113
167 95
128 76
87 56
52 37
29 21
17 13
21 13
37 21
64 31
101 48
144 68
183 89
218 109
244 123
261 132
261 136
248 132
224 123
189 107
150 89
113 76
72 56
31 23
11 0
13 0
29 7
50 29
80 42
121 52
37 68
205 95
236 125
3 138
261 138
255 132
238 125
208 115
162 101
128 78
87 52
54 31
29 19
17 15
19 15
35 17
64 27
101 44
125 68
173 91
218 109
244 123
9 130
259 134
250 132
226 123
191 107
150 85
109 62
66 46
42 33
21 19
15 13
25 13
48 23
80 39
119 58
35 78
191 97
232 113
3 128
253 136
257 136
162 128
203 115
171 97
125 78
89 56
56 37
33 25
15 15
21 15
37 15
70 42
95 50
3 56
171 62
216 93
246 117
9 132
259 134
251 128
228 119
195 109
154 93
113 74
74 48
42 29
23 17
17 13
23 15
42 21
78 33
119 52
160 76
199 97
230 115
253 126
263 134
257 136
240 130
210 117
175 99
134 78
91 56
56 39
31 25
17 15
19 13
33 17
60 27
97 44
138 66
177 87
212 105
242 119
259 130
263 138
250 134
228 123
195 107
154 87
113 68
74 50
42 31
23 17
17 11
23 13
44 23
78 37
117 56
158 76
197 97
230 115
253 130
265 140
263 148
238 132
201 101
167 76
134 64
97 58
58 44
31 25
17 7
21 7
35 21
60 39
95 52
134 64
177 80
212 103
240 123
257 134
261 134
251 128
228 119
195 107
156 89
115 70
76 46
44 31
25 19
17 15
23 15
42 21
76 35
113 52
156 74
195 95
228 115
251 126
263 134
259 136
242 130
212 117
177 99
136 80
95 58
58 41
33 25
19 13
19 11
31 15
56 25
93 44
136 66
175 85
210 105
240 119
259 132
263 138
251 134
228 125
199 109
160 93
119 76
83 60
48 42
17 17
5 0
17 0
42 11
76 33
111 52
152 70
193 87
230 111
253 130
261 140
259 138
244 130
216 117
179 101
136 83
97 60
62 39
33 21
19 11
17 11
31 15
56 27
91 42
132 62
173 83
210 105
240 121
257 130
261 134
253 132
232 125
199 111
160 91
117 70
78 48
48 33
27 21
15 13
21 13
41 19
72 33
111 52
152 74
191 93
224 111
250 125
261 132
259 136
244 132
216 119
181 101
140 82
99 60
62 42
35 25
19 15
19 11
31 15
54 27
91 44
136 72
175 95
201 97
226 97
253 109
265 130
255 138
230 128
199 105
164 83
123 70
83 58
46 42
27 23
17 9
21 9
39 21
70 37
109 52
150 68
189 87
222 107
248 125
261 134
261 136
244 130
218 119
183 103
142 85
101 62
64 41
37 23
19 15
17 11
29 15
54 25
87 41
128 60
169 82
207 103
238 119
257 130
261 134
253 130
234 125
203 113
162 93
123 72
83 52
50 35
27 23
17 13
21 13
39 19
70 33
107 52
148 72
189 91
224 111
250 126
261 136
263 142
251 142
216 125
173 93
134 66
101 48
68 39
37 27
17 13
15 5
31 9
54 25
89 48
126 68
169 85
207 101
238 117
255 130
261 136
255 134
234 125
203 109
164 91
123 72
83 52
50 35
29 19
17 13
21 13
39 21
68 33
107 48
146 68
187 91
220 109
248 125
261 134
261 136
246 130
220 121
185 103
146 85
105 64
66 44
37 27
21 17
17 13
27 15
50 25
85 41
126 60
167 82
205 101
236 117
255 130
263 136
255 136
236 128
205 113
166 93
126 76
85 54
52 37
31 27
23 27
17 17
25 3
58 7
103 33
148 70
185 97
218 109
246 117
263 126
263 140
250 142
222 130
185 105
146 80
107 60
68 46
37 29
19 15
17 7
27 11
50 23
83 41
123 60
166 78
203 99
234 117
3 128
263 136
257 136
220 126
205 113
160 95
126 76
87 54
52 37
29 21
17 11
21 11
37 19
64 31
101 46
144 66
185 89
220 111
246 125
259 132
261 136
248 132
222 123
189 107
148 85
107 66
70 46
39 27
21 15
17 11
27 15
48 25
82 41
125 60
169 89
205 109
224 113
244 115
259 121
257 126
238 125
205 113
169 91
130 72
91 54
56 41
31 29
17 17
19 11
35 15
64 29
99 48
140 68
181 85
218 105
246 121
259 132
261 136
250 132
224 119
191 103
152 87
111 68
70 48
41 29
21 17
17 11
25 13
48 25
80 39
119 56
160 76
199 97
232 115
253 128
263 136
257 134
238 128
208 115
171 97
130 78
91 56
54 37
29 21
17 13
19 11
37 19
62 31
99 46
140 66
181 87
216 107
244 125
259 132
263 136
251 134
226 125
195 115
156 99
103 64
60 25
37 7
25 7
19 17
25 19
44 19
80 29
121 52
162 82
199 105
232 119
253 126
263 130
257 134
238 132
208 117
171 95
132 74
91 52
56 39
31 25
19 15
19 11
33 15
60 29
97 46
138 68
179 87
214 103
244 121
259 132
261 136
250 132
228 121
195 107
154 89
111 68
72 46
44 29
23 19
15 13
23 15
44 23
78 37
117 54
158 74
197 95
232 115
253 128
263 136
257 136
240 130
212 117
175 99
134 80
93 56
58 37
35 25
21 21
25 25
31 23
50 21
85 27
134 50
179 80
214 107
240 121
257 126
263 130
253 134
230 130
195 115
154 91
115 66
76 46
42 33
21 21
15 11
23 9
42 17
74 33
113 52
158 76
199 97
228 113
1 126
263 136
259 138
242 130
212 117
171 99
126 80
95 58
58 39
33 23
19 13
19 11
31 15
58 27
93 42
134 64
175 85
212 105
240 121
257 130
261 134
251 132
230 125
197 109
158 91
115 70
76 48
46 31
25 19
17 13
23 13
42 21
76 35
113 54
154 74
195 97
230 119
257 140
259 142
248 125
234 107
214 103
181 101
138 87
93 60
58 33
35 17
23 17
21 23
31 25
56 27
93 39
134 60
173 85
210 107
238 119
257 126
261 130
251 132
230 128
199 111
158 89
117 68
78 48
46 35
25 23
15 13
23 11
41 19
72 33
109 50
154 74
193 97
226 113
250 125
261 132
259 136
244 130
216 119
179 99
138 80
99 60
62 42
35 25
19 15
17 11
31 15
56 27
89 42
132 62
173 83
210 105
240 121
257 130
263 134
253 136
232 128
201 115
166 99
125 82
74 50
35 19
19 1
17 0
25 9
39 19
68 29
111 44
154 70
193 97
224 119
250 130
261 134
259 134
244 130
216 121
181 103
138 78
99 54
64 39
35 27
19 17
17 11
29 13
56 25
89 42
130 64
169 83
208 93
238 119
7 130
263 136
253 134
218 125
193 111
162 91
121 72
82 50
50 35
27 19
17 11
21 11
39 17
72 33
109 52
150 72
189 93
224 111
250 126
261 134
259 136
246 130
218 119
183 101
142 82
101 60
66 42
37 27
19 17
17 13
29 15
58 37
91 54
121 58
158 62
201 78
240 109
257 132
261 140
253 130
236 119
205 109
166 99
125 82
82 56
48 31
27 13
17 11
19 15
5 21
68 29
107 44
7 68
189 91
222 111
248 125
11 132
261 134
246 132
220 123
185 103
146 83
95 62
66 42
37 27
19 17
17 11
27 13
50 21
78 41
126 62
167 82
205 101
236 117
255 130
263 136
255 134
236 126
205 111
158 91
125 72
85 54
52 37
29 23
17 13
19 11
39 19
68 35
97 52
146 64
185 91
222 111
0 130
267 148
259 142
236 125
212 105
183 89
148 80
105 64
66 42
37 23
23 11
19 11
27 19
52 31
83 42
125 58
166 78
203 101
234 119
255 130
261 132
255 130
236 125
205 113
166 95
126 72
87 52
52 35
27 21
17 13
21 11
37 19
66 31
103 48
144 70
185 89
220 107
246 123
261 132
261 136
248 132
222 121
187 105
148 85
107 66
68 46
39 27
21 15
17 11
27 15
48 25
82 39
123 58
164 80
201 101
234 117
255 128
263 136
257 136
236 128
207 113
169 97
130 78
89 58
58 48
29 29
7 1
9 0
33 0
68 29
103 54
140 70
183 82
220 99
248 125
263 142
261 146
248 132
222 117
189 103
150 87
107 68
68 44
39 23
21 9
17 9
25 17
48 25
82 37
121 54
162 76
201 99
234 119
253 128
261 134
255 132
238 128
208 115
169 97
128 74
89 52
54 35
29 23
19 13
19 13
35 17
62 29
99 46
140 68
183 89
218 109
244 123
259 132
261 136
250 132
224 123
191 105
152 85
111 64
72 46
42 31
23 17
17 11
27 15
48 25
83 44
123 66
156 78
187 85
224 97
3 115
255 132
257 136
238 126
203 111
171 95
126 80
91 64
56 42
31 23
19 13
17 11
33 17
60 29
97 44
138 62
179 83
214 105
244 123
259 132
261 136
250 132
226 123
193 107
152 87
111 66
74 46
42 31
23 19
15 13
23 13
44 21
78 37
117 56
158 76
197 95
232 113
251 126
261 134
257 134
240 128
210 115
173 99
132 78
91 56
58 39
33 23
17 15
17 11
33 15
60 27
97 46
138 68
177 87
214 105
244 123
259 132
261 138
253 138
232 136
187 107
142 70
107 44
76 39
46 35
23 23
13 9
23 5
46 17
78 42
115 64
156 80
195 93
228 109
251 125
261 138
257 138
240 126
212 111
175 93
134 78
93 60
60 41
33 21
19 11
19 11
33 17
58 29
95 44
136 62
177 83
212 105
242 121
257 130
261 134
251 132
228 123
195 109
156 89
115 70
76 50
44 31
25 19
17 13
23 13
42 19
74 33
115 52
156 74
195 95
228 113
251 126
263 134
257 134
242 128
214 119
177 101
136 80
97 60
64 44
41 37
19 25
7 7
21 0
54 9
93 37
0 62
173 83
205 99
242 115
11 130
263 140
251 140
156 128
197 109
158 89
115 62
76 50
44 33
25 17
15 7
23 9
39 21
9 35
113 52
156 72
195 95
226 113
250 128
261 134
259 134
244 128
214 117
177 99
138 80
97 58
62 41
35 25
17 13
17 11
31 15
56 27
91 42
132 64
173 83
210 103
238 119
257 130
263 136
253 134
230 126
199 109
160 89
119 72
80 52
46 35
25 19
17 11
23 13
41 21
72 35
111 54
154 76
199 105
224 121
240 117
251 111
257 117
248 126
216 125
179 101
138 74
101 52
66 44
37 37
19 25
17 13
29 11
54 23
89 44
130 66
169 82
208 97
238 113
257 128
263 138
253 134
232 123
201 107
162 91
121 72
80 52
48 33
27 19
15 11
21 11
39 19
70 33
109 50
150 70
189 91
224 111
250 126
261 136
259 136
246 130
216 119
183 101
142 83
101 62
64 42
35 25
19 15
17 11
29 15
54 25
87 41
128 60
169 82
207 101
236 119
257 130
265 138
255 138
238 134
207 123
158 95
111 62
76 35
48 21
29 15
15 13
19 11
39 15
70 29
111 52
150 78
189 99
222 113
248 123
261 132
259 136
244 130
216 117
183 97
144 80
103 62
64 44
37 27
21 13
17 11
29 17
52 27
85 42
126 60
167 80
205 99
236 117
257 130
263 136
255 134
234 125
205 111
166 95
123 74
83 52
50 33
27 19
15 13
19 11
39 19
68 33
105 50
146 70
187 91
222 111
248 126
261 134
261 136
246 130
220 121
187 105
146 85
105 64
68 44
39 29
21 19
21 21
33 29
46 27
72 23
117 35
167 66
207 101
236 123
253 128
263 126
257 130
240 132
205 123
166 101
125 72
85 48
52 35
27 25
15 15
19 9
37 13
66 27
103 48
146 72
185 91
220 107
248 121
261 132
261 138
248 132
220 121
187 103
148 83
105 64
68 44
39 27
21 15
17 11
25 13
50 23
83 39
125 58
164 80
203 99
234 117
255 130
263 136
255 136
236 128
207 113
167 95
126 76
85 54
52 35
29 21
19 17
21 15
35 19
64 31
103 48
140 70
185 93
226 119
246 132
0 126
251 119
246 117
226 115
189 107
146 85
105 60
70 39
42 29
23 23
15 17
25 15
48 21
82 35
121 56
162 80
201 99
232 115
253 125
261 132
257 134
238 130
208 115
169 95
128 74
87 54
54 37
29 23
17 11
19 9
35 17
62 31
101 48
142 66
181 87
218 107
244 123
257 130
261 134
251 134
224 125
189 107
150 85
109 66
72 46
41 31
21 17
17 11
27 13
46 23
80 39
121 56
162 78
201 97
232 115
253 128
263 138
257 138
238 130
208 115
173 99
136 89
91 68
44 29
19 0
15 0
21 5
37 23
60 33
99 42
140 58
183 85
216 115
244 130
259 134
261 132
250 128
224 123
191 109
152 87
111 62
72 41
41 25
21 17
17 15
25 13
46 21
80 35
119 56
160 78
197 99
230 115
251 126
261 134
257 134
240 128
210 115
173 97
132 76
91 56
58 39
33 23
17 13
17 11
33 15
62 29
97 44
138 66
179 85
216 107
242 121
259 132
261 136
251 134
226 125
193 107
154 87
111 68
74 48
42 31
23 17
17 13
29 19
50 33
64 41
105 44
150 58
197 83
232 111
251 128
251 132
257 126
244 125
214 121
175 105
134 83
93 60
58 37
31 23
17 15
17 13
31 15
58 23
95 41
7 64
177 85
212 103
242 119
259 130
263 136
251 134
228 125
195 109
156 89
115 68
74 46
44 29
25 19
15 13
23 13
42 21
76 35
115 54
156 76
195 95
228 113
251 126
263 134
257 136
242 128
212 115
177 99
136 80
93 58
60 39
33 25
19 15
17 11
31 17
58 27
93 42
134 64
175 85
214 105
242 123
263 140
267 150
248 136
218 109
189 85
158 78
119 72
76 54
44 31
25 11
19 7
27 17
44 31
74 42
113 52
154 70
195 93
226 115
250 128
259 132
259 128
244 126
214 119
177 103
138 80
97 58
60 39
33 25
19 17
17 13
31 15
56 25
89 42
132 62
173 83
212 105
240 119
257 130
263 136
253 134
230 126
199 109
158 89
117 68
78 48
46 33
25 21
17 13
23 11
42 19
72 33
111 54
154 74
193 93
226 111
251 125
261 134
259 136
244 130
216 119
181 103
142 85
105 72
62 50
25 21
9 0
13 0
31 7
56 23
89 42
130 60
173 78
212 101
242 125
257 140
261 140
251 132
232 123
199 111
160 93
117 72
80 48
46 29
25 17
17 13
21 13
41 19
72 33
111 50
150 72
191 95
224 113
250 126
261 134
259 136
244 130
218 119
181 101
140 82
99 60
64 41
35 25
19 13
17 11
29 15
54 25
87 41
130 60
171 82
208 103
238 119
255 130
263 136
255 134
232 126
201 109
162 91
123 72
82 52
48 35
27 21
17 13
23 15
41 21
70 35
113 60
150 82
179 85
212 89
246 105
15 128
255 142
244 134
216 113
185 95
146 82
95 70
64 52
35 29
19 11
17 7
29 15
52 29
85 41
1 56
169 76
207 99
236 119
255 132
263 136
253 132
234 123
203 113
164 95
123 74
82 52
50 31
27 19
17 13
21 13
39 19
68 31
107 48
148 70
187 89
222 107
250 125
261 134
261 136
246 130
220 119
185 103
144 83
103 62
66 42
37 27
21 17
17 11
27 15
52 23
85 39
126 60
167 82
207 103
236 121
257 134
267 142
261 146
230 132
193 103
158 76
123 60
85 48
50 35
27 19
17 7
23 9
41 21
5 31
103 54
17 64
187 89
220 107
246 125
9 134
259 134
242 128
220 119
185 101
146 83
97 64
68 44
39 27
21 15
17 13
27 15
50 23
83 39
125 58
166 80
203 101
234 117
255 128
263 134
255 134
236 126
205 113
167 95
126 76
85 54
52 35
29 21
17 13
19 11
37 19
66 33
103 50
144 70
185 89
220 109
248 125
261 134
261 136
248 132
224 121
189 107
148 87
107 66
70 46
42 33
29 31
11 17
13 0
42 0
83 25
126 60
164 85
201 97
234 107
257 125
265 142
257 144
238 134
207 113
169 91
126 74
87 56
52 39
29 21
17 7
19 7
35 17
64 31
101 48
142 66
183 85
218 107
246 125
9 134
261 136
248 130
222 121
189 105
150 87
109 66
62 44
41 27
21 15
17 11
27 15
48 25
80 39
121 56
37 78
193 99
232 117
3 128
255 134
257 134
156 128
208 115
171 97
130 76
89 56
54 37
29 21
19 13
21 13
35 19
62 31
101 50
148 78
183 99
208 105
234 107
255 115
263 126
250 132
222 123
191 101
152 82
113 64
74 50
42 37
23 21
15 9
25 11
46 23
78 41
117 56
160 74
199 93
232 113
251 128
261 136
257 134
240 126
210 115
171 99
130 80
91 56
56 37
31 21
17 13
17 13
33 17
62 27
97 44
138 66
179 87
216 107
244 123
259 132
261 134
250 130
228 125
193 109
152 87
111 66
74 46
42 31
21 15
15 11
25 13
46 21
78 37
117 54
160 76
199 97
230 115
251 128
261 134
259 136
242 132
216 126
175 109
125 72
82 35
52 15
35 17
21 21
17 17
31 13
60 19
99 42
140 74
177 97
212 109
242 117
259 126
261 136
250 136
226 125
193 105
154 83
115 64
74 48
42 33
23 17
17 9
23 13
42 21
76 37
117 56
158 76
195 95
228 113
251 128
263 136
257 136
240 128
212 115
175 99
134 80
93 58
58 39
33 25
19 15
19 13
31 15
58 27
95 44
136 64
175 85
212 105
242 121
257 130
263 134
253 134
230 126
197 111
156 91
117 70
78 50
44 35
29 25
25 27
21 19
33 13
66 17
113 31
156 70
195 95
226 113
0 123
263 130
261 136
244 136
214 125
175 93
136 76
95 56
60 41
33 27
17 15
17 9
31 11
58 25
91 44
134 64
171 83
205 103
240 121
7 132
263 136
251 134
226 123
197 107
158 89
117 70
78 48
37 31
25 17
17 11
21 11
42 21
74 35
113 52
154 74
193 93
226 113
250 126
263 134
259 134
242 128
214 117
179 101
138 82
97 60
62 41
35 25
19 15
17 11
31 15
56 27
91 44
132 66
173 85
212 109
246 134
253 136
250 121
244 109
232 109
201 109
162 97
117 72
78 41
50 27
29 23
17 25
21 21
41 21
72 29
111 48
150 74
191 97
224 111
250 121
259 128
259 132
246 132
218 123
181 101
140 80
99 60
64 44
35 29
19 17
17 11
29 13
54 25
89 42
130 62
171 82
208 101
238 119
257 130
263 136
253 136
232 126
201 111
160 89
121 70
82 52
48 35
25 21
17 13
21 13
41 21
70 35
109 52
150 72
189 93
224 111
248 126
261 136
261 138
246 132
220 123
189 111
146 93
93 60
52 29
31 7
21 5
19 11
27 15
52 21
89 37
132 60
171 87
207 109
238 123
257 130
263 134
253 134
232 126
201 113
162 89
121 68
82 50
50 35
27 23
17 13
21 11
39 17
70 33
107 52
148 72
187 91
222 107
248 125
261 134
259 138
246 132
218 119
185 101
144 83
103 64
66 44
39 27
19 15
17 11
29 15
52 25
85 41
126 60
167 80
207 93
236 119
7 130
263 134
255 125
218 126
203 111
156 93
125 74
85 54
46 37
19 21
17 15
21 15
3 31
7 44
95 44
134 48
183 68
224 103
250 130
259 136
259 130
248 123
224 119
187 113
144 95
103 68
66 41
39 21
19 15
15 13
27 15
50 23
83 35
125 56
166 82
205 103
236 119
255 128
263 134
255 136
236 128
205 115
166 93
126 74
85 54
50 37
29 23
17 13
21 11
37 19
66 31
105 50
144 70
185 87
220 107
248 125
261 136
261 136
248 132
222 121
187 105
148 87
105 66
68 44
39 27
21 15
17 11
25 15
50 25
83 41
125 60
166 80
205 101
238 123
261 142
259 140
244 125
228 109
205 97
171 91
128 78
85 54
52 31
33 17
19 15
21 17
37 25
64 33
101 46
142 66
183 89
218 111
244 123
259 130
261 132
250 130
222 123
189 107
148 85
109 64
70 44
41 29
21 17
17 13
27 15
48 23
82 39
121 58
164 78
201 97
232 115
253 126
263 134
257 134
238 128
207 113
171 95
130 78
89 56
54 39
29 21
19 13
19 13
35 19
62 29
99 46
142 66
181 89
218 109
246 125
261 132
263 136
250 132
224 123
191 109
152 89
113 72
76 60
39 35
9 3
7 0
25 0
50 21
82 44
119 58
160 70
201 91
236 117
255 138
261 142
255 132
238 121
210 113
171 101
128 82
89 54
56 31
31 19
17 15
17 15
33 19
62 29
97 44
140 66
181 89
216 111
244 123
259 132
261 134
250 132
226 125
193 107
152 87
111 64
72 44
42 31
23 21
15 13
25 13
46 21
80 37
119 56
160 78
199 97
230 115
251 128
263 134
257 134
240 128
212 117
173 99
132 78
91 58
56 39
33 23
19 15
19 15
35 21
68 39
99 54
130 64
167 72
210 87
244 111
259 130
261 136
250 130
228 119
197 107
156 93
115 74
74 52
42 31
23 17
17 13
23 15
42 21
76 33
117 50
158 72
195 95
230 115
253 128
261 134
257 132
242 128
212 119
175 101
134 80
93 58
56 39
33 23
19 15
19 13
31 15
60 27
95 44
136 66
177 85
214 105
242 121
259 130
261 134
250 132
230 125
197 111
154 89
113 68
76 48
44 33
23 19
15 13
23 13
44 21
76 37
115 56
156 76
197 95
230 115
251 128
261 136
263 144
246 142
205 115
166 80
132 58
99 50
62 44
31 29
17 11
19 3
35 13
60 35
93 54
134 68
175 83
212 101
240 121
257 134
261 138
251 130
228 119
195 105
156 89
117 72
78 50
44 31
25 17
17 11
23 15
42 23
72 33
113 50
156 74
195 97
226 115
250 126
261 132
259 134
244 130
214 119
179 101
138 80
97 60
60 41
33 27
19 15
17 13
31 15
56 27
91 44
132 64
173 85
210 103
240 121
257 132
263 136
253 134
232 126
199 111
160 91
119 72
82 56
52 42
23 25
5 3
13 0
41 5
