900000 10000000 188743 11
1 7
7 1
56 21
136 62
214 111
259 138
265 138
244 121
193 97
119 72
48 39
3 9
3 0
50 9
126 52
203 101
257 136
277 146
255 136
201 113
126 80
52 44
5 11
1 0
41 7
113 42
193 89
251 126
277 144
261 140
208 117
134 83
62 48
11 17
0 1
35 7
105 39
185 83
248 123
275 144
263 142
214 121
142 87
68 50
15 19
0 1
29 9
97 39
175 80
242 119
275 142
267 144
222 125
152 91
76 54
19 21
0 1
23 5
87 33
39 74
220 117
23 140
271 144
160 128
162 99
83 62
17 27
5 15
19 13
68 19
146 46
220 91
25 134
275 152
232 132
167 93
95 54
33 29
0 13
13 11
70 27
150 60
222 101
265 136
275 148
242 134
177 101
101 62
35 29
1 9
11 5
62 23
140 58
214 99
265 134
277 148
248 138
185 107
109 70
41 33
1 7
7 1
54 17
132 54
208 99
261 132
277 146
251 138
195 113
119 76
46 39
5 11
5 1
48 15
121 48
201 91
257 128
277 146
255 140
201 115
126 80
56 42
9 15
1 1
41 13
113 46
193 87
253 126
283 152
265 154
203 121
125 72
54 29
11 3
1 0
35 11
101 39
183 76
250 119
279 146
265 150
216 126
146 89
70 50
15 19
0 3
29 9
95 37
173 76
240 113
15 138
269 144
224 126
154 93
76 52
19 21
0 5
17 9
85 33
166 72
234 111
273 140
271 146
228 128
162 95
85 58
25 25
0 5
17 5
78 29
0 68
220 109
21 138
273 146
236 125
169 101
93 62
29 27
0 5
13 3
68 23
148 62
222 107
251 138
275 146
242 134
179 105
103 68
35 35
1 7
9 1
66 29
144 74
208 105
251 117
269 123
250 123
189 113
111 78
39 33
3 0
11 0
56 23
130 66
207 103
259 128
277 140
251 136
193 117
119 80
48 37
3 3
3 0
46 15
121 54
199 93
255 126
277 140
257 138
203 121
128 83
54 44
9 11
1 0
41 13
111 46
191 87
251 123
275 142
261 140
210 121
136 85
62 46
11 13
1 1
35 11
103 41
183 83
246 123
277 142
265 142
216 123
144 89
72 52
17 21
0 3
27 7
95 37
173 78
240 119
275 144
267 144
218 128
162 103
80 68
3 21
0 0
17 0
78 23
7 72
218 115
271 138
271 138
234 126
166 101
87 68
25 29
0 3
17 1
78 27
156 70
226 111
269 136
273 140
238 128
171 101
93 64
31 27
0 3
13 1
70 25
148 64
220 105
269 134
275 146
242 134
179 107
103 70
37 33
1 7
9 0
60 21
138 58
214 101
263 134
277 146
250 136
187 111
111 72
41 33
3 9
7 3
54 19
128 54
207 95
259 130
277 146
253 138
195 113
121 78
48 39
5 11
3 1
46 17
121 50
199 93
259 136
281 158
250 138
193 97
123 58
58 33
11 19
1 9
37 11
111 37
193 83
253 130
269 156
261 148
210 117
136 80
64 46
3 19
0 3
33 7
101 35
56 78
244 121
25 144
265 142
218 121
146 87
72 50
17 21
0 5
27 7
91 35
171 76
240 117
23 142
267 144
224 125
156 91
80 56
19 21
0 3
25 7
85 33
164 72
232 113
273 140
271 144
232 130
164 99
85 60
27 27
0 3
17 5
76 27
154 68
226 109
269 136
273 146
238 132
173 105
97 68
33 33
7 17
13 11
58 21
134 46
216 87
269 126
277 146
242 134
179 101
105 62
41 31
3 13
9 9
60 25
136 56
212 99
13 132
273 146
248 136
189 109
111 68
44 35
3 9
7 3
52 19
126 52
205 95
259 130
277 146
253 138
197 113
121 76
50 41
5 13
3 1
44 13
119 46
197 91
255 126
275 144
257 138
205 117
130 82
56 44
9 13
1 1
41 13
111 44
189 87
250 123
277 144
261 140
210 121
138 85
64 46
13 17
1 1
33 9
101 41
181 82
246 121
275 144
265 144
222 130
150 101
64 46
5 0
0 0
31 1
95 42
169 82
236 113
17 134
267 144
126 134
156 103
64 60
21 19
0 0
21 0
82 35
162 64
232 107
5 125
273 142
232 132
164 101
87 60
27 23
0 3
17 5
66 31
27 68
226 107
3 134
273 142
234 132
173 103
93 64
33 27
0 3
13 1
68 25
146 64
218 105
1 134
277 144
244 136
181 107
105 70
37 31
1 5
9 1
58 21
134 58
212 99
263 130
277 144
250 138
189 113
115 76
44 37
3 9
7 3
56 23
132 66
201 101
248 119
267 126
251 125
199 111
123 78
48 39
5 5
5 0
46 17
119 56
195 97
255 128
277 142
257 138
203 117
130 83
58 44
9 11
0 0
39 9
109 44
189 87
250 125
277 142
263 142
212 123
140 87
64 48
13 17
0 1
31 9
99 37
179 82
244 121
275 142
265 144
220 125
148 91
72 54
15 19
0 1
27 7
91 35
169 76
238 115
275 140
269 144
226 128
156 95
80 56
21 23
0 3
21 7
82 33
162 70
234 113
273 140
271 146
234 130
167 101
89 64
33 39
0 11
5 0
64 1
21 48
228 107
5 144
265 148
171 126
175 95
99 64
35 39
0 15
3 5
64 19
144 56
218 105
0 138
275 146
244 130
181 101
107 68
39 35
1 9
9 1
58 17
134 54
210 99
13 134
277 148
250 134
187 107
115 72
44 39
3 11
5 1
50 13
126 50
203 95
259 132
277 146
255 138
199 113
123 78
50 42
5 11
3 1
44 13
117 46
195 89
253 125
277 144
259 140
207 119
132 83
58 44
11 15
1 3
39 13
107 44
187 89
253 128
281 154
257 144
203 109
134 70
68 37
15 13
0 1
29 7
97 31
181 76
246 123
277 150
265 148
218 123
150 89
74 54
17 23
0 3
25 5
89 31
169 72
238 115
273 140
269 144
228 126
158 95
82 56
21 23
0 3
21 3
82 29
160 70
230 113
271 138
273 144
234 128
166 99
89 62
27 25
0 3
15 1
72 25
152 66
224 107
269 136
275 146
240 132
173 103
97 64
33 29
1 5
13 3
64 23
142 60
218 103
267 136
275 148
244 136
183 107
109 70
39 35
1 11
9 7
64 33
130 60
199 83
253 109
277 132
253 138
191 117
113 74
46 29
7 5
9 7
50 29
125 58
203 93
257 125
277 144
253 142
197 117
125 78
52 35
5 7
1 0
42 15
115 48
195 89
253 125
277 144
259 142
207 119
132 83
58 44
9 13
1 3
37 13
105 42
185 83
248 121
277 142
263 142
214 121
142 87
68 48
13 17
0 0
31 7
97 37
177 78
244 119
277 144
267 144
220 126
150 91
76 52
19 21
0 3
25 7
87 33
167 74
238 115
275 144
271 150
234 136
164 107
76 58
11 11
0 0
21 0
82 27
160 70
228 109
271 134
275 142
236 134
169 107
91 68
27 27
0 1
15 1
72 29
150 68
222 107
1 125
273 142
240 132
175 105
99 68
35 29
1 5
11 1
64 25
142 62
216 103
265 132
277 144
246 136
183 109
107 70
41 33
3 7
7 1
56 19
132 56
208 97
261 130
275 144
251 138
193 115
117 78
46 37
3 7
5 0
50 19
125 52
201 93
257 128
279 144
255 140
201 117
125 80
54 41
7 11
3 1
42 15
115 50
189 95
257 138
271 144
248 123
203 97
136 74
62 48
9 19
0 0
37 3
109 39
187 89
248 130
275 148
263 140
214 117
142 85
66 52
13 19
0 0
29 3
97 35
175 80
242 121
275 142
267 142
222 125
150 93
74 54
19 21
0 3
25 7
87 33
167 74
236 115
273 140
269 142
228 126
160 95
83 58
23 23
0 3
19 3
80 29
158 70
230 111
271 138
273 146
236 130
167 99
93 62
29 29
0 7
15 5
72 25
148 64
222 107
269 138
275 146
242 134
177 105
103 70
41 41
1 15
1 0
52 7
136 42
218 93
267 134
275 146
246 132
185 101
111 68
44 39
3 17
7 5
54 15
132 50
208 97
261 134
275 148
251 134
193 107
117 74
46 39
5 11
3 1
48 13
123 48
201 93
255 130
277 146
255 138
203 115
126 80
54 42
5 13
1 1
42 11
113 44
193 87
251 126
277 144
259 140
208 117
134 83
62 46
11 15
0 1
35 9
105 41
183 83
248 121
275 142
263 140
216 121
144 89
70 50
15 19
0 1
29 9
95 39
175 82
242 121
275 144
271 152
226 136
144 89
64 35
13 0
1 0
27 9
85 39
164 70
236 105
277 136
271 150
228 136
160 101
85 56
25 23
0 3
17 7
78 31
158 68
228 107
271 136
273 144
236 130
169 101
93 62
29 27
1 5
15 5
70 29
148 64
220 103
269 134
275 146
242 134
177 103
101 64
37 29
1 7
9 3
60 23
140 60
216 101
265 134
275 146
248 136
185 109
111 72
41 35
1 9
7 1
54 17
130 56
208 97
261 132
277 146
251 138
195 113
119 76
48 41
5 11
5 3
56 25
123 60
189 87
246 113
275 128
259 134
203 119
125 82
46 39
9 7
5 0
42 17
111 54
187 91
251 123
277 142
259 142
208 123
134 85
62 44
11 9
0 0
35 11
103 42
183 83
246 119
277 142
265 144
216 126
144 91
70 50
15 15
0 0
29 9
93 37
173 76
242 117
275 140
267 142
224 126
154 93
78 54
19 21
0 1
23 5
87 33
166 74
234 115
271 140
271 144
232 128
162 99
85 60
25 23
0 3
17 3
78 29
158 68
228 111
271 138
273 146
236 132
171 105
99 74
33 39
0 0
3 0
66 3
150 58
224 111
267 140
273 140
242 126
181 105
103 76
37 41
1 11
9 0
60 17
136 58
212 103
263 132
277 142
248 130
187 105
111 72
42 39
3 9
7 0
54 17
130 54
207 99
259 130
277 144
253 136
195 113
119 76
48 39
5 9
3 0
44 11
121 48
199 93
5 130
269 146
255 138
187 115
128 80
48 44
7 13
1 0
35 11
97 46
64 89
0 125
269 144
261 142
210 119
132 85
62 46
3 17
1 1
35 11
103 42
185 89
1 132
273 148
253 132
210 105
146 76
72 46
15 19
0 0
29 3
95 33
175 80
240 123
275 148
269 146
224 125
154 91
78 56
19 23
0 3
21 1
83 25
166 70
234 115
265 142
271 144
222 126
164 97
87 62
25 29
0 5
17 3
76 27
156 68
226 111
271 138
273 146
236 130
171 101
95 64
31 31
0 7
13 3
68 23
148 62
220 107
267 136
273 144
242 132
181 105
105 70
37 35
0 7
11 1
62 21
138 60
212 101
263 132
277 146
250 138
187 113
111 74
44 39
5 13
11 13
52 27
117 44
195 72
257 113
281 142
253 144
195 115
121 70
52 33
9 11
5 11
46 25
119 50
197 87
255 125
277 146
255 142
201 115
128 76
56 39
7 13
1 3
39 13
111 42
191 85
0 123
275 144
261 142
210 121
138 83
62 44
13 17
1 3
33 11
101 39
179 78
246 119
275 142
265 144
216 123
146 89
72 52
17 19
0 1
27 7
93 35
173 76
240 117
275 142
269 144
224 126
154 93
78 54
21 21
0 3
21 7
83 33
164 74
234 115
275 142
275 154
236 140
156 93
76 48
17 7
0 0
19 0
5 29
154 66
226 103
7 132
275 146
238 138
173 109
97 66
33 27
0 5
11 5
66 25
144 62
218 101
0 132
275 144
242 134
181 107
105 68
37 31
1 7
9 3
60 23
136 58
212 99
263 130
275 144
248 134
189 109
113 74
44 37
3 9
7 1
52 19
126 54
205 97
251 128
277 144
253 138
197 113
121 78
50 41
5 9
3 0
46 15
119 48
195 91
253 126
277 144
257 140
205 119
130 83
58 44
9 13
1 1
39 13
111 48
195 101
248 128
265 128
253 117
212 105
142 87
66 54
11 17
0 0
35 1
95 42
181 93
244 128
25 142
265 136
220 121
146 93
72 56
15 19
0 0
27 3
91 33
171 80
240 119
273 140
269 142
226 126
156 97
80 60
21 23
0 1
21 3
83 31
162 74
232 113
271 138
273 144
234 130
166 101
87 62
27 27
0 3
17 3
74 27
154 68
226 109
269 138
273 142
238 130
173 101
97 66
33 31
0 5
13 3
68 25
144 64
218 105
265 136
277 146
246 136
183 111
111 78
42 44
0 7
0 0
52 3
136 46
212 97
261 134
275 142
250 132
193 109
117 78
44 42
3 15
5 1
50 15
125 52
203 95
257 130
277 144
253 134
199 111
123 78
50 42
5 13
3 1
44 13
117 46
197 91
253 126
275 142
259 138
205 117
126 82
50 42
9 13
1 0
37 9
109 41
189 85
0 125
277 144
263 142
212 119
140 85
62 50
5 19
0 1
31 9
99 39
179 82
244 121
25 144
267 144
220 125
148 91
72 52
17 19
0 1
27 7
91 37
171 78
238 119
29 148
275 158
218 126
146 76
74 33
23 11
1 5
21 11
80 29
5 64
234 107
25 144
273 156
232 136
166 97
89 56
27 23
0 7
15 7
72 25
152 60
224 103
269 138
273 148
238 132
175 101
97 64
33 29
0 5
13 3
66 25
144 60
216 103
265 134
277 146
244 136
181 105
105 66
39 31
1 7
9 3
58 21
134 56
210 97
263 132
277 146
250 136
191 111
115 74
44 37
3 9
5 1
50 15
126 52
203 95
259 130
277 146
255 140
199 115
123 80
52 42
9 15
9 9
46 23
107 44
185 74
250 109
277 134
259 140
205 119
130 80
60 39
11 11
3 5
39 17
107 48
185 85
248 121
277 144
261 146
212 123
138 85
66 44
13 13
0 1
31 9
99 37
179 78
244 117
25 142
265 144
126 125
142 91
74 52
17 19
0 1
25 9
85 35
44 76
236 115
15 140
269 144
220 128
158 97
82 58
23 23
0 3
19 0
82 33
35 72
230 111
271 138
271 146
234 130
167 101
91 62
27 27
0 5
17 3
74 27
150 66
224 107
269 136
273 148
242 136
181 115
103 80
27 29
0 0
5 0
66 13
146 66
216 109
263 130
275 136
248 130
185 113
107 80
39 39
1 3
9 0
56 19
132 58
208 99
261 128
275 138
250 132
191 111
115 78
46 39
5 9
5 0
50 15
125 52
203 97
257 128
277 142
255 136
199 115
125 80
50 41
5 9
5 0
44 13
115 48
193 89
253 125
277 144
259 142
207 119
132 83
60 44
9 13
0 1
37 11
105 42
185 83
248 123
277 144
265 144
214 123
142 87
66 48
15 19
1 5
31 11
99 42
183 89
244 126
265 138
255 128
216 109
152 83
76 52
17 21
0 0
27 1
91 33
169 80
236 119
275 142
271 144
228 126
158 95
82 58
23 23
0 1
19 1
80 29
158 68
230 111
271 138
273 144
234 128
169 99
91 64
29 29
0 5
13 1
72 25
150 66
222 107
269 136
275 144
240 132
177 105
99 68
33 33
0 5
11 1
64 23
140 62
216 103
265 134
275 144
246 134
185 107
109 72
39 35
1 7
7 1
56 19
7 56
142 99
3 132
277 146
251 138
193 113
117 76
48 41
11 21
7 13
39 9
111 27
199 72
261 125
279 152
253 144
199 109
128 72
56 41
9 21
1 11
41 15
115 41
193 82
251 125
277 148
259 142
207 115
132 76
60 41
11 17
1 5
37 13
105 39
185 82
248 123
275 146
263 144
214 121
142 85
68 48
13 17
0 1
29 7
97 37
175 78
242 117
275 142
267 144
222 125
152 91
76 54
19 21
0 1
23 3
89 33
167 76
236 115
273 140
269 142
230 128
160 97
83 60
23 23
0 1
21 3
80 31
158 72
230 113
275 144
281 156
232 134
158 91
83 44
27 13
1 0
15 3
68 23
148 58
226 101
271 138
275 152
240 140
177 107
101 64
33 29
0 7
9 5
62 21
138 56
214 97
265 132
277 148
246 138
185 107
111 70
41 33
1 9
7 3
56 19
130 54
207 95
259 130
277 146
251 138
193 113
117 74
46 37
5 9
5 3
48 17
121 50
201 91
257 128
277 146
255 140
201 115
126 80
56 42
7 13
1 1
41 13
115 46
193 89
251 126
277 146
259 142
208 119
136 85
62 48
11 19
1 3
37 15
111 54
181 91
234 111
267 119
263 126
218 121
144 95
68 52
15 11
1 0
33 9
99 46
175 87
240 119
273 134
269 140
222 130
152 97
74 54
19 15
0 0
23 5
85 35
166 76
234 111
273 136
271 144
228 130
160 99
83 58
25 21
0 1
19 5
78 31
158 70
228 109
271 136
273 144
236 132
169 103
91 62
29 27
0 3
15 3
70 25
148 64
222 105
267 136
275 146
242 134
177 107
101 68
35 31
1 5
11 3
62 23
138 60
214 101
265 134
277 148
248 140
189 115
115 82
37 37
0 0
0 0
54 7
132 52
207 97
251 128
277 140
253 134
197 117
119 82
48 42
3 9
3 0
48 15
121 52
197 95
255 126
277 140
257 138
203 117
126 82
54 42
9 11
1 0
41 11
111 46
191 89
251 125
277 144
261 140
208 119
136 85
62 46
9 13
0 0
35 9
103 42
183 83
246 123
277 144
265 144
216 125
144 89
70 52
15 19
0 1
27 7
95 37
173 78
242 119
275 142
267 142
224 126
154 95
78 56
19 21
0 1
25 5
85 33
164 72
240 121
279 154
265 148
218 111
156 74
87 46
27 29
0 9
15 3
78 19
158 62
232 115
271 150
271 152
236 130
171 95
93 62
29 31
0 7
13 1
68 17
146 58
220 103
267 138
275 146
244 132
179 103
103 68
37 33
1 9
9 1
62 19
138 58
212 101
263 132
275 144
248 134
187 109
111 72
42 35
3 9
7 1
54 17
128 52
205 95
251 128
277 144
253 140
187 115
119 78
48 41
5 11
3 1
46 17
111 50
199 91
5 126
269 144
259 142
205 119
125 83
58 44
15 23
3 11
31 11
99 31
185 70
251 115
279 144
259 142
208 115
130 78
68 46
13 21
0 9
33 13
103 39
181 80
244 121
275 144
263 144
216 121
144 83
62 48
17 19
0 3
27 9
93 35
173 76
242 117
275 144
267 144
222 123
156 91
80 54
21 21
0 1
23 3
85 29
164 72
234 113
273 140
271 146
230 128
164 97
85 60
25 25
0 3
17 5
76 27
154 68
228 109
271 138
273 146
236 130
171 101
95 64
31 29
0 3
13 3
68 25
148 66
220 107
267 136
277 148
248 146
181 119
93 64
25 11
0 0
11 0
62 27
136 62
210 95
265 125
279 144
251 144
189 119
111 78
35 33
1 3
5 0
52 19
126 56
205 93
1 125
277 142
253 140
126 117
121 78
50 39
5 9
3 1
46 17
119 50
197 89
255 125
277 144
257 142
203 119
130 82
56 42
9 13
1 1
39 13
109 44
189 83
251 123
277 144
261 144
210 121
138 85
64 46
5 15
0 1
33 9
101 39
56 80
242 121
25 144
265 144
218 123
148 91
72 52
17 19
0 3
31 13
99 48
169 82
228 107
250 123
267 128
218 121
156 95
80 56
21 17
1 0
25 7
85 39
162 78
232 115
273 136
271 142
232 130
164 101
85 60
25 23
0 0
17 3
76 29
154 68
226 109
271 136
273 144
238 132
171 103
97 66
33 31
0 5
11 1
68 23
146 62
218 105
265 134
275 146
244 134
181 107
105 70
37 31
1 7
9 3
60 23
136 58
150 99
263 132
277 146
248 138
189 111
113 74
44 35
3 9
5 1
52 19
128 54
205 95
259 130
277 146
255 140
199 115
123 82
56 52
5 19
0 0
35 0
117 31
199 89
255 134
275 148
257 134
205 109
134 83
60 54
9 23
0 0
37 5
111 39
189 89
248 128
275 144
261 136
214 117
138 85
64 50
13 17
0 0
33 7
99 39
179 82
246 123
275 144
265 142
218 121
148 89
72 54
17 21
0 1
27 5
91 35
169 76
240 117
275 142
269 144
226 126
156 95
80 56
21 23
0 3
21 5
82 31
162 72
232 113
271 138
271 144
232 130
166 99
89 62
27 27
0 5
17 3
76 29
156 70
230 117
273 148
267 144
228 119
167 87
97 54
33 27
0 5
11 0
66 19
146 60
220 107
267 142
275 150
244 134
179 105
105 70
37 35
0 7
7 0
58 17
134 54
210 99
13 132
277 146
248 134
189 107
115 74
46 39
3 13
5 1
50 15
126 50
205 95
0 130
277 146
253 138
199 111
123 78
52 41
5 11
3 0
44 13
117 46
195 91
253 126
277 144
257 138
207 117
130 83
58 44
9 15
1 1
39 11
109 42
187 85
250 125
275 142
263 140
214 121
142 89
66 52
13 17
3 5
31 23
93 42
166 64
234 95
19 130
271 146
218 130
146 80
74 44
3 13
1 7
27 17
89 41
169 74
238 111
273 140
269 146
226 130
156 93
80 50
21 17
0 3
21 9
82 33
160 70
232 109
273 138
273 146
232 132
166 99
89 58
27 25
0 5
17 5
72 27
152 64
224 105
269 136
275 148
240 134
175 103
97 64
33 29
0 5
11 3
66 23
142 60
218 103
267 134
275 148
246 136
183 105
107 70
39 33
1 7
7 1
60 21
134 58
210 101
263 134
279 150
259 148
193 121
105 72
35 21
0 0
7 0
52 15
123 50
201 89
259 125
279 144
255 142
199 121
125 83
52 42
7 11
1 1
42 15
115 46
193 85
253 121
277 142
259 142
207 119
132 83
60 44
11 15
1 1
37 13
107 42
185 83
248 121
277 142
263 142
212 121
142 87
66 48
13 17
0 0
31 9
99 39
177 80
242 119
275 140
267 142
222 126
150 91
72 52
17 19
0 3
25 9
87 37
169 76
238 115
273 140
269 144
226 128
158 95
82 58
21 23
0 3
21 7
82 33
166 82
232 123
261 130
261 121
232 111
169 95
91 68
27 31
0 1
17 0
3 25
29 74
224 117
17 140
265 140
142 126
175 105
99 70
33 31
0 1
11 0
64 17
142 64
216 107
265 134
277 144
246 134
183 109
107 72
39 33
3 7
9 1
56 19
132 56
210 101
261 132
277 146
251 136
193 111
117 76
46 39
3 9
5 0
50 15
123 52
201 93
257 128
277 146
255 140
199 115
125 78
52 41
7 11
3 1
42 15
115 48
193 89
253 126
279 144
261 144
208 123
138 91
68 58
7 17
0 0
27 0
105 29
187 80
248 123
275 142
263 136
216 117
144 89
68 56
15 23
0 1
29 5
97 37
177 82
242 121
273 140
265 138
222 121
150 89
74 54
19 21
0 0
25 3
87 33
167 74
236 117
275 140
269 144
226 126
158 95
83 60
23 25
0 5
19 3
80 29
160 70
230 109
271 138
273 146
234 130
167 99
91 62
29 27
0 5
15 3
72 25
150 64
224 105
269 136
275 146
240 134
175 103
101 66
35 33
1 7
11 3
64 23
142 62
216 105
267 138
281 158
244 142
173 95
99 48
39 17
5 7
9 9
54 21
130 48
140 91
13 134
279 156
250 146
191 111
109 70
46 35
3 11
3 3
46 15
123 44
201 87
7 126
277 146
255 140
130 113
126 78
46 41
7 13
1 3
41 13
113 44
193 87
253 125
277 146
259 140
207 117
134 82
60 46
11 17
0 1
37 9
105 39
185 83
248 123
275 144
263 142
216 123
144 89
68 50
15 19
0 1
29 9
95 39
175 80
242 119
275 142
267 142
220 123
154 93
78 58
21 25
5 11
29 17
82 33
156 62
230 97
275 130
273 142
228 128
158 93
83 50
27 21
1 7
21 13
78 35
158 70
230 109
271 138
271 148
234 132
169 99
91 58
29 25
0 3
15 5
72 27
150 64
222 105
269 134
275 146
242 134
177 105
99 64
35 29
1 7
11 3
62 23
140 58
214 101
265 134
275 146
246 136
185 107
109 72
41 35
1 7
7 1
56 19
130 54
207 97
261 130
277 146
251 138
193 111
117 74
48 37
5 11
5 3
48 17
123 50
201 93
257 130
277 146
255 142
207 126
130 93
46 41
0 0
0 0
44 3
115 50
191 93
250 121
279 136
263 138
210 125
136 95
60 50
11 13
0 0
33 7
103 42
183 85
246 121
275 138
263 136
216 123
144 91
70 52
13 15
0 0
29 7
97 41
175 82
242 117
275 140
267 142
222 126
152 93
78 56
19 21
0 1
23 5
87 33
166 74
234 113
265 138
271 144
222 130
162 99
78 60
23 23
0 3
19 5
78 29
156 68
228 109
271 138
273 146
236 132
169 101
95 64
31 29
0 5
15 5
72 31
156 76
220 113
250 130
265 128
242 119
181 99
103 68
33 31
0 0
13 0
64 23
140 66
214 107
265 136
275 144
248 134
185 109
109 74
41 35
1 7
5 0
54 15
130 54
207 97
261 128
277 142
253 136
195 113
119 78
48 39
7 11
5 1
46 15
119 50
199 93
257 128
277 144
255 138
203 115
128 82
56 44
7 13
1 0
41 11
113 44
191 87
251 125
277 144
261 140
210 119
134 85
62 44
11 15
1 1
35 11
103 42
181 83
246 123
277 144
265 144
218 125
146 91
72 54
23 31
0 9
17 0
83 13
171 58
244 115
277 148
267 146
222 119
156 85
80 54
21 29
0 11
23 7
85 27
166 70
234 115
271 144
269 146
230 125
164 93
85 58
25 27
0 5
19 3
78 27
156 68
228 111
271 140
273 146
236 130
169 99
93 62
31 29
0 5
13 3
68 23
148 60
222 105
267 138
275 146
242 134
179 105
105 70
37 33
1 7
9 1
60 19
138 60
214 103
263 134
277 146
248 136
187 109
111 72
42 37
3 9
7 3
54 19
130 54
207 99
265 138
283 156
248 140
185 103
115 60
48 29
7 7
3 1
44 13
121 44
199 87
257 130
279 150
257 146
203 117
128 80
56 42
9 15
0 1
39 11
111 41
189 83
250 121
275 142
261 140
212 119
140 85
62 48
11 17
0 3
35 11
103 41
181 83
246 121
277 142
265 142
216 123
144 87
72 50
17 19
0 1
27 7
93 37
173 78
240 117
275 142
267 142
224 125
156 93
80 58
21 23
0 3
23 5
85 33
164 74
234 115
15 140
271 146
222 128
162 97
82 62
27 29
0 7
21 11
82 42
150 72
216 93
263 115
275 132
240 132
171 107
93 62
31 19
1 0
17 7
70 37
144 70
218 103
267 130
275 144
242 138
179 109
103 66
37 25
1 1
9 0
60 23
138 58
212 99
263 132
277 144
250 138
189 113
111 74
41 33
3 5
9 1
52 21
126 54
205 95
259 128
277 146
253 140
197 115
121 76
50 39
5 9
3 0
46 15
119 48
197 91
255 126
277 144
259 142
205 119
128 82
56 42
7 11
1 0
41 11
111 46
189 89
251 125
269 146
263 146
218 130
140 97
56 44
1 1
0 0
35 1
101 39
177 80
244 117
277 136
269 142
126 128
146 97
64 56
17 17
0 0
27 7
89 37
171 78
240 115
15 138
267 140
224 125
156 95
80 56
21 21
0 1
21 5
83 33
162 74
232 113
21 138
271 144
224 130
164 97
87 58
25 23
0 1
17 3
76 27
154 68
226 107
3 134
273 144
238 125
173 105
97 66
31 29
0 5
13 3
68 25
144 64
218 105
1 134
275 146
244 136
181 107
105 68
39 33
1 7
9 5
60 23
136 60
218 113
265 144
265 138
238 113
187 89
117 70
46 44
1 13
5 0
54 7
130 52
205 103
259 140
277 148
253 134
197 109
121 78
48 42
5 13
3 0
44 9
117 46
197 91
253 130
277 144
257 138
205 115
130 82
56 44
9 15
1 1
39 11
107 42
187 85
250 123
277 144
261 142
212 121
140 85
64 48
13 17
0 1
31 9
99 39
179 82
244 121
275 142
267 142
220 125
148 91
72 52
17 19
0 0
27 7
91 37
171 78
238 119
275 142
269 146
226 130
158 99
83 62
29 35
0 7
9 0
74 13
162 58
234 109
273 140
269 142
232 125
167 95
91 62
27 33
0 11
17 5
74 25
154 64
226 109
269 140
273 146
238 128
173 99
97 62
33 31
0 7
11 1
66 21
144 60
218 103
1 136
277 146
246 134
181 105
105 68
39 33
1 7
9 0
58 19
134 54
210 97
263 132
277 148
250 138
189 109
115 72
44 39
3 11
5 1
50 17
126 52
203 95
257 128
277 146
255 140
199 115
123 80
52 41
7 11
3 1
44 15
117 48
197 91
255 126
281 150
263 154
201 121
121 68
50 21
9 1
3 3
39 19
105 44
185 78
251 117
279 146
263 152
212 128
140 85
66 44
13 15
0 3
31 13
97 37
177 76
244 115
275 142
265 146
218 123
150 89
74 52
17 21
0 3
17 9
91 35
44 76
238 115
15 140
269 144
156 128
158 95
78 56
21 21
0 1
21 5
82 33
162 72
232 113
21 138
271 146
234 130
158 99
91 62
27 27
0 3
15 3
74 27
152 66
224 107
269 138
275 146
240 132
173 103
99 66
35 33
3 11
17 13
66 33
134 60
207 89
261 119
277 136
246 134
181 107
105 66
39 27
3 3
11 5
58 27
132 60
210 97
263 130
277 146
250 140
189 113
113 72
44 33
3 7
5 1
50 17
125 52
203 93
0 128
277 146
255 140
201 115
123 80
50 39
5 9
3 1
44 15
115 46
195 87
253 125
277 144
259 142
207 119
132 80
60 42
11 13
1 1
37 9
107 42
185 83
248 121
275 140
263 142
214 123
142 87
66 48
13 17
0 1
31 9
97 39
177 82
244 121
275 142
267 146
220 128
154 101
78 66
9 17
0 0
19 0
91 25
173 82
236 123
271 136
271 134
230 125
162 103
82 68
21 29
0 0
19 1
80 29
158 72
230 113
271 136
273 140
234 126
166 99
91 64
29 29
0 5
15 1
72 27
152 68
224 109
269 136
273 144
240 130
175 103
99 66
33 29
0 5
11 1
64 23
142 62
216 103
265 132
277 146
246 136
183 109
107 72
41 35
1 9
7 1
56 19
132 56
208 99
261 130
277 144
251 138
193 113
109 76
46 37
5 9
5 1
52 19
128 58
207 105
5 134
250 136
248 123
199 101
126 76
37 42
5 11
1 0
37 9
119 48
70 95
1 132
277 144
259 138
130 119
132 85
58 46
9 13
0 0
35 0
105 39
60 83
248 123
27 144
263 140
214 119
142 87
64 52
15 19
0 0
29 7
97 39
35 80
234 119
275 142
267 144
220 125
152 93
76 54
19 21
0 3
25 7
87 33
167 74
238 115
273 142
271 146
228 126
160 95
82 58
23 25
0 3
21 7
80 31
158 70
230 111
271 140
273 146
236 132
167 101
91 62
31 31
5 17
13 11
60 13
140 41
222 89
271 136
275 152
238 132
177 95
103 60
37 33
0 13
9 9
64 23
142 58
214 101
263 136
275 150
246 134
185 103
109 66
41 33
1 9
7 3
56 17
132 52
208 97
261 134
277 148
251 138
193 111
117 74
46 37
3 9
5 1
48 15
123 48
201 91
257 128
277 146
255 140
201 115
126 80
54 41
7 15
1 3
42 13
113 44
193 87
251 126
277 146
261 142
208 119
134 83
60 44
11 15
1 1
37 11
105 42
185 83
250 125
283 152
267 152
208 123
132 76
64 35
15 7
1 1
29 9
95 35
175 74
244 115
27 146
267 150
218 128
152 91
76 52
19 19
0 3
23 7
85 31
166 70
236 111
15 138
269 146
220 126
156 93
78 58
25 27
0 5
19 5
80 29
1 70
230 111
21 138
273 144
236 130
169 99
91 64
29 27
0 3
15 3
70 25
148 64
222 105
269 136
275 146
242 134
177 103
101 64
37 31
1 7
11 3
62 21
140 60
216 101
263 132
277 146
248 136
185 109
109 72
41 35
5 11
9 5
60 29
134 68
201 95
250 113
271 125
253 130
197 117
119 82
46 35
5 1
5 0
50 21
123 60
199 99
255 126
277 140
257 140
201 121
126 83
54 39
7 7
1 0
41 13
113 48
191 89
251 123
277 142
259 142
208 121
136 85
62 46
11 13
0 0
35 11
105 42
183 83
246 119
277 142
265 142
216 123
142 89
70 50
15 17
0 1
29 9
93 37
173 78
242 117
275 142
267 144
222 126
154 93
78 54
19 21
0 3
23 7
85 33
167 74
236 115
273 142
271 148
232 132
169 111
83 66
15 19
0 0
15 0
80 21
158 70
226 111
269 132
273 140
240 130
173 107
93 72
29 31
0 3
13 1
70 25
146 66
218 103
267 132
275 142
242 132
177 105
101 66
37 31
1 5
9 1
62 23
138 60
214 103
263 132
275 144
248 136
187 111
111 74
42 35
1 7
7 0
54 19
128 54
205 95
261 128
277 144
251 138
195 113
119 78
48 39
5 11
5 1
46 15
121 50
199 93
255 126
277 144
257 140
203 117
128 82
54 42
7 13
1 1
41 15
113 48
191 91
257 136
277 152
250 130
199 95
136 68
66 46
13 25
0 3
33 1
105 33
185 85
248 130
275 150
265 142
218 119
146 87
68 54
15 21
0 1
27 3
93 33
173 76
240 119
275 142
267 142
224 123
154 91
78 54
21 23
0 5
21 5
85 31
166 74
234 115
271 142
271 144
230 128
162 97
85 58
25 25
0 3
17 3
76 27
156 68
228 111
271 140
273 146
236 130
171 101
95 62
31 29
0 7
13 5
68 25
148 64
220 107
267 136
275 146
244 134
181 107
105 70
41 37
5 17
5 3
48 9
130 41
214 87
267 130
275 148
246 134
187 103
115 68
44 41
3 17
5 5
52 17
128 52
205 95
250 132
275 146
253 136
197 109
119 74
48 39
5 11
5 0
46 13
121 48
199 91
255 128
277 146
257 140
205 117
128 82
56 44
7 13
1 1
39 11
109 42
189 85
251 125
277 144
261 142
210 121
138 85
64 48
11 17
0 1
33 9
101 41
181 82
246 121
275 144
265 142
216 123
146 91
72 52
17 19
0 1
29 7
93 37
173 78
240 115
275 140
275 154
230 140
148 95
68 37
15 0
1 0
25 9
83 37
162 70
234 105
275 134
273 150
232 138
164 105
87 58
25 19
0 1
17 7
76 31
154 66
226 101
271 132
273 144
236 134
171 101
97 64
33 27
0 5
11 5
68 27
146 62
220 103
265 134
275 146
242 132
181 105
105 70
37 31
0 5
9 1
60 21
136 58
212 99
263 132
277 146
248 138
189 109
113 72
44 37
3 11
5 3
52 17
128 52
205 95
1 130
277 146
253 138
197 113
123 78
50 41
7 13
7 7
54 27
119 56
187 85
246 111
273 128
259 132
205 117
128 80
56 39
9 7
3 0
41 17
111 52
189 89
250 123
277 142
263 144
210 123
138 87
64 44
11 11
0 0
33 11
101 41
179 82
246 117
277 142
265 144
218 126
146 91
72 50
17 17
0 1
27 9
91 37
171 78
240 115
273 140
269 144
218 126
156 95
80 56
21 21
0 3
21 7
82 31
162 70
232 113
273 140
271 146
232 130
166 99
89 62
27 27
0 5
15 3
76 27
156 68
226 111
269 138
275 146
240 134
173 107
103 78
33 39
0 0
3 0
64 3
148 58
220 111
265 138
275 140
246 126
185 107
107 78
37 42
0 9
9 0
58 17
134 58
208 103
261 132
277 142
250 132
189 111
113 76
44 37
5 9
5 0
52 17
125 52
205 95
1 130
277 144
253 136
134 113
123 78
50 42
5 11
1 0
44 13
117 48
197 91
253 126
277 142
257 138
207 119
130 83
58 44
11 13
1 1
39 11
107 44
187 85
250 125
277 142
261 140
212 121
140 85
66 48
13 17
0 1
33 11
103 42
58 87
0 132
255 146
255 125
212 105
146 76
76 48
17 21
0 1
27 1
93 31
48 78
240 123
23 148
267 146
218 125
158 95
80 58
21 25
0 1
21 1
82 29
162 70
232 113
271 140
273 144
234 128
158 99
87 60
27 25
0 3
17 3
74 27
152 68
226 109
269 138
273 144
238 132
173 101
99 64
33 29
0 5
13 1
66 23
144 60
218 103
267 134
277 146
244 134
183 107
107 70
39 33
1 7
7 1
58 21
134 58
210 101
263 132
277 146
251 138
191 113
115 76
44 39
7 15
11 15
46 19
113 35
187 70
261 117
281 150
253 146
187 113
125 70
54 37
9 17
3 11
42 19
115 44
195 83
253 126
275 150
257 144
205 117
132 78
58 41
9 13
1 3
37 13
107 41
187 82
0 123
277 146
261 144
212 121
142 85
62 48
13 17
0 1
31 9
99 37
177 78
244 119
275 142
267 144
220 125
150 91
74 54
17 21
0 3
27 9
89 35
169 74
238 117
275 142
269 146
226 128
158 95
82 58
23 25
0 3
19 5
82 31
162 72
232 113
273 142
279 156
236 140
158 97
80 46
23 9
1 0
17 3
70 27
150 62
226 101
273 136
277 152
240 140
173 107
97 62
33 29
0 7
11 5
64 23
17 58
216 99
15 125
275 146
246 134
183 105
107 70
41 35
1 9
7 3
58 21
132 56
210 99
11 132
275 146
250 138
191 111
109 74
46 37
3 9
5 1
50 15
125 52
203 95
0 128
277 144
255 140
191 115
123 78
52 33
7 13
3 1
42 13
115 46
187 89
5 126
277 144
259 140
207 119
132 82
60 42
11 15
1 1
37 15
113 54
187 95
238 115
265 121
261 123
216 117
142 93
66 52
13 11
0 0
33 7
99 46
177 91
242 123
275 138
267 140
220 126
150 97
74 56
17 17
0 0
25 3
89 37
167 78
236 115
275 138
271 144
228 130
158 97
83 58
25 23
0 3
19 5
80 31
160 70
232 111
271 140
271 146
234 130
169 101
91 62
27 27
0 3
15 3
64 27
150 66
224 107
3 136
275 146
240 126
175 105
99 66
35 29
0 5
11 3
64 23
142 62
216 105
265 134
277 146
246 136
189 115
113 82
37 39
0 0
0 0
56 5
134 52
208 99
259 128
277 140
251 132
195 113
119 82
46 44
5 11
3 0
48 13
125 52
201 97
255 128
277 142
255 136
201 115
125 82
52 42
7 11
3 0
42 13
115 48
193 89
253 125
279 144
259 140
207 119
132 82
60 46
11 15
1 1
37 11
105 42
185 85
248 121
275 140
265 140
216 123
142 87
66 48
15 15
0 1
31 9
95 39
175 78
242 117
275 142
267 144
222 126
152 93
76 54
19 21
0 3
25 7
89 37
169 76
240 121
279 154
265 148
216 111
152 72
85 44
27 27
0 9
17 5
78 21
160 62
234 115
273 150
271 152
234 130
169 95
93 62
29 31
0 7
13 1
72 21
150 60
222 107
267 140
275 148
242 132
177 101
101 66
35 33
1 9
11 5
62 21
140 58
216 101
265 136
275 146
246 134
185 107
109 70
41 35
1 9
7 1
56 19
132 54
208 99
259 132
277 144
253 138
193 113
117 76
46 37
5 9
3 0
48 15
52 52
76 95
7 128
277 146
255 140
130 117
128 82
48 46
13 23
3 9
33 11
101 31
187 70
3 115
271 142
259 140
203 115
128 78
64 44
13 21
1 7
35 13
105 39
185 82
248 123
275 146
263 142
214 119
142 83
68 50
13 19
0 3
31 7
95 35
177 78
242 117
275 142
267 144
222 125
152 91
76 52
19 21
0 3
23 5
85 31
166 72
236 115
275 142
269 146
228 128
162 97
83 60
23 25
0 3
19 5
78 29
158 68
228 109
271 138
275 146
236 130
169 101
93 62
29 29
0 5
15 3
70 27
150 66
222 107
267 136
277 148
248 146
181 119
91 64
23 9
0 0
13 0
64 27
138 64
214 95
265 125
279 144
250 144
185 119
109 76
41 33
3 5
5 1
54 21
128 56
207 93
259 125
275 140
253 138
195 117
119 78
48 37
5 7
5 1
46 19
121 50
199 91
257 126
277 144
255 140
201 117
126 80
54 41
7 11
1 1
41 13
113 46
191 87
251 125
277 144
259 140
210 119
136 83
62 46
11 15
1 3
35 11
103 41
183 82
246 123
277 144
265 144
216 123
144 87
72 50
17 21
1 5
33 15
103 50
171 83
230 109
265 123
267 130
226 123
154 93
76 52
19 15
1 0
27 9
87 41
164 80
234 115
273 138
271 144
228 130
162 99
85 58
25 21
0 0
17 1
78 29
156 70
228 109
271 136
275 144
236 132
169 103
93 64
31 27
0 5
13 5
68 25
148 64
220 105
267 136
275 146
242 132
179 105
103 66
37 31
1 7
9 1
62 21
138 58
214 103
263 134
277 146
248 136
187 109
111 72
42 35
1 7
7 3
54 19
128 54
207 97
261 130
277 146
253 140
195 115
123 82
54 52
1 15
0 0
39 0
121 33
203 93
255 134
275 144
257 132
205 111
130 83
56 52
7 21
0 0
39 5
111 41
191 91
250 128
277 144
261 136
210 115
136 85
62 50
11 17
0 0
35 7
103 39
181 85
246 123
277 142
265 142
216 121
146 89
70 52
15 19
0 1
27 7
93 35
173 76
242 117
275 142
267 144
224 125
156 93
80 56
21 23
0 3
23 5
85 33
164 72
232 111
273 140
271 146
232 130
162 97
87 60
25 27
0 5
17 5
78 29
158 72
234 119
271 146
263 142
226 117
167 87
95 56
31 27
0 5
13 0
70 19
150 62
222 109
267 142
275 150
244 134
179 103
103 68
35 33
0 7
7 0
60 17
136 56
214 101
263 134
275 146
248 134
189 107
113 72
44 37
3 11
5 1
54 17
128 52
205 97
259 132
277 148
253 138
195 113
121 76
50 41
5 13
3 1
46 13
121 48
197 91
5 128
277 146
257 140
205 117
130 82
56 44
7 13
1 1
33 13
95 46
189 87
1 125
277 146
261 144
210 121
138 87
64 48
5 17
3 9
37 21
93 37
162 62
242 99
29 134
269 148
218 128
146 78
72 44
3 17
1 9
27 17
91 41
173 74
240 113
15 140
267 148
220 126
154 91
80 50
21 19
0 3
21 0
85 33
164 70
234 111
15 140
271 148
232 130
164 99
87 58
27 25
0 5
17 5
66 27
154 64
228 107
5 138
273 150
234 132
173 101
97 64
31 29
0 5
13 3
66 23
146 62
220 105
265 134
277 146
244 134
181 105
105 68
37 33
1 7
9 3
60 21
136 60
212 101
263 134
279 150
255 146
187 117
103 66
35 21
1 0
7 0
52 17
126 52
203 91
261 125
279 146
255 144
197 121
121 80
50 39
5 11
3 3
44 17
117 48
195 87
253 123
277 142
257 140
205 117
132 80
58 44
9 13
1 1
39 13
109 44
189 87
250 123
277 144
263 142
212 121
138 85
64 46
13 17
0 1
33 9
101 39
181 82
246 121
275 144
265 142
218 123
146 89
70 48
17 19
1 3
27 9
91 37
171 76
240 117
275 142
269 146
226 126
156 93
80 54
21 21
0 5
23 7
85 37
167 83
230 117
261 126
263 123
234 115
167 99
89 66
23 25
0 0
17 0
78 31
156 78
224 117
269 138
273 140
240 130
173 105
97 68
31 29
0 0
11 0
68 21
146 64
218 107
267 134
275 142
244 134
183 109
105 72
37 33
1 3
9 0
60 21
134 58
210 99
263 130
277 144
250 136
189 111
115 74
44 37
3 9
5 1
52 17
126 54
205 95
259 128
277 144
255 138
197 115
123 80
50 41
5 11
3 0
44 15
117 48
195 91
255 128
279 146
259 144
208 123
136 91
62 54
1 13
0 0
33 0
111 33
189 83
248 125
275 140
263 136
214 119
142 91
66 56
13 21
0 1
31 5
99 37
46 82
244 121
25 142
265 140
218 121
148 89
74 54
17 21
0 1
27 5
91 35
169 78
238 117
23 140
269 142
218 126
158 95
82 58
21 23
0 1
21 5
82 31
162 70
232 111
271 138
273 144
232 128
166 99
89 60
27 27
0 5
15 3
74 27
154 66
224 109
269 136
275 146
240 125
173 103
93 66
33 29
1 5
13 3
66 25
144 64
218 105
5 144
279 158
236 130
171 85
103 48
42 27
3 13
7 7
56 17
136 48
212 97
15 140
277 156
250 142
189 107
115 70
44 37
3 13
5 3
50 13
125 46
203 89
257 130
277 148
253 140
199 113
123 78
50 41
7 13
5 3
44 15
117 46
195 89
253 126
279 146
259 142
205 117
132 82
58 44
9 15
1 1
37 11
107 42
187 85
248 125
275 144
263 142
214 121
140 87
66 48
13 17
0 0
33 9
99 39
177 82
242 119
275 142
267 144
220 126
150 93
76 54
21 25
5 13
23 11
80 27
160 58
236 99
275 134
269 146
218 126
158 91
83 52
25 23
0 9
21 11
80 31
160 66
232 109
271 140
271 150
232 130
166 97
89 58
27 25
0 5
15 5
72 25
152 64
224 107
269 136
273 146
240 134
175 103
99 64
33 31
0 5
11 3
64 23
142 58
218 101
1 134
277 148
246 136
183 105
109 70
41 33
1 9
7 1
54 19
134 54
210 99
261 132
277 146
250 136
191 111
117 76
46 39
5 11
5 3
50 17
125 52
203 95
257 132
277 146
257 142
140 128
115 85
41 31
0 0
1 0
46 11
117 54
64 91
1 119
279 136
263 142
208 126
125 91
58 44
9 9
1 0
37 13
105 46
183 83
248 119
277 138
261 140
212 123
142 89
68 50
13 15
0 1
31 9
99 41
177 82
242 119
275 140
267 142
220 126
150 93
74 52
17 19
0 1
25 5
89 35
167 76
236 115
273 140
269 144
220 126
160 95
83 58
23 21
0 3
21 5
80 31
158 70
230 111
271 138
273 146
234 132
167 101
91 60
29 25
1 5
17 7
78 35
29 76
216 107
7 125
250 130
240 123
177 103
99 68
33 27
0 0
13 0
66 25
142 68
216 107
265 134
277 144
246 136
183 111
107 72
39 33
1 5
7 0
54 17
132 56
208 97
261 130
277 144
251 138
193 113
117 78
46 39
3 9
5 1
50 17
123 52
201 93
255 126
279 144
257 140
201 119
125 82
54 41
7 11
3 1
42 15
115 48
193 89
251 125
277 144
259 140
208 119
134 85
60 46
9 13
0 0
37 9
107 42
185 85
248 123
277 144
265 144
216 125
142 91
72 60
19 31
0 0
17 0
91 13
179 70
246 123
275 146
265 140
222 117
154 89
78 60
19 31
0 7
23 3
87 29
166 72
234 115
275 142
271 144
228 123
160 91
83 56
25 25
0 5
19 3
80 27
160 68
230 113
271 140
273 146
234 128
169 99
91 64
27 29
0 5
13 3
72 25
150 64
222 105
267 134
275 146
242 134
173 105
101 68
35 31
1 5
3 1
64 23
140 60
214 103
15 132
277 144
248 136
185 109
109 72
41 35
1 7
7 1
56 21
130 56
210 101
269 142
275 152
240 130
183 95
117 62
50 35
3 11
1 0
48 9
125 44
203 95
257 134
277 150
257 142
203 115
126 80
52 42
7 15
1 1
41 9
109 41
191 85
3 125
277 146
259 140
208 117
136 83
62 46
11 17
1 3
35 11
105 41
183 83
246 123
275 144
265 142
216 121
144 87
68 50
15 19
0 3
29 9
95 37
175 78
242 119
275 142
267 144
222 125
152 93
76 54
17 21
0 1
25 5
87 35
166 74
234 115
273 140
271 144
230 130
162 99
85 60
25 25
1 7
25 17
76 37
146 56
220 85
269 121
277 142
236 136
169 103
93 56
33 21
1 5
15 11
70 31
150 64
220 101
267 134
275 148
242 138
177 105
101 62
35 27
1 5
9 3
62 23
140 58
214 99
265 134
275 148
248 138
187 109
109 70
41 33
3 7
7 1
54 19
128 52
207 95
261 130
277 146
251 140
193 113
119 76
48 39
5 11
3 1
46 15
50 48
74 91
5 128
269 146
257 140
203 117
125 80
46 42
7 13
1 1
41 13
113 46
191 89
1 125
279 146
267 150
214 130
128 85
50 33
5 0
1 0
35 7
101 41
56 80
248 117
27 140
267 146
218 130
144 95
68 52
15 15
0 1
29 9
93 39
171 78
240 113
275 138
267 142
222 125
154 93
80 54
21 21
0 1
23 7
85 35
166 74
234 115
273 138
271 144
230 128
162 99
85 60
25 23
0 3
19 5
78 29
156 68
228 109
271 136
275 146
238 132
169 101
93 62
31 29
1 7
13 3
70 25
148 64
222 105
267 136
275 146
242 134
179 105
103 68
35 29
1 7
11 5
62 25
144 70
218 113
257 130
265 126
244 115
189 99
115 76
42 41
0 5
5 0
56 13
132 62
207 107
259 136
277 142
253 134
195 113
119 80
48 41
5 7
3 0
46 11
121 48
199 95
255 128
277 142
257 138
203 117
128 82
56 44
9 13
1 1
41 11
111 44
191 87
250 125
277 142
261 140
210 119
136 85
62 46
13 15
1 1
33 9
103 41
181 82
246 123
277 142
265 142
218 123
146 89
72 52
15 17
0 0
29 7
95 39
173 80
240 119
275 142
269 146
226 128
158 101
85 68
19 29
0 0
13 0
82 17
166 66
234 115
271 140
271 140
232 123
166 99
89 68
25 33
0 5
17 1
76 25
156 68
226 113
269 138
273 142
238 128
171 101
95 64
31 29
0 3
13 1
68 21
146 62
220 107
267 138
275 146
242 134
179 107
103 70
37 33
1 7
9 1
60 19
138 58
212 101
263 132
277 146
250 138
187 111
111 72
44 37
3 9
7 1
52 19
128 54
207 95
259 130
277 146
253 138
197 113
121 78
50 41
5 11
3 1
46 15
119 52
197 95
257 130
283 156
257 146
193 105
121 58
56 27
13 11
3 7
37 13
109 37
191 80
253 126
279 152
261 150
210 121
138 82
64 44
11 17
0 3
33 9
101 37
179 76
246 119
275 144
265 144
218 121
146 85
74 50
17 21
0 5
27 7
93 35
171 76
240 119
273 142
267 144
226 125
154 93
80 54
21 23
0 3
21 5
83 31
164 72
234 113
273 140
271 146
230 128
164 97
87 60
27 25
0 3
17 3
76 27
156 68
226 109
271 138
275 146
240 134
173 103
97 66
33 31
5 13
17 13
60 25
132 50
212 85
267 125
277 144
242 136
179 103
105 64
41 29
3 11
9 5
58 23
138 58
212 99
263 132
275 146
250 136
189 109
113 70
42 35
3 9
5 1
52 19
126 52
205 95
259 130
277 146
253 140
197 115
123 78
50 39
5 11
3 1
44 13
119 46
197 89
253 125
277 144
259 142
205 119
130 82
56 42
9 13
1 1
39 13
107 44
187 83
250 123
277 144
263 144
212 121
140 87
64 48
5 17
0 3
33 11
101 41
54 83
244 121
25 142
265 144
156 132
152 105
64 52
5 0
0 0
29 0
95 41
169 83
236 115
17 132
271 140
220 132
158 105
80 62
21 21
0 0
21 3
82 35
160 76
230 109
21 125
271 140
224 128
166 99
89 60
29 25
0 5
17 5
66 31
154 70
226 111
19 136
273 144
238 132
173 103
97 66
31 29
0 3
13 1
66 23
144 62
218 105
267 134
275 144
244 134
181 107
105 70
37 31
1 7
9 3
58 21
134 56
212 99
263 132
275 146
250 138
191 111
115 74
42 35
3 9
9 5
54 27
132 66
201 103
248 123
269 128
253 125
199 111
123 80
50 39
5 5
3 0
46 13
119 54
197 99
253 130
277 142
259 138
205 119
130 85
58 44
7 9
0 0
39 9
107 42
187 87
250 123
277 142
263 142
214 121
142 87
66 48
13 15
0 1
31 7
99 39
179 82
244 119
275 142
265 142
220 125
148 91
74 54
17 19
0 1
27 7
89 35
169 76
238 115
275 140
269 144
226 126
158 95
82 58
23 23
0 1
19 3
83 31
162 72
232 113
271 140
273 146
234 132
167 103
91 66
33 39
0 13
5 0
62 3
142 48
228 105
5 142
265 146
238 125
177 95
93 66
35 39
0 15
1 3
64 19
142 56
216 105
265 138
275 146
244 130
183 101
107 68
39 35
1 9
9 1
58 19
134 54
210 99
263 134
275 148
250 136
191 109
115 74
46 39
3 11
5 0
50 15
125 52
203 95
257 130
277 144
255 138
199 115
125 80
52 33
7 13
3 1
42 13
115 46
187 89
3 126
277 144
259 140
207 117
132 82
60 46
9 15
1 1
37 13
109 44
187 87
0 132
279 154
257 142
203 109
136 70
68 39
15 17
0 1
29 5
99 33
181 78
246 125
275 150
265 148
220 123
150 89
74 52
15 21
0 1
25 5
89 31
167 74
236 115
273 142
271 146
228 126
158 93
82 54
23 25
0 5
19 5
80 27
160 68
230 111
271 140
273 146
234 128
167 97
91 62
29 27
0 5
15 3
72 27
150 66
224 107
269 136
275 146
240 134
175 103
99 66
33 29
0 5
11 3
64 23
142 60
218 103
1 136
277 148
246 136
185 109
109 72
41 37
1 9
13 9
62 33
126 54
197 78
257 107
279 134
253 142
191 117
115 72
46 29
7 7
7 7
48 25
125 56
203 91
257 125
275 144
255 142
128 117
125 78
52 37
5 9
1 1
31 15
115 48
68 87
3 125
269 144
259 142
142 121
132 83
60 44
11 15
1 1
37 13
105 42
44 83
248 121
27 142
263 144
214 123
142 87
64 48
15 17
0 3
31 9
93 39
52 80
236 119
25 142
267 144
220 126
152 91
76 54
19 21
0 3
25 7
89 35
169 76
238 115
15 142
273 148
234 140
158 105
72 52
13 7
0 0
23 0
80 31
158 68
230 105
273 134
275 146
236 136
167 105
91 64
29 25
0 3
13 5
70 29
150 64
222 103
267 132
275 144
240 132
177 103
101 66
35 31
1 7
11 3
64 25
140 62
216 103
265 132
275 146
246 134
185 107
109 72
41 35
1 7
5 0
48 19
132 56
142 99
3 132
277 146
251 138
193 113
117 76
46 37
5 9
5 3
50 19
123 52
201 93
257 128
277 144
255 140
201 117
126 80
54 42
7 11
3 1
44 15
117 50
199 101
251 132
265 132
251 119
207 103
138 82
62 52
9 15
0 0
37 3
107 42
185 93
248 130
275 146
263 138
216 121
142 91
68 54
13 17
0 0
29 1
97 37
175 80
242 121
275 142
267 142
222 123
152 93
74 54
19 21
0 3
25 7
87 33
167 74
236 115
273 140
271 144
228 128
160 97
83 58
23 25
0 3
19 3
80 29
158 70
228 111
271 138
273 146
234 130
169 101
93 62
29 29
0 3
13 1
72 25
25 62
222 109
19 138
275 146
242 134
179 109
107 76
39 44
0 7
0 0
56 5
140 48
216 99
15 134
275 142
246 130
187 105
113 74
42 42
1 13
7 1
54 15
130 52
208 101
259 134
275 144
251 132
195 109
119 76
46 39
3 9
5 0
48 15
121 50
199 93
7 128
277 146
255 140
130 117
126 80
46 44
7 13
1 0
41 11
113 44
193 87
251 125
277 144
261 142
210 121
136 85
62 46
11 15
1 1
35 11
103 42
183 83
246 121
277 144
265 144
216 123
144 89
70 50
15 19
0 3
29 9
95 37
177 82
242 121
277 150
271 156
216 123
142 74
72 33
21 11
1 5
25 11
85 29
166 64
238 111
275 146
271 156
228 132
162 93
85 54
25 25
0 7
17 5
76 27
158 64
228 107
271 138
273 146
236 130
169 99
93 60
31 27
1 9
13 7
70 27
148 62
222 105
267 136
275 148
242 134
177 105
101 66
37 31
0 7
11 3
62 21
138 58
214 101
263 132
277 146
248 136
187 109
111 72
41 35
1 7
7 1
54 19
128 54
207 97
261 130
277 146
253 140
195 115
119 78
48 41
7 15
11 13
46 23
111 44
189 76
253 111
271 138
257 142
138 117
126 76
58 37
11 15
5 7
41 19
111 46
191 85
3 123
277 146
259 144
208 119
138 82
62 42
11 13
0 1
31 11
103 41
183 82
246 121
277 144
265 146
216 125
144 87
70 50
15 17
0 1
29 9
95 37
173 76
240 117
273 140
267 144
224 126
154 95
78 56
19 21
0 1
23 7
87 35
166 74
234 113
273 140
273 146
230 130
162 99
85 60
25 25
0 3
17 3
78 29
156 68
228 111
271 140
273 146
236 132
179 115
95 74
21 17
0 0
13 0
74 23
150 72
218 107
267 128
277 138
246 134
181 115
103 78
37 33
1 1
9 0
60 21
136 60
212 99
263 128
275 140
248 134
187 111
111 74
42 33
3 5
7 1
54 19
128 56
205 95
261 130
277 144
253 138
195 115
119 78
48 37
5 9
3 1
46 15
121 50
199 91
255 126
277 144
257 140
203 117
128 82
56 42
7 11
1 0
41 13
111 46
189 87
251 125
277 142
261 142
210 121
138 85
64 48
13 17
0 1
35 11
109 48
187 95
238 123
263 128
259 125
218 111
148 89
70 54
13 15
0 0
31 3
95 39
171 83
240 123
275 142
267 142
224 125
154 95
78 58
19 21
0 0
21 1
85 31
39 74
218 115
15 140
271 144
162 128
164 99
85 62
25 25
0 3
19 5
68 29
154 70
228 111
17 128
273 146
238 130
171 103
95 64
31 29
0 3
13 1
68 23
146 64
220 105
267 134
275 146
244 134
181 105
103 68
37 31
1 7
9 1
60 19
134 56
214 101
265 134
277 148
248 138
189 111
113 74
48 44
7 23
0 0
41 0
123 29
208 85
261 134
277 152
251 134
197 105
123 74
52 46
5 21
3 7
44 13
117 42
197 89
3 128
277 148
257 138
187 113
130 78
48 44
9 17
1 1
31 11
109 42
189 85
0 125
277 146
261 142
210 119
138 85
64 46
13 17
0 1
33 9
101 37
181 82
246 121
275 142
265 142
218 123
148 91
72 54
17 21
0 1
27 7
93 37
171 78
238 117
275 140
269 144
224 126
156 95
80 56
21 23
0 3
23 5
83 31
164 74
236 117
281 152
271 152
220 121
156 82
87 46
29 21
0 5
15 3
74 23
156 62
228 109
271 144
273 152
238 134
171 99
97 62
31 31
0 9
11 3
66 19
144 58
218 103
265 136
275 146
244 132
181 105
105 68
37 33
1 7
11 3
60 21
134 56
210 99
263 132
277 146
250 138
189 111
113 72
44 37
3 9
5 0
52 15
126 52
205 95
259 130
277 146
255 138
199 113
123 78
50 41
5 9
3 0
46 15
119 50
195 91
255 128
277 144
259 140
205 119
130 83
58 46
9 15
3 3
44 23
107 52
177 76
240 99
275 125
265 140
214 128
138 89
64 42
13 9
3 3
33 19
99 48
177 82
246 115
277 140
265 146
216 126
148 91
72 48
17 15
0 1
25 7
91 37
171 76
240 115
273 140
269 146
226 130
156 95
80 56
21 21
0 3
21 7
82 31
160 70
232 111
271 138
271 144
234 130
166 99
89 62
27 27
0 5
17 5
74 29
152 68
226 109
269 136
275 144
240 132
173 103
97 64
33 29
0 5
13 3
66 25
144 62
218 105
267 136
277 146
250 142
187 119
101 72
27 23
0 0
9 0
60 17
134 58
208 99
3 126
279 142
251 138
191 117
113 80
44 37
5 7
5 1
50 19
123 54
203 95
257 126
277 142
253 138
197 115
123 78
52 41
7 11
3 1
44 15
117 48
195 89
253 125
277 144
259 140
205 117
130 80
60 42
11 13
1 1
37 11
107 42
187 85
250 123
277 144
261 142
212 121
140 87
66 48
13 15
0 1
33 9
101 41
177 82
242 119
277 142
267 146
220 126
148 93
74 52
17 19
0 1
25 7
91 37
177 85
242 130
267 138
257 125
222 105
160 87
83 62
21 29
0 0
21 0
85 27
164 78
232 123
271 144
271 142
234 126
166 99
89 66
27 29
0 1
15 0
72 21
152 66
226 109
269 138
275 142
240 130
175 105
99 68
33 31
0 3
11 0
66 23
142 62
216 105
265 134
277 144
246 134
181 107
107 70
39 33
1 7
7 1
56 19
134 56
210 97
13 132
277 146
251 136
191 111
109 76
44 37
3 11
5 1
50 17
125 50
203 95
259 130
277 146
255 140
201 117
128 83
60 52
5 21
0 0
33 0
113 31
197 83
253 126
275 144
259 134
126 113
126 83
60 52
9 21
1 3
37 9
107 41
60 83
248 123
27 144
261 138
212 117
142 85
68 50
5 19
0 1
31 7
97 37
177 82
234 121
25 142
267 142
220 125
150 91
74 54
17 19
0 1
25 7
89 33
167 74
238 117
275 140
269 144
220 126
160 97
83 60
23 25
0 3
21 3
82 31
160 72
230 113
271 138
273 144
234 130
167 101
91 62
27 25
0 3
17 5
72 29
150 66
224 109
271 140
281 158
238 142
164 93
89 42
33 11
5 5
13 9
62 27
142 54
218 95
269 134
277 154
246 144
183 109
107 64
41 29
1 9
7 5
54 19
132 50
208 91
263 128
277 148
250 138
193 111
117 72
46 35
3 9
5 1
50 17
125 50
201 93
257 128
277 146
255 140
201 115
125 78
52 33
7 13
1 1
31 13
99 44
193 87
253 126
277 144
259 142
208 119
134 83
60 46
9 15
0 1
37 11
107 42
187 85
248 123
277 144
263 142
214 123
142 89
68 50
17 21
5 9
35 19
89 39
166 66
236 101
275 130
269 142
222 126
150 89
76 48
21 17
1 5
25 13
87 39
166 74
236 111
273 140
269 148
228 132
158 95
83 54
23 21
0 3
19 5
80 31
160 68
230 109
271 138
271 146
236 132
169 101
91 62
29 25
0 5
15 3
1 25
25 64
218 105
1 134
275 140
242 134
171 105
101 66
35 31
1 7
11 3
64 23
142 60
216 101
265 134
275 146
246 136
185 109
109 72
41 33
1 7
7 1
56 19
132 56
208 97
261 132
277 146
251 140
197 121
121 87
41 37
0 0
0 0
50 5
126 54
201 99
255 126
277 136
259 134
203 123
126 89
52 46
5 9
1 0
42 13
113 48
191 89
251 123
277 138
259 138
208 119
134 85
60 46
11 13
1 0
37 11
105 44
183 85
248 121
277 140
263 142
216 123
142 89
68 50
5 17
0 0
29 9
95 39
31 80
234 119
275 142
267 144
222 125
152 93
76 54
19 21
0 3
23 5
87 33
167 74
236 113
273 140
271 146
230 130
162 99
83 60
25 25
0 5
21 7
82 33
164 78
228 117
261 132
263 130
232 117
171 95
93 64
29 27
0 0
15 0
74 25
150 70
220 113
265 138
275 144
242 132
177 107
99 70
35 31
1 3
9 0
62 21
138 60
214 101
265 132
277 144
246 134
185 109
111 74
42 37
1 7
5 0
54 17
130 54
208 97
261 132
277 146
251 136
193 113
119 78
48 39
5 9
5 1
46 15
121 50
199 93
257 128
277 144
255 140
130 117
126 82
46 44
7 13
1 1
31 13
97 46
191 87
1 123
279 144
261 144
210 121
136 85
64 48
17 27
0 11
23 1
91 17
181 62
1 121
277 150
261 144
214 115
148 82
72 52
15 27
0 9
29 7
95 33
173 76
240 119
273 144
267 142
224 123
152 89
78 54
19 23
0 5
23 7
85 31
166 72
234 115
273 142
271 144
222 126
162 95
85 58
23 25
0 3
19 5
78 27
158 66
220 109
21 138
273 146
236 130
162 99
93 62
31 29
0 7
13 3
70 23
148 64
222 107
267 138
273 146
242 132
179 105
103 68
35 33
1 7
11 3
62 23
140 60
214 103
271 142
281 156
242 136
175 95
105 54
42 23
5 7
7 3
52 17
130 48
208 93
261 134
277 152
253 144
195 115
119 76
46 39
3 11
3 3
46 15
119 46
197 87
255 126
277 146
257 140
203 115
128 78
56 42
7 13
1 1
41 11
113 44
191 87
250 125
277 144
261 140
210 119
136 83
62 46
11 15
1 1
31 1
103 41
56 78
246 121
27 144
263 142
216 123
146 89
72 52
15 21
0 3
27 7
93 35
173 78
240 119
275 142
265 144
224 126
154 95
78 56
15 23
0 5
29 15
89 44
156 70
222 93
267 119
273 136
234 132
162 103
85 56
25 17
1 1
21 11
78 39
154 74
226 107
269 132
273 144
236 136
169 103
93 60
31 21
0 1
15 5
70 29
146 64
220 103
267 134
275 146
242 136
179 107
103 68
37 29
1 5
9 1
60 23
138 58
212 99
263 130
277 144
248 136
189 111
111 74
42 35
3 7
7 1
54 19
128 54
207 95
261 130
277 144
253 138
197 115
121 78
48 41
5 11
3 1
46 15
119 50
199 93
257 128
279 146
261 146
210 128
126 87
46 37
0 0
0 0
41 5
111 44
189 85
250 119
279 138
263 142
212 126
138 91
64 50
11 15
0 0
33 11
101 42
179 82
244 117
275 138
265 140
218 123
146 91
70 50
15 17
0 1
29 9
93 39
173 78
240 115
273 140
267 142
226 126
156 95
80 56
19 21
0 1
23 5
85 33
164 72
232 113
273 138
271 146
232 130
164 99
87 60
27 25
0 3
15 3
76 27
156 68
228 111
269 138
273 146
238 132
173 103
95 66
31 29
0 5
13 3
68 25
148 66
226 117
265 142
263 134
234 111
179 89
107 68
39 39
0 9
9 0
62 13
138 60
214 109
261 140
277 146
250 132
189 107
113 74
42 39
3 7
5 0
52 13
126 52
205 95
259 130
279 144
253 136
197 113
121 78
50 42
5 11
3 0
44 11
119 48
197 91
255 128
277 144
257 138
205 117
130 82
56 46
7 15
1 0
39 9
111 42
189 87
250 125
277 144
263 142
212 121
138 85
64 48
11 17
0 1
33 9
101 41
179 82
244 121
275 142
267 146
220 126
148 93
78 60
21 29
0 1
15 0
85 17
171 64
242 115
273 142
267 142
226 121
160 91
83 60
21 31
0 9
21 5
83 29
162 72
230 113
269 138
271 142
232 126
164 97
87 60
27 25
0 5
17 5
74 29
154 66
226 109
269 138
273 146
238 132
173 103
97 64
33 29
0 3
13 1
66 23
146 62
218 105
265 134
275 146
244 134
181 105
105 68
39 33
1 9
7 3
58 19
136 56
212 101
263 132
277 146
248 136
189 107
115 74
46 37
3 9
5 1
52 17
126 52
205 97
259 130
283 154
257 152
189 111
111 56
46 17
9 1
5 3
44 19
117 44
197 82
257 123
279 152
259 150
205 123
132 80
58 39
9 13
0 3
37 13
107 41
187 82
248 121
277 144
263 146
212 123
140 85
64 48
13 17
0 3
31 11
99 39
179 80
244 121
275 144
265 144
220 125
148 91
74 52
17 19
0 1
27 7
91 35
169 76
238 115
275 140
269 144
226 128
156 95
82 58
23 23
0 3
21 5
83 31
162 70
232 111
271 138
273 146
234 132
166 101
89 62
29 27
3 9
23 15
72 35
140 56
216 89
269 121
275 140
238 132
171 101
97 60
35 25
3 7
13 9
66 31
144 64
218 103
265 134
275 146
244 134
183 107
105 70
39 31
1 5
9 1
58 21
134 58
210 97
263 130
277 146
250 138
189 111
115 74
44 37
3 9
5 1
50 17
125 52
203 95
259 128
275 144
253 138
199 115
123 78
52 41
7 13
3 3
44 15
115 48
195 89
255 126
277 146
257 142
205 119
132 82
58 44
9 15
0 1
37 13
109 44
187 85
250 125
277 144
265 144
216 126
146 93
64 56
1 3
0 0
31 0
103 39
179 87
242 121
275 134
269 136
222 126
150 101
72 60
17 19
0 0
25 3
89 37
167 78
236 115
273 134
271 138
228 126
158 97
82 58
23 21
0 0
21 3
82 33
162 72
232 113
271 138
271 144
234 128
167 101
89 62
27 25
0 1
15 1
74 27
152 66
224 109
267 134
275 144
240 132
175 103
99 66
33 29
0 5
11 1
64 21
142 60
218 103
265 136
275 146
246 134
185 109
109 72
41 35
1 9
9 3
60 23
138 64
212 109
253 130
267 132
246 123
191 103
117 74
46 39
3 7
5 0
52 13
126 54
203 101
257 132
277 142
255 134
201 115
123 82
50 44
5 11
1 0
42 11
115 46
193 89
253 125
279 142
259 142
207 119
132 85
60 46
11 15
0 0
37 9
105 41
187 85
250 125
277 144
263 142
214 121
142 87
62 50
5 17
0 1
31 9
93 39
37 80
234 119
25 142
267 142
220 125
150 91
76 54
19 21
0 3
25 7
89 35
167 76
236 115
17 140
269 144
222 128
160 97
83 60
27 31
1 15
11 1
68 11
154 48
232 101
25 142
271 150
232 126
167 89
95 60
31 35
0 15
15 9
72 23
150 60
222 107
267 138
273 146
240 130
175 99
99 62
33 29
1 7
11 3
64 21
142 60
216 103
265 136
277 148
246 136
183 107
107 68
41 33
3 9
7 3
56 19
132 54
208 99
261 132
275 146
251 136
193 111
117 76
46 39
5 9
5 1
50 15
123 50
201 93
257 130
277 146
255 140
201 115
126 80
54 42
7 13
1 1
42 13
115 46
195 91
255 132
283 156
257 148
197 109
125 66
58 31
13 9
1 1
33 9
105 37
187 80
251 123
279 150
263 150
214 123
144 87
68 48
5 19
0 3
29 7
97 33
35 76
240 119
275 142
267 144
222 125
152 91
74 52
17 19
0 3
25 7
87 33
166 72
236 113
275 140
269 144
228 128
160 95
83 58
23 23
0 3
19 5
80 29
158 70
228 109
271 138
273 146
236 132
167 99
91 62
29 27
0 5
13 3
70 25
150 64
224 107
269 138
275 146
242 132
177 105
101 68
35 33
0 7
13 7
70 37
13 68
205 89
5 111
269 130
250 134
185 115
107 70
41 27
5 1
9 3
56 29
130 62
208 95
3 125
277 142
250 140
191 115
109 74
46 35
3 5
5 0
48 17
123 52
201 93
257 126
277 144
257 142
201 117
126 80
54 41
7 11
3 0
41 13
113 46
193 87
251 123
275 142
259 140
210 119
136 85
60 46
9 13
1 1
37 11
105 42
183 83
248 121
277 142
263 142
216 123
142 89
68 50
15 17
0 1
29 9
97 39
175 80
242 119
275 144
269 148
228 136
154 103
68 54
7 7
0 0
17 0
89 33
164 74
234 111
275 134
273 144
232 132
162 103
85 62
25 25
0 1
19 3
78 31
156 70
228 109
269 134
271 142
236 130
169 103
91 64
29 25
1 3
15 3
70 27
148 64
222 107
269 136
275 146
240 134
177 105
103 66
35 31
0 5
11 3
62 23
140 60
214 101
265 134
277 146
248 136
185 109
109 72
41 35
1 7
7 1
56 19
130 56
207 99
261 130
277 146
251 138
193 113
119 78
48 39
5 11
3 1
48 17
46 52
205 93
9 140
267 140
238 117
199 95
130 74
56 48
5 17
1 0
42 3
115 41
193 93
251 134
277 148
261 138
208 115
126 83
62 50
1 17
0 0
35 5
95 39
183 83
248 123
277 142
265 140
216 121
144 89
70 52
15 19
0 0
29 7
95 37
173 80
240 119
275 142
267 142
218 125
154 93
78 56
19 21
0 1
25 5
85 33
41 74
234 113
273 138
271 144
230 128
162 97
85 60
25 25
0 3
19 5
78 29
156 66
230 109
271 138
273 148
236 132
171 103
97 70
37 39
0 11
3 0
60 7
146 48
222 99
267 136
273 144
242 128
179 99
105 68
37 37
1 13
9 3
60 17
138 56
214 103
261 136
275 144
248 132
189 107
111 72
42 37
1 9
7 0
54 17
130 54
205 97
259 130
277 146
253 138
195 113
119 76
48 39
5 11
3 0
46 15
121 48
199 93
255 128
277 146
257 138
201 115
128 82
56 44
9 13
1 1
41 11
111 44
189 87
250 123
279 142
261 142
210 121
136 85
62 46
13 17
0 1
33 11
103 42
183 83
248 123
279 150
271 156
214 130
134 76
62 27
15 3
3 3
29 15
91 39
171 70
242 109
279 144
269 156
224 134
154 93
78 50
21 19
0 5
21 7
83 31
164 68
234 109
271 140
271 146
230 130
164 97
72 58
25 25
0 5
19 5
78 29
0 68
218 107
3 136
275 146
236 132
171 101
95 62
31 29
0 5
13 3
68 23
148 62
220 105
251 136
275 146
242 134
181 107
103 68
37 31
1 5
9 1
60 21
136 56
214 99
265 134
277 146
248 136
189 109
113 72
44 37
3 11
13 9
56 27
121 54
195 82
3 113
271 134
253 138
195 115
119 74
50 33
7 9
7 7
46 23
119 54
197 91
255 123
277 144
257 142
203 119
128 80
56 39
9 9
1 0
39 13
111 46
189 85
251 121
277 142
261 142
212 121
138 87
64 46
13 15
0 1
33 11
101 41
181 80
246 119
277 144
265 142
216 123
148 87
74 52
17 21
0 3
27 7
93 35
173 78
238 119
275 142
269 144
226 126
156 95
80 56
21 23
0 3
21 5
83 33
164 74
234 115
273 142
271 146
232 130
169 109
89 72
17 21
0 0
13 0
80 21
158 74
226 115
269 132
273 136
242 130
175 111
95 76
31 33
0 3
13 0
66 23
144 66
218 105
267 132
275 140
242 130
181 107
105 70
37 33
1 3
9 0
60 21
136 62
212 103
263 132
277 144
250 134
189 111
113 74
42 37
3 7
5 0
52 17
126 52
205 95
259 130
277 144
253 138
197 115
123 78
50 39
5 11
3 1
44 15
119 48
197 91
255 126
279 146
257 142
205 117
130 82
58 44
9 15
1 3
39 13
113 48
195 97
246 126
267 134
255 126
210 109
140 82
64 50
11 15
0 0
35 5
103 42
181 87
244 125
275 142
265 140
220 123
148 93
72 54
17 19
0 0
25 3
91 33
171 78
238 117
275 140
269 142
226 126
156 95
80 58
21 23
0 1
21 3
83 31
162 72
232 113
271 138
271 144
232 128
166 99
89 60
27 27
0 3
17 3
74 27
154 68
226 109
269 138
273 144
238 132
173 103
97 66
33 29
0 5
13 1
66 25
144 62
218 103
267 134
277 148
244 136
181 109
107 72
42 41
7 23
5 9
46 5
126 33
212 83
267 132
277 152
248 136
189 103
117 68
46 39
5 19
5 9
52 19
126 48
203 91
257 130
275 148
253 138
197 109
123 74
50 39
7 13
3 3
44 13
117 46
197 89
253 128
277 146
257 140
207 117
130 82
58 44
9 15
1 1
39 11
107 42
187 83
250 123
277 144
261 142
212 119
142 87
66 50
13 17
0 1
33 7
101 39
179 82
244 121
275 142
267 142
220 125
148 91
74 52
17 21
0 3
27 7
91 37
171 78
240 119
31 150
271 154
216 123
146 80
68 39
23 13
1 3
19 0
80 27
162 66
236 111
17 144
273 154
234 134
166 99
89 58
27 25
0 7
15 5
64 25
148 62
224 105
3 138
275 148
234 132
175 101
97 64
33 29
0 5
13 3
66 25
144 62
216 103
265 134
277 146
244 134
183 107
105 68
39 33
1 7
7 1
58 19
134 56
210 99
263 134
277 146
250 136
191 111
115 74
44 39
3 9
5 0
52 15
126 52
203 95
259 128
277 144
255 140
199 115
123 80
52 42
7 13
3 3
48 25
119 58
187 85
242 105
273 123
261 134
208 123
130 87
58 41
9 5
3 0
39 19
107 52
185 87
248 119
277 138
263 144
212 125
140 87
66 44
13 13
0 0
31 9
99 41
177 80
244 117
275 142
267 144
220 126
150 93
74 52
17 17
0 1
27 7
89 35
167 74
236 111
275 140
271 146
226 128
158 95
82 56
23 23
0 3
19 5
82 31
160 70
230 111
271 138
271 146
234 130
167 99
91 62
27 27
0 5
15 5
74 27
152 66
224 109
269 138
275 148
242 138
183 117
95 72
23 23
0 0
9 0
68 19
142 62
214 103
265 130
277 140
248 136
185 115
107 76
39 35
3 5
7 0
56 21
132 58
208 97
261 126
277 142
250 136
189 109
117 74
46 37
5 7
5 1
50 17
125 52
203 95
257 128
277 144
255 138
199 115
125 80
52 41
7 9
3 1
42 15
115 48
195 89
253 125
279 144
259 142
207 119
134 83
60 44
9 13
1 1
37 11
105 42
185 83
250 123
277 144
263 144
214 123
142 89
66 48
15 19
0 5
31 11
95 39
54 83
250 132
271 150
255 130
214 101
152 78
80 54
19 29
0 1
25 0
91 27
171 78
236 123
273 148
267 146
126 125
158 93
62 60
23 27
0 3
19 1
80 25
0 68
222 113
23 140
273 144
234 128
160 99
91 64
29 29
0 3
15 1
64 25
150 64
218 107
1 136
275 142
240 125
175 105
99 66
33 29
1 5
11 1
62 21
142 60
216 103
265 134
277 144
246 134
185 107
109 72
41 35
1 7
7 1
56 19
132 54
210 97
263 132
277 148
251 138
193 113
119 78
54 48
7 21
0 0
37 1
119 33
203 83
259 128
275 146
253 134
201 109
128 78
54 46
9 21
3 7
42 13
115 42
193 87
251 126
275 144
259 138
208 117
132 82
60 44
11 15
1 1
37 9
105 41
185 83
248 125
275 144
263 142
216 123
142 87
68 50
13 17
0 1
31 7
95 37
175 80
242 119
277 142
267 144
220 125
150 91
76 52
21 23
0 3
23 5
87 33
169 74
236 117
273 142
269 144
230 128
160 97
83 58
23 25
0 3
21 5
80 31
158 70
230 113
271 142
279 156
236 142
160 93
82 41
25 5
3 0
17 9
70 31
148 60
224 99
271 134
277 154
242 144
175 107
101 64
35 25
0 5
9 5
62 25
138 56
214 93
15 130
277 148
248 138
185 109
111 70
41 33
1 9
5 1
56 21
132 56
208 97
259 130
277 144
253 138
193 113
117 76
46 37
5 9
5 1
48 17
115 50
201 91
7 126
277 146
255 140
193 117
126 80
56 42
7 11
1 0
41 13
113 44
193 87
3 126
277 146
259 142
208 119
136 85
62 48
13 19
5 7
41 21
101 44
171 74
240 103
275 130
267 138
216 123
142 87
68 44
17 13
1 3
31 15
95 42
175 80
240 115
277 140
269 146
222 128
152 91
76 50
21 17
0 1
23 7
85 33
166 72
236 111
273 138
271 146
228 130
162 97
83 58
25 23
0 3
19 5
78 31
158 68
228 109
271 136
271 144
236 134
169 103
93 62
29 27
0 5
15 3
70 25
148 64
222 105
267 134
275 144
242 132
179 105
103 68
35 33
0 5
11 1
62 23
138 60
214 101
15 134
279 148
248 138
189 115
117 83
39 39
0 0
0 0
54 1
134 54
208 105
259 132
277 138
255 132
199 117
121 87
46 46
3 9
3 0
48 13
121 52
197 95
255 126
277 140
255 136
201 117
126 82
54 42
9 11
3 0
41 13
113 46
191 89
251 126
277 142
261 140
210 119
136 85
62 46
3 13
0 0
35 11
103 42
181 83
246 119
27 142
265 142
216 123
144 89
70 50
15 17
0 1
27 7
95 37
175 78
242 119
275 140
267 144
224 126
154 95
78 56
21 21
0 3
25 7
87 37
171 83
236 123
263 134
261 130
226 115
164 89
87 60
23 25
0 0
19 0
80 29
158 74
228 117
19 140
273 142
234 130
169 103
93 66
29 27
0 1
13 0
68 23
21 64
220 107
267 136
275 144
242 132
179 105
103 68
37 33
1 7
9 1
60 21
138 60
214 103
263 134
277 144
248 134
189 109
111 72
41 35
1 7
7 1
54 17
128 54
207 97
259 130
277 146
253 138
195 113
121 76
48 39
5 11
3 0
46 15
121 50
199 91
255 128
279 146
257 142
205 119
128 83
56 46
13 23
3 11
31 5
99 21
187 66
255 119
279 150
259 146
208 115
140 78
66 46
13 25
0 11
33 13
103 39
181 78
244 121
275 144
265 144
218 121
144 85
70 48
17 19
0 3
29 9
91 35
171 74
240 117
275 144
267 146
224 125
154 93
80 54
19 21
0 1
23 5
85 31
164 70
234 113
271 140
271 144
230 128
164 99
87 60
25 27
0 5
17 5
76 29
156 68
228 111
269 138
273 146
238 130
171 101
95 64
31 29
0 5
13 3
68 25
146 64
220 107
271 142
279 154
240 138
169 95
95 50
37 21
3 5
1 3
58 19
136 52
216 97
17 136
277 152
248 142
189 111
109 64
42 37
1 11
5 3
52 17
126 48
205 91
9 128
277 146
253 140
197 113
121 76
50 39
5 11
3 3
46 15
119 48
197 91
255 126
277 146
257 140
203 117
128 80
56 41
9 13
1 1
41 13
109 44
189 85
251 123
277 144
263 142
210 121
138 85
64 46
13 15
0 1
31 7
101 39
181 83
246 121
275 142
265 142
220 125
148 91
72 54
15 19
0 3
31 15
97 48
166 80
226 99
267 117
269 132
228 128
156 99
78 54
21 15
1 0
23 7
85 41
164 80
232 111
273 134
271 144
232 134
164 103
87 58
25 19
0 0
17 3
74 31
154 68
226 107
269 134
275 146
238 134
173 105
97 66
31 29
0 3
13 3
66 25
146 62
218 103
265 132
275 144
244 136
181 109
103 70
37 33
1 7
9 1
60 21
134 58
210 99
263 132
277 146
250 138
189 111
113 74
44 37
3 9
5 1
52 19
126 54
205 97
259 130
279 146
257 144
203 125
123 85
42 37
0 0
0 0
46 7
119 48
195 91
253 125
279 140
259 138
207 123
130 89
58 48
9 13
1 0
39 13
107 44
187 87
250 121
277 140
261 138
210 119
140 87
64 48
5 17
1 1
33 11
99 41
179 82
244 121
27 142
265 144
218 123
148 91
72 52
17 17
0 1
27 7
29 37
46 76
238 117
275 140
269 144
226 126
156 95
82 56
21 21
0 1
21 3
83 31
162 74
232 113
273 140
273 146
234 130
166 101
87 62
25 25
0 3
17 5
76 31
154 70
230 119
269 144
265 136
228 111
171 85
99 62
35 37
0 9
11 0
68 15
148 62
220 113
265 144
273 146
244 128
183 103
105 72
37 37
0 7
9 0
58 15
134 56
210 101
263 134
277 144
250 134
189 109
115 76
44 39
3 11
5 0
48 13
125 50
205 97
259 132
277 146
255 136
199 113
123 80
50 42
5 13
3 0
44 13
117 48
195 91
253 126
277 144
259 140
205 117
132 82
60 44
9 15
1 1
37 9
109 42
187 87
248 123
277 144
263 144
214 123
142 89
70 56
19 29
0 5
21 0
91 21
177 66
246 115
275 144
263 142
220 119
152 87
76 56
19 27
0 9
25 7
91 33
169 76
238 117
271 140
267 140
228 123
158 93
82 56
21 23
0 3
21 5
82 31
160 70
232 113
271 140
271 144
232 128
166 99
89 60
27 27
0 5
15 1
74 25
152 66
224 109
269 136
275 144
240 132
173 101
99 64
35 31
1 7
11 3
64 23
142 60
218 105
267 136
275 146
244 134
183 105
107 70
39 35
1 9
7 1
58 19
134 56
210 99
261 134
283 154
255 152
185 113
103 56
39 13
5 0
9 3
50 23
123 50
203 85
261 125
279 150
255 150
197 121
125 78
52 37
5 11
1 3
42 17
117 46
195 85
0 121
277 144
259 144
207 121
132 82
58 44
9 13
0 1
37 13
107 42
187 83
250 123
275 142
263 142
214 121
142 87
66 48
13 17
0 1
31 9
99 39
177 80
242 119
275 142
267 144
220 125
150 91
74 52
17 21
0 1
25 5
89 33
169 74
238 117
273 142
269 144
220 128
160 97
83 60
23 27
1 7
27 17
82 39
150 66
220 95
269 123
275 136
234 130
166 99
89 56
31 21
1 5
17 9
72 33
150 68
222 103
269 136
275 148
238 134
175 105
99 64
33 27
0 3
11 3
64 25
142 60
216 99
265 132
275 146
246 136
185 109
107 70
41 33
1 9
7 3
56 19
132 56
208 97
261 130
275 144
251 136
193 111
117 76
44 37
5 9
5 1
50 17
123 52
201 93
257 128
277 146
255 140
199 117
125 80
54 42
7 13
1 1
42 13
115 46
195 89
253 126
277 146
259 142
208 121
140 95
60 54
1 7
0 0
35 0
109 39
187 91
248 126
275 138
263 134
218 121
144 95
68 58
13 19
0 0
29 3
97 37
175 83
234 121
275 138
267 138
220 123
150 93
74 54
19 19
0 0
25 5
87 35
167 76
236 117
273 140
269 144
220 126
160 95
83 58
23 23
0 1
19 3
80 29
160 70
230 113
271 138
273 144
236 130
167 101
91 64
29 25
0 3
15 1
72 27
150 66
222 107
269 136
275 146
240 134
177 105
101 68
35 31
1 7
11 3
66 25
146 68
220 115
259 134
263 130
240 117
185 97
111 68
39 35
0 5
7 0
58 17
134 58
208 105
261 134
277 144
251 132
193 111
119 80
44 42
3 9
3 0
48 13
123 50
201 95
255 128
277 142
257 138
201 117
126 80
54 42
7 11
1 0
41 11
115 44
193 89
253 126
277 144
259 138
208 117
134 83
60 46
9 15
0 0
35 11
105 42
185 85
246 121
275 142
263 142
214 121
142 87
68 50
15 19
0 3
29 7
95 35
177 78
244 121
275 144
267 144
222 126
154 93
76 56
23 31
3 15
19 7
76 15
160 50
236 101
277 142
271 150
226 126
160 87
87 54
27 31
0 13
19 11
78 27
158 62
228 107
5 140
271 150
234 128
162 95
93 58
29 27
0 5
15 5
72 25
150 64
222 105
269 138
275 148
240 134
177 103
101 66
35 31
1 7
9 3
62 21
140 56
216 101
265 134
275 144
246 134
187 107
111 72
41 35
1 9
7 1
56 19
130 54
207 97
3 132
277 146
251 138
193 111
119 76
48 39
5 11
5 1
48 15
123 50
201 95
9 134
281 158
255 148
191 111
109 62
52 27
9 7
3 3
31 13
111 41
193 82
255 125
279 152
261 150
208 121
136 82
62 44
11 17
0 3
33 9
103 39
183 80
246 121
275 142
265 144
216 123
144 87
68 48
15 17
0 3
31 9
95 39
173 78
242 119
275 142
267 144
222 125
154 93
76 54
19 21
0 1
25 7
87 35
166 74
234 115
271 138
271 144
230 128
162 97
85 58
25 25
0 5
19 5
78 29
158 68
230 111
271 140
273 148
236 130
171 101
95 66
31 31
0 7
15 5
76 37
148 72
210 97
257 113
273 128
246 130
179 113
99 70
35 25
3 0
15 5
62 31
138 66
212 101
265 126
277 144
248 138
185 113
109 72
42 31
3 3
5 0
46 21
130 56
207 95
259 128
277 144
253 140
195 115
119 76
48 37
5 9
3 1
46 17
119 48
199 91
255 126
277 144
255 138
203 119
128 82
54 42
7 13
1 0
41 13
113 46
191 87
250 123
277 142
261 140
210 121
136 87
62 46
13 17
1 1
35 11
103 41
183 83
248 123
277 144
265 144
222 130
150 99
66 52
5 7
0 0
29 0
97 35
173 78
238 115
275 136
271 140
226 128
154 99
78 60
21 21
0 0
23 3
83 31
164 74
232 111
273 136
271 142
230 128
162 99
85 60
25 25
0 3
19 7
78 31
156 68
226 109
271 136
273 146
236 132
169 101
93 62
31 27
0 3
5 3
68 25
23 64
218 105
1 136
275 146
244 134
179 105
103 68
37 31
0 3
11 1
62 21
130 60
212 99
13 132
277 144
248 136
187 111
113 74
42 37
3 9
5 3
54 19
130 56
208 103
263 142
269 142
242 117
191 91
123 68
50 42
5 15
3 0
46 7
121 46
199 97
255 138
277 150
255 136
203 111
130 82
56 48
7 15
1 0
41 5
111 42
189 89
250 126
277 142
261 138
212 119
136 87
62 48
11 17
0 0
35 9
103 41
181 83
246 121
277 142
265 144
216 123
146 89
72 52
17 19
0 1
27 5
93 35
48 78
240 117
25 140
265 144
130 126
156 95
78 56
21 23
0 3
21 5
83 31
164 72
236 115
273 142
271 146
232 128
166 99
89 64
33 37
0 11
7 0
66 9
152 52
230 103
271 138
273 146
236 126
173 95
99 64
33 35
0 13
13 5
68 23
146 60
220 105
267 138
275 146
242 132
179 101
103 66
37 33
1 7
9 1
60 19
136 56
212 101
263 134
277 146
250 136
187 109
111 72
42 37
3 9
5 1
52 17
126 52
205 95
1 130
275 144
253 136
197 115
123 80
50 42
5 11
5 0
46 15
111 48
195 91
5 126
277 142
259 140
205 117
128 82
58 44
9 13
1 1
39 13
111 44
189 87
1 126
279 148
267 154
210 128
126 76
54 25
11 0
3 0
35 17
99 42
179 74
248 113
279 144
267 154
218 132
144 89
72 46
17 17
0 5
25 11
91 37
171 72
240 113
273 140
267 146
226 128
156 95
80 54
21 21
0 3
21 7
83 33
164 72
232 111
273 140
271 148
232 132
164 99
87 60
27 25
0 3
15 3
76 27
154 66
226 109
271 138
273 146
238 132
173 103
95 64
33 29
0 3
13 1
68 25
146 62
220 105
267 136
275 148
244 136
181 107
107 70
39 35
3 11
13 9
64 31
130 58
201 87
255 115
277 134
251 134
187 111
113 72
44 31
5 5
9 5
52 25
126 58
205 93
259 126
277 146
253 142
195 115
121 76
50 37
5 9
3 0
44 15
119 48
195 89
253 125
277 144
259 142
205 119
130 82
