860000 10000000 180355 11
199 95
251 128
275 146
267 152
212 128
132 78
64 29
19 3
5 1
25 13
78 33
150 60
222 99
267 134
275 152
244 142
189 111
117 70
50 35
9 13
3 5
41 15
105 41
179 78
240 115
273 142
267 146
228 126
162 95
89 58
31 29
3 9
13 5
62 23
134 58
205 97
255 128
275 144
257 138
207 117
136 83
66 48
17 17
1 3
29 9
85 35
162 72
226 109
267 134
273 142
242 132
181 107
109 72
44 37
5 9
7 1
48 17
115 50
187 87
246 121
275 140
265 144
222 126
156 97
87 66
31 37
0 7
5 0
62 9
144 50
214 99
259 132
271 140
253 130
203 111
130 83
58 50
13 17
3 1
33 9
93 39
167 78
232 115
269 136
269 140
234 126
173 101
101 68
39 31
5 7
11 1
54 21
123 54
195 93
250 125
275 140
261 140
214 123
146 91
76 52
21 19
1 3
21 7
78 31
150 66
218 105
263 132
273 144
248 134
191 111
121 78
52 41
9 11
5 1
39 13
103 44
177 80
240 117
273 138
269 142
228 128
166 99
93 64
33 29
3 7
11 3
60 23
138 68
208 111
250 130
263 125
251 117
210 107
142 89
68 56
17 15
1 0
29 3
87 39
158 82
226 115
267 132
273 138
242 130
183 113
111 76
44 35
7 3
7 0
46 17
111 50
185 87
244 117
273 136
265 142
222 126
158 97
85 58
27 25
1 5
15 5
66 27
138 62
208 97
257 126
275 142
253 140
201 115
130 82
62 44
15 17
3 5
31 11
91 37
167 74
230 111
267 136
271 144
236 130
177 103
103 68
41 35
5 11
9 3
52 19
121 52
68 91
0 125
277 146
269 152
218 132
140 87
68 39
19 5
3 0
21 5
72 29
146 60
218 97
267 132
277 150
250 144
193 115
123 76
54 39
9 13
3 5
35 13
99 37
175 76
236 113
271 138
267 142
232 126
167 99
97 64
37 31
3 9
11 5
58 21
128 54
199 93
253 125
275 142
259 140
208 119
140 85
72 50
19 21
1 3
25 5
82 31
158 70
224 109
265 136
273 144
244 132
187 109
113 74
48 37
9 11
5 1
42 15
107 46
183 83
244 119
273 140
267 142
224 126
162 97
89 62
29 29
5 15
17 17
56 21
125 39
205 78
261 123
277 148
253 142
201 113
134 76
68 44
17 25
1 13
27 13
89 33
166 70
230 113
267 140
269 144
238 128
179 99
107 66
41 35
5 11
7 3
48 15
115 46
191 87
248 125
275 144
263 140
218 119
154 91
82 58
25 27
1 5
19 5
72 27
146 64
214 103
261 132
275 142
251 136
197 113
125 80
58 42
11 15
1 1
35 9
97 39
173 80
236 119
271 140
269 142
234 130
171 103
99 68
37 31
3 5
11 3
56 23
128 60
205 105
251 130
263 134
251 125
210 107
146 83
74 52
19 19
0 0
25 1
83 35
156 76
220 113
263 134
273 142
246 134
187 113
115 76
48 39
7 7
5 0
41 13
105 42
181 83
242 119
271 140
267 142
228 126
164 99
89 62
31 27
1 5
15 5
62 25
134 58
207 95
257 126
275 142
255 140
205 117
136 83
66 46
17 17
1 3
29 11
87 37
162 72
228 111
267 134
273 144
240 134
181 107
107 68
44 35
7 11
7 5
46 17
115 48
189 87
248 123
275 144
263 144
222 126
160 105
83 66
15 15
0 0
15 0
74 23
144 68
210 103
259 125
277 136
255 138
199 123
126 87
60 44
13 11
1 0
33 9
95 42
169 78
232 111
269 134
271 142
234 132
173 105
99 66
39 29
5 7
9 5
52 23
123 54
70 91
1 123
273 140
261 140
214 123
148 91
76 52
21 21
1 3
21 1
78 33
17 68
218 103
13 132
275 140
248 136
191 111
111 76
52 31
11 13
5 3
31 13
105 42
54 83
240 119
21 140
267 142
125 128
166 99
93 64
33 29
7 13
1 15
48 27
119 46
70 78
5 115
269 140
255 140
205 117
140 80
64 46
19 21
1 9
23 13
85 35
35 62
224 107
0 136
271 144
171 132
181 105
111 68
37 35
7 11
7 3
44 13
95 44
187 85
246 123
273 142
265 142
222 125
158 95
85 58
27 27
1 7
17 5
66 25
138 60
210 99
259 130
275 144
253 138
201 115
130 82
60 44
15 15
1 1
33 11
93 39
42 76
232 113
19 128
271 144
236 132
173 103
103 68
41 33
5 9
9 5
52 19
113 52
70 93
1 130
271 154
257 144
207 107
142 68
78 41
25 21
3 9
19 5
66 21
150 58
220 105
0 142
265 150
248 136
193 107
121 74
54 44
9 17
1 1
37 5
93 35
50 78
238 119
21 142
269 142
224 126
167 99
95 64
31 33
3 9
11 3
56 19
128 54
138 95
3 126
267 142
257 136
130 117
142 87
72 54
15 23
1 3
17 7
17 33
31 70
220 109
15 134
273 142
244 132
185 109
115 66
48 39
7 11
5 1
35 13
95 46
50 85
242 119
23 138
267 144
218 130
166 107
91 72
23 27
0 0
1 0
64 13
138 58
208 99
5 126
267 136
255 134
205 119
134 91
64 52
5 17
1 0
31 9
23 39
164 76
228 109
17 130
271 138
238 130
171 107
105 70
42 33
5 7
7 1
46 19
111 52
191 91
248 121
273 138
263 140
218 125
152 93
80 54
25 21
1 3
19 7
72 29
146 64
214 101
11 130
273 142
248 136
197 113
125 80
56 42
11 13
3 3
37 15
99 42
173 80
236 115
21 138
269 144
224 130
171 101
99 66
37 33
5 9
11 5
58 27
130 68
193 95
240 107
17 119
261 128
216 125
142 95
62 50
19 11
5 0
27 13
80 42
152 74
220 103
0 128
275 142
244 136
187 113
117 72
46 33
0 7
3 1
41 15
107 44
181 83
242 117
273 140
267 146
220 130
162 99
89 60
31 27
1 5
13 3
62 23
134 56
203 97
0 128
275 142
255 140
207 119
136 83
64 48
15 17
1 1
29 9
89 37
162 72
228 111
267 136
273 144
240 134
181 107
109 72
44 37
5 9
7 1
48 17
117 50
189 89
248 125
281 150
265 150
212 123
144 80
78 41
27 15
3 5
17 7
68 25
142 56
216 99
13 136
275 152
251 142
126 109
128 78
58 42
11 15
3 3
33 9
95 35
169 74
234 113
269 138
269 144
234 128
173 99
101 66
39 33
5 11
9 3
54 19
125 52
197 91
250 123
275 140
261 140
214 121
146 89
76 52
23 23
1 5
21 7
78 31
152 66
220 105
265 136
273 146
246 136
191 111
119 76
52 41
7 11
5 1
41 13
105 44
177 83
240 117
273 140
269 144
230 130
164 99
93 64
37 37
5 19
3 1
48 1
126 33
207 87
257 134
273 148
255 134
208 111
142 83
70 58
17 29
1 7
25 5
85 29
160 70
226 113
265 138
271 140
242 126
183 103
111 72
44 39
7 11
7 1
46 15
113 48
185 89
244 121
275 140
265 142
222 125
156 95
85 58
27 25
1 3
15 3
68 25
140 62
210 101
259 130
275 142
253 136
201 113
130 82
60 46
13 17
3 1
33 11
93 39
167 76
232 113
271 138
271 144
236 130
175 105
103 68
41 35
5 11
11 5
54 23
128 62
193 97
240 117
263 123
259 125
218 117
148 91
76 54
23 17
3 0
23 7
76 35
150 74
218 107
263 130
273 140
248 134
193 115
121 78
52 39
9 9
3 0
37 11
101 42
177 80
238 115
271 138
269 144
230 130
167 101
95 64
33 29
3 5
11 3
56 21
130 56
201 93
253 125
275 142
259 140
210 121
140 87
70 50
17 17
1 1
27 7
83 35
156 72
224 107
265 134
273 144
244 134
185 111
113 74
46 37
7 11
5 3
44 17
111 46
183 83
244 121
275 142
267 146
230 138
160 107
78 52
19 3
0 0
17 0
68 31
138 64
207 93
257 119
279 142
257 148
203 126
132 85
62 41
15 13
1 3
29 13
87 35
166 70
232 107
267 134
271 144
238 132
179 105
107 68
41 33
5 9
9 3
50 19
119 50
191 87
248 121
275 142
263 142
218 123
152 91
80 54
25 23
1 5
19 7
74 29
146 64
216 103
261 132
273 142
250 136
197 115
125 80
56 42
11 13
3 1
37 13
99 42
173 80
236 115
271 138
269 144
232 132
171 103
99 68
41 37
11 21
7 9
44 13
117 37
199 78
255 121
275 144
257 140
210 115
146 82
76 52
21 25
1 9
23 9
82 31
154 68
220 107
263 134
271 142
244 130
189 107
115 74
48 39
9 11
5 1
42 13
107 44
181 83
242 119
273 140
267 142
226 126
162 97
89 60
31 27
3 5
15 5
62 25
134 58
207 95
257 128
275 144
255 140
205 119
134 83
66 46
15 19
1 3
29 9
89 35
164 72
228 111
267 136
271 142
240 132
181 107
107 70
44 35
7 11
9 5
48 19
115 50
191 91
253 134
271 150
251 130
210 99
154 76
85 56
27 31
0 5
17 0
72 21
146 64
214 111
261 138
273 144
251 132
197 111
125 80
56 46
13 15
3 0
33 5
95 37
171 80
234 117
269 136
269 140
236 128
171 103
99 68
37 33
5 7
11 3
52 19
123 52
197 93
253 125
275 142
259 140
212 121
146 89
76 54
21 21
0 3
23 7
78 31
152 68
220 105
263 132
273 142
246 134
191 111
117 76
52 41
9 15
5 5
39 15
105 44
179 83
240 119
273 140
267 142
234 134
169 111
85 66
19 17
0 0
13 0
62 19
130 58
201 93
255 121
277 136
259 142
208 125
138 91
68 50
17 17
1 1
27 9
83 37
158 70
224 105
267 130
273 142
242 134
181 109
111 70
44 35
7 9
7 5
44 19
113 48
187 83
244 117
273 140
265 142
222 126
156 93
85 56
27 25
1 7
17 7
68 27
140 60
210 99
259 130
275 144
253 138
199 115
128 80
60 44
13 17
3 3
33 11
93 37
167 74
234 113
269 138
271 144
236 132
175 103
103 68
39 33
5 11
13 9
58 33
117 56
183 76
244 101
275 128
263 142
216 128
146 87
78 44
25 17
3 9
21 17
74 37
148 64
218 99
263 132
273 148
246 140
191 109
121 72
54 37
9 15
3 3
37 13
103 41
177 78
238 117
271 140
267 146
230 128
166 99
93 62
33 29
1 5
11 3
60 21
128 54
201 95
255 128
275 144
257 140
208 119
138 87
70 50
19 21
1 3
25 9
83 33
158 70
224 109
265 134
273 144
244 134
185 109
113 74
48 39
7 11
5 1
42 13
113 48
187 89
250 130
275 152
257 140
214 113
154 80
85 50
29 25
1 5
13 0
66 19
140 58
212 103
261 138
275 148
253 138
203 115
132 83
60 48
13 17
1 0
31 5
91 33
166 74
230 111
269 136
271 142
238 130
177 105
105 70
42 35
7 11
7 5
48 19
119 50
193 89
248 123
273 142
261 140
218 123
150 91
78 56
25 23
3 3
19 5
74 27
144 62
216 103
263 132
273 144
248 136
195 111
125 78
56 44
11 15
1 1
37 11
101 42
173 83
236 117
271 138
271 144
232 130
169 103
97 70
41 44
0 7
0 0
50 0
128 42
203 99
253 132
271 140
259 130
214 115
144 93
72 62
19 27
1 1
25 3
80 31
154 72
220 111
265 132
271 138
246 128
189 109
117 78
50 41
9 11
5 0
42 15
107 48
181 87
242 119
17 134
267 140
218 126
162 99
64 62
31 27
3 3
13 3
62 23
136 60
208 99
257 128
275 142
255 138
205 119
134 85
64 48
15 17
1 1
29 9
89 37
162 72
228 111
269 136
273 146
238 132
179 107
109 70
44 37
7 13
9 7
56 27
117 56
179 83
236 105
271 125
265 134
220 125
152 93
80 52
27 17
5 5
21 11
70 33
142 64
214 99
261 130
273 146
250 138
197 115
126 78
58 41
11 13
3 3
35 13
97 39
171 76
236 113
271 138
269 144
234 130
171 101
99 64
39 31
5 9
11 5
54 19
125 52
197 91
251 125
273 142
261 140
214 121
144 87
72 50
23 21
3 5
23 9
78 31
152 68
222 105
265 136
273 146
246 134
189 111
119 76
52 41
9 13
3 1
42 15
107 46
179 85
240 119
273 142
273 152
230 140
154 93
80 39
29 5
5 0
15 9
60 29
130 54
205 87
259 125
275 150
257 150
207 123
136 83
66 44
17 19
1 7
27 11
85 33
160 66
228 107
267 136
273 146
242 132
181 105
111 70
44 37
5 13
5 5
46 17
113 46
185 85
244 121
273 140
265 142
222 123
156 93
83 58
29 27
3 5
17 5
68 25
140 62
212 101
259 130
273 142
251 136
199 115
128 82
60 44
13 15
3 1
33 11
93 39
169 76
234 115
271 136
269 144
236 130
177 105
107 74
31 44
3 15
0 0
35 3
121 37
72 85
0 123
273 140
261 134
154 117
150 91
78 60
23 29
1 7
21 5
68 27
148 66
218 107
11 132
255 140
240 130
191 109
121 76
54 42
11 13
5 1
31 13
103 42
37 83
238 119
21 138
267 142
220 126
166 99
95 64
33 29
1 5
3 3
58 21
130 56
203 95
3 126
275 142
259 140
208 119
138 83
70 48
21 19
1 5
25 9
83 33
158 70
226 109
265 136
273 144
242 134
185 107
113 74
46 37
7 11
5 3
44 17
113 50
191 97
244 128
263 132
255 119
222 107
162 93
87 64
27 27
1 0
17 0
68 25
140 70
210 109
257 130
275 138
253 134
201 117
130 85
60 44
15 11
3 0
31 9
91 39
166 78
232 111
269 134
271 142
238 132
177 107
105 70
41 33
3 5
9 3
50 21
119 52
191 89
250 121
275 140
261 142
216 125
150 91
80 54
25 21
1 5
19 5
74 29
148 64
216 103
261 130
273 142
250 136
195 113
123 78
54 42
9 13
3 1
39 13
101 44
173 82
238 117
273 142
273 150
236 142
166 107
85 54
27 13
1 0
13 0
58 23
126 54
199 87
255 121
277 144
261 148
210 126
142 87
72 48
19 19
0 3
23 7
82 31
154 66
222 103
265 132
273 144
244 134
187 109
115 74
48 37
9 11
5 3
41 15
109 44
183 82
242 119
273 140
267 142
226 126
162 97
89 60
31 27
1 5
13 3
64 23
136 60
207 101
255 130
275 142
255 138
205 117
134 83
64 46
15 17
1 1
29 9
89 37
164 74
228 113
267 136
271 144
240 134
179 107
107 72
42 37
9 13
13 15
44 23
103 35
183 64
250 109
279 144
263 150
216 123
154 85
83 50
29 29
1 17
17 13
72 27
144 58
212 99
259 132
273 148
250 136
197 109
125 76
58 42
13 17
3 5
35 9
97 37
171 76
236 117
271 140
269 144
234 128
171 99
99 66
37 33
3 9
9 3
54 19
123 50
195 89
253 125
277 144
259 142
212 121
146 87
76 52
21 21
1 5
21 7
80 31
154 68
220 105
263 130
275 144
248 136
189 113
117 76
52 41
11 15
5 5
41 17
107 46
185 91
244 128
265 140
255 128
222 111
164 87
93 60
31 29
1 3
13 0
64 21
136 62
205 103
257 132
275 142
257 136
207 119
134 87
66 50
15 17
1 0
27 5
85 35
160 74
228 111
267 132
273 142
242 132
181 109
109 74
44 35
7 9
7 3
44 17
113 48
187 85
246 121
273 142
263 142
222 125
156 95
83 58
27 25
1 3
17 5
70 27
140 62
210 101
261 130
275 142
251 136
199 115
128 82
60 44
13 15
3 3
33 13
95 41
169 78
232 113
269 138
271 146
236 134
175 111
105 80
33 33
0 0
3 0
54 7
125 54
195 95
250 121
275 132
263 136
218 126
148 101
76 60
21 19
1 0
21 5
76 33
148 70
216 101
263 126
275 142
248 136
191 113
121 76
54 39
11 13
3 5
37 15
103 44
177 80
240 117
271 138
267 142
230 128
166 99
93 62
33 27
3 5
13 3
60 23
130 56
203 93
255 126
275 142
257 138
208 119
140 87
68 50
17 19
1 3
27 9
83 37
158 72
224 107
265 134
273 144
244 134
183 111
113 74
46 37
9 15
13 17
44 25
101 42
175 70
242 103
275 132
265 142
220 125
158 91
87 54
31 25
3 11
17 13
66 29
138 60
208 97
259 130
275 146
251 138
201 113
130 78
62 42
13 17
1 3
31 9
93 37
166 74
230 113
269 138
271 144
236 130
175 103
105 68
42 35
5 9
7 3
50 17
119 50
193 91
250 125
273 140
261 140
218 123
150 91
78 54
23 23
1 3
19 5
74 29
146 66
216 103
263 132
275 144
250 136
193 113
123 78
56 42
11 15
3 5
37 13
101 42
175 82
238 117
277 150
269 154
222 123
158 78
93 42
39 25
5 13
9 9
54 15
130 46
205 93
255 136
275 152
257 142
210 115
142 83
70 50
17 23
1 5
25 3
82 27
156 66
222 109
267 136
273 144
244 132
187 107
115 76
48 41
7 13
5 3
42 13
109 44
183 85
242 119
271 138
267 140
226 126
160 97
87 60
31 27
3 5
15 5
64 25
134 58
208 99
251 130
275 144
253 138
205 117
134 83
64 48
15 17
1 1
29 9
89 37
39 74
228 111
15 136
273 146
240 126
181 109
115 78
41 41
0 1
0 0
48 3
111 44
189 89
246 123
23 136
265 138
220 126
144 99
80 62
25 25
1 1
15 5
62 29
17 64
205 99
11 126
275 142
250 136
195 115
126 80
48 42
11 13
3 1
37 13
97 44
31 80
234 113
271 136
271 142
232 130
169 101
99 64
37 29
3 5
9 1
56 19
126 54
199 93
251 126
275 142
261 140
212 123
144 89
72 52
21 19
1 1
23 7
80 31
154 66
222 107
265 132
273 144
246 136
189 113
109 78
50 33
9 13
5 3
35 19
113 58
52 89
228 103
13 115
267 126
125 126
164 103
72 62
31 19
5 0
17 9
62 33
0 66
205 97
5 123
275 140
255 140
205 121
136 83
64 41
15 11
1 1
29 11
87 37
162 72
228 107
1 134
271 144
240 126
181 107
109 70
44 35
5 9
7 3
46 17
115 48
187 85
246 119
23 140
263 142
220 125
154 93
82 56
27 25
1 7
17 7
68 27
142 62
212 101
259 130
275 144
251 138
199 115
128 82
60 44
13 15
3 1
35 11
95 42
169 80
234 117
275 146
275 154
226 132
162 89
97 50
33 23
5 7
7 3
52 17
125 48
191 89
251 128
275 148
261 144
214 123
148 89
74 52
21 21
0 3
19 1
76 25
150 64
220 105
263 134
273 144
248 134
191 111
121 78
52 42
9 13
5 1
39 11
103 42
177 82
238 117
271 138
267 142
228 126
166 99
93 62
33 29
3 7
11 3
58 23
130 56
205 97
255 128
275 142
257 138
208 119
138 85
68 48
17 19
1 3
25 7
83 33
160 70
226 109
267 136
273 144
242 134
185 109
113 76
48 42
11 23
0 3
33 0
105 23
187 74
248 125
273 148
263 140
224 117
160 91
87 64
29 37
0 9
15 1
68 19
138 60
208 103
257 132
273 140
253 132
201 113
130 82
60 46
15 15
3 1
31 7
93 37
158 76
232 113
21 138
271 142
236 130
175 95
103 68
41 33
5 7
9 1
52 17
119 52
193 89
250 123
275 140
263 140
216 123
150 91
78 54
23 23
0 3
19 5
74 29
148 66
216 105
261 130
275 144
250 138
193 115
123 80
54 42
13 15
5 5
39 17
107 52
175 87
228 109
261 123
265 128
232 123
167 101
95 64
35 25
3 1
13 3
60 27
128 62
201 97
253 123
275 138
259 138
210 123
140 87
68 46
19 15
1 1
25 9
80 33
158 70
224 107
265 134
271 144
244 136
187 111
115 74
48 37
7 11
5 1
42 15
107 44
181 82
242 117
273 140
265 142
224 125
160 97
89 62
29 27
1 5
13 3
66 25
136 60
207 99
257 128
275 142
255 138
203 117
132 83
64 46
15 17
1 3
31 11
89 37
166 76
230 111
269 138
273 146
244 144
179 115
97 60
31 13
3 0
11 0
52 25
117 54
189 83
250 115
277 140
265 148
218 130
152 93
80 52
25 19
1 5
17 7
72 27
144 60
214 97
261 128
275 144
250 138
195 113
125 76
58 42
13 17
3 5
35 13
97 39
33 78
236 115
19 138
269 142
162 128
169 99
97 64
37 31
3 9
11 3
54 21
126 52
191 93
1 126
275 142
259 142
212 121
142 87
72 50
19 19
1 3
23 7
80 33
154 70
222 107
263 134
273 146
246 136
189 111
117 76
54 44
13 23
1 7
29 5
97 27
179 68
244 113
271 140
263 140
226 119
166 93
95 66
33 37
1 11
13 3
62 21
1 58
205 99
5 128
265 140
255 134
205 113
134 82
66 48
17 19
1 1
27 7
87 35
162 74
228 111
267 136
273 142
240 132
179 107
109 72
44 37
7 9
7 1
46 17
113 48
189 87
248 121
273 140
263 140
220 125
154 93
83 58
27 25
1 5
17 5
70 27
142 62
212 101
261 130
275 144
251 136
197 115
126 80
58 42
15 15
3 5
33 13
95 41
173 83
240 128
265 142
257 128
228 107
173 89
103 68
39 37
1 7
9 0
56 13
125 56
197 101
250 130
275 140
261 136
214 119
146 91
74 54
19 19
1 0
23 3
78 31
150 70
220 105
265 130
275 142
248 136
191 113
119 78
52 41
9 11
3 1
39 13
103 42
177 80
238 117
271 138
267 142
230 128
166 99
91 62
33 27
3 5
13 3
62 25
132 58
203 95
255 126
275 142
257 140
207 119
138 85
68 48
17 17
1 1
27 7
85 35
160 74
226 109
267 136
275 148
248 144
185 119
103 70
35 21
1 0
7 0
44 13
111 48
185 83
246 115
275 138
267 146
224 132
158 101
85 60
27 23
1 3
15 5
66 27
138 58
210 95
259 126
275 142
251 138
199 115
130 80
62 44
13 17
1 3
29 9
93 35
169 76
232 115
267 138
271 142
236 130
175 103
103 68
39 33
5 9
9 3
50 17
121 50
193 91
250 125
273 142
261 140
216 123
150 91
78 54
23 21
1 3
21 5
74 29
148 64
216 103
263 134
275 144
250 136
193 113
123 80
56 44
11 15
7 11
41 23
91 37
164 58
234 95
273 132
271 148
230 134
166 97
95 56
37 27
5 15
11 13
56 25
126 50
201 87
253 126
275 148
257 142
208 117
142 82
70 48
19 21
1 5
25 7
83 31
156 68
222 107
267 136
273 146
244 134
185 107
115 72
48 39
7 13
5 3
41 13
109 44
183 83
242 119
273 140
267 144
224 126
160 97
87 60
29 27
1 7
15 5
64 25
136 58
208 97
259 128
275 144
253 138
203 117
132 82
64 46
15 17
1 1
31 9
91 39
167 80
236 123
265 142
261 134
230 115
175 91
107 64
42 35
3 7
7 0
50 13
121 50
193 93
248 126
273 140
263 140
218 123
150 93
78 56
23 21
1 1
19 3
72 27
144 64
214 101
261 130
275 142
250 134
195 115
125 80
56 44
11 13
1 1
35 13
99 42
171 80
236 115
271 136
269 140
232 128
169 101
99 66
37 31
3 7
11 3
56 21
126 56
199 95
253 125
275 140
259 138
212 119
142 89
72 50
21 19
1 3
25 7
80 33
154 70
222 107
265 134
273 144
246 136
189 113
123 87
48 46
0 1
0 0
39 0
111 42
183 91
240 121
271 132
269 134
230 130
164 109
89 70
31 29
3 1
13 1
62 27
134 62
205 97
255 123
273 136
255 136
205 121
136 87
66 46
15 15
1 1
29 11
87 39
162 74
228 109
267 134
271 142
238 130
181 105
109 70
44 35
5 9
7 1
48 17
115 50
189 87
246 121
275 140
263 142
220 125
154 95
82 56
25 23
1 5
17 5
70 27
142 62
212 101
261 130
275 144
251 136
197 115
128 80
60 44
15 17
9 11
39 23
89 41
158 66
228 95
271 126
271 142
232 130
169 97
101 60
41 29
7 11
9 11
54 25
125 52
197 89
251 123
273 142
259 142
212 121
144 85
74 48
23 21
1 5
23 7
78 29
152 64
220 105
263 134
273 146
246 134
191 111
119 76
52 41
7 11
3 1
41 13
105 42
177 82
238 117
273 138
267 142
228 128
164 99
91 62
33 27
3 5
13 3
60 23
132 58
205 97
255 128
273 142
257 140
207 119
136 85
68 48
17 17
1 3
27 9
85 35
160 72
228 111
271 140
277 158
236 132
171 87
105 48
48 25
9 13
5 5
44 13
113 41
189 83
246 126
273 150
265 148
222 125
156 91
83 56
27 29
0 7
15 3
68 21
140 58
210 101
259 132
275 144
253 136
201 113
130 82
60 46
13 15
1 1
33 9
93 39
167 76
232 113
269 136
271 142
236 130
173 103
103 68
41 33
5 7
9 1
52 19
121 50
195 91
250 125
275 142
261 140
216 125
148 91
76 54
23 23
1 3
21 5
76 29
150 66
218 105
263 132
273 144
250 136
197 117
128 89
54 48
1 7
0 0
35 0
103 35
177 80
236 115
271 134
271 138
232 128
169 105
95 72
35 33
3 5
11 1
58 21
128 58
201 95
253 125
275 138
259 138
208 119
140 89
70 50
19 17
1 3
25 7
82 33
158 70
224 107
265 132
271 142
244 132
185 109
113 74
46 39
7 9
5 1
44 15
109 44
183 82
244 119
275 142
267 144
224 126
160 95
87 60
29 27
1 5
15 3
66 25
138 60
208 99
257 128
275 142
255 138
203 117
132 83
62 44
15 17
3 3
31 13
97 48
158 83
220 101
9 109
269 125
234 128
179 111
105 72
41 27
7 1
11 3
50 27
117 60
189 89
248 117
273 138
261 142
216 126
150 91
80 52
25 19
1 3
19 9
74 31
146 64
214 99
11 128
275 142
250 138
195 115
125 80
48 41
7 13
3 3
35 13
97 41
33 76
236 113
21 128
269 142
234 130
162 101
97 64
35 29
3 7
11 3
56 23
126 56
195 93
3 125
267 140
259 138
210 119
140 87
72 52
19 21
1 3
25 7
78 33
156 70
224 109
19 140
277 152
240 134
177 99
109 58
48 25
9 7
5 3
31 13
107 41
183 80
244 119
275 146
267 150
226 126
162 95
89 60
29 29
1 7
13 3
62 19
126 54
205 95
257 128
275 144
255 138
205 117
134 83
66 48
17 19
1 5
29 9
87 33
162 72
228 111
267 136
271 144
240 132
179 105
109 70
44 37
5 11
7 3
48 17
115 46
189 87
248 123
273 142
263 142
220 125
154 93
82 58
25 25
1 5
17 5
62 27
142 62
214 101
261 130
275 144
251 138
197 115
126 82
62 50
19 29
0 7
21 0
87 13
171 62
238 117
271 144
267 140
234 121
175 95
103 70
37 42
3 13
9 3
54 13
123 48
195 91
251 128
275 142
259 134
212 117
146 89
74 56
21 23
1 1
23 3
78 31
152 70
220 107
263 132
275 142
248 134
189 111
119 78
52 39
9 11
5 1
39 11
103 41
179 82
242 117
273 140
267 142
228 126
164 99
91 64
31 29
3 5
13 3
62 23
132 58
205 95
255 128
275 144
257 140
207 119
136 85
68 48
19 19
3 5
29 11
93 42
164 83
218 109
255 121
267 126
242 125
183 107
109 72
42 31
9 5
11 1
48 23
113 54
187 91
246 119
275 138
263 142
220 128
154 95
83 54
27 21
1 1
17 5
68 27
140 60
210 99
259 128
275 144
253 140
201 117
128 82
60 44
13 15
1 3
31 11
93 39
169 76
232 111
271 136
271 144
236 132
173 103
101 66
41 33
5 9
9 5
52 21
119 50
195 89
251 123
273 142
261 142
214 123
148 89
78 54
23 21
1 3
21 5
76 31
150 68
218 105
13 134
275 146
253 146
189 125
109 74
42 21
5 0
5 0
41 17
101 48
175 78
238 107
273 134
271 150
230 138
166 105
93 60
33 25
3 5
11 7
58 25
128 52
201 87
255 123
275 144
257 142
208 119
142 85
70 48
19 19
0 5
25 9
83 33
158 68
224 107
265 134
273 142
244 132
185 107
113 72
46 37
7 11
5 3
42 15
111 44
185 83
244 119
273 138
265 140
224 125
160 95
87 60
27 25
1 5
15 5
68 27
136 60
208 99
259 130
275 142
253 138
201 115
134 83
66 52
21 29
0 9
19 1
82 19
164 60
232 105
269 136
267 140
238 126
179 101
107 70
42 41
5 15
7 5
48 15
119 48
193 89
248 125
271 140
261 138
218 119
152 91
80 56
23 23
1 3
19 3
74 27
146 64
216 105
263 132
273 142
250 136
195 113
123 80
56 42
11 13
3 1
35 11
97 39
173 80
236 115
271 136
271 142
234 130
169 103
97 66
35 29
5 7
11 3
56 21
126 54
201 93
253 125
273 142
257 138
210 119
144 89
72 54
19 21
1 3
17 9
83 37
31 76
228 121
13 142
261 130
158 111
187 93
111 74
50 44
5 11
3 0
37 7
33 48
46 95
242 126
271 140
267 136
226 125
160 101
87 62
29 23
1 0
15 0
62 23
134 60
207 99
259 126
275 140
255 136
203 119
134 85
66 48
15 15
1 1
29 9
89 37
37 74
228 109
269 134
273 142
240 132
179 105
107 70
44 35
5 9
5 3
48 17
117 48
189 89
246 121
273 140
265 140
220 126
154 95
80 56
25 23
3 5
19 7
70 29
142 64
214 103
263 132
275 146
255 144
203 125
121 82
46 31
5 0
3 0
37 0
95 41
44 74
220 109
15 136
271 146
234 136
171 107
99 66
37 29
3 9
9 5
52 21
125 52
189 89
1 121
273 140
259 140
212 121
146 89
74 52
21 21
1 3
15 9
80 33
15 68
220 105
0 132
273 144
246 134
189 111
119 76
50 41
9 13
5 3
39 13
103 42
179 82
240 117
273 140
267 144
228 128
164 99
91 62
31 27
3 7
13 5
60 23
134 58
205 95
255 128
275 144
257 140
207 119
138 85
68 50
17 21
0 11
33 21
82 35
148 54
220 85
269 125
275 146
240 138
181 105
111 62
48 33
7 15
7 13
46 21
113 46
187 82
246 119
273 142
263 144
222 123
154 89
82 54
27 25
1 7
15 5
68 23
142 58
212 101
261 134
275 148
251 138
199 115
128 80
60 46
13 17
3 3
33 9
95 37
167 76
234 113
271 138
271 144
236 130
173 103
101 68
39 33
5 9
9 1
52 17
123 52
195 91
250 125
275 140
263 140
216 121
146 91
76 54
23 21
1 5
21 7
76 31
152 70
226 115
263 140
265 140
238 121
189 97
123 70
54 41
7 11
3 0
39 5
105 41
179 85
240 123
271 142
269 142
222 126
164 99
91 64
33 29
3 3
11 0
58 19
130 56
203 95
255 126
275 140
259 138
208 119
138 87
68 50
17 19
1 3
25 7
83 33
158 70
226 109
267 134
271 142
242 132
185 109
113 74
44 37
7 9
7 1
44 15
111 48
183 85
244 119
273 140
265 142
222 126
158 95
85 58
29 25
1 5
15 3
68 25
138 62
208 101
259 130
275 144
255 140
203 119
136 93
64 56
5 11
0 0
27 0
95 29
169 80
230 117
267 132
271 134
240 128
177 111
105 80
41 39
3 7
7 0
50 19
119 56
187 93
248 121
275 136
261 138
216 123
150 93
78 54
25 19
1 1
21 7
74 31
146 66
216 103
263 130
275 144
250 138
195 115
123 78
54 41
11 11
3 1
37 11
99 41
173 78
236 115
271 138
269 144
232 130
169 101
97 64
35 31
1 7
11 3
58 21
128 56
199 93
253 125
275 142
259 140
210 121
142 87
72 52
21 23
5 11
29 19
80 39
144 62
214 89
263 121
275 138
246 134
185 107
115 70
50 33
11 11
7 7
42 21
107 48
181 82
242 117
273 142
265 146
224 126
160 93
87 56
31 25
1 7
13 5
64 23
136 58
208 97
257 130
275 144
255 140
203 115
134 82
64 46
15 19
1 3
27 7
89 33
164 74
228 113
267 136
271 144
238 130
179 105
107 70
42 37
5 9
7 1
48 17
117 48
189 87
248 123
275 142
263 142
220 125
152 93
82 56
25 23
1 3
19 5
74 29
146 66
214 103
263 134
281 154
250 144
185 103
115 56
56 25
15 9
5 9
33 15
95 35
173 70
240 115
273 148
269 152
232 130
171 97
97 60
37 31
1 11
9 3
54 15
125 46
199 89
251 128
275 146
259 140
212 119
144 87
74 54
21 23
1 5
21 5
80 29
152 68
220 109
263 134
273 142
246 134
189 109
117 74
50 41
9 13
5 3
41 15
107 44
179 83
240 119
273 140
267 142
228 126
164 99
91 62
31 29
1 5
13 3
64 23
134 60
205 97
257 128
275 142
257 140
208 121
140 91
74 60
11 23
0 0
19 0
87 23
164 72
226 111
265 132
271 136
244 128
185 109
111 78
44 41
7 9
9 1
46 17
113 50
185 87
246 119
273 136
263 138
220 123
156 95
83 58
27 23
1 3
17 5
70 29
142 64
212 101
259 128
275 144
251 138
197 115
128 80
60 44
13 15
1 3
33 11
95 39
171 78
234 115
269 138
269 142
236 130
173 103
101 68
39 33
5 7
9 1
52 19
123 52
195 91
251 125
275 142
261 140
214 123
146 89
76 54
23 23
3 7
21 9
82 39
156 80
214 107
251 117
267 121
248 123
195 113
119 82
52 41
9 5
7 0
41 17
103 52
177 87
238 117
271 134
267 140
228 128
166 103
93 64
33 25
1 1
13 3
60 25
130 58
203 95
255 125
275 142
257 142
207 121
138 85
68 48
17 19
1 3
27 7
83 35
158 70
226 107
267 134
273 144
242 132
185 107
113 72
46 37
7 11
5 3
44 15
111 46
185 85
244 121
273 140
265 142
224 125
158 95
85 58
27 25
3 5
17 5
68 27
138 62
210 101
261 132
283 154
255 148
193 113
121 68
58 31
15 7
3 1
29 9
91 33
167 70
234 111
271 140
271 150
238 136
175 103
103 66
39 31
5 9
9 5
48 17
119 46
193 85
250 123
273 142
261 140
216 121
152 91
78 56
25 25
1 5
19 5
76 29
146 66
214 105
261 132
273 142
248 136
193 111
123 78
56 42
13 15
3 3
37 13
101 41
175 80
238 117
271 138
269 142
232 130
169 101
95 66
35 31
3 7
11 3
58 21
128 56
201 95
255 128
275 144
259 140
212 121
142 89
70 52
23 27
3 13
17 5
70 13
150 48
226 99
269 138
273 150
244 130
187 101
117 70
50 42
9 21
5 7
42 13
109 41
183 83
242 123
271 140
265 138
226 121
160 93
87 60
31 29
3 5
15 3
64 23
136 60
208 101
257 130
275 142
253 136
203 115
126 83
64 48
15 19
1 1
29 9
89 37
164 74
228 111
267 136
271 144
240 132
179 105
107 70
42 35
7 9
7 3
48 17
117 48
191 89
248 125
273 142
263 140
218 123
154 93
82 60
25 27
3 5
21 7
76 33
152 78
214 111
251 126
265 126
248 121
197 107
126 80
56 42
11 9
3 0
37 11
101 46
173 87
236 119
269 136
269 140
234 130
171 105
97 66
37 29
3 3
11 1
54 21
125 56
199 93
253 125
275 140
259 140
212 123
144 91
72 50
21 19
1 3
23 7
80 31
152 68
222 105
265 132
273 144
244 134
189 111
119 76
52 41
9 13
5 3
41 13
107 44
179 82
242 117
21 138
267 142
220 126
164 99
91 62
31 29
3 7
13 5
62 25
134 60
207 97
257 128
277 144
257 142
210 128
138 95
56 41
5 0
0 0
33 5
89 42
160 76
226 103
269 126
275 144
242 142
179 117
109 74
44 33
5 7
5 3
46 21
113 48
62 83
238 115
23 138
263 142
220 126
156 93
68 56
27 25
1 7
17 7
70 29
17 62
205 99
9 130
275 140
251 138
199 115
126 80
46 42
13 15
3 3
33 11
95 39
44 76
218 113
21 138
271 144
234 130
171 93
101 66
41 33
0 9
9 3
54 19
125 52
126 93
1 126
267 142
257 140
214 121
148 91
78 56
27 29
7 15
19 11
66 21
142 48
218 91
15 128
265 144
246 134
191 105
121 72
54 42
11 19
5 9
39 15
103 41
177 80
238 117
21 142
267 142
220 126
164 95
93 60
33 29
3 7
13 3
62 23
132 56
203 97
5 128
267 144
257 138
208 119
138 85
68 48
17 17
1 1
25 7
85 33
31 64
226 109
15 134
273 142
244 134
179 109
111 74
46 37
0 11
5 1
44 15
111 48
60 85
244 119
23 140
265 142
218 126
156 93
85 60
29 27
1 7
15 5
68 27
140 62
214 107
15 144
271 148
242 123
193 91
130 66
64 46
13 21
1 1
31 3
95 31
169 78
234 123
269 146
269 144
236 126
175 93
103 70
41 37
5 9
7 0
50 13
121 50
193 93
250 126
275 140
261 138
216 123
148 93
78 56
23 23
1 3
19 5
74 29
148 66
216 105
263 132
273 142
248 134
193 111
121 78
56 42
11 13
5 3
37 15
101 42
175 80
238 117
271 138
269 142
232 130
167 101
97 66
35 31
3 9
11 5
58 23
128 56
201 95
3 126
267 142
257 142
214 128
144 99
62 48
9 5
0 0
25 0
83 31
156 72
222 105
267 130
275 142
246 138
187 115
113 78
48 39
7 9
5 1
42 17
107 46
181 82
242 115
271 136
267 142
226 128
160 97
87 58
29 25
1 5
15 5
66 27
136 60
208 97
257 126
275 142
255 140
205 119
132 83
62 46
15 15
3 3
29 11
89 37
166 74
230 111
267 136
271 142
240 130
179 105
107 70
42 35
5 9
7 3
50 19
117 50
191 89
250 123
275 142
263 142
218 125
152 93
80 56
25 25
1 5
23 11
78 41
140 64
203 83
255 107
275 130
253 140
195 119
123 78
56 37
15 9
5 9
37 23
97 46
171 76
236 109
271 138
267 146
232 130
169 99
97 60
37 29
3 7
9 5
56 21
126 52
199 91
251 123
275 144
261 144
212 123
142 87
74 50
21 23
1 5
23 9
80 29
154 66
222 107
265 134
273 144
246 134
189 111
117 76
50 39
9 11
5 1
42 15
107 44
181 83
242 119
273 140
267 142
226 126
162 97
91 62
31 29
3 5
13 3
64 25
136 60
208 101
263 138
277 152
246 134
195 101
132 68
68 41
17 17
0 1
27 5
89 29
166 72
230 115
267 142
271 146
240 132
181 103
107 70
42 37
5 11
5 0
46 13
115 46
189 87
246 123
25 142
263 140
220 123
154 95
82 58
27 25
1 3
17 3
70 25
142 62
212 101
261 132
275 144
251 138
199 115
126 82
58 44
13 15
3 3
33 13
95 39
169 78
234 115
269 138
269 142
236 130
173 103
99 66
37 31
5 9
11 5
54 21
123 54
197 91
251 125
275 144
261 142
214 123
146 91
80 64
25 35
0 0
9 0
74 7
154 60
222 111
261 136
273 138
250 128
193 111
121 83
52 48
9 17
5 0
39 11
103 42
177 83
240 119
271 136
267 138
228 125
166 99
91 64
33 29
1 3
13 1
60 23
130 58
203 95
255 126
275 142
257 140
207 119
138 85
68 48
17 19
1 3
25 7
85 35
160 72
226 109
265 134
273 144
242 134
183 109
111 74
44 37
7 9
7 1
46 15
113 48
185 87
246 121
273 140
265 142
222 126
158 97
85 60
29 25
1 5
19 9
76 39
138 68
201 93
250 111
273 128
253 128
201 117
130 83
60 42
15 11
5 3
33 17
93 44
167 80
232 111
269 134
271 142
236 132
173 105
103 66
39 29
3 5
9 3
52 21
121 52
193 89
250 123
275 140
261 140
216 123
150 91
76 54
23 21
1 3
19 7
76 29
148 66
216 103
263 130
275 144
250 138
193 113
121 78
54 42
11 13
3 1
39 13
103 44
175 82
238 117
271 138
269 144
232 130
167 101
95 64
35 29
5 7
13 5
58 23
128 56
203 95
255 128
277 146
263 152
208 128
130 76
60 27
17 0
5 0
27 15
82 37
156 64
226 99
269 134
275 154
244 144
185 111
113 68
48 35
7 13
3 7
42 15
109 41
183 78
242 115
273 140
265 144
218 126
162 95
87 60
29 29
1 7
15 5
64 25
136 58
208 99
251 130
275 144
255 138
203 115
125 82
64 46
15 17
1 1
31 9
91 37
166 74
228 111
267 136
271 142
240 132
177 107
105 70
42 35
5 9
9 3
50 19
117 50
191 89
248 123
275 142
263 142
220 125
152 95
83 62
29 33
0 7
7 0
62 7
146 50
218 99
263 134
273 142
250 130
197 109
126 82
58 50
11 21
1 3
35 9
97 39
173 82
234 117
269 138
269 138
232 125
169 101
97 66
37 31
3 7
11 1
54 19
125 54
199 93
253 126
275 142
259 140
212 121
144 89
72 54
19 21
1 3
23 5
82 33
154 70
220 107
265 134
275 144
246 136
187 111
117 76
50 41
9 13
5 3
41 15
107 44
181 82
242 117
273 138
267 144
226 128
162 99
89 62
31 29
3 7
15 7
62 25
136 62
212 111
253 134
263 130
248 115
205 101
138 85
68 54
13 19
1 0
31 1
91 39
164 83
226 119
267 134
273 138
240 128
179 109
107 74
42 35
5 3
7 0
46 15
115 50
189 89
248 121
273 138
263 140
220 126
154 97
82 58
27 23
1 1
19 5
70 29
142 62
212 99
261 126
275 142
251 138
197 115
126 82
58 44
13 15
1 1
35 11
95 39
171 78
234 113
271 136
269 142
234 130
171 103
101 68
39 33
5 7
11 3
54 21
125 56
197 95
251 126
277 144
267 150
218 132
140 91
64 41
15 3
1 0
25 5
78 33
150 66
220 99
267 128
275 144
248 140
191 115
121 78
52 41
9 13
3 3
39 13
103 41
177 78
240 113
273 138
267 144
228 128
164 97
91 60
33 27
3 7
13 5
60 21
130 54
205 95
255 128
273 144
255 138
207 117
138 85
68 50
17 19
1 3
27 7
85 33
160 70
226 109
267 136
273 144
242 134
181 107
111 72
44 37
7 11
7 3
46 17
113 48
187 87
246 121
273 140
265 142
222 126
156 97
83 58
27 25
7 13
21 19
62 31
128 44
205 76
261 117
277 146
251 144
199 115
130 76
64 42
15 21
3 13
33 17
93 39
167 70
232 111
19 140
269 146
234 128
173 99
101 62
41 33
5 11
9 5
52 17
121 48
193 87
250 125
275 144
261 142
216 121
148 89
76 52
23 23
1 5
21 5
74 27
148 62
218 103
263 132
273 142
250 136
193 113
121 78
54 42
11 13
3 3
37 13
101 41
175 78
238 115
271 140
269 144
230 128
166 99
97 64
35 33
3 9
11 5
60 23
132 58
208 107
255 136
265 138
248 125
205 103
140 78
70 50
17 19
0 0
25 1
85 31
160 76
226 117
265 138
273 142
242 130
185 107
113 76
46 39
7 9
5 0
44 11
111 46
183 87
244 119
273 138
265 140
224 125
160 97
87 62
29 27
1 5
15 3
66 25
138 62
208 101
257 128
275 140
255 136
203 117
132 83
62 46
15 15
1 1
31 9
91 37
164 74
232 113
269 138
271 144
238 132
177 107
107 72
41 35
5 9
9 1
50 19
119 52
191 89
250 123
275 142
263 144
216 126
156 101
83 70
17 23
0 0
13 0
76 19
150 70
216 109
259 130
275 134
253 132
197 121
125 89
54 48
11 11
3 0
35 9
99 42
171 80
236 113
271 132
269 138
232 130
169 103
97 66
37 29
3 3
11 3
56 23
126 56
199 93
251 123
273 140
259 140
210 121
144 87
72 50
19 19
1 3
25 9
80 33
154 70
222 105
265 132
273 144
246 134
187 109
115 74
48 39
7 11
5 1
41 13
107 44
181 83
244 119
273 140
267 144
226 128
162 99
89 64
31 31
3 11
21 15
64 31
125 52
197 82
253 111
277 134
257 140
203 119
132 80
66 42
19 17
5 9
29 17
87 39
164 72
228 109
267 136
269 146
240 132
179 103
109 66
42 33
5 11
7 3
48 17
117 48
189 87
248 123
275 142
263 142
218 125
152 91
82 56
25 23
1 3
19 5
72 27
144 64
212 101
261 130
275 144
251 138
197 115
126 80
58 42
13 15
3 3
33 11
95 37
171 78
236 115
269 138
269 142
234 130
173 105
99 68
39 33
3 7
11 3
54 21
125 54
197 93
251 126
281 152
261 152
203 117
134 66
72 33
25 15
3 9
21 11
78 27
154 62
222 105
265 140
273 152
248 138
189 109
117 72
50 39
7 13
3 3
39 11
103 39
179 78
240 117
271 140
267 144
228 125
164 95
91 62
33 31
1 9
13 3
62 21
132 56
203 97
255 128
275 142
257 136
207 117
138 85
68 50
17 19
1 3
27 9
85 35
160 72
226 109
267 134
273 142
242 134
183 109
109 72
44 35
7 11
7 3
46 17
113 48
185 87
246 121
275 142
265 144
222 126
160 99
89 68
25 31
0 0
7 0
5 13
3 56
210 101
7 128
275 138
255 132
201 117
128 87
60 50
13 17
3 1
33 9
93 39
42 78
232 111
19 125
271 140
236 130
175 105
101 68
39 31
5 5
1 3
52 21
113 52
195 89
1 123
275 140
261 142
214 121
148 89
76 52
25 21
1 5
21 7
76 29
150 66
218 103
13 132
275 142
248 136
193 111
121 76
52 41
9 13
5 3
39 15
101 42
177 80
238 115
265 140
269 144
230 130
167 101
93 64
33 29
3 7
13 5
60 27
134 66
201 101
244 115
265 121
255 125
212 117
140 91
68 52
17 13
3 0
29 9
85 42
158 80
224 109
265 128
273 140
244 134
181 109
111 70
48 33
9 7
5 3
44 17
109 46
185 85
244 119
273 140
265 142
224 126
158 97
85 58
29 25
1 5
15 5
66 25
136 58
208 97
261 130
277 144
253 140
201 115
132 82
62 44
13 17
1 3
31 9
93 37
166 74
230 111
269 136
271 142
238 130
177 105
105 70
41 33
5 9
9 3
50 19
48 52
193 91
250 126
277 148
267 152
214 126
140 82
72 39
23 9
3 0
21 7
72 29
146 60
216 99
265 132
277 152
250 144
195 115
123 76
56 41
11 15
3 5
33 11
99 37
173 74
236 113
269 138
267 144
232 128
169 99
97 64
35 31
3 7
11 3
56 21
126 52
199 93
253 126
275 142
257 138
210 119
144 87
72 52
19 21
1 3
25 7
80 31
154 68
222 107
267 134
273 144
244 134
187 109
115 74
50 39
9 13
5 3
41 13
107 44
181 83
242 121
271 140
265 140
226 126
162 99
89 64
33 31
9 19
11 11
52 9
126 35
207 82
259 128
275 150
253 138
203 109
136 78
68 50
17 27
1 9
29 7
87 29
164 70
228 113
267 140
269 142
238 125
179 99
107 68
42 39
5 11
7 1
48 13
117 48
189 89
248 125
271 140
263 138
220 123
154 95
82 58
25 23
1 3
19 5
72 29
142 64
214 103
261 130
275 142
250 134
197 113
126 80
58 44
11 13
1 0
37 11
97 42
171 80
234 115
271 136
271 144
234 132
171 103
99 66
37 31
5 7
11 3
56 21
128 60
203 103
246 126
263 128
253 121
214 109
148 87
74 52
19 17
1 0
25 3
82 35
152 74
218 109
265 132
275 142
246 136
187 113
117 78
50 39
9 9
3 0
39 11
107 42
181 83
240 117
271 138
267 142
228 128
164 101
89 62
31 27
3 5
13 3
60 25
132 58
205 97
5 128
267 142
251 128
126 117
138 85
68 50
17 19
1 3
29 9
85 37
35 74
226 111
17 128
273 144
242 132
181 107
109 72
46 37
0 11
7 1
46 15
115 48
189 89
246 123
273 140
265 142
228 132
162 111
78 62
15 7
0 0
17 0
72 29
142 70
210 101
261 123
277 136
253 140
201 125
128 89
58 44
13 11
1 0
33 13
93 42
167 78
232 109
271 132
269 142
234 132
173 105
103 66
41 31
5 7
9 5
52 21
123 52
195 89
251 123
275 142
259 142
214 123
148 89
76 52
21 21
1 5
21 7
76 29
148 66
218 105
263 132
275 144
248 136
193 111
121 78
54 41
9 13
3 1
39 13
103 42
177 82
238 115
265 138
269 144
230 130
166 101
93 64
37 31
9 17
15 17
52 23
119 42
197 78
257 117
275 142
255 140
207 115
140 80
62 46
19 23
3 9
25 11
83 31
156 66
226 107
1 138
271 148
242 132
185 103
113 70
46 39
5 13
5 1
44 13
111 44
185 85
244 121
23 140
265 142
224 125
158 95
78 58
29 25
1 5
17 3
66 23
138 58
210 99
9 130
275 142
250 138
201 117
130 83
62 46
5 15
1 1
31 9
29 37
41 74
232 111
19 128
271 142
175 125
177 107
105 70
41 35
5 9
9 3
52 21
111 52
193 91
1 126
265 152
255 140
207 105
144 62
80 44
27 25
1 9
17 3
66 19
25 62
218 109
5 142
273 148
250 132
195 109
123 78
54 44
9 15
3 0
37 7
99 39
173 80
236 119
271 140
269 140
230 126
167 99
97 66
37 33
3 7
11 3
56 19
126 54
199 95
253 126
275 142
259 138
210 119
142 87
70 50
19 19
1 3
25 7
82 33
154 68
224 107
265 136
273 144
244 134
187 109
115 76
48 39
7 9
5 1
42 15
109 44
181 83
242 119
273 140
267 144
228 130
166 107
89 68
23 23
0 0
9 0
64 15
136 58
207 99
255 126
275 138
257 138
207 123
134 89
64 50
15 15
3 1
27 9
87 35
164 74
230 109
267 134
271 142
238 132
179 107
107 72
42 35
5 9
7 1
48 17
117 48
189 87
248 121
273 140
263 140
218 125
152 93
80 56
25 23
1 1
17 3
72 29
146 64
214 103
261 130
275 144
251 138
197 115
125 80
56 42
13 13
3 1
35 13
97 41
171 78
236 113
271 138
269 144
232 130
171 101
99 66
37 33
3 11
11 5
58 29
128 66
189 89
240 103
269 121
261 132
214 126
142 93
72 48
23 13
3 1
25 15
80 41
152 72
220 101
263 128
273 142
246 138
189 113
117 72
50 33
9 7
5 3
41 15
105 44
179 80
242 115
273 138
267 144
228 130
164 99
91 60
31 25
1 5
13 3
62 23
134 56
205 95
255 126
275 142
257 138
205 117
136 83
68 48
17 19
1 3
27 7
87 35
164 72
228 111
267 136
271 144
240 132
181 107
109 72
44 37
7 9
7 1
46 15
115 50
189 89
250 126
281 152
263 150
212 121
144 78
80 42
29 17
1 3
15 3
68 21
144 56
216 101
261 136
275 150
251 140
199 113
128 80
58 46
11 17
1 1
33 7
95 33
169 76
232 113
269 138
269 142
236 128
173 103
101 68
39 33
5 7
9 1
52 17
121 50
195 89
251 125
273 142
261 138
214 121
148 89
76 54
21 23
1 3
21 5
78 29
150 68
218 105
263 132
273 142
248 134
191 111
119 78
52 41
9 13
5 1
39 13
103 44
177 82
240 117
273 140
269 144
230 128
167 101
95 66
39 41
3 17
3 0
48 1
126 37
205 89
257 132
273 146
255 134
210 111
142 85
70 58
17 29
1 7
25 3
83 27
158 70
224 111
265 134
273 138
242 126
183 105
113 74
46 39
7 11
5 0
44 13
111 44
185 89
246 123
273 140
265 138
224 123
158 97
85 60
29 25
1 3
17 3
68 27
138 62
208 99
259 128
275 142
251 136
201 117
132 83
62 46
15 17
3 1
31 11
93 39
167 76
230 113
269 136
271 142
238 132
177 105
105 70
41 33
5 9
9 3
54 25
126 64
191 97
238 115
265 125
261 126
218 117
150 93
76 54
23 17
1 0
23 5
78 37
148 72
216 105
261 128
275 140
250 138
193 117
121 78
54 39
11 9
3 1
37 13
99 41
175 78
238 113
271 136
269 142
232 130
167 101
95 62
35 27
1 3
11 3
58 23
126 56
199 91
253 125
275 144
259 142
210 121
142 87
70 50
19 19
1 3
23 7
83 33
156 68
224 107
265 134
273 144
244 134
185 107
115 74
50 39
9 13
5 3
42 15
109 46
183 85
244 121
273 142
267 142
232 136
162 107
78 52
17 3
0 0
19 1
68 33
134 64
207 93
259 121
279 142
255 148
203 126
132 85
64 41
15 13
1 1
29 11
89 35
164 70
230 105
267 134
273 144
240 134
177 107
105 68
41 33
7 9
7 5
48 19
117 48
191 85
248 121
273 142
261 142
218 123
154 91
82 56
25 23
1 5
19 5
72 29
144 64
214 101
261 132
275 144
250 136
195 113
125 78
56 44
11 15
1 3
33 11
97 39
173 78
238 117
271 140
269 144
234 130
171 103
99 68
41 39
11 21
7 7
44 9
117 35
197 78
253 121
275 142
257 138
212 115
146 85
76 54
21 27
1 9
23 9
80 29
152 68
220 105
265 134
273 144
246 132
187 107
117 72
50 41
9 13
5 3
41 13
107 44
181 83
240 119
271 138
267 140
228 126
162 99
89 62
31 27
3 5
15 3
62 23
134 58
205 95
257 126
275 142
255 138
205 117
136 85
64 46
15 17
1 1
29 9
87 37
162 74
226 109
267 136
273 144
240 134
179 107
109 70
44 35
5 9
7 3
46 17
117 48
189 91
251 132
271 148
253 130
212 103
154 80
85 56
27 29
0 5
15 0
70 19
144 62
214 109
259 138
275 144
251 132
199 111
126 82
58 48
11 13
1 0
35 5
95 39
169 80
232 117
21 136
271 140
236 130
173 105
101 68
39 33
3 7
9 1
52 19
123 52
195 89
1 123
273 140
261 140
214 123
148 93
76 54
21 21
1 3
21 7
78 31
150 66
218 103
263 130
275 144
248 136
191 113
119 76
52 41
9 13
3 1
39 13
103 42
177 82
240 119
273 140
269 146
234 134
169 111
87 62
23 15
0 0
13 0
60 21
130 56
203 93
255 123
277 140
259 142
208 125
138 91
68 50
17 17
1 1
25 9
83 35
158 68
224 103
267 128
273 142
242 134
183 107
111 72
46 37
7 11
5 3
44 17
111 46
185 83
244 119
273 140
265 142
222 125
158 95
85 56
27 25
1 3
15 3
68 25
140 60
210 101
259 130
275 142
253 136
201 115
130 82
60 46
13 17
1 3
31 11
91 37
167 76
232 111
271 138
271 144
236 132
175 103
103 68
41 35
5 11
11 9
56 31
117 56
181 76
240 99
275 126
265 142
216 128
146 91
76 46
25 17
5 7
21 17
74 37
148 64
216 97
261 128
273 144
248 140
193 113
123 74
54 37
9 13
3 5
37 15
101 41
173 78
238 115
271 138
269 146
230 128
167 97
95 60
35 29
1 7
9 3
58 19
130 54
201 95
253 126
273 142
259 138
210 119
142 87
70 52
19 21
1 3
25 7
82 33
156 70
224 109
265 134
273 142
244 132
185 107
115 74
50 41
7 13
5 3
44 17
111 48
185 89
248 126
277 150
259 142
214 115
154 80
87 48
31 25
0 5
13 0
64 17
142 56
212 103
259 136
273 148
255 138
203 115
132 83
62 48
13 17
1 0
29 5
89 33
164 74
230 111
269 136
271 142
238 128
177 103
107 70
42 37
5 9
5 1
50 15
119 50
191 91
248 123
273 140
263 140
218 123
150 93
80 56
25 23
1 3
19 5
72 27
146 64
214 103
261 130
275 142
251 136
197 115
125 82
56 42
13 13
5 1
37 13
97 42
171 80
236 115
271 138
269 144
232 130
171 103
103 72
42 44
0 11
0 0
48 0
126 41
201 93
251 130
273 142
259 132
214 115
144 91
74 60
21 27
1 3
23 1
80 29
152 70
220 109
263 132
273 138
244 128
189 107
117 78
50 41
7 11
5 0
41 13
105 44
181 85
242 121
273 138
267 140
226 126
162 97
89 60
31 27
3 7
13 5
62 25
134 60
207 97
255 126
275 142
255 138
205 119
134 85
66 48
17 17
1 3
27 9
87 33
164 72
228 111
267 136
271 144
242 134
181 107
109 72
44 37
7 11
9 5
52 25
117 58
179 83
236 107
269 125
265 132
222 123
152 95
80 54
27 19
5 3
21 11
70 37
142 66
212 101
261 128
275 142
250 138
197 115
126 76
58 39
13 13
3 3
33 13
95 39
169 76
234 113
271 138
269 144
234 130
173 103
101 66
39 33
5 9
9 5
54 21
123 52
195 89
250 123
275 142
261 140
214 121
146 87
76 52
23 21
1 5
21 7
78 29
152 66
220 105
263 132
273 144
246 134
189 111
119 76
52 41
9 13
5 3
39 15
105 42
179 82
240 119
273 140
271 148
232 138
158 99
82 44
27 5
3 0
17 5
62 31
130 56
203 87
257 121
279 146
259 150
207 126
136 83
68 42
17 15
1 5
25 9
83 31
160 64
226 103
267 134
271 146
242 134
183 107
111 70
44 37
7 11
7 3
46 15
113 48
185 85
246 123
273 142
265 142
222 125
156 95
83 58
27 25
1 3
17 3
68 25
15 62
203 99
9 128
275 142
250 138
201 117
128 82
52 44
13 15
3 1
33 11
93 39
44 78
232 115
19 138
271 142
238 125
175 107
103 72
46 42
7 17
1 1
33 5
115 35
187 80
1 121
273 142
259 136
216 117
154 89
80 58
23 29
1 7
21 5
68 27
148 66
216 105
11 132
273 142
250 132
193 109
121 78
54 42
11 13
3 1
37 11
101 42
37 83
238 117
21 138
269 142
224 128
167 101
95 66
35 31
3 5
3 3
58 23
128 56
201 93
3 126
267 142
257 140
208 121
140 87
70 50
19 19
1 3
15 5
83 33
158 72
224 111
15 136
273 144
244 134
185 109
115 74
48 39
7 11
5 3
35 15
109 46
189 93
248 132
15 138
253 121
220 103
164 89
91 68
29 33
0 1
15 0
68 21
130 68
208 109
0 134
275 140
253 134
203 115
130 85
62 48
15 15
1 0
31 7
89 37
166 76
230 113
269 134
271 142
238 132
177 107
105 72
42 33
5 7
7 1
48 17
117 48
191 87
250 123
273 140
263 140
218 125
154 93
80 56
25 23
1 3
21 7
72 29
144 64
214 101
261 130
275 144
250 136
195 113
125 78
56 42
11 15
3 3
35 11
99 41
173 78
236 115
273 140
271 148
240 142
171 111
87 62
27 15
0 0
13 0
56 21
125 52
189 87
1 119
277 142
261 144
212 126
144 91
72 50
19 19
0 3
21 9
80 33
154 66
220 101
265 130
273 144
244 136
187 111
117 74
50 39
9 13
5 3
41 15
107 42
181 82
242 117
271 140
265 142
226 125
162 97
89 60
31 27
1 5
15 3
62 23
134 58
207 97
257 126
275 142
255 138
205 117
136 85
64 48
15 17
1 1
29 9
89 37
162 74
228 109
267 134
273 142
242 134
181 107
107 72
44 37
7 11
13 13
50 31
107 44
177 66
242 99
275 132
265 146
218 128
152 87
83 48
29 21
5 13
19 17
70 33
142 58
212 97
261 130
273 148
250 140
197 111
126 74
58 41
11 15
3 3
35 11
97 37
171 76
234 115
269 140
269 144
232 126
173 99
101 66
39 35
3 9
9 3
54 17
125 52
197 91
251 126
273 142
259 138
214 119
146 91
74 56
21 23
1 3
23 7
78 31
150 68
220 105
265 132
275 144
246 134
189 109
119 74
52 42
9 15
3 3
39 15
107 44
181 87
246 130
271 146
257 136
218 111
162 83
93 56
33 29
1 5
11 0
62 17
136 56
207 103
255 134
275 146
255 136
208 115
138 87
66 52
15 19
1 0
27 5
85 33
160 72
226 111
269 134
273 142
242 132
181 107
111 72
46 37
7 9
5 1
44 15
113 46
187 87
244 121
273 140
265 140
222 125
156 95
83 58
27 23
1 3
17 5
68 27
140 62
210 99
261 128
275 144
251 138
201 117
130 82
62 44
13 15
3 3
33 11
95 39
167 76
232 113
269 138
271 146
236 132
175 105
109 78
42 44
0 3
0 0
46 0
125 42
199 97
248 128
271 136
263 132
218 121
150 101
76 66
23 25
1 0
19 1
74 27
148 68
216 107
263 130
273 138
248 132
193 113
121 82
54 44
9 11
3 0
39 13
101 44
175 82
238 115
265 138
269 144
230 130
166 101
95 64
35 27
3 7
11 5
58 23
128 56
203 95
255 126
273 142
259 140
210 119
140 85
70 48
17 19
1 3
25 9
83 33
156 68
224 107
267 134
273 144
244 134
187 111
115 76
48 41
9 13
9 7
50 29
109 54
173 78
234 101
271 125
267 136
224 126
156 95
85 54
31 21
5 5
17 11
64 31
138 60
208 95
259 126
275 144
253 142
201 117
132 80
62 42
15 15
1 3
31 11
91 35
166 72
232 111
269 138
271 146
238 132
177 105
107 68
41 35
5 9
7 3
50 17
119 46
193 87
250 123
275 144
263 142
218 123
152 93
80 54
25 25
1 5
19 5
72 27
146 64
216 103
261 132
275 144
250 134
195 113
125 78
54 42
11 13
3 3
37 13
99 42
175 82
238 119
273 144
275 156
232 138
160 91
87 42
33 11
5 3
13 9
56 23
126 48
201 85
255 125
275 150
257 146
212 121
142 85
72 50
19 21
0 7
23 9
80 29
154 64
222 103
265 134
273 144
244 134
187 107
115 74
48 39
7 13
5 3
42 13
107 44
181 82
242 117
273 140
267 142
218 126
162 97
89 60
31 29
1 7
13 3
62 21
128 58
207 99
0 128
275 142
255 138
189 119
134 85
64 46
15 17
3 3
29 9
89 37
164 74
230 111
269 138
271 144
240 132
181 107
113 78
50 50
3 15
0 0
41 0
115 35
191 83
246 123
271 138
263 134
222 119
156 95
83 64
25 31
1 7
19 1
70 25
142 64
212 103
261 130
275 140
251 134
197 113
126 82
58 44
13 15
3 1
33 11
97 39
31 80
236 115
19 138
269 142
234 128
171 93
99 64
31 31
3 7
11 1
54 19
125 54
197 93
1 125
275 142
261 140
212 121
144 87
74 52
21 21
3 5
23 9
78 31
152 66
220 107
0 134
273 144
246 134
189 111
119 76
50 39
9 11
5 3
33 15
107 48
185 95
240 125
11 128
259 121
226 111
167 97
93 68
31 31
1 0
15 0
64 25
134 68
205 107
255 128
275 136
255 134
207 121
136 89
66 48
17 13
1 0
27 7
85 37
160 74
226 109
267 132
273 142
242 134
181 111
111 74
46 35
0 9
7 3
44 19
113 48
187 83
246 119
23 140
263 142
222 125
156 95
83 58
27 25
1 5
17 5
68 27
140 62
210 101
259 130
275 144
251 136
199 113
128 82
60 46
15 19
1 5
33 13
95 39
169 78
234 115
271 140
275 150
240 140
171 107
89 58
31 15
3 0
11 0
52 19
119 50
193 83
253 121
279 144
263 148
214 126
148 91
78 52
15 23
1 7
15 1
76 29
23 62
218 101
263 132
273 144
248 136
193 111
119 74
52 39
11 15
5 5
37 15
101 41
177 80
240 117
271 140
267 142
228 126
166 97
93 62
33 29
1 5
13 3
60 23
130 56
201 95
253 126
275 140
257 138
208 119
140 87
70 50
19 19
1 1
25 9
83 35
158 72
224 109
267 134
273 142
244 134
185 111
113 76
48 41
9 15
13 15
41 23
97 31
175 58
246 103
277 142
265 150
222 126
158 87
87 52
33 29
1 15
15 13
66 25
138 56
208 97
259 132
275 146
251 136
201 109
132 76
62 46
15 21
1 5
31 7
93 35
166 74
230 115
267 138
271 142
238 130
177 103
103 70
41 35
5 9
9 1
50 15
119 48
193 91
250 126
275 142
261 140
218 123
150 93
80 58
23 25
1 3
19 5
74 29
146 66
216 103
263 132
275 144
250 136
193 113
123 78
56 41
13 15
5 5
37 15
101 44
179 87
242 128
265 140
257 132
226 111
169 89
97 60
35 29
1 5
11 0
60 17
128 56
201 99
253 130
275 144
259 140
210 121
142 89
70 52
19 19
0 0
23 3
82 31
156 70
222 107
265 132
273 142
246 134
187 111
115 76
48 39
7 9
5 3
42 17
107 46
181 83
242 119
271 138
267 144
226 126
162 97
89 60
29 25
1 5
15 5
64 25
134 58
207 95
257 126
275 142
255 140
205 119
134 83
64 48
17 17
1 3
29 11
89 37
164 74
228 111
269 136
273 146
240 134
181 111
113 83
41 39
0 0
0 0
46 1
119 50
191 95
246 123
271 132
265 134
224 128
154 105
80 64
25 23
1 0
19 3
70 31
142 68
212 101
261 126
275 138
250 134
197 115
126 82
58 44
13 15
3 1
35 13
97 42
171 80
234 113
269 136
271 142
234 130
171 103
97 64
37 27
5 7
11 5
54 23
125 54
199 91
253 125
275 144
259 140
212 121
144 87
74 52
19 19
0 3
23 5
80 33
154 68
220 105
265 132
275 144
248 136
189 111
119 78
52 41
11 15
9 9
44 25
99 46
169 70
234 99
273 126
269 140
226 128
162 95
91 54
35 27
5 11
13 13
60 29
134 58
205 93
255 128
273 144
255 140
207 115
136 82
66 46
15 17
1 1
29 7
87 35
162 72
226 111
267 136
273 144
240 132
181 107
111 72
44 37
5 11
5 1
46 15
113 48
187 87
246 121
273 140
265 140
222 125
156 95
83 58
27 25
1 5
17 5
68 25
140 60
212 101
259 130
275 144
253 138
201 117
128 83
60 46
13 15
3 3
33 11
95 39
169 80
234 115
275 144
277 156
230 134
162 87
95 44
41 19
7 9
7 9
48 17
123 44
199 87
251 130
275 152
261 146
216 121
148 87
76 52
21 25
0 5
21 5
76 25
150 60
218 105
263 134
273 146
248 134
191 109
121 76
54 42
9 15
3 3
37 9
103 41
177 82
238 119
271 140
267 142
230 128
166 99
93 62
35 29
3 7
11 3
58 19
130 56
203 97
255 128
275 144
257 138
208 119
140 87
70 50
19 19
1 3
27 7
83 35
158 70
226 109
267 136
273 146
244 136
185 111
119 82
50 48
0 9
0 0
39 0
113 37
187 85
242 121
271 136
267 136
226 125
160 99
85 66
29 29
1 3
15 3
66 23
138 62
208 101
257 128
273 138
253 134
201 115
130 83
62 46
13 15
3 1
31 9
93 39
167 76
232 113
269 136
269 142
236 130
177 105
105 70
42 35
5 9
7 1
50 17
121 52
191 91
248 123
275 138
263 140
218 125
150 91
78 54
23 21
1 3
21 7
72 29
148 64
218 103
263 132
273 144
248 136
195 113
125 80
56 42
9 15
5 3
39 15
107 50
179 93
230 117
259 121
263 121
232 117
169 101
97 70
35 29
3 0
13 0
60 27
128 68
199 101
251 125
275 136
259 138
210 123
140 91
70 48
19 13
1 0
25 7
82 35
156 68
224 105
265 132
271 144
244 136
187 111
115 74
48 39
7 11
5 3
42 15
107 44
181 82
244 117
273 142
265 142
224 126
160 95
89 58
31 27
1 9
13 5
64 25
136 60
208 99
0 130
275 144
255 138
187 117
134 83
64 46
15 17
3 3
29 9
89 37
164 72
232 113
271 140
277 154
240 140
171 103
97 56
39 19
5 0
9 0
48 17
115 46
191 83
250 121
277 146
263 148
218 126
152 91
82 52
27 25
1 9
17 5
72 25
144 60
214 101
261 132
273 144
251 136
197 113
125 78
56 42
13 15
5 5
35 11
97 39
173 78
236 117
271 140
269 144
234 128
171 99
99 66
37 31
3 7
9 1
54 19
125 52
197 91
251 126
275 142
259 140
212 121
144 89
74 52
21 21
0 3
23 5
80 31
154 70
220 107
265 134
273 142
248 134
191 113
119 80
50 44
13 19
9 15
35 13
93 25
173 60
244 107
275 142
267 148
226 125
164 89
95 58
35 33
3 15
13 7
60 21
134 54
205 97
253 130
275 146
255 138
207 115
134 82
66 48
17 21
1 3
27 7
87 33
162 72
228 111
267 138
271 144
240 130
181 105
111 72
44 37
5 11
7 1
46 17
115 48
187 87
246 123
273 140
263 140
222 125
156 95
83 58
27 25
1 3
17 3
70 27
142 64
212 101
259 128
275 140
253 138
199 117
128 82
60 44
15 15
5 3
33 13
97 42
177 87
236 123
261 134
259 126
230 113
175 95
103 68
37 33
1 3
9 0
56 17
125 56
197 99
251 128
275 140
261 138
214 121
146 91
74 54
21 19
1 0
21 3
76 29
150 68
218 105
263 130
273 142
248 136
191 113
119 76
52 41
11 13
5 5
39 15
103 42
177 80
240 117
271 138
267 142
228 126
166 99
93 62
33 29
3 5
13 5
60 23
130 56
203 93
255 126
273 140
259 140
208 121
138 87
68 50
17 17
3 3
27 9
85 37
160 72
226 109
267 134
273 144
244 136
187 115
115 83
39 31
0 0
3 0
48 7
113 52
185 91
244 117
275 132
267 138
224 132
156 103
85 62
29 23
1 1
15 5
66 29
138 62
210 97
259 125
275 138
253 138
203 119
130 83
62 44
15 15
3 3
31 13
93 39
167 76
232 111
267 134
267 142
238 125
175 105
103 68
41 33
5 7
9 3
50 19
111 50
193 89
0 123
275 142
261 142
216 123
150 91
78 56
23 23
0 3
21 5
76 31
148 66
216 103
263 130
275 144
250 138
193 113
123 80
56 44
15 19
11 15
37 21
91 37
166 62
234 99
273 130
269 142
222 128
167 97
97 60
37 29
5 11
13 11
58 25
128 54
201 91
253 126
273 144
257 140
208 117
140 83
62 48
19 19
0 3
23 5
83 31
158 70
224 109
265 136
273 144
244 132
187 107
113 74
48 39
7 11
5 1
42 13
109 44
183 83
242 119
273 140
265 140
224 126
160 95
89 62
31 27
1 7
13 5
64 23
138 60
208 101
257 130
275 144
253 138
205 117
134 83
64 48
15 19
1 1
29 9
91 37
164 76
230 115
271 144
275 156
232 128
167 85
103 48
44 27
7 15
5 7
46 13
119 42
195 85
250 130
275 152
261 144
218 121
152 89
80 56
23 27
0 5
19 1
72 23
144 60
214 103
261 134
275 144
251 134
197 111
125 80
56 46
11 15
3 1
35 9
97 39
171 80
234 115
269 136
271 142
234 130
169 103
97 66
37 31
5 0
11 3
54 21
125 54
199 93
253 125
275 142
259 140
212 121
144 87
72 50
21 19
3 5
25 9
80 33
154 68
220 107
265 134
275 146
246 136
189 111
125 85
50 46
0 7
0 0
39 0
109 37
181 82
240 119
271 136
269 138
230 126
166 103
91 68
31 31
3 5
13 1
60 23
132 58
205 95
255 125
275 138
255 136
205 117
136 83
66 46
15 15
1 1
29 9
87 39
162 74
226 109
267 134
271 142
242 132
181 107
109 70
44 35
7 9
7 1
46 17
115 48
189 87
246 121
273 138
265 142
220 126
154 95
82 56
25 23
3 3
17 7
70 29
142 62
212 99
261 130
275 144
251 138
197 113
128 80
60 44
13 17
1 3
35 11
101 48
173 89
222 109
257 115
267 123
238 126
173 109
99 62
37 27
5 1
3 1
54 27
123 62
195 95
1 121
275 138
259 140
212 125
146 89
74 48
21 15
1 3
15 9
78 33
17 62
220 103
0 132
273 144
248 136
191 111
121 74
52 39
9 11
3 3
31 13
105 42
177 80
240 117
273 140
267 142
220 126
166 97
93 62
35 29
3 9
13 5
60 23
130 56
205 95
255 126
275 142
257 138
208 119
138 85
68 48
17 19
1 3
27 9
85 35
160 72
226 109
19 136
251 156
171 142
173 101
101 56
44 23
9 5
5 3
42 15
111 41
187 80
248 121
275 144
265 146
224 126
158 95
83 56
27 25
1 7
15 5
66 23
138 56
210 97
259 128
275 144
253 138
201 115
130 82
60 44
15 17
3 5
31 11
91 37
166 74
232 111
269 138
271 144
236 130
175 101
103 68
41 35
5 9
9 3
50 17
121 50
193 89
250 123
273 140
263 142
216 125
150 91
76 54
23 23
1 5
19 7
74 29
148 64
216 103
263 132
275 144
248 136
193 113
123 80
56 44
15 23
3 9
27 3
91 21
173 62
240 111
273 144
267 146
230 125
167 91
99 64
37 37
3 15
11 5
58 15
128 50
201 95
253 130
273 142
257 134
208 115
142 85
70 52
19 21
1 3
25 5
83 31
156 70
224 111
267 138
273 144
244 132
185 107
115 74
48 39
7 11
5 0
42 13
109 44
183 85
242 119
273 140
267 142
224 126
158 97
87 60
29 27
1 5
13 5
64 25
136 60
208 99
257 128
275 142
253 138
203 117
134 85
64 48
15 17
1 3
33 13
95 44
169 87
226 119
257 128
263 126
236 117
179 99
107 70
41 33
3 3
9 0
52 19
119 56
191 95
248 123
273 138
263 138
218 125
150 95
80 54
25 19
1 1
19 5
72 29
146 66
214 101
263 130
273 142
250 136
197 115
125 80
56 41
11 13
3 1
37 11
99 41
173 78
236 113
271 138
269 142
232 128
169 101
99 66
37 31
3 5
9 0
58 19
126 56
199 95
251 125
275 140
261 140
212 121
142 87
72 52
21 19
1 1
23 7
80 31
154 68
224 107
265 134
273 144
246 136
195 123
117 85
41 31
0 0
3 0
44 9
109 50
179 85
240 111
275 130
269 142
228 134
162 107
91 64
31 25
1 3
13 3
62 27
134 58
205 93
257 123
275 140
255 140
205 119
134 83
66 44
17 15
1 3
27 9
87 35
162 72
228 109
267 136
271 144
240 132
181 107
109 70
42 35
5 9
7 1
48 17
115 48
189 85
246 119
273 138
263 142
222 126
154 95
82 58
27 25
1 5
17 7
70 27
142 64
212 101
259 130
275 142
251 138
199 117
128 82
60 44
17 19
3 15
31 17
83 31
162 58
232 97
23 132
271 144
224 128
171 99
95 62
41 35
5 15
1 9
52 23
123 50
195 89
251 125
273 144
259 140
214 119
144 85
76 50
21 21
1 3
21 5
76 29
152 66
220 107
265 134
273 146
246 134
191 111
119 76
52 41
9 13
5 1
39 11
103 41
177 80
240 117
273 140
267 142
228 126
166 99
93 64
31 29
1 5
13 1
62 23
132 58
203 97
255 126
275 140
259 140
207 121
136 87
68 48
17 17
1 3
27 9
85 37
160 74
228 113
273 146
269 150
232 121
173 83
109 54
48 33
9 17
5 5
44 9
113 41
189 85
248 130
273 150
263 144
222 121
156 91
83 60
25 29
0 3
17 0
68 19
140 58
210 101
259 130
275 140
253 134
201 113
130 83
62 46
13 15
3 1
31 7
93 37
167 76
232 113
269 136
269 140
236 128
175 105
103 70
41 33
5 7
9 1
52 17
121 52
195 93
250 125
273 140
261 140
216 123
148 91
78 54
23 21
1 3
21 5
76 29
148 66
218 105
263 132
275 144
250 138
197 117
126 85
50 44
1 3
0 0
37 0
103 37
175 82
236 115
271 134
269 138
234 130
167 105
95 70
35 31
3 5
11 1
58 23
126 56
199 91
253 121
275 138
259 140
208 121
140 87
70 48
19 19
1 3
23 9
83 35
158 70
224 107
265 134
273 144
244 134
185 107
113 72
48 37
7 9
5 1
44 15
111 44
185 83
244 119
273 140
267 142
224 126
160 97
87 60
29 27
1 5
15 5
64 23
138 60
208 99
259 130
275 144
253 138
203 115
132 83
64 48
15 19
1 5
33 13
97 48
164 82
218 99
259 113
271 126
242 130
179 113
103 70
41 27
7 1
11 3
50 25
119 58
193 91
250 119
273 138
261 142
216 126
152 93
80 52
15 17
0 1
19 7
74 29
146 64
207 101
11 130
275 144
250 136
197 115
125 80
56 42
11 13
3 3
35 13
99 41
171 76
236 115
271 138
269 142
232 128
169 99
99 66
37 31
3 7
11 3
56 21
126 54
199 91
253 125
275 142
259 140
210 119
142 87
72 52
19 19
1 3
25 9
82 35
154 70
224 109
21 140
271 154
238 136
177 97
109 56
46 27
9 9
5 3
31 11
107 39
60 80
244 121
23 146
265 146
220 128
162 95
89 60
29 27
1 5
13 3
62 21
126 56
203 95
0 128
275 142
255 136
205 115
126 82
66 48
17 19
1 3
29 9
89 35
162 74
228 111
267 136
273 144
240 132
179 105
107 70
44 35
5 9
7 3
46 17
115 48
189 87
248 123
273 140
263 138
220 123
154 95
82 58
25 23
1 3
19 7
70 31
142 66
212 103
261 130
275 144
251 138
197 115
128 83
60 48
19 29
0 7
21 0
87 15
171 62
238 115
271 146
269 146
234 125
173 95
103 70
39 42
3 15
9 1
54 13
125 50
195 95
251 128
273 140
259 134
212 117
146 87
74 54
21 21
1 1
25 5
80 31
150 68
218 107
265 132
275 142
246 134
189 111
119 76
52 41
9 11
3 0
41 13
105 44
179 83
240 117
271 136
267 140
228 128
164 99
91 62
33 27
3 5
13 5
60 25
132 58
205 95
255 128
275 144
255 138
207 119
138 85
68 48
17 17
1 1
29 11
93 44
164 83
218 111
5 123
267 126
234 123
183 105
109 72
44 33
7 3
9 0
46 19
113 54
187 93
246 123
273 136
265 140
222 126
154 97
83 56
27 19
1 0
17 3
68 27
140 62
210 99
259 126
275 142
253 138
201 117
128 82
60 42
13 13
3 1
33 11
93 39
167 76
232 109
269 136
271 144
236 132
173 103
101 64
39 31
5 9
9 5
52 21
121 50
193 89
250 123
275 142
261 142
216 123
150 89
76 54
21 23
1 5
21 7
76 31
150 66
218 105
263 134
275 146
251 140
197 123
117 80
42 27
1 0
3 0
42 13
103 50
173 82
238 109
273 132
271 146
232 138
166 107
93 62
33 23
3 5
11 5
56 23
128 54
201 89
253 123
273 142
257 140
208 119
142 85
70 48
17 17
1 3
25 9
83 35
158 70
224 107
265 132
273 142
244 134
185 107
113 72
48 37
7 11
5 1
42 15
109 44
185 83
244 121
273 140
265 142
224 125
158 95
85 58
29 27
1 5
15 3
66 23
138 58
208 97
259 128
275 142
255 138
203 117
132 83
64 48
21 25
5 15
23 11
80 23
160 56
232 101
271 134
269 144
236 126
177 97
107 66
44 39
5 17
7 7
50 17
48 48
62 89
246 121
23 140
263 140
216 121
150 89
78 52
17 23
0 5
19 0
72 27
146 64
216 103
13 132
273 144
250 136
193 113
123 78
56 42
11 15
3 3
37 13
99 41
48 80
236 117
21 138
267 142
162 128
169 99
97 66
37 31
5 9
11 3
56 21
126 54
199 95
3 126
267 142
259 140
212 121
142 87
72 46
19 21
1 3
15 7
78 33
31 72
228 117
15 148
267 144
234 117
181 87
117 64
52 33
7 15
3 0
42 5
109 41
58 87
242 126
23 144
267 140
218 123
160 95
80 64
29 29
1 5
13 0
62 19
126 58
207 99
0 130
275 140
255 136
205 117
134 85
64 46
15 15
3 1
29 7
87 35
164 72
230 111
267 136
271 144
238 130
173 105
107 70
42 35
5 9
7 1
48 17
109 48
189 87
246 119
275 140
265 142
220 125
152 95
82 56
27 25
1 5
17 7
72 27
144 62
212 101
261 130
275 146
251 142
205 125
128 89
48 41
0 0
0 0
37 1
99 39
169 78
232 111
271 132
273 142
236 134
171 109
99 70
37 31
3 5
9 1
54 21
123 54
195 91
250 119
273 136
259 138
214 123
146 91
74 52
21 19
1 3
23 9
78 33
152 68
220 105
263 130
273 142
246 134
189 111
117 76
50 39
9 11
3 1
41 13
105 44
179 82
240 117
271 138
267 142
228 126
164 97
91 62
33 27
3 7
13 5
62 23
134 58
205 97
255 128
275 142
255 138
207 117
138 85
68 50
17 21
1 5
29 13
91 48
154 72
214 91
261 111
273 132
244 136
181 113
109 70
44 27
7 5
9 7
46 27
113 54
187 83
246 115
273 138
265 146
220 128
156 93
83 52
27 21
1 5
15 5
68 27
140 60
210 99
259 130
275 144
253 138
199 115
128 78
60 42
13 15
3 3
33 11
93 37
169 76
232 113
269 138
269 144
236 130
173 103
101 68
39 33
3 9
9 3
52 19
121 50
193 87
251 123
275 144
261 142
214 123
148 89
78 52
23 21
1 5
21 7
76 29
150 66
220 109
271 144
275 154
240 132
181 95
117 60
54 31
11 11
3 5
37 9
103 35
179 78
242 121
271 146
267 146
230 128
167 97
93 64
33 31
1 5
11 0
58 17
130 54
201 95
255 126
275 142
259 138
208 119
140 85
70 50
19 19
1 1
25 5
83 31
158 70
224 107
265 132
273 142
244 134
185 109
111 74
46 37
7 9
7 1
44 15
109 46
185 83
244 119
273 140
263 140
224 125
160 95
85 58
29 27
1 3
15 3
68 27
138 62
208 99
251 128
277 142
255 138
203 117
130 83
68 56
19 29
0 1
19 0
85 13
169 64
234 115
267 142
269 138
240 123
181 101
107 74
41 42
5 15
7 1
50 15
119 50
191 93
248 125
273 138
261 136
216 119
150 91
80 56
23 23
1 1
19 3
74 27
148 66
216 105
261 130
273 140
250 134
195 113
123 80
54 42
11 11
3 1
37 13
99 42
173 80
236 115
271 136
267 142
224 128
167 99
97 64
35 31
3 7
11 3
56 21
126 54
201 93
253 126
275 142
259 140
210 119
142 87
72 52
21 21
1 5
25 9
87 41
158 78
214 105
255 119
269 126
248 126
187 109
113 76
48 35
9 7
7 1
44 19
109 52
181 87
242 119
273 138
265 142
224 126
160 97
87 58
29 23
1 3
13 3
64 25
136 58
208 97
257 128
275 144
255 140
203 119
134 83
64 46
17 17
1 1
29 7
89 35
164 72
228 109
267 132
273 144
242 132
179 107
107 70
44 35
5 9
7 5
48 19
115 48
191 87
248 121
273 140
261 140
220 125
154 95
82 60
25 25
1 5
19 5
72 31
144 66
212 103
261 132
275 144
255 146
199 125
117 76
46 21
0 0
5 0
37 17
97 44
169 74
236 105
273 134
273 150
234 140
171 107
99 62
37 27
3 7
9 7
54 23
123 50
197 87
251 121
275 142
259 142
212 121
146 87
74 52
21 21
1 5
23 9
80 31
152 68
220 105
265 134
273 144
246 132
189 109
119 74
52 39
9 13
3 1
41 11
105 42
179 82
242 119
273 140
267 142
220 126
164 99
91 62
31 29
1 7
13 3
60 23
132 58
205 97
250 128
275 144
257 140
207 119
136 85
70 52
25 31
3 11
19 5
78 19
158 56
228 103
0 136
271 144
240 128
181 101
113 70
46 41
7 17
5 5
44 11
113 42
189 87
244 123
271 140
263 138
222 121
156 93
83 58
27 25
1 3
17 1
68 25
142 60
212 101
11 132
273 142
251 134
199 113
128 82
60 46
13 15
1 0
33 9
95 39
169 78
232 113
19 136
271 142
236 130
173 105
101 68
41 33
5 7
9 1
52 19
115 52
197 91
1 125
275 142
257 140
216 123
148 91
76 54
21 21
1 5
21 0
78 33
17 68
224 115
15 144
265 138
236 113
187 89
123 68
56 46
9 17
1 0
41 5
105 41
179 89
238 126
19 142
267 138
230 125
166 101
91 64
33 29
3 3
13 0
58 21
130 58
203 97
5 128
267 142
257 138
208 121
140 89
68 50
17 17
1 1
27 9
83 35
156 72
224 107
1 134
273 144
242 134
183 107
113 64
46 37
0 11
5 3
44 17
111 46
60 85
244 119
17 138
265 142
224 126
158 97
78 58
29 25
1 5
15 5
66 25
138 60
210 99
9 128
275 142
257 142
210 128
130 89
50 39
5 0
0 0
33 5
91 39
166 76
230 107
5 125
275 144
238 138
175 111
97 72
41 31
5 7
7 3
50 19
111 50
193 85
248 119
273 138
261 140
216 123
150 91
80 54
23 21
1 3
21 7
74 31
146 64
216 103
263 132
273 144
248 136
195 113
123 78
54 41
9 13
3 1
37 11
101 41
171 80
238 115
271 138
269 144
224 128
167 101
95 64
35 29
1 5
11 3
58 21
128 56
201 95
253 126
275 142
259 140
210 123
142 89
70 50
19 21
3 7
31 21
82 44
146 62
212 83
263 115
277 140
246 140
185 111
113 66
50 31
11 13
7 13
42 25
109 48
181 80
242 115
273 142
265 146
224 126
158 91
89 54
31 27
1 9
15 7
64 25
138 56
208 97
0 130
275 146
255 140
203 115
126 82
64 46
15 17
3 3
31 9
89 35
164 72
228 111
15 136
271 144
238 132
177 105
107 70
42 35
5 9
7 1
48 17
117 50
191 87
248 121
273 140
263 140
220 125
152 91
82 54
25 23
1 3
19 5
64 29
146 68
218 109
267 142
271 150
240 128
187 97
123 66
58 39
11 15
1 0
35 5
99 35
173 80
236 119
271 142
271 144
224 130
169 101
97 68
37 33
1 9
9 0
54 17
125 50
189 91
251 125
275 142
261 140
212 121
144 89
74 54
21 21
0 1
21 5
80 31
29 68
220 107
13 132
273 142
246 134
189 111
117 76
50 39
7 9
5 1
41 15
105 46
179 83
242 117
273 138
267 142
218 128
164 97
91 60
31 27
1 5
13 3
64 25
134 58
205 97
255 128
275 142
257 140
207 121
136 87
72 60
17 27
0 0
15 0
83 13
167 70
230 119
265 138
269 138
244 125
185 107
111 83
44 46
5 11
7 0
46 11
115 48
185 91
244 121
273 134
265 136
220 125
154 97
83 60
27 25
1 3
17 3
68 29
140 64
212 101
259 128
275 142
251 138
197 117
126 80
58 42
13 13
3 1
33 11
93 37
169 76
234 113
269 138
269 142
234 130
173 103
101 68
39 33
3 7
9 3
52 19
123 52
195 91
251 125
275 142
261 142
214 123
146 89
76 54
23 23
3 9
25 13
83 44
148 72
208 97
255 117
271 130
250 130
191 111
117 76
52 35
13 7
7 5
41 21
103 48
177 82
240 115
271 136
267 142
228 128
166 99
93 60
33 25
1 5
13 3
60 25
130 56
203 95
255 125
275 142
257 142
208 121
138 85
68 48
17 19
1 3
25 7
83 33
160 70
226 109
265 136
273 142
242 132
183 107
113 74
46 37
7 11
7 3
44 17
111 46
185 85
244 121
273 140
265 142
222 125
158 93
85 60
29 27
1 5
15 5
68 27
140 62
210 101
259 130
277 146
259 150
199 123
119 70
52 21
13 0
5 1
33 17
89 39
167 70
234 107
271 138
271 152
238 140
175 105
103 64
39 31
3 9
7 5
50 19
119 46
193 85
250 123
275 144
263 144
216 121
150 87
80 52
25 25
1 7
19 7
76 27
148 64
216 105
263 132
273 144
250 136
193 111
121 76
54 41
11 15
5 5
37 13
99 41
175 80
238 117
271 140
267 144
232 128
167 99
95 64
35 31
1 7
11 1
58 21
128 54
201 95
3 128
267 144
259 140
210 121
142 91
74 58
23 31
0 7
13 0
74 15
156 56
224 105
265 134
271 142
244 128
187 105
115 76
48 42
9 17
5 5
41 11
107 42
183 85
242 123
271 140
263 138
224 121
160 95
87 60
29 27
3 5
15 3
64 23
136 60
207 99
257 130
275 142
253 136
203 117
134 85
64 48
15 17
1 1
29 7
89 35
164 74
230 113
269 136
271 144
240 132
179 107
107 72
42 35
5 9
7 1
48 17
117 46
193 87
250 125
273 142
261 142
220 123
152 93
80 58
25 25
1 5
19 5
74 29
146 66
220 115
259 138
263 132
242 115
195 97
128 78
58 50
9 15
0 0
35 1
103 41
175 89
236 125
269 138
269 138
234 126
169 105
97 70
35 31
3 1
9 0
56 17
125 54
199 93
253 123
275 140
259 138
212 121
144 91
72 50
19 19
1 1
23 7
80 33
154 68
220 103
263 130
273 142
246 136
189 111
117 76
50 39
9 13
5 3
33 15
39 44
41 78
242 119
23 140
267 144
126 128
164 97
89 60
31 25
0 5
15 5
64 25
134 58
205 97
1 130
277 146
259 146
210 130
130 87
54 37
9 0
0 0
29 3
87 37
160 72
228 105
3 130
267 144
242 140
181 113
107 72
44 33
7 9
5 5
44 19
113 48
187 83
246 117
273 140
263 144
220 126
154 93
82 56
27 23
3 7
17 9
70 29
17 62
205 99
261 130
275 144
251 138
197 113
126 78
58 42
13 15
1 1
33 11
95 39
169 78
234 113
269 136
271 144
234 130
171 99
101 66
41 33
5 11
9 3
54 19
123 54
197 93
251 126
273 142
261 140
216 121
146 91
74 56
23 23
3 7
29 19
76 37
138 52
210 80
263 117
277 144
248 142
187 111
119 66
56 33
13 17
5 13
37 21
