750000 10000000 157286 13
9 11
21 13
64 37
113 56
166 70
220 87
261 115
271 138
248 140
205 117
146 82
87 50
39 29
13 19
13 15
42 19
95 37
156 68
212 103
253 130
267 140
255 132
220 117
167 97
107 70
50 39
17 15
9 3
31 11
74 35
134 62
197 91
242 119
267 134
265 138
236 130
187 109
126 76
68 44
25 19
7 7
21 11
58 27
113 50
175 82
230 111
261 132
267 142
248 134
207 117
146 87
85 56
37 31
11 13
13 7
42 17
93 41
156 72
212 103
253 125
269 138
259 138
222 126
171 105
115 82
52 46
7 11
0 0
25 0
76 25
134 60
193 91
242 115
269 130
267 140
238 136
187 115
126 82
70 48
27 21
7 9
17 9
58 25
115 48
175 80
228 109
261 130
269 140
250 134
205 115
146 85
87 56
41 33
11 13
11 9
41 17
93 41
156 72
212 103
251 126
269 138
259 136
222 123
167 99
105 68
52 37
17 15
9 5
29 11
76 33
136 64
195 93
242 119
267 136
265 140
238 132
187 109
126 78
68 46
27 21
9 7
19 9
56 25
115 50
177 82
228 113
261 132
273 148
255 150
201 119
136 72
80 35
41 17
15 15
13 15
39 17
93 33
158 66
214 107
253 138
267 144
250 136
222 119
167 97
105 72
35 33
17 13
9 0
29 9
74 33
9 64
195 93
242 117
17 132
265 140
234 125
187 111
126 78
62 44
27 21
7 9
0 11
56 23
115 48
177 80
220 111
9 132
251 140
251 134
203 117
148 89
87 58
39 31
11 11
13 7
41 17
93 41
156 72
212 103
1 126
265 138
259 138
222 125
169 99
107 68
52 31
17 17
1 9
29 15
80 39
140 74
189 97
230 107
9 117
265 126
240 126
187 109
125 76
70 41
29 19
11 9
19 15
48 31
113 50
173 78
218 107
9 132
265 142
248 136
207 115
140 83
87 56
39 31
11 13
11 7
41 15
93 39
29 72
210 103
251 126
269 136
259 136
222 125
167 99
107 68
54 39
19 15
0 5
27 11
74 31
134 60
193 91
242 117
267 136
265 140
238 130
187 107
126 76
72 48
27 25
7 9
19 7
56 23
113 50
173 82
220 111
261 132
269 140
250 136
207 117
150 89
89 60
39 33
15 21
11 15
33 9
83 17
152 52
214 97
255 132
269 142
250 132
224 117
171 97
109 76
54 48
17 19
0 1
29 7
72 33
132 64
193 91
240 115
267 130
265 136
238 132
189 113
128 80
70 46
27 21
9 9
19 11
56 27
113 48
173 78
226 107
261 132
269 142
250 136
207 115
150 87
89 58
39 31
11 11
13 7
42 17
91 41
154 72
210 101
253 126
271 140
259 138
222 123
169 97
109 68
54 41
17 17
9 5
29 11
74 33
132 60
193 91
242 121
267 138
267 142
244 138
191 119
121 78
58 35
21 5
9 0
21 7
54 25
111 46
173 74
230 107
13 136
269 148
250 140
207 117
150 87
87 58
39 33
9 11
11 3
41 13
91 37
152 68
212 101
253 126
269 138
259 138
224 125
169 99
93 72
54 41
17 17
0 5
29 11
72 31
7 60
193 91
240 117
17 134
265 140
238 130
189 109
128 78
62 48
27 23
7 9
15 9
56 25
111 48
173 80
218 111
9 132
265 140
250 136
207 117
150 89
89 58
39 31
11 13
11 7
41 17
91 42
152 70
212 105
259 140
265 144
248 125
216 101
171 85
111 70
54 46
15 17
9 0
31 5
74 33
132 68
193 97
242 117
267 132
265 138
238 132
189 111
128 78
70 44
27 19
9 7
17 9
56 25
111 48
173 78
228 109
259 132
269 142
250 136
207 117
150 87
89 58
39 33
11 13
11 7
41 15
91 39
154 72
210 103
251 126
269 138
259 136
224 125
169 101
109 70
54 39
19 17
1 7
27 13
72 33
132 60
193 89
240 119
265 136
267 142
240 132
191 111
130 80
72 50
29 25
13 15
25 21
54 31
101 41
164 62
224 95
261 126
269 142
248 134
208 113
152 87
91 58
41 35
11 17
13 9
41 17
89 39
152 70
210 103
251 126
267 136
259 134
224 123
169 99
109 70
54 39
19 15
9 5
29 13
72 31
130 60
193 89
242 119
267 136
265 142
238 130
189 109
130 80
70 46
27 21
9 9
19 9
54 23
111 48
173 80
226 111
259 132
267 140
250 134
208 117
152 91
89 60
41 33
13 13
11 7
41 17
91 41
152 70
210 101
251 125
267 136
261 138
226 128
171 103
111 74
58 52
13 17
0 0
21 0
3 19
11 64
193 97
238 117
17 126
265 136
242 136
191 121
128 85
72 46
27 17
9 9
17 11
54 25
111 46
173 74
226 107
259 132
269 144
251 136
208 115
152 89
91 60
41 35
11 15
11 5
39 13
89 39
152 72
208 101
250 125
269 138
259 138
226 125
169 101
109 68
56 39
19 17
0 5
29 11
72 31
132 60
191 91
240 119
15 136
267 140
177 130
191 109
130 80
72 50
29 25
9 9
17 9
56 25
111 50
171 82
226 113
263 136
275 152
246 136
197 103
144 72
91 48
42 29
11 13
9 3
41 9
93 37
154 74
210 109
250 128
269 138
261 136
224 125
169 101
109 72
54 39
17 13
7 3
27 9
72 31
130 60
191 89
238 115
267 134
267 142
240 134
189 111
130 78
72 48
29 23
7 9
17 9
54 21
111 46
171 78
224 109
259 130
269 138
251 136
208 119
150 91
91 60
42 31
11 13
11 7
39 17
91 39
152 68
208 99
251 123
269 136
261 138
226 126
171 101
111 70
56 41
21 19
9 9
27 13
72 33
136 70
193 101
228 111
255 115
263 119
242 126
193 115
128 83
72 44
31 15
11 7
19 15
54 33
109 52
171 74
224 103
259 128
269 144
251 138
208 115
152 85
91 56
41 33
11 15
11 7
39 13
89 37
152 70
208 101
251 126
269 136
259 136
226 125
171 99
111 72
56 41
19 17
7 5
27 11
70 31
130 58
191 89
240 117
265 136
267 140
240 132
191 111
132 80
72 48
29 23
7 7
1 7
54 21
109 46
171 78
218 109
9 132
250 142
251 136
210 119
148 93
93 64
46 41
13 23
3 3
29 1
83 21
17 58
210 99
250 126
267 136
261 134
228 125
175 105
111 78
54 44
19 17
9 5
27 11
70 33
128 58
189 87
238 113
265 132
265 140
240 132
191 111
132 80
74 50
29 23
9 9
19 11
54 25
109 48
171 78
224 109
259 130
269 142
250 136
210 117
154 91
93 62
42 33
11 13
11 7
39 15
89 39
150 68
208 99
250 125
269 138
259 138
226 125
173 101
111 70
56 41
19 17
9 5
27 11
70 29
130 58
191 91
238 119
267 136
267 140
242 136
199 125
130 89
62 39
19 0
7 0
21 7
54 31
105 48
169 70
228 103
263 134
271 152
250 144
208 119
154 87
91 58
39 33
11 15
11 7
37 13
87 33
150 66
208 101
251 126
269 138
259 136
226 123
173 103
113 74
56 42
19 17
7 5
25 11
70 31
128 56
191 87
238 117
265 134
267 140
242 132
193 111
132 82
74 50
29 25
9 9
17 7
52 21
109 46
171 80
224 109
259 132
269 140
251 136
210 119
154 91
91 60
42 31
13 13
11 9
39 19
89 41
154 72
214 111
250 132
259 132
250 121
224 111
175 95
113 72
54 41
19 13
11 3
29 13
70 35
128 64
189 91
238 115
265 132
267 142
240 136
191 113
132 80
74 46
29 21
9 9
17 11
52 23
107 44
169 78
224 109
259 132
269 140
251 134
210 117
154 91
91 60
41 33
11 11
11 5
37 15
87 39
150 70
208 101
250 125
269 138
261 138
228 126
173 101
113 68
58 39
21 19
9 9
25 11
70 29
130 56
189 89
238 119
265 134
267 140
242 132
193 113
132 82
74 50
31 25
11 13
23 19
56 37
103 48
158 60
218 85
261 119
271 142
251 140
208 115
154 82
93 54
44 37
13 23
9 11
37 13
87 33
150 68
207 103
248 125
267 134
261 132
226 123
173 101
113 72
58 42
21 17
7 5
25 13
68 31
128 58
189 89
238 115
265 132
267 140
242 132
193 111
132 82
74 50
31 25
9 9
17 9
52 21
107 46
169 76
224 109
259 130
269 140
251 136
210 119
154 91
93 60
44 35
13 15
11 7
39 15
87 39
150 70
207 101
248 125
269 138
263 140
228 128
177 109
117 82
54 44
9 7
0 0
25 0
70 23
128 58
187 87
236 111
267 130
269 142
244 138
193 117
132 83
76 48
29 23
9 9
15 9
50 21
99 42
167 74
222 107
259 130
269 142
253 136
212 119
154 91
93 60
44 35
13 15
9 5
37 15
80 39
25 70
203 99
0 123
269 138
261 138
226 125
173 101
115 62
58 41
19 19
0 7
25 11
68 31
128 58
187 89
236 115
15 134
265 142
234 132
193 111
126 82
76 50
31 27
7 9
17 7
52 23
109 50
162 80
222 111
1 132
275 152
255 148
201 113
142 70
91 41
46 27
15 19
1 11
35 11
87 29
150 66
208 107
250 134
267 142
253 136
228 123
173 101
113 76
56 42
19 15
0 1
25 7
68 31
128 60
187 87
238 113
17 132
267 140
242 134
193 113
126 80
76 46
31 23
9 11
17 9
52 23
107 46
169 76
222 107
259 130
269 140
253 134
212 119
154 91
93 62
42 35
13 13
9 5
37 13
87 37
146 66
205 97
251 123
271 140
261 140
228 126
175 103
115 72
58 42
19 21
7 7
27 13
74 37
130 68
179 87
226 103
261 117
267 130
242 130
193 111
132 80
76 44
33 21
11 11
19 15
52 27
107 48
167 76
222 107
257 132
267 142
251 134
212 115
156 89
93 60
42 33
13 11
11 5
39 15
85 39
146 70
205 101
250 125
269 138
261 138
226 125
175 101
115 72
60 42
19 17
7 5
25 11
68 31
126 58
187 87
238 115
265 134
267 140
242 132
195 109
136 82
76 52
29 25
9 9
17 7
50 21
107 46
167 78
222 107
259 130
269 142
253 136
212 121
156 95
95 64
44 37
19 25
9 15
25 5
76 13
144 48
210 95
251 130
267 140
259 130
230 119
179 103
115 80
58 50
19 19
9 3
25 9
66 31
125 58
187 87
236 113
265 128
267 138
242 132
195 113
136 82
76 50
29 21
9 9
17 9
50 25
105 46
167 74
222 105
257 130
269 140
253 136
212 119
156 91
95 62
44 35
13 13
11 7
37 15
85 37
146 64
207 97
250 125
269 140
261 138
228 126
177 103
115 74
58 42
19 17
9 7
27 11
66 31
125 58
187 87
234 117
17 136
269 146
250 144
126 121
126 78
66 37
27 9
11 1
17 7
48 21
103 41
169 72
224 107
261 134
269 148
253 140
212 119
156 89
95 62
42 37
11 15
9 3
35 11
83 35
146 66
205 99
248 123
269 136
261 136
228 126
175 105
115 74
60 41
21 17
9 7
25 11
66 29
125 54
187 85
238 117
265 136
267 140
242 132
197 111
136 83
76 52
31 25
9 9
17 7
50 21
105 44
167 78
222 107
257 130
267 138
255 134
214 121
156 93
95 62
44 35
15 15
9 9
35 17
85 37
146 68
208 105
253 136
263 142
250 123
222 103
177 89
119 74
60 48
19 17
7 0
27 5
70 33
126 68
185 95
234 115
265 130
267 140
242 136
195 115
136 82
76 44
31 21
1 9
0 11
48 21
35 42
167 74
222 107
7 132
250 142
253 136
214 119
156 91
93 60
44 35
13 13
11 5
37 13
23 35
21 68
205 99
248 123
17 136
263 138
230 128
175 105
115 64
60 42
21 19
1 7
23 13
66 29
125 54
187 85
236 115
15 134
267 142
236 132
195 113
136 82
78 54
35 31
13 17
21 17
46 25
93 39
158 60
218 93
1 125
269 140
253 134
212 115
158 87
99 64
46 41
13 21
9 9
31 13
85 35
146 68
203 99
246 121
19 134
263 136
230 126
175 95
115 74
60 42
21 19
0 7
23 11
66 27
125 56
185 87
236 115
255 134
267 140
242 132
195 111
136 82
78 52
33 25
9 9
15 7
50 21
97 46
166 78
220 107
257 128
271 138
253 136
214 121
158 93
97 62
44 35
13 13
9 5
35 15
85 39
146 68
205 97
248 123
269 138
263 140
230 128
177 105
123 83
66 56
15 19
0 0
19 0
68 19
128 60
185 93
232 113
265 125
271 136
244 138
197 123
136 89
78 50
33 21
9 9
13 11
48 23
103 44
164 70
218 101
257 128
271 142
255 138
212 119
158 91
97 62
44 37
13 17
9 7
35 13
83 35
146 66
203 99
248 123
269 136
261 138
230 126
177 103
117 74
60 42
21 19
0 7
23 11
66 29
123 54
183 85
236 113
267 136
267 142
244 132
197 111
138 83
78 54
31 27
9 9
15 7
50 21
97 46
166 78
218 109
5 136
275 152
248 138
203 107
152 76
97 50
46 31
13 13
7 3
35 5
87 33
148 70
203 103
248 126
269 138
263 138
230 126
177 105
117 74
60 41
21 15
7 1
23 9
66 29
123 56
185 85
236 113
265 134
267 142
244 134
197 111
138 80
78 50
33 27
9 11
15 7
50 19
103 44
166 76
220 107
257 130
269 138
253 134
212 119
160 93
99 64
46 37
13 13
9 5
35 13
83 37
144 68
203 95
248 121
269 136
263 138
228 126
177 101
119 74
62 44
23 23
9 9
25 11
66 31
128 68
183 97
224 107
253 111
265 121
246 126
199 119
136 87
78 46
33 17
13 9
17 17
48 31
101 48
164 70
220 101
257 132
269 146
251 138
214 117
158 87
97 60
44 35
13 15
11 5
35 11
83 33
144 66
203 99
248 123
269 138
263 138
230 126
179 105
119 74
60 42
21 17
9 5
23 11
62 27
123 56
185 87
236 117
265 134
267 140
244 134
199 113
138 85
80 54
31 27
9 9
15 9
48 21
103 44
164 76
220 107
257 130
269 142
255 136
216 123
160 97
101 68
52 42
15 23
1 5
23 1
78 19
146 58
205 97
246 125
267 134
263 134
234 126
181 109
119 82
60 46
21 19
7 5
23 11
62 31
121 56
183 83
234 111
263 132
267 140
244 132
199 113
140 85
80 54
33 27
9 11
15 9
48 21
101 42
164 74
218 107
255 128
269 140
255 136
216 121
160 95
97 62
46 35
15 15
9 7
35 15
83 35
144 64
203 97
246 123
267 136
263 138
232 128
179 105
119 74
62 42
23 19
9 7
23 11
64 27
123 54
185 85
234 115
263 136
267 142
248 138
205 126
134 89
68 37
25 1
9 0
19 9
48 27
99 44
164 66
222 99
259 132
269 150
255 144
216 121
160 91
97 62
46 37
13 17
9 7
33 9
82 31
144 64
203 99
248 125
267 136
263 136
232 126
179 107
119 76
62 42
21 17
7 5
23 9
64 29
123 56
183 85
234 113
265 132
267 142
244 134
199 115
138 83
80 52
33 27
9 11
13 9
46 19
101 42
166 74
220 107
255 130
269 140
255 136
216 123
158 95
99 62
48 37
15 15
9 7
33 15
83 37
146 70
207 107
244 128
257 126
255 121
230 113
181 101
119 74
60 42
23 15
9 3
25 11
64 33
123 60
183 87
234 113
263 130
265 140
244 134
199 115
138 82
78 50
33 25
9 9
15 9
48 19
103 42
164 74
218 105
255 128
269 140
255 138
216 121
160 93
99 64
48 37
15 15
9 7
33 13
82 35
142 66
201 97
246 121
269 136
263 140
232 130
179 105
119 74
64 44
23 21
7 7
21 9
64 27
123 54
183 85
234 113
263 134
269 140
244 132
199 113
140 85
82 56
35 31
9 13
19 13
50 31
91 41
152 54
214 83
259 121
271 144
253 142
214 117
162 87
101 62
50 42
15 25
9 11
33 11
82 31
142 64
199 99
246 123
267 134
263 134
232 125
179 105
119 78
64 44
23 19
7 5
21 9
66 29
123 56
181 85
232 111
265 132
269 142
244 136
197 115
140 83
80 50
33 25
9 11
15 9
46 19
101 42
164 74
218 105
257 130
269 140
255 136
216 121
160 95
99 64
46 35
15 13
9 7
33 15
82 35
142 64
201 97
248 123
269 140
265 142
234 130
185 113
125 85
56 44
11 7
1 0
23 0
64 25
121 54
179 83
232 107
267 130
271 146
246 142
199 119
140 85
82 52
35 27
9 11
13 7
46 17
99 39
162 72
216 103
255 128
269 140
255 136
216 121
162 95
101 66
46 37
13 15
9 5
33 13
80 35
142 66
201 95
246 121
267 136
263 140
232 128
181 107
121 76
64 44
23 19
9 7
21 11
64 27
121 54
181 83
232 113
263 134
267 142
246 132
201 113
142 83
82 54
33 27
11 9
15 7
48 23
101 46
162 76
218 107
257 132
275 152
253 146
205 111
152 72
99 46
50 33
15 21
7 7
33 7
82 27
144 64
201 105
246 130
267 138
261 134
232 125
181 107
119 78
62 44
23 17
7 3
23 9
64 29
121 56
181 83
234 111
263 132
267 142
246 134
201 115
140 83
82 54
35 25
9 11
15 7
46 19
99 42
160 72
216 105
255 128
269 140
255 134
218 121
164 95
101 66
46 37
15 15
9 5
33 15
80 35
140 62
201 93
248 121
269 138
263 140
232 128
183 105
123 76
64 44
23 21
9 9
25 15
70 39
119 60
169 76
222 95
261 119
271 134
246 134
199 115
140 82
83 50
37 27
11 17
15 15
46 21
99 41
162 72
216 105
255 130
267 140
255 134
216 119
162 93
101 66
48 37
15 13
9 5
33 13
82 35
17 66
193 99
246 123
17 136
263 140
234 130
173 107
121 76
64 44
23 19
9 7
5 11
62 27
121 52
56 83
232 113
13 134
251 140
171 134
201 115
142 85
78 54
35 27
9 9
13 7
46 19
99 44
162 76
216 105
7 128
269 140
250 138
218 123
162 97
93 66
52 33
21 29
3 9
21 0
64 9
142 52
205 99
246 128
15 134
263 130
236 125
185 111
121 83
64 50
17 19
7 3
21 9
60 29
119 56
181 83
232 109
11 128
267 138
246 134
201 115
142 83
82 52
35 29
11 13
13 9
44 19
99 41
160 72
216 105
253 128
269 138
257 136
218 123
164 97
101 68
48 37
17 15
1 7
33 13
80 33
140 62
201 93
244 121
267 136
265 140
234 128
183 105
123 74
64 44
25 21
9 9
21 11
62 27
119 52
181 83
232 115
265 136
273 148
251 146
187 117
132 74
76 37
37 17
11 7
11 7
42 15
99 37
156 72
218 109
5 134
269 144
250 138
218 121
162 95
93 66
48 37
15 13
7 1
31 9
78 33
142 66
199 97
244 121
19 136
265 140
234 130
181 107
121 78
66 44
23 21
7 7
19 7
62 25
121 52
179 83
232 113
13 134
253 142
240 134
201 115
142 83
82 52
37 29
11 11
13 7
46 19
99 44
160 74
214 105
5 126
269 140
250 138
218 123
164 97
103 66
50 37
17 15
9 7
33 13
80 37
140 66
205 105
244 128
257 126
255 117
232 111
185 103
125 82
64 46
23 15
9 1
23 9
62 35
119 62
179 85
230 109
263 128
267 140
246 136
201 115
142 82
82 50
35 25
9 11
13 11
44 17
97 41
160 72
216 105
255 130
269 140
257 136
218 121
164 95
103 66
50 39
15 15
9 5
31 11
80 33
138 64
199 95
244 121
267 136
265 140
234 128
183 107
123 76
66 44
23 19
7 5
21 9
62 27
119 52
179 83
232 113
263 134
269 142
248 134
201 115
144 87
85 58
37 33
17 21
15 15
37 13
87 27
156 56
216 95
255 128
267 140
255 132
218 117
166 95
105 70
50 44
17 19
7 5
31 11
78 33
138 64
197 95
244 119
267 132
263 136
234 128
183 107
125 76
66 44
23 19
7 7
21 11
60 29
119 52
179 82
230 111
261 132
267 140
246 132
203 113
144 85
83 54
35 29
11 11
13 5
44 19
97 42
33 72
216 103
5 126
269 138
257 136
220 123
164 97
105 66
50 37
15 15
9 7
33 13
0 35
5 64
197 93
244 119
15 138
265 144
234 130
187 113
130 89
62 50
5 5
1 0
15 0
64 27
117 58
50 82
230 105
265 126
271 146
248 144
203 121
144 85
83 50
35 27
9 13
11 9
42 15
97 37
158 68
207 103
3 130
269 140
250 136
220 121
166 95
103 68
48 39
15 15
9 3
31 11
78 33
136 62
197 91
244 117
269 134
265 140
234 130
185 109
123 78
66 44
23 19
7 5
21 9
60 27
117 52
179 82
230 111
263 134
269 142
248 132
203 115
144 85
85 56
37 29
11 11
13 7
44 19
97 44
160 74
220 109
259 138
263 142
246 126
212 105
164 85
105 62
48 37
13 13
9 1
33 9
80 35
140 70
199 101
244 123
267 134
263 138
234 130
183 109
123 76
66 41
25 15
9 5
19 9
60 25
117 50
179 82
230 113
261 134
267 140
248 132
205 115
144 87
83 56
35 29
11 11
13 7
42 19
97 42
158 72
214 103
253 126
269 140
257 138
220 123
166 99
103 66
50 37
17 15
9 9
31 15
76 33
138 62
197 93
244 121
265 136
265 140
236 130
185 109
125 78
68 46
25 23
9 11
21 13
64 37
117 62
167 76
220 91
259 113
271 136
250 140
203 119
144 82
85 48
41 27
13 19
13 15
42 21
95 37
158 68
214 105
253 132
267 140
257 130
220 117
166 97
103 70
50 41
17 15
9 5
31 11
76 33
136 64
197 93
244 119
267 134
263 140
236 130
185 107
125 76
66 44
25 21
7 9
21 11
58 23
115 48
179 82
230 113
261 134
269 142
248 134
205 115
146 89
83 56
37 29
11 11
13 7
42 17
95 41
158 72
214 103
253 126
269 138
257 138
222 126
167 103
111 78
52 46
7 11
0 0
25 0
78 23
138 60
195 93
242 115
267 130
267 138
238 134
187 115
125 80
68 46
27 21
7 9
19 11
56 25
115 46
177 78
222 109
11 132
253 142
177 134
205 115
146 87
85 56
37 31
9 11
13 7
44 17
95 41
33 72
212 103
0 128
269 130
257 138
220 123
166 97
105 66
52 37
17 15
0 5
29 11
76 33
11 62
197 93
242 121
17 136
265 140
236 130
185 109
125 78
68 46
17 21
7 7
0 0
60 25
117 52
177 83
222 113
11 134
273 148
250 148
199 119
134 70
64 33
31 15
15 13
13 13
41 17
95 33
31 66
208 107
3 136
251 146
250 138
220 119
166 95
105 70
50 33
17 13
7 1
29 7
76 31
136 64
197 93
242 117
17 134
265 140
236 130
185 109
126 78
68 46
17 23
7 9
15 9
58 25
115 50
177 82
220 109
11 130
269 140
240 134
205 115
146 87
87 58
37 31
11 11
11 7
42 17
95 41
156 70
212 101
0 126
269 138
257 136
222 125
167 99
107 68
52 31
17 17
1 7
31 15
80 41
140 72
191 95
230 109
9 121
265 128
238 126
185 107
125 76
68 42
29 19
11 11
5 15
50 29
115 50
175 78
228 111
261 134
267 144
248 134
205 111
146 83
85 56
37 31
9 9
13 3
42 15
95 41
156 72
212 103
253 126
269 138
257 138
220 123
167 99
107 68
52 39
17 15
7 5
29 11
76 33
136 62
195 93
242 119
267 136
265 140
236 130
187 107
126 78
68 46
27 21
9 9
19 9
58 25
115 52
175 82
230 111
261 132
269 142
248 136
207 117
148 89
87 60
37 33
15 21
15 17
35 13
83 19
152 50
216 95
255 132
269 144
257 134
222 117
171 97
109 76
52 46
15 19
9 1
31 9
74 33
132 64
195 93
242 117
267 132
263 136
236 128
187 109
126 78
70 46
27 23
7 9
21 11
58 27
113 50
175 82
228 111
261 132
267 140
248 134
205 115
146 87
87 56
39 29
11 11
13 5
42 17
93 41
156 70
212 103
253 126
267 138
257 136
222 125
169 101
107 70
52 39
17 15
9 7
29 13
74 35
134 60
195 91
244 119
269 138
267 146
244 140
189 117
119 74
58 33
21 5
9 0
21 9
56 25
113 46
177 76
230 109
263 136
269 146
250 138
207 117
148 87
87 58
37 31
9 11
11 3
41 13
93 37
156 70
212 103
253 126
269 138
257 134
222 123
169 99
107 72
52 39
17 15
7 5
29 11
74 33
134 62
195 91
242 119
267 134
265 138
238 130
187 109
126 78
68 46
27 21
9 9
19 11
56 25
113 50
175 80
228 111
261 132
269 140
250 136
207 117
148 87
87 58
41 31
11 13
13 9
42 19
93 41
156 74
216 109
257 140
263 142
248 121
216 101
167 85
109 70
52 44
15 15
9 0
33 7
76 37
134 70
195 99
240 117
265 128
265 138
238 134
187 113
126 78
70 41
27 17
9 7
19 13
56 25
113 48
175 78
228 111
261 134
269 142
250 134
207 115
140 87
87 56
39 31
11 11
11 5
41 17
91 39
154 70
212 103
251 126
269 138
259 138
224 125
169 99
107 68
52 39
17 17
9 5
27 11
74 31
134 60
195 91
242 119
265 134
267 140
238 132
189 109
128 80
62 48
29 25
13 15
23 17
52 27
103 41
167 64
226 97
261 128
267 140
248 132
207 111
150 85
91 60
41 37
11 17
11 7
41 15
91 37
154 72
210 103
251 125
269 134
259 134
218 123
167 99
107 68
52 37
19 15
1 7
27 13
74 33
134 60
195 91
242 117
17 136
265 142
238 130
187 107
128 78
62 46
27 23
9 9
15 9
56 23
109 48
175 82
220 113
11 132
269 140
250 134
203 117
150 89
89 58
41 31
13 13
11 7
41 17
93 41
29 72
212 103
1 126
265 138
259 140
224 126
169 103
113 80
48 48
7 9
0 0
25 0
76 27
136 66
191 95
238 111
19 126
269 142
240 140
187 119
125 82
62 44
27 19
7 9
17 11
54 25
111 44
173 76
226 107
11 132
253 142
250 134
125 115
142 87
85 60
39 33
11 13
11 5
41 15
29 39
27 70
210 103
0 126
269 130
259 136
224 125
169 101
93 70
54 41
17 15
0 7
29 11
74 31
7 60
193 91
240 119
17 136
267 142
234 130
189 107
128 78
64 48
27 23
7 7
0 1
56 25
109 50
48 82
222 115
19 144
271 150
240 132
197 101
146 74
91 50
41 31
9 11
9 1
42 9
95 39
156 76
210 107
251 128
269 138
259 138
222 125
167 101
107 68
52 37
17 13
7 5
27 13
72 33
132 60
193 89
240 117
267 136
265 142
238 132
189 109
130 78
72 48
27 23
7 7
19 7
56 23
113 48
173 80
226 109
261 130
269 140
250 136
207 117
150 89
89 60
41 33
11 11
11 7
41 17
91 41
152 72
210 101
251 125
269 138
259 138
224 125
171 101
111 70
54 41
17 17
9 7
29 13
76 39
136 74
187 91
228 99
259 111
267 126
242 132
189 115
126 78
72 41
31 19
11 13
19 19
54 31
111 48
173 74
226 107
259 134
267 142
250 132
208 109
150 85
89 58
39 33
11 11
13 5
41 17
91 41
152 72
210 101
253 125
269 136
259 138
224 125
169 99
109 68
54 37
17 15
9 7
29 13
72 31
130 58
193 89
240 117
265 134
267 140
240 130
189 109
130 80
72 50
27 23
9 7
19 7
56 23
111 50
173 82
226 111
261 132
269 140
251 136
130 119
152 93
95 66
37 42
7 15
0 0
31 0
19 27
29 66
210 101
0 123
269 126
261 134
226 126
173 107
111 74
54 41
17 15
0 5
27 13
70 31
5 56
130 87
240 117
15 134
265 140
240 130
191 109
130 80
72 48
27 23
9 9
19 9
54 23
109 48
173 80
226 109
259 130
267 138
250 134
208 119
150 91
89 60
41 31
13 13
11 7
41 17
89 39
152 68
210 99
251 125
269 138
259 138
224 125
171 99
111 70
54 39
17 15
9 7
29 13
72 31
130 58
193 89
240 119
267 138
267 144
244 142
191 119
121 70
62 25
27 3
11 5
19 15
52 27
109 42
173 72
228 111
261 140
269 148
250 136
208 113
152 87
89 62
39 35
11 13
9 3
39 9
89 35
152 72
210 105
1 126
265 128
261 136
224 125
171 95
111 72
54 39
17 15
1 7
27 13
70 31
5 58
191 87
240 115
15 126
265 140
240 125
191 111
130 80
64 48
29 23
9 9
0 1
54 23
109 48
171 78
218 111
9 132
250 140
251 134
205 117
152 89
91 58
41 33
13 13
11 7
41 19
91 42
158 80
208 107
242 119
9 123
257 123
226 119
171 99
109 68
56 35
21 13
11 7
29 17
72 37
130 62
191 89
240 119
265 136
265 142
238 125
191 109
130 76
72 46
29 23
9 9
17 9
54 21
111 48
171 80
224 111
1 130
269 138
251 134
210 119
152 91
91 60
41 33
11 11
11 5
39 17
89 41
152 70
208 99
0 125
269 138
261 140
226 126
171 101
111 70
56 41
15 19
0 7
27 11
72 29
130 58
191 89
238 117
17 136
267 142
240 125
191 111
125 80
74 52
29 27
13 17
21 21
48 23
93 29
166 56
226 97
13 134
253 146
250 134
210 111
154 85
93 64
35 42
11 19
9 5
39 9
85 37
27 74
207 105
0 123
269 125
259 134
226 125
171 103
111 72
56 39
15 15
0 7
27 13
70 33
5 58
128 87
238 115
267 136
267 142
240 132
191 109
132 78
74 50
29 25
7 9
17 7
54 23
109 50
171 80
224 109
259 130
267 138
251 134
208 119
152 91
91 60
42 33
11 11
11 7
39 17
89 39
150 68
208 99
1 125
271 140
253 142
167 132
175 111
97 72
31 29
13 1
7 0
29 7
70 31
3 56
189 85
240 115
19 138
267 148
240 136
191 111
125 80
74 48
27 25
7 9
15 7
52 19
99 42
169 76
226 109
9 132
265 140
251 136
210 119
154 93
91 64
41 33
11 13
11 5
39 15
87 39
150 68
207 99
250 125
269 138
261 138
226 126
173 101
113 70
56 41
15 17
0 5
27 11
70 29
128 56
189 87
240 117
267 136
267 142
240 132
193 111
125 82
74 50
29 25
9 7
19 9
54 23
109 50
169 82
226 113
265 142
269 148
240 125
201 95
152 74
95 58
42 37
9 13
9 0
42 9
91 41
150 78
207 107
250 125
269 134
259 136
224 126
171 105
113 70
56 37
17 13
7 5
27 13
70 31
128 56
189 87
238 115
265 136
267 142
238 130
193 107
132 78
74 50
29 25
9 9
17 7
54 21
109 46
162 80
224 109
1 130
269 138
251 134
210 119
154 91
93 60
41 31
13 11
11 7
39 17
87 39
150 68
208 99
250 123
269 138
259 138
228 126
175 103
113 72
56 41
21 17
3 11
33 23
68 37
109 50
179 70
236 99
17 128
267 140
238 125
193 105
134 76
78 52
31 31
1 17
17 11
52 21
37 44
169 78
222 109
0 130
269 138
251 132
210 117
154 91
93 62
35 31
13 11
11 5
37 17
17 39
23 68
207 99
250 125
269 138
261 138
226 125
173 101
113 70
58 41
19 17
7 5
25 9
68 29
128 58
189 89
238 117
265 136
267 140
242 130
193 111
132 82
74 50
29 23
9 9
17 7
52 23
107 46
169 78
224 109
259 132
269 142
253 138
212 121
156 95
95 68
46 42
5 11
0 0
31 0
89 27
152 72
207 105
248 123
269 130
263 134
230 130
173 111
113 76
58 39
21 13
7 5
25 15
68 31
126 54
189 83
236 113
265 134
267 140
242 132
193 109
132 80
76 50
31 27
9 13
17 9
52 21
107 44
169 78
222 109
0 130
251 138
253 134
212 119
154 93
93 62
35 33
13 11
11 5
37 15
17 37
23 68
207 99
248 123
19 126
263 140
228 128
173 103
109 62
58 41
21 19
1 9
25 13
68 29
128 56
189 89
238 119
21 142
271 150
236 132
183 97
126 64
76 39
33 23
7 9
13 5
52 13
111 44
171 82
224 119
9 136
253 140
253 125
212 119
154 95
91 62
42 31
11 7
9 1
33 13
9 39
23 68
207 99
0 123
269 138
261 140
228 126
175 103
113 72
58 42
19 17
7 7
25 11
68 29
126 56
187 87
238 115
265 134
267 142
242 132
193 111
134 82
76 50
31 25
9 11
15 9
52 21
107 46
167 78
222 109
257 130
271 142
253 138
212 123
154 93
95 62
44 35
13 15
11 9
37 17
87 41
154 80
205 107
238 113
259 115
261 123
230 125
175 107
113 72
58 35
23 13
11 9
25 19
66 37
126 56
189 83
236 115
263 136
265 142
240 130
195 107
132 78
76 50
31 27
9 11
15 5
50 17
109 44
167 80
222 109
259 130
271 140
253 134
212 119
154 93
95 62
42 33
11 11
9 5
37 13
87 39
148 68
207 99
248 123
269 138
261 140
228 126
175 103
115 74
60 42
21 19
7 7
25 11
68 29
126 56
187 87
236 115
265 134
269 142
242 134
195 113
136 83
80 56
39 39
7 17
5 1
41 5
103 29
169 70
222 109
257 128
269 136
253 130
216 119
158 99
95 68
42 37
13 11
11 5
37 15
83 39
146 68
205 95
250 119
269 136
259 138
228 126
177 103
115 72
58 42
21 19
7 9
25 13
68 29
126 56
187 87
236 115
265 134
267 140
242 130
193 109
136 83
76 54
31 29
9 9
17 7
52 21
107 48
167 78
222 107
259 130
271 140
253 136
212 119
156 91
95 62
44 33
13 13
11 7
37 15
85 37
146 66
205 97
250 125
271 140
261 142
234 136
181 115
109 72
46 23
13 0
9 0
29 15
68 35
125 54
187 78
240 113
267 142
267 152
240 136
195 109
136 80
76 52
29 29
7 11
15 5
50 17
105 42
167 78
222 109
251 130
269 138
253 134
212 119
156 95
95 64
42 33
13 11
9 5
37 15
83 39
146 66
205 97
250 121
269 138
261 138
228 126
177 101
115 72
60 42
21 17
9 7
25 11
68 29
125 56
187 87
236 117
265 134
267 140
242 132
195 111
136 83
78 52
31 25
9 9
17 9
50 23
107 48
171 83
226 119
251 130
257 128
248 119
212 109
158 91
95 64
42 31
13 7
13 3
39 19
85 44
146 72
205 97
250 121
269 138
261 140
228 128
175 101
115 68
58 37
21 17
9 9
25 13
66 29
125 54
185 85
236 117
265 138
267 140
244 130
197 111
138 83
76 54
31 25
9 7
17 7
50 21
105 46
167 78
222 107
257 128
269 140
253 136
214 121
158 93
95 60
42 31
13 13
11 7
37 15
85 37
146 64
205 97
250 125
269 138
261 138
230 126
177 103
117 74
58 42
21 19
11 11
31 23
64 37
113 44
175 62
236 97
269 134
269 148
242 134
195 105
138 76
80 54
33 37
9 19
15 9
48 15
103 41
166 78
220 111
257 130
269 134
253 130
212 117
156 93
97 64
46 35
13 13
9 7
37 15
83 39
146 68
203 97
248 121
269 136
263 140
230 128
177 105
117 72
60 41
21 19
7 9
23 11
66 27
125 54
185 85
236 117
263 134
269 140
244 132
197 113
136 83
78 52
33 27
9 9
15 7
50 21
105 46
166 76
220 107
257 130
269 140
255 138
216 125
166 105
95 70
35 29
3 0
7 0
39 9
83 37
144 66
203 93
250 119
271 138
263 146
230 134
177 107
117 72
60 41
21 19
7 9
21 9
66 23
125 50
185 85
234 117
265 134
269 140
244 130
197 113
136 83
78 54
31 25
9 9
15 7
48 21
105 46
166 78
220 107
257 128
269 140
253 138
212 121
158 91
97 62
44 33
13 13
11 7
35 13
83 37
146 66
203 99
248 125
267 138
263 140
230 126
177 103
117 74
62 42
23 19
7 7
23 9
62 29
126 56
185 89
234 117
17 140
265 156
236 134
185 95
130 60
80 41
35 29
9 15
13 7
50 11
107 41
169 82
220 117
255 134
269 138
255 132
212 119
156 95
97 64
44 31
13 7
9 3
35 15
21 31
19 66
205 95
248 119
19 138
263 142
230 130
177 95
117 70
60 41
21 19
0 9
23 11
66 27
125 54
185 87
234 117
13 134
267 140
234 132
197 111
138 83
80 54
33 27
9 9
15 7
48 21
97 46
166 78
220 107
7 128
269 138
255 136
216 121
158 93
97 64
46 35
15 15
11 9
41 23
89 48
138 68
191 83
240 105
19 126
263 138
228 130
175 99
119 66
64 41
23 25
9 15
23 15
66 27
123 52
183 85
232 115
13 136
267 140
236 128
197 109
138 82
78 52
33 27
11 9
15 7
48 19
95 46
166 78
220 107
257 128
269 138
255 136
214 119
158 93
97 64
46 35
13 13
9 5
35 13
83 37
144 68
203 97
248 123
19 138
261 140
230 126
177 103
119 74
60 42
21 19
0 5
23 9
62 27
123 54
183 85
234 113
15 134
269 142
236 134
197 115
140 85
82 56
37 39
9 21
5 0
37 0
101 23
167 72
220 113
255 132
269 134
255 130
218 121
160 103
97 74
44 37
13 7
9 1
35 17
82 41
142 68
203 93
248 117
269 136
261 142
230 130
179 103
119 72
62 42
21 19
0 9
25 13
66 27
123 52
181 83
234 113
265 136
267 142
244 132
197 113
140 85
80 54
33 27
9 9
15 5
48 19
95 44
164 76
220 107
257 128
269 138
255 136
216 121
160 95
99 64
46 35
13 11
11 7
37 17
83 39
142 66
203 95
248 125
271 142
269 152
232 138
171 99
109 58
58 27
23 9
9 5
23 9
64 23
123 50
185 85
236 121
265 140
267 142
244 130
199 111
138 83
78 56
31 27
9 7
15 5
48 19
93 44
164 74
220 105
257 126
269 138
255 136
216 123
160 95
99 64
46 33
13 13
9 7
33 13
82 35
142 62
203 95
246 123
267 138
261 138
232 125
179 103
119 76
62 44
21 19
1 7
23 9
64 29
121 54
183 83
234 113
265 134
267 140
244 134
199 115
140 85
80 54
31 25
11 11
17 9
48 23
101 46
167 82
226 119
251 132
257 125
248 113
216 107
164 97
99 70
44 33
13 5
13 0
37 17
82 44
142 70
203 95
246 117
269 136
263 142
232 130
179 103
119 70
60 39
21 17
1 11
23 13
64 25
117 50
183 83
236 117
13 138
267 142
244 132
199 111
138 83
80 54
33 27
9 9
15 5
46 19
101 44
164 76
218 105
257 128
269 140
255 136
216 121
162 97
99 64
46 35
13 13
9 5
35 15
82 37
142 66
201 97
246 123
269 138
263 140
232 130
179 105
119 76
64 44
27 25
17 21
19 17
52 17
113 37
181 72
236 111
263 134
265 138
244 126
201 109
142 85
82 60
33 33
9 11
15 5
46 19
101 44
162 76
218 105
255 123
267 134
255 134
218 123
162 97
97 62
46 33
17 15
11 9
33 17
82 35
142 62
203 95
246 123
267 138
263 138
232 126
181 103
119 74
62 44
23 21
7 7
23 9
64 25
121 52
181 85
232 113
263 132
269 140
246 134
199 115
140 85
82 54
35 27
9 11
13 9
46 19
101 44
164 76
218 107
255 130
271 140
257 138
216 123
166 103
103 78
41 35
3 0
3 0
35 3
85 39
142 70
199 93
246 113
271 134
265 146
232 138
179 109
119 72
64 41
23 19
5 11
19 9
62 21
123 48
183 83
232 115
263 134
269 140
248 132
201 113
140 85
82 56
35 29
9 9
13 5
46 19
101 44
162 76
218 105
255 126
269 138
255 136
216 121
162 95
101 64
48 37
15 15
9 7
33 13
82 35
140 64
201 95
246 123
269 138
263 140
232 128
181 105
121 76
64 44
23 21
7 7
23 9
64 27
121 56
183 87
238 121
265 142
261 140
236 121
195 97
142 76
83 52
33 29
7 7
13 0
48 13
103 48
164 83
216 111
255 126
271 138
255 138
216 125
160 95
99 62
48 31
15 11
9 5
33 15
80 37
142 62
201 93
246 121
269 138
263 142
232 128
181 103
121 72
64 44
23 21
7 9
21 7
62 25
121 54
181 85
232 115
263 134
267 140
246 134
201 115
140 85
80 54
35 27
9 9
13 7
46 21
99 44
162 74
216 103
257 128
269 138
255 136
218 123
164 97
101 66
48 37
17 15
9 7
35 19
85 48
138 72
189 82
236 97
265 119
267 138
234 134
179 105
121 68
66 39
25 23
9 17
23 17
62 29
119 48
179 80
232 115
263 138
267 142
244 128
201 107
142 83
83 56
35 31
9 9
13 5
46 17
99 44
162 78
216 105
255 128
269 138
255 138
218 123
162 97
101 64
48 35
15 13
9 5
33 17
80 37
140 64
199 93
246 121
267 138
263 140
232 128
181 103
121 74
64 42
23 21
7 9
21 11
62 27
121 54
181 83
232 115
263 134
267 142
246 134
201 115
144 89
89 66
35 37
1 5
3 0
42 3
101 35
162 74
216 105
255 125
271 134
259 136
220 126
164 103
101 70
46 35
13 9
9 5
33 15
80 35
138 60
199 89
246 119
267 138
263 140
232 128
183 103
121 72
64 42
23 21
9 9
21 11
62 27
119 50
181 83
232 113
263 134
267 140
246 130
201 113
142 85
82 56
35 27
9 9
13 5
44 17
99 44
162 76
216 105
255 126
269 138
257 138
218 125
162 97
101 64
48 35
15 13
9 7
33 15
80 35
140 62
201 95
246 123
269 140
269 148
238 142
175 105
111 58
58 23
25 11
11 11
21 15
58 25
119 44
183 80
234 119
263 142
267 146
246 132
201 109
142 85
82 58
35 31
9 9
13 1
44 15
97 42
160 76
216 105
253 126
267 134
257 136
220 126
164 101
101 68
48 33
17 13
9 7
33 15
78 35
140 60
199 91
246 121
267 138
265 140
234 128
183 105
123 76
64 46
25 21
9 9
21 11
60 25
119 50
179 82
232 113
263 134
267 140
248 132
203 117
144 87
82 56
35 29
11 11
15 9
46 21
103 50
166 85
212 105
244 117
261 121
257 125
220 119
162 95
101 60
50 29
19 13
11 11
33 21
78 39
140 64
199 93
244 121
267 138
263 142
234 128
183 103
123 74
66 44
25 21
7 9
21 9
60 23
119 50
181 83
232 115
263 134
267 140
246 130
203 115
144 87
83 56
35 27
11 9
13 7
44 19
97 42
160 74
216 103
255 126
269 138
257 138
218 125
164 97
103 64
48 37
15 15
9 5
33 13
78 33
140 64
199 95
244 121
267 134
265 140
236 130
183 107
123 76
66 46
25 25
13 19
21 21
50 17
107 29
177 62
234 109
263 138
267 144
246 128
203 107
146 85
83 64
37 37
11 15
13 3
44 15
97 42
158 76
214 105
253 123
269 134
257 134
218 123
164 99
103 66
50 35
17 15
9 7
31 15
78 35
138 60
199 91
244 121
267 138
263 142
234 128
183 103
125 76
68 46
25 23
7 7
21 7
60 25
119 52
179 83
230 113
263 132
267 140
248 134
203 117
144 87
83 56
37 29
11 11
13 7
44 19
97 44
158 74
216 103
255 128
271 142
259 142
226 132
166 107
95 64
39 23
9 0
9 0
33 11
76 33
136 58
199 87
248 119
269 142
265 148
234 134
183 105
123 74
64 44
23 21
7 7
19 7
60 21
119 50
179 83
230 113
263 132
269 140
248 134
203 115
144 87
83 56
35 29
9 9
13 5
44 17
97 42
158 72
214 103
253 126
269 138
255 138
220 123
166 97
105 66
50 37
15 15
9 5
31 11
78 33
138 64
197 95
244 121
267 136
265 140
234 130
183 107
125 76
66 46
25 21
7 7
19 9
62 25
119 54
179 87
232 117
269 146
265 148
236 123
195 93
144 72
87 56
37 35
7 9
11 0
46 11
99 44
158 82
214 109
255 126
269 136
257 136
218 125
164 101
103 66
50 33
15 11
7 3
31 15
78 35
136 60
197 91
244 121
267 138
263 142
234 128
183 105
125 76
68 46
23 23
7 7
21 9
60 25
117 50
177 83
230 113
261 130
269 138
248 134
203 117
144 87
85 56
37 29
9 11
13 7
44 19
95 44
156 70
214 103
255 128
269 142
257 140
220 123
166 97
105 68
52 41
17 19
11 11
39 25
76 39
126 56
187 76
242 105
269 130
265 140
232 126
185 101
126 74
70 48
25 27
7 13
21 11
60 25
117 50
177 83
230 113
261 132
267 138
246 130
203 113
146 87
85 56
37 27
11 9
13 7
44 19
95 44
158 72
214 101
253 125
269 140
257 138
220 125
166 97
105 66
50 37
17 15
9 7
31 13
76 33
136 60
197 93
244 121
267 136
263 140
236 128
185 107
125 78
68 46
23 21
7 7
21 9
60 25
115 50
175 82
232 113
263 134
269 142
248 134
205 117
146 89
87 62
41 42
5 11
1 0
37 0
97 29
160 76
214 109
251 123
269 128
261 132
224 128
167 109
103 72
50 35
17 9
7 5
29 17
76 37
136 60
197 87
244 115
267 136
263 142
236 130
185 107
125 76
66 44
25 23
9 11
21 11
58 25
115 48
177 82
220 113
11 132
269 140
248 134
205 115
146 87
85 56
37 29
11 9
13 7
42 17
95 41
158 72
214 103
253 126
269 138
257 136
220 123
166 97
105 66
52 37
19 17
9 9
29 15
76 33
138 62
197 93
244 123
271 142
269 152
230 130
175 95
119 60
68 33
27 17
7 9
17 7
54 19
56 46
54 83
230 117
11 136
253 142
250 134
205 117
140 89
83 58
37 29
9 7
13 3
41 15
95 41
158 72
210 101
3 126
269 138
257 138
222 125
158 97
105 64
52 37
17 17
0 7
31 11
76 33
136 62
197 93
242 121
17 136
265 140
236 130
185 107
125 76
68 46
27 21
7 9
15 9
58 25
115 50
177 83
220 111
11 130
269 138
250 134
205 117
146 89
85 58
39 29
11 11
13 7
42 19
97 42
162 82
214 113
244 117
259 117
255 119
226 119
169 105
103 70
52 33
19 9
11 7
31 23
76 41
134 64
195 87
242 115
267 138
263 144
234 130
185 103
126 72
70 46
27 25
7 11
19 9
60 23
115 52
177 85
228 115
9 132
269 138
250 132
205 117
146 89
87 58
39 29
11 11
11 5
41 17
95 42
158 74
212 103
251 126
269 138
259 140
222 126
166 99
105 66
52 37
17 17
7 9
29 13
76 31
136 60
197 93
242 121
267 138
265 142
236 130
187 109
126 78
72 50
33 33
11 19
11 5
46 7
109 33
179 74
230 113
261 134
267 136
250 128
208 115
148 93
87 64
37 33
11 9
13 5
42 17
93 42
154 72
212 101
253 123
269 136
257 138
220 123
169 97
107 66
52 37
17 17
9 7
29 13
76 33
134 60
195 91
242 119
267 136
263 138
236 128
187 107
126 78
68 48
27 23
9 7
21 7
58 25
115 52
175 83
228 111
261 132
269 140
248 136
205 117
148 87
87 56
39 29
11 11
13 7
42 17
95 41
156 70
212 99
253 125
271 140
259 142
224 130
173 111
105 74
42 27
7 0
7 0
31 11
76 39
7 60
130 83
236 113
21 138
267 152
173 138
187 109
126 74
68 44
25 23
7 11
3 1
56 15
113 44
50 80
222 113
11 136
253 140
250 130
205 115
140 89
87 60
39 33
11 9
11 5
42 17
93 41
13 70
212 101
0 126
269 138
259 138
222 123
169 99
109 68
52 31
17 15
1 5
31 13
76 33
134 60
195 91
242 119
17 136
265 142
236 128
187 107
128 80
62 48
27 25
9 9
21 9
58 25
115 52
177 80
236 123
9 138
257 134
240 117
205 101
150 82
87 58
35 27
9 5
15 1
44 17
95 46
156 78
212 105
253 125
269 138
257 140
220 126
167 99
107 64
52 33
17 13
9 7
29 13
74 31
134 58
195 89
242 119
265 136
263 138
238 128
189 109
126 80
68 48
27 23
9 7
19 7
56 25
113 50
175 82
228 111
261 132
267 140
248 134
207 117
150 91
87 58
37 31
11 11
13 9
41 19
91 41
154 70
212 101
253 126
269 140
257 138
222 123
169 99
109 70
54 41
17 19
9 9
35 21
80 46
126 60
181 74
236 95
269 123
269 142
238 136
187 107
128 72
72 42
29 27
9 17
19 15
56 23
111 44
175 80
228 113
259 134
267 138
250 128
205 113
148 87
87 58
39 31
11 9
11 5
41 17
91 41
156 72
212 103
253 126
267 138
259 136
222 125
169 101
107 70
52 37
17 13
9 7
29 13
72 31
132 58
193 91
242 119
265 136
267 140
238 132
189 109
126 78
70 46
29 23
9 9
17 9
56 23
113 48
175 80
228 111
259 132
267 140
251 136
208 121
152 97
91 66
35 33
1 3
5 0
39 5
93 35
154 72
210 101
251 121
271 134
261 138
224 130
169 105
107 70
54 37
17 15
7 7
25 13
72 31
9 56
126 87
240 117
267 136
265 140
238 130
189 109
128 80
70 48
27 23
9 9
19 7
54 21
111 46
173 78
228 111
261 132
269 140
250 134
207 117
150 89
87 58
39 31
11 11
11 5
39 15
91 39
154 70
210 103
251 125
269 136
261 138
224 126
169 101
107 68
54 39
19 17
9 7
27 13
74 31
132 58
193 91
242 121
267 138
271 152
240 142
179 103
117 56
66 27
31 17
9 13
17 11
52 17
115 41
177 80
228 119
259 140
267 142
250 130
207 113
150 91
87 62
39 33
11 7
11 1
39 15
91 41
154 72
210 99
251 121
269 134
259 138
224 128
171 103
109 68
54 39
17 17
9 9
27 13
72 31
132 58
193 89
240 117
267 134
265 140
240 130
189 107
128 78
72 48
27 25
7 9
17 7
56 23
113 48
173 82
226 111
259 130
269 138
251 134
208 117
150 91
89 60
41 33
13 13
11 7
41 19
99 50
158 82
203 101
240 111
265 121
261 130
226 125
167 101
107 66
54 33
21 15
9 11
29 17
72 35
132 58
193 87
240 117
265 138
265 142
238 128
189 105
130 76
72 48
27 25
7 9
17 7
56 21
111 48
173 82
226 111
261 132
269 140
250 134
207 117
148 87
91 58
41 33
11 13
11 5
41 17
91 41
152 70
208 101
251 125
269 138
259 136
224 125
169 99
109 70
54 41
17 17
7 7
27 11
72 31
130 58
193 91
240 119
267 138
265 142
240 132
189 111
130 82
72 50
29 27
13 21
17 17
44 13
101 25
171 62
230 107
263 138
267 144
250 128
208 107
154 89
93 70
41 41
9 11
11 1
41 13
91 41
150 74
208 99
251 121
269 132
259 136
224 126
171 103
111 70
54 39
17 15
7 7
27 11
74 31
132 60
191 89
240 117
265 136
267 142
238 130
189 109
130 80
72 48
27 23
7 7
17 7
54 21
111 48
171 80
226 109
261 130
269 140
251 136
208 117
150 89
89 58
41 31
11 11
11 7
39 15
91 39
152 70
210 101
251 126
269 140
263 142
232 136
171 111
101 66
44 25
13 1
9 0
29 11
70 31
130 54
193 83
242 117
267 140
265 148
238 132
191 107
130 78
70 48
27 25
9 9
17 5
54 17
111 46
171 80
226 111
259 132
269 138
250 132
208 117
152 91
89 60
41 31
11 11
11 5
39 17
89 39
150 68
210 99
251 125
269 140
259 138
226 126
173 99
111 70
54 41
17 17
7 5
27 9
72 29
130 58
191 89
240 117
267 134
265 138
240 132
191 111
130 82
74 50
29 23
9 9
17 9
54 25
111 50
173 80
220 115
265 144
265 144
240 121
201 95
152 76
95 60
41 39
9 13
11 0
41 11
91 41
152 78
208 109
250 125
267 134
259 134
226 128
171 105
109 70
54 35
19 11
9 5
27 15
70 33
130 56
191 87
240 117
265 138
265 142
240 125
191 109
130 80
64 50
27 21
9 9
15 9
54 23
109 48
171 80
218 111
11 132
269 140
251 134
208 119
152 91
91 60
41 31
11 13
11 7
39 15
89 39
152 68
208 101
250 125
269 138
261 138
226 126
173 103
111 72
56 42
21 21
3 13
33 23
68 35
119 50
181 72
234 103
17 128
267 140
238 130
191 105
134 76
74 48
29 29
9 15
17 11
54 21
109 46
171 80
224 111
251 130
267 136
250 130
208 115
152 91
91 62
41 31
13 9
11 5
39 15
89 39
152 70
208 103
250 126
267 138
261 138
226 126
171 101
111 70
54 39
19 17
9 7
27 11
70 29
130 58
191 89
238 117
265 134
265 138
242 130
191 111
132 82
74 50
31 25
9 11
17 9
54 23
109 48
171 80
224 109
259 130
269 140
251 136
210 121
152 93
95 66
46 44
5 11
0 0
33 0
91 29
154 72
208 105
250 123
269 130
263 134
228 132
173 111
111 74
56 39
19 13
9 5
25 13
68 31
128 54
191 85
238 115
265 136
267 142
240 132
191 109
132 80
74 50
29 25
9 11
17 7
52 21
109 46
169 78
224 109
250 128
269 138
251 136
208 119
152 91
93 60
42 33
11 13
9 7
39 17
89 39
25 68
207 99
0 125
269 136
261 138
226 126
173 101
111 70
56 41
21 19
9 9
25 13
70 31
130 60
191 91
240 119
269 140
273 152
236 134
181 99
125 62
74 37
31 21
7 9
15 5
52 15
113 42
173 82
226 117
259 136
269 140
251 134
208 119
152 93
91 62
41 31
11 7
11 1
37 13
87 39
150 68
208 99
251 125
269 138
259 142
226 126
173 101
113 72
56 42
19 19
7 7
27 11
70 29
128 58
189 89
238 115
267 134
267 140
240 130
193 111
132 82
74 50
29 25
9 9
17 9
54 23
109 48
169 78
224 107
259 130
269 140
251 136
208 119
154 89
95 62
42 35
13 15
11 7
39 17
89 41
156 80
208 111
242 117
259 115
257 119
230 121
175 107
111 74
56 35
19 9
11 3
29 19
70 41
128 62
189 87
238 115
265 136
265 146
240 132
191 107
132 76
74 48
29 25
7 11
17 7
52 19
109 46
169 80
224 111
259 132
269 138
251 136
210 119
154 91
93 62
41 31
11 9
11 7
39 17
25 39
23 68
207 97
1 125
265 140
253 140
226 125
173 93
109 68
50 41
19 19
1 7
27 13
70 29
128 58
126 89
238 119
17 136
267 140
240 130
193 111
126 83
76 54
35 31
11 17
9 5
42 7
103 33
169 70
224 107
9 132
267 138
251 130
205 119
156 97
93 68
33 37
11 11
11 5
39 15
85 41
17 68
207 95
0 119
265 136
261 140
228 126
171 95
113 70
58 41
19 17
0 7
25 11
70 31
128 56
189 87
234 117
265 136
267 142
240 130
193 111
125 80
74 50
29 23
9 9
17 9
52 23
107 48
169 78
224 109
259 130
269 140
251 136
212 119
154 91
93 60
42 33
13 13
11 7
39 17
87 39
148 68
207 99
251 126
271 140
261 140
228 128
181 115
113 80
48 31
9 0
7 0
29 7
70 37
125 58
189 82
242 111
269 136
267 150
240 140
187 111
134 76
76 46
29 25
9 13
0 9
46 17
35 41
167 76
224 111
259 134
269 140
253 132
212 117
154 95
93 64
42 33
13 11
11 5
37 15
85 39
146 66
207 97
250 123
269 138
259 138
226 125
177 103
115 72
56 41
19 17
9 7
25 11
68 29
126 56
187 87
238 117
265 134
267 140
242 130
195 111
134 82
76 50
31 23
9 7
17 9
52 25
107 50
169 82
230 119
259 138
259 136
242 121
208 103
156 83
95 60
41 31
11 9
13 1
41 15
87 42
148 74
207 101
250 123
269 134
261 140
226 128
173 103
113 70
56 37
21 15
7 7
25 11
68 27
126 54
189 87
238 117
263 136
267 140
242 130
195 109
132 80
74 50
31 25
9 9
15 7
50 19
107 46
169 78
222 107
257 128
269 138
253 136
212 119
154 91
93 60
44 33
13 13
11 7
37 15
85 35
148 66
207 99
250 126
267 140
253 138
228 126
171 95
115 74
58 42
21 19
1 7
27 15
74 42
123 62
50 66
230 91
13 119
269 140
171 138
195 113
134 78
78 46
35 29
11 19
15 17
50 21
105 42
167 76
220 109
257 132
267 138
253 130
212 115
154 89
95 62
44 35
13 13
11 5
37 13
87 39
148 70
205 99
248 123
269 136
261 138
228 126
175 103
115 72
60 41
21 17
7 7
23 11
70 31
126 58
187 89
236 117
265 134
267 140
242 134
195 113
134 83
76 50
31 25
9 9
15 7
52 21
107 46
167 78
222 107
257 128
269 138
255 138
216 123
158 99
101 72
42 39
3 7
0 0
33 0
87 31
148 66
205 97
248 119
271 132
265 140
230 132
175 109
115 74
58 39
21 19
7 11
23 13
66 29
125 52
185 83
236 113
265 136
267 142
242 132
195 109
136 82
76 52
31 27
9 11
15 5
50 19
105 46
167 78
220 107
259 128
271 140
253 138
212 121
156 93
97 62
44 33
13 13
9 3
37 13
85 37
146 68
205 97
248 123
269 136
261 140
230 128
175 103
115 72
60 42
21 19
7 9
25 13
68 29
126 56
187 87
236 117
265 136
267 146
246 144
189 111
125 64
70 31
33 15
11 13
15 13
48 19
107 39
169 74
224 113
259 138
269 146
253 134
212 115
156 91
95 64
44 35
11 11
9 1
35 11
85 37
146 70
205 99
248 121
269 136
261 138
228 128
175 105
115 72
58 42
21 17
5 5
23 9
68 29
126 56
187 87
236 115
265 134
267 140
244 134
195 113
136 83
76 52
31 25
7 9
15 5
50 21
105 46
166 76
222 107
257 128
269 140
253 136
214 121
158 95
95 64
44 35
13 15
9 7
39 19
89 44
150 78
199 99
238 113
263 121
261 128
230 123
175 105
115 70
58 37
23 13
11 9
27 19
66 35
125 56
185 83
236 115
263 136
265 142
240 130
195 107
136 80
76 50
31 27
9 9
15 5
52 19
105 46
166 76
222 107
259 130
269 140
253 136
212 119
158 93
97 62
44 33
13 11
9 5
37 15
85 37
146 66
205 97
248 123
269 138
261 140
228 126
175 101
117 72
60 42
21 19
7 7
25 9
66 29
125 58
185 87
236 117
265 134
267 142
244 132
197 113
136 85
78 54
31 27
15 19
19 19
33 15
91 23
162 54
224 101
259 136
267 144
251 130
214 111
160 91
97 70
44 42
13 15
9 1
35 9
83 37
144 68
203 99
248 121
267 134
261 136
230 128
177 107
117 74
60 41
21 17
0 9
23 13
66 31
123 54
185 85
236 115
263 134
265 138
244 130
197 111
138 85
78 54
31 25
9 9
15 7
50 21
105 46
166 78
220 107
257 130
269 140
255 136
214 121
156 93
95 60
44 33
15 13
9 7
35 17
83 37
146 66
205 97
248 125
269 140
263 142
236 134
181 115
109 74
48 29
15 1
9 0
25 5
66 29
125 52
187 83
238 115
267 138
267 146
244 138
197 113
136 82
78 52
31 27
9 9
13 5
48 17
103 41
166 74
220 107
257 128
269 138
255 136
214 123
158 95
97 64
44 35
13 13
9 5
33 15
82 35
146 64
205 97
248 123
267 136
261 138
232 126
179 105
117 74
60 44
21 19
9 7
23 11
64 29
123 56
185 85
234 115
263 134
267 140
244 132
199 113
138 83
78 50
33 25
11 11
15 9
48 21
103 44
166 78
222 111
263 142
269 150
244 126
205 97
156 76
99 60
46 41
13 17
9 0
37 5
85 35
146 74
203 107
246 123
269 132
263 136
230 130
175 107
117 72
60 39
21 13
7 5
23 11
64 29
125 54
185 85
236 115
265 136
269 142
244 132
197 111
138 83
78 54
33 29
9 9
15 7
48 19
103 44
164 76
220 107
257 128
269 138
255 136
214 121
158 93
97 62
46 35
15 15
1 7
33 13
83 35
144 68
203 99
248 123
19 130
263 140
167 128
177 95
119 74
64 46
15 23
9 13
29 21
68 37
115 52
173 64
226 99
0 125
269 138
242 132
195 107
138 76
82 50
35 31
11 19
13 13
48 21
95 42
164 76
218 109
5 130
269 136
255 130
214 117
158 93
97 64
46 35
15 13
9 5
35 13
83 37
144 66
203 97
248 123
269 136
263 140
230 128
177 103
119 74
62 44
21 21
0 7
23 9
66 27
123 54
183 87
234 115
265 134
269 140
244 132
197 111
138 83
80 54
33 29
9 11
13 7
48 19
95 46
164 76
218 107
257 128
271 140
255 138
214 123
160 95
101 68
52 48
11 21
0 0
25 0
83 19
148 66
203 105
244 123
267 128
265 132
234 130
179 115
119 82
60 42
23 13
7 3
21 11
64 31
123 54
183 82
232 107
263 130
267 142
246 136
199 115
138 83
80 52
33 29
9 13
15 9
48 19
103 42
164 74
218 105
257 128
269 140
255 136
214 121
160 93
99 64
46 35
15 13
9 7
35 15
82 35
144 66
203 97
248 123
269 136
263 138
232 126
179 103
119 74
62 44
21 19
7 7
23 9
66 29
123 56
183 85
234 115
267 138
275 154
244 140
189 107
130 68
78 37
35 19
1 9
13 7
48 17
95 41
166 74
220 111
0 134
265 142
255 134
216 119
160 95
97 64
44 35
13 11
9 1
33 13
66 35
17 64
193 95
246 121
17 134
263 140
232 128
179 105
119 74
62 42
5 19
0 7
23 9
64 27
123 52
181 83
234 113
15 134
267 140
236 132
199 111
140 83
80 54
33 27
9 9
15 9
48 21
93 44
162 76
218 105
257 128
271 142
255 138
216 121
160 95
99 64
46 37
13 15
9 7
35 15
82 37
146 62
207 111
242 125
255 121
255 117
232 115
183 107
121 82
60 44
21 11
11 1
25 15
64 39
121 60
181 83
234 109
263 130
267 142
244 136
199 113
140 80
80 48
33 25
9 13
15 9
46 17
101 41
164 74
218 109
255 132
269 140
255 136
216 121
160 95
99 66
46 37
15 13
9 5
33 13
80 35
142 64
203 95
248 123
269 138
261 140
232 130
181 105
119 74
62 44
23 19
7 7
23 11
64 27
121 52
183 85
234 113
5 132
267 140
246 134
201 115
140 87
78 56
37 33
17 23
11 13
35 11
91 25
162 60
220 99
255 128
267 138
255 130
220 117
164 97
101 72
46 41
15 15
9 3
33 13
80 37
140 66
201 97
246 119
267 134
261 136
232 128
181 107
121 76
62 42
23 19
9 9
21 13
62 27
121 52
181 83
232 113
263 134
267 142
246 134
201 113
140 83
80 52
33 25
11 11
15 9
46 19
101 42
162 74
218 105
255 128
267 140
255 136
216 121
162 95
101 66
48 37
15 15
9 7
33 13
80 35
142 66
201 95
246 123
269 136
265 140
234 130
185 117
123 87
56 41
11 0
1 0
23 0
64 31
121 60
179 82
232 103
267 128
271 148
246 146
199 119
140 82
80 48
33 25
9 15
13 11
44 15
99 37
162 70
218 105
255 130
269 140
255 134
218 119
162 95
99 66
48 39
15 13
9 5
33 11
80 33
142 64
201 95
246 121
267 132
263 138
234 130
173 107
121 76
64 42
23 19
7 7
5 11
62 25
121 52
181 83
232 113
13 132
269 142
238 134
201 115
140 85
82 54
35 27
11 11
13 7
46 21
93 46
164 80
218 115
3 140
263 142
246 126
210 105
160 82
93 58
48 35
13 13
9 3
35 11
83 37
142 70
201 101
244 123
267 134
263 138
232 130
179 105
119 72
64 42
23 17
7 7
5 11
64 29
121 54
181 83
232 115
263 134
267 142
246 132
201 113
140 83
82 54
35 27
9 9
13 5
46 17
101 44
160 76
216 105
255 128
269 140
255 136
216 123
162 95
101 66
48 37
15 15
9 7
33 13
80 35
140 64
199 95
244 121
267 136
265 140
234 130
181 107
121 76
64 46
25 23
7 11
23 13
68 37
121 64
171 78
220 89
259 111
271 134
248 140
199 117
140 80
83 46
37 27
11 17
13 15
46 23
99 41
160 70
216 103
255 130
269 142
255 134
216 117
162 91
101 66
48 39
15 15
9 3
33 11
80 35
140 66
197 93
246 121
267 136
263 140
232 130
183 107
123 76
64 44
23 19
7 7
21 11
62 27
119 54
179 83
232 111
263 132
267 140
246 134
201 113
142 83
82 54
35 27
9 9
15 7
46 19
99 42
160 76
216 105
255 128
271 142
257 140
218 125
164 99
107 74
52 46
7 13
0 0
25 0
80 25
142 62
197 95
244 117
269 132
267 138
236 134
183 113
123 82
64 46
23 19
7 7
21 11
60 27
117 52
179 80
232 111
263 132
267 140
246 132
201 113
142 85
82 56
35 27
11 9
15 7
46 19
99 42
160 72
216 103
255 128
269 138
257 136
218 123
162 95
103 66
48 37
15 13
9 5
33 13
80 33
138 62
199 93
246 121
269 138
263 142
232 128
183 107
123 76
64 46
23 21
7 9
21 9
62 27
119 52
181 83
232 115
263 134
269 142
251 142
203 123
134 78
74 35
33 11
13 7
15 13
44 23
95 39
160 64
220 105
257 136
269 150
255 140
218 117
164 93
101 68
48 41
13 13
7 0
33 9
1 33
5 64
199 95
246 121
17 134
263 138
234 128
183 107
123 76
64 44
23 19
7 7
21 11
60 27
117 52
179 82
230 111
261 132
269 138
248 134
203 117
142 87
83 56
35 29
11 11
13 7
44 19
97 41
160 72
216 105
255 128
269 140
255 136
218 121
164 97
103 66
48 37
17 15
9 7
33 15
80 37
146 72
201 103
236 119
257 123
259 123
236 123
185 107
121 78
64 41
25 15
11 7
23 15
60 33
117 54
181 82
230 109
261 132
267 142
246 134
203 113
142 82
82 52
35 27
9 11
13 5
44 17
99 42
160 74
216 105
255 128
269 138
257 136
218 123
164 97
103 66
48 35
17 15
9 7
31 13
78 33
138 62
199 93
246 121
267 136
263 140
234 128
183 105
125 78
66 46
25 21
7 7
21 9
60 27
117 52
179 83
232 115
263 134
267 140
248 132
203 115
142 87
83 58
37 29
13 15
19 21
41 25
85 29
150 50
214 89
257 128
269 146
255 136
218 113
167 89
107 70
50 48
15 23
9 5
31 7
78 31
138 66
197 97
242 121
267 130
263 134
234 128
183 109
123 78
64 42
25 19
9 9
21 11
60 27
119 52
179 82
230 111
261 132
267 140
248 134
203 113
142 85
83 54
37 29
11 11
13 7
44 19
97 42
160 74
214 105
253 126
269 138
257 134
220 123
164 99
103 66
50 37
17 15
9 7
31 13
78 33
138 62
199 95
244 121
267 138
265 142
238 134
191 119
121 83
56 39
15 3
7 0
21 3
60 25
117 52
179 80
232 109
265 132
269 146
248 138
203 119
144 85
83 54
35 29
9 13
11 5
42 15
97 39
158 72
214 103
253 126
269 138
257 136
220 123
164 99
103 66
50 37
17 13
9 5
31 13
78 33
138 62
197 91
244 119
267 136
263 138
236 128
183 107
125 78
66 46
25 21
7 9
15 9
60 25
117 52
177 82
220 111
7 130
271 142
177 136
203 117
144 87
85 56
37 29
9 11
13 5
44 19
97 42
158 74
214 105
259 136
275 152
251 140
208 105
158 74
105 54
54 41
15 21
0 5
31 5
80 29
140 66
199 103
244 126
267 134
263 136
234 128
183 109
123 78
66 42
25 15
9 3
21 9
60 27
117 52
177 82
220 109
261 130
269 142
248 138
203 115
146 85
85 56
37 29
9 13
13 7
44 17
97 41
158 72
214 103
253 126
271 138
259 138
220 123
166 97
105 66
50 37
17 15
9 7
31 13
78 33
136 60
197 91
244 119
267 136
265 140
236 130
185 107
126 80
68 48
25 23
9 9
23 13
66 35
113 56
167 74
222 95
261 119
271 136
248 134
203 113
146 83
87 52
39 29
13 15
13 13
42 21
95 41
156 70
212 101
253 126
269 138
257 136
218 119
166 95
105 68
50 39
17 15
9 5
31 11
76 33
136 62
197 93
242 119
267 134
265 140
234 128
185 105
125 78
68 46
25 21
7 9
21 9
60 25
117 50
175 82
230 111
261 132
267 140
248 134
205 115
146 87
85 56
37 29
9 11
13 7
44 17
95 41
158 72
214 103
253 128
269 138
257 138
222 125
166 101
105 70
54 46
19 27
1 3
19 0
70 9
138 52
199 97
244 125
265 132
265 132
238 125
189 115
126 89
66 52
25 19
7 3
21 9
58 29
115 54
175 80
220 105
261 128
269 140
248 138
205 117
146 85
85 54
33 29
9 13
11 9
44 17
95 41
31 72
212 103
0 128
269 130
257 136
158 123
166 93
105 68
50 31
17 15
1 5
31 13
76 33
11 60
195 93
242 119
15 134
265 138
238 130
187 109
125 78
68 46
27 21
9 9
17 11
58 27
115 50
177 82
222 111
13 134
273 148
250 146
191 119
134 76
80 41
39 17
13 9
11 9
41 15
95 35
160 68
216 107
3 134
267 142
250 136
222 121
167 99
105 70
50 39
17 13
9 3
29 11
74 31
134 62
195 91
242 119
267 136
265 138
236 130
185 107
125 76
68 44
27 21
9 9
19 9
56 25
115 50
177 82
220 111
261 130
269 138
248 134
205 117
146 87
85 56
39 29
11 11
13 7
42 17
93 41
158 70
214 103
253 128
269 138
259 136
222 125
167 99
107 68
52 39
17 17
9 7
29 13
76 33
136 62
201 103
242 128
257 128
255 117
234 111
191 105
128 83
68 50
25 15
9 0
21 9
58 33
115 60
175 83
228 107
261 128
267 140
248 138
203 117
146 83
85 50
37 27
11 11
13 9
42 19
95 39
156 68
214 103
253 130
269 140
257 138
222 123
167 97
105 66
52 37
17 15
7 5
29 9
74 31
134 60
195 91
242 121
17 136
265 140
238 130
187 109
126 78
68 46
19 23
7 7
19 9
56 23
115 48
175 80
228 109
261 130
269 140
250 136
207 119
148 91
87 60
41 33
17 21
15 17
33 15
82 27
150 54
214 91
253 125
269 138
257 134
222 119
169 97
109 72
54 44
17 19
7 3
29 7
76 33
134 64
193 95
240 117
267 132
265 138
236 130
187 109
126 76
70 44
27 19
7 7
19 11
58 25
115 50
175 82
228 111
261 132
269 142
248 136
205 117
146 78
87 54
39 29
11 11
11 5
41 15
95 41
156 74
212 103
1 126
265 138
259 138
222 125
167 99
107 68
52 31
17 15
0 7
29 13
76 33
134 62
195 91
240 119
17 134
267 142
240 126
189 113
125 91
68 54
15 11
0 0
17 0
60 23
115 56
173 82
218 103
263 123
273 142
250 144
207 125
148 89
87 52
39 27
9 13
11 9
41 17
91 35
154 66
210 101
3 128
269 142
251 138
222 123
169 97
107 70
52 41
17 17
0 5
29 9
74 31
134 60
195 93
242 119
267 134
265 138
236 128
187 107
128 78
70 48
27 23
9 9
19 9
56 25
113 50
175 82
220 111
261 132
269 140
250 134
205 117
148 89
87 58
39 31
11 11
11 5
42 19
95 42
156 74
212 105
261 138
271 148
250 134
212 107
166 83
109 60
54 39
15 15
7 3
31 7
78 33
128 66
193 97
234 121
17 134
265 140
236 132
187 111
126 78
62 46
25 19
7 5
19 9
56 25
113 48
175 80
228 111
261 132
269 142
250 136
205 117
148 87
87 54
41 31
11 13
11 7
41 17
93 41
154 70
212 101
251 126
269 138
257 138
222 123
169 99
109 68
52 39
17 15
7 5
29 11
72 31
134 60
195 93
242 121
267 136
265 140
236 130
189 109
128 80
70 48
27 25
9 9
19 11
60 29
119 64
169 85
216 95
253 107
269 125
251 134
208 125
148 91
87 52
41 25
15 15
13 17
41 27
91 41
154 64
212 97
251 126
267 142
257 136
222 117
169 93
109 68
54 42
17 21
9 7
29 11
74 31
132 62
193 95
240 119
267 134
265 138
238 128
189 111
128 80
70 48
27 19
7 5
19 9
56 27
111 52
173 80
228 109
261 132
267 142
250 136
207 115
150 87
89 58
39 31
11 13
11 7
41 17
91 41
154 68
210 101
253 126
269 140
259 138
224 125
171 101
113 74
60 52
15 23
0 0
19 0
70 15
134 52
193 91
240 119
265 132
267 134
240 130
191 115
128 85
70 50
27 21
9 7
17 9
54 25
111 48
173 76
226 107
261 130
267 140
250 136
208 117
150 89
89 58
41 33
11 13
11 7
41 17
91 39
154 70
210 103
251 125
269 136
259 136
224 125
169 101
109 70
54 39
19 17
9 7
29 13
72 31
132 60
193 89
240 117
265 134
265 138
238 130
189 109
128 80
70 48
29 23
9 9
19 11
54 25
111 48
175 82
228 113
261 134
269 142
255 142
212 128
144 89
78 41
33 7
13 0
15 9
41 23
89 37
152 60
214 95
255 132
269 148
259 142
224 123
169 93
109 68
52 42
17 19
7 5
27 5
72 25
132 58
193 93
240 119
267 134
265 136
238 128
189 111
130 82
72 48
27 23
9 7
17 9
54 25
111 50
173 80
226 109
259 130
269 140
251 136
208 119
150 89
89 56
41 29
13 11
11 7
39 15
91 39
154 70
210 103
250 126
269 136
261 138
224 126
169 101
109 70
54 39
19 19
9 9
29 13
74 35
136 66
197 103
234 121
253 125
259 123
240 119
191 107
128 80
70 46
29 19
11 5
21 11
56 31
111 56
171 82
226 107
261 130
269 142
250 138
207 117
150 87
89 54
41 29
11 11
11 9
41 17
91 39
152 70
210 101
251 126
269 140
259 138
224 125
169 101
109 70
54 41
17 15
5 3
27 9
74 31
132 62
191 91
240 119
267 134
265 140
238 132
189 111
130 78
72 46
27 21
7 7
17 7
56 25
111 50
173 80
226 109
259 132
269 142
251 136
208 119
152 89
89 58
42 33
13 15
15 15
44 29
82 37
140 48
205 78
253 117
273 146
259 146
222 121
171 91
115 66
58 48
19 29
7 11
25 5
72 25
132 58
191 95
238 119
265 132
267 134
240 130
189 111
130 83
72 48
29 21
7 7
17 9
54 25
111 50
171 78
224 107
259 130
269 140
250 136
207 117
152 89
91 60
41 33
11 13
11 5
39 15
89 39
152 68
210 101
251 126
269 138
259 138
224 125
171 99
111 70
56 41
17 17
7 5
29 11
74 33
132 62
191 91
240 117
267 136
267 142
240 136
195 119
134 91
68 50
17 11
1 0
17 0
56 19
109 48
169 76
226 103
263 126
273 144
253 144
208 123
152 91
91 58
41 33
11 15
9 9
39 15
89 35
150 64
208 99
250 125
269 140
259 138
224 125
171 101
111 72
54 41
17 15
9 5
27 11
70 31
130 58
191 89
240 117
267 134
265 140
238 130
191 109
130 80
72 48
29 23
9 7
17 9
54 23
109 48
169 78
226 109
261 132
269 142
250 134
208 117
152 91
91 62
41 35
11 13
11 7
41 17
89 41
150 70
210 101
251 126
275 148
261 150
216 119
162 78
107 50
58 35
21 23
7 11
25 7
72 21
134 58
193 99
240 128
265 140
265 136
238 126
191 111
130 85
72 50
27 19
7 3
17 5
54 25
109 50
171 80
224 107
259 128
269 140
251 138
208 119
152 89
91 58
42 33
13 15
11 9
39 17
89 39
150 66
208 99
250 126
269 138
261 138
226 125
171 101
113 72
56 42
19 19
9 7
27 11
70 31
128 58
191 89
238 119
265 136
265 140
240 130
193 111
132 82
72 50
29 25
9 11
19 11
60 31
111 56
164 76
214 97
255 117
269 130
253 134
208 119
152 87
91 54
42 29
15 15
13 15
39 21
87 39
150 66
208 99
250 126
267 142
259 138
224 121
173 97
111 70
56 42
19 19
1 7
27 9
70 29
128 58
189 89
240 119
267 136
265 140
240 130
193 111
125 80
72 48
29 23
9 9
17 9
52 23
109 46
169 80
224 109
251 130
269 140
251 136
210 119
152 91
91 60
42 33
13 13
11 7
39 17
87 39
150 68
208 101
251 126
269 138
259 138
226 126
173 101
113 72
58 46
27 33
7 17
15 1
60 5
128 39
193 87
240 123
263 136
265 132
242 125
195 111
132 89
72 58
29 25
9 5
17 5
52 23
107 48
169 80
224 105
259 126
269 138
251 136
210 121
154 91
91 58
42 31
13 13
11 9
37 17
87 37
150 68
208 99
250 125
269 138
259 138
226 125
173 101
111 70
54 39
21 17
1 9
25 13
68 31
130 58
191 89
238 119
15 134
267 140
234 130
193 111
125 80
74 50
29 23
9 7
17 9
48 23
109 48
37 80
226 111
7 134
271 146
251 146
212 125
144 80
82 44
39 15
13 3
11 5
37 15
17 33
23 62
210 99
1 128
269 146
261 142
226 125
173 99
113 72
56 44
17 17
0 3
27 7
70 29
128 58
189 91
238 117
265 132
267 140
240 132
193 113
125 82
74 48
31 23
7 9
15 7
54 21
109 46
37 78
222 107
9 130
269 140
251 136
210 117
154 91
93 60
42 33
11 13
9 7
39 15
25 39
25 68
207 99
0 125
269 130
261 138
228 128
173 103
109 64
58 41
21 19
0 9
25 13
70 33
0 60
191 93
244 130
261 140
255 126
232 107
193 95
138 82
76 58
27 27
7 1
17 0
56 25
109 58
167 87
222 107
259 125
269 138
251 140
210 123
152 91
93 54
42 27
13 11
9 9
39 17
87 37
148 66
207 97
248 125
271 140
261 140
226 125
173 101
115 70
58 42
19 19
7 5
27 9
70 29
128 58
189 89
238 117
265 134
267 140
242 132
193 111
134 82
74 50
29 25
9 9
17 9
52 23
107 48
169 80
224 109
259 132
269 142
251 136
210 119
156 91
95 62
42 37
15 17
19 17
39 23
78 33
138 52
203 82
253 117
271 138
259 140
224 121
175 97
117 72
60 46
19 25
5 9
25 9
70 27
128 58
187 91
236 117
265 132
267 136
242 130
193 111
134 83
76 52
31 23
9 7
17 7
52 23
107 48
167 78
222 107
259 128
269 140
251 136
210 117
154 89
95 62
42 35
11 13
11 7
39 15
87 39
148 68
207 99
250 125
269 138
261 138
228 126
175 101
115 72
58 42
19 17
7 5
25 11
70 29
128 58
189 89
238 117
265 136
269 142
242 134
195 113
138 89
80 64
25 27
0 0
9 0
52 7
111 50
169 85
220 107
259 121
273 136
255 142
212 130
154 99
93 60
42 29
11 11
9 9
37 19
85 35
148 60
207 93
250 123
269 140
261 140
226 123
177 99
109 72
54 44
19 21
0 7
27 9
68 29
126 56
187 89
238 117
15 134
267 140
234 132
189 113
126 82
76 50
29 25
9 9
1 9
48 23
105 46
44 76
224 109
0 132
250 140
251 136
212 119
156 93
93 62
35 33
13 11
11 5
37 15
15 39
23 70
208 93
3 130
267 150
257 142
218 117
167 85
111 58
58 37
21 19
0 7
25 7
1 25
3 58
126 95
234 123
15 136
267 138
242 128
193 111
126 83
74 52
29 21
9 5
17 5
50 21
97 46
169 76
222 107
259 130
269 142
251 138
212 121
156 93
95 62
42 33
13 11
11 5
37 13
85 37
146 66
205 97
250 125
269 140
261 140
228 126
175 103
115 72
58 42
21 19
1 7
25 11
66 27
126 56
189 89
238 117
263 134
267 138
242 132
197 113
136 85
76 52
31 25
11 9
17 9
50 25
111 56
171 91
214 105
246 109
263 117
255 126
214 125
154 97
93 58
44 25
17 11
13 15
37 27
83 41
148 64
207 93
248 123
267 142
259 140
228 123
175 97
115 70
58 41
21 21
7 7
25 9
68 27
126 58
187 91
236 119
263 134
267 138
244 132
195 113
134 83
76 50
31 25
9 9
15 9
50 21
105 46
167 78
222 109
257 128
269 138
255 138
214 121
156 93
95 62
44 35
13 15
11 9
37 17
85 37
146 68
205 97
250 125
269 138
263 138
230 128
177 105
117 76
62 50
27 31
3 11
13 1
60 13
126 44
189 85
236 117
263 132
267 136
246 128
197 115
136 89
76 56
31 27
9 9
15 7
48 21
105 46
166 76
220 103
257 125
269 138
253 138
212 121
156 93
95 60
44 35
13 17
9 9
35 15
85 37
146 66
205 97
248 123
269 138
261 138
228 126
175 103
117 72
62 44
21 19
0 7
23 9
68 29
125 56
185 87
234 115
15 125
265 140
242 132
197 113
136 83
78 50
31 25
9 9
13 5
50 21
107 48
167 80
220 109
257 130
271 142
255 140
218 132
158 105
87 56
33 11
9 0
13 0
39 21
85 42
144 62
205 89
251 121
271 146
263 150
228 130
177 99
115 68
60 42
19 21
5 9
23 7
66 23
125 54
185 87
236 119
265 134
269 140
242 130
195 113
136 85
78 54
31 25
9 7
15 5
50 21
107 46
166 78
220 107
257 128
271 140
253 138
212 121
156 93
97 62
44 35
13 13
9 7
37 15
85 37
146 66
205 97
248 123
269 136
263 140
230 128
177 103
117 74
60 42
21 19
9 9
25 13
66 31
126 60
191 95
240 125
257 134
255 128
238 117
197 101
138 80
78 52
29 23
9 1
17 3
52 25
105 54
166 82
220 105
259 126
271 140
253 138
212 123
156 91
95 58
44 29
13 11
9 7
37 17
83 37
146 64
203 97
248 123
269 140
263 142
228 126
177 103
117 72
60 42
21 19
7 7
25 9
66 27
125 54
185 87
236 115
265 134
267 140
242 132
195 111
138 83
78 52
33 27
9 11
15 9
50 21
105 46
166 78
220 107
257 130
269 140
255 136
214 121
158 95
97 64
46 37
13 15
11 9
41 29
83 46
136 58
195 74
246 103
271 134
263 144
228 128
177 97
119 66
64 44
23 29
7 17
23 13
66 25
125 52
185 87
234 119
263 134
267 136
242 126
197 109
138 85
78 56
31 27
9 7
15 5
50 21
105 50
166 78
220 107
257 126
269 138
253 136
214 119
160 95
97 64
44 33
13 13
9 7
37 17
83 37
144 66
203 97
248 123
269 138
261 140
230 126
177 103
117 72
60 42
23 21
7 9
23 11
64 27
125 54
185 87
236 117
265 136
267 140
244 134
199 117
144 95
80 64
23 23
0 0
11 0
50 11
103 42
164 76
218 105
259 125
271 138
255 142
216 128
160 99
97 64
44 33
11 13
9 7
35 15
82 35
142 62
203 93
248 123
269 140
261 140
230 126
177 101
117 72
62 44
23 21
7 7
23 9
66 27
123 54
185 87
234 115
263 132
267 136
242 130
197 113
138 85
80 54
33 25
9 9
15 7
50 21
103 46
164 74
220 105
257 128
269 142
253 138
214 123
160 95
97 64
44 35
15 15
9 7
35 15
83 37
144 66
203 99
248 125
271 142
269 152
230 136
167 93
109 50
60 27
25 19
9 15
21 13
62 21
125 46
189 89
236 126
263 144
265 140
244 126
197 109
138 85
78 56
31 27
9 5
15 3
46 19
101 44
166 78
220 107
257 126
269 138
255 138
216 125
160 95
97 62
46 33
13 13
9 7
33 15
82 35
144 64
203 95
246 123
267 138
263 138
232 126
179 105
119 76
60 42
23 19
9 7
23 11
64 27
121 54
185 87
236 115
263 134
267 140
244 134
197 113
138 83
80 52
35 27
11 13
15 11
50 25
111 56
166 85
210 103
246 113
265 125
257 128
214 121
156 93
95 58
48 29
17 15
11 11
35 21
83 39
144 66
203 97
246 125
267 140
261 140
230 125
179 101
117 72
62 44
23 19
7 5
23 9
64 27
123 56
185 87
234 115
263 134
267 140
244 132
197 115
138 83
80 52
33 25
9 9
13 5
48 17
103 42
164 76
220 107
257 130
269 140
255 138
216 121
160 93
99 64
46 35
13 15
9 7
35 13
83 35
144 66
203 95
248 123
267 138
263 138
232 128
179 107
119 78
62 48
25 27
13 21
19 15
54 13
115 33
183 72
238 115
265 138
265 140
244 125
201 107
140 85
80 60
33 35
9 11
13 3
48 17
101 46
162 78
218 105
255 123
269 134
255 136
216 123
160 95
99 62
48 33
15 13
9 9
33 17
82 35
142 62
203 95
246 123
269 140
263 140
232 126
179 103
119 74
62 44
23 19
7 7
23 9
64 27
123 56
183 87
234 115
265 134
267 140
244 134
197 113
138 83
82 54
35 29
9 11
15 7
48 21
103 46
164 78
218 107
257 130
271 142
259 142
222 134
158 101
89 56
39 17
11 0
11 0
35 15
82 37
142 62
203 91
250 123
271 144
263 148
230 130
179 103
119 72
62 46
21 23
5 7
21 7
64 23
121 52
183 85
234 117
265 134
269 138
244 132
199 115
140 87
82 54
33 27
9 9
13 5
46 19
103 44
162 76
216 105
255 126
269 138
255 136
216 121
160 95
101 64
48 37
15 15
1 7
33 13
82 35
142 66
201 97
246 123
269 136
263 138
232 128
179 105
119 76
64 44
23 19
7 5
23 9
64 29
121 56
183 83
240 123
269 148
261 142
232 115
193 89
142 74
83 58
33 35
7 9
15 0
50 15
103 50
162 85
216 111
257 126
269 134
253 134
216 123
162 97
99 64
46 31
13 9
9 5
33 17
82 37
142 64
201 93
246 121
267 138
263 142
232 128
181 105
121 74
64 44
21 19
7 7
23 9
64 27
121 54
181 85
234 115
265 134
267 140
244 132
199 113
140 85
80 54
33 29
9 11
15 7
46 19
101 44
162 74
216 103
257 126
271 140
255 140
216 123
162 97
101 66
48 37
15 17
13 13
41 29
76 39
130 54
191 76
246 109
269 134
263 140
230 126
181 99
123 70
64 44
25 27
9 15
21 11
62 25
119 50
183 85
232 119
263 134
267 138
244 128
201 111
140 87
82 54
33 25
9 7
15 5
46 21
99 44
160 74
218 103
257 128
269 140
255 138
216 123
162 95
101 66
46 37
13 15
9 5
33 13
82 35
142 64
201 95
246 123
267 138
263 138
232 126
181 105
121 78
62 46
23 19
9 7
23 9
62 27
121 54
181 83
234 113
263 132
267 140
246 134
201 115
142 87
85 62
37 37
1 7
1 0
41 0
103 35
166 80
218 111
253 125
269 130
251 134
218 128
162 105
99 70
46 31
15 9
9 5
31 17
78 37
140 60
199 87
246 117
17 138
263 142
169 128
181 103
121 72
62 44
23 21
9 11
21 9
62 25
117 52
56 85
232 115
13 134
251 140
171 132
201 113
140 85
82 54
35 29
11 9
13 7
46 19
99 42
162 74
218 105
5 128
269 138
255 138
218 123
162 95
99 64
48 35
17 15
1 9
33 15
78 35
140 62
203 97
248 126
271 146
269 150
228 130
171 93
115 58
64 33
25 17
7 7
19 5
60 19
121 48
185 87
234 123
263 140
267 142
248 132
201 113
140 87
80 54
35 25
9 7
13 3
44 17
99 44
162 74
216 103
255 126
269 140
255 138
218 123
162 97
101 64
48 35
15 15
9 7
31 13
80 33
140 62
199 95
246 123
267 136
263 138
232 126
181 105
123 76
64 46
23 21
7 7
21 9
62 27
121 54
181 85
232 113
263 132
267 140
246 134
201 117
142 87
82 54
37 27
9 9
15 7
46 21
101 46
166 85
218 117
246 121
259 117
253 117
220 119
164 103
99 68
48 31
17 7
13 5
33 21
80 42
140 66
199 91
244 117
267 138
261 142
232 128
181 103
121 70
64 42
23 23
9 11
5 9
60 21
121 50
181 85
230 115
263 134
267 140
248 132
201 115
142 85
82 54
35 27
11 7
13 7
46 21
99 44
160 74
216 105
255 126
269 140
257 138
218 123
162 95
103 64
48 37
15 15
7 7
33 13
78 33
140 60
201 95
246 123
267 140
265 142
234 130
183 107
123 80
66 50
31 31
11 19
13 9
50 11
113 35
181 72
232 109
263 132
267 138
248 130
205 113
144 89
83 62
35 35
9 11
13 5
44 15
97 42
160 76
214 103
253 125
269 136
255 134
218 123
164 97
103 66
48 35
17 15
9 7
33 15
80 35
138 62
197 91
244 119
267 136
263 140
232 128
181 103
123 76
66 46
23 23
7 9
21 9
60 25
119 54
179 85
230 115
263 134
269 140
246 134
201 115
142 85
83 56
37 29
11 11
13 9
46 21
99 44
160 76
216 105
255 128
271 140
257 140
220 125
169 109
103 74
39 27
3 0
7 0
37 9
82 41
138 68
197 87
246 113
271 138
265 150
232 138
181 107
123 72
66 41
23 21
5 11
19 9
60 21
117 46
177 82
232 113
263 136
269 142
246 130
203 113
144 87
83 58
35 29
9 9
13 5
44 17
97 44
158 74
214 105
255 126
269 138
257 138
218 123
164 97
103 66
48 35
15 13
9 5
33 15
78 35
138 62
199 93
246 121
267 138
263 140
234 126
183 105
123 78
66 46
25 23
9 9
21 11
62 27
119 56
179 85
238 121
265 142
259 138
236 121
197 97
146 78
85 54
