190000 10000000 39845 52
39 31
31 21
27 11
27 11
27 19
25 27
25 25
29 17
35 15
42 21
50 31
58 35
70 35
83 37
95 44
109 56
121 64
136 70
150 76
164 82
175 89
189 99
203 105
212 109
222 113
232 117
240 123
246 128
250 128
253 128
255 128
255 130
255 134
251 132
246 128
240 125
232 123
222 119
210 113
203 107
189 103
177 95
162 87
150 82
136 76
123 68
107 60
95 54
82 46
70 42
60 37
50 33
44 29
37 25
33 23
31 27
29 27
17 17
13 1
21 0
33 7
39 19
44 27
52 27
64 29
78 37
89 50
101 60
113 62
126 62
142 68
156 80
167 89
179 95
193 97
207 101
216 109
226 115
236 123
244 123
248 126
251 126
255 132
257 136
255 134
253 132
250 128
244 126
236 125
228 121
218 115
208 109
197 105
185 101
171 95
158 85
144 78
130 72
117 64
103 58
89 50
78 44
68 39
56 35
46 29
41 25
35 21
27 17
23 15
25 15
25 17
25 19
27 19
33 19
41 23
48 29
56 35
68 37
85 48
97 60
97 52
107 41
126 44
148 64
162 85
171 93
183 91
201 93
214 105
222 121
228 126
238 126
244 123
250 125
253 130
255 136
255 134
253 128
251 126
248 125
242 128
234 126
226 119
214 113
205 107
193 103
179 99
167 91
154 82
138 74
125 68
111 64
97 56
85 48
72 42
62 37
54 33
44 29
37 25
31 21
27 17
23 17
25 17
25 17
27 17
29 17
35 19
35 23
52 29
60 35
9 39
68 42
97 50
109 58
123 64
13 70
152 78
166 85
177 93
193 101
212 117
214 119
214 111
222 103
238 107
0 121
251 130
251 130
253 125
251 126
257 132
251 136
246 134
240 126
232 121
220 115
203 113
199 109
187 103
173 91
160 83
140 78
134 74
121 68
107 58
93 50
82 44
70 41
60 37
50 33
42 27
35 23
29 19
25 17
23 15
25 15
25 15
27 17
31 19
39 23
46 27
54 31
64 35
76 39
89 46
101 54
113 60
128 66
142 74
156 80
169 87
181 93
195 101
207 107
216 111
226 117
236 119
244 125
0 128
251 132
255 132
257 134
251 134
257 142
251 140
234 121
226 103
224 99
222 111
210 117
195 109
181 93
171 83
160 83
144 87
128 82
115 66
101 50
89 46
78 46
64 44
54 37
46 25
39 19
33 17
27 19
25 19
25 15
25 13
25 15
29 19
33 21
41 25
48 27
56 29
68 35
80 42
93 50
105 54
119 60
134 68
148 74
162 83
173 89
185 93
199 101
212 107
222 115
230 119
238 123
246 126
251 130
253 132
255 134
255 134
253 132
251 132
246 128
242 126
234 123
226 119
214 113
203 107
195 105
183 103
171 101
148 87
126 66
117 52
109 48
99 50
85 50
72 42
62 33
54 27
46 29
39 31
31 29
25 19
25 13
23 13
25 19
25 21
29 17
35 17
44 21
52 29
62 37
72 41
85 44
97 48
111 56
125 64
138 72
152 78
166 83
177 89
191 97
189 105
214 111
224 115
224 119
242 123
248 126
0 128
253 130
250 132
257 134
250 132
250 130
236 126
240 125
230 123
220 119
208 113
191 105
187 99
173 93
160 87
146 80
126 74
121 66
105 60
91 52
80 46
62 41
60 39
50 37
46 41
33 31
19 7
15 0
21 0
27 15
27 23
25 17
31 11
41 13
50 27
56 41
66 44
76 41
87 41
101 48
115 60
128 70
142 74
156 76
169 82
183 91
197 101
208 109
218 113
228 115
236 119
244 125
250 130
251 130
253 128
257 130
255 132
251 132
248 130
244 126
236 125
228 121
216 117
207 111
195 105
183 99
167 91
156 83
142 78
128 72
115 64
101 56
87 48
76 44
64 39
54 33
46 29
39 25
33 23
27 19
25 17
23 17
25 19
27 17
31 21
39 27
46 35
44 31
48 21
62 19
82 29
95 46
105 54
119 58
134 62
152 72
164 85
175 95
187 99
201 103
212 109
220 113
230 119
240 125
246 126
250 126
251 128
255 130
255 132
255 132
251 130
246 126
240 125
234 123
224 119
214 113
201 107
189 101
177 93
164 87
150 82
136 74
123 68
111 62
97 56
83 50
72 42
60 37
52 31
42 27
37 25
31 21
27 19
23 15
23 13
25 15
27 17
31 21
39 23
44 27
54 31
64 35
74 41
85 46
99 54
111 58
126 66
140 72
158 83
173 99
175 95
181 82
197 80
216 97
228 119
232 126
242 123
250 119
253 126
255 136
255 142
255 138
253 130
250 125
244 126
236 126
228 123
220 115
208 107
197 101
185 99
173 93
160 87
146 78
130 70
117 66
107 62
91 54
80 46
68 39
58 35
48 29
41 27
33 23
29 19
25 15
23 15
25 15
25 15
29 17
33 19
39 21
46 25
56 31
68 37
78 42
91 46
103 54
117 60
130 68
144 74
158 82
171 89
183 93
197 99
208 107
220 113
230 117
238 123
246 130
255 138
255 142
248 130
246 119
251 117
253 123
248 128
240 126
234 119
228 113
218 113
207 113
195 111
181 101
167 89
154 82
138 76
126 72
113 64
99 54
85 44
76 41
64 39
54 35
44 29
37 23
33 19
27 19
23 17
23 17
25 17
27 15
29 19
35 19
41 23
50 27
60 33
70 35
83 42
95 50
107 56
121 62
136 68
150 78
164 85
175 91
189 95
201 101
214 109
222 115
232 119
240 123
246 126
251 128
253 132
255 132
255 132
255 130
251 130
246 130
240 128
232 123
224 119
214 119
205 121
181 101
166 76
158 64
152 70
138 78
121 74
107 58
95 44
85 42
74 48
60 46
50 37
42 23
37 17
31 19
25 21
21 19
23 11
25 9
27 11
33 19
37 25
44 29
54 29
64 33
74 41
87 48
99 54
111 56
126 64
140 70
154 80
167 87
181 91
193 95
205 101
216 111
226 117
234 121
244 125
250 128
251 130
255 132
255 132
255 132
253 132
250 130
244 126
236 125
230 121
220 117
208 111
189 105
185 99
171 93
158 85
144 78
125 74
119 68
105 64
97 62
80 54
58 35
46 19
35 13
41 15
35 19
27 17
23 11
25 11
27 15
27 21
29 25
33 23
39 21
48 25
58 33
66 39
78 41
89 44
105 50
117 60
130 68
146 76
160 82
173 87
185 93
197 101
210 107
220 115
230 119
238 123
246 125
250 128
253 132
253 132
255 130
255 130
253 130
248 132
240 126
234 123
226 119
216 115
205 109
193 103
179 97
167 89
152 82
140 76
125 68
113 64
99 56
85 48
74 42
62 37
52 33
46 29
39 25
33 21
27 19
25 19
23 17
29 27
29 29
21 13
25 0
39 1
54 21
64 39
70 42
82 39
97 41
111 54
125 70
136 80
150 82
164 82
177 85
189 95
201 107
214 113
222 113
232 113
240 121
248 126
251 132
253 132
255 130
255 130
255 125
250 132
179 130
238 125
232 119
222 117
212 113
199 107
187 101
175 93
164 87
148 80
134 74
121 68
109 62
93 54
82 46
70 41
60 35
50 29
41 25
31 23
29 21
25 17
23 17
23 15
25 17
29 19
31 19
37 21
37 25
54 29
66 37
78 42
91 50
109 64
113 66
111 58
132 56
154 64
171 80
183 93
193 97
207 99
220 105
230 117
236 126
242 130
248 130
253 128
253 128
253 132
255 132
253 132
248 128
242 123
236 121
228 121
218 117
208 111
187 101
185 95
171 91
158 87
142 78
128 70
117 62
103 58
87 52
76 44
66 37
56 33
46 29
39 25
33 21
29 17
27 17
23 15
23 17
25 17
29 17
35 21
41 23
48 27
58 31
68 37
80 41
91 48
105 54
119 60
132 68
148 74
162 83
173 89
187 97
199 101
212 111
222 119
236 130
238 132
234 117
240 105
251 113
257 126
257 138
253 134
251 125
248 121
244 126
236 132
226 128
214 117
203 103
191 99
177 97
164 93
150 83
136 70
123 62
111 58
99 56
85 52
74 42
62 35
52 31
44 29
35 25
31 21
27 17
23 15
23 15
25 17
27 19
31 19
35 19
44 23
52 29
62 35
72 39
83 41
97 48
111 56
125 64
138 72
152 78
166 83
179 91
191 97
203 103
214 109
224 115
232 119
240 123
248 126
251 130
255 132
255 132
255 132
255 134
253 136
253 142
234 130
220 113
214 101
208 99
201 101
187 101
173 95
160 83
148 76
134 74
121 72
107 66
91 56
80 44
68 39
58 35
48 33
41 25
33 19
29 15
25 15
23 17
23 15
25 15
29 15
33 17
37 21
46 25
56 31
0 35
68 41
87 44
103 52
115 60
128 66
142 72
158 78
171 87
183 95
195 99
207 105
218 111
220 117
236 121
242 123
250 126
253 130
255 132
255 132
253 132
251 130
248 128
242 126
236 125
228 121
216 115
207 111
187 105
183 99
169 93
156 87
144 80
126 82
113 72
89 46
78 29
74 27
68 37
56 41
44 31
37 17
35 11
31 19
27 27
23 25
23 17
25 13
29 15
35 21
31 25
48 27
58 29
70 33
80 41
93 50
99 56
121 62
9 68
148 74
130 83
175 91
187 97
201 101
210 107
222 115
232 119
238 123
244 123
251 126
253 130
255 132
255 132
253 132
251 130
246 128
240 125
232 121
224 119
214 113
203 107
191 101
179 95
166 89
150 83
136 74
123 66
111 62
97 56
83 48
70 42
62 37
52 31
44 29
41 31
37 33
21 21
13 5
15 0
25 1
29 13
31 19
35 19
42 17
56 23
66 35
76 46
83 50
97 50
111 54
125 62
138 74
150 80
166 82
179 87
191 93
203 103
216 111
226 117
236 121
242 123
248 126
251 130
255 132
255 134
255 132
253 132
250 130
244 128
238 126
228 121
220 117
210 109
197 105
185 97
175 93
160 87
146 80
130 72
119 66
107 60
91 52
78 46
68 41
56 35
48 31
41 27
33 21
29 19
27 17
25 17
23 17
25 17
29 17
33 21
41 25
46 29
58 37
72 46
74 44
78 31
95 29
119 46
134 68
144 80
156 80
171 80
187 87
199 103
210 117
218 121
228 117
236 117
244 123
250 130
251 134
253 130
255 126
255 126
251 130
248 132
242 128
234 121
226 115
216 113
207 111
195 105
181 97
167 87
156 83
140 78
126 72
113 62
101 54
87 48
76 44
64 39
54 33
44 29
37 23
33 21
27 19
25 17
23 15
23 13
25 13
29 15
35 21
42 25
50 29
60 31
70 37
82 42
93 50
107 56
123 64
136 70
150 76
164 83
181 97
193 107
195 101
201 95
218 97
232 109
242 121
244 126
250 125
253 123
259 128
259 138
255 140
251 136
246 128
240 125
232 123
222 121
212 115
201 105
189 95
175 91
164 87
150 82
134 74
123 64
109 58
95 54
83 50
70 42
60 37
50 31
42 25
35 21
29 19
27 19
25 17
23 17
23 15
27 17
33 19
37 23
44 25
52 27
64 33
76 39
85 46
99 50
113 58
126 64
140 72
154 80
167 85
181 91
193 99
205 105
216 111
226 115
234 119
244 125
248 128
253 130
255 134
261 142
259 146
248 132
238 113
238 103
238 113
232 123
218 123
207 109
197 95
187 93
175 97
158 93
144 83
130 68
119 62
105 58
89 56
78 48
66 37
56 29
48 27
39 25
33 23
29 19
25 15
23 13
23 15
25 15
29 19
33 19
39 21
46 23
56 29
68 37
80 44
91 48
103 52
119 58
132 68
144 76
158 82
171 87
185 93
197 101
208 107
220 113
230 117
238 121
244 125
250 128
253 130
255 132
255 132
253 132
253 132
248 130
242 128
234 125
226 119
216 117
207 113
199 113
181 105
158 85
142 68
136 60
126 60
115 62
97 56
85 46
76 39
66 37
56 37
44 33
37 25
33 19
27 17
23 17
21 17
23 15
25 13
29 15
35 19
41 23
50 27
60 33
72 37
83 42
95 48
109 56
123 64
136 70
150 78
164 83
177 91
191 99
201 103
212 107
224 111
232 119
240 123
246 128
251 128
253 130
255 132
255 132
253 132
251 132
246 128
238 126
230 121
222 117
212 113
201 107
187 101
175 93
162 87
148 82
134 76
121 66
107 58
95 54
83 50
62 44
64 42
54 42
35 23
23 3
25 0
27 7
27 19
23 21
21 11
27 9
35 15
41 29
46 33
54 33
64 33
76 35
87 44
99 54
113 58
126 62
142 68
154 76
167 85
181 93
195 99
207 105
216 111
226 117
236 123
242 126
248 126
251 128
255 130
255 132
255 130
251 130
250 128
236 126
236 123
228 121
218 113
207 109
189 103
183 97
169 91
158 85
144 80
128 72
115 64
103 58
89 50
78 44
66 39
56 35
48 29
39 25
33 23
29 17
25 17
25 17
25 17
27 19
37 29
35 27
31 17
31 9
54 15
70 31
82 42
89 48
103 48
121 56
136 68
148 82
160 87
173 91
187 93
199 101
210 109
220 115
230 119
236 119
244 121
250 126
253 132
255 134
255 132
253 128
251 128
248 130
242 130
232 125
224 117
214 113
205 109
191 103
179 95
166 87
154 80
138 74
125 68
111 62
99 56
85 48
74 42
62 37
52 33
44 29
37 23
31 21
27 17
23 15
23 13
25 15
25 15
29 17
37 21
37 25
52 29
62 33
64 39
68 44
97 50
111 56
0 64
140 82
146 87
156 78
160 70
189 78
207 97
208 115
222 119
232 115
242 115
0 126
250 138
253 142
255 134
255 126
253 126
250 128
246 132
238 126
230 119
220 111
210 109
199 109
187 103
173 93
160 83
148 78
134 76
119 70
107 62
93 52
80 44
68 41
58 37
50 33
42 25
35 21
29 17
25 17
23 15
23 15
25 15
29 17
33 19
39 23
46 27
54 31
0 35
68 41
89 46
101 52
115 58
5 66
142 72
156 80
162 87
183 93
197 99
208 107
218 111
220 119
236 125
0 134
242 132
242 123
248 115
5 119
257 128
251 130
175 126
244 123
238 119
228 121
218 119
203 115
187 105
183 95
169 89
156 85
140 80
126 70
109 60
101 54
87 46
76 44
64 39
54 31
46 27
39 25
33 23
27 21
25 17
23 15
23 15
23 15
29 17
33 19
31 19
48 25
60 31
7 37
82 35
93 46
97 52
121 60
9 68
148 76
130 82
175 87
187 95
199 101
210 107
222 113
232 119
240 123
246 126
250 128
253 132
255 134
255 134
253 132
251 130
248 130
242 128
234 126
230 130
212 121
191 97
181 80
177 78
167 85
152 89
134 76
121 60
111 52
101 56
87 60
72 52
60 37
52 27
44 25
37 27
29 25
25 17
25 11
23 9
23 13
25 19
31 21
37 21
44 21
52 27
62 35
74 42
85 46
97 50
111 54
125 62
138 70
152 78
134 83
179 91
193 97
205 105
214 109
226 115
234 119
242 123
246 126
251 128
255 130
255 132
255 134
253 130
250 130
246 128
238 126
230 121
220 117
210 111
199 107
185 99
173 91
160 85
148 82
134 76
123 74
111 72
87 54
68 35
60 21
56 21
50 25
41 25
31 19
27 13
27 13
27 19
25 21
25 21
27 17
33 17
39 21
44 27
54 31
64 31
78 35
89 42
103 52
117 62
130 68
144 74
158 78
171 85
183 95
197 101
208 107
218 109
228 115
236 121
244 126
248 128
253 128
255 130
255 132
253 132
251 130
250 130
244 128
234 123
226 117
218 113
207 109
195 105
181 97
169 89
154 83
140 78
126 70
113 62
101 56
87 50
76 44
64 39
56 33
46 31
31 27
33 23
27 19
27 21
29 29
19 19
13 0
21 0
35 5
44 25
50 35
56 31
68 25
85 37
97 54
107 66
121 70
134 68
150 70
162 80
175 91
187 99
201 101
212 103
218 109
224 117
240 125
238 126
251 126
255 128
255 130
255 134
253 132
251 130
248 126
240 125
230 121
222 117
214 113
203 109
189 101
177 95
164 89
150 83
136 76
123 68
109 60
95 54
83 48
70 42
60 37
52 31
42 27
37 23
29 21
25 17
25 17
23 17
23 17
25 17
31 19
39 23
46 27
54 31
66 37
82 48
89 56
89 50
99 42
123 46
142 62
156 78
166 85
179 87
195 93
208 103
216 115
226 123
234 125
242 125
248 125
251 128
253 132
255 132
253 128
253 126
250 126
244 128
236 126
228 119
220 115
210 109
199 107
185 101
171 93
158 85
144 80
130 72
117 66
103 58
91 50
78 44
66 39
56 33
48 29
42 25
35 21
29 19
25 17
23 15
23 13
25 17
29 17
33 19
41 23
46 25
56 29
68 35
78 41
91 46
103 52
117 58
132 68
146 74
160 82
171 87
187 95
187 103
214 117
222 125
222 115
218 101
224 95
1 121
255 134
253 134
255 128
250 125
253 128
250 136
242 136
234 126
224 115
208 111
205 109
191 107
179 99
167 85
154 78
140 74
126 72
111 64
99 54
87 46
74 41
62 39
54 33
44 29
37 21
31 19
27 17
25 17
23 17
23 15
25 15
29 17
35 21
35 25
50 29
60 31
72 35
83 42
95 50
99 56
123 62
11 70
150 76
164 83
175 80
191 95
203 103
212 109
218 113
224 117
242 123
248 128
1 130
253 132
257 134
259 136
261 144
250 138
236 123
230 109
228 107
224 111
205 113
199 107
187 95
177 89
166 87
150 85
134 82
121 70
107 60
95 52
82 48
68 42
58 35
50 29
42 23
35 21
29 19
25 19
23 15
25 15
25 17
27 19
31 19
37 21
37 25
54 29
64 35
76 41
87 46
99 52
113 56
128 64
140 72
154 80
167 85
181 91
195 99
207 105
216 113
226 117
236 119
242 123
248 126
251 128
253 130
255 132
255 132
253 132
250 130
244 128
238 125
228 121
218 117
208 111
189 107
185 99
173 93
164 97
144 89
121 64
107 42
99 37
93 46
80 52
64 44
54 29
48 21
42 25
35 29
27 27
25 19
25 11
25 13
25 17
27 21
33 21
41 19
48 21
56 29
68 39
80 44
91 48
105 52
119 58
132 68
146 76
160 83
171 87
187 93
199 101
208 107
220 111
230 115
238 121
246 125
250 128
253 132
255 132
257 132
253 132
251 132
248 130
242 126
232 123
224 119
214 115
205 109
193 103
179 97
166 89
152 83
138 78
125 70
111 62
99 54
87 48
74 42
62 39
56 37
50 39
33 29
19 11
17 0
23 1
27 13
25 17
23 15
27 11
39 15
46 27
52 37
60 39
72 39
83 41
97 48
109 56
123 64
136 70
150 74
164 80
175 87
191 97
205 105
214 109
222 113
232 119
242 125
248 130
251 130
253 130
255 130
255 132
253 132
250 130
244 126
238 123
230 121
220 117
210 113
199 107
187 101
175 93
162 85
148 80
132 72
119 66
107 60
93 54
82 48
70 42
58 37
48 31
42 27
35 23
29 19
25 15
23 15
23 15
25 17
29 19
33 21
33 27
52 39
52 35
52 21
68 17
80 31
105 52
115 64
126 66
142 64
158 72
171 87
183 99
195 107
207 107
216 107
226 115
236 123
242 126
248 126
251 125
255 126
255 130
255 134
253 132
248 128
244 125
236 123
228 123
216 117
208 109
197 103
183 97
169 91
156 85
142 78
128 70
115 62
101 58
89 52
76 44
66 39
56 33
46 29
39 25
33 21
27 17
25 15
23 15
23 17
25 17
29 17
35 19
41 23
48 27
58 33
70 37
82 42
95 50
107 56
119 62
136 72
154 85
166 95
166 87
175 80
195 83
212 97
222 111
228 117
238 119
246 119
253 126
255 134
255 138
255 136
253 130
251 128
248 128
240 128
232 123
224 117
212 107
203 103
189 101
179 95
166 89
152 82
138 74
125 68
111 64
95 56
83 46
74 41
62 37
52 33
44 27
37 23
31 21
25 17
23 15
23 17
25 15
27 15
31 17
37 21
44 25
52 29
60 31
74 39
85 44
97 52
111 58
125 62
140 72
152 80
166 85
179 91
193 99
205 103
214 111
224 115
234 119
242 125
248 128
255 140
257 144
248 130
244 113
250 109
251 123
246 132
236 128
230 117
222 109
212 109
201 113
187 111
173 97
160 83
146 76
132 72
119 70
103 60
91 48
80 41
64 37
50 37
48 33
33 25
31 21
29 17
25 17
23 17
25 17
23 15
27 13
33 17
33 23
46 29
54 31
64 33
78 39
89 46
101 52
115 58
130 66
144 64
158 80
162 87
183 95
197 101
208 107
218 113
218 117
236 123
244 126
0 128
253 130
253 130
255 130
255 132
253 132
248 130
244 128
236 126
230 125
224 126
205 117
185 99
173 82
166 76
158 78
142 78
126 70
113 58
103 50
91 48
78 50
64 46
54 35
44 25
39 21
33 21
25 19
23 15
23 13
25 13
25 13
29 17
35 21
42 23
50 27
58 31
70 37
82 44
95 50
107 56
121 60
134 68
148 76
162 83
175 89
189 93
201 99
212 107
222 115
232 119
240 123
246 126
251 128
253 132
255 132
255 134
253 132
250 130
246 126
240 125
232 121
224 119
214 115
203 109
191 101
177 97
164 89
150 83
136 76
123 70
111 62
97 56
89 60
72 52
50 29
41 7
41 5
39 19
33 27
25 21
23 9
25 9
27 17
29 27
31 29
37 23
44 21
52 25
62 35
72 42
83 44
97 46
111 52
125 60
140 72
154 80
167 83
181 91
195 97
205 107
216 113
224 117
234 117
242 123
248 128
1 132
253 132
255 132
255 130
253 132
248 130
244 128
238 125
230 119
220 115
208 111
199 107
185 99
171 93
158 87
144 80
132 72
117 66
105 58
89 50
78 44
68 41
58 37
48 31
41 27
35 23
29 21
27 19
27 21
31 27
21 21
15 7
25 1
41 9
50 23
56 33
64 33
78 35
93 42
107 56
119 66
130 72
144 74
158 80
171 85
183 93
197 101
208 107
218 109
228 115
236 121
244 126
250 130
253 130
255 130
255 130
255 132
251 132
248 130
242 125
234 123
226 119
216 115
205 109
193 101
181 97
167 91
154 83
140 78
126 68
113 62
99 56
85 50
76 44
64 39
54 33
44 27
37 23
33 21
27 19
23 15
23 15
25 15
27 17
29 19
35 21
42 23
50 29
60 33
70 39
83 44
99 56
115 70
117 64
123 50
144 52
166 72
179 93
189 103
201 101
214 99
224 107
234 123
240 132
246 132
250 128
253 126
255 130
255 134
253 134
250 128
244 121
240 121
232 121
222 119
212 113
201 105
189 97
175 93
164 89
150 83
134 76
121 66
109 60
95 52
82 48
70 42
60 35
50 29
42 25
35 23
31 21
25 17
23 15
23 13
25 15
27 17
31 17
39 21
46 25
54 31
62 35
74 39
87 44
101 52
113 60
126 64
140 72
156 80
169 87
181 93
195 101
208 109
222 121
228 125
226 117
232 111
244 111
253 121
255 130
253 132
253 128
253 126
251 128
244 132
238 130
228 123
218 115
208 109
197 105
183 101
171 93
156 83
142 74
130 68
117 66
103 60
89 50
78 44
66 39
56 35
46 29
41 27
35 23
27 19
25 17
23 15
23 17
25 17
29 17
33 19
41 21
48 27
56 33
68 35
80 41
91 46
105 54
119 60
130 66
146 74
162 82
173 89
185 95
199 101
210 107
220 113
228 119
236 123
244 125
251 128
253 132
255 132
255 134
255 134
253 134
251 138
244 138
224 119
214 97
212 91
207 101
195 107
177 101
164 83
154 72
144 74
128 78
111 74
97 60
85 46
74 41
62 39
52 37
42 29
37 19
31 15
27 15
23 17
23 17
25 17
27 15
31 17
35 21
35 27
50 29
62 31
64 37
83 35
95 50
109 58
123 64
136 70
152 76
164 83
177 91
191 97
187 101
214 109
224 115
224 119
242 123
248 126
1 130
253 130
255 125
257 132
255 132
250 130
236 128
240 125
224 123
222 117
210 111
201 109
189 103
177 97
156 93
154 91
132 80
109 58
97 42
89 37
83 33
70 41
58 35
48 25
39 21
37 23
31 25
25 25
23 17
23 13
25 13
27 17
31 21
37 19
44 21
56 25
62 33
76 39
87 46
101 52
115 58
128 64
142 72
156 80
169 87
181 93
195 99
207 105
216 113
226 117
236 121
242 125
248 128
251 130
253 132
255 130
255 132
253 132
248 130
244 128
238 125
228 121
218 117
207 111
189 105
183 99
169 93
156 85
142 78
130 70
115 66
101 58
87 48
78 44
66 41
56 35
46 31
42 29
39 35
27 27
13 5
13 0
21 0
29 15
31 25
33 21
39 15
50 19
62 35
70 48
80 52
91 50
105 48
121 58
132 72
146 80
160 83
173 83
187 89
199 99
212 109
220 117
230 117
240 119
246 125
250 130
253 134
253 132
255 130
255 128
251 132
246 130
240 126
234 123
224 119
214 113
203 109
191 103
179 95
166 89
150 80
138 74
125 68
111 62
97 54
83 46
74 42
62 37
52 31
44 27
37 23
31 21
25 19
23 15
25 15
25 17
27 19
31 21
37 23
50 33
56 41
54 35
60 27
78 25
97 39
113 54
123 64
136 68
152 72
167 82
181 95
193 105
203 109
214 111
224 113
232 119
240 125
246 128
1 130
253 128
253 128
255 125
253 132
250 132
244 126
238 123
232 123
222 119
210 113
199 107
187 99
175 93
160 87
144 80
132 72
119 64
105 58
91 50
80 46
68 41
58 35
48 29
41 25
35 23
29 21
25 19
23 17
23 15
25 15
27 17
31 19
39 21
46 25
56 31
66 37
78 41
89 46
103 52
117 60
130 68
144 74
158 80
175 93
189 109
189 101
197 87
212 87
230 107
240 125
242 130
248 125
253 123
257 128
257 136
255 142
251 136
248 126
242 121
236 123
226 123
216 119
205 107
195 97
181 93
169 91
154 87
140 78
128 70
115 62
101 58
87 52
74 44
66 39
56 33
44 29
37 23
33 21
29 17
23 15
23 15
23 17
25 17
29 17
35 19
41 23
48 27
58 33
70 37
80 41
93 46
107 54
121 62
134 68
148 76
162 80
175 87
189 97
201 103
212 109
222 115
232 119
240 123
248 128
253 134
261 142
253 138
246 126
246 115
0 115
115 123
240 125
224 121
224 113
207 109
203 107
191 107
179 103
166 91
150 80
132 72
123 68
109 64
95 56
78 44
72 37
62 35
50 31
42 29
37 23
31 19
27 17
25 17
23 17
25 17
27 15
31 17
37 21
44 25
52 31
62 35
72 37
85 42
99 50
113 58
125 66
138 72
154 78
167 85
179 93
191 99
205 103
216 111
226 117
234 119
240 123
248 126
253 130
255 132
255 132
255 132
255 132
250 132
244 128
238 125
230 123
222 119
210 115
203 117
185 107
164 83
150 62
142 58
134 68
121 74
103 64
89 46
80 37
72 41
60 44
48 41
39 29
33 17
29 15
25 17
21 19
23 17
23 11
29 11
33 19
39 25
46 29
56 31
68 35
78 39
89 46
103 54
117 62
130 66
144 72
158 80
171 87
185 95
197 101
208 105
220 111
228 117
236 123
244 125
250 128
253 130
255 132
255 132
255 132
253 132
248 130
242 126
236 123
226 121
216 115
205 109
195 103
183 99
169 93
154 85
140 78
128 72
115 66
101 60
91 56
82 56
58 41
42 21
37 9
37 11
33 17
27 19
23 15
23 11
27 11
29 19
31 25
35 25
41 23
50 25
62 31
70 41
80 44
93 48
109 52
123 60
134 70
148 78
164 83
177 87
189 95
201 101
212 109
222 115
230 119
240 121
248 125
251 130
253 132
255 132
255 132
253 132
251 130
246 128
240 125
232 121
222 117
212 113
201 107
189 103
177 95
164 89
148 82
134 74
123 68
109 60
95 54
78 48
62 42
62 37
52 33
35 27
35 23
31 19
27 19
23 17
23 15
29 21
35 31
27 23
25 5
37 0
54 15
68 37
76 46
83 44
99 42
117 52
130 70
140 83
154 87
167 85
181 87
193 97
205 107
214 115
226 115
234 115
234 119
248 126
251 132
255 132
257 132
255 132
253 132
250 132
244 130
236 125
228 119
220 115
208 111
197 105
185 99
171 91
158 85
144 78
130 72
117 66
103 58
91 52
78 46
66 41
56 35
46 31
39 25
35 21
29 21
25 19
23 17
23 13
25 15
29 19
35 21
41 23
48 27
58 31
68 37
80 42
93 52
111 66
119 70
123 66
134 60
156 66
173 80
187 95
197 103
208 103
220 107
232 117
240 126
246 132
250 134
253 130
255 128
255 130
255 134
251 134
248 126
242 123
234 119
226 119
216 115
205 109
193 101
179 95
167 89
154 85
138 78
126 68
113 60
99 54
85 50
72 42
62 39
54 33
44 27
37 23
31 21
27 19
25 15
23 15
23 15
25 15
31 19
37 23
42 25
50 29
60 31
72 37
82 44
97 50
111 56
123 64
136 70
150 76
164 83
179 93
191 99
203 105
214 111
224 117
240 130
242 134
236 121
240 107
251 111
257 126
257 136
253 136
250 126
248 121
242 126
234 128
222 126
210 117
201 103
187 95
175 95
162 89
146 82
132 70
121 62
107 56
93 54
82 48
70 41
60 33
50 29
42 29
33 25
29 19
27 15
25 15
23 17
23 17
27 17
33 19
37 21
44 25
54 31
64 35
76 41
87 44
99 50
115 60
128 66
142 74
156 78
169 85
183 93
195 101
205 105
218 111
228 117
234 121
242 123
250 128
253 132
255 134
255 134
255 132
255 134
251 138
250 142
232 126
218 111
212 99
207 97
199 101
183 99
169 91
158 80
144 74
132 72
117 70
103 64
89 52
76 42
66 37
54 35
46 31
39 25
33 19
29 13
25 15
25 15
23 17
25 15
29 17
35 19
41 23
48 27
58 31
68 35
80 41
91 48
107 54
119 62
132 68
146 72
160 80
175 87
187 97
199 101
210 107
222 113
230 119
238 123
244 125
250 128
253 130
255 132
255 132
255 130
251 130
248 130
240 126
232 123
226 119
214 113
203 107
193 103
179 97
166 91
154 83
140 82
130 82
107 68
85 42
76 25
72 27
66 37
54 39
41 27
35 15
33 13
31 19
27 27
23 25
23 15
27 11
31 17
35 25
42 29
50 29
62 27
72 33
83 42
97 52
111 58
125 62
138 68
152 76
166 85
179 93
191 97
205 103
214 109
224 115
232 121
242 125
248 126
251 128
253 130
255 132
255 132
253 130
250 130
244 128
238 125
230 121
222 115
210 111
199 105
187 99
175 93
162 87
146 80
132 72
119 66
107 60
93 54
80 46
70 41
58 35
50 33
42 31
41 33
31 29
17 15
13 1
17 0
27 5
29 17
33 19
37 19
46 19
58 27
68 41
78 48
87 50
101 52
115 56
128 64
142 74
156 82
169 85
183 89
195 95
208 105
218 115
228 119
236 121
244 123
250 126
253 132
255 134
255 134
255 130
251 128
248 128
242 128
234 125
228 119
218 113
207 109
195 105
181 97
169 91
158 85
142 80
128 72
115 64
103 58
87 50
76 44
64 39
54 33
46 29
39 25
33 21
27 19
25 17
25 17
23 15
25 15
31 19
37 23
42 27
48 29
64 41
72 48
72 39
82 29
103 35
123 54
136 74
146 80
160 78
175 82
191 93
203 109
210 115
220 117
230 115
238 119
244 126
250 132
253 132
255 128
255 126
253 128
251 132
246 132
240 126
232 119
224 117
214 115
203 111
189 103
177 95
166 85
152 80
136 76
123 70
111 62
95 52
83 46
72 42
62 37
52 33
42 27
37 21
31 19
27 17
25 17
23 17
23 15
27 15
31 17
37 19
44 25
52 29
62 35
74 39
85 44
99 52
111 58
126 66
140 72
154 78
169 89
187 101
189 105
193 97
207 93
224 101
236 115
240 123
246 125
251 125
257 126
257 134
255 138
253 136
250 132
179 128
236 125
228 123
220 117
208 111
197 103
185 97
173 91
160 87
146 80
132 72
119 64
105 58
91 54
80 46
68 41
58 35
48 29
41 25
33 23
29 17
25 15
23 13
25 15
25 15
29 17
33 19
39 21
46 25
56 31
68 37
78 42
89 46
103 50
117 58
132 66
146 76
158 82
171 87
185 93
199 101
208 109
218 113
228 119
238 123
244 125
250 128
253 132
257 136
261 144
251 136
242 119
240 107
242 113
238 125
226 125
214 115
207 103
197 99
183 101
169 99
154 91
140 76
126 64
113 58
99 56
87 54
74 44
62 33
54 29
46 29
39 25
31 21
27 15
27 13
25 15
23 19
25 19
31 19
37 19
41 23
50 27
60 33
70 39
82 42
93 46
109 54
123 62
134 70
148 76
162 82
175 87
189 97
201 105
212 109
222 113
232 119
238 123
246 126
251 130
253 130
255 130
257 132
255 132
251 132
246 130
240 126
232 123
224 119
214 117
207 117
193 111
169 93
152 74
144 64
136 64
123 66
107 62
93 50
83 42
72 39
62 39
52 39
44 33
37 23
29 17
25 17
23 19
23 17
23 15
25 13
31 15
37 21
44 25
52 29
64 33
74 37
85 42
99 50
113 60
126 66
140 72
154 78
167 85
181 93
193 99
205 103
216 109
226 115
234 123
242 125
248 126
253 128
255 132
255 134
255 134
253 132
250 130
244 126
236 125
228 121
220 117
210 111
197 107
185 99
171 91
160 85
146 80
130 72
117 64
103 58
91 52
80 48
72 50
60 46
42 29
29 7
27 1
31 9
29 21
23 21
21 15
25 9
31 13
37 25
41 33
46 31
56 29
68 31
78 41
89 50
103 56
117 58
130 62
144 70
158 80
173 89
187 97
199 101
208 105
220 111
230 121
238 125
244 126
248 126
253 128
255 132
255 134
253 132
251 128
248 126
242 125
234 123
224 119
216 115
207 109
193 103
179 97
166 89
154 82
140 76
125 68
111 62
99 56
87 50
76 44
62 37
54 33
44 27
37 25
31 21
27 17
25 17
25 17
23 21
33 29
29 25
25 15
33 7
48 13
62 25
72 39
62 42
93 42
111 50
126 62
138 76
150 83
164 87
177 89
191 95
201 105
212 111
218 115
224 117
240 119
246 125
0 128
255 130
255 132
255 130
253 128
251 132
246 132
240 128
232 121
222 117
212 113
201 109
187 101
173 93
162 87
150 80
134 74
121 68
107 60
93 52
82 44
70 41
60 37
50 33
42 27
35 21
29 19
27 19
23 17
23 17
23 15
27 15
33 19
31 23
44 27
54 29
64 35
76 41
87 48
101 54
115 62
1 78
140 80
144 66
160 62
173 76
199 97
207 113
207 113
226 111
234 113
238 126
0 136
251 138
255 125
255 126
255 128
251 132
185 132
244 126
236 121
226 115
218 113
208 113
189 109
183 99
169 89
158 82
146 80
130 76
115 66
95 56
85 48
78 44
66 41
54 33
46 29
41 23
33 19
27 19
25 17
25 17
25 15
25 15
29 17
35 21
33 25
48 27
58 29
68 35
80 42
91 46
105 54
121 62
132 68
146 76
160 82
173 87
187 95
199 103
210 109
222 115
236 125
242 132
238 126
238 117
248 113
255 121
257 130
253 132
250 128
250 123
244 125
236 126
224 123
214 117
205 109
193 103
179 97
166 91
152 83
138 74
125 64
109 58
97 54
85 48
74 42
62 35
52 29
44 27
37 25
31 21
27 17
25 15
23 15
23 15
27 15
31 19
37 21
42 23
50 27
60 31
74 39
83 44
97 50
109 54
125 62
130 70
150 78
164 83
177 89
191 97
203 103
214 111
224 115
234 119
242 123
248 126
250 128
255 130
255 132
257 134
255 134
251 132
246 130
242 132
236 134
214 117
199 93
193 83
189 89
175 97
160 91
146 76
134 66
123 64
109 66
95 62
82 50
68 39
58 31
48 29
41 29
33 25
27 15
25 11
25 11
23 17
25 19
27 17
33 17
39 19
44 25
54 31
66 37
76 41
87 46
101 50
115 60
128 68
142 74
156 80
169 83
183 91
197 101
207 107
216 111
226 115
236 119
246 126
248 130
253 132
255 132
255 132
255 132
251 130
248 128
244 126
236 125
226 121
216 117
207 111
197 105
183 99
169 93
158 85
146 82
136 83
115 72
91 52
78 35
74 29
66 31
56 33
44 29
37 21
33 15
29 17
27 23
23 23
23 19
25 13
31 15
35 21
41 25
48 27
58 29
70 33
80 41
93 50
105 54
121 60
134 66
148 74
160 83
173 91
187 97
201 101
210 107
220 113
230 119
240 123
246 126
250 128
253 130
255 132
255 132
255 132
251 130
248 128
240 126
234 123
224 119
214 115
203 109
191 101
177 95
164 87
150 82
138 76
123 68
109 60
97 54
85 50
72 44
60 37
52 33
44 29
37 27
31 23
31 29
25 23
15 7
13 0
25 0
33 13
41 27
42 29
50 23
62 25
76 37
87 54
97 60
109 60
125 58
138 66
152 78
164 87
177 91
193 93
205 99
214 109
224 115
234 121
242 123
248 125
250 125
255 130
257 136
255 136
253 132
250 128
244 126
238 126
230 123
220 117
210 109
199 105
187 99
173 93
160 85
146 80
132 72
119 66
105 58
91 52
80 46
68 41
58 35
48 29
42 25
35 23
29 21
25 17
23 15
25 17
25 17
27 17
33 21
41 23
48 27
60 37
72 44
72 42
78 35
95 35
117 46
132 64
144 76
156 78
171 82
185 91
199 105
208 113
218 115
228 117
238 121
244 126
248 130
251 130
253 130
255 128
255 130
251 130
248 130
244 126
236 123
226 117
216 115
207 111
195 105
181 97
167 89
154 83
142 76
126 70
113 62
99 54
87 46
76 42
64 39
54 33
44 29
39 25
33 21
27 19
25 17
23 15
23 17
25 15
29 15
37 19
42 23
48 29
60 31
70 37
83 42
95 48
107 56
121 62
136 70
150 76
164 83
175 91
193 103
207 115
207 109
208 95
226 95
242 113
248 130
250 134
251 128
255 123
259 128
255 138
251 140
246 132
240 123
234 117
222 117
210 115
201 109
189 99
177 89
162 85
150 82
136 78
123 66
109 56
95 48
83 48
72 44
60 39
50 31
42 23
37 21
29 21
25 19
23 15
23 13
25 15
27 17
31 19
39 23
44 25
52 29
62 33
74 41
87 46
99 50
111 56
126 64
138 70
154 78
167 85
181 93
195 99
205 105
216 111
226 117
236 123
242 126
248 128
251 130
257 134
263 142
255 142
244 126
238 113
242 111
240 119
230 121
218 117
208 107
199 101
189 99
173 97
160 91
146 82
132 72
117 64
103 58
89 54
78 46
66 39
56 31
46 27
41 25
33 21
29 17
25 15
23 15
25 17
25 17
27 17
33 19
41 23
46 27
56 31
66 35
78 39
91 44
103 52
117 60
130 68
144 74
160 82
171 87
185 93
197 101
208 107
220 113
228 115
238 121
244 126
250 128
251 130
255 132
257 132
255 132
251 132
248 128
244 126
236 123
226 121
214 113
207 109
197 107
187 111
167 101
144 76
130 54
125 52
115 60
101 62
85 52
74 37
64 29
56 33
46 37
37 33
31 23
27 13
25 11
23 17
23 21
25 17
29 13
35 13
42 19
50 29
60 37
72 39
83 41
97 46
109 56
121 66
136 72
150 76
164 82
175 87
189 95
203 101
214 109
224 113
232 117
240 123
246 126
251 128
253 130
255 130
255 132
253 132
250 128
246 126
240 126
232 123
222 119
212 111
201 107
189 103
177 95
162 87
148 80
136 74
121 68
107 60
95 54
83 48
68 48
64 46
46 33
31 15
27 5
29 7
27 13
23 17
21 13
23 7
31 11
37 23
39 31
44 33
54 31
64 33
76 39
85 48
99 54
111 56
126 60
140 66
156 78
160 85
181 91
195 97
207 95
216 109
226 115
236 121
244 125
248 128
1 128
255 130
255 132
255 132
251 132
248 128
244 126
236 125
228 121
218 115
208 109
189 105
183 97
169 89
158 85
144 80
130 72
117 66
103 58
89 52
78 46
66 41
56 35
46 29
41 25
35 23
29 19
25 17
25 15
25 15
25 17
31 25
39 33
37 25
37 11
48 5
68 21
83 42
93 54
103 54
117 50
134 62
150 80
160 93
171 95
185 91
199 95
210 103
218 115
226 119
238 119
246 121
250 125
251 130
255 134
255 134
255 130
251 128
246 126
242 126
234 125
226 119
214 113
205 107
193 103
179 97
166 91
152 82
138 76
125 68
111 64
97 56
83 48
74 42
62 37
52 33
44 27
37 25
31 21
27 17
23 15
25 15
25 15
25 15
31 17
37 19
42 25
52 29
62 35
72 39
83 44
97 52
111 60
130 74
138 80
142 74
154 68
173 74
193 89
205 103
212 109
222 111
234 113
244 123
248 132
251 136
253 132
255 130
255 130
253 132
250 132
244 128
238 123
230 119
222 115
210 111
201 107
187 101
175 91
162 83
148 80
134 74
119 68
107 58
95 50
82 46
68 41
58 37
48 29
42 25
35 21
29 19
25 17
23 15
25 15
25 15
27 17
31 17
39 21
46 27
54 31
64 35
78 41
89 44
101 52
115 60
128 66
142 72
158 80
169 87
183 93
195 99
208 107
218 115
228 121
236 125
250 136
250 138
242 123
244 107
253 113
259 128
253 138
246 132
242 119
238 113
232 121
220 126
207 119
195 105
183 93
169 87
156 85
140 82
126 72
115 60
101 50
89 48
76 46
66 42
54 33
46 25
39 21
33 21
27 21
25 17
23 15
23 15
25 15
29 17
35 21
42 23
48 25
58 31
68 37
80 41
93 48
107 54
119 60
132 68
148 76
162 83
173 89
187 95
201 101
210 107
222 113
230 117
238 121
248 125
251 130
253 132
255 125
255 125
255 134
251 134
181 132
244 132
234 125
220 121
203 103
195 89
191 89
181 91
164 89
148 80
138 70
126 66
113 64
97 60
83 54
72 41
62 33
54 31
44 31
35 25
29 19
27 13
23 13
23 15
25 17
25 17
31 17
37 17
35 23
52 31
62 35
64 39
85 42
97 48
111 56
125 64
138 70
152 78
166 83
177 89
193 97
205 105
216 111
224 117
232 119
242 125
248 128
251 132
253 130
255 130
255 132
253 132
248 128
244 128
240 126
230 121
220 117
210 111
201 107
187 101
173 95
160 87
146 80
125 74
123 72
113 74
87 56
68 29
60 15
58 21
52 33
41 33
31 21
29 11
27 9
27 17
25 25
25 23
27 15
33 13
39 17
46 27
54 35
64 35
76 35
89 41
101 50
113 60
130 68
146 74
158 80
169 87
183 95
197 101
208 107
218 111
226 115
236 119
244 125
250 126
251 130
253 130
255 132
255 132
251 132
248 130
242 126
236 123
228 121
216 117
205 109
195 103
183 97
169 91
156 85
140 78
128 70
115 64
101 58
85 50
76 44
66 39
56 33
46 29
39 25
35 25
35 29
27 27
15 13
13 1
21 0
31 9
37 19
33 25
48 23
60 25
72 33
80 46
95 56
107 60
121 62
134 66
150 76
162 85
173 91
187 93
201 97
212 105
222 115
230 119
240 123
246 125
251 126
253 132
255 134
257 134
255 132
251 130
246 126
240 125
232 119
224 117
214 113
203 107
189 103
177 95
164 89
150 82
136 76
123 68
109 62
95 52
82 46
72 41
62 37
52 33
42 27
35 23
31 21
27 19
25 17
23 17
25 17
27 17
31 17
37 21
44 25
54 29
62 33
80 48
89 56
89 46
101 37
123 42
142 64
158 83
166 89
177 85
195 87
208 103
218 121
224 126
232 123
242 119
248 125
251 130
253 134
253 134
255 128
253 125
248 126
244 128
236 125
230 121
220 115
208 109
197 105
187 101
173 93
160 85
144 78
130 70
117 64
105 58
91 50
78 44
68 39
56 35
48 31
41 25
35 21
29 17
25 15
23 15
23 15
25 15
29 17
33 19
41 23
48 29
56 31
66 35
78 41
91 46
103 54
117 60
130 66
144 74
160 82
173 91
189 101
205 115
207 111
208 103
220 101
236 107
246 121
250 128
251 128
255 126
257 126
257 132
253 138
248 136
242 126
234 121
226 119
216 117
205 111
191 101
179 91
167 85
154 83
140 78
126 70
115 60
99 54
85 48
74 44
64 39
54 35
44 27
39 23
31 21
27 19
23 17
23 13
25 15
27 17
29 19
35 21
42 23
52 27
60 33
70 37
82 42
95 50
107 56
121 62
136 68
150 76
164 83
177 89
189 97
193 103
214 109
222 115
224 119
240 123
248 126
1 130
255 126
255 134
259 138
261 146
248 136
234 115
224 103
232 107
226 119
210 119
199 107
189 93
179 89
166 91
150 91
134 82
121 66
109 58
95 52
82 50
68 44
58 35
48 25
41 19
37 23
31 23
25 21
23 15
23 13
25 15
27 19
31 21
37 21
46 23
54 29
64 35
74 41
87 46
99 50
113 56
126 64
140 72
154 80
167 85
181 91
193 97
205 105
218 111
228 117
234 121
242 125
248 126
251 130
255 132
255 132
255 132
253 132
250 130
244 126
238 125
230 121
220 117
208 111
199 109
191 109
175 103
150 83
132 62
125 52
117 54
105 56
89 52
78 42
68 35
60 33
48 33
41 33
33 27
29 19
25 15
23 15
23 17
23 17
27 15
33 15
41 19
48 25
58 31
68 37
80 39
91 44
105 52
119 62
132 70
146 76
160 82
173 87
185 95
199 101
210 107
220 111
230 115
238 119
246 125
250 126
253 128
255 130
257 132
255 134
251 132
248 128
242 126
236 123
226 119
214 115
205 109
193 101
179 95
166 89
152 82
138 76
126 70
113 62
99 56
85 50
74 44
64 41
58 44
46 39
29 19
21 0
23 0
27 9
25 21
23 21
25 13
31 9
37 19
44 31
52 39
60 37
70 33
83 39
97 50
109 60
121 66
136 66
150 70
166 82
177 93
189 99
203 103
214 105
224 111
234 121
240 126
246 128
251 128
253 130
255 130
255 134
253 134
250 130
246 126
238 123
230 121
222 119
210 113
199 105
189 99
175 95
162 87
148 80
134 74
121 66
107 60
93 52
80 44
70 39
62 37
50 33
41 27
35 23
31 21
27 19
23 17
23 17
27 19
31 23
39 31
35 27
35 17
46 11
62 19
78 35
89 46
99 52
113 54
130 60
144 72
158 83
169 91
183 95
197 97
207 105
216 113
226 119
234 121
242 121
250 125
251 128
253 132
255 132
255 130
253 128
250 128
244 128
236 125
228 121
218 115
207 109
195 105
183 99
169 91
156 83
142 74
130 70
117 64
103 60
87 50
76 44
66 37
56 35
46 31
39 25
33 21
29 17
25 17
23 15
23 15
27 17
29 17
35 19
41 23
48 29
58 33
68 37
80 41
93 48
107 56
119 64
136 74
154 89
158 87
162 76
179 72
199 87
214 107
220 119
228 117
236 111
248 119
253 134
255 142
253 138
255 130
255 126
251 130
246 132
238 128
232 121
224 113
214 109
201 107
191 103
179 97
166 89
150 80
136 74
126 70
111 66
97 56
83 46
74 39
62 37
52 33
42 29
37 23
31 17
27 17
25 17
23 17
25 15
25 15
31 17
37 21
42 27
52 29
62 35
72 39
83 42
95 50
111 58
125 64
138 70
152 76
166 83
179 91
193 99
203 105
214 111
226 117
236 123
248 132
250 136
244 128
244 117
251 115
257 123
255 132
248 132
242 125
240 117
234 119
224 125
210 121
199 111
187 99
175 91
160 87
144 83
132 74
119 62
105 54
91 50
78 44
68 41
60 37
50 29
41 25
35 21
29 19
27 19
23 15
23 15
25 15
27 15
33 19
39 23
44 25
56 29
66 35
76 41
89 46
103 54
115 58
128 66
144 72
158 82
171 89
183 95
197 101
208 107
218 113
228 119
236 123
242 125
250 126
253 130
255 134
255 134
255 132
253 132
250 130
242 130
236 125
232 128
222 128
199 107
181 83
177 76
173 83
158 89
140 82
126 66
115 54
105 56
89 58
76 54
64 42
54 31
44 23
39 23
33 23
27 21
23 15
23 7
25 11
27 17
29 23
33 23
41 21
50 25
58 33
70 41
80 44
93 48
107 52
121 60
134 68
148 76
162 83
175 89
187 93
199 99
212 109
224 117
232 121
238 123
246 126
251 130
253 132
255 134
255 132
253 130
251 130
248 128
240 126
232 123
224 117
214 113
203 107
189 101
177 95
166 89
150 82
136 76
126 74
115 72
95 62
72 41
64 25
60 21
54 27
42 29
33 21
29 13
29 11
27 15
25 21
25 21
27 19
31 17
37 17
42 23
50 29
62 33
74 37
85 41
97 46
113 56
126 66
138 72
152 76
167 83
179 91
193 99
205 105
216 109
226 115
234 119
242 125
248 126
251 130
253 130
255 130
253 130
253 130
250 130
244 126
238 125
230 121
220 117
210 113
199 107
185 101
173 93
158 85
144 78
130 70
119 64
107 60
91 52
80 46
68 41
58 37
48 33
33 29
33 23
31 19
29 21
29 29
21 23
13 3
19 0
33 1
42 21
48 33
56 33
66 29
80 33
93 48
105 62
117 70
130 70
144 70
158 76
171 89
183 97
197 101
207 101
218 107
230 117
236 125
244 128
250 128
253 128
255 130
255 134
253 132
253 132
248 128
242 125
234 123
226 121
216 117
205 109
193 103
181 95
169 91
154 85
140 78
126 70
115 64
99 58
85 50
76 42
64 37
54 33
44 29
37 25
33 21
27 17
25 15
23 15
23 15
25 17
31 19
35 21
42 23
52 31
62 37
76 46
85 54
87 48
97 44
117 46
136 58
150 74
162 83
175 87
191 91
203 99
214 111
224 121
232 125
240 125
246 125
251 128
253 132
253 132
255 130
253 128
251 128
246 128
240 126
232 121
224 117
212 113
201 109
189 101
177 95
164 87
150 82
134 76
121 68
109 62
95 54
82 46
70 41
60 35
50 31
42 27
35 21
29 19
25 17
25 17
23 17
25 17
27 17
31 19
37 21
44 25
54 31
64 35
74 39
87 46
99 52
115 60
126 66
140 72
154 78
169 85
181 95
195 101
187 109
220 123
220 115
222 101
220 101
0 117
253 134
253 136
253 128
250 125
255 130
251 136
244 138
236 126
220 117
220 113
208 111
189 107
183 99
171 89
158 80
144 76
130 72
117 68
103 58
89 48
78 42
68 41
56 39
48 33
41 23
33 19
29 17
25 17
23 17
23 15
25 13
29 17
33 21
41 25
48 27
58 31
68 35
78 41
91 48
103 54
119 60
132 68
146 74
160 82
173 89
185 95
197 101
210 107
220 113
230 119
238 123
246 126
250 128
253 132
255 134
257 136
261 142
251 138
238 123
232 111
230 107
226 111
216 113
203 109
193 99
181 91
169 91
154 89
140 83
125 72
113 62
99 54
85 48
72 44
60 37
52 29
44 23
37 21
31 21
27 19
25 17
23 15
23 13
25 15
31 17
37 23
42 25
50 27
60 33
72 37
83 44
95 48
109 54
125 62
136 68
150 76
164 82
177 89
191 97
203 105
212 109
224 115
232 119
242 125
246 126
251 130
253 132
255 132
255 132
253 130
251 130
248 130
238 126
232 123
224 117
212 113
201 109
187 101
156 95
169 99
150 91
125 66
109 42
105 39
97 48
83 54
68 44
58 29
50 21
44 25
37 31
31 29
25 21
23 13
21 11
25 17
27 21
31 21
37 17
44 17
54 27
66 37
76 42
87 46
101 50
115 56
128 66
142 76
154 80
167 83
181 89
195 99
207 105
216 113
228 117
236 119
244 123
248 128
251 130
253 130
255 132
255 132
251 132
248 130
244 126
238 125
228 121
218 117
207 111
197 105
183 99
171 93
156 85
142 78
130 70
117 64
103 58
89 52
78 46
68 41
60 41
52 42
37 29
21 11
19 0
23 1
27 13
23 19
23 15
29 13
37 15
42 23
50 33
58 39
68 39
80 41
91 46
105 54
119 64
132 68
146 72
160 76
173 85
187 97
201 105
210 107
220 111
230 117
240 125
244 128
250 130
253 130
255 130
255 132
253 132
251 132
248 128
240 125
232 119
226 117
216 115
205 111
191 103
179 95
167 89
152 83
138 78
125 68
111 60
97 54
85 48
72 42
62 37
52 33
44 27
37 23
31 19
27 17
25 17
25 17
25 17
27 17
31 21
39 25
48 37
48 33
50 19
64 15
83 27
99 50
111 62
123 64
138 64
154 72
167 87
179 99
191 107
203 103
214 105
224 113
232 123
240 126
246 126
251 125
253 126
255 128
255 126
255 134
250 130
173 126
234 125
222 123
222 121
210 113
199 107
187 99
173 93
162 89
146 82
125 72
119 64
107 58
93 54
80 46
68 41
60 35
50 31
33 27
33 21
29 19
27 17
23 17
23 15
23 15
27 17
33 21
31 23
44 27
56 31
66 35
78 41
87 46
101 54
117 60
132 70
150 83
160 91
164 87
171 80
187 82
208 95
220 109
220 117
236 119
244 119
251 125
255 134
255 140
255 138
253 130
253 128
250 130
242 130
234 125
226 117
216 109
208 105
195 105
183 99
169 91
158 83
142 76
128 72
115 66
101 58
89 50
76 42
64 37
56 33
46 29
39 23
31 19
27 17
25 17
23 15
25 15
27 15
29 17
33 19
41 23
50 27
58 33
70 39
80 42
93 46
107 56
121 64
134 70
148 76
162 82
175 89
189 97
201 105
210 109
222 113
232 119
240 123
246 126
255 136
257 144
248 132
244 115
248 109
255 123
250 134
240 132
230 119
224 109
216 111
205 115
189 111
177 99
166 85
152 78
136 76
123 72
109 62
95 52
83 42
70 39
58 35
52 33
44 29
37 23
31 17
27 17
25 19
25 19
23 17
27 15
31 17
37 21
44 25
50 27
62 31
74 37
85 44
97 52
111 58
126 64
140 72
152 78
166 85
181 91
193 99
205 105
214 109
226 117
234 121
242 123
248 126
251 130
255 132
255 134
255 132
251 130
251 130
246 130
238 128
232 125
228 126
210 119
187 103
175 83
171 78
162 80
146 80
128 72
115 58
107 54
95 52
80 52
68 46
58 37
48 29
41 25
33 23
27 19
23 17
23 13
25 13
25 15
27 17
33 19
41 21
46 25
56 29
66 35
78 42
89 46
101 50
117 58
132 66
144 74
158 80
171 85
185 91
197 101
208 107
218 113
228 117
238 119
244 125
250 128
253 130
255 134
255 132
255 132
253 130
248 128
242 128
236 125
226 119
216 115
207 109
195 105
181 99
167 91
156 83
142 78
128 72
115 64
101 60
93 62
76 52
52 29
42 9
44 7
41 21
33 27
27 23
23 11
25 7
27 15
27 25
31 29
35 23
42 19
48 21
60 31
70 41
82 44
93 46
107 50
121 60
134 70
150 78
164 83
177 89
189 95
201 103
212 109
222 115
232 119
240 123
246 125
250 128
253 130
255 132
255 132
253 130
251 130
246 128
240 126
232 123
222 117
214 113
203 107
189 101
177 95
164 87
150 82
134 74
121 68
107 60
95 52
82 46
72 42
60 37
52 33
42 29
37 25
31 21
29 21
29 23
29 29
21 19
15 5
23 0
35 7
46 21
54 29
62 33
76 35
89 42
103 54
115 66
126 72
140 72
154 78
166 83
181 91
193 101
205 107
214 107
226 111
234 117
240 123
250 128
251 130
255 132
257 132
255 132
253 134
250 130
244 126
238 123
228 121
220 117
208 111
197 105
185 99
171 91
160 85
146 80
130 74
117 66
103 56
91 50
80 44
68 41
58 35
48 31
41 25
35 21
29 19
25 17
23 15
23 15
25 17
29 17
35 21
41 23
48 27
56 31
68 39
80 42
93 52
109 66
115 64
119 52
136 50
160 66
175 89
187 101
195 101
208 99
222 105
232 121
238 132
244 132
248 126
251 125
255 130
255 134
251 134
251 128
248 125
242 123
234 123
226 121
216 115
205 109
193 101
181 97
167 91
154 85
140 76
125 68
113 60
99 56
87 50
74 44
62 37
54 31
44 27
37 25
31 21
27 19
25 17
23 17
25 17
25 17
31 17
35 21
42 25
50 29
60 35
72 39
83 44
95 50
109 56
123 64
136 70
150 78
164 83
177 91
191 99
205 107
218 117
226 123
226 119
230 111
242 111
251 119
255 128
253 130
255 130
255 128
253 128
248 132
240 132
230 126
222 117
212 111
201 107
187 103
173 93
162 83
148 78
134 72
121 66
107 60
95 52
82 46
62 41
58 37
50 33
42 27
37 23
29 19
25 17
23 17
25 17
25 15
27 17
31 19
39 21
44 23
54 29
66 35
76 41
85 46
101 52
115 58
128 66
142 74
156 80
167 85
183 93
195 101
207 107
216 111
226 115
236 121
244 125
248 128
251 130
255 130
255 132
257 134
253 134
250 136
248 140
230 123
216 101
214 93
210 101
199 109
183 103
169 87
158 76
146 76
132 78
115 74
103 62
89 46
78 39
66 39
54 37
46 33
39 23
33 15
27 15
25 17
21 17
25 17
25 15
29 15
35 21
41 25
48 27
58 29
68 35
80 41
91 48
103 52
119 58
134 68
146 74
160 82
173 87
187 95
199 101
210 107
220 113
230 117
238 121
244 125
250 128
253 130
255 132
255 132
255 132
251 130
248 128
242 126
234 123
226 119
214 113
205 109
193 103
179 97
167 93
160 93
138 83
115 64
101 46
95 39
87 42
72 42
60 35
52 27
46 23
41 25
33 25
27 23
25 19
25 15
23 15
25 17
29 19
35 21
42 21
50 25
60 31
74 37
83 44
97 50
109 56
123 62
138 70
150 78
166 83
179 91
191 97
203 103
212 109
222 113
232 119
242 123
248 126
250 128
253 130
255 130
255 132
253 132
250 130
246 128
238 125
230 121
220 117
210 111
201 107
189 101
173 95
162 87
148 80
134 74
119 66
105 58
93 52
82 48
70 42
58 37
50 33
42 29
41 33
31 31
17 11
13 0
19 0
27 9
31 23
31 25
37 19
46 17
58 27
66 42
76 48
87 48
101 48
115 54
130 66
142 78
156 82
167 83
183 87
195 97
207 109
216 113
228 117
236 119
244 123
248 128
251 130
255 132
255 132
255 132
251 130
248 130
242 126
236 123
228 119
216 115
208 111
197 107
183 99
169 91
156 83
142 80
128 72
113 64
101 56
89 48
78 44
64 39
54 33
46 27
41 25
33 21
27 19
25 17
23 17
23 17
25 17
29 17
35 21
44 29
56 39
56 37
58 29
72 25
91 35
107 50
119 64
7 68
146 62
164 78
177 89
189 103
199 107
210 109
222 111
230 117
238 125
244 128
250 128
253 126
255 128
253 130
253 130
253 130
248 130
240 126
234 123
224 119
214 115
203 109
191 103
177 95
164 87
150 82
138 76
123 68
109 60
97 52
83 46
72 42
62 37
52 31
44 25
37 23
31 21
27 17
25 15
23 15
25 15
27 17
31 21
37 21
44 23
52 29
62 33
74 41
85 44
97 50
111 56
126 64
140 74
154 80
167 87
185 103
191 105
193 93
207 87
224 99
238 119
242 130
246 126
251 123
257 126
259 136
255 144
253 140
250 130
244 123
238 123
228 123
218 119
208 111
197 101
185 95
173 91
160 87
146 80
132 70
119 64
105 58
91 52
82 48
68 42
56 35
48 29
41 25
35 23
29 19
25 15
23 13
23 15
25 17
27 19
33 21
39 23
46 27
56 31
66 35
78 42
89 46
101 52
115 56
130 66
144 74
158 82
171 87
185 93
197 101
208 107
218 113
228 117
238 123
244 126
251 130
257 136
259 142
250 134
244 121
246 113
248 119
244 125
234 123
224 117
216 109
208 107
197 107
183 105
169 97
156 85
142 76
126 70
93 64
99 56
87 48
70 41
64 35
46 31
44 29
39 25
31 19
27 15
25 15
25 17
25 19
25 17
29 17
35 19
33 23
46 29
58 33
7 37
82 42
95 48
99 56
121 62
9 68
148 74
130 82
177 89
189 97
193 103
212 109
218 113
224 119
240 123
246 128
0 128
253 128
255 130
255 125
255 132
251 132
246 128
240 125
234 123
224 121
214 117
207 117
195 115
171 97
152 70
142 58
136 62
126 70
109 68
95 52
82 39
74 35
64 41
52 42
42 35
35 23
31 15
27 15
23 17
23 19
23 15
27 11
31 13
37 19
44 27
52 31
64 31
74 35
87 44
99 52
111 60
126 64
140 72
152 78
166 85
179 91
193 99
205 105
214 109
224 113
234 121
242 126
248 128
251 128
255 130
255 132
255 132
253 132
250 128
244 126
238 125
230 123
220 119
208 113
199 107
187 99
173 93
158 87
146 80
132 72
117 66
103 58
91 54
85 56
70 50
48 31
37 13
35 7
35 11
29 17
23 17
23 13
25 9
27 15
31 21
35 27
41 27
46 27
56 29
68 35
78 42
89 48
103 52
117 56
130 64
144 74
158 82
171 89
185 93
199 99
210 107
218 113
228 117
238 121
246 125
250 128
251 130
255 130
255 132
255 132
251 130
248 126
242 126
236 123
226 119
214 115
205 109
195 103
181 97
167 89
154 82
140 76
126 68
113 62
99 56
85 48
74 41
62 37
54 31
44 29
39 25
33 23
27 19
25 17
23 19
25 19
29 25
33 29
27 15
31 1
46 5
62 23
74 41
83 48
95 46
109 46
125 58
138 76
152 87
162 89
175 87
189 91
203 103
212 115
220 117
232 115
240 117
246 123
250 128
253 134
255 132
255 130
255 130
251 130
246 132
240 126
232 123
222 117
212 111
201 107
189 101
175 93
164 85
150 80
134 74
121 68
109 60
95 52
82 46
70 42
60 37
50 31
42 25
37 23
31 19
25 17
23 15
23 13
25 13
27 15
33 19
39 25
44 27
54 29
64 35
76 41
87 48
103 56
121 70
126 72
130 66
146 64
166 70
183 85
195 99
205 105
214 107
228 111
238 121
244 130
248 134
251 132
253 126
257 130
255 134
251 134
248 128
244 125
236 121
228 119
218 117
207 109
197 103
185 99
171 93
156 87
144 80
130 72
117 64
103 56
89 50
78 44
68 39
56 33
46 27
39 23
33 21
29 19
25 17
23 15
23 15
25 17
29 17
33 19
41 23
48 27
56 31
68 35
80 41
91 48
105 54
119 60
132 66
146 76
160 83
173 89
185 93
199 101
210 109
220 115
230 121
244 134
246 136
240 121
242 107
253 111
259 128
255 138
250 134
246 123
244 119
238 123
226 128
214 123
203 111
193 99
179 93
166 91
150 85
136 74
125 66
113 58
97 54
85 50
74 46
64 39
52 31
44 27
37 25
31 23
27 19
23 15
23 13
25 15
25 17
29 19
37 19
44 23
52 29
60 33
72 39
83 44
97 50
109 56
123 62
138 70
150 78
164 82
177 89
191 97
203 105
214 111
224 115
232 119
240 123
248 128
251 132
253 132
255 132
257 134
255 134
251 134
250 134
248 140
228 126
210 107
203 95
199 93
189 95
173 93
160 83
148 74
136 70
123 68
107 66
91 58
82 48
70 41
58 37
48 33
41 27
35 21
29 15
25 13
23 13
23 15
25 15
27 15
33 17
39 21
46 27
54 29
64 33
76 39
87 44
101 52
115 58
128 64
142 72
156 80
169 87
183 93
197 99
207 105
216 111
228 117
236 121
244 125
248 128
251 128
253 130
255 130
257 132
253 132
248 130
242 126
236 123
228 121
218 117
207 109
197 103
185 99
169 93
158 85
142 80
130 76
123 78
99 64
78 39
68 19
64 21
58 33
48 37
37 27
33 13
29 11
27 17
25 25
23 23
25 17
29 13
33 15
41 25
46 29
56 31
68 33
82 37
93 46
105 56
119 62
134 66
146 72
162 80
175 91
187 97
199 101
210 105
220 113
230 119
238 123
246 126
0 126
250 128
255 130
255 132
255 134
251 132
179 128
240 125
224 121
226 119
210 115
203 109
191 101
179 95
166 91
150 83
138 76
125 68
111 60
97 54
83 48
64 42
62 37
52 33
37 27
39 25
33 27
31 29
19 17
3 3
1 0
27 3
33 15
35 23
42 23
52 23
64 29
76 39
85 50
97 58
111 58
123 60
13 68
152 80
134 87
173 91
191 93
189 99
207 109
224 117
232 121
242 123
248 125
1 128
253 130
255 134
255 134
253 132
250 130
173 126
234 126
222 123
220 117
208 111
191 105
187 99
173 93
160 85
146 78
126 72
119 68
105 60
91 52
80 46
68 41
58 37
48 31
41 25
31 21
29 19
25 17
23 15
23 15
25 15
27 17
33 19
33 25
48 29
56 33
70 42
82 54
85 50
89 37
107 37
130 52
146 74
158 87
167 85
183 85
199 95
210 111
218 121
226 123
236 119
246 121
250 126
251 132
253 132
255 130
255 126
251 126
248 128
242 126
234 123
228 119
218 115
207 109
187 105
183 99
167 91
154 82
142 76
128 72
115 64
99 56
87 48
76 42
66 39
54 35
44 29
37 23
33 21
27 19
25 17
23 17
23 15
25 15
31 19
35 21
33 23
48 27
60 33
70 37
82 44
93 50
107 56
121 62
134 70
150 76
162 85
177 93
195 105
203 111
205 105
210 99
226 101
242 113
248 126
250 130
251 126
257 126
259 130
255 138
251 138
246 132
240 125
232 119
222 117
212 113
201 107
191 99
177 91
162 85
150 80
138 76
123 70
109 60
95 52
83 46
72 42
62 39
50 33
42 25
35 21
31 21
27 17
23 15
23 13
25 15
27 17
31 19
37 21
44 27
54 29
62 33
74 39
85 44
99 52
113 58
126 64
140 70
154 78
167 85
179 93
193 99
205 103
216 109
224 115
224 117
242 123
0 128
251 132
253 134
255 134
261 142
257 146
242 130
232 107
232 101
232 111
222 121
207 117
195 101
185 89
175 89
160 91
144 87
130 76
119 64
105 54
89 50
78 48
66 42
56 33
46 25
41 21
35 21
29 21
25 19
23 13
25 13
25 17
29 19
33 21
31 21
46 23
56 31
0 39
62 42
89 46
103 52
119 60
5 62
128 76
158 82
171 87
185 93
197 101
193 107
220 113
220 117
236 121
244 125
0 128
253 130
255 130
255 130
255 132
253 132
248 130
242 126
236 125
218 121
216 115
207 111
189 109
189 109
156 99
128 68
130 60
125 54
48 56
99 56
85 48
70 39
66 33
48 33
46 33
31 31
31 23
27 17
23 13
21 13
23 17
25 17
29 17
33 17
31 21
50 29
60 33
70 37
83 33
95 48
109 56
123 64
9 70
150 76
164 82
175 80
189 95
203 105
212 109
218 115
224 117
240 121
248 126
1 130
253 132
255 130
255 130
253 132
251 130
238 128
240 125
232 121
222 117
212 113
203 109
191 105
177 97
162 89
150 80
136 74
123 68
109 62
95 54
78 48
64 41
60 39
56 41
44 37
25 15
19 0
23 0
27 11
25 21
25 19
27 13
33 9
39 19
46 33
54 39
62 37
66 33
87 39
99 52
113 62
125 66
140 66
156 72
169 83
181 95
193 103
205 105
216 107
226 115
234 121
242 126
248 128
1 128
255 128
255 130
255 132
253 132
248 128
242 125
236 121
230 121
220 117
208 113
189 103
185 97
173 93
158 87
142 80
130 72
117 64
103 58
89 50
78 44
66 39
56 33
46 29
39 23
33 21
29 19
27 17
25 17
23 17
27 17
33 23
41 33
39 29
39 19
48 13
64 19
80 35
91 48
103 52
119 56
132 62
148 74
160 87
173 95
187 97
199 99
210 107
220 113
228 119
236 121
244 123
250 125
251 128
255 132
255 132
255 130
251 130
248 128
240 126
234 123
226 121
216 115
205 109
193 103
179 95
167 89
154 83
138 76
126 68
111 60
99 54
85 48
74 42
62 35
52 31
46 27
37 23
31 21
27 19
25 15
23 15
25 15
27 17
31 19
35 21
35 23
52 29
60 33
9 39
62 41
95 48
111 56
125 66
138 76
156 89
166 93
167 82
179 74
201 85
216 107
224 119
232 121
240 115
250 119
255 130
255 140
253 140
255 134
253 128
250 128
244 128
236 126
230 119
222 113
212 109
199 107
187 101
175 95
162 87
148 80
134 74
121 68
107 62
93 52
80 44
70 39
58 35
50 31
41 27
35 21
29 17
25 15
25 17
23 17
25 17
27 17
33 17
39 21
46 25
54 29
66 35
76 41
87 44
101 52
115 58
128 66
140 72
156 78
169 87
183 95
195 99
207 107
218 111
228 119
238 125
248 130
253 138
248 134
244 121
248 115
255 119
255 128
177 130
240 125
236 117
226 115
220 117
210 119
195 111
179 99
169 89
156 83
142 80
125 64
115 64
93 52
87 44
76 42
66 41
56 31
46 29
39 23
33 19
29 19
25 21
23 19
23 15
25 15
29 17
33 21
31 23
48 27
58 29
5 35
80 42
93 50
97 56
121 62
7 66
146 64
162 82
175 91
187 97
191 101
210 107
222 115
222 119
238 123
246 125
1 128
253 130
255 125
255 125
255 132
251 130
238 128
242 126
234 125
218 123
220 126
201 115
179 89
171 74
166 74
154 83
138 82
123 68
109 52
99 48
80 50
74 52
62 44
52 33
42 23
37 19
31 23
27 21
23 15
23 9
25 9
27 13
31 21
35 21
35 21
52 25
62 31
74 41
83 48
97 52
111 56
0 62
128 70
152 78
166 85
179 89
191 95
203 101
214 109
224 115
234 119
240 123
248 125
251 128
255 132
255 134
255 134
253 132
250 128
244 128
238 126
230 123
220 117
210 111
199 105
187 101
175 95
162 87
146 80
132 72
121 68
111 68
97 64
74 46
58 27
52 19
48 19
42 23
33 23
27 17
25 11
25 13
25 17
25 21
27 21
33 19
39 19
46 25
56 33
64 37
76 39
87 42
103 50
115 60
128 68
142 72
158 78
171 85
185 95
197 103
208 107
218 111
228 115
236 121
242 125
250 128
251 130
253 130
255 132
255 132
251 132
248 128
242 125
236 123
228 121
218 119
207 111
195 103
181 97
169 91
156 85
142 78
128 70
115 62
101 56
87 52
76 44
64 39
54 33
46 29
39 23
35 23
29 21
25 19
27 21
31 31
23 21
17 3
27 0
42 7
52 29
60 41
68 37
80 35
95 41
109 58
121 70
134 76
148 74
162 78
175 87
187 99
199 105
212 107
222 109
230 115
238 123
246 128
250 130
253 130
255 128
253 128
255 132
253 134
248 132
238 125
232 121
224 119
214 115
203 109
189 101
177 93
166 87
150 82
136 74
123 66
111 60
97 54
83 48
72 42
62 37
52 33
44 27
35 23
31 21
27 17
23 15
23 15
23 15
27 15
31 17
37 21
44 27
54 31
64 37
76 42
91 54
101 60
105 56
115 50
125 54
154 66
169 83
179 93
191 95
205 97
218 107
228 119
234 126
242 128
248 126
251 128
253 130
255 134
255 134
253 130
250 126
244 126
238 123
230 121
220 117
210 111
199 103
185 99
173 93
160 87
144 78
130 70
119 64
105 60
91 54
78 44
68 39
58 35
48 29
41 25
33 21
29 19
25 17
23 15
23 15
25 15
29 17
33 19
39 21
46 25
56 29
68 37
80 42
89 46
103 54
117 60
130 68
144 74
158 82
171 89
185 95
197 101
208 105
222 119
234 132
230 123
232 107
244 105
255 121
257 136
255 138
253 130
253 125
251 126
244 132
234 132
226 125
216 113
205 105
193 103
181 101
167 93
154 82
140 72
126 66
113 62
99 58
85 48
74 41
64 35
56 33
44 31
37 27
31 19
27 17
25 15
23 17
23 15
25 15
29 15
35 17
41 21
50 29
60 33
72 37
82 42
93 48
107 54
123 62
136 70
148 76
162 82
177 89
191 97
203 105
212 109
222 115
232 119
240 125
246 126
251 130
253 132
255 134
255 134
255 134
259 140
248 138
230 123
220 107
220 101
214 105
203 107
187 101
173 87
166 80
154 80
136 80
121 72
107 62
95 52
83 44
70 42
58 39
50 31
42 25
35 19
29 17
27 17
23 17
23 15
25 13
27 15
31 19
37 21
44 25
54 29
64 35
74 39
87 44
99 52
113 58
126 64
140 72
154 78
167 85
181 91
193 99
205 105
216 111
226 117
234 121
242 123
248 125
253 130
255 134
255 134
255 132
253 130
250 130
244 128
238 125
228 121
220 117
208 111
197 107
185 99
171 93
158 85
150 87
134 83
109 62
93 39
85 31
80 37
70 46
56 41
46 27
41 15
37 17
31 25
25 29
23 21
23 11
25 9
29 15
33 25
39 25
46 23
56 25
68 31
78 41
89 48
105 54
119 60
132 68
144 76
160 83
173 91
185 95
197 101
208 105
220 113
230 119
236 123
244 125
250 128
253 130
255 132
255 134
253 130
251 128
248 128
242 126
234 125
226 119
216 115
205 111
193 103
179 97
167 91
154 83
138 76
125 68
113 62
99 56
85 50
74 42
64 39
54 35
46 31
44 37
33 29
17 13
13 0
21 0
25 9
27 15
29 17
35 15
42 17
52 27
64 39
72 46
83 48
95 48
109 54
123 64
134 72
148 76
164 80
177 87
189 95
203 103
214 111
224 115
232 119
242 123
246 126
251 128
253 132
255 132
253 130
253 128
251 130
246 130
238 126
230 121
222 115
205 111
201 107
189 101
175 93
162 87
148 80
134 74
121 66
107 58
95 52
82 48
68 41
60 37
50 31
42 27
35 23
29 19
27 17
23 17
23 17
23 15
29 17
33 21
31 23
44 27
60 39
66 44
66 35
78 25
93 31
119 54
130 72
140 78
154 74
169 78
185 91
197 107
207 115
216 113
226 113
236 117
242 125
246 130
251 130
255 130
255 128
253 130
253 132
250 132
244 128
236 123
228 117
218 117
207 111
187 105
183 97
171 91
158 83
142 78
128 70
117 64
103 56
89 50
78 44
66 41
56 35
46 29
39 25
33 21
29 19
25 19
23 15
23 15
25 15
29 17
33 21
33 23
48 25
58 29
68 35
80 41
93 48
107 56
119 64
134 70
148 78
164 87
181 101
185 103
187 93
201 87
218 95
232 113
238 123
244 125
250 123
255 126
257 134
257 138
255 136
253 132
248 128
240 126
232 125
224 121
214 113
203 105
189 97
179 93
166 91
152 83
138 76
125 68
111 62
97 56
83 48
64 42
62 35
54 33
42 29
35 25
31 19
27 17
23 15
23 17
23 17
27 17
31 17
37 21
42 25
52 29
62 35
72 39
83 42
97 48
111 56
125 64
138 74
152 80
166 83
179 91
191 99
203 105
214 109
224 115
234 121
242 125
248 128
251 130
255 134
263 146
255 142
242 123
242 107
244 111
242 123
232 128
220 119
210 105
201 99
189 101
175 101
160 93
146 80
134 70
119 64
105 62
91 56
80 46
68 35
58 31
48 29
41 27
35 23
29 17
27 13
25 13
23 17
25 17
27 17
33 17
39 21
46 27
56 33
66 37
78 41
89 44
101 50
115 58
128 66
144 72
156 80
169 87
183 95
197 101
208 107
218 111
228 117
236 121
242 125
250 126
253 130
255 132
255 132
255 132
253 130
250 130
244 128
236 125
228 121
220 117
210 117
199 115
177 103
158 80
148 66
140 62
130 64
113 64
101 56
89 48
80 41
66 39
56 41
46 35
39 27
31 19
27 17
25 17
23 17
23 15
25 13
29 13
35 19
33 23
48 27
58 31
70 35
82 41
93 50
107 56
121 62
134 68
148 74
162 82
175 91
187 97
199 101
210 107
222 113
230 119
238 125
246 126
250 126
253 130
255 132
255 132
253 132
251 132
248 128
240 126
232 123
224 119
214 115
203 109
191 103
177 95
166 89
150 82
138 76
123 70
111 64
97 56
83 50
66 46
66 48
50 37
33 15
29 0
31 3
29 17
27 23
23 19
23 9
27 9
35 21
31 31
44 33
50 31
62 29
74 37
83 46
97 54
111 58
125 60
138 66
152 74
167 85
181 95
193 99
205 103
214 107
226 115
234 123
242 126
246 126
1 126
255 130
255 125
255 132
253 130
251 130
238 128
238 126
222 123
220 117
210 113
199 105
185 99
173 93
160 80
146 82
125 74
119 64
101 58
93 52
80 48
68 42
56 35
50 31
33 25
31 23
29 19
25 17
25 17
25 19
29 23
33 29
27 21
27 11
39 5
56 15
70 33
78 44
87 46
101 46
121 56
134 72
125 83
156 87
171 87
185 91
197 99
208 109
216 113
228 115
236 117
244 121
248 126
3 132
255 134
257 134
255 132
251 130
250 130
234 130
234 125
226 117
216 113
207 109
193 105
181 97
167 89
156 82
142 78
126 70
113 62
101 56
87 52
76 44
64 39
54 33
46 29
39 25
31 21
27 17
25 15
25 17
25 17
25 17
31 17
35 21
33 23
50 29
60 33
70 35
83 42
97 52
109 60
125 70
140 83
146 80
144 68
167 68
189 83
205 97
212 115
220 111
232 111
242 117
248 130
251 138
253 138
255 130
255 126
255 130
251 134
246 132
238 123
232 115
224 115
214 113
203 111
189 103
177 93
164 85
150 82
136 78
123 70
107 60
95 52
83 46
70 42
58 37
50 29
44 25
37 23
29 19
25 17
23 15
25 15
25 15
27 17
31 19
37 21
44 25
52 29
64 35
74 39
85 44
99 50
113 56
126 64
140 72
154 78
167 85
181 93
195 101
205 107
216 113
228 119
242 130
246 136
240 126
240 115
250 115
257 123
255 130
251 132
250 126
246 123
240 123
230 123
220 123
208 117
197 107
185 99
171 91
158 87
144 80
128 70
117 60
105 54
91 50
78 46
66 41
56 33
48 29
41 27
35 23
27 19
25 15
25 15
25 15
25 17
27 17
33 17
41 21
48 27
56 31
68 37
78 42
91 48
105 54
117 58
132 68
146 76
158 82
171 87
187 95
199 101
210 109
220 113
228 115
238 121
246 126
250 130
253 130
255 130
257 132
257 134
251 132
248 132
242 128
242 132
230 132
210 117
193 91
187 80
181 85
169 91
154 89
138 76
126 60
115 58
101 60
87 60
74 50
62 37
54 27
44 23
37 25
33 25
27 17
23 11
23 11
25 15
27 19
31 21
35 21
42 21
50 25
60 33
72 39
83 44
95 48
109 54
123 62
136 70
150 76
164 82
177 87
189 95
203 105
214 111
222 115
232 119
240 123
246 126
251 130
253 132
255 132
255 130
253 130
250 130
246 128
240 125
232 121
222 117
212 113
201 107
189 103
175 93
164 87
150 82
138 80
128 80
109 70
85 50
72 33
66 25
60 27
50 29
41 25
33 19
31 15
29 17
27 21
25 23
25 21
27 17
33 17
37 21
44 27
52 31
62 31
74 35
87 42
101 52
115 60
128 66
142 70
156 78
167 85
181 93
195 101
207 105
216 109
226 115
234 119
244 125
248 128
251 130
255 130
255 132
255 132
251 132
248 128
244 126
236 123
228 121
218 117
208 111
197 105
183 97
171 91
158 85
144 80
130 72
117 64
103 56
89 50
76 44
66 39
56 35
48 31
41 27
33 23
29 21
29 27
27 29
17 15
13 0
21 0
37 9
44 29
48 33
54 29
70 27
82 39
95 54
105 64
117 66
132 64
146 70
160 80
171 89
187 97
201 99
210 103
218 109
230 117
240 125
246 128
250 128
253 128
255 130
255 134
255 134
251 130
246 126
240 125
234 123
224 119
214 115
205 109
193 103
179 97
166 91
152 82
140 76
126 70
111 62
97 54
85 48
74 44
62 39
52 33
44 29
37 25
31 21
25 17
23 15
23 15
25 17
27 19
31 19
37 21
44 25
52 31
64 39
80 50
85 52
87 44
99 41
121 46
138 62
152 76
162 83
177 85
193 91
205 103
216 117
224 123
232 123
242 123
248 125
251 130
253 134
255 132
255 130
253 126
250 126
246 128
238 126
230 123
220 117
210 111
201 107
187 101
173 93
160 85
148 80
134 74
119 68
107 60
93 52
80 46
68 41
58 35
48 31
41 27
35 21
29 19
25 17
23 17
25 17
25 17
27 17
31 19
39 21
46 25
56 31
66 35
76 41
87 44
103 52
115 60
128 68
142 74
156 80
169 87
183 95
197 103
214 117
220 123
218 111
224 99
240 103
1 125
255 136
253 134
253 126
257 123
255 130
250 138
244 138
236 128
218 115
218 109
208 111
187 109
181 99
169 87
156 78
142 74
128 74
115 68
93 56
89 46
76 42
64 39
54 35
46 29
41 23
33 21
27 19
25 17
23 17
25 17
25 15
27 15
35 19
33 23
48 27
58 31
70 37
82 42
93 48
107 54
119 62
134 70
148 74
160 82
173 87
189 95
201 103
212 109
222 115
222 119
240 123
246 126
0 130
253 130
250 132
259 138
261 144
250 138
236 123
232 109
232 107
226 113
212 115
201 107
189 95
181 91
167 91
152 89
138 83
123 70
111 60
95 54
83 50
62 44
60 37
50 27
42 21
37 21
31 23
27 21
25 15
23 13
25 15
27 19
31 21
37 23
44 23
52 27
62 33
64 39
85 44
97 50
111 56
125 64
138 72
152 80
166 85
179 91
191 97
205 105
214 111
224 115
234 119
242 123
246 126
1 128
253 130
250 134
257 134
250 134
250 130
238 128
238 126
222 123
220 119
210 111
201 105
187 101
173 97
158 99
130 89
123 64
107 41
103 41
95 50
82 54
66 42
56 29
48 19
37 25
37 33
21 31
23 19
23 11
23 11
25 17
27 21
31 21
31 17
46 21
46 27
66 37
78 42
89 46
103 50
115 56
5 66
144 76
158 82
162 85
183 89
199 99
208 109
218 113
218 115
236 119
246 125
0 130
251 132
253 132
257 130
255 132
251 132
248 130
242 126
236 123
228 119
216 115
207 111
187 105
181 97
169 91
154 83
142 76
128 70
115 64
93 58
87 50
76 44
66 41
58 39
50 41
35 29
21 11
19 0
23 1
25 11
23 17
23 15
29 13
37 15
44 25
52 35
58 37
70 37
82 41
95 48
105 56
119 62
136 68
150 74
162 80
175 87
189 95
203 103
212 109
222 113
230 117
240 123
246 126
251 130
253 130
255 130
255 132
253 132
250 130
244 126
242 125
232 123
222 119
210 113
203 107
191 103
177 97
164 89
150 82
136 74
123 68
109 62
95 54
83 46
72 41
60 37
50 31
42 25
37 21
31 21
27 19
25 17
23 17
25 17
27 17
31 21
39 27
50 39
52 37
52 21
64 13
85 29
103 50
113 64
125 66
138 64
156 72
169 87
181 101
193 105
205 105
216 107
226 113
234 121
242 128
246 128
251 125
253 125
257 130
255 136
253 134
250 130
246 125
240 125
230 123
220 119
208 111
197 103
187 97
173 95
158 87
144 80
130 72
117 64
105 58
91 52
78 46
68 39
58 33
46 29
41 25
35 23
29 21
25 17
23 15
23 15
25 17
29 19
33 19
39 23
48 27
56 31
68 37
78 41
91 48
105 54
117 62
132 68
150 80
166 91
167 91
173 83
191 82
210 91
222 111
228 119
236 121
244 121
251 123
253 132
255 138
255 138
255 134
251 128
248 128
242 128
234 126
226 119
214 111
205 107
193 101
181 97
166 91
154 82
140 74
126 68
113 66
99 58
85 50
76 42
64 37
54 33
44 29
37 23
31 19
27 17
25 15
23 17
25 17
27 17
29 17
35 17
42 23
52 29
60 33
72 39
83 44
95 50
109 58
123 64
136 70
150 76
164 83
177 91
189 97
203 103
214 109
224 115
232 119
240 125
248 128
253 132
261 146
253 138
244 119
246 107
251 115
250 130
240 134
230 123
222 109
216 105
203 111
189 113
175 103
162 87
148 74
134 72
121 70
107 64
93 54
82 41
70 35
60 37
50 35
42 29
35 21
31 17
25 17
23 17
23 19
25 17
27 15
31 17
39 21
46 27
54 31
64 35
74 37
87 42
101 52
115 60
126 66
140 70
156 78
169 87
181 95
195 101
207 105
216 111
226 117
234 121
242 125
248 128
251 128
253 130
255 132
255 134
255 134
250 132
244 128
238 125
230 123
224 125
212 123
191 107
173 87
166 76
158 74
146 76
128 72
115 62
103 52
91 48
80 48
68 46
56 39
46 29
41 25
33 21
25 19
23 17
23 13
25 13
25 13
29 17
33 19
41 23
48 27
58 31
68 37
80 41
93 48
105 54
117 58
132 66
146 74
160 83
171 89
185 93
199 101
212 107
220 115
230 117
238 121
244 125
250 128
251 130
255 132
257 132
255 132
251 130
246 128
240 125
236 123
226 121
214 115
203 109
193 103
181 93
166 91
152 83
138 76
126 68
113 64
99 58
87 54
80 56
58 41
41 17
37 3
37 9
35 21
29 25
21 17
23 7
27 11
29 21
31 29
35 27
42 23
52 23
62 31
70 41
83 46
95 48
109 50
123 56
136 68
152 80
166 87
177 89
189 93
203 101
216 113
224 119
232 121
242 123
248 126
251 130
253 132
255 132
255 132
255 130
250 130
244 128
240 126
232 121
222 119
210 113
199 105
187 99
175 93
162 87
148 80
134 74
121 66
107 60
93 54
80 46
70 41
60 37
50 31
41 25
35 23
31 21
25 19
25 17
31 23
29 27
19 15
21 5
33 3
48 15
56 29
64 37
74 37
89 41
103 50
117 62
128 72
142 78
156 80
169 83
183 93
195 101
207 107
216 109
226 111
234 115
242 121
250 128
251 130
253 128
255 130
255 132
253 134
248 132
242 126
236 123
228 119
218 115
207 109
195 103
183 97
169 89
156 83
142 76
128 72
117 66
103 58
87 50
78 44
66 41
56 35
46 29
39 25
33 21
27 17
25 17
23 15
25 15
25 17
29 17
33 19
41 23
48 27
60 33
70 39
82 44
93 48
111 60
125 76
126 70
134 58
156 60
175 78
189 97
201 107
210 107
222 107
232 115
240 128
246 136
251 136
253 130
253 126
255 130
255 136
250 134
246 126
238 119
234 117
226 119
214 117
203 109
191 99
179 93
166 91
152 85
136 76
125 68
111 60
97 54
83 48
72 42
62 37
50 31
42 25
37 21
33 21
27 21
23 17
23 15
25 17
27 17
31 19
35 21
42 25
52 27
62 33
72 39
83 44
99 50
111 56
125 64
138 70
152 78
166 85
181 91
193 99
205 107
216 113
232 126
234 128
232 121
238 113
248 115
255 123
255 130
253 132
251 128
251 126
248 128
240 128
232 126
220 121
210 111
197 103
185 99
175 95
160 87
144 78
132 68
119 62
105 60
91 54
80 46
68 39
58 35
48 33
41 29
35 25
29 19
25 17
23 15
23 17
23 17
29 17
33 19
39 23
46 27
56 31
66 37
78 39
89 46
103 52
115 60
128 66
142 72
158 80
169 87
183 91
197 99
208 107
218 113
228 117
236 121
244 123
251 128
253 132
255 132
255 132
255 132
253 132
250 132
248 138
240 136
220 117
207 93
201 87
197 95
185 103
167 95
154 80
142 68
130 68
117 72
101 68
87 52
74 39
64 33
56 35
44 33
37 27
31 17
27 13
25 13
23 17
23 19
27 17
29 15
35 17
42 23
50 31
60 35
70 37
66 41
93 46
99 56
121 64
9 68
150 74
164 82
175 89
187 99
201 103
212 109
222 113
232 117
238 123
246 126
251 128
253 130
255 132
255 130
253 130
251 132
248 130
240 126
232 123
224 119
214 115
203 109
191 103
179 95
166 91
152 85
142 83
125 76
101 56
85 39
78 29
74 31
62 37
50 35
41 25
37 17
33 19
29 23
23 23
23 19
25 15
27 15
31 19
35 23
42 25
52 27
62 29
74 35
83 42
99 50
113 58
126 64
138 70
154 78
167 87
181 95
193 99
205 103
216 109
224 117
234 121
242 123
248 126
251 128
255 130
255 132
255 130
253 130
251 130
244 128
236 125
230 121
220 117
210 111
197 105
185 99
173 93
160 85
144 76
130 70
121 66
105 60
91 54
78 44
68 41
58 37
48 33
41 27
35 23
33 29
27 27
13 9
11 0
21 0
31 11
35 25
39 27
46 23
58 23
70 35
80 48
91 56
103 58
117 56
128 60
144 72
158 85
171 91
183 91
197 95
210 105
220 115
228 121
236 123
244 123
250 125
253 130
255 134
255 134
255 130
251 128
248 126
242 126
236 125
226 121
216 115
205 107
193 103
181 97
167 91
154 83
138 74
126 68
115 64
101 58
85 50
74 42
64 37
54 33
44 29
37 25
33 21
27 19
23 17
23 15
25 15
27 17
31 19
35 21
42 25
54 33
68 44
70 44
72 37
85 31
107 41
123 56
134 68
148 74
164 80
179 87
191 99
203 109
214 115
224 117
232 119
240 121
246 126
250 130
253 130
253 130
255 128
255 130
251 130
244 128
240 125
234 121
224 119
212 115
201 109
189 101
177 93
164 87
148 80
134 72
123 66
109 60
93 54
82 46
70 41
60 35
50 31
41 25
35 21
31 21
25 19
23 17
23 15
25 15
29 17
31 21
37 23
44 25
54 29
64 33
76 41
87 44
101 52
113 58
126 64
140 72
154 80
169 87
183 97
199 111
207 115
207 103
216 93
232 101
244 121
250 132
251 132
253 125
257 125
257 132
255 140
250 138
244 128
236 119
230 117
218 119
207 115
187 105
185 93
171 87
158 83
142 80
130 72
117 62
105 56
89 52
78 48
66 42
56 35
