770000 10000000 161480 12
160 74
216 105
257 128
271 140
255 136
212 119
154 91
91 58
41 33
11 13
11 7
42 17
97 44
164 78
224 115
259 138
261 136
244 121
208 103
154 83
91 58
39 31
9 5
11 1
44 15
99 46
162 80
216 107
257 125
271 138
255 138
210 123
152 93
89 56
39 25
11 9
11 7
42 19
99 42
162 72
220 105
257 130
269 142
253 136
210 119
152 87
89 58
39 31
11 13
11 7
42 15
99 41
164 74
220 107
257 130
269 140
253 134
212 119
152 93
89 60
39 29
9 9
11 5
44 19
97 42
162 74
220 105
259 130
271 142
253 138
212 121
152 91
89 60
39 31
9 13
13 9
44 19
103 52
167 87
212 105
248 109
265 119
255 126
212 123
150 95
85 54
35 19
13 5
17 15
46 31
99 50
164 72
222 101
259 130
269 146
250 138
208 115
150 83
87 54
37 29
9 11
13 7
46 17
101 41
164 76
222 109
259 130
271 140
253 136
208 119
148 91
87 58
37 29
9 9
11 3
46 17
103 44
166 76
222 107
259 130
269 140
251 136
208 119
148 89
85 56
35 27
9 9
13 7
46 21
103 44
167 76
224 109
261 132
269 144
250 136
207 117
148 89
87 60
39 35
17 21
13 13
37 13
93 29
164 60
224 99
261 130
269 140
250 130
208 111
150 89
87 64
35 35
9 13
13 5
48 17
103 44
166 78
222 109
259 126
269 134
251 132
205 117
146 89
83 56
33 25
9 7
15 7
48 23
103 46
167 78
224 107
261 132
269 142
250 136
205 117
144 85
83 54
35 29
9 11
15 5
48 19
105 46
169 78
226 111
261 132
269 140
250 134
205 115
146 89
83 58
33 27
7 7
15 5
50 21
107 48
169 80
226 109
261 130
269 142
250 136
205 119
146 89
87 66
33 35
0 0
3 0
48 1
111 44
173 87
224 113
261 126
271 132
251 134
205 125
142 95
80 56
33 21
7 5
13 7
50 25
107 48
169 76
224 103
263 130
271 144
250 138
203 115
142 83
82 52
33 27
7 11
15 7
52 21
109 44
171 78
226 111
261 132
269 142
248 134
201 115
142 85
80 52
31 25
7 9
15 7
52 23
109 48
173 80
226 109
263 132
271 142
248 136
201 117
140 83
80 52
31 27
7 9
15 7
52 21
111 48
173 80
228 113
263 134
273 146
253 146
197 119
128 74
70 37
31 13
9 7
15 9
50 21
111 44
175 78
230 113
263 138
269 146
248 134
201 113
138 83
78 54
29 27
7 7
13 1
52 17
113 46
175 83
228 113
263 132
269 140
248 134
199 117
138 87
78 52
29 23
7 7
17 7
54 23
111 50
175 82
230 111
263 132
269 140
246 134
199 113
138 83
78 52
29 27
7 9
17 7
54 23
113 50
175 82
230 113
263 132
269 142
246 134
199 115
136 83
76 50
31 25
9 9
17 9
56 25
115 52
177 83
232 115
269 144
267 146
236 123
189 91
136 68
80 50
31 31
7 11
15 1
56 15
117 50
179 91
232 121
263 134
269 136
246 130
197 115
134 85
74 50
29 19
7 1
17 5
56 25
115 52
179 83
232 111
263 132
267 142
246 136
197 115
134 83
74 48
29 23
7 9
17 9
56 23
115 48
179 82
232 113
263 134
267 140
244 134
197 113
134 83
74 52
29 25
7 9
19 7
58 25
115 50
179 83
232 111
265 132
269 140
244 134
195 115
134 83
74 50
27 25
9 9
0 11
62 31
113 60
48 83
222 101
7 115
269 128
238 130
195 113
130 80
64 42
31 19
3 11
19 17
50 31
117 50
179 80
234 113
5 136
251 142
234 130
195 107
132 78
72 48
25 23
5 5
19 5
60 23
119 54
181 87
236 117
15 134
267 140
234 132
189 111
130 82
64 48
25 21
7 7
0 1
60 25
119 52
183 83
236 115
15 128
267 142
171 132
189 111
130 80
62 48
25 23
7 7
0 1
60 27
121 54
183 87
236 117
15 136
267 142
234 132
193 111
130 82
62 50
25 23
11 13
25 21
56 27
107 37
175 60
238 101
21 138
267 148
234 130
191 101
132 76
72 54
25 33
7 13
21 7
60 21
121 52
183 89
236 119
265 134
267 136
240 126
189 107
128 80
62 50
25 21
7 5
21 7
62 29
123 56
185 87
236 115
267 134
267 140
240 130
189 109
128 78
68 46
23 21
7 7
21 9
64 27
125 56
185 87
238 117
267 134
267 142
240 132
189 109
126 78
68 48
23 21
5 5
21 9
64 27
125 56
185 87
236 115
267 134
269 142
240 134
191 113
134 89
70 58
15 19
0 0
15 0
66 15
126 52
185 87
236 113
267 130
269 138
242 136
189 117
126 82
66 44
23 17
7 7
21 13
64 29
125 54
187 83
238 113
265 134
267 140
238 132
187 107
126 78
66 46
23 21
7 9
21 9
66 25
125 54
187 87
236 115
267 134
267 140
238 130
185 109
125 78
66 46
23 21
5 7
21 9
66 25
126 56
191 89
240 119
267 136
267 140
238 130
185 107
123 76
64 44
23 21
7 7
21 9
66 29
128 58
191 89
240 119
267 138
267 144
242 140
189 121
115 74
52 25
17 0
9 0
25 13
66 33
126 54
191 82
242 115
269 140
267 150
236 136
185 107
121 72
62 42
21 21
5 9
21 7
66 23
128 52
191 89
240 121
267 136
265 138
236 128
183 107
123 78
62 44
21 17
7 5
23 9
68 29
130 58
193 91
242 119
267 136
265 140
236 130
183 107
121 76
62 42
21 17
7 7
23 11
68 29
130 58
193 89
242 119
267 138
265 142
234 128
183 105
121 76
62 44
21 21
7 7
25 11
70 29
130 60
197 95
250 130
267 144
255 134
224 115
179 91
121 68
60 42
19 17
7 1
27 7
74 31
132 66
193 97
242 121
267 134
265 140
234 130
179 107
117 74
58 39
19 15
7 5
25 11
70 29
132 56
195 89
242 119
269 138
265 142
234 130
181 105
119 74
60 42
19 19
5 5
25 11
70 29
132 58
195 93
244 121
267 138
263 138
232 126
181 105
119 74
58 42
19 17
9 7
27 13
72 31
132 60
195 91
244 121
267 136
263 138
232 126
179 105
119 74
58 44
19 19
7 7
27 13
74 35
140 72
197 103
234 113
259 115
263 119
236 123
181 111
115 76
56 35
19 5
11 3
29 21
74 41
132 62
197 87
246 117
269 140
263 144
230 128
177 99
115 68
58 39
17 19
7 9
27 11
74 29
136 60
199 95
246 125
267 136
263 138
232 126
179 105
115 74
56 42
17 17
7 5
27 11
74 31
136 60
199 93
246 121
269 138
263 140
230 128
177 103
115 74
56 41
17 15
7 5
29 13
76 33
136 62
199 93
246 121
269 136
263 138
230 128
177 105
115 74
56 42
21 23
13 17
25 17
64 25
128 44
197 80
248 117
269 138
261 138
228 123
177 99
115 72
56 46
17 25
7 9
27 9
76 31
138 64
199 97
246 123
269 134
263 136
228 125
173 103
111 72
54 41
17 15
7 5
29 13
78 35
140 64
201 93
246 121
269 138
261 140
228 126
173 103
111 70
54 39
17 15
7 7
29 13
78 33
140 64
201 95
248 123
269 138
263 140
228 126
171 101
111 70
54 41
15 15
7 5
29 11
78 33
142 64
203 99
248 125
271 140
263 140
228 128
173 103
111 72
60 50
17 25
0 0
19 0
78 15
146 62
205 103
246 126
269 132
263 132
230 128
173 111
109 76
50 39
17 11
7 3
31 15
78 37
142 64
203 93
248 119
269 136
261 140
226 126
171 99
109 66
52 37
15 17
9 7
31 11
80 33
142 64
203 95
248 123
271 138
263 138
226 126
169 99
107 68
50 37
17 15
7 5
31 13
80 33
146 64
205 99
250 125
269 140
261 140
226 126
169 101
107 68
50 37
15 15
7 5
31 11
82 35
144 66
205 97
250 125
271 140
267 148
232 138
164 101
95 54
44 17
15 3
9 3
31 15
80 33
146 60
208 95
251 126
269 146
261 144
224 126
167 97
105 66
48 39
13 17
7 5
31 7
80 27
146 62
208 101
251 126
269 138
261 136
224 125
167 101
103 70
48 37
15 13
7 3
31 11
83 33
148 68
208 99
251 123
269 138
259 138
222 126
167 99
103 66
48 37
13 13
9 5
33 13
83 37
148 68
207 99
250 123
271 138
261 140
222 126
167 99
103 66
48 37
15 15
9 7
35 15
83 37
148 66
208 101
255 130
275 152
255 142
210 109
158 74
103 52
50 37
13 19
5 5
35 5
87 31
152 72
210 109
250 132
269 138
259 134
220 123
164 101
101 68
44 33
0 9
9 1
31 13
7 39
150 70
210 99
253 125
269 138
257 138
220 125
164 95
101 62
46 33
13 13
9 7
35 15
87 37
150 66
210 101
253 126
271 140
257 138
220 123
164 97
99 66
46 35
13 13
9 5
37 13
87 37
152 68
210 101
253 126
269 138
259 138
220 125
164 99
99 66
44 35
13 13
11 9
39 21
93 48
154 78
205 101
244 113
263 123
257 126
220 119
162 97
97 62
44 29
15 11
11 11
37 21
89 42
154 70
212 101
253 126
269 142
257 138
218 121
162 91
97 60
42 33
11 11
11 7
39 17
23 39
27 70
212 103
0 128
269 142
250 138
216 121
160 95
97 62
42 33
11 11
9 5
39 15
89 39
154 70
212 101
5 126
271 142
250 140
216 123
160 95
97 62
44 33
11 13
9 5
39 15
91 39
154 70
212 103
1 128
271 140
255 138
216 121
160 95
99 66
44 37
11 13
15 13
44 29
87 44
142 56
203 80
0 115
275 142
255 144
207 121
158 83
99 56
46 39
11 23
9 11
39 13
93 35
156 70
212 105
3 128
271 138
257 132
214 117
158 93
95 64
42 33
11 11
9 3
41 15
93 42
158 74
216 103
255 126
271 138
255 138
214 121
156 93
95 60
42 31
11 11
9 5
41 17
95 42
158 72
216 103
255 126
271 138
255 138
214 121
156 93
93 60
42 33
11 13
9 7
42 17
95 41
158 74
216 105
257 128
271 142
255 140
214 123
158 95
99 72
44 42
3 11
0 0
37 0
97 33
160 74
214 105
255 125
271 134
257 134
214 125
154 99
91 64
41 33
11 11
11 7
41 21
95 42
158 72
216 101
5 126
271 140
255 138
212 121
154 89
91 56
41 31
11 13
11 9
42 17
97 41
162 72
218 105
255 130
271 140
255 136
212 119
154 91
89 60
41 31
11 11
11 5
42 17
97 41
162 74
218 105
257 128
271 140
255 138
212 121
152 91
89 58
39 29
9 9
11 7
44 19
99 42
162 74
220 107
259 130
271 142
253 138
216 128
156 103
82 56
27 9
5 0
13 0
46 23
97 48
160 70
220 97
261 126
271 148
253 148
210 125
152 87
87 54
37 29
9 13
9 7
44 15
99 39
164 72
220 107
259 132
271 142
253 134
210 117
150 89
87 58
37 31
9 9
13 5
44 19
99 44
164 78
222 107
259 130
269 140
253 138
210 119
150 89
87 56
37 27
9 9
13 7
44 19
101 44
166 74
222 107
259 130
269 140
251 136
208 117
150 91
85 60
37 31
9 11
13 7
46 21
103 46
167 78
224 113
267 142
269 148
242 130
199 101
146 74
87 50
37 27
7 9
11 1
48 13
105 42
169 82
224 115
259 134
269 140
251 134
207 119
146 91
83 56
35 25
9 7
13 5
46 21
103 46
167 76
224 107
261 130
269 142
250 136
207 117
148 89
83 56
35 29
7 9
13 7
46 19
103 44
167 76
224 109
259 130
269 138
251 134
207 117
146 89
83 56
35 27
9 9
13 7
48 21
103 44
167 76
224 107
259 130
269 140
250 136
207 117
146 87
83 56
35 27
9 11
13 9
50 21
107 48
175 89
226 121
251 126
259 119
246 115
208 111
146 93
82 58
33 21
9 0
17 5
52 29
107 56
169 82
224 105
261 126
269 142
248 140
203 119
142 83
82 48
33 23
9 9
15 9
50 21
107 44
169 76
226 109
261 134
269 142
248 134
203 111
142 83
82 56
33 29
7 9
15 5
50 19
107 48
171 80
226 111
261 130
271 138
248 132
203 115
144 85
82 56
33 27
7 7
15 5
52 21
109 48
169 80
226 107
263 132
271 142
248 138
203 115
142 85
82 56
33 29
11 15
21 19
50 27
99 39
164 62
224 95
263 126
271 140
248 134
201 109
142 80
82 54
33 33
7 15
13 9
52 19
109 46
171 80
224 113
261 130
269 136
246 130
199 111
140 85
80 54
31 25
9 9
15 7
52 23
111 48
173 82
228 111
263 132
269 140
246 134
199 115
138 83
78 52
31 25
7 9
15 7
54 21
111 48
175 82
220 111
263 132
269 140
246 132
201 113
138 83
78 54
29 25
7 7
17 7
54 23
111 52
175 82
230 111
263 132
269 142
246 136
199 115
138 85
80 54
37 37
0 17
5 0
44 0
111 31
179 78
232 119
261 134
267 132
248 125
201 115
138 95
76 60
29 27
7 3
17 5
54 25
111 54
175 82
230 107
261 126
269 138
246 136
197 115
136 82
76 48
29 23
7 9
15 9
54 23
115 48
177 80
230 113
261 132
269 140
246 134
197 113
136 83
76 52
29 25
7 9
17 7
54 23
115 50
171 82
232 113
263 134
267 140
246 132
197 113
134 83
74 50
29 23
7 9
17 9
56 23
115 50
171 82
232 113
265 134
271 144
250 142
203 125
130 87
62 41
21 7
7 0
19 5
56 23
115 46
179 76
236 109
267 136
269 146
244 138
195 113
134 80
72 48
27 25
7 9
17 7
56 19
117 46
181 83
234 117
263 136
267 138
244 130
195 111
134 83
72 52
27 23
7 5
17 7
58 23
117 52
181 83
234 115
265 134
267 140
244 132
195 113
132 82
72 48
27 23
7 7
19 9
58 25
117 52
181 83
234 113
265 134
269 142
242 134
195 111
132 82
72 50
27 25
7 9
19 9
60 25
117 52
183 85
236 117
267 140
273 154
238 136
181 95
123 58
72 35
29 23
7 13
17 7
58 15
123 44
187 91
236 126
265 142
267 140
242 126
193 109
130 83
68 52
23 21
7 1
19 5
60 25
119 54
183 85
236 113
265 132
267 140
240 132
193 113
130 82
62 46
25 19
5 5
21 9
60 27
121 54
183 83
236 115
265 136
267 142
240 132
191 109
130 78
68 46
25 21
7 7
21 9
62 25
121 52
185 85
238 117
267 136
267 140
240 125
189 109
128 80
68 46
25 23
7 9
21 11
64 29
128 62
189 97
230 115
5 123
261 123
240 121
191 107
126 80
66 44
25 15
9 3
23 11
64 33
123 60
185 87
238 113
17 134
265 142
236 130
189 107
128 76
68 44
23 21
5 7
23 9
64 27
123 56
185 87
238 117
17 136
267 140
238 125
187 109
126 78
66 46
23 19
5 5
21 0
64 27
125 56
187 87
234 115
267 134
267 140
240 125
187 109
125 78
66 46
23 21
7 7
21 9
66 27
125 56
187 87
238 115
267 136
267 142
240 134
187 109
125 78
66 46
23 21
7 9
23 15
70 41
119 56
177 70
232 93
269 125
271 146
238 138
183 105
125 68
68 42
25 27
7 17
21 15
66 25
126 50
189 87
238 121
265 138
265 138
236 125
185 103
123 76
64 48
23 21
7 5
21 5
66 25
126 56
189 91
240 119
267 136
267 140
236 130
185 107
123 78
64 44
21 17
5 5
23 9
68 29
128 56
191 89
240 119
267 136
265 140
236 130
185 107
121 76
64 44
21 21
0 7
23 9
68 25
130 58
193 91
242 119
267 138
267 142
238 132
185 111
123 80
70 54
21 27
0 0
13 0
66 11
132 50
193 91
240 119
265 132
267 134
238 128
185 111
121 82
62 48
21 17
7 5
23 11
68 31
128 58
193 87
242 115
267 134
265 140
234 130
183 105
121 74
62 42
21 19
7 7
25 11
70 29
130 58
193 91
242 121
267 136
265 140
234 128
181 105
117 72
60 41
21 17
7 7
25 9
70 27
132 60
195 93
242 121
267 136
265 140
234 128
181 105
119 74
58 42
19 17
7 5
25 11
70 29
134 60
195 93
244 121
269 138
265 142
234 132
187 117
119 85
50 35
7 0
5 0
29 5
74 37
132 64
195 87
246 111
271 136
265 146
232 136
179 107
117 70
58 37
17 17
7 9
25 11
70 27
132 54
197 89
244 123
267 138
263 140
232 126
179 103
115 74
58 42
19 19
7 5
27 9
72 29
134 60
197 93
244 121
267 136
263 138
232 126
179 105
117 74
56 41
17 15
7 5
27 11
72 31
134 60
197 93
244 121
269 138
263 140
232 128
177 103
115 72
58 41
17 19
0 7
27 13
74 33
136 62
199 97
250 128
275 150
259 144
220 119
169 85
113 58
58 39
17 17
5 5
27 5
78 29
138 62
199 101
246 126
267 140
263 138
230 125
177 105
113 76
54 41
17 13
7 1
29 11
74 33
136 62
201 93
248 121
269 138
263 142
230 128
175 103
113 72
54 41
17 15
7 5
29 11
76 33
138 62
199 93
246 121
269 138
263 140
230 126
173 103
113 72
56 41
17 17
7 5
29 11
76 33
138 62
201 93
248 121
269 138
263 140
230 126
173 103
113 72
56 41
17 17
7 5
31 13
80 37
142 68
207 109
246 128
259 126
253 119
226 113
175 101
111 76
52 41
15 7
9 0
33 15
80 42
140 72
201 95
250 119
271 136
261 142
226 130
171 101
111 66
54 35
15 15
7 7
31 13
78 31
140 60
203 95
248 126
269 142
263 140
226 125
171 99
109 68
52 39
15 15
7 5
31 11
80 33
142 64
203 95
250 123
269 138
261 138
226 126
171 101
109 68
52 39
15 15
7 5
31 11
82 35
144 66
205 97
248 123
21 138
261 140
226 126
169 101
107 70
37 31
17 17
5 13
35 23
13 35
7 52
136 80
0 113
271 136
261 140
130 123
171 93
111 66
54 41
15 23
7 11
31 13
82 33
144 64
205 99
240 125
19 126
259 132
158 121
169 99
107 70
50 39
15 13
7 5
33 13
83 37
21 68
205 97
0 125
269 130
259 138
224 125
160 99
105 64
50 37
15 13
9 7
33 15
15 35
21 66
207 99
0 123
269 136
263 138
224 126
160 101
103 68
50 37
15 15
1 7
33 13
3 35
21 66
207 97
1 125
269 138
261 140
224 125
167 99
105 68
52 44
19 29
3 7
21 0
76 11
148 54
210 101
1 132
267 138
259 130
226 119
169 103
103 78
48 41
13 11
7 1
33 11
82 37
15 70
208 99
1 121
269 126
259 138
222 126
167 99
103 66
48 33
5 11
9 5
33 15
83 35
15 66
210 99
1 126
265 138
259 138
222 125
156 97
101 66
46 35
5 13
9 5
35 13
85 37
25 68
210 99
1 126
271 138
257 138
222 125
158 97
101 66
46 35
5 13
9 3
37 15
80 41
25 70
210 101
0 126
271 142
253 142
228 134
166 105
91 60
35 17
1 0
11 0
37 15
78 37
25 64
212 95
5 125
271 146
251 146
220 126
162 95
99 60
44 35
13 15
7 7
31 13
87 33
27 66
210 101
0 128
271 138
257 136
218 121
162 95
99 64
44 35
13 13
9 5
37 15
80 39
27 70
212 101
0 126
269 138
257 136
218 123
162 95
99 62
44 33
13 13
11 7
37 17
89 39
154 68
212 101
255 128
271 140
257 138
218 123
162 95
97 64
44 35
13 13
9 5
39 17
89 39
154 72
214 103
257 130
277 152
257 148
208 117
150 74
95 44
46 29
13 17
9 9
37 9
93 31
158 70
214 109
255 136
269 142
250 134
216 117
160 95
95 66
42 35
11 7
9 0
39 11
91 41
156 74
214 103
255 125
271 138
257 138
216 125
158 95
95 62
42 31
11 11
9 5
39 17
93 41
154 70
212 101
255 126
271 142
255 138
214 123
158 93
95 62
42 33
11 13
9 3
41 15
93 41
156 72
214 103
255 128
271 140
255 138
214 123
158 95
95 62
42 33
11 11
9 7
41 17
97 46
158 85
210 107
246 119
263 125
255 125
216 117
156 93
91 58
41 25
11 5
13 7
42 23
93 48
158 74
216 101
257 128
269 142
255 140
212 119
154 87
93 56
41 31
9 13
9 7
41 15
95 41
160 72
216 105
257 130
271 140
255 136
214 119
154 91
91 58
41 31
11 11
9 5
41 15
97 41
160 72
218 105
255 128
271 140
255 136
212 121
154 93
91 60
41 31
9 11
11 3
42 17
97 42
162 74
218 105
257 128
271 140
255 138
212 121
152 91
91 60
41 33
11 13
13 11
48 29
95 48
150 60
210 82
257 113
273 140
255 142
208 119
152 83
91 52
42 33
11 21
11 15
42 17
97 37
162 72
218 107
255 132
267 138
253 130
212 115
152 91
87 60
39 31
11 11
13 5
42 19
97 44
162 76
220 107
257 126
269 138
253 136
212 119
152 91
89 56
37 27
11 9
11 7
42 19
99 42
164 74
220 105
257 128
271 140
253 136
210 117
150 89
87 58
39 29
9 11
11 7
44 17
99 42
164 76
220 107
259 130
269 140
253 134
210 121
152 95
93 68
41 41
3 9
1 0
39 1
101 33
166 74
220 107
257 128
269 134
255 132
212 123
150 97
85 62
37 29
9 9
13 7
44 21
99 44
164 74
220 103
259 126
269 138
251 136
208 119
148 89
87 56
37 29
9 9
13 5
46 19
103 44
166 78
222 107
259 130
271 140
251 136
207 119
148 89
85 56
35 27
9 9
13 7
46 19
103 44
167 78
224 109
259 130
269 140
251 136
207 117
148 89
83 58
35 27
9 9
15 7
48 21
103 46
167 78
224 109
261 132
271 144
250 138
212 126
150 101
76 54
23 9
3 0
15 0
50 23
103 50
166 74
226 101
263 128
271 148
251 144
205 121
144 85
83 50
35 27
7 13
13 9
48 17
105 41
169 74
224 111
259 134
269 142
250 132
207 113
146 87
82 56
35 29
9 9
13 7
48 21
105 46
169 78
226 111
261 130
269 140
250 134
205 117
144 87
82 54
33 25
7 7
15 7
50 21
107 46
169 80
226 109
261 132
271 142
250 134
205 115
144 87
82 54
33 27
7 9
15 5
50 19
107 46
173 80
230 115
269 144
269 148
238 128
195 99
142 72
82 48
31 27
5 7
13 1
52 15
111 48
173 85
226 117
263 134
269 138
248 132
201 115
140 87
80 54
31 25
7 5
13 3
52 23
109 50
171 80
228 109
261 130
269 142
248 136
203 117
140 85
80 52
31 25
7 9
15 7
52 21
109 46
173 80
228 109
263 132
269 142
248 134
201 115
140 85
80 54
31 27
7 9
17 7
52 23
111 48
173 82
228 111
263 132
269 140
248 134
201 117
140 85
80 52
31 27
9 9
15 7
52 23
113 52
179 93
228 121
251 123
259 119
246 117
203 113
140 89
76 54
31 19
11 1
17 9
54 31
111 56
175 82
220 107
263 130
269 142
246 138
199 113
136 78
76 46
31 23
7 11
15 7
54 21
113 46
175 80
230 113
263 136
269 142
246 134
199 113
138 83
78 52
29 27
7 7
15 5
54 21
113 50
177 83
222 113
13 130
269 140
246 134
199 115
136 83
76 52
29 23
7 7
17 7
54 23
113 50
177 82
224 111
263 132
267 140
244 132
199 115
136 85
76 52
31 27
13 17
23 21
50 25
103 39
171 64
232 101
0 130
267 140
244 132
197 107
138 80
76 52
29 31
7 13
17 7
56 19
115 48
171 83
230 113
11 130
269 136
244 130
197 113
134 83
74 50
29 23
7 7
17 7
56 25
115 50
171 83
232 113
13 132
267 140
236 134
195 111
134 82
72 48
27 23
7 7
19 7
58 23
117 50
179 83
234 113
265 136
267 142
236 134
195 113
134 82
72 50
27 23
7 9
17 9
58 23
117 52
181 83
234 115
15 134
267 142
236 134
195 113
132 83
76 58
33 37
3 11
7 0
50 0
119 37
185 87
236 123
13 134
267 132
246 128
197 117
132 91
70 54
27 21
7 3
19 7
58 29
117 56
181 83
234 109
265 130
267 140
242 134
193 111
125 80
70 46
25 21
7 7
19 9
60 27
119 52
183 83
236 115
265 136
267 142
242 132
193 111
130 80
62 48
25 21
7 7
19 9
60 25
119 52
183 83
236 115
265 134
265 138
242 130
193 111
130 80
62 48
25 21
9 9
21 11
62 27
121 54
183 85
238 117
17 136
269 146
240 142
193 119
121 74
58 33
19 5
1 0
21 7
60 27
119 50
185 80
240 115
269 140
267 148
240 134
191 107
128 76
68 46
23 25
5 7
19 7
62 23
123 52
185 85
236 117
267 136
267 140
240 130
191 111
128 80
68 48
23 21
7 7
21 9
62 27
123 54
185 85
238 115
267 136
267 140
238 130
189 107
126 76
68 44
25 21
7 7
21 9
64 25
123 54
185 87
238 117
267 136
267 140
238 130
189 109
126 80
66 48
23 21
7 7
21 9
64 27
125 54
189 89
240 121
273 148
269 152
230 125
177 85
123 58
68 41
25 25
3 9
19 1
66 19
128 54
189 95
238 126
267 138
267 136
238 126
185 109
125 80
64 46
21 17
5 0
21 5
66 29
126 60
189 89
240 113
269 132
267 142
238 134
185 109
125 76
64 42
23 19
7 7
23 9
66 29
126 54
189 87
240 117
267 136
267 142
238 130
185 107
123 76
64 44
23 19
7 7
23 9
66 29
128 56
191 89
240 119
267 136
265 142
236 130
185 109
123 78
64 46
23 21
7 7
23 11
72 33
136 70
187 93
228 109
259 119
265 126
238 126
183 107
119 72
64 39
25 17
9 9
23 17
68 33
130 58
191 89
240 119
267 138
265 140
236 128
183 103
121 72
62 42
21 19
7 7
23 9
68 27
130 58
193 91
240 121
267 136
265 138
236 128
183 107
121 78
62 44
21 19
7 5
25 9
70 29
130 58
193 91
242 119
267 136
265 140
236 130
183 107
119 76
62 42
21 17
9 7
25 11
70 29
130 56
193 91
242 119
267 136
267 140
236 130
181 107
119 76
62 44
21 21
11 13
31 25
66 35
119 42
185 68
244 105
271 138
265 146
232 128
181 97
121 68
62 46
21 29
7 13
25 9
70 23
130 54
195 91
244 125
267 138
263 136
234 125
181 105
119 76
58 44
19 17
7 3
25 9
70 31
134 62
195 93
244 119
267 134
265 138
232 128
179 107
117 74
58 41
19 17
7 5
25 11
72 29
134 58
197 93
244 121
267 138
263 140
232 128
179 105
117 74
58 41
19 17
7 5
25 9
72 29
134 60
197 93
246 123
269 138
265 140
224 130
181 109
123 83
60 50
11 15
0 0
21 0
3 23
11 60
197 93
244 119
269 132
267 138
234 132
177 111
115 76
56 41
19 13
7 5
27 13
72 31
134 58
199 89
246 119
269 138
263 140
230 126
177 103
113 70
56 39
19 17
9 7
29 13
74 31
136 60
199 93
246 123
269 138
263 140
230 126
177 101
115 72
56 41
17 17
7 5
29 11
76 33
136 62
199 95
248 123
269 138
263 138
228 126
175 103
115 72
56 41
15 15
7 5
29 11
76 33
138 64
201 95
248 123
269 140
263 142
234 134
177 115
105 68
44 21
11 0
9 0
33 17
76 39
136 58
201 85
250 119
271 144
261 150
228 132
175 99
111 66
52 41
15 19
7 7
29 9
76 29
138 60
201 97
248 125
269 138
261 138
228 125
173 101
111 70
54 41
17 17
7 5
29 11
78 33
140 64
201 97
248 123
269 136
263 138
228 126
173 101
111 70
54 39
17 17
7 5
29 13
80 35
140 64
203 97
248 123
269 138
261 140
228 126
171 101
111 70
54 41
15 15
7 5
31 13
80 37
144 68
205 101
255 134
269 146
251 134
218 111
169 85
111 64
52 39
13 13
7 1
33 7
83 35
144 70
205 103
250 126
269 138
261 138
224 126
169 99
107 66
52 35
15 13
7 5
31 11
82 33
144 64
205 97
250 123
271 138
263 140
226 126
171 99
107 68
52 37
15 15
7 5
31 11
82 33
144 64
207 97
250 123
269 138
261 138
224 125
171 99
107 68
50 39
15 15
7 5
31 11
83 35
146 68
205 99
250 123
269 138
261 138
224 126
169 101
105 68
50 39
15 15
9 7
33 15
83 41
152 80
205 105
238 113
261 115
259 121
228 125
169 105
103 68
48 31
17 7
11 7
33 23
83 42
146 66
207 93
251 121
269 140
259 142
222 125
167 93
103 60
48 33
15 15
9 9
33 13
83 33
148 64
207 99
251 126
269 138
261 138
222 123
166 97
103 66
48 35
15 13
9 5
33 13
83 35
150 66
208 99
251 125
269 138
259 138
222 125
166 99
103 66
48 37
13 13
9 5
33 13
83 35
148 64
210 99
253 126
269 138
259 138
222 123
166 99
103 68
50 39
19 23
13 17
29 15
74 23
142 50
208 87
253 125
269 140
257 134
222 119
167 95
103 70
46 42
13 19
9 7
35 11
85 35
150 70
208 103
251 126
269 136
259 134
220 123
164 99
101 66
46 33
13 11
9 5
35 17
85 39
150 68
210 99
253 125
269 138
259 140
220 125
164 97
99 64
46 33
13 13
9 7
37 15
87 37
150 68
210 101
253 126
271 140
257 138
220 123
164 95
99 64
44 35
13 13
9 5
37 15
87 37
152 70
212 101
253 126
271 140
257 140
220 125
162 99
101 72
48 46
5 11
0 0
33 0
89 29
156 74
210 105
253 125
271 132
259 134
220 128
162 105
97 68
44 33
11 7
9 5
37 17
87 41
152 68
212 95
255 123
271 140
257 140
218 123
162 93
97 60
44 33
13 15
9 9
37 15
89 37
154 68
212 101
255 128
269 140
257 136
216 119
160 93
97 64
42 35
11 11
9 5
39 13
91 39
154 72
214 103
255 128
271 140
255 138
216 121
158 93
97 62
44 33
11 13
9 5
39 17
91 41
156 72
214 103
255 128
273 144
263 150
214 128
148 89
85 46
41 17
13 5
11 5
39 17
91 37
158 66
218 101
257 132
271 146
255 138
216 119
158 93
93 64
41 35
9 11
11 1
41 13
93 41
156 72
214 103
255 126
271 138
255 138
214 123
156 93
93 60
41 31
11 11
9 5
41 17
93 42
158 72
214 103
255 128
271 140
255 138
214 119
154 91
93 60
42 33
11 13
9 5
41 17
95 41
158 74
216 105
257 128
271 140
255 138
212 121
154 91
93 62
42 33
11 13
9 5
42 17
97 44
160 76
218 109
263 140
269 150
244 128
203 97
154 72
95 56
41 37
9 13
9 0
44 9
99 42
162 82
216 115
255 130
271 136
253 134
210 123
152 95
89 58
41 27
11 7
11 5
42 19
97 44
162 74
218 103
255 128
269 140
255 138
212 121
152 91
89 58
39 29
11 11
11 7
42 17
97 41
162 72
218 105
257 130
271 140
253 136
212 117
154 91
89 60
39 31
9 11
11 5
44 17
99 44
162 76
220 105
257 128
269 138
253 136
210 121
152 91
89 58
39 31
11 11
13 9
48 27
105 54
156 76
208 93
251 113
269 128
255 134
210 121
150 87
87 50
41 25
13 13
13 13
42 23
99 42
164 72
220 105
257 130
269 142
251 134
208 115
150 87
87 56
37 31
9 11
13 5
44 17
101 42
166 78
220 107
257 128
271 138
253 136
208 119
148 91
87 56
37 27
11 9
11 5
44 17
101 42
166 76
222 107
259 130
271 140
251 136
208 119
150 91
85 56
37 27
9 9
13 7
44 19
101 44
166 76
224 109
259 132
269 142
251 136
208 119
148 91
85 60
37 31
13 19
17 19
41 21
89 27
160 52
224 97
263 134
269 146
250 134
208 109
150 85
87 62
35 37
9 15
13 5
46 13
103 42
167 80
222 113
251 130
269 136
251 132
207 119
146 91
83 58
35 25
9 5
13 7
48 23
105 48
167 76
224 107
259 130
269 142
251 136
207 117
146 87
83 54
33 27
7 9
13 7
50 21
97 46
167 78
224 109
3 132
269 142
250 136
205 117
144 85
83 56
35 29
9 11
13 7
48 19
97 46
169 78
226 109
11 132
271 142
250 136
208 121
152 99
82 64
23 21
0 0
11 0
50 13
107 46
167 78
224 105
263 126
273 140
251 140
205 123
144 89
82 54
33 25
7 9
13 9
48 21
97 44
169 74
226 107
11 132
269 140
250 134
205 115
144 85
80 54
33 29
9 9
15 7
50 19
99 46
171 80
218 111
11 130
269 140
248 132
203 115
142 85
82 56
33 27
7 7
15 5
52 21
109 48
171 80
218 109
13 130
269 140
248 134
201 113
142 85
80 54
31 27
7 9
15 7
52 23
109 48
171 80
220 111
13 134
271 144
253 146
203 125
130 78
62 31
29 5
9 3
17 11
50 25
109 42
173 72
226 109
13 140
269 150
248 138
201 111
140 82
78 54
31 29
7 9
15 3
52 15
111 44
173 82
220 113
13 132
269 138
248 132
201 115
138 85
78 52
31 25
7 7
15 7
52 21
113 48
175 82
220 111
13 132
269 140
240 134
199 113
138 82
78 52
31 27
7 9
15 7
54 21
113 48
175 82
220 113
13 132
269 140
246 134
199 113
138 83
78 52
29 25
7 7
17 9
56 25
115 54
179 87
234 123
259 136
257 132
238 117
199 101
138 80
76 50
27 21
7 3
19 5
58 25
115 56
177 87
230 113
13 130
269 140
236 136
197 113
134 82
76 48
29 23
7 7
15 7
54 23
115 48
177 82
222 113
13 134
253 142
238 134
197 111
132 82
76 50
29 25
7 7
17 7
56 21
115 50
171 82
232 113
13 132
269 140
236 132
197 113
136 83
74 52
29 25
7 7
17 9
56 23
115 52
46 83
232 115
13 132
253 140
238 134
197 109
134 83
74 50
29 23
7 9
0 1
60 31
123 64
50 80
220 97
0 109
265 128
248 136
195 121
132 82
74 41
31 17
11 13
19 19
56 31
117 50
181 80
232 113
261 136
267 142
244 130
195 107
132 78
72 48
27 25
9 9
19 7
58 23
117 50
181 85
234 115
265 136
269 140
242 132
195 111
132 82
72 50
27 23
7 7
19 7
60 25
117 52
181 85
234 115
265 134
267 142
242 132
193 113
132 82
70 50
25 23
9 9
19 9
58 25
119 50
183 85
236 117
265 138
267 142
244 132
195 113
132 83
72 54
33 33
9 17
11 5
48 9
113 35
185 76
238 113
263 134
265 138
244 126
195 111
132 85
70 56
25 23
7 3
21 7
60 27
119 56
183 87
236 113
265 132
267 138
240 132
191 111
130 78
70 46
25 19
7 7
19 9
62 27
121 54
185 85
236 115
267 134
267 140
240 132
191 109
128 78
66 46
25 21
7 7
21 9
62 27
123 54
185 87
236 117
267 136
267 140
240 130
191 109
128 80
68 46
23 21
7 5
21 9
64 27
123 54
185 87
238 117
267 138
267 142
240 132
189 111
132 89
70 58
15 17
0 0
17 0
66 21
126 62
185 91
236 113
267 128
271 138
240 138
189 119
126 82
66 44
23 17
7 7
21 11
64 29
123 52
187 82
238 113
267 136
265 142
238 130
189 107
126 78
66 48
23 23
7 7
23 9
64 25
125 54
187 87
240 117
267 136
267 140
236 128
187 107
126 78
66 48
23 21
7 5
23 9
66 29
126 56
189 87
240 117
267 134
267 140
238 130
187 109
125 78
66 44
23 21
7 7
23 11
66 29
126 58
189 89
240 121
271 142
275 156
234 134
173 97
115 58
64 31
25 15
5 7
21 7
66 21
128 52
191 89
240 121
267 140
267 142
238 128
185 107
123 78
64 46
21 19
5 3
21 7
66 27
128 56
189 91
240 117
267 134
267 140
238 132
185 109
121 76
62 42
23 17
7 7
23 11
68 29
128 56
191 87
240 119
267 136
265 140
236 128
183 105
123 74
64 44
21 21
5 5
15 9
68 29
128 58
191 91
242 119
15 136
267 142
236 130
183 107
121 76
62 44
21 19
0 7
25 11
70 31
5 60
195 95
248 132
13 142
253 126
220 107
183 91
123 76
62 50
19 17
0 0
27 3
9 31
132 68
193 99
240 119
267 130
265 138
234 132
179 109
119 74
62 39
21 13
7 5
23 11
70 29
132 58
195 91
242 119
267 138
265 142
234 130
179 105
119 74
60 42
21 19
7 7
25 9
70 29
132 58
195 91
242 121
267 136
265 140
234 126
181 105
119 74
60 42
21 17
7 5
25 11
70 31
132 60
195 93
244 121
269 136
265 140
234 128
181 105
117 74
60 42
19 17
9 9
33 21
74 41
126 58
185 78
240 105
269 128
265 138
232 128
177 101
117 68
60 41
21 21
7 13
27 17
72 29
132 58
197 93
244 123
267 138
263 138
232 125
179 101
115 74
56 42
19 19
7 5
27 11
72 31
9 62
197 93
244 121
19 136
265 140
224 128
177 105
113 70
58 39
19 17
0 7
27 11
74 31
136 60
199 93
246 123
267 138
263 140
232 126
177 103
115 72
56 42
17 17
7 5
27 11
74 31
134 60
201 95
248 123
269 140
263 140
232 128
177 105
115 76
56 44
23 27
9 17
19 7
62 11
132 39
203 87
250 128
267 142
259 132
232 119
181 101
115 80
56 50
17 19
0 3
29 7
74 33
136 66
199 95
246 119
269 132
263 136
230 128
175 105
113 72
56 39
17 13
7 7
29 13
76 33
138 62
199 93
248 123
269 140
255 140
228 126
173 101
113 68
46 39
15 13
7 3
31 11
78 33
140 64
193 95
248 123
21 138
263 142
228 126
173 103
111 70
54 41
15 15
0 5
29 11
78 33
5 64
203 95
248 123
21 140
255 142
232 132
179 111
107 74
42 29
7 0
7 0
33 7
62 35
5 62
201 89
0 119
271 140
255 146
164 132
158 103
109 68
46 39
15 17
5 0
29 11
78 29
17 60
203 95
240 125
21 130
261 138
226 123
171 99
111 72
48 33
15 17
0 3
31 11
1 35
15 66
203 97
240 123
21 128
261 138
226 126
169 101
93 68
52 37
15 15
0 5
31 13
1 35
17 64
205 95
250 123
269 138
259 138
226 126
171 101
107 70
50 39
15 15
9 7
33 15
82 37
144 66
205 99
250 126
271 146
267 154
222 132
158 85
97 42
50 21
17 15
9 13
29 13
80 27
146 58
208 99
250 132
271 146
261 140
224 121
167 97
107 68
50 41
13 15
7 1
31 7
82 33
146 68
205 101
250 123
271 138
261 138
224 126
167 99
105 66
50 37
15 13
7 7
33 15
83 35
148 66
207 97
250 125
269 140
259 140
224 125
167 97
105 64
50 39
15 17
7 7
33 13
83 35
148 68
207 99
251 125
269 138
261 138
224 125
167 99
105 66
48 37
13 13
9 7
35 17
85 41
154 76
212 111
244 123
7 125
255 123
224 115
160 97
101 66
46 33
15 9
11 5
37 19
85 42
148 72
208 99
251 123
269 138
259 140
220 123
166 97
101 62
46 33
13 13
9 7
35 13
85 35
148 68
208 99
251 126
269 140
259 138
222 123
164 97
101 64
46 35
13 13
9 5
35 13
85 37
150 68
208 99
251 125
269 138
259 138
222 125
164 99
101 64
46 35
13 13
9 7
35 15
85 37
150 66
210 99
253 126
271 140
259 138
220 123
164 97
101 66
46 37
13 15
9 9
41 23
91 48
142 64
199 80
248 103
273 130
261 144
220 128
160 93
101 56
48 31
15 21
9 17
35 19
87 33
152 64
210 103
251 132
269 142
257 134
218 117
162 93
99 66
44 35
13 11
11 3
37 13
87 39
152 70
212 103
253 126
269 138
255 136
218 123
162 97
97 64
44 33
13 13
9 7
37 15
89 39
152 70
212 101
255 126
271 140
257 138
220 123
160 95
97 64
42 33
11 13
11 7
37 17
89 37
154 68
214 103
255 128
271 142
257 138
218 123
162 97
99 70
48 44
9 17
0 0
29 0
89 25
156 64
214 103
253 126
269 136
257 134
220 123
160 101
95 68
42 35
11 9
11 3
39 17
91 42
154 70
212 99
255 123
269 138
255 138
214 123
158 93
95 60
42 33
11 13
9 9
41 17
93 39
156 70
214 103
255 130
269 140
255 136
216 119
158 91
95 62
42 31
11 11
11 7
39 15
93 41
156 72
216 103
257 128
269 140
255 138
214 121
156 95
93 62
42 33
11 11
11 7
41 17
95 41
158 72
216 105
257 128
269 140
255 138
216 125
164 107
93 70
29 21
1 0
9 0
44 15
95 48
156 76
214 95
259 121
273 142
257 148
212 130
156 93
93 54
41 29
9 13
9 9
41 17
95 37
160 68
216 103
257 130
271 142
253 134
214 117
156 93
91 62
41 33
9 13
9 5
42 15
95 41
158 74
214 103
257 126
271 140
255 138
212 121
154 93
91 60
41 31
11 11
11 5
42 17
97 42
160 74
216 105
257 128
271 138
255 138
212 121
152 91
91 60
41 31
11 11
11 5
42 17
97 42
162 74
220 107
263 138
275 150
248 136
201 105
130 74
91 48
41 29
9 11
9 3
44 9
101 39
164 78
218 113
0 134
251 140
253 126
210 119
150 93
87 60
39 29
9 7
11 3
42 15
99 42
164 76
220 107
259 128
271 140
253 138
210 121
150 91
87 56
39 29
9 13
11 9
42 19
99 41
164 74
220 107
257 130
271 140
253 136
210 119
150 89
87 58
37 29
9 9
13 7
44 19
101 44
164 78
220 109
259 130
271 140
253 136
210 119
150 91
87 56
37 29
11 11
13 9
46 21
101 46
169 83
226 119
251 126
257 121
248 115
210 111
152 95
85 62
35 25
11 1
15 3
48 25
101 54
166 80
222 105
259 126
269 138
251 138
207 119
148 85
85 50
37 25
9 13
13 11
46 21
103 42
166 76
222 109
259 132
269 142
251 136
208 117
148 87
83 56
35 29
9 9
13 5
46 17
103 44
167 78
222 109
259 130
269 138
251 134
208 119
148 91
85 58
35 29
9 9
15 7
48 21
105 44
167 76
224 107
259 130
269 140
251 134
207 119
148 89
83 56
35 29
13 13
21 19
46 27
93 39
158 60
222 93
261 125
269 140
250 136
205 113
148 83
85 56
37 35
9 17
13 9
48 19
105 42
169 78
224 111
259 132
269 136
250 130
205 113
144 87
82 56
33 27
9 9
13 7
48 21
105 46
167 76
226 107
261 132
269 142
250 136
205 117
144 87
82 56
33 27
9 9
13 7
50 21
107 46
169 76
226 109
261 132
269 142
248 134
203 117
144 87
82 54
33 27
7 7
15 5
50 19
109 48
171 80
228 111
261 132
269 142
250 136
205 119
144 89
83 60
39 41
7 17
3 0
41 0
107 29
175 78
228 117
259 134
269 134
250 128
207 117
144 97
80 64
31 27
7 1
15 1
52 23
107 52
169 80
226 105
263 126
269 140
248 138
201 117
142 85
80 50
31 25
7 9
15 9
52 21
111 46
173 78
228 109
261 134
269 142
248 132
201 113
140 83
78 52
31 25
9 7
17 7
52 23
111 48
173 82
228 111
263 132
269 140
248 134
201 113
140 83
80 52
31 27
7 9
17 7
54 21
111 48
46 82
220 113
13 134
271 144
251 144
203 125
125 83
68 41
25 7
7 0
17 5
46 23
109 46
175 68
232 109
15 136
269 148
246 138
199 113
138 82
78 52
21 29
5 11
13 5
54 17
109 46
50 82
220 113
13 132
253 138
246 134
199 115
138 85
76 54
31 25
7 7
17 7
54 23
109 50
177 82
222 111
13 132
253 140
238 134
199 113
136 83
76 50
29 25
7 9
17 7
54 23
48 50
177 82
222 111
13 132
253 142
175 134
197 115
136 83
76 52
29 27
7 11
1 9
56 23
48 50
46 83
232 115
19 142
265 154
238 125
185 93
130 60
78 42
31 29
7 13
15 5
48 13
119 46
56 89
232 125
13 138
251 136
244 125
197 113
132 85
72 54
27 21
7 1
17 3
48 23
48 52
46 83
234 111
15 130
269 142
236 136
195 113
132 82
72 46
29 23
7 9
17 9
56 23
117 48
181 82
234 115
5 134
267 140
236 130
195 111
134 82
74 52
27 25
7 7
19 9
58 25
117 52
181 85
234 115
265 132
267 138
244 132
195 113
132 80
72 48
29 23
9 9
15 11
60 29
126 64
181 93
224 109
255 119
265 126
244 126
195 111
130 80
62 44
27 19
11 7
21 15
60 33
119 54
183 83
236 113
255 136
265 142
240 132
193 107
130 78
70 48
25 23
7 7
19 9
60 25
119 52
183 85
236 117
265 136
267 140
242 132
193 111
130 80
62 48
25 21
7 7
21 9
60 27
119 54
183 83
236 115
265 134
267 140
242 132
193 111
130 82
68 48
25 21
7 7
19 9
60 27
121 52
183 83
238 115
265 136
267 142
240 132
191 111
130 80
62 48
25 23
9 11
27 21
60 33
109 42
175 62
236 97
269 134
269 148
240 132
189 101
128 70
72 48
27 33
7 17
19 11
62 21
121 50
185 87
236 119
265 136
265 136
238 125
189 107
128 82
68 50
17 21
7 5
21 0
64 29
123 56
187 87
234 117
17 134
267 140
234 125
189 111
126 80
62 48
15 21
7 7
21 9
64 27
123 54
187 87
234 117
17 136
267 140
234 128
189 109
126 80
62 48
15 21
7 7
21 9
64 27
125 58
187 89
238 119
267 136
267 142
240 134
189 113
130 87
70 54
15 19
0 0
17 0
66 15
126 54
187 87
234 113
17 130
269 138
240 134
187 115
125 82
66 46
15 19
5 3
15 9
64 29
125 56
187 83
238 111
19 136
267 142
234 125
187 109
125 74
64 44
21 21
0 7
23 9
62 27
126 56
189 89
240 119
17 136
267 140
234 128
185 107
123 76
62 44
23 21
7 7
23 9
62 29
126 56
125 89
240 119
17 136
267 140
236 130
185 107
123 76
64 44
23 19
7 7
23 9
1 27
3 58
191 91
242 121
19 140
267 144
234 140
187 119
115 74
52 27
17 0
1 0
25 13
68 33
126 56
187 83
236 115
21 142
265 152
236 136
183 105
121 70
62 44
21 23
5 9
23 7
68 23
130 54
191 91
240 121
17 136
265 138
236 128
183 107
121 78
62 44
21 17
0 5
23 11
70 31
5 60
193 89
242 117
17 134
265 140
234 130
173 105
119 74
62 42
5 21
0 7
25 11
70 29
132 60
193 91
242 119
15 136
267 142
236 130
173 107
119 74
62 44
21 19
0 7
25 11
70 29
132 60
197 95
1 132
265 142
250 125
224 113
171 89
119 68
60 44
19 19
5 3
19 5
74 29
134 64
197 99
244 123
17 136
265 138
234 130
171 107
117 74
58 41
19 13
7 3
25 9
72 31
9 60
197 91
244 119
15 136
265 140
234 130
171 105
115 64
58 41
21 19
0 9
25 11
72 29
134 60
197 93
244 121
17 138
263 138
232 126
179 103
117 74
58 42
19 17
0 5
27 11
72 31
134 60
197 95
244 121
19 136
265 138
232 128
179 105
115 72
58 41
19 17
1 9
27 15
76 35
142 74
197 101
234 111
251 115
263 123
236 126
177 109
113 74
56 33
21 9
11 9
29 21
72 41
134 60
197 87
246 117
267 138
263 142
230 128
177 99
115 68
56 39
17 19
0 9
27 11
74 29
136 58
199 95
246 123
269 138
263 138
230 125
177 103
113 72
56 41
17 17
0 5
29 11
74 33
136 62
199 93
246 121
269 136
263 140
230 128
175 95
113 72
56 39
17 17
0 5
29 11
76 31
138 62
201 95
248 123
19 140
255 140
230 126
175 95
111 74
56 42
23 25
13 17
23 13
64 19
5 44
201 82
0 121
269 140
253 136
228 121
179 99
115 76
54 48
15 21
7 5
29 9
76 31
138 64
201 97
248 123
269 134
261 134
228 125
173 103
111 70
54 37
17 13
9 5
31 15
78 35
140 64
203 95
248 123
269 138
261 140
226 126
173 101
111 70
52 41
17 15
7 5
31 13
78 33
140 64
203 95
250 123
269 140
261 140
226 126
173 101
109 70
52 39
15 15
9 5
33 13
80 37
142 66
203 95
250 125
271 138
263 140
226 126
171 101
115 76
58 52
9 17
0 0
25 0
82 23
146 68
203 103
248 121
271 130
265 136
228 132
171 111
107 74
50 35
15 9
7 5
31 17
80 37
142 62
205 91
250 121
269 138
261 142
224 126
171 99
109 66
52 39
15 17
7 7
31 13
82 33
144 64
205 97
250 125
269 138
261 136
224 123
167 99
107 68
52 39
15 15
7 5
33 13
82 35
144 68
205 97
250 123
271 136
261 138
224 125
169 99
105 66
50 37
15 15
9 7
33 13
83 37
146 68
207 99
251 126
273 144
267 150
224 132
158 93
95 50
46 21
17 9
9 5
31 13
82 31
148 60
208 97
253 130
271 146
259 144
222 125
167 97
103 66
48 39
13 15
7 3
33 9
83 33
146 66
207 99
251 125
271 138
259 138
222 125
166 99
103 68
48 37
13 15
7 5
33 13
83 35
148 66
208 99
251 125
269 138
259 138
222 125
158 99
103 66
48 37
5 13
7 5
33 11
85 33
148 66
210 101
251 128
271 140
259 138
222 125
166 99
101 66
48 37
13 13
9 7
35 15
87 39
150 70
210 105
259 138
267 146
248 126
212 101
164 80
105 64
48 41
11 15
7 0
37 5
89 39
152 78
210 111
251 126
269 134
259 136
220 126
162 101
99 64
44 29
11 5
9 3
37 17
85 39
152 68
210 97
253 125
269 140
259 140
220 125
164 95
99 60
46 33
13 15
9 7
37 13
87 35
152 66
212 101
253 128
269 140
259 136
218 121
162 95
99 66
44 35
13 13
9 7
37 15
87 39
152 70
212 101
255 126
269 138
259 138
218 123
162 95
99 62
46 35
15 15
11 11
42 23
93 50
146 70
201 89
248 109
269 128
257 134
216 123
160 91
97 58
46 31
15 15
11 13
39 21
89 39
154 68
212 101
253 128
269 140
255 136
216 119
160 91
97 62
44 35
11 11
11 5
39 15
91 39
154 70
212 103
255 128
269 138
255 136
218 121
160 95
95 64
42 33
11 9
11 5
39 17
91 41
154 68
214 99
257 126
271 142
255 138
216 123
160 93
97 62
42 33
11 13
9 7
39 15
91 39
156 70
214 103
255 128
271 142
255 138
216 123
158 95
95 64
42 35
15 21
15 19
33 15
80 19
150 46
216 93
259 132
271 148
253 134
216 113
162 91
97 68
42 42
9 17
9 3
41 11
93 39
156 76
214 105
255 125
269 134
255 134
214 121
156 95
95 64
42 31
11 9
9 5
41 17
95 42
158 74
214 103
257 126
271 142
255 138
214 121
156 91
93 60
41 31
11 11
11 5
41 15
95 39
158 72
216 105
257 130
271 142
255 138
214 121
156 93
91 62
41 31
9 11
11 7
42 19
97 42
160 74
216 105
257 128
271 142
255 140
216 126
162 103
91 68
31 25
1 0
7 0
44 9
97 41
158 74
216 101
259 123
273 140
255 144
212 126
154 93
91 58
41 31
11 13
11 9
42 19
95 41
162 70
218 103
257 130
271 140
253 136
212 119
152 91
91 60
39 33
9 11
11 5
42 15
99 41
162 74
218 105
257 128
271 138
253 134
210 117
154 91
91 60
39 31
9 11
11 5
44 19
99 44
164 76
218 105
257 126
269 138
253 136
210 121
150 89
89 58
39 31
9 13
11 9
44 19
99 44
164 76
220 107
257 130
271 142
261 150
210 128
140 80
78 35
37 11
13 9
13 13
42 21
99 37
166 68
222 107
259 138
269 150
251 136
210 115
150 87
87 60
37 33
9 11
11 1
44 13
101 41
166 78
220 109
259 128
271 138
253 136
210 121
150 93
87 60
37 29
9 9
11 7
44 19
101 44
166 74
222 105
259 128
269 140
251 136
208 119
148 89
85 56
37 29
9 11
13 7
44 17
101 42
166 76
222 109
259 132
269 140
251 136
208 117
148 89
85 58
37 29
9 11
13 7
46 21
105 48
171 85
226 117
253 130
259 128
246 119
208 107
148 87
83 58
33 25
9 5
15 3
48 21
105 50
167 82
224 109
259 128
269 140
250 138
207 119
144 87
83 52
35 23
9 7
13 7
46 19
103 42
169 76
224 107
261 132
269 142
250 134
207 117
144 87
83 54
35 29
9 11
13 7
46 17
105 44
169 78
226 111
261 132
269 140
250 134
205 115
146 89
83 58
33 27
9 7
15 5
48 21
105 46
169 78
226 109
261 130
269 140
250 134
205 117
146 87
83 58
35 29
9 11
15 9
54 29
111 60
164 78
214 89
255 109
271 130
251 138
203 121
142 83
82 46
35 23
11 15
15 17
50 27
105 44
169 72
228 107
261 136
269 144
248 132
203 109
144 83
82 56
33 31
7 9
15 5
50 19
107 46
171 80
228 113
261 132
269 140
248 134
203 117
142 87
80 54
31 25
7 7
13 5
50 21
109 48
171 80
228 111
261 132
269 142
248 134
203 115
142 85
80 54
33 27
9 9
15 7
52 21
111 48
171 80
228 111
263 132
269 142
248 134
203 115
142 87
82 58
39 37
7 15
5 0
42 5
107 35
175 74
230 111
261 132
269 136
250 130
203 115
142 91
80 60
31 27
7 7
15 5
52 23
111 50
173 82
228 107
263 128
269 138
248 134
201 115
140 85
78 50
29 25
7 9
17 9
54 25
111 48
173 80
230 109
263 132
269 142
246 134
199 113
138 83
78 50
31 25
7 9
15 7
54 21
113 48
175 82
230 111
263 132
269 142
246 134
199 113
138 83
76 50
31 25
9 9
17 9
54 23
113 50
175 83
230 113
263 134
271 142
246 136
201 117
142 95
76 60
19 15
0 0
15 0
58 19
115 56
175 83
228 105
265 125
273 142
246 142
197 121
136 83
76 46
29 23
5 11
15 9
56 23
115 46
177 78
232 111
263 136
269 142
246 132
197 111
134 82
76 52
29 27
7 9
17 5
56 21
115 50
179 85
232 115
263 132
269 140
244 130
197 113
136 83
74 52
29 23
7 7
17 7
56 25
115 52
179 83
232 113
263 132
269 140
244 134
195 113
134 82
74 50
29 23
7 9
17 9
56 23
117 52
181 85
234 117
269 142
273 152
238 134
185 101
126 66
74 39
29 21
5 9
17 5
58 19
121 48
183 87
234 121
263 138
269 140
244 130
195 113
130 83
70 50
27 21
7 3
17 5
58 23
117 52
181 83
236 113
265 134
267 142
242 134
195 113
132 82
72 48
27 21
7 7
19 7
58 23
119 50
183 83
234 115
265 134
267 140
242 132
193 111
130 80
70 48
27 23
7 9
19 9
58 23
119 52
183 85
236 117
265 136
267 140
242 132
193 111
130 82
70 48
25 21
7 7
21 9
60 27
121 54
189 95
240 128
257 132
255 121
236 109
195 101
132 85
68 54
23 17
7 0
23 5
64 33
121 64
183 91
236 113
265 130
265 140
240 136
191 113
128 78
68 42
25 17
7 7
21 11
62 27
121 52
185 83
236 115
265 138
267 142
240 132
191 107
130 78
70 48
23 23
7 9
21 7
62 25
123 52
185 87
236 117
265 134
267 138
240 128
191 109
128 82
68 48
23 21
7 5
21 9
62 29
123 56
185 87
238 115
267 136
267 142
238 132
189 109
130 80
68 48
23 23
9 13
29 23
62 35
113 48
177 70
236 101
269 128
267 142
236 130
189 103
128 74
70 46
25 27
7 13
21 13
64 25
123 52
187 87
238 119
265 136
265 138
238 126
189 107
126 80
66 48
23 21
7 5
21 7
64 27
125 56
189 89
240 117
267 134
267 140
238 130
187 109
125 78
66 44
23 19
5 5
21 9
64 27
126 56
189 89
240 119
267 136
267 140
238 132
187 109
125 78
64 46
21 21
7 7
23 9
66 29
126 56
189 89
240 119
269 136
267 142
238 130
187 109
125 78
66 48
27 31
3 11
13 0
58 5
126 42
193 89
242 125
267 138
265 136
238 125
187 109
125 85
64 52
21 21
5 1
23 7
66 31
126 62
189 89
240 115
267 132
267 138
236 132
183 109
123 76
64 41
21 17
7 9
23 13
68 29
128 56
191 87
240 119
267 138
265 142
236 128
183 103
121 74
62 44
21 21
7 7
23 9
70 29
130 58
193 91
240 119
267 136
265 140
236 128
181 105
123 76
62 44
21 19
5 5
23 9
70 29
132 60
193 91
242 119
269 138
267 144
242 138
185 117
113 76
50 31
15 1
7 0
25 7
68 31
130 56
193 85
244 117
269 140
265 146
234 132
183 105
121 74
62 44
19 21
5 7
23 9
70 27
132 56
193 91
242 121
267 136
265 138
234 128
181 107
119 76
60 42
21 17
7 5
25 9
70 29
132 58
195 91
242 117
267 134
265 140
234 130
181 105
117 72
60 41
21 19
0 9
25 11
70 29
9 58
195 91
244 119
17 136
265 140
234 130
171 105
117 74
58 42
21 19
0 7
25 13
72 31
9 60
197 91
246 123
25 148
265 154
224 126
160 85
111 52
60 33
23 23
7 13
23 7
72 21
138 56
201 99
244 130
17 142
255 136
232 125
179 105
115 76
56 44
17 15
5 1
17 7
72 29
11 62
199 95
246 121
19 136
263 140
232 130
177 107
115 74
56 39
17 15
7 5
27 11
74 29
136 58
199 91
246 121
267 138
263 140
232 126
177 103
115 72
56 42
17 17
7 5
29 11
76 33
136 62
199 95
246 121
269 138
263 140
232 128
177 105
115 72
56 41
17 17
7 7
29 15
78 37
144 74
199 101
236 115
261 121
261 125
232 121
175 103
111 70
54 33
19 9
11 7
31 19
76 39
138 64
201 93
248 121
19 140
253 142
166 126
171 99
111 68
46 39
17 15
0 7
29 11
76 31
13 62
201 95
248 123
19 140
255 138
228 125
173 93
111 72
54 41
17 17
0 5
29 11
78 33
5 64
201 95
248 123
19 138
261 138
228 126
171 95
111 72
54 39
17 13
9 5
31 13
78 35
140 64
201 95
248 121
269 138
261 138
228 126
173 103
111 72
54 41
17 17
9 11
37 27
78 42
128 52
193 72
248 105
273 138
263 146
226 126
171 93
113 64
56 41
17 25
7 13
31 13
78 27
142 60
203 97
248 126
269 138
261 134
226 121
171 99
109 72
52 41
15 13
7 3
31 11
80 35
142 68
203 97
250 123
269 136
261 138
226 126
171 101
107 68
52 37
15 13
7 3
33 13
82 37
144 66
203 95
250 123
271 138
263 140
226 126
171 99
109 68
52 37
15 15
7 5
33 13
82 35
144 66
205 97
250 125
269 140
261 140
226 126
171 101
113 76
54 46
9 15
0 0
27 0
82 25
146 64
205 99
250 123
271 134
263 136
226 128
169 107
107 72
50 37
13 13
7 5
31 15
82 35
144 62
205 95
250 123
269 138
261 140
224 125
167 97
105 66
50 37
15 17
7 7
31 13
83 35
146 66
207 99
250 125
271 138
259 138
224 125
167 99
105 68
50 37
15 15
9 5
33 13
83 37
146 68
207 99
250 125
269 138
259 138
222 123
167 99
105 68
48 37
13 15
9 5
33 15
85 37
150 70
208 101
251 126
271 140
261 140
228 136
169 111
95 64
37 15
7 0
11 0
37 19
85 42
148 64
208 91
253 121
271 144
261 148
222 130
166 97
101 60
48 35
13 17
7 9
33 13
85 31
150 62
208 99
251 128
271 140
259 136
222 123
164 99
101 68
48 37
13 15
9 5
35 13
85 37
150 68
210 99
253 126
269 138
259 138
222 125
166 97
101 66
46 35
13 15
9 5
35 15
87 37
152 68
210 101
253 126
269 138
259 138
220 125
164 97
101 66
46 35
13 13
9 5
37 13
87 37
29 72
214 107
261 138
267 144
248 128
212 105
162 82
101 60
44 35
11 11
9 1
39 11
91 39
154 76
212 107
253 126
269 138
257 136
218 125
162 99
97 62
44 29
11 5
9 3
37 17
87 39
152 68
212 99
255 126
269 140
257 140
218 123
162 95
97 62
44 33
13 13
9 7
37 17
89 39
154 68
212 101
253 126
271 138
257 138
218 123
160 95
97 64
44 33
13 13
9 7
37 15
89 39
154 70
212 103
255 128
269 140
255 138
218 123
160 95
97 64
42 35
13 13
11 7
39 17
93 42
160 83
212 109
244 115
261 117
255 121
220 121
158 101
95 62
42 27
13 7
13 9
41 25
91 46
154 70
214 99
255 125
269 142
255 140
216 121
158 89
95 56
42 31
11 13
11 7
41 15
91 39
156 70
214 105
255 130
271 140
255 134
216 119
158 95
95 64
42 33
11 11
11 3
41 17
93 41
156 72
214 103
255 126
269 138
255 138
214 123
156 95
93 62
41 31
11 11
9 5
41 17
95 42
158 72
216 103
255 126
269 140
255 138
216 123
156 97
93 64
42 35
15 21
15 17
35 17
83 27
152 54
216 91
259 126
269 142
253 136
214 115
158 89
95 64
41 39
9 15
11 5
42 15
95 42
158 76
214 105
257 126
271 136
255 136
212 121
154 93
91 60
41 29
11 9
11 7
42 19
97 44
160 74
216 103
257 128
271 142
253 138
212 119
154 89
91 58
39 29
11 11
11 5
42 17
97 42
162 74
218 105
257 130
271 142
255 136
212 119
152 91
91 60
39 31
9 11
11 5
42 17
97 42
162 76
218 107
257 130
271 142
253 136
212 121
154 93
95 70
42 46
1 11
0 0
39 0
101 33
166 80
218 111
255 125
271 130
257 134
212 126
152 101
87 64
39 27
11 5
11 5
42 21
99 44
162 72
220 101
259 125
271 140
253 138
210 119
152 89
89 58
39 31
9 13
11 7
44 19
99 42
164 74
220 107
257 128
271 140
253 136
210 119
150 89
87 58
39 29
11 11
11 7
44 17
101 42
166 76
220 107
257 128
271 140
253 136
210 119
150 89
87 58
37 29
9 11
13 9
44 19
39 44
41 76
222 107
9 132
273 146
259 148
140 125
130 82
78 33
31 13
11 3
13 7
44 17
101 39
42 70
224 109
3 136
255 146
251 138
208 117
146 87
83 58
35 33
1 11
11 3
44 15
103 42
167 78
222 109
1 130
269 138
251 134
208 119
148 91
83 56
35 27
9 9
13 7
46 19
95 44
167 76
224 109
1 132
265 140
251 136
208 117
146 89
83 56
35 29
9 11
13 5
48 19
105 46
167 80
224 109
261 132
269 140
251 136
207 119
146 89
83 56
35 27
9 9
13 7
48 21
105 46
171 82
226 115
265 146
267 148
240 123
197 93
146 74
85 56
35 33
7 9
13 1
50 13
107 48
171 89
224 117
259 132
269 136
250 132
205 119
144 91
80 52
31 21
7 3
15 7
50 25
105 48
169 76
226 107
261 130
269 144
248 138
205 117
144 85
82 54
33 27
7 11
15 7
50 21
107 44
169 78
226 111
261 134
269 142
250 134
203 115
142 87
80 54
33 25
9 9
15 9
50 21
107 48
171 80
228 111
261 132
269 142
248 134
203 115
144 85
82 56
33 29
9 11
17 9
58 31
111 58
164 80
216 97
257 115
271 130
250 132
201 115
140 82
80 48
35 25
11 13
15 15
50 27
109 48
173 78
228 111
261 136
267 142
246 132
201 111
142 83
80 54
31 27
7 9
17 5
52 21
109 48
173 82
228 111
263 132
269 138
248 132
201 115
142 87
80 54
31 25
7 7
15 7
52 21
111 48
173 80
228 109
261 130
269 138
248 136
201 115
140 85
78 52
31 27
7 9
15 7
54 23
111 48
173 80
230 111
263 132
269 140
248 134
201 115
140 85
78 54
31 27
11 17
19 21
46 19
99 27
169 56
234 103
267 138
269 146
244 130
201 105
142 82
80 58
29 35
5 13
15 1
56 15
113 48
175 85
228 113
261 130
269 136
246 130
197 115
136 85
76 52
29 23
7 7
17 9
54 25
113 52
175 82
230 111
263 132
269 142
246 134
197 113
136 82
76 48
29 23
7 7
17 7
56 23
115 50
177 82
232 113
263 132
269 140
246 134
197 113
136 82
74 50
29 23
7 7
17 7
56 23
115 50
179 83
232 113
265 134
269 142
246 136
199 119
140 91
72 54
19 17
0 0
15 0
58 17
117 50
177 83
232 111
265 130
271 142
246 140
197 119
134 83
74 48
29 21
7 9
17 9
56 23
115 48
179 80
232 113
263 134
267 142
244 132
197 111
134 82
74 52
27 27
7 9
17 7
58 23
117 50
179 85
232 115
263 134
269 140
244 132
195 113
132 82
72 50
27 23
7 7
17 7
58 25
117 54
181 85
234 115
263 132
267 140
244 132
195 111
132 82
72 50
27 23
7 7
19 9
60 25
119 54
183 85
234 115
265 134
271 144
248 146
191 117
121 68
62 25
25 7
11 9
21 15
56 27
119 44
183 78
238 117
267 144
267 150
242 134
193 107
130 78
70 50
25 27
5 7
19 5
60 19
119 50
183 87
234 117
265 132
267 136
244 130
193 113
130 83
70 48
27 21
7 7
19 7
60 25
119 52
183 83
236 115
265 134
267 140
242 132
191 109
130 80
68 48
25 21
7 7
21 9
60 25
123 52
185 85
236 117
265 136
267 140
242 132
191 111
130 82
68 48
25 21
7 9
21 9
62 25
123 54
191 93
240 126
259 134
255 126
236 115
193 101
128 78
66 48
21 17
0 1
23 5
64 29
123 60
185 89
238 115
267 132
265 140
238 132
189 111
126 76
66 42
23 17
5 5
23 11
64 29
123 54
185 85
238 117
267 138
267 142
238 132
189 109
126 78
66 46
23 21
5 7
21 7
64 25
125 54
187 89
238 119
267 136
267 140
240 130
189 109
125 78
66 46
23 19
7 7
21 11
64 29
125 54
187 87
240 117
267 136
267 142
238 130
189 109
126 78
66 46
23 21
7 7
23 11
70 37
128 68
179 83
228 95
263 115
269 134
240 136
185 111
125 72
66 37
25 17
9 15
23 21
66 33
126 52
189 83
240 117
265 140
265 142
236 126
185 101
125 72
64 46
23 23
5 7
23 7
66 27
126 56
189 91
240 121
267 136
265 138
238 128
185 107
123 78
64 46
21 19
7 5
23 9
68 29
126 58
189 87
240 115
267 134
267 142
236 130
183 107
123 76
64 44
21 19
7 7
23 11
68 29
128 58
191 91
240 117
267 136
267 140
238 132
185 109
123 80
66 50
27 31
3 13
13 1
58 11
126 42
193 85
242 119
15 136
265 134
234 125
185 107
123 82
64 50
21 21
5 3
17 9
70 31
0 62
191 91
240 115
17 130
265 138
236 132
181 107
119 74
64 41
21 17
0 7
25 13
70 31
130 56
193 89
242 119
15 138
265 140
236 130
181 105
119 74
60 41
21 19
0 7
25 11
70 29
130 58
195 93
242 121
267 138
265 140
234 128
181 105
119 74
60 42
21 19
0 7
25 11
70 29
132 58
195 91
244 121
269 138
265 142
234 130
183 111
125 87
58 48
9 5
0 0
25 0
74 29
134 68
193 93
242 113
271 128
267 142
234 138
179 113
115 74
58 37
19 15
5 7
25 13
70 29
132 54
195 87
242 119
267 138
265 140
232 126
181 103
117 74
58 44
19 19
7 5
25 7
72 29
134 62
197 95
244 121
269 136
265 138
232 128
179 105
115 74
58 41
19 17
7 7
27 11
72 31
134 62
197 93
244 119
267 136
265 142
232 130
177 107
115 72
58 41
19 17
7 7
27 13
74 31
136 60
199 95
248 125
25 148
267 150
187 126
160 87
109 54
56 31
19 17
7 9
25 9
74 25
138 58
201 97
248 130
269 144
263 140
230 125
177 103
113 74
54 41
17 13
7 1
27 7
74 29
136 62
199 93
246 121
269 136
263 140
230 128
177 103
113 72
56 39
17 15
7 5
27 11
74 31
138 60
201 95
246 123
269 138
263 140
230 126
175 103
115 72
54 41
17 17
7 5
29 11
76 33
138 62
201 95
246 123
269 138
263 138
230 126
175 103
111 72
54 41
17 17
7 5
29 11
78 35
140 64
207 107
250 134
259 134
251 119
224 107
177 95
113 76
52 42
15 9
9 0
33 11
80 41
140 74
201 99
248 119
269 134
261 140
226 130
171 103
109 66
52 33
15 11
9 7
31 17
78 35
140 60
203 93
250 125
269 140
261 142
228 125
173 99
109 70
52 41
15 17
7 5
31 11
80 33
142 64
203 97
250 125
269 138
261 138
226 125
171 101
111 72
52 41
15 15
7 5
33 13
80 35
140 64
203 95
250 123
271 138
261 140
226 126
171 101
109 70
52 41
15 17
11 11
41 27
78 39
5 56
195 78
248 109
21 125
261 138
224 123
169 95
111 66
46 41
17 21
0 13
31 15
80 33
142 62
203 99
248 125
19 136
259 136
224 123
169 99
107 68
50 39
15 15
0 3
33 11
83 37
144 68
205 97
250 121
271 136
261 140
224 126
169 101
107 68
50 37
15 15
0 7
33 15
82 37
144 64
205 95
250 123
271 140
253 142
224 125
162 97
107 68
50 39
15 15
7 5
33 13
83 35
146 66
207 97
250 123
271 138
261 140
224 126
169 101
105 70
52 42
21 29
5 11
21 0
76 11
146 50
210 99
251 130
267 140
261 130
226 119
169 101
105 76
48 42
13 13
9 1
35 13
83 41
146 70
207 97
251 119
269 134
259 138
222 126
167 99
103 64
48 33
13 13
7 9
35 15
85 37
148 66
207 99
251 125
269 140
259 138
222 123
166 95
103 64
48 37
15 17
9 7
33 15
85 37
150 68
208 101
251 126
271 138
259 138
222 123
166 97
101 66
46 35
13 15
9 5
35 15
85 37
150 70
210 101
253 126
271 140
261 142
228 132
166 105
93 62
37 21
9 0
9 0
37 13
85 37
148 64
212 95
255 125
271 142
259 144
220 126
164 97
99 62
46 35
13 15
7 7
35 13
87 33
152 66
210 99
253 126
269 138
257 134
220 121
164 97
99 66
46 35
13 13
9 5
37 13
87 37
152 68
210 101
253 126
269 138
259 138
220 123
162 97
99 64
44 35
13 13
9 7
37 15
87 39
152 68
212 101
253 126
271 140
259 138
218 125
162 95
97 62
44 35
13 13
9 7
37 15
89 39
154 70
212 103
255 130
275 150
259 150
208 117
150 74
95 44
46 27
15 17
9 11
37 9
89 29
156 66
216 111
255 138
269 144
257 132
218 117
160 97
95 68
42 35
11 9
9 0
37 11
89 39
156 74
214 103
255 126
271 138
257 138
216 125
160 97
95 64
42 31
11 9
9 5
37 15
91 39
156 70
214 103
255 128
271 140
257 138
216 123
158 95
95 64
42 33
11 11
9 5
39 15
91 39
156 70
214 103
255 126
271 140
257 138
216 121
158 95
95 60
41 31
11 11
13 9
42 21
95 46
164 82
212 107
246 119
263 125
253 125
216 117
158 93
93 58
41 25
13 7
13 7
42 23
93 46
156 74
216 103
257 126
269 142
253 138
212 119
156 89
93 56
41 31
9 11
11 7
42 15
95 39
158 72
216 105
257 130
271 140
253 136
212 119
156 91
93 62
41 33
9 11
11 5
41 17
95 42
158 74
216 103
257 126
271 138
253 136
212 119
156 93
93 62
41 31
9 11
11 5
42 17
95 42
160 74
216 105
257 128
269 140
255 138
212 121
156 93
91 62
41 33
9 13
15 13
48 31
93 46
148 58
210 80
257 113
273 140
255 142
212 119
154 85
93 54
42 35
11 21
11 15
42 17
97 37
160 70
218 107
257 130
269 140
253 132
212 115
152 89
89 62
39 33
9 11
11 3
44 17
99 44
160 76
218 105
257 128
271 140
253 138
210 121
152 91
89 58
39 29
9 11
11 7
44 17
99 41
162 70
218 103
259 130
271 142
253 138
210 119
152 89
89 58
39 33
9 11
11 5
44 17
99 42
164 76
220 105
259 130
271 142
253 138
210 121
152 95
95 68
41 41
1 7
1 0
41 0
101 33
166 76
218 109
257 126
271 134
255 134
212 123
150 97
87 60
39 29
11 9
11 5
44 21
101 46
164 76
220 103
257 126
269 140
251 136
208 119
150 89
87 56
37 29
9 11
11 7
44 17
101 42
166 76
222 107
259 130
269 140
251 136
207 117
148 87
85 58
37 31
9 11
13 5
46 19
103 44
166 78
222 109
259 128
269 138
251 136
208 119
148 89
85 56
35 25
11 9
13 7
46 19
103 44
167 78
224 109
259 132
269 142
251 138
214 128
150 101
74 50
23 5
5 0
17 0
48 25
103 50
166 74
224 99
263 128
273 148
251 146
207 123
146 85
83 52
35 29
9 15
13 11
46 15
103 41
167 74
224 109
259 132
269 142
251 134
205 115
146 89
83 58
35 31
9 11
13 7
48 19
105 46
169 78
224 111
261 130
269 138
251 134
205 117
146 89
83 56
35 27
9 9
13 7
48 19
105 44
169 76
226 109
261 132
269 140
250 134
205 117
144 87
82 54
33 27
9 9
15 7
50 21
107 46
171 82
230 117
265 142
265 144
240 125
197 101
142 76
83 50
33 29
7 7
15 1
52 15
109 48
173 85
226 117
261 134
269 138
250 132
203 117
142 89
80 54
31 21
7 3
15 5
50 21
107 46
171 76
228 107
261 130
269 142
248 136
203 117
142 85
80 54
31 23
9 9
15 9
50 23
107 46
171 78
230 111
13 134
269 142
240 134
203 115
142 85
80 54
31 27
9 7
0 5
52 21
109 48
173 80
220 111
13 132
253 140
177 134
203 115
142 85
78 54
31 25
9 9
17 9
48 25
115 54
179 93
224 115
0 117
261 119
248 121
205 115
140 89
78 50
31 17
1 3
19 11
54 33
111 56
173 82
220 107
13 132
253 144
238 136
197 111
140 80
78 50
29 25
7 9
17 7
54 21
111 48
171 82
222 113
13 134
269 142
238 132
199 113
138 85
78 54
29 25
7 7
15 5
56 21
113 50
175 82
222 111
13 132
269 140
246 132
199 113
138 85
76 52
29 23
7 7
17 9
54 25
109 50
177 82
222 113
263 134
269 142
246 136
199 115
136 83
78 54
31 29
15 19
19 17
46 19
95 35
171 64
232 103
250 132
267 142
244 130
199 107
140 82
78 56
29 33
7 13
17 5
56 19
115 50
177 83
230 113
263 130
269 136
244 130
197 111
136 83
76 52
29 25
7 7
17 7
56 25
115 50
179 82
234 113
255 132
269 140
244 134
197 113
134 82
74 48
29 21
7 7
17 7
56 23
115 50
171 82
234 113
265 134
269 142
244 134
195 111
134 82
74 50
27 25
7 7
17 7
56 23
117 50
181 83
234 115
265 134
269 142
244 134
197 115
134 85
80 62
29 35
0 1
5 0
54 1
121 44
183 89
232 119
263 128
269 132
246 132
195 119
132 89
72 52
27 21
7 3
17 9
58 27
117 52
181 82
234 109
263 130
269 140
244 134
193 111
132 78
72 46
27 23
7 9
17 9
58 23
119 50
181 83
236 115
265 136
267 140
242 130
193 111
125 82
70 50
27 23
7 7
19 7
60 23
119 52
183 85
234 115
265 134
267 140
242 132
193 113
130 82
62 48
25 21
7 7
19 9
60 27
121 54
185 87
236 117
267 136
271 146
248 144
187 115
119 70
60 29
25 7
9 5
19 9
58 21
121 46
187 82
240 119
267 142
267 146
234 130
191 109
128 80
68 48
23 23
5 5
19 5
60 21
121 52
183 87
236 115
267 132
267 138
242 132
191 111
128 80
68 48
25 21
7 7
21 9
60 25
121 54
185 85
238 115
265 134
267 140
240 130
191 109
128 78
68 46
23 19
7 7
21 9
62 27
123 54
187 85
238 117
267 136
267 140
240 130
189 109
126 80
68 48
23 21
7 7
21 9
64 27
125 54
187 89
244 123
273 150
261 142
228 113
183 85
128 66
68 50
23 27
5 5
21 1
68 21
126 60
187 99
238 125
265 134
267 136
238 130
185 111
125 80
66 44
23 15
5 1
23 9
64 31
125 56
189 87
240 115
267 136
267 142
238 132
187 109
126 76
64 44
21 19
0 7
23 9
64 29
125 56
189 87
240 119
267 138
265 142
236 130
187 107
125 78
64 46
21 19
0 7
23 9
66 29
125 56
189 89
240 119
267 134
267 140
238 132
185 109
123 78
64 46
23 23
7 9
25 15
74 41
128 66
181 83
230 103
263 121
267 132
238 128
183 105
123 72
64 41
23 19
9 11
23 17
68 31
128 56
191 87
240 119
17 138
265 140
234 126
185 103
123 74
62 44
21 21
7 5
23 7
68 27
128 56
191 91
242 119
267 136
265 140
234 128
183 107
123 76
62 44
21 19
5 5
23 9
70 29
130 58
191 89
242 117
267 134
267 140
236 130
181 107
121 74
62 42
21 19
7 7
23 11
70 31
130 58
193 89
242 119
269 138
265 140
234 130
183 105
121 76
62 44
21 21
11 17
25 17
60 21
121 37
191 72
246 115
271 144
263 144
232 125
183 97
123 74
62 52
19 29
5 9
23 5
70 25
132 60
193 95
242 121
267 132
265 134
234 126
181 107
119 76
60 42
21 15
7 3
23 9
70 29
132 60
195 91
242 119
267 136
265 140
234 130
179 105
117 72
58 41
21 17
9 7
25 11
70 29
132 58
197 91
244 121
267 138
265 140
232 128
179 105
117 74
58 42
19 19
7 7
25 9
72 29
134 60
197 95
244 123
269 138
267 142
234 130
183 113
121 85
52 44
7 7
0 0
25 0
74 27
134 62
195 91
244 115
269 132
265 142
232 134
179 109
117 74
58 41
19 17
5 9
25 13
72 29
134 56
197 89
244 119
267 136
263 140
232 126
177 103
115 72
58 41
19 17
7 7
27 11
72 31
136 60
197 93
246 121
269 136
265 140
232 128
175 105
115 72
56 41
17 17
7 7
27 11
74 31
136 60
199 93
246 121
267 136
263 140
232 128
177 105
113 72
56 41
19 17
7 7
27 13
74 33
136 62
201 93
248 125
269 142
267 148
236 140
171 105
101 54
48 17
19 5
11 9
29 17
74 31
138 54
203 89
250 126
269 148
263 144
228 125
175 97
113 70
54 42
15 19
7 3
29 7
74 27
138 60
203 97
248 125
269 138
263 138
230 126
175 105
111 74
54 41
17 15
7 3
29 13
78 33
138 62
201 93
248 121
269 138
261 140
228 126
173 103
111 70
54 39
15 15
7 5
31 15
78 35
140 64
203 95
250 123
271 138
263 140
228 126
173 103
111 70
52 39
15 15
7 7
31 13
80 35
142 68
210 107
250 132
259 134
251 125
224 111
173 93
109 70
50 37
13 9
9 1
35 13
82 41
140 70
203 99
250 121
271 138
261 140
224 126
171 99
107 64
50 35
15 13
7 5
31 13
80 35
142 62
205 95
250 125
269 140
261 140
224 125
169 99
109 68
52 39
15 17
7 7
31 13
80 35
144 66
205 97
250 125
271 138
261 140
224 125
169 99
107 68
52 39
15 15
7 5
33 13
82 37
144 66
205 97
250 123
271 138
261 138
224 125
171 101
107 70
50 41
15 17
9 7
33 15
87 48
144 76
195 89
240 99
267 119
263 136
224 130
167 101
107 60
52 31
17 15
9 15
33 23
82 37
146 62
205 95
250 125
269 142
259 140
224 123
167 95
105 64
50 39
15 17
9 5
35 11
83 35
146 68
207 101
251 125
269 138
259 138
224 125
166 99
105 68
48 37
13 13
7 5
33 13
83 37
146 66
207 97
251 123
271 138
261 140
222 126
167 99
105 66
48 37
13 13
9 5
33 13
85 35
148 66
207 99
251 125
271 140
261 140
222 126
166 99
105 68
52 44
19 27
3 9
23 3
78 19
148 54
210 95
251 125
269 138
259 134
224 121
167 99
103 72
48 41
13 15
9 5
35 11
85 37
148 68
207 97
251 123
271 134
259 138
220 125
166 99
103 64
46 35
13 13
9 7
35 13
85 37
150 66
210 99
251 126
269 140
259 138
222 123
164 97
101 64
46 35
13 13
9 5
35 13
87 37
150 68
210 101
253 126
269 140
259 138
220 123
164 97
99 64
46 35
13 15
9 7
35 13
87 35
152 68
212 103
255 128
269 140
259 140
220 125
167 105
103 80
41 37
1 0
1 0
37 1
91 41
152 76
210 101
253 119
273 134
259 142
218 132
162 103
99 62
44 29
13 11
9 9
37 19
87 37
152 64
212 97
253 126
271 142
257 138
218 121
162 93
99 62
44 35
11 13
9 5
39 15
89 37
154 70
212 103
253 126
269 138
257 136
218 123
160 95
97 64
42 33
13 11
9 5
39 15
89 39
154 70
212 101
253 126
271 140
257 138
218 123
160 95
97 62
42 33
13 13
11 7
39 17
91 39
156 70
214 103
259 132
279 152
255 146
207 117
150 78
93 46
44 27
11 13
7 5
39 11
93 35
158 70
216 109
255 134
269 142
257 136
216 121
158 95
95 64
41 31
11 9
9 1
39 13
91 41
156 72
216 103
257 128
271 140
255 138
216 123
158 95
95 62
41 31
11 11
9 5
41 17
93 41
156 70
216 103
255 128
269 140
255 136
216 121
158 95
95 62
41 33
11 11
11 5
41 17
95 41
158 72
216 105
257 128
271 140
255 138
214 121
156 95
93 62
41 33
9 11
11 7
41 19
95 42
160 76
222 117
257 138
259 130
246 115
212 103
158 91
93 68
39 33
9 3
13 0
46 19
97 52
158 82
216 105
257 123
271 138
253 140
210 125
154 93
91 56
39 25
9 9
11 7
42 19
97 42
160 72
218 103
257 130
271 144
255 138
212 119
154 91
89 58
39 31
9 11
11 7
42 17
97 41
160 74
218 105
257 128
271 140
255 136
212 119
154 91
91 60
39 31
9 11
11 5
42 17
97 42
162 74
218 107
257 130
271 142
255 138
210 119
152 91
89 60
41 33
11 13
15 13
48 29
93 44
152 62
212 87
257 117
271 138
253 136
208 117
152 83
91 56
41 33
9 17
11 11
44 19
99 41
162 74
218 109
257 130
269 138
251 130
210 115
152 89
89 60
37 29
9 7
13 3
44 19
101 46
164 78
220 105
259 128
271 140
251 136
208 119
150 89
87 56
37 29
9 11
11 7
44 19
101 44
164 76
220 105
259 130
269 140
253 138
208 119
148 89
87 58
37 29
9 11
11 7
44 19
101 44
166 76
222 107
259 130
271 140
251 136
208 119
148 89
87 58
39 35
13 25
7 9
35 1
95 21
167 64
224 111
259 136
269 138
253 128
210 113
150 95
85 68
35 35
9 9
13 1
46 17
101 48
166 80
220 107
259 125
269 136
251 136
208 121
146 91
85 54
37 27
9 9
13 9
46 21
103 44
167 76
224 109
259 132
269 140
251 134
208 117
146 89
83 56
35 29
9 11
13 7
46 19
33 44
42 76
224 109
261 132
269 140
250 136
207 119
146 89
83 56
35 29
9 9
13 7
48 19
105 44
169 78
226 111
261 134
269 142
253 140
214 128
144 95
72 50
23 11
5 0
15 0
48 19
103 44
167 74
226 103
263 130
271 146
250 142
205 119
146 87
82 54
33 29
7 11
13 7
48 17
105 41
169 76
226 111
261 132
269 140
250 134
207 115
144 87
82 56
33 27
9 9
13 7
50 21
107 46
169 78
226 109
7 130
253 130
250 134
205 119
140 89
82 56
33 25
9 9
15 7
50 21
99 44
31 78
220 111
7 132
269 142
240 134
203 115
142 87
80 54
31 27
9 9
15 7
50 21
109 48
171 80
220 111
15 136
277 154
248 144
191 105
132 64
78 37
35 25
9 15
13 9
50 13
111 39
175 80
222 119
263 142
269 142
246 128
203 111
140 87
78 58
29 27
7 3
15 1
52 19
109 48
173 83
222 111
263 130
269 140
248 136
201 119
140 87
80 52
31 23
7 7
17 9
52 23
109 48
173 78
228 109
263 132
269 142
248 134
201 113
140 83
78 54
31 27
7 9
15 7
52 19
111 48
175 82
230 113
263 134
269 142
248 134
199 115
138 85
78 52
31 25
9 9
17 9
56 27
117 58
179 93
222 113
251 121
263 123
246 123
201 111
138 83
76 48
29 17
9 3
19 11
56 31
113 56
175 82
230 109
263 132
269 142
244 136
197 111
136 80
76 48
29 23
5 9
17 7
56 21
113 48
177 82
224 113
13 134
253 140
236 132
197 109
136 83
76 52
29 25
7 7
17 7
56 23
115 50
177 83
232 113
263 132
269 140
244 134
197 113
136 82
74 50
29 23
7 7
17 7
56 23
115 52
179 82
232 113
265 134
269 142
244 132
197 113
136 83
76 54
29 27
7 11
21 15
62 37
109 50
166 64
224 89
267 123
273 146
244 140
195 109
136 72
76 46
31 31
7 19
17 13
58 21
117 46
179 82
232 115
263 134
269 138
244 128
195 109
132 80
74 52
29 25
7 5
17 5
58 23
117 54
181 85
232 115
265 132
267 140
244 134
195 113
132 82
72 46
27 21
7 7
17 9
58 25
117 50
181 83
234 115
265 134
269 142
244 134
195 111
132 82
72 48
27 25
7 7
17 7
58 23
119 52
56 85
236 115
15 126
265 142
236 134
189 113
126 85
80 60
27 29
0 1
9 0
56 7
121 44
183 85
234 115
15 130
269 136
244 132
195 117
130 87
70 52
25 21
7 3
19 9
58 27
119 54
181 83
234 111
265 130
267 140
242 134
187 111
130 78
62 46
25 21
7 7
19 9
62 25
117 52
58 85
236 115
265 136
267 140
242 132
191 109
128 80
68 48
25 23
7 7
21 7
60 25
121 52
185 85
238 117
265 136
267 142
240 132
191 111
128 80
68 48
25 23
7 9
21 9
62 25
121 52
187 87
238 119
265 138
267 142
242 134
197 123
126 87
56 37
15 0
7 0
25 7
62 33
121 58
185 80
240 109
269 136
267 148
240 140
189 111
126 74
66 44
23 21
7 11
21 9
62 23
123 48
187 83
238 119
267 138
265 140
240 128
189 107
126 80
66 50
23 23
7 7
21 7
64 27
123 56
187 87
238 115
265 132
267 140
240 132
187 109
126 78
66 46
23 21
7 7
21 9
64 27
125 56
189 87
240 117
267 136
267 142
238 130
189 107
125 78
66 46
23 21
7 7
23 9
66 29
125 56
191 89
246 125
271 148
259 142
226 117
181 89
125 68
66 44
21 21
5 3
23 3
68 25
128 60
189 97
240 123
267 136
267 138
236 128
185 109
123 80
64 44
21 15
5 1
21 7
68 29
128 58
189 87
240 117
267 136
267 142
236 130
185 107
125 76
64 44
21 19
5 7
23 9
66 27
128 56
191 89
242 119
267 136
267 140
236 128
185 107
123 76
62 44
21 17
7 5
25 11
68 31
128 58
191 89
242 119
269 138
265 142
236 130
175 107
123 76
64 46
21 21
0 7
25 11
70 31
134 68
195 103
234 117
7 117
261 119
238 121
185 109
121 78
60 39
21 9
9 0
27 17
7 41
128 64
193 89
242 115
267 136
265 144
234 132
181 103
119 70
60 39
21 19
5 7
25 11
70 27
130 56
193 91
242 121
269 138
265 140
234 126
181 103
121 74
62 44
21 19
5 3
25 9
70 29
130 60
193 93
242 119
269 134
265 138
234 130
181 107
119 74
60 42
21 19
7 7
25 11
70 31
132 60
195 93
244 121
269 136
265 140
234 128
181 105
119 76
60 46
23 23
15 17
23 17
60 23
123 42
193 78
246 115
269 138
263 140
232 125
181 101
121 74
60 48
19 25
5 9
25 9
72 29
134 60
195 93
242 119
267 132
265 138
232 125
179 105
117 74
60 42
19 17
7 5
25 11
72 31
134 60
197 91
244 119
269 136
265 140
232 128
177 105
115 72
58 41
19 19
7 7
27 11
72 29
134 58
197 93
246 123
267 138
263 140
232 128
177 105
115 74
58 42
19 17
7 7
27 9
74 31
136 62
199 95
246 121
269 136
265 140
232 130
177 107
117 76
62 54
17 25
0 0
17 0
72 11
140 58
201 103
244 125
267 130
265 132
234 130
177 115
113 80
54 41
17 11
7 1
27 13
72 35
136 62
199 89
246 117
269 136
263 140
230 128
177 103
113 70
56 39
17 17
7 7
29 11
74 29
136 58
201 95
248 125
269 140
263 140
230 126
175 103
113 72
54 39
17 15
7 3
29 11
76 31
138 60
201 95
248 125
269 138
263 140
230 128
175 103
111 72
54 41
17 15
7 5
29 11
76 33
140 64
203 97
248 125
271 142
269 148
234 138
167 103
99 56
48 21
17 5
9 3
27 11
76 29
142 58
205 93
250 126
269 144
263 144
228 126
173 101
109 72
52 41
15 15
7 5
29 9
