980000 10000000 205520 10
15 19
0 0
29 7
107 39
199 87
263 128
281 150
251 140
181 109
97 64
25 25
0 1
17 3
89 35
181 80
253 125
283 150
265 152
205 130
109 78
25 15
0 0
9 0
76 27
162 76
240 113
281 136
271 142
214 126
132 91
50 44
0 7
0 0
46 15
15 60
228 111
23 142
275 146
132 126
150 91
66 50
0 15
0 0
41 9
126 48
212 99
271 138
279 150
240 126
166 99
64 54
15 19
0 1
27 7
105 39
195 85
13 128
285 152
251 144
175 109
97 64
27 23
0 1
17 3
80 31
179 76
3 121
283 148
261 146
199 115
117 72
41 33
0 5
5 1
62 25
0 68
240 115
31 148
273 152
222 134
134 93
44 39
0 0
0 0
56 7
142 56
220 105
9 136
277 144
230 130
152 95
68 54
9 19
0 0
39 9
117 48
210 97
19 136
279 150
240 126
167 99
83 56
15 19
0 1
27 7
103 39
195 85
11 130
283 152
253 142
185 109
101 66
29 27
0 1
15 3
85 31
52 76
0 121
283 148
263 146
201 117
117 76
41 33
0 3
5 1
68 23
156 66
238 113
21 144
271 146
218 126
136 87
54 42
1 9
0 0
52 17
130 56
224 105
9 140
277 150
232 132
154 97
74 58
11 27
0 0
25 0
115 25
210 85
21 138
281 154
242 134
171 93
87 54
21 27
0 11
23 11
99 35
191 80
3 128
281 154
253 146
185 109
103 62
31 23
0 3
13 5
82 31
173 72
0 117
283 148
263 150
203 121
121 76
42 33
0 5
5 1
64 23
156 64
236 109
281 142
271 148
218 126
138 85
56 42
1 9
0 0
50 17
128 54
222 103
25 138
277 150
232 132
156 95
64 52
9 15
0 0
35 9
119 44
207 93
267 134
283 152
246 138
175 105
91 64
27 33
0 7
13 0
87 21
187 68
261 121
283 148
255 142
189 109
107 64
33 27
0 7
13 9
80 33
171 74
248 117
283 148
263 148
205 121
121 76
42 31
0 3
3 0
62 21
154 62
236 111
279 146
273 150
220 128
140 87
58 44
1 9
0 0
48 13
132 52
220 101
273 138
279 148
236 132
158 95
74 52
9 15
0 0
35 7
117 46
205 93
267 134
283 152
248 140
175 105
89 60
21 23
0 1
21 5
95 35
187 82
257 128
283 150
257 144
193 115
109 72
33 33
0 5
17 11
80 37
158 62
236 95
279 126
271 144
210 128
125 82
44 29
0 0
5 0
62 29
150 70
232 111
279 138
275 146
222 130
140 91
58 44
3 7
0 0
44 11
132 52
220 103
273 140
279 150
236 132
162 99
76 56
11 19
0 0
31 5
113 42
203 91
265 134
283 150
248 138
177 105
91 60
23 21
0 0
19 3
93 35
185 82
255 125
283 150
259 144
193 115
109 70
35 29
0 3
9 1
76 27
167 72
246 119
281 148
267 148
210 123
128 80
48 31
0 9
5 5
66 31
19 64
220 97
5 125
267 138
226 126
140 91
60 44
3 5
0 0
46 15
130 58
216 105
23 138
279 148
238 134
162 101
78 56
13 15
0 0
29 5
109 33
199 89
265 130
283 148
250 138
179 107
95 64
25 25
0 1
17 3
89 31
181 78
255 125
283 148
259 144
197 115
113 72
37 31
0 3
7 1
72 25
166 68
244 115
281 146
269 148
212 123
128 80
50 37
0 7
1 0
56 17
146 58
230 107
279 144
275 152
226 130
148 91
64 48
5 15
0 0
41 13
128 52
222 111
269 144
267 138
230 113
166 83
83 54
15 25
0 0
29 1
109 35
201 89
263 138
283 158
250 142
181 103
95 58
25 25
0 5
15 5
87 27
179 72
253 121
283 150
261 148
199 115
115 72
39 31
0 5
7 3
70 25
162 66
240 113
279 142
269 146
214 125
132 82
50 39
0 7
1 0
54 19
142 60
226 105
277 140
277 150
228 132
150 93
66 46
7 13
0 0
39 13
123 48
212 95
271 136
281 152
240 136
166 99
83 56
17 21
0 1
27 9
107 42
201 95
267 140
275 150
242 128
177 91
99 52
29 23
0 1
13 0
87 25
179 74
253 125
283 154
261 150
201 117
117 74
39 33
0 7
5 3
66 21
158 62
240 111
281 146
269 150
216 125
134 82
54 39
1 9
0 1
52 17
140 56
224 103
277 142
277 152
230 132
152 93
68 48
7 13
0 0
39 11
121 48
210 95
269 132
281 150
242 138
167 103
83 54
17 19
0 0
25 5
103 39
193 85
261 130
283 152
253 144
185 111
101 68
29 27
0 3
13 3
83 31
175 76
251 123
287 156
267 160
197 119
109 60
35 11
0 0
9 1
68 31
156 66
236 105
281 138
273 154
218 136
136 91
54 41
1 3
0 0
50 19
136 58
222 101
275 134
277 146
232 132
154 95
70 52
9 13
0 0
35 9
119 46
208 97
269 136
281 150
244 138
171 103
87 60
19 21
0 0
23 3
99 37
191 83
251 128
283 150
253 142
189 111
105 68
31 29
0 3
13 3
82 27
173 72
250 121
283 148
263 148
205 119
121 76
42 35
0 5
5 1
64 23
154 64
238 113
283 148
279 160
222 138
130 83
46 27
0 0
0 0
50 13
134 54
218 97
275 130
281 148
238 140
156 105
72 56
11 15
0 0
35 11
115 48
203 93
267 130
281 146
246 134
173 105
89 60
21 21
0 0
21 3
95 35
189 83
259 128
283 152
255 142
191 111
105 70
31 29
0 1
11 0
80 27
171 74
248 121
281 148
265 146
207 121
123 80
44 37
0 5
3 0
64 21
152 64
234 111
281 142
273 150
220 128
140 87
58 42
3 9
0 0
46 17
132 54
220 103
275 140
279 152
234 134
164 107
78 64
3 15
0 0
27 0
115 33
208 95
267 138
279 148
248 130
179 103
93 68
21 33
0 5
21 1
95 29
185 80
255 130
283 152
257 142
193 107
107 66
33 29
0 5
9 1
76 23
169 68
248 119
281 150
267 150
208 121
126 78
46 37
0 7
1 0
58 17
150 58
232 109
279 144
275 150
224 128
144 87
62 44
3 11
0 0
44 13
130 50
216 97
273 138
279 152
236 136
162 99
76 54
13 17
0 0
31 9
111 42
201 89
265 132
283 152
250 142
181 111
101 74
23 31
0 0
0 0
27 17
187 74
5 125
281 148
257 138
197 111
109 64
37 35
0 9
9 5
74 27
41 70
244 117
31 148
267 148
208 121
126 76
48 35
0 7
1 1
58 19
146 58
232 107
13 142
275 152
224 130
144 89
62 44
5 11
0 0
42 13
126 50
207 97
21 136
279 150
238 136
164 99
80 54
13 15
0 0
29 5
109 41
199 89
263 130
283 150
251 140
181 109
95 64
25 25
0 0
17 3
89 33
181 78
255 125
283 150
261 148
197 117
113 74
37 35
1 17
9 13
62 19
152 46
240 95
285 140
271 154
210 126
128 76
50 31
1 5
1 7
56 27
144 62
228 103
277 136
275 150
226 134
146 93
62 42
5 5
0 0
42 13
126 52
212 97
271 134
281 150
240 136
166 101
80 56
15 17
0 0
27 7
107 41
197 87
263 128
283 150
250 140
183 109
99 66
25 25
0 0
15 1
87 29
179 78
253 123
283 148
261 144
199 117
117 76
39 33
0 3
7 0
70 23
160 66
242 113
281 146
271 150
214 125
132 82
52 41
5 13
7 11
50 25
130 46
218 87
275 126
277 146
228 132
150 89
66 42
9 9
0 0
41 17
123 54
210 97
269 132
281 150
242 138
167 103
82 56
15 13
0 0
27 5
105 41
193 87
261 126
285 148
253 142
185 113
99 68
27 25
0 0
15 3
83 31
175 76
251 121
283 148
263 146
201 119
119 76
41 35
0 5
5 0
68 21
158 64
240 113
31 146
271 150
216 126
134 83
54 41
1 9
0 0
52 17
138 56
224 103
277 140
277 152
230 132
152 93
70 48
9 15
0 1
39 13
126 58
208 103
259 125
271 126
244 121
173 101
85 64
17 23
0 0
27 0
105 39
193 95
259 136
281 150
253 136
187 107
101 70
27 31
0 1
15 0
83 25
175 74
250 121
283 148
265 146
203 119
119 76
41 37
0 7
5 1
66 23
156 64
238 111
279 144
271 150
216 125
138 83
56 42
1 9
0 0
50 13
138 56
224 103
275 138
279 150
232 132
154 95
70 50
9 13
0 0
35 11
119 46
207 93
269 132
283 152
244 140
171 103
87 56
21 21
0 3
25 9
103 44
195 93
255 130
271 140
248 126
189 99
107 64
31 27
0 0
11 0
83 25
19 78
250 126
281 152
265 146
207 119
123 78
42 37
0 7
3 0
62 17
152 60
234 109
279 144
273 150
220 126
138 85
58 42
3 11
0 1
48 17
125 52
220 97
1 138
279 152
234 132
158 95
64 46
11 15
0 0
33 9
117 44
82 91
17 134
281 150
248 140
175 99
89 62
19 23
0 0
21 5
97 35
187 82
0 126
283 148
257 142
193 115
99 72
33 29
0 3
11 1
80 29
171 76
0 126
287 160
255 152
195 107
117 56
44 21
1 7
3 5
60 19
150 54
236 103
31 146
265 158
218 134
142 87
60 41
3 7
0 0
44 15
130 52
218 97
0 134
279 150
236 136
160 99
68 52
11 13
0 0
33 11
113 46
203 91
15 130
283 148
248 138
177 107
91 62
21 21
0 0
19 3
95 35
52 82
255 126
283 148
257 142
193 115
109 72
33 29
0 0
1 0
78 25
7 72
244 119
283 146
267 146
208 123
126 82
46 39
0 7
1 0
60 19
148 62
234 113
285 152
279 160
216 128
132 76
56 27
5 0
0 0
42 13
126 46
218 93
275 136
281 156
238 142
162 103
78 56
13 17
0 0
29 9
109 42
199 87
263 128
281 148
250 140
179 107
93 62
23 21
0 0
19 5
91 37
183 82
255 125
283 148
259 144
195 117
111 72
35 31
0 1
7 0
74 23
166 70
244 117
281 146
267 146
212 123
128 82
48 39
0 7
1 0
58 19
146 60
230 107
277 142
275 150
226 130
146 91
64 46
5 11
0 0
42 13
126 50
214 97
273 136
281 154
244 146
167 113
74 56
5 1
0 0
29 0
111 42
199 93
263 128
283 142
253 136
183 113
97 74
25 29
0 0
17 0
89 31
181 82
251 126
283 148
261 138
197 113
113 74
37 33
0 5
7 0
72 23
162 68
242 117
281 148
269 148
212 123
130 82
50 39
0 7
0 0
46 17
142 56
226 103
13 142
275 150
228 130
148 91
66 46
5 11
0 0
33 13
123 50
212 95
21 126
281 152
240 138
167 103
66 56
15 17
0 0
27 7
105 41
197 87
9 130
283 152
253 146
191 121
101 74
19 23
0 0
11 0
87 21
179 76
251 123
281 144
261 138
201 115
119 78
41 41
0 9
5 0
70 21
160 68
238 117
279 146
269 146
214 121
134 80
52 39
0 9
0 0
54 15
140 56
224 105
27 142
277 152
228 132
150 91
68 48
0 15
0 0
39 9
123 46
210 95
269 136
281 152
242 136
167 101
83 58
17 19
0 0
25 5
103 39
195 85
261 128
283 150
250 142
187 111
99 66
27 23
0 0
17 3
85 33
175 78
250 121
283 148
265 148
203 121
119 80
44 42
0 17
0 0
54 3
152 44
242 103
283 150
269 154
214 123
136 78
58 39
3 15
0 7
50 19
130 54
224 101
275 140
275 152
230 134
154 91
70 44
7 9
0 0
37 13
119 48
208 93
269 132
281 152
242 140
171 103
87 58
19 19
0 0
23 5
99 39
191 83
251 126
283 150
255 144
187 111
103 66
31 27
0 1
13 3
82 29
173 74
248 119
283 146
265 146
205 121
121 78
42 35
0 3
5 0
66 23
154 66
236 113
21 144
271 148
218 126
140 89
58 48
9 23
0 7
41 11
125 39
218 85
27 132
279 152
230 132
154 89
72 44
13 15
0 5
35 17
109 48
207 91
267 130
281 152
244 142
173 103
87 56
21 17
0 0
23 5
99 39
189 83
1 126
283 150
257 144
189 115
97 70
31 27
0 1
11 1
80 29
171 72
248 117
33 146
265 146
205 121
125 78
37 37
0 5
3 0
64 21
154 66
236 113
21 144
271 140
222 126
140 89
58 44
1 9
0 0
48 13
134 52
220 103
7 138
279 150
234 134
158 97
66 54
11 19
0 1
31 19
117 54
70 85
1 111
271 130
248 132
177 109
82 64
19 15
0 0
23 3
97 42
187 89
7 128
283 146
250 140
187 115
99 74
31 29
0 0
1 0
76 25
44 72
246 119
33 146
267 144
208 121
125 80
44 37
0 7
3 0
62 21
140 60
232 109
29 142
275 150
125 128
142 87
60 44
5 11
0 0
37 13
128 50
218 99
1 138
279 152
236 134
158 99
68 54
11 17
0 0
31 9
111 42
78 91
15 132
251 152
250 140
177 99
91 60
21 21
0 1
25 11
99 48
48 87
242 117
25 132
257 130
195 111
109 64
33 27
0 0
3 0
13 27
42 78
246 123
31 148
267 144
203 121
128 83
46 41
0 5
1 0
50 15
148 60
230 111
27 144
275 150
126 128
146 89
62 46
5 13
0 0
42 11
126 48
214 97
271 136
281 152
238 136
162 99
78 52
15 17
0 1
29 9
109 42
74 87
13 128
283 150
250 142
171 109
95 64
25 23
0 0
17 3
82 33
56 78
5 123
283 150
257 146
134 117
109 74
37 31
0 3
1 1
72 27
41 72
0 128
281 154
257 138
187 99
128 60
54 35
1 15
0 3
46 11
146 50
224 107
13 150
275 158
224 130
140 85
64 42
5 13
0 1
41 13
126 46
214 91
21 134
279 152
240 140
158 99
80 52
15 15
0 1
29 11
107 42
197 87
263 128
283 150
250 144
181 109
97 62
25 23
0 1
17 3
87 33
179 80
253 123
283 148
261 146
199 117
115 74
39 33
0 3
5 0
70 25
162 68
242 117
281 146
269 148
214 125
132 83
52 41
0 9
0 0
56 19
142 58
230 109
281 148
273 152
218 123
142 76
66 35
9 9
0 0
39 11
121 42
214 91
275 138
283 158
240 142
166 101
83 54
17 19
0 1
23 7
103 37
195 82
261 126
281 148
251 142
183 109
99 64
27 23
0 0
15 3
85 33
177 76
250 119
283 146
263 148
201 119
117 76
39 31
0 3
5 1
68 25
158 66
240 113
281 144
271 150
216 126
134 85
52 41
1 9
0 0
52 17
140 58
226 105
275 140
275 148
230 132
154 95
68 50
7 13
0 0
39 11
123 48
210 97
269 136
283 154
248 150
167 109
74 44
9 0
0 0
29 5
103 44
191 85
259 121
285 142
257 144
187 121
101 74
27 25
0 0
15 0
83 33
173 80
248 119
283 142
263 142
203 119
119 78
41 35
0 3
5 0
66 23
156 66
238 115
281 144
271 148
218 126
136 85
54 42
1 9
0 0
50 13
136 52
224 105
277 142
277 152
232 132
154 91
72 50
9 17
0 1
35 9
119 44
208 93
269 136
281 152
244 138
171 101
87 58
19 21
0 1
23 7
101 39
191 83
259 128
285 152
261 152
193 125
97 70
19 15
0 0
13 0
82 27
171 74
248 117
283 142
267 144
207 123
123 83
42 39
0 5
3 0
64 21
154 64
234 111
279 142
273 146
218 123
140 85
58 44
3 11
0 0
48 13
134 54
220 103
273 140
277 150
234 132
156 95
72 52
9 15
0 0
35 9
117 44
205 91
267 134
281 152
246 138
175 105
89 62
21 23
0 1
21 5
97 37
189 83
257 128
283 150
255 142
191 111
107 70
31 29
0 3
11 1
80 29
171 74
248 121
281 146
267 146
208 123
128 87
50 50
0 9
0 0
54 0
152 50
238 113
279 150
271 148
220 119
142 82
62 48
5 21
0 5
44 13
132 46
220 99
273 142
277 154
234 132
158 91
74 46
11 15
0 1
33 13
115 42
203 87
265 132
281 154
248 144
177 107
91 60
21 19
0 0
21 5
93 37
185 80
257 121
285 148
257 146
193 115
109 70
35 27
0 3
9 1
74 27
167 72
248 117
283 146
267 148
208 123
126 80
46 39
0 7
1 0
60 19
148 62
232 107
279 142
275 152
224 132
146 93
66 52
1 21
0 0
33 0
125 35
216 87
275 134
279 152
236 134
162 93
80 52
15 19
0 5
31 13
109 42
201 87
267 130
283 152
248 142
177 105
93 58
23 21
0 1
17 5
91 33
185 78
257 123
283 150
259 146
195 117
111 70
35 29
0 3
9 3
74 25
166 68
244 115
281 146
267 148
210 123
128 80
48 37
0 7
1 0
58 19
146 60
230 107
279 142
275 150
224 130
146 89
64 44
5 9
0 0
42 13
128 52
216 101
273 138
279 150
240 136
166 101
80 56
13 19
0 3
33 21
101 41
187 70
259 109
285 140
253 144
181 113
93 60
25 15
0 0
19 9
89 42
179 82
253 121
285 144
259 146
195 119
113 74
37 29
0 0
7 0
72 25
164 70
242 115
281 142
269 146
205 125
130 85
50 39
0 5
0 0
48 15
144 58
228 107
277 142
277 150
228 130
148 91
64 48
7 13
0 0
41 11
125 48
214 97
271 136
281 152
240 134
166 99
82 56
17 19
0 0
27 7
107 41
197 87
263 130
283 152
251 144
183 111
99 68
27 27
0 5
23 15
89 41
169 74
242 105
279 130
263 136
201 117
115 74
37 27
0 0
11 1
72 29
162 76
240 119
281 144
269 146
212 123
132 83
52 41
1 7
0 0
52 13
142 56
226 107
277 142
275 148
230 130
152 93
68 50
7 15
0 0
39 11
123 48
210 95
269 134
281 150
242 136
167 101
82 58
17 19
0 0
17 7
101 37
70 85
13 130
283 152
253 142
185 109
101 64
29 27
0 1
13 3
85 31
52 68
1 123
283 150
263 148
203 119
119 78
41 35
0 5
5 1
68 23
5 74
242 125
21 142
251 130
212 105
138 78
56 46
1 13
0 0
52 0
140 52
218 111
25 150
273 156
230 128
152 87
68 48
0 17
0 1
37 9
121 42
208 91
269 134
281 152
244 138
171 103
85 58
17 21
0 1
25 7
101 39
191 83
1 126
283 150
250 142
187 111
103 66
29 25
0 0
13 1
83 29
173 76
250 121
283 148
265 148
203 121
121 78
42 33
0 3
5 1
66 23
156 66
236 113
281 146
273 150
218 126
138 87
56 42
3 9
0 0
50 17
140 60
230 117
275 148
267 144
224 117
152 80
72 44
9 13
0 0
35 5
48 42
208 93
269 140
283 158
244 142
171 103
87 58
19 21
0 1
21 5
97 33
189 78
259 125
283 152
255 146
191 111
107 68
31 27
0 1
11 1
80 25
173 72
250 119
281 148
265 148
207 121
123 78
42 35
0 5
3 0
64 21
152 62
236 111
281 144
273 150
220 128
140 85
58 42
3 11
0 1
46 17
134 54
220 101
273 138
279 152
234 134
158 97
74 52
11 15
0 1
35 11
115 46
205 93
267 136
287 162
248 150
166 99
80 39
17 1
0 0
23 13
95 41
185 76
259 117
287 148
259 154
191 123
105 72
33 25
0 0
11 3
76 31
169 74
246 115
283 142
265 146
207 123
125 82
46 37
0 5
1 0
62 21
152 66
234 113
279 142
273 148
222 128
142 89
60 46
1 9
0 0
46 11
132 54
218 103
273 140
279 152
236 134
160 97
76 54
11 17
0 0
31 7
113 42
203 91
265 134
283 152
248 140
177 105
93 62
23 25
0 1
19 5
93 33
187 82
259 128
287 156
263 156
191 119
101 64
25 13
0 0
11 0
76 27
164 68
244 109
283 140
271 148
212 130
126 87
48 39
0 5
1 0
58 21
146 64
230 109
277 138
273 146
222 126
146 89
64 46
5 11
0 0
44 11
130 52
216 101
273 138
279 150
238 134
162 97
78 54
11 17
0 0
31 5
111 42
201 91
263 132
283 150
250 140
179 107
95 64
25 25
0 1
19 3
91 33
183 78
255 125
283 150
259 144
195 113
113 62
37 29
0 5
1 3
74 27
164 70
244 117
281 148
269 152
212 126
136 95
50 48
0 0
0 0
54 0
148 56
232 115
275 144
275 144
228 123
150 91
64 54
7 23
0 1
41 9
126 46
214 99
271 140
279 152
238 132
164 93
80 52
13 19
0 1
27 7
107 39
199 87
263 132
281 152
250 142
181 107
97 62
25 25
0 3
17 5
89 31
179 76
253 121
283 148
261 146
199 117
115 72
37 29
0 3
7 1
70 25
162 66
242 115
283 146
269 150
212 125
132 83
52 41
1 11
0 1
54 19
144 60
230 107
277 144
277 152
230 132
154 97
70 58
3 17
0 0
33 0
123 35
214 91
271 136
279 150
240 132
167 97
83 56
17 25
0 7
27 11
105 39
195 85
261 130
281 152
251 142
181 105
99 60
27 23
0 1
15 5
87 31
177 76
251 121
283 148
261 146
199 117
117 74
41 33
0 5
5 1
68 25
160 66
240 113
279 144
271 148
216 125
134 83
52 39
1 9
0 0
54 19
140 58
226 103
277 140
277 150
230 132
152 93
68 48
9 13
0 0
39 11
123 48
210 97
269 136
281 152
242 138
169 103
85 60
19 25
0 13
23 13
91 25
183 62
259 111
285 150
253 148
185 113
101 60
29 19
0 3
15 13
83 37
175 76
251 117
283 146
263 148
201 121
119 76
41 29
0 0
3 0
66 23
1 66
238 113
31 144
271 142
218 128
128 87
54 42
1 9
0 0
50 15
138 56
224 105
275 140
277 150
232 132
154 93
70 50
7 13
0 0
37 11
119 46
208 95
269 134
283 152
244 138
171 103
85 58
19 19
0 0
23 5
101 39
191 85
259 128
283 152
255 144
189 111
105 70
33 31
0 11
17 13
76 31
162 60
242 101
283 136
267 144
205 121
119 74
42 27
0 1
7 3
64 29
154 70
236 113
31 142
271 150
218 130
136 87
56 41
1 5
0 0
48 15
126 54
218 103
25 138
279 150
232 132
156 95
72 52
11 17
0 0
35 9
117 44
205 91
267 134
281 152
244 138
173 103
89 60
21 23
0 0
21 5
97 35
189 82
250 126
283 150
255 144
189 113
105 68
33 29
0 3
11 3
80 29
171 72
248 119
283 148
265 146
207 121
125 80
46 37
0 7
3 0
66 27
160 78
230 117
265 128
265 125
222 113
144 89
60 52
1 11
0 0
50 9
136 58
220 113
265 146
279 150
234 128
158 93
74 54
9 17
0 0
33 3
115 39
203 91
267 134
283 152
248 138
177 103
91 60
21 23
0 3
19 3
95 33
185 80
257 125
283 150
257 144
193 113
107 68
33 29
0 1
11 1
78 29
167 72
246 117
283 146
267 150
208 123
125 80
46 35
0 5
3 0
60 21
148 62
232 109
279 144
273 150
224 128
144 89
60 44
5 11
0 0
46 17
136 62
222 113
265 138
267 138
232 119
162 89
78 52
11 17
0 0
31 1
115 41
205 95
265 140
281 156
248 140
179 105
93 62
21 25
0 1
17 1
91 29
183 78
255 125
283 150
259 146
195 113
111 70
35 31
0 5
9 3
74 25
166 68
244 115
283 146
267 148
210 121
126 78
48 35
0 7
1 1
58 21
146 62
230 109
277 142
275 152
226 130
146 91
62 44
5 11
0 0
42 13
126 52
216 99
273 136
279 150
238 134
164 99
80 56
13 19
0 1
29 7
111 42
201 91
271 142
287 164
244 140
167 87
89 41
25 13
0 3
17 9
89 31
181 70
257 119
285 154
261 154
197 123
113 72
35 25
0 1
7 5
72 31
162 68
242 111
281 142
269 148
212 126
130 83
50 37
0 5
1 0
56 19
144 60
228 107
277 140
275 148
226 130
148 93
64 48
5 11
0 0
42 11
126 50
214 99
269 134
281 150
242 136
166 103
80 56
15 17
0 0
27 7
107 41
197 87
263 128
283 150
251 142
181 109
97 64
27 25
0 1
17 3
87 33
179 80
5 126
281 158
263 154
189 115
97 58
35 17
0 0
7 0
68 25
160 64
242 107
283 142
273 154
216 132
132 87
50 39
1 5
0 0
52 21
140 60
226 103
277 136
277 148
134 130
150 93
68 46
0 11
0 0
31 11
123 48
212 93
21 128
281 152
242 138
169 101
68 56
17 19
0 0
25 5
103 39
195 85
11 128
283 148
251 142
177 109
101 66
27 25
0 0
15 3
78 33
52 78
1 123
283 148
263 146
201 119
117 76
41 33
0 5
5 1
66 23
158 66
234 115
31 148
271 152
220 134
140 97
48 41
0 0
0 0
54 5
142 60
224 111
15 138
277 142
234 128
156 99
62 58
7 19
0 0
31 7
117 46
83 97
17 136
279 148
244 132
169 99
68 56
19 21
0 1
25 5
101 37
193 85
11 130
283 152
253 142
185 109
103 66
29 27
0 3
13 1
82 27
48 72
1 121
283 150
263 148
205 119
121 76
41 35
0 5
5 1
66 23
156 64
234 111
21 144
271 150
218 126
128 85
56 42
1 9
0 0
50 15
5 56
224 105
9 142
279 152
236 136
162 107
72 60
0 11
0 0
31 0
48 39
80 91
17 134
250 148
179 134
175 95
89 66
19 29
0 3
15 5
99 35
64 82
0 126
283 150
250 140
126 107
103 64
31 27
0 3
5 3
82 29
48 72
0 119
283 150
265 150
205 119
123 76
44 33
0 7
0 0
62 19
21 62
236 109
31 144
273 152
126 128
140 87
58 42
1 11
0 0
48 17
134 54
220 101
273 138
279 152
234 134
158 97
66 52
11 15
0 0
33 11
115 44
80 91
19 126
250 154
246 140
173 105
89 62
27 33
0 15
13 3
83 15
183 60
261 119
285 156
255 148
189 109
109 60
33 25
0 9
13 11
80 35
169 70
246 113
281 146
265 152
207 125
123 78
44 31
0 1
3 1
62 23
150 64
234 107
279 140
273 150
220 128
142 87
60 44
5 9
0 0
44 13
132 52
220 101
273 138
279 148
236 134
160 97
76 52
11 17
0 0
33 7
113 44
203 91
265 132
281 150
248 138
177 107
91 62
21 23
0 1
21 5
93 35
185 82
257 126
283 152
259 146
193 117
111 74
37 35
3 17
9 9
66 19
158 52
244 101
283 140
267 146
208 123
126 76
48 33
1 7
3 7
60 27
148 64
232 107
277 140
273 148
224 132
144 91
60 44
3 5
0 0
44 13
128 52
216 97
275 136
281 150
238 136
160 99
78 54
13 17
0 0
29 7
109 41
201 89
265 130
281 148
250 138
181 107
95 64
23 23
0 0
19 3
91 33
183 82
255 125
283 148
259 142
195 115
111 72
37 29
0 3
9 3
74 27
166 70
244 117
283 148
269 150
210 123
128 82
50 39
1 9
1 3
62 29
146 70
220 97
267 119
273 132
228 126
148 97
62 48
5 5
0 0
44 11
130 60
214 107
271 138
279 146
240 132
164 101
78 58
13 17
0 0
29 3
107 39
197 89
263 132
283 150
251 140
181 107
95 64
25 25
0 1
17 3
87 31
179 76
255 123
283 150
259 144
199 115
115 74
37 33
0 5
7 1
72 25
164 68
242 115
281 144
269 148
212 123
132 82
50 39
0 5
1 0
56 17
144 58
228 107
277 142
275 150
228 130
148 93
66 48
7 13
0 0
44 17
130 60
210 101
259 126
271 134
240 123
167 95
82 56
13 17
0 0
29 3
109 42
197 95
263 136
283 152
251 140
183 109
97 68
25 27
0 0
15 0
85 27
177 74
251 123
283 148
261 144
201 117
117 76
39 35
0 7
7 1
70 23
160 66
240 115
281 146
269 150
214 125
134 83
52 41
1 9
0 0
54 17
140 56
226 103
277 140
277 152
230 132
152 93
68 48
7 13
0 0
39 9
123 46
210 95
269 134
281 152
242 138
169 103
83 58
17 21
0 1
25 9
103 41
195 87
269 140
283 160
242 134
175 87
99 48
31 23
0 7
11 5
83 25
179 68
253 123
283 158
261 156
201 119
119 70
41 29
0 5
5 3
66 21
158 60
238 107
279 142
271 152
216 128
136 83
54 37
1 5
0 0
52 17
138 56
224 101
277 138
277 150
230 134
154 95
70 48
9 11
0 0
37 9
119 46
208 95
269 136
281 152
244 138
171 103
87 58
19 21
0 0
25 5
99 37
193 83
259 126
283 150
255 142
187 111
103 68
29 27
0 3
13 3
82 29
173 74
255 125
287 158
259 152
193 111
113 58
42 21
0 1
3 1
62 21
156 60
240 107
283 146
273 156
218 130
138 85
58 41
3 11
0 1
48 17
134 54
222 99
275 136
277 150
232 134
156 97
72 50
9 13
0 0
35 9
117 44
207 93
269 134
281 152
246 140
173 105
87 60
21 23
0 1
21 5
97 37
189 83
259 126
283 148
255 140
191 111
107 70
31 29
0 3
11 1
80 29
171 74
248 121
281 148
265 146
207 121
123 78
42 35
0 7
5 1
62 23
152 62
236 111
281 146
275 156
228 142
138 93
48 31
0 0
0 0
50 15
134 60
218 101
273 130
281 144
236 136
160 105
74 60
9 15
0 0
33 5
115 48
203 95
265 132
283 146
248 136
175 105
89 64
21 23
0 0
21 3
95 35
187 83
257 126
283 150
257 142
191 111
107 68
33 29
0 5
11 3
76 27
169 70
248 119
283 148
265 146
208 121
126 78
46 39
0 7
1 0
62 21
150 62
234 109
279 144
273 150
222 128
142 87
60 44
3 13
0 0
46 15
130 52
218 101
273 140
281 154
242 142
166 109
70 54
1 3
0 0
31 0
115 41
203 91
263 130
281 146
250 136
181 109
95 70
23 29
0 1
19 1
93 33
183 83
255 128
281 148
257 140
193 111
109 70
35 31
0 3
9 1
74 25
166 70
246 117
283 148
267 148
208 121
126 80
48 39
0 9
1 1
58 19
146 58
232 107
279 144
273 152
224 128
144 87
62 42
5 11
0 1
44 13
128 50
216 99
273 136
279 150
238 136
164 99
78 54
13 15
0 0
29 5
109 41
201 91
265 132
283 152
251 144
181 111
97 70
31 39
0 7
5 0
82 9
181 62
259 125
283 156
257 146
195 105
115 64
41 35
0 15
7 9
72 25
164 64
242 113
281 150
267 152
210 123
128 76
48 33
0 5
1 1
56 21
144 58
228 103
277 140
275 150
226 132
148 93
64 46
5 11
0 0
42 15
126 52
214 97
271 134
281 150
240 136
166 101
80 56
15 17
0 0
27 3
107 39
199 89
265 132
283 152
250 140
183 109
97 66
25 27
0 1
17 3
89 33
179 78
253 123
283 150
263 148
199 119
117 76
42 39
0 15
1 1
58 11
156 50
244 105
283 144
267 150
212 121
132 76
54 37
3 13
1 9
54 23
142 58
228 103
7 142
275 152
228 132
148 89
64 42
5 7
0 0
41 13
125 50
205 95
15 125
281 150
242 138
167 105
82 56
15 15
0 0
27 5
105 41
195 87
11 128
283 148
251 140
183 109
99 66
29 27
0 1
15 3
85 31
177 76
251 123
283 148
263 146
201 117
117 74
39 33
0 5
7 1
70 23
160 66
238 115
281 144
271 150
216 126
134 83
54 42
1 11
3 5
58 31
134 60
212 87
269 117
279 138
232 134
150 99
66 46
9 5
0 0
41 17
121 58
208 101
269 132
281 146
242 136
169 107
83 62
17 17
0 0
25 1
101 39
193 89
261 130
283 148
253 140
187 109
103 68
29 27
0 1
13 1
82 29
175 76
250 123
283 148
263 146
203 117
119 76
41 35
0 5
5 0
68 21
158 66
238 113
279 144
271 148
218 125
138 85
56 42
1 11
0 0
50 15
138 56
222 105
275 140
277 150
232 132
154 93
70 50
9 15
0 3
42 19
121 54
201 91
259 123
277 136
244 130
173 101
85 58
17 17
0 0
25 3
101 41
191 89
259 130
283 150
255 142
189 113
103 70
29 29
0 0
11 0
82 25
173 74
248 121
283 146
265 146
205 121
121 80
42 37
0 5
5 0
64 21
154 64
234 111
279 144
273 148
218 125
138 85
56 41
3 11
0 1
48 17
134 52
220 103
275 140
277 152
234 134
158 95
72 48
9 13
0 0
35 11
117 44
205 91
17 134
250 150
246 140
175 107
89 62
19 23
0 1
23 7
99 39
189 89
261 140
277 148
246 125
185 89
107 58
35 31
0 9
9 0
80 19
171 68
248 123
283 156
267 154
207 121
123 74
44 35
0 9
1 3
62 19
150 58
234 107
279 142
273 152
222 128
142 87
58 42
3 9
0 0
46 15
132 52
220 99
273 138
279 152
236 134
158 97
74 50
11 15
0 0
33 11
113 44
203 91
267 132
283 150
246 140
177 105
91 62
23 23
0 1
21 3
95 37
187 82
257 126
283 150
257 144
193 113
109 70
33 29
0 3
11 3
78 29
171 76
253 128
283 156
259 146
199 107
123 64
46 29
0 5
1 0
50 15
25 52
236 107
33 150
275 158
218 125
128 87
62 42
5 11
0 1
31 13
130 48
218 95
0 134
273 148
238 126
162 97
62 52
3 15
0 0
33 9
109 46
68 93
0 130
283 150
250 140
171 107
93 62
23 23
0 0
19 3
91 35
183 80
5 125
283 148
259 146
195 115
111 72
31 29
0 3
1 1
76 25
42 70
244 117
31 148
267 148
210 123
128 82
48 39
0 7
1 0
58 19
148 62
230 109
29 144
281 160
220 142
138 87
52 25
1 0
0 0
46 17
126 56
210 93
23 128
283 148
240 142
162 109
80 58
15 15
0 0
29 7
107 44
199 91
13 128
281 146
248 136
181 109
97 66
17 25
0 0
17 1
91 33
181 82
3 126
281 148
259 144
197 115
113 74
37 31
0 3
1 0
72 25
158 66
234 113
281 146
271 150
212 125
130 82
50 39
0 9
1 1
56 19
144 58
228 107
27 142
275 150
228 130
148 91
64 46
7 13
0 0
41 13
125 50
214 97
273 136
283 156
248 150
167 109
72 50
3 0
0 0
31 1
107 42
195 87
261 125
285 146
255 142
185 115
99 72
25 29
0 0
15 1
85 31
177 80
253 125
283 148
261 142
199 113
115 74
39 33
0 3
7 0
70 23
160 68
240 117
279 144
271 148
214 125
132 83
50 41
0 7
0 0
54 17
142 60
226 105
277 140
277 150
230 130
150 93
68 48
0 13
0 0
39 11
123 46
212 95
21 136
281 152
242 138
167 101
68 56
17 19
0 1
25 5
105 41
195 87
261 130
283 152
253 144
187 113
105 76
29 37
0 0
3 0
80 7
179 68
253 126
281 154
261 142
203 109
121 74
44 42
0 15
5 5
68 19
158 60
240 113
279 150
269 152
214 121
134 78
54 37
1 9
0 3
52 17
5 52
226 101
7 142
277 154
230 134
152 93
70 48
7 13
0 0
37 11
121 46
208 93
19 125
281 150
244 138
171 105
85 60
19 21
0 0
25 5
101 39
193 83
253 128
281 148
253 142
187 111
103 68
29 29
0 3
13 1
82 29
175 76
250 123
281 148
265 146
205 121
125 83
48 46
0 13
0 0
56 5
152 48
240 105
281 146
269 150
218 123
138 80
58 42
3 15
0 5
48 17
130 52
224 103
9 142
275 154
230 134
156 91
70 48
9 13
0 0
35 9
119 44
207 91
267 132
281 152
246 140
173 105
87 58
19 19
0 0
25 5
99 39
189 83
257 126
283 148
257 144
189 113
105 68
31 27
0 3
11 3
80 29
171 72
250 119
283 148
265 146
205 119
123 76
44 35
0 7
3 1
62 21
154 62
236 111
279 144
273 150
220 126
140 87
58 44
3 13
3 9
50 27
125 46
208 78
271 117
283 148
236 142
156 101
72 46
13 7
0 0
35 19
115 54
205 93
267 128
281 146
246 140
173 109
89 62
21 19
0 0
21 3
95 37
187 83
259 126
283 148
257 142
193 115
107 72
33 31
0 3
11 0
78 27
169 72
246 119
281 146
267 146
208 121
125 78
44 35
0 5
3 0
60 19
150 60
234 111
281 146
273 152
222 128
142 87
60 46
5 13
0 0
46 13
132 52
220 101
273 140
279 152
236 134
160 97
76 52
13 17
0 5
39 21
111 50
191 83
255 115
281 136
250 134
177 107
89 60
21 17
0 0
23 5
95 41
185 87
257 126
283 148
257 142
193 115
107 72
33 29
0 1
9 0
74 25
167 72
246 119
283 146
267 146
208 121
126 82
48 41
0 9
1 0
60 19
148 60
232 109
277 142
275 150
224 128
146 89
60 44
3 11
0 0
44 13
128 48
216 97
273 136
279 152
238 136
162 99
78 54
13 17
0 1
29 9
109 42
201 89
265 132
283 152
250 142
179 107
95 62
25 23
0 1
19 5
93 37
189 91
253 132
273 138
251 123
195 99
115 70
37 37
0 5
1 0
76 17
42 68
246 123
31 154
267 150
210 121
128 78
48 39
0 11
0 0
54 13
146 54
230 105
11 142
275 152
226 130
148 89
64 46
5 13
0 1
42 13
126 50
214 95
271 134
279 150
240 136
164 99
80 54
13 15
0 0
29 9
107 42
197 87
263 130
281 148
251 140
183 109
95 66
25 25
0 1
17 5
89 33
179 80
253 125
283 148
261 144
199 117
115 74
39 33
0 5
7 1
74 27
166 74
248 128
277 150
257 138
207 105
132 70
52 37
0 9
0 0
54 11
144 54
230 109
277 148
277 156
228 132
150 89
66 46
7 15
0 1
39 11
123 44
212 91
271 132
279 150
240 136
166 99
83 56
17 19
0 1
25 9
105 41
195 85
261 128
281 150
251 142
183 111
97 64
25 23
0 1
17 5
87 33
177 78
251 121
283 148
263 146
199 119
117 76
39 31
0 5
7 1
68 25
160 66
240 113
279 144
271 150
216 126
134 85
52 41
1 9
0 0
52 17
140 58
228 107
279 144
283 162
228 140
142 82
58 27
7 0
0 0
39 17
121 50
208 89
271 126
285 152
246 148
169 111
83 58
17 15
0 0
25 9
101 42
193 85
261 125
283 146
253 142
185 111
101 70
29 27
0 0
13 1
83 31
175 78
250 123
283 146
263 146
201 119
119 78
41 35
0 3
5 0
68 23
156 64
238 113
281 144
271 150
216 126
136 85
54 41
1 9
0 0
50 15
136 54
224 103
277 140
277 152
230 132
154 93
70 48
9 15
0 0
37 13
121 48
210 95
271 136
285 156
248 148
167 107
76 48
11 1
0 0
25 1
101 39
189 83
259 121
285 144
257 144
189 119
103 76
29 29
0 1
13 1
82 31
171 76
248 119
283 144
265 142
205 119
121 76
42 35
0 5
5 0
64 21
154 66
236 113
279 144
271 148
218 125
138 83
56 42
3 9
0 0
48 15
134 54
222 101
275 140
277 152
232 132
156 97
72 50
9 15
0 0
35 9
117 46
205 91
269 132
283 152
246 140
173 105
87 60
19 21
0 1
23 7
97 37
189 83
259 128
283 152
255 146
193 119
111 82
29 35
0 0
1 0
80 11
175 72
248 126
279 148
265 140
208 113
126 80
44 46
0 15
1 1
60 15
154 60
234 113
279 150
271 150
220 123
140 82
58 42
3 13
0 1
46 13
132 48
220 99
275 140
279 152
234 134
158 95
74 50
9 15
0 0
33 9
115 44
205 93
265 132
283 150
248 140
175 107
89 60
21 21
0 0
21 5
95 37
187 83
257 125
283 150
257 146
193 115
107 70
33 29
0 1
9 1
78 29
169 74
248 119
283 148
267 148
208 125
130 87
52 48
0 9
0 0
52 1
150 48
236 107
279 146
271 146
222 123
146 83
62 44
5 17
0 5
44 15
130 50
216 97
273 138
279 154
236 134
160 93
76 48
13 15
0 0
31 9
113 41
203 89
267 134
281 152
248 140
177 105
95 62
23 23
0 1
19 3
93 33
185 80
255 125
281 150
257 144
193 113
111 70
35 31
0 3
9 1
76 27
166 70
244 117
281 146
267 150
210 123
126 80
48 39
0 7
1 0
58 19
148 58
232 109
279 144
273 150
226 130
148 93
64 48
9 19
1 13
41 19
117 37
208 76
271 123
283 152
240 142
162 99
78 48
17 11
0 1
31 17
109 48
199 87
263 125
283 146
251 144
179 113
93 64
23 19
0 0
17 3
89 37
181 82
253 123
283 146
259 142
197 117
113 76
37 33
0 3
7 0
72 25
164 70
242 117
281 144
267 146
212 123
130 83
50 41
0 7
1 0
56 19
144 60
228 109
277 142
275 148
228 128
148 91
64 48
5 13
0 0
42 11
125 48
214 97
271 136
279 150
240 136
166 101
82 60
17 23
0 9
33 17
93 41
187 76
7 115
283 140
253 138
181 109
95 62
27 19
0 0
19 7
89 41
179 83
251 123
281 146
261 144
199 119
115 76
37 31
0 0
7 0
70 25
160 70
240 115
281 146
271 148
214 125
132 83
52 41
1 9
0 0
54 17
142 58
226 105
277 140
275 150
228 130
150 93
66 48
7 13
0 0
41 11
125 48
212 97
269 134
279 148
242 136
167 101
83 58
17 21
0 0
27 5
105 39
195 87
261 128
283 150
253 142
185 111
99 66
27 27
0 3
15 5
89 37
181 89
248 125
271 132
255 123
203 107
121 78
39 39
0 1
5 0
72 19
162 72
240 125
279 150
271 148
216 121
134 83
52 42
0 11
0 0
52 13
138 52
224 103
275 142
279 152
232 132
152 93
68 50
7 15
0 1
37 11
121 46
208 93
269 134
281 152
242 136
169 101
85 56
19 19
0 0
25 5
103 39
193 85
259 128
283 150
255 144
187 111
101 66
29 27
0 1
15 3
83 31
173 76
251 121
283 148
265 148
203 119
119 76
42 35
0 7
5 1
68 25
164 74
242 123
273 144
261 136
212 111
138 76
56 41
1 11
0 0
48 7
140 52
226 109
275 148
277 156
232 132
156 93
70 50
7 17
0 0
35 7
119 42
207 91
267 134
281 152
244 138
171 101
87 58
21 21
0 3
23 7
97 35
189 82
261 126
283 152
255 144
189 113
105 68
31 27
0 3
11 1
80 27
173 74
250 121
281 148
265 148
205 121
123 78
42 35
0 5
5 1
64 21
152 64
236 109
281 142
273 150
220 128
138 87
58 42
5 11
0 1
48 19
134 56
222 105
277 144
283 166
226 134
146 78
68 29
13 3
0 3
33 15
113 44
205 83
269 126
283 156
248 150
173 111
89 58
19 15
0 0
21 9
95 41
187 82
257 119
283 146
257 144
191 115
105 68
33 25
0 1
11 1
78 31
169 74
248 119
283 146
265 146
207 121
125 82
46 39
0 7
1 0
62 19
152 62
236 111
279 144
273 148
222 126
142 89
58 46
3 11
0 0
46 13
132 54
218 101
273 140
279 150
236 134
160 97
74 52
11 15
0 0
33 9
113 44
205 93
269 138
289 162
248 150
167 101
82 46
19 7
0 0
21 5
93 35
185 78
257 121
285 148
259 150
193 121
109 74
33 27
0 0
11 1
76 29
166 72
244 115
281 142
267 144
208 121
126 82
48 37
0 5
1 0
60 21
148 62
232 111
279 144
273 150
222 128
144 87
62 46
5 11
0 0
42 11
130 50
218 101
273 140
277 150
238 134
164 99
78 56
11 19
0 0
31 9
111 42
201 91
263 132
283 152
250 140
179 107
93 62
23 25
0 1
19 5
91 33
183 80
257 126
283 152
259 146
199 123
117 85
29 31
0 0
3 0
76 17
169 74
244 123
281 144
267 140
214 119
130 87
48 48
0 11
1 0
58 13
146 60
228 111
275 144
275 146
224 125
146 87
64 46
5 15
0 1
42 11
126 48
214 99
273 138
279 152
238 134
164 97
80 52
15 17
0 0
27 5
107 39
199 87
265 130
283 152
250 140
183 107
97 64
25 25
0 1
17 3
89 33
181 78
253 123
283 150
261 148
197 117
115 74
37 31
0 5
9 3
72 27
162 68
242 115
281 146
269 150
216 126
138 95
52 48
0 3
0 0
52 1
144 52
228 107
275 142
273 146
228 125
152 91
66 52
5 19
0 1
42 11
126 48
212 99
269 138
279 152
240 134
166 97
80 54
15 17
0 0
29 7
105 39
195 87
263 130
283 152
251 142
181 109
97 62
27 25
0 3
15 5
85 31
177 76
251 121
283 150
261 146
199 119
117 74
39 33
0 5
7 1
70 25
160 70
240 115
279 144
269 146
216 125
134 85
52 42
0 9
1 0
54 17
140 58
226 107
277 142
277 152
230 132
152 93
68 50
13 23
0 9
29 5
111 25
207 74
275 130
283 158
240 142
167 97
85 48
19 17
0 7
25 15
103 42
193 82
261 125
281 150
251 146
185 113
101 62
27 19
0 0
15 5
83 33
175 74
251 119
283 146
263 148
201 119
119 76
41 35
0 5
5 1
66 23
158 66
238 113
279 144
271 148
216 125
134 83
54 41
1 7
0 0
52 15
140 56
224 105
275 140
277 150
232 132
154 97
70 50
9 13
0 0
39 11
119 48
208 93
269 134
283 152
244 140
171 105
85 60
23 25
1 13
23 15
89 33
181 68
259 111
285 146
253 146
185 111
103 62
31 19
0 1
15 9
82 37
173 78
250 117
283 144
263 150
203 123
119 78
41 29
0 0
5 0
66 25
156 66
236 111
281 142
273 150
218 128
136 87
56 42
3 9
0 0
48 13
134 54
224 103
277 140
277 152
232 132
156 95
72 50
9 15
0 0
35 9
117 44
207 91
269 134
281 152
246 140
173 105
87 60
19 21
0 1
23 5
97 37
189 80
259 125
285 150
255 146
189 115
105 70
31 29
0 5
13 7
85 41
173 83
238 111
273 125
263 126
208 115
125 83
42 37
0 0
5 0
68 21
156 74
236 121
279 146
273 144
220 123
140 89
56 48
1 9
0 0
46 9
132 52
220 103
273 140
279 150
234 130
158 93
74 52
11 19
0 1
33 9
115 42
203 91
267 132
283 152
246 140
175 103
89 58
21 21
0 1
21 7
97 37
187 82
257 126
283 150
257 146
193 115
107 70
33 29
0 1
11 1
78 27
169 72
246 117
283 146
269 150
207 123
125 80
46 37
1 9
5 5
64 27
156 72
230 115
267 134
265 134
220 115
144 83
60 44
1 11
0 0
46 11
134 54
220 107
273 144
279 152
236 132
162 97
76 56
9 19
0 0
31 3
113 41
203 89
265 132
281 150
248 138
177 105
93 62
21 25
0 1
19 5
93 33
183 78
257 125
283 152
259 146
195 113
109 70
37 29
0 3
9 3
76 27
166 70
246 115
281 146
267 150
210 123
126 80
48 39
0 7
1 0
58 19
148 60
232 109
279 142
275 150
224 130
144 91
62 46
5 11
0 1
44 15
128 52
216 101
279 150
279 162
226 126
152 74
76 37
17 15
0 7
29 11
109 37
201 80
267 130
285 160
250 152
179 109
95 58
23 19
0 3
17 7
89 35
181 74
253 119
283 146
261 146
197 119
113 72
35 27
0 1
9 3
72 27
164 70
244 115
283 146
269 150
212 125
128 82
50 39
0 7
0 0
56 17
146 58
230 107
277 142
275 150
226 128
148 91
64 46
5 11
0 0
42 13
126 52
214 99
271 136
281 150
240 136
166 101
82 56
15 17
0 0
29 7
109 42
199 89
267 136
291 164
248 144
169 97
87 44
25 9
0 0
17 3
85 31
179 72
255 119
285 152
261 154
199 123
115 76
39 31
0 3
5 3
68 25
162 66
242 113
281 142
269 148
212 123
132 82
52 41
0 7
0 0
54 17
142 58
226 105
277 140
275 150
228 130
150 91
66 46
7 13
0 0
39 11
123 46
212 95
271 134
281 152
242 138
167 101
83 56
17 19
0 0
27 7
105 41
197 85
11 128
283 150
250 142
183 111
99 66
27 25
0 1
15 3
87 33
177 80
251 123
283 150
265 150
207 130
115 83
27 21
0 0
5 0
72 23
160 74
238 117
281 138
271 140
220 126
136 95
52 50
0 9
0 0
54 13
140 60
224 109
275 140
275 144
230 125
152 91
68 50
9 17
0 0
39 9
121 46
210 97
271 138
281 152
242 136
167 99
83 56
17 21
0 1
23 5
101 35
195 83
261 130
283 152
253 142
187 109
101 66
29 27
0 3
13 3
83 29
175 74
250 121
281 148
263 146
203 117
119 76
41 31
0 5
5 1
68 25
0 66
238 113
31 146
265 154
128 134
125 95
46 42
0 0
0 0
46 3
5 52
224 103
7 138
277 144
138 126
158 97
64 58
9 21
0 0
35 7
119 44
207 95
17 128
279 150
244 134
171 99
78 56
17 21
0 1
25 5
101 37
191 83
1 126
250 142
257 146
189 113
95 68
31 27
0 1
5 3
1 29
46 72
250 119
283 148
265 148
205 119
121 78
42 35
0 5
3 0
62 19
156 64
236 113
279 144
271 148
220 126
140 87
56 44
1 11
0 0
48 15
136 56
222 105
275 140
279 152
234 134
158 97
74 56
15 29
0 5
23 0
109 21
205 78
271 134
283 158
244 140
173 97
91 54
23 25
0 11
21 13
97 37
189 78
257 125
281 152
255 148
189 113
107 64
31 23
0 0
11 3
80 31
171 74
246 117
281 146
267 150
207 125
123 80
44 35
0 3
3 0
62 21
150 64
234 109
281 142
273 150
220 128
138 87
60 44
5 11
0 0
44 15
132 52
220 101
275 138
279 150
236 134
160 97
76 52
11 15
0 0
33 9
115 44
205 95
267 134
283 150
248 140
177 109
91 66
25 29
0 9
15 5
83 23
177 64
257 113
285 146
257 144
191 111
109 66
35 27
0 5
11 9
76 31
167 72
246 115
283 146
265 148
207 123
125 78
46 35
0 3
1 0
60 19
150 62
232 109
279 142
275 150
224 130
144 91
60 46
3 11
0 0
44 13
130 52
216 99
273 138
279 150
236 134
160 99
78 54
13 17
0 0
31 7
111 41
203 87
267 132
283 152
248 142
179 107
93 62
23 23
0 1
19 3
91 33
185 80
255 125
283 150
259 146
195 117
111 72
35 31
0 3
15 7
82 42
162 76
232 101
275 123
269 134
214 125
126 87
46 37
0 0
3 0
60 23
148 70
230 115
277 140
275 144
224 126
144 91
62 48
5 11
0 0
42 7
128 48
214 101
273 140
279 150
240 134
164 97
78 54
13 19
0 1
29 7
46 41
70 89
13 130
281 150
251 142
173 109
95 64
17 25
0 1
17 5
82 33
56 78
5 125
283 148
259 146
197 115
113 64
37 31
0 3
0 1
72 23
1 68
236 115
31 146
269 142
212 125
132 83
50 33
0 9
0 3
62 29
148 70
220 107
0 126
271 125
228 119
150 89
62 46
5 7
0 0
44 11
126 54
214 105
21 142
281 152
240 134
166 101
80 58
13 17
0 0
27 1
105 37
197 85
263 130
283 152
251 140
183 109
97 64
27 27
0 1
15 3
87 33
179 76
251 123
283 148
261 144
199 115
115 72
39 31
0 5
7 1
70 25
162 66
242 115
281 146
269 152
214 125
132 82
52 39
0 9
0 1
52 17
142 56
228 105
277 142
275 150
226 132
152 93
68 50
0 15
0 0
41 13
123 50
216 105
27 150
275 154
230 121
162 78
83 44
19 23
0 5
25 7
103 31
197 80
265 132
283 160
251 148
185 109
101 62
27 25
0 5
13 5
83 29
175 70
251 117
283 148
261 148
201 119
119 74
41 33
0 3
5 3
66 25
158 66
240 111
281 146
271 152
216 126
134 83
52 41
1 7
0 0
50 17
138 56
224 103
277 140
277 152
230 132
152 93
70 48
9 13
0 0
37 11
121 46
208 93
21 126
281 152
244 138
169 103
85 58
19 21
0 1
25 7
103 39
195 87
265 136
285 160
246 142
177 99
97 50
29 15
0 1
13 1
80 27
175 70
253 119
285 152
263 154
203 123
121 76
42 33
0 5
3 3
64 23
154 62
238 107
29 142
271 148
218 126
138 85
54 41
1 7
0 0
52 19
136 58
222 103
275 138
277 150
232 134
156 97
70 50
9 13
0 0
35 9
117 46
207 93
267 130
281 148
246 138
173 107
87 60
19 21
0 0
23 5
97 37
189 83
259 126
283 148
255 142
189 113
105 68
31 27
0 3
13 3
82 31
173 76
250 123
281 148
271 156
210 132
117 80
31 17
0 0
5 0
68 23
152 70
232 107
279 132
275 142
222 132
140 97
58 50
3 9
0 0
48 13
132 56
220 105
273 138
279 146
232 128
158 95
74 54
11 17
0 0
35 7
117 44
205 95
267 134
279 148
248 136
177 105
89 62
19 23
0 0
23 5
97 37
187 82
257 125
283 148
257 142
191 113
107 68
33 29
0 3
11 1
78 27
169 72
248 119
281 146
267 148
207 121
125 80
46 37
0 7
3 0
62 21
152 62
234 111
279 144
275 152
228 138
144 99
52 44
0 0
0 0
46 3
132 52
216 101
273 134
281 146
240 134
162 103
76 60
13 21
0 1
31 7
111 42
201 93
265 132
250 148
246 136
177 95
91 62
21 23
0 0
19 3
95 35
60 83
7 128
283 150
259 144
193 113
109 70
33 31
0 3
1 0
76 25
167 70
244 117
283 146
267 148
208 121
126 78
46 35
0 7
3 1
58 21
148 60
232 109
279 142
275 150
224 130
144 89
62 44
5 11
0 0
42 13
128 50
218 101
273 138
279 152
238 138
162 99
80 60
17 31
0 1
17 0
105 19
203 78
269 134
283 158
248 138
179 99
97 58
25 29
0 11
17 9
91 31
183 76
255 125
281 154
257 148
195 113
111 68
37 27
0 3
9 1
74 27
166 68
244 115
281 144
267 148
212 125
130 82
48 37
0 5
1 0
58 19
146 60
230 107
277 140
275 150
226 130
146 91
62 46
5 11
0 0
42 13
126 50
214 99
273 136
281 152
240 136
164 99
80 54
15 19
0 1
29 9
107 42
199 87
263 130
283 152
251 142
183 109
99 68
33 35
0 9
9 1
78 17
175 60
255 113
285 150
259 148
195 113
115 66
41 29
0 7
9 9
70 29
162 66
242 111
281 146
269 152
212 125
130 80
52 35
0 5
1 0
54 19
142 58
228 103
277 140
277 150
228 134
150 95
66 48
7 11
0 0
41 13
125 50
212 97
269 134
281 150
242 136
167 101
82 58
15 17
0 0
27 7
105 39
195 85
263 130
285 152
251 144
183 111
99 66
27 27
0 3
15 3
85 33
179 78
251 123
283 150
263 148
201 119
119 76
39 35
0 5
11 7
74 37
152 66
228 95
275 123
273 140
218 130
132 89
50 37
1 0
3 0
56 25
140 68
224 111
277 138
277 146
228 130
150 95
66 48
9 11
0 0
39 9
123 46
210 97
271 136
281 150
242 136
169 101
85 60
17 21
0 0
25 3
103 37
193 85
261 130
283 150
253 142
187 109
101 66
27 25
0 1
15 3
83 29
175 74
251 121
283 148
263 148
201 119
119 74
41 31
0 3
5 1
66 25
158 66
238 113
281 144
271 148
216 126
138 87
56 42
3 11
0 3
58 27
138 64
214 99
265 125
273 134
232 125
154 93
68 50
7 9
0 0
41 11
121 52
208 101
269 136
281 150
242 136
169 103
85 60
17 21
0 0
25 1
99 37
191 85
259 128
283 150
253 140
189 111
103 68
29 29
0 3
13 1
82 29
173 74
250 121
281 148
263 146
205 119
121 78
41 35
0 5
3 0
66 23
156 66
236 113
279 144
273 150
218 126
138 87
56 42
1 9
0 0
48 15
134 54
222 103
275 140
277 152
232 132
156 95
72 50
11 17
0 1
35 11
117 48
212 103
265 144
273 146
234 119
169 83
91 54
21 25
0 3
21 1
99 29
191 82
251 132
283 158
255 146
191 111
105 66
31 27
0 5
11 3
78 25
171 66
248 115
283 148
265 148
205 121
123 76
44 35
0 7
3 1
62 23
152 62
234 109
279 144
273 150
220 128
140 87
58 42
3 9
0 0
48 15
132 54
220 101
273 138
279 150
236 134
158 97
74 52
11 15
0 0
33 9
113 42
205 91
269 134
283 152
246 140
175 105
91 60
23 23
0 1
19 5
95 37
189 85
265 136
281 156
248 138
183 97
105 54
35 21
0 1
9 1
76 23
169 66
250 119
283 152
267 154
207 123
126 76
46 33
0 7
1 3
58 21
148 56
234 103
279 140
273 152
222 130
142 87
60 41
3 9
0 0
44 13
132 54
218 101
273 136
279 150
236 136
162 99
76 54
11 15
0 0
31 7
111 42
201 91
265 130
283 150
250 140
177 107
91 62
23 21
0 1
19 5
91 33
185 80
257 125
283 150
259 146
193 115
111 72
31 31
0 5
9 1
76 27
167 70
246 117
281 148
273 158
212 134
119 76
37 17
0 0
5 0
62 27
146 66
228 103
279 134
277 148
226 138
146 99
60 48
5 7
0 0
42 13
126 54
214 99
273 134
279 148
238 134
162 99
78 56
13 17
0 0
29 7
109 42
201 91
265 132
281 150
250 138
181 107
95 64
23 23
0 0
19 1
91 33
183 80
253 125
283 148
261 146
197 117
113 74
35 31
0 3
7 1
72 25
39 68
242 115
31 146
269 148
212 123
128 80
50 39
1 9
1 1
48 21
146 60
230 109
29 144
279 156
169 142
146 97
46 39
0 0
0 0
35 7
126 50
205 93
21 125
281 144
234 134
167 107
64 64
13 21
0 0
29 5
107 42
197 91
11 130
281 148
250 138
181 107
97 64
27 25
0 1
17 1
87 31
179 78
3 125
283 150
257 144
197 115
115 72
39 33
0 5
5 0
62 23
162 66
234 115
281 146
271 148
216 125
132 82
50 41
0 7
0 0
54 17
142 58
228 105
277 140
277 150
228 130
150 91
66 48
0 13
0 0
41 11
123 48
212 97
271 138
281 152
242 138
169 103
87 66
17 27
0 0
17 0
103 21
199 83
263 136
281 154
251 136
185 103
101 66
29 33
0 9
15 5
85 27
177 72
251 121
281 152
261 148
201 113
115 68
39 29
0 5
5 3
66 23
160 62
240 113
281 146
269 152
214 126
134 83
54 39
0 9
0 1
52 17
140 56
224 103
275 140
275 150
226 132
152 93
68 48
0 13
0 0
39 13
121 48
210 95
15 126
281 152
242 138
169 101
85 56
19 21
0 1
25 7
101 39
193 83
261 128
283 152
255 146
187 113
105 72
35 37
0 7
3 0
74 11
173 60
251 115
283 148
261 146
201 115
121 70
44 33
0 11
5 7
66 25
0 64
234 111
21 146
271 152
216 126
136 82
54 37
1 7
0 0
50 17
128 54
224 101
25 138
277 152
230 134
154 95
70 48
9 15
0 1
35 11
119 46
207 93
269 134
281 152
244 140
171 105
87 58
19 19
0 0
23 5
99 39
189 83
251 126
283 150
255 144
189 113
103 68
31 27
0 1
11 1
80 27
173 74
250 121
283 150
265 148
207 121
123 78
44 37
0 9
9 11
64 29
142 52
218 87
27 125
275 146
220 134
138 89
54 37
5 1
1 1
50 25
134 64
220 103
275 134
279 148
232 136
156 99
70 50
9 9
0 0
35 5
117 48
207 95
267 134
283 148
246 138
173 105
89 64
21 23
0 0
21 3
95 35
189 83
257 128
281 150
255 142
193 111
107 70
33 31
0 3
11 1
80 27
169 72
246 119
283 148
267 148
207 121
123 78
44 35
0 5
3 1
62 21
150 62
234 109
279 142
273 150
222 128
142 89
60 44
5 13
1 5
54 27
128 56
208 91
265 121
277 136
238 130
158 97
72 50
11 9
0 0
35 11
115 50
203 97
267 132
283 150
248 140
175 109
89 62
21 19
0 0
19 1
93 33
185 82
257 126
283 150
257 144
193 115
109 72
33 31
0 3
9 0
76 27
167 72
244 117
281 146
267 148
208 121
126 80
46 37
0 7
1 0
60 19
150 60
232 109
279 142
275 150
224 128
144 87
60 44
5 11
0 0
44 13
128 52
216 99
273 138
279 152
236 136
162 97
78 52
13 17
0 0
31 11
113 46
208 103
263 138
271 138
240 117
177 91
97 64
23 31
0 1
17 0
93 27
187 83
257 136
281 158
259 144
195 111
111 70
35 33
0 7
9 1
74 21
166 64
244 115
283 150
269 152
212 123
128 78
48 37
0 9
1 3
56 21
146 58
230 105
277 142
275 150
224 130
146 89
62 44
5 9
0 0
42 13
128 52
214 97
271 136
279 150
240 136
164 101
80 54
13 17
0 0
29 5
109 41
201 91
263 132
283 150
251 140
181 109
97 66
25 25
0 3
17 5
82 35
60 83
9 132
277 150
250 134
187 99
113 60
39 27
0 5
5 0
64 19
41 64
244 119
31 152
269 154
212 123
132 80
46 31
0 7
0 0
56 17
140 56
228 103
7 140
275 152
228 132
148 91
64 44
7 13
0 0
33 13
125 50
214 95
271 134
281 150
240 136
166 97
82 54
17 19
0 0
27 7
105 39
197 87
263 130
281 150
251 142
183 109
97 64
27 25
0 1
17 1
85 31
177 76
251 121
285 148
263 148
199 119
115 76
39 33
0 5
7 1
70 27
160 68
242 115
283 150
275 162
210 128
123 70
44 17
1 0
3 0
54 23
138 58
226 99
279 136
279 154
230 140
152 99
68 48
7 7
0 0
39 13
121 50
210 95
269 130
281 146
242 136
167 103
82 58
15 15
0 0
27 7
105 42
195 91
261 130
283 150
253 140
185 109
99 68
29 27
0 0
15 1
83 29
177 78
251 123
283 148
263 144
201 117
119 76
39 33
0 5
7 1
68 23
158 66
238 113
281 144
271 150
216 126
136 85
54 41
1 9
0 0
52 17
138 56
224 105
277 142
281 158
234 142
148 97
58 39
1 0
0 0
39 7
119 48
207 93
269 130
283 146
246 140
171 109
85 62
19 21
0 0
25 5
101 41
189 85
259 126
281 144
255 138
187 111
103 68
29 27
0 0
15 1
83 29
173 76
250 121
283 148
263 144
203 119
121 76
42 35
0 5
5 0
64 19
154 62
238 111
281 146
271 152
218 126
138 85
56 42
3 9
0 0
50 15
136 54
222 101
275 138
277 152
232 134
156 95
70 50
9 13
0 0
37 13
119 48
207 93
269 134
283 152
246 142
175 111
93 72
17 25
0 0
13 0
99 19
193 83
251 134
281 150
255 134
191 105
107 70
33 37
0 11
11 1
80 23
171 70
248 121
281 150
263 146
205 115
123 72
42 33
0 7
3 1
62 21
152 60
236 109
279 146
273 154
220 130
140 87
58 42
3 11
0 0
46 15
132 52
220 99
273 138
277 150
234 132
158 95
76 52
11 17
0 0
33 9
115 44
207 93
267 134
281 150
246 138
175 105
89 60
21 23
0 0
21 5
95 35
187 82
257 125
283 150
259 148
195 119
113 78
37 39
0 5
0 0
70 9
169 58
248 115
281 148
263 146
207 115
126 76
48 39
0 13
1 3
60 19
150 58
234 109
277 144
271 152
220 126
142 83
60 42
3 11
0 0
46 13
132 50
218 99
273 138
279 152
236 136
160 97
74 52
11 15
0 0
31 9
111 42
203 89
267 132
283 152
248 140
177 107
93 62
23 23
0 1
19 5
93 35
185 80
257 125
281 150
259 146
195 115
109 70
33 29
0 3
11 3
76 29
167 72
244 117
283 148
267 150
210 125
126 82
48 39
3 11
7 13
54 23
136 44
222 82
279 126
279 152
224 136
142 89
62 37
7 3
0 1
44 23
128 58
216 97
271 130
279 146
238 138
162 103
78 54
11 11
0 0
31 5
109 44
201 91
265 130
283 148
251 140
179 109
93 62
25 23
0 1
19 5
89 35
181 82
255 125
283 150
259 146
195 115
111 72
37 31
0 3
9 1
74 25
166 70
244 117
281 146
267 148
212 121
130 82
50 39
0 7
1 0
56 19
146 60
230 107
277 142
277 150
228 130
148 91
64 46
7 13
1 7
46 25
119 52
203 83
265 119
281 140
240 134
164 101
78 52
15 11
0 0
31 11
109 48
199 93
263 130
283 146
251 140
181 111
95 66
23 23
0 0
17 0
89 33
179 80
251 125
283 146
263 144
199 117
113 74
37 33
0 3
7 0
70 23
162 68
242 117
281 146
269 150
214 123
130 82
52 41
1 9
0 0
54 15
142 56
228 105
279 142
277 152
228 130
150 91
66 48
7 15
0 0
39 11
125 48
214 97
271 136
281 152
242 138
167 103
66 58
17 19
0 1
19 9
109 48
201 101
257 130
271 132
246 119
185 95
101 68
27 31
0 1
15 0
89 27
181 82
253 132
283 156
261 144
201 113
117 74
39 35
0 5
5 0
68 17
160 62
240 115
281 148
271 150
216 125
134 83
52 41
1 9
0 1
52 15
140 54
226 103
277 142
277 152
230 132
150 91
68 46
9 15
0 1
37 13
121 46
210 93
269 134
281 152
242 138
169 103
85 56
17 19
0 1
25 7
103 39
193 83
261 128
283 150
253 144
185 113
103 68
29 27
0 3
15 5
85 35
181 83
253 130
275 146
253 132
197 101
119 64
41 31
0 5
3 0
66 17
160 62
240 115
281 150
271 152
216 126
136 83
54 42
0 11
0 0
50 13
138 52
224 101
275 138
277 152
232 134
154 93
70 50
7 15
0 0
37 11
119 44
207 89
269 132
283 152
244 138
169 103
87 58
19 19
0 1
23 7
99 37
191 82
259 126
283 148
255 144
187 113
103 68
29 27
0 1
11 1
82 27
173 74
250 121
281 148
265 146
205 119
123 78
42 37
0 5
5 1
64 23
154 66
236 113
281 150
277 162
212 126
126 70
50 21
5 0
1 3
48 21
132 50
222 91
279 136
281 158
232 142
156 101
72 48
11 11
0 0
33 13
115 48
205 89
267 128
281 146
246 138
173 107
89 60
21 19
0 0
23 3
99 37
189 85
257 128
283 150
257 142
191 113
105 70
31 29
0 1
11 1
80 27
171 72
248 119
281 146
265 146
207 119
123 78
46 37
0 7
3 0
62 21
154 64
234 111
279 144
271 150
220 126
140 87
58 44
3 9
0 0
48 17
132 54
220 103
277 142
285 162
236 144
150 93
62 37
7 0
0 0
35 7
113 42
203 87
267 126
285 148
248 142
177 113
91 68
21 23
0 0
19 5
93 37
185 82
257 125
281 146
250 142
126 113
109 72
33 29
0 1
3 0
78 27
13 72
244 117
33 146
267 148
208 123
125 80
37 37
0 5
3 0
60 21
148 62
232 109
29 142
273 150
218 128
144 89
60 44
5 11
0 0
44 13
130 52
218 101
273 136
277 148
238 134
162 99
76 56
11 17
0 0
33 9
109 44
201 91
265 132
283 152
250 142
183 119
97 76
15 21
0 0
13 0
95 23
187 83
255 130
281 146
251 136
197 111
113 78
37 42
0 11
7 0
74 21
166 70
244 121
279 150
267 144
203 117
128 78
48 39
0 9
0 0
60 17
148 58
232 109
277 144
275 150
226 130
146 89
62 46
5 13
0 0
42 13
126 48
214 97
273 138
281 152
238 136
164 97
80 54
15 17
0 1
29 7
107 41
199 87
265 130
283 152
250 140
181 109
97 64
25 25
0 1
17 3
91 35
181 80
253 125
283 150
261 146
199 119
121 83
37 39
0 0
0 0
68 7
166 60
244 117
281 146
267 144
212 119
132 80
52 42
1 15
1 3
56 17
144 56
228 105
277 142
275 152
226 130
148 87
64 44
5 11
0 0
42 13
126 50
214 97
271 136
279 152
240 136
166 99
80 54
13 15
0 0
29 7
107 41
197 85
263 128
283 150
251 142
183 111
97 64
25 23
0 1
15 5
80 35
54 78
0 123
283 148
261 144
199 115
117 74
39 33
0 5
7 0
70 23
162 68
242 115
281 146
269 150
214 125
134 83
52 42
5 17
3 13
46 15
130 37
222 83
279 132
279 156
228 136
148 89
66 39
11 11
0 5
39 21
121 52
210 91
271 130
281 150
240 140
166 103
83 52
17 13
0 0
25 5
105 42
197 89
261 130
281 148
253 142
185 113
99 70
27 27
0 0
15 1
85 31
177 78
250 121
283 146
263 146
201 117
117 74
39 33
0 5
7 1
68 23
158 66
240 111
281 144
271 150
216 126
134 83
54 41
1 7
0 0
52 17
140 56
224 105
277 140
275 150
230 132
154 95
70 54
11 19
3 11
39 19
111 42
199 80
265 119
283 142
244 138
167 101
83 50
19 13
0 0
27 11
101 44
191 87
259 125
283 148
255 144
185 115
101 68
29 23
0 0
13 0
82 29
173 76
250 121
283 146
263 144
203 121
121 80
41 35
0 5
5 0
66 23
154 66
236 109
281 144
273 150
218 126
136 85
56 41
3 9
0 0
50 17
136 54
222 103
275 138
277 150
232 132
156 95
72 50
9 15
0 0
37 9
119 46
207 95
267 134
281 152
244 138
173 105
87 60
19 21
0 0
25 7
107 46
193 95
250 123
271 128
253 123
193 107
107 76
29 31
0 0
13 0
83 25
173 80
250 128
283 150
265 142
205 115
121 78
42 39
0 7
1 0
64 15
154 60
234 111
279 146
273 150
220 126
140 85
56 44
1 13
0 0
48 13
132 50
220 101
275 138
279 152
234 132
158 93
72 50
11 15
0 0
33 9
115 42
207 91
267 134
281 152
246 140
173 103
89 60
21 23
0 1
21 5
97 35
189 82
257 126
283 150
255 144
191 115
107 70
33 29
0 3
13 5
80 33
177 83
246 126
273 142
257 132
205 107
126 74
46 37
0 3
1 0
62 15
154 62
236 115
279 150
273 152
220 126
142 85
60 44
3 13
0 0
44 9
130 46
218 99
273 138
277 152
236 130
162 95
76 54
11 19
0 1
33 9
115 42
203 89
265 132
281 152
248 140
175 105
89 58
21 21
0 1
19 5
95 37
185 80
257 125
283 150
257 146
193 113
109 68
35 29
0 1
3 1
76 27
42 72
246 117
33 146
267 148
208 123
126 82
46 39
0 7
1 0
60 21
150 62
232 111
35 154
275 156
214 123
134 68
58 25
9 5
0 3
42 15
126 46
218 91
277 138
281 160
236 146
162 101
78 50
13 13
0 1
29 11
109 41
201 83
265 126
283 148
250 142
179 111
95 64
25 21
0 0
19 5
91 37
183 82
253 123
283 146
259 144
195 117
111 74
35 29
0 1
9 0
74 27
166 72
242 117
281 146
269 148
212 125
128 82
48 37
0 7
1 0
58 19
146 60
230 109
277 142
275 150
226 130
148 91
64 46
5 13
0 0
42 13
128 52
216 101
275 142
285 160
238 142
154 93
70 41
11 5
0 0
29 9
107 42
197 83
265 126
285 152
253 148
181 115
95 66
25 21
0 0
17 5
87 35
179 76
253 117
283 142
261 144
197 117
115 74
37 29
0 1
7 1
72 25
162 70
242 115
281 144
269 148
212 125
130 82
48 39
0 7
1 0
56 17
142 58
226 103
279 142
277 152
228 132
148 93
66 48
7 13
0 1
41 13
125 48
212 95
271 136
279 152
240 136
167 99
82 56
15 17
0 0
27 5
105 39
197 85
263 132
283 154
253 146
189 123
99 74
17 17
0 0
13 0
91 27
181 82
250 123
281 142
263 138
203 117
117 83
39 41
0 7
5 0
68 19
158 66
240 117
279 146
269 144
214 119
134 82
52 42
0 11
0 0
54 15
142 56
226 107
277 144
275 150
228 130
152 91
66 48
7 13
0 0
39 9
123 46
212 95
269 134
281 152
242 138
169 101
83 58
17 19
0 0
25 5
103 39
193 85
261 126
285 152
253 144
185 111
101 66
29 27
0 3
15 3
83 31
175 76
251 121
283 150
263 148
205 125
126 89
39 39
0 0
0 0
68 9
160 64
238 115
279 142
271 142
220 123
138 87
54 48
1 13
0 0
50 15
138 54
224 105
275 142
277 150
230 128
152 89
68 46
9 15
0 1
35 9
119 44
208 93
269 136
281 152
244 138
169 103
85 56
19 19
0 0
25 7
101 39
191 83
259 126
283 150
255 144
187 111
103 66
29 25
0 1
13 3
82 31
173 74
250 119
283 150
265 148
203 119
121 76
42 33
0 5
5 1
64 21
156 64
238 111
281 144
273 150
218 128
138 87
58 46
9 25
0 9
39 5
126 31
220 83
277 136
279 158
232 136
156 87
72 42
13 15
0 9
35 19
117 46
207 87
269 128
281 152
244 142
171 103
87 54
21 15
0 0
21 7
99 39
191 82
259 125
283 148
255 144
189 115
105 70
31 27
0 1
11 1
80 29
171 74
248 119
281 144
265 144
207 121
123 80
44 35
0 5
3 0
62 23
152 64
234 111
281 144
273 150
220 126
140 87
58 44
3 11
0 0
46 15
134 54
220 101
273 138
279 152
236 136
160 99
76 54
15 23
0 9
29 13
103 35
195 74
0 119
283 146
238 140
173 93
89 54
23 17
0 3
23 13
95 42
62 83
1 123
283 148
257 146
191 117
107 68
33 25
0 0
11 0
13 27
44 72
246 115
33 146
267 148
203 123
126 80
46 37
0 5
1 0
62 21
142 64
234 111
21 142
275 148
218 128
144 89
60 44
3 9
0 0
44 13
130 52
218 99
1 138
279 152
236 136
160 97
76 52
13 17
0 0
31 7
113 41
203 89
265 132
281 152
248 140
177 107
93 64
23 25
0 1
21 9
101 48
183 87
244 113
273 125
257 128
197 115
111 78
31 29
0 0
13 0
80 29
167 82
244 125
281 144
267 140
210 121
126 83
46 41
0 5
1 0
58 13
146 58
232 111
279 144
275 148
224 125
144 87
62 48
5 15
0 0
42 11
128 48
216 97
273 136
279 150
238 132
164 95
80 54
13 17
0 0
31 7
109 41
201 89
265 130
281 150
250 140
179 107
95 62
25 23
0 1
17 5
91 35
183 78
255 123
283 150
259 146
195 115
113 72
39 33
0 7
9 5
78 33
169 80
238 119
269 134
261 130
212 111
132 78
48 39
0 3
1 0
60 15
148 62
230 113
277 146
275 152
226 128
146 89
62 46
5 15
0 0
41 9
125 46
214 97
271 138
279 152
238 136
166 97
80 54
15 19
0 1
27 7
107 41
197 85
263 130
283 152
250 142
181 107
97 62
27 23
0 1
17 5
87 33
179 78
253 123
283 148
261 146
199 119
115 74
37 29
0 1
7 1
72 27
162 70
242 115
281 146
269 148
214 126
132 83
52 41
1 9
0 0
54 17
142 60
230 111
283 156
273 154
216 117
142 70
66 35
11 15
0 5
39 11
123 41
214 89
273 138
281 160
240 144
166 101
82 52
15 15
0 1
25 11
103 41
193 80
261 123
283 148
253 146
183 113
99 64
27 23
0 1
15 5
85 35
177 78
251 121
283 146
261 144
201 119
117 76
39 31
0 1
5 0
68 25
1 66
238 111
31 142
265 150
216 126
134 85
52 41
1 7
0 0
52 17
130 56
224 103
27 138
277 150
230 132
152 93
68 48
1 13
0 0
39 13
121 48
212 97
275 142
285 162
236 140
160 89
78 41
17 7
0 0
25 7
101 37
193 80
263 125
285 152
255 150
185 115
101 68
29 25
0 1
13 5
82 33
173 72
250 117
283 144
263 146
203 121
119 76
41 33
0 5
5 1
66 25
156 66
238 113
279 142
271 148
216 126
136 85
54 41
1 7
0 0
50 15
138 56
224 103
275 138
277 148
232 130
156 95
62 52
9 15
0 0
37 9
119 46
78 93
17 132
281 150
244 140
171 105
87 58
19 21
0 1
23 7
99 39
191 85
259 128
283 152
259 150
193 125
101 72
19 11
0 0
13 0
85 31
173 82
248 121
281 138
267 140
208 125
123 87
42 42
0 3
3 0
64 17
154 66
234 117
29 144
271 144
218 123
138 87
56 46
0 13
0 0
48 11
134 52
222 105
9 144
277 152
232 132
158 93
72 50
9 15
0 0
35 9
115 42
205 91
267 132
281 150
246 138
173 103
89 58
21 19
0 0
21 5
97 37
187 82
250 125
283 148
257 146
191 115
105 70
33 27
0 3
11 3
78 29
171 74
248 121
283 148
267 150
212 128
128 89
39 35
0 0
0 0
64 11
154 62
234 113
277 140
275 144
224 125
144 93
60 52
3 15
0 0
46 11
132 52
218 103
7 140
279 150
236 130
158 93
74 50
13 19
0 1
33 7
113 41
205 91
267 134
283 154
248 140
175 103
91 58
21 21
0 1
19 5
95 35
187 80
257 125
283 150
257 144
193 115
109 70
33 29
0 3
11 1
76 27
167 70
244 115
283 146
267 150
208 125
126 80
46 37
0 7
3 1
60 23
148 62
232 109
279 142
275 152
224 130
144 91
66 54
9 25
0 0
31 0
123 27
218 85
277 142
279 160
234 134
162 91
80 50
15 21
0 9
31 15
111 41
201 83
265 128
281 152
248 142
177 105
93 56
23 19
0 1
17 5
91 35
183 76
257 123
283 150
259 146
195 115
113 72
35 29
0 3
7 1
74 27
166 70
244 117
281 146
267 148
210 123
128 82
48 39
0 5
1 0
58 19
146 60
228 107
279 140
275 150
226 130
146 91
62 46
5 11
0 0
42 13
126 50
216 99
273 138
279 152
238 138
164 101
82 58
21 27
0 9
19 5
97 27
195 72
265 123
283 150
248 142
179 103
97 58
27 21
0 5
17 11
89 37
181 78
253 121
283 148
259 148
197 117
113 70
37 25
0 0
7 1
72 27
162 68
242 115
283 146
269 148
212 125
128 82
52 39
1 9
0 0
54 17
144 56
228 105
277 142
275 150
132 130
148 91
66 46
0 13
0 0
41 11
125 48
214 97
271 136
279 152
240 136
166 99
82 56
13 17
0 0
29 7
105 42
197 87
263 130
283 152
251 142
183 111
97 66
27 27
0 3
17 9
91 44
173 76
240 103
277 125
263 134
203 119
115 80
37 27
0 0
11 0
72 31
160 76
240 119
281 144
269 146
214 125
132 87
50 42
0 5
0 0
52 13
140 56
226 107
277 142
277 150
228 128
150 91
68 50
7 17
0 0
39 9
123 46
212 95
271 136
279 152
240 134
167 99
83 56
15 19
0 0
25 5
105 39
195 85
261 128
283 150
253 142
185 109
99 64
27 25
0 3
17 5
85 31
175 76
251 121
283 150
263 148
201 119
117 74
41 33
0 7
7 3
74 33
160 74
230 109
271 130
267 132
216 117
136 82
52 41
1 5
0 0
54 17
140 62
224 111
275 144
277 150
230 130
152 93
68 50
7 13
0 0
37 5
119 44
208 93
271 136
281 152
242 136
171 101
85 58
19 23
0 3
23 7
101 37
193 83
261 128
281 150
253 142
187 109
103 66
29 25
0 1
13 1
83 29
173 74
248 119
283 148
265 148
203 121
119 78
42 35
0 5
5 1
66 25
154 66
236 111
281 144
273 150
218 126
136 87
56 42
3 9
0 1
50 19
136 56
228 113
279 154
269 150
220 113
150 72
74 42
13 19
0 3
31 3
119 35
212 91
271 142
281 162
244 144
171 101
87 54
19 19
0 3
21 7
97 35
189 78
257 123
283 152
255 146
189 113
105 66
31 25
0 1
13 3
80 31
171 74
248 117
283 146
265 148
205 121
123 76
42 33
0 3
5 0
64 21
154 64
236 111
279 144
273 148
220 126
138 85
58 42
3 9
0 0
48 15
132 54
220 101
275 136
279 152
234 136
158 97
72 52
11 17
0 1
35 11
115 46
207 95
275 144
283 158
236 134
166 87
87 44
23 13
0 0
19 5
95 31
189 78
261 126
285 154
257 148
191 115
107 68
33 29
0 3
9 3
78 29
169 70
246 115
281 144
267 146
207 123
125 78
44 35
0 5
3 1
60 21
150 62
234 109
279 142
273 150
222 128
142 87
60 42
3 9
0 0
46 13
132 52
218 101
273 138
279 150
236 134
160 97
76 54
11 15
0 0
31 7
113 42
203 91
265 132
283 150
248 140
177 107
91 62
23 25
0 1
19 5
93 35
185 82
255 126
283 152
263 154
197 126
101 68
23 9
0 0
13 0
78 31
166 76
244 113
281 136
269 144
212 130
126 91
46 41
0 3
1 0
60 19
146 64
230 111
277 136
275 144
224 126
144 91
62 46
5 11
0 0
44 13
128 52
216 99
273 138
281 152
238 134
162 97
78 54
13 17
0 0
29 7
109 41
201 89
265 130
281 150
250 138
181 107
95 64
23 23
0 1
19 3
91 35
183 80
255 125
283 148
259 144
197 117
111 74
35 29
0 3
9 1
74 27
164 70
244 115
283 148
273 154
218 136
128 87
41 33
0 0
0 0
58 11
146 60
228 107
277 138
277 144
228 130
148 97
64 54
5 15
0 0
41 7
126 48
214 101
271 138
279 148
240 132
166 97
80 56
13 19
0 0
29 5
109 39
197 87
13 130
283 152
251 142
181 107
97 62
17 25
0 1
15 1
80 29
56 78
0 125
283 150
259 146
197 115
115 64
37 31
0 5
5 0
64 23
162 66
234 115
281 144
269 148
214 123
130 80
52 39
1 9
1 1
56 19
142 58
226 105
29 142
277 154
228 134
150 93
72 56
9 23
0 0
27 0
119 27
216 89
273 142
279 156
238 130
167 91
85 54
19 29
0 9
25 9
105 35
197 82
263 130
281 154
251 144
183 105
99 60
27 23
0 3
15 5
87 31
177 74
251 119
283 148
263 148
201 119
117 74
39 29
0 3
5 0
70 23
160 68
240 115
281 144
269 146
216 125
134 83
52 41
1 9
0 0
52 17
140 58
226 105
25 140
277 150
230 132
152 93
68 50
0 15
0 0
39 9
123 48
210 97
269 136
281 152
244 138
171 105
87 64
25 33
0 7
15 0
91 21
191 70
263 123
283 150
251 140
185 105
103 60
31 27
0 7
13 7
85 33
177 76
251 121
281 148
261 148
201 117
119 74
41 31
0 1
5 1
68 23
158 66
238 111
281 142
271 150
216 126
136 85
54 42
1 9
0 0
50 15
128 54
222 101
27 138
277 152
230 132
154 93
70 50
9 13
0 0
37 11
119 46
208 95
269 134
281 152
244 138
171 103
85 58
19 19
0 0
23 5
101 37
193 85
259 128
283 150
255 144
189 113
105 70
31 29
0 5
19 13
82 39
162 66
238 95
281 128
269 142
205 126
119 80
42 29
0 0
7 0
66 31
154 76
236 115
279 140
271 144
218 128
138 91
54 44
1 5
0 0
48 13
136 58
222 107
275 138
279 148
234 132
156 97
72 54
9 17
0 0
35 7
117 44
207 93
269 136
281 152
246 138
173 101
89 58
21 23
0 1
21 5
97 35
189 83
259 128
283 152
255 142
191 111
105 68
31 27
0 3
13 5
80 29
171 72
248 119
283 148
267 150
207 123
123 78
44 35
0 7
7 5
68 31
15 66
224 101
5 126
271 128
222 125
140 87
56 41
3 5
0 0
50 17
134 60
220 107
273 140
279 148
234 132
158 99
72 52
9 13
0 0
33 3
115 42
205 93
265 134
281 150
248 138
177 105
91 62
21 23
0 0
21 3
95 35
185 82
257 126
281 150
257 144
191 113
107 68
33 29
0 3
11 1
76 27
167 72
246 117
281 146
265 146
208 123
126 82
46 37
0 7
1 0
60 21
150 62
232 109
279 142
273 150
224 130
144 89
60 44
5 11
0 0
46 17
132 56
222 113
273 146
269 140
226 111
160 80
80 52
13 25
0 1
29 1
113 33
205 91
267 142
283 160
248 140
177 101
93 58
21 25
0 3
19 5
93 29
58 74
5 123
283 152
259 148
195 115
111 70
35 29
0 3
9 3
74 27
9 68
244 113
31 144
267 150
205 123
126 80
48 35
0 5
1 0
58 19
148 60
232 107
13 140
275 150
126 130
144 91
62 46
5 11
0 0
35 13
128 50
146 97
23 136
279 152
238 136
164 99
64 54
13 17
0 1
29 9
111 44
203 95
19 140
279 152
240 130
173 91
93 50
17 19
0 1
15 3
89 29
183 76
257 126
283 156
259 150
197 117
113 72
37 31
0 5
5 0
72 23
164 66
242 113
281 144
267 148
214 123
130 82
50 39
0 7
1 0
56 21
144 60
228 107
277 142
275 148
226 128
148 91
64 44
5 11
0 0
33 11
125 48
140 97
21 136
250 152
240 136
166 99
80 54
17 19
0 1
27 7
107 41
197 87
263 130
283 150
251 140
183 109
97 64
25 25
0 0
17 3
89 35
179 80
253 125
285 152
267 158
197 125
103 60
29 7
0 0
11 0
72 31
158 70
240 107
283 138
273 150
214 132
132 91
50 39
0 1
0 0
54 19
140 60
226 105
275 134
275 144
228 128
150 95
66 50
5 11
0 0
41 9
125 50
212 99
269 136
281 148
242 134
167 101
82 56
15 17
0 0
27 5
103 39
195 85
263 130
283 150
251 142
183 109
99 64
29 25
0 3
15 5
85 33
48 78
1 123
283 150
263 148
138 119
119 76
39 33
0 3
5 1
68 25
33 68
240 115
31 148
275 156
218 138
128 87
42 29
0 0
0 0
54 13
140 58
222 103
27 134
279 146
232 134
154 99
70 56
9 15
0 0
37 9
121 48
208 97
19 126
279 146
179 132
169 101
85 60
17 21
0 0
25 5
103 37
191 85
259 128
283 150
255 142
187 109
101 66
29 27
0 1
13 1
82 29
173 74
251 121
283 148
263 146
203 117
121 76
42 35
0 7
3 1
66 21
158 64
238 115
279 146
271 150
218 125
138 83
54 41
1 7
0 0
52 15
138 56
222 105
275 140
279 152
234 136
158 101
76 64
5 19
0 0
27 0
117 29
210 93
269 142
279 152
244 130
173 95
91 62
21 31
0 9
21 5
99 33
191 82
259 130
279 152
253 142
189 107
105 64
29 27
0 3
13 3
82 29
171 72
248 117
283 148
265 150
205 123
121 76
42 31
0 5
5 3
64 25
152 64
236 109
279 144
273 150
220 128
138 87
58 41
3 9
0 0
48 17
134 54
220 101
275 138
277 150
234 132
158 97
72 52
9 15
0 0
33 7
119 46
207 95
267 134
281 152
248 140
177 107
93 70
25 33
0 1
9 0
27 19
64 70
9 125
283 150
251 140
191 107
109 66
35 33
0 11
11 7
62 27
13 68
246 117
281 148
265 150
207 119
123 74
44 33
0 5
1 0
62 21
152 62
234 109
279 142
273 150
222 130
140 87
60 42
3 9
0 0
46 15
130 52
218 99
273 136
279 150
234 134
158 97
76 50
11 15
0 1
33 11
113 44
205 91
267 132
283 152
248 140
177 105
91 60
21 21
0 0
19 3
95 35
185 82
257 125
283 148
259 144
195 115
109 74
33 31
0 9
15 15
72 31
156 56
238 93
283 132
271 150
208 128
123 78
46 27
1 1
5 5
60 29
148 68
232 107
279 138
273 148
222 132
142 91
60 42
3 5
0 0
44 13
130 54
216 101
271 134
279 148
238 134
162 99
78 56
13 17
0 0
31 7
111 42
201 91
265 130
283 150
250 138
179 107
93 64
25 23
0 1
19 3
91 33
183 80
255 125
283 150
259 144
195 115
113 72
35 31
0 5
9 1
76 27
166 70
244 119
281 146
269 148
212 123
128 82
50 41
0 9
7 7
62 31
138 60
218 93
273 123
277 138
226 126
144 91
62 44
7 7
0 0
44 15
128 56
214 103
273 136
281 150
238 136
162 101
80 56
13 17
0 0
29 3
107 39
199 89
263 130
281 148
250 138
181 107
97 66
25 27
0 1
17 1
89 33
179 78
3 123
283 148
261 146
197 115
115 64
37 31
0 3
0 1
72 25
158 68
234 115
281 146
269 150
212 123
130 80
52 39
1 7
0 0
54 17
144 56
230 107
277 142
275 150
226 130
148 91
66 46
7 13
0 1
41 15
130 58
218 111
265 136
267 132
236 115
167 91
83 58
15 23
0 0
27 0
109 35
199 91
263 138
283 156
251 140
183 103
99 64
25 27
0 3
13 1
85 25
177 72
253 123
283 152
261 146
199 115
117 72
39 33
0 7
5 3
70 25
160 66
240 113
279 144
269 150
214 126
132 83
50 39
1 7
1 0
54 19
140 58
226 105
277 140
277 152
230 132
150 91
68 48
9 13
0 0
39 11
123 48
210 95
271 136
281 154
242 138
169 103
83 58
19 19
0 1
27 9
105 42
201 95
263 138
275 148
242 128
181 95
101 58
27 25
0 1
13 1
85 27
177 74
253 125
285 156
263 152
203 119
119 74
41 33
0 5
5 1
66 21
158 62
238 111
281 144
271 150
216 125
134 83
54 41
1 11
0 1
52 17
138 56
224 103
275 140
277 152
230 132
152 93
68 46
9 13
0 0
37 13
121 48
208 93
269 134
283 152
242 138
169 103
85 56
15 19
0 1
15 7
1 39
193 85
261 128
283 150
253 142
187 111
