80000 10000000 16777 125
222 113
222 109
216 111
212 113
207 113
203 107
197 101
193 99
189 99
183 101
177 95
171 89
166 85
160 83
154 83
148 80
142 76
138 70
130 68
125 66
121 64
113 62
109 58
103 56
97 54
91 52
87 50
82 46
76 42
72 39
68 41
64 39
58 35
54 31
52 31
48 29
42 29
41 27
39 23
31 23
33 21
31 21
31 23
37 29
27 25
15 11
13 0
21 0
25 9
25 17
23 15
25 13
29 13
31 17
31 25
33 27
33 25
37 21
31 21
42 25
44 29
48 29
52 27
54 27
60 29
66 37
62 41
74 41
80 42
85 44
89 48
95 52
99 54
105 54
111 58
117 62
123 66
128 68
134 70
140 74
144 76
152 80
158 82
162 83
162 85
175 89
181 95
185 97
191 101
195 101
201 103
191 107
210 109
214 109
218 111
224 115
228 119
230 121
234 121
238 123
242 126
242 128
244 128
248 128
251 132
251 134
257 142
253 142
246 125
246 109
251 111
257 126
257 136
253 134
253 126
253 123
253 130
250 138
248 138
244 130
240 121
240 119
236 125
232 126
228 123
224 113
220 111
216 111
212 115
207 111
203 107
199 101
193 99
187 99
183 99
177 95
171 91
166 87
160 83
154 82
150 80
144 78
136 74
130 62
125 68
111 64
115 62
109 60
103 56
93 54
91 50
87 48
78 46
78 44
72 41
62 39
64 37
60 35
54 33
50 29
46 27
44 27
41 27
39 25
35 23
33 21
31 21
33 23
33 29
23 21
15 7
15 0
23 1
27 11
25 17
23 17
25 11
27 11
31 17
33 25
33 27
33 23
35 19
39 21
42 25
44 29
46 27
52 25
56 29
60 31
64 37
70 39
74 41
80 41
85 44
89 48
95 52
99 54
107 54
111 58
117 62
123 66
128 68
132 70
140 70
146 76
152 78
158 82
162 83
167 85
173 87
181 93
187 99
191 101
195 101
201 103
207 107
210 109
214 113
218 113
222 115
226 117
230 119
234 123
238 125
240 125
242 125
246 128
250 128
251 132
253 134
259 144
251 138
244 119
246 109
255 117
257 130
253 136
251 130
253 123
255 125
253 132
250 138
246 136
244 126
244 123
240 125
234 126
230 125
228 119
226 113
220 111
216 113
212 113
208 111
203 105
199 101
193 101
189 101
183 99
177 93
169 87
167 85
160 85
154 83
148 80
144 76
138 74
130 70
126 68
119 64
115 62
109 60
103 56
97 54
91 52
87 48
82 46
76 42
72 41
68 39
64 37
58 35
54 31
52 31
48 29
42 27
41 25
41 23
33 25
33 23
31 23
31 27
33 29
21 21
5 5
17 0
25 1
27 11
23 17
23 15
25 11
29 11
31 21
31 25
31 25
35 23
37 21
39 23
41 25
44 27
48 27
50 25
54 27
60 31
66 35
70 39
74 39
78 41
83 44
89 48
95 52
99 52
105 52
111 56
119 62
123 66
126 68
134 68
140 72
146 76
150 78
156 82
164 83
169 87
173 91
179 93
185 95
191 97
197 101
201 105
205 109
210 109
214 111
218 113
224 115
226 119
230 119
234 121
236 123
240 123
244 125
248 128
248 130
250 132
255 136
257 144
250 134
242 115
250 109
257 119
257 134
253 136
253 130
253 123
255 126
251 132
250 136
248 134
244 126
242 123
238 123
236 126
232 125
228 119
224 113
222 111
216 113
212 113
208 111
203 105
199 101
193 101
187 99
183 97
177 93
171 89
166 87
160 85
156 83
150 80
142 76
138 72
132 70
125 68
121 66
115 64
109 58
103 56
97 54
93 52
87 48
82 44
76 42
74 41
68 39
62 37
58 35
54 33
50 31
46 29
44 27
41 29
37 25
37 23
33 21
33 23
35 29
31 29
17 15
13 1
19 0
25 7
25 15
23 17
23 11
25 9
29 13
29 21
31 25
31 23
33 19
35 17
41 23
42 27
44 29
46 27
50 25
56 25
60 33
64 37
68 39
74 39
80 41
83 44
89 48
95 52
99 54
105 54
111 56
117 60
123 64
128 66
132 68
138 70
144 74
152 78
158 82
164 85
167 87
173 89
179 93
185 95
189 99
195 101
199 103
205 105
210 109
214 111
218 115
222 115
226 119
230 119
234 121
238 125
240 125
242 125
248 128
248 130
250 132
255 136
257 142
248 130
242 113
248 109
257 123
257 136
253 138
251 128
253 123
255 126
253 136
248 136
246 132
244 123
244 123
240 126
234 126
230 123
228 117
226 115
220 115
216 115
212 113
208 109
205 107
199 103
193 101
189 101
183 97
177 93
169 89
166 85
162 85
156 83
150 82
142 76
138 74
132 72
126 70
121 68
113 62
109 58
103 56
97 54
91 52
87 50
82 46
78 42
70 39
68 37
64 37
60 35
54 33
50 29
48 29
44 27
41 27
37 23
37 23
35 23
33 25
35 31
29 27
17 11
15 1
19 0
25 7
25 15
21 15
23 11
27 11
31 17
31 25
29 27
31 23
33 19
37 19
31 23
41 27
44 27
48 25
50 23
56 29
60 33
64 37
70 39
74 39
78 41
83 44
89 48
95 52
93 54
105 54
111 58
117 62
123 66
128 68
134 70
140 72
146 76
152 78
158 82
164 83
167 85
175 89
179 93
185 97
191 99
195 101
201 103
207 107
210 111
214 113
218 113
222 115
226 117
230 121
234 123
236 123
240 123
244 125
246 126
248 130
250 130
257 140
255 142
244 125
244 109
253 111
259 126
257 136
253 134
253 126
255 125
255 130
251 136
248 136
248 130
244 125
242 123
238 125
234 125
232 121
228 115
224 113
220 113
216 115
212 113
207 109
205 105
199 103
193 103
187 101
183 97
179 91
173 89
166 89
160 85
154 82
150 80
142 76
136 74
130 70
126 68
121 66
115 62
109 58
105 56
99 54
93 52
85 48
82 44
78 42
72 42
68 39
62 37
58 33
54 29
52 31
48 29
42 27
41 25
39 23
37 23
33 23
33 25
37 31
27 25
15 9
15 0
21 1
27 9
25 17
21 17
23 9
27 11
31 17
29 27
29 27
31 23
33 19
35 19
31 23
41 27
44 25
48 25
52 25
54 29
60 33
66 37
62 39
74 41
80 42
83 46
89 48
93 50
99 52
97 54
111 58
117 62
121 64
128 66
126 68
140 72
146 76
152 78
158 82
164 83
167 87
173 89
179 93
185 95
191 97
197 103
201 105
205 107
208 109
214 111
218 113
222 117
226 119
230 119
234 121
238 123
240 125
244 126
246 128
248 128
250 130
257 142
251 138
244 121
246 109
253 113
259 130
255 138
253 134
253 125
255 123
253 130
251 138
248 136
246 128
244 121
242 123
238 126
236 126
232 123
228 115
226 113
220 115
216 117
212 113
208 107
205 103
199 103
193 103
189 103
183 97
177 93
171 89
166 89
160 87
156 85
148 80
142 76
138 72
132 70
126 70
121 68
115 62
109 58
105 58
99 54
91 52
87 48
82 44
76 42
72 41
68 39
64 39
60 37
54 33
50 29
48 29
44 29
41 27
39 23
31 23
35 23
35 25
35 31
15 21
15 7
17 0
23 1
25 9
23 15
23 15
25 13
27 13
29 17
29 23
29 25
31 21
33 17
35 17
31 21
41 27
42 27
48 25
52 25
56 29
60 35
64 37
68 37
74 39
80 41
83 44
89 48
95 52
99 52
105 54
111 58
117 62
123 64
126 66
132 68
140 70
146 76
150 78
158 82
162 83
167 87
173 89
179 93
185 95
191 99
195 101
199 101
205 105
210 109
214 113
218 115
222 115
226 117
230 119
232 121
238 123
240 125
244 126
246 128
248 130
251 134
257 142
251 136
242 119
246 107
255 115
259 130
255 138
251 130
253 123
257 125
255 134
251 140
248 136
248 128
244 123
242 125
236 126
234 125
232 121
230 117
224 115
220 117
216 117
212 115
208 109
203 103
199 103
195 105
189 103
183 97
177 91
173 89
166 89
160 87
154 83
148 78
144 74
138 74
132 72
126 70
121 66
115 62
109 60
103 58
97 56
93 52
80 48
78 44
78 42
74 42
68 41
64 37
58 33
56 31
52 31
46 31
44 29
41 25
39 23
37 23
35 25
35 29
35 31
23 21
15 5
17 0
25 5
27 13
23 15
23 13
25 11
29 13
29 19
29 23
31 23
31 21
33 19
37 23
39 25
41 25
44 25
48 25
48 25
56 29
60 33
64 37
68 37
66 39
64 42
83 46
82 48
93 50
99 52
97 54
111 56
115 58
123 62
130 68
125 70
138 74
144 76
150 78
158 83
156 85
167 87
173 87
181 91
185 95
189 97
195 101
201 103
207 107
210 109
214 111
218 113
222 115
218 117
230 119
234 119
238 123
240 125
242 125
246 128
250 130
253 138
255 144
248 134
242 115
248 109
255 119
257 132
255 138
253 130
255 125
255 126
253 136
251 138
248 136
246 126
244 121
242 123
240 128
236 128
232 121
228 115
226 113
222 117
216 117
212 113
208 107
205 103
199 105
193 105
187 101
183 95
177 93
171 89
166 89
162 78
156 83
150 80
144 76
138 74
132 70
126 66
123 66
117 64
109 60
105 56
99 54
93 52
87 50
82 46
76 42
72 41
68 39
64 37
58 35
56 33
50 31
48 29
44 29
41 27
39 25
37 23
35 23
37 29
33 29
21 17
17 3
21 0
25 5
25 13
23 17
23 13
25 11
27 13
29 21
29 25
29 25
31 21
33 17
35 19
39 25
41 27
44 25
46 23
52 27
56 31
60 33
64 35
70 37
74 41
78 42
82 44
89 48
95 50
99 52
105 56
109 56
117 60
121 64
126 66
134 68
140 72
146 78
150 80
156 82
162 83
169 87
173 91
177 91
183 93
191 97
197 103
201 105
205 105
210 107
214 111
218 115
222 117
226 117
230 117
234 121
236 123
240 125
236 126
242 126
248 130
1 134
250 142
238 130
242 113
0 109
255 119
257 134
255 138
253 130
255 123
257 126
255 136
251 140
248 134
246 125
246 123
242 126
238 128
234 123
232 119
230 115
226 115
220 117
218 115
214 113
208 109
203 105
197 103
195 103
189 101
183 97
177 91
171 89
167 89
162 87
154 83
150 78
140 68
138 74
130 72
126 68
121 64
115 62
109 58
103 56
99 54
93 52
87 50
82 44
78 42
74 42
70 41
64 39
58 33
56 31
52 31
48 31
44 29
41 25
39 23
37 23
35 25
37 31
31 29
19 13
15 1
21 0
27 7
25 15
23 17
23 11
25 11
29 17
29 23
29 25
29 21
31 17
35 19
35 23
37 25
41 23
44 21
48 21
52 27
56 31
60 35
64 37
70 37
74 39
78 42
83 46
89 48
93 48
99 50
105 54
111 60
117 62
121 64
126 64
134 70
138 74
144 76
150 78
156 80
162 83
167 87
173 89
179 93
185 95
189 97
195 101
201 103
205 105
210 109
214 109
216 111
222 113
228 117
230 119
234 121
238 123
240 125
244 128
244 128
248 130
253 138
253 142
244 126
242 109
250 109
257 125
257 136
253 134
253 126
255 123
255 130
253 138
248 136
0 132
248 125
244 126
240 126
238 126
236 125
224 119
228 115
226 115
222 115
216 115
212 111
208 107
205 105
199 105
193 103
189 101
183 97
177 93
171 91
166 87
162 85
158 83
150 82
142 78
138 74
132 72
128 70
121 66
115 62
109 58
103 56
97 54
93 50
87 46
83 44
78 44
72 42
68 39
64 37
60 35
56 33
50 31
46 29
42 27
42 25
41 27
37 25
35 27
39 31
29 25
17 11
15 0
23 0
27 9
25 17
21 15
23 11
27 11
29 15
27 23
27 25
29 21
31 17
33 19
35 21
37 25
41 23
44 23
48 25
52 27
56 33
60 35
64 33
70 35
74 41
80 44
82 46
87 48
95 48
99 52
105 56
109 58
117 60
123 62
126 66
132 70
138 72
144 76
150 78
156 80
162 85
167 87
173 89
179 91
185 95
191 99
195 103
199 105
205 107
208 107
214 111
218 115
222 117
226 117
230 119
234 121
238 123
240 125
234 126
242 126
0 130
255 142
251 140
234 123
244 109
251 111
257 126
257 138
253 136
253 126
255 123
257 130
253 138
250 140
248 132
248 123
244 123
242 126
238 128
234 125
230 117
230 115
226 117
222 119
216 117
214 111
208 107
205 105
197 103
195 103
189 101
183 97
177 91
171 89
167 89
162 87
156 82
150 78
144 76
138 74
130 72
126 70
121 66
117 64
109 60
103 58
97 54
93 52
87 48
82 46
78 44
74 42
68 39
64 39
60 35
56 33
52 31
48 29
44 29
41 27
39 25
37 25
35 27
35 29
27 25
17 11
17 1
23 3
27 11
25 17
21 15
23 11
27 13
29 19
27 23
29 25
29 21
31 17
33 19
35 23
37 25
41 23
44 19
48 23
52 29
56 31
60 31
64 33
70 37
74 41
78 42
83 46
89 48
93 50
99 52
105 56
111 58
117 60
121 62
128 66
134 70
138 74
144 76
150 80
156 80
162 83
167 87
173 91
179 91
185 95
189 99
195 101
199 103
205 105
210 109
214 111
218 113
222 115
226 117
230 119
232 121
238 123
242 126
244 126
246 128
248 130
255 140
251 138
242 121
244 109
253 115
259 128
257 138
253 134
253 125
255 125
257 132
253 140
250 138
250 130
248 125
246 125
242 126
238 126
234 123
234 117
230 117
226 119
220 117
216 115
214 111
208 107
205 107
199 107
195 103
189 99
183 93
177 93
173 91
166 89
162 85
156 82
150 78
144 76
138 76
132 72
126 70
123 66
115 62
109 60
105 58
99 56
93 52
87 48
82 44
78 44
74 42
68 41
62 37
60 35
56 33
52 31
48 29
44 29
42 25
39 25
37 25
37 27
37 33
25 23
15 7
17 0
25 3
27 11
23 15
23 13
23 11
27 13
27 17
29 23
29 23
31 21
31 17
33 19
35 21
39 25
41 25
44 23
46 23
50 27
56 31
60 33
64 33
68 35
74 39
78 44
83 46
87 46
91 48
101 52
105 56
109 58
115 60
123 62
128 66
134 70
138 74
144 76
150 78
156 80
162 83
167 87
173 91
179 93
183 93
189 97
197 101
201 105
205 107
208 109
214 111
218 113
222 115
228 119
230 119
234 121
238 123
240 125
242 126
246 128
251 134
255 142
246 134
240 115
246 109
255 119
257 132
255 138
253 130
255 125
257 126
255 134
253 140
250 136
248 128
246 123
244 125
244 130
240 128
234 123
232 115
230 115
226 119
218 121
216 117
212 111
208 107
205 107
199 107
193 105
189 99
183 93
179 91
173 91
166 89
162 87
156 82
150 78
142 76
138 74
132 72
128 70
121 66
115 62
111 60
105 58
99 56
93 52
87 48
83 46
78 44
74 41
68 39
64 37
60 35
54 33
50 31
48 29
44 27
41 25
41 25
39 27
39 31
35 31
21 19
17 5
21 1
25 7
25 13
23 15
23 11
25 9
27 15
27 19
27 23
27 21
29 19
31 19
33 19
35 23
39 25
41 23
42 21
46 25
52 29
56 33
60 33
64 35
68 37
74 41
78 44
83 46
87 46
93 48
99 52
105 56
111 58
115 60
121 62
126 64
134 70
138 74
144 76
150 76
156 80
162 83
167 87
173 91
179 91
185 93
191 97
187 101
201 103
205 105
208 107
214 111
218 113
222 115
218 117
230 119
234 121
236 123
240 123
244 126
242 130
0 134
251 142
236 128
240 111
240 107
7 121
257 136
253 138
253 128
255 123
257 126
255 138
253 142
250 134
248 125
248 123
244 126
242 130
238 128
236 119
232 115
228 115
224 117
222 119
218 115
214 111
208 107
205 107
199 107
195 105
189 101
183 95
177 91
173 91
167 89
162 87
156 80
152 78
144 78
138 76
132 72
126 66
123 64
115 64
109 62
103 58
99 54
93 50
89 48
83 46
78 44
72 41
68 39
64 37
60 35
56 35
52 33
48 31
44 27
42 27
39 27
39 27
41 33
31 29
19 15
17 3
23 1
27 9
25 15
23 17
21 11
23 9
29 13
29 23
27 27
27 23
29 17
31 17
33 21
35 25
37 23
41 23
44 21
48 25
52 29
56 33
60 33
64 35
68 35
72 37
80 42
83 48
87 48
91 48
99 52
105 56
111 58
115 62
121 62
126 64
132 68
138 70
144 74
152 78
156 82
162 83
167 87
173 89
179 93
183 97
189 99
195 101
201 103
205 105
208 107
214 109
218 113
222 115
226 119
230 121
234 123
238 125
242 126
244 128
246 130
253 140
251 140
242 123
240 109
251 111
257 126
257 138
253 136
253 128
257 125
257 130
255 140
251 140
250 132
250 125
248 125
244 130
242 130
238 126
236 119
232 117
230 117
226 119
218 119
218 113
205 107
210 107
205 111
187 109
193 95
189 99
175 95
179 95
173 93
158 89
162 83
156 82
142 80
142 76
138 74
134 70
128 68
121 66
115 64
111 60
105 58
99 56
93 52
87 50
83 46
78 44
72 42
68 39
64 37
60 35
56 35
52 31
48 29
44 27
42 27
39 25
39 27
39 31
29 27
17 11
19 0
25 3
27 11
25 17
21 15
23 11
25 11
27 17
27 23
27 23
27 19
29 17
31 17
31 21
35 23
37 23
41 21
44 21
48 25
52 29
56 33
60 33
62 33
68 37
66 41
62 44
82 46
80 46
93 48
99 54
105 56
111 58
117 60
121 62
126 66
132 70
138 74
146 76
152 78
156 80
162 83
167 87
173 91
177 93
183 95
189 97
195 101
199 103
203 105
210 107
214 111
218 115
222 117
226 117
230 119
234 123
238 125
240 125
244 126
248 130
253 142
246 136
240 117
244 107
253 115
257 130
255 138
253 132
255 125
257 125
257 132
253 140
251 138
251 130
250 125
246 126
246 128
242 130
238 125
236 119
232 117
230 119
226 121
222 119
218 113
214 111
210 111
205 109
191 107
195 103
189 99
183 95
177 95
171 91
167 89
162 83
154 80
150 80
146 78
138 76
132 70
126 68
123 66
117 64
111 62
103 56
99 54
95 52
89 50
83 48
78 44
74 41
68 39
64 37
60 35
56 33
52 31
48 29
44 27
42 25
41 25
42 31
37 33
25 23
17 7
21 1
27 7
27 15
23 17
23 13
25 9
27 13
27 19
27 25
27 23
27 17
29 15
31 19
33 23
35 25
37 21
41 17
44 21
48 25
52 33
54 33
60 33
64 33
68 39
74 42
78 44
83 46
87 46
91 48
99 52
105 56
111 58
115 60
121 62
126 64
134 70
138 74
144 76
150 78
156 80
162 83
166 87
171 87
179 91
185 95
189 99
195 101
199 103
205 105
210 109
212 111
218 113
222 115
226 117
230 119
234 121
238 125
240 126
242 126
251 134
251 142
244 130
240 113
246 109
253 119
257 134
253 136
253 128
257 125
257 128
257 138
253 142
251 136
251 128
250 126
248 128
244 130
242 128
240 123
236 117
234 119
230 121
226 119
222 117
218 113
212 109
208 109
205 109
193 107
193 103
189 97
185 97
179 95
173 95
160 89
162 85
156 82
142 80
140 78
140 76
134 72
125 68
121 66
115 64
111 60
105 58
99 56
93 52
80 48
83 46
78 44
74 42
68 39
64 37
62 37
48 35
52 33
48 29
46 29
42 27
41 29
42 33
35 29
23 15
19 3
23 1
27 9
27 15
23 17
23 13
25 9
27 15
27 21
25 25
25 21
27 15
31 15
33 19
33 23
35 23
37 21
41 19
44 23
46 27
50 31
56 31
60 31
64 33
68 37
74 42
78 44
83 44
87 44
93 48
99 52
103 56
109 58
115 58
121 62
126 66
132 70
138 72
144 76
150 78
156 80
162 83
167 87
173 91
179 93
183 93
189 97
195 101
199 105
205 107
208 107
214 111
218 113
222 117
226 119
230 119
234 121
236 125
240 125
242 126
251 136
250 140
240 125
240 109
250 109
257 126
255 138
253 136
253 126
257 123
259 130
255 140
253 140
253 134
251 126
248 125
248 128
244 132
242 128
238 123
236 119
234 119
230 123
224 121
220 115
218 111
203 111
208 113
205 111
199 107
195 101
189 99
183 97
177 95
173 91
167 87
162 85
156 83
150 80
144 78
140 74
134 70
126 68
121 66
117 64
111 60
103 58
97 54
93 50
89 50
83 48
76 44
74 41
70 39
66 39
58 37
56 35
52 31
50 31
44 29
42 29
42 29
42 33
31 25
19 11
21 1
27 3
29 13
25 17
21 15
23 11
25 13
27 17
27 23
27 25
27 19
29 17
29 17
29 19
33 23
35 21
37 19
41 19
44 21
48 27
52 29
56 31
58 31
64 33
70 39
74 42
78 44
83 44
87 46
91 48
97 52
103 54
111 56
117 60
121 64
126 66
132 70
140 74
144 76
150 78
156 82
162 85
167 87
171 91
177 91
185 95
189 97
193 101
199 103
205 105
208 109
214 111
216 113
222 115
226 117
230 117
234 121
238 123
240 126
244 128
251 138
246 134
238 117
242 107
251 115
255 130
255 138
253 132
255 125
257 125
255 134
255 142
253 140
251 132
250 126
250 126
248 130
244 130
242 125
238 119
236 119
234 121
230 123
226 119
222 115
218 113
214 113
208 113
205 109
201 105
195 101
189 99
183 97
179 95
173 91
167 85
162 83
158 83
152 82
144 80
138 76
132 70
126 68
123 66
115 62
111 60
105 58
99 54
93 52
89 48
83 46
78 44
74 42
68 39
64 37
60 35
56 35
52 33
48 29
46 27
42 27
44 33
41 35
27 21
19 7
23 1
29 7
27 13
25 17
25 15
25 13
25 13
25 17
27 23
25 23
25 19
27 15
29 17
31 21
33 23
35 21
37 17
41 21
44 25
46 27
52 29
56 29
60 31
64 35
68 37
74 42
80 44
82 46
87 46
93 50
99 52
105 56
109 58
115 58
121 60
126 64
132 70
138 74
144 76
150 78
156 80
162 83
167 87
173 89
179 91
185 95
189 97
195 101
201 103
203 105
208 107
214 111
218 115
222 117
226 117
230 119
234 121
236 125
238 126
244 130
250 140
242 126
238 111
246 109
255 121
257 134
253 138
253 130
255 125
259 128
257 138
253 140
251 134
253 128
251 126
250 130
246 130
244 128
242 123
240 119
236 119
234 123
230 123
226 119
222 115
218 113
214 113
210 113
205 109
199 105
195 101
189 99
185 97
177 95
171 91
167 85
164 83
158 83
150 83
144 78
138 74
134 72
128 70
121 68
115 62
111 58
105 56
99 52
93 52
89 48
83 48
78 44
74 42
68 41
64 39
60 37
54 33
52 31
50 31
46 29
42 29
46 35
39 31
25 17
21 5
25 3
31 11
29 17
23 17
23 13
25 9
27 13
27 21
25 23
25 19
27 15
27 15
29 17
29 21
31 21
35 19
37 19
41 21
44 25
48 27
52 29
56 33
58 31
64 35
70 39
74 41
78 42
82 42
87 44
93 50
99 54
103 56
111 56
117 60
121 64
126 66
132 70
138 72
144 76
150 78
156 80
162 83
167 87
171 87
177 91
183 95
189 99
195 101
199 103
205 105
210 109
214 113
218 115
220 115
226 117
232 119
234 123
236 125
240 125
248 136
246 136
236 121
240 107
248 111
255 125
255 138
253 136
253 126
255 123
259 132
255 142
253 142
253 134
251 126
251 126
177 130
246 132
244 128
242 123
238 119
236 121
234 125
230 123
226 117
222 115
218 113
214 113
208 113
205 109
199 103
195 101
189 101
183 97
179 95
173 93
167 89
162 85
156 83
152 80
146 78
138 74
134 72
125 68
115 68
117 64
111 60
105 56
99 54
93 52
80 50
82 46
80 44
74 42
70 41
64 39
60 35
56 33
54 31
50 33
46 29
46 33
44 35
33 27
23 11
23 3
29 5
31 15
27 19
23 15
25 13
27 13
27 19
25 23
25 21
25 19
25 15
27 15
29 17
31 21
33 21
35 19
37 21
42 21
44 27
48 29
52 29
56 29
60 33
64 35
68 39
72 41
78 42
83 44
87 48
93 48
99 50
105 54
109 56
115 60
121 64
126 66
132 70
138 72
142 72
152 78
156 82
162 85
166 87
173 89
179 93
185 95
187 97
193 99
199 101
205 107
208 109
212 111
218 113
222 117
226 117
230 121
234 123
238 125
242 130
248 138
240 130
234 113
242 103
251 115
255 132
253 138
251 130
255 125
257 126
257 136
255 144
253 138
253 128
251 125
250 126
250 132
179 132
244 125
242 121
240 119
236 123
234 125
230 121
226 115
222 113
218 113
214 115
210 115
205 109
201 103
195 101
191 101
183 99
179 95
173 89
167 83
162 83
158 83
152 83
144 78
138 74
134 72
128 70
123 68
115 64
111 60
105 56
99 54
93 52
80 48
83 44
80 44
74 42
68 41
64 39
60 37
56 33
52 31
50 31
46 31
46 35
33 33
29 21
23 7
27 3
31 9
29 15
25 19
23 13
25 13
27 13
25 19
25 21
25 21
25 17
25 15
27 17
29 21
29 21
31 19
35 17
37 19
41 23
44 25
48 27
52 29
54 31
58 33
62 35
68 39
74 41
78 42
82 42
87 46
93 48
97 52
95 52
109 54
117 60
121 64
126 68
125 68
138 72
128 76
150 78
156 82
160 83
167 85
173 89
179 91
183 95
189 97
195 101
199 103
205 107
208 107
214 111
218 113
222 115
226 117
230 119
232 121
238 125
244 132
246 138
236 123
236 107
246 107
253 123
253 136
251 136
251 126
255 123
257 128
257 138
255 142
253 134
253 128
253 126
250 130
248 134
246 130
244 125
242 121
238 121
236 123
236 125
232 123
226 119
222 115
218 115
214 113
210 113
203 109
199 103
195 101
189 101
185 97
179 93
173 91
169 89
162 85
156 83
152 80
146 78
140 76
132 72
126 68
123 66
117 62
109 56
107 58
101 56
95 54
89 50
83 46
78 44
76 42
70 42
64 39
60 35
56 31
54 31
50 33
46 33
48 37
37 29
27 15
25 3
29 5
31 13
29 19
25 17
23 11
25 11
27 15
27 23
25 25
25 19
25 15
27 15
27 19
27 21
29 19
33 17
31 17
37 19
33 23
44 27
48 29
52 29
54 29
60 33
64 37
68 41
72 41
78 41
83 42
87 46
91 48
99 52
97 54
109 58
115 60
121 64
126 66
125 70
138 72
144 74
150 76
156 82
162 83
158 87
171 89
179 93
185 95
189 99
193 101
199 103
205 107
208 109
214 111
216 113
220 113
226 117
232 121
232 123
238 126
246 136
242 132
232 115
238 105
248 111
253 128
251 136
251 130
253 125
257 125
257 134
257 140
253 140
253 132
253 128
251 128
250 132
250 132
246 128
244 123
242 121
242 125
238 126
232 125
230 119
228 115
222 117
218 117
214 115
208 109
205 105
201 103
193 101
189 99
185 99
179 95
173 91
167 87
162 87
158 85
152 82
144 76
138 72
134 70
128 68
123 68
117 64
111 60
105 56
99 54
95 52
87 48
83 46
80 44
74 42
68 39
64 39
62 37
56 33
52 31
50 31
50 35
46 37
33 25
25 9
27 3
33 9
31 17
25 17
25 13
27 13
27 15
25 19
25 21
25 21
25 17
25 15
25 15
27 17
29 19
29 19
31 17
35 17
39 21
41 25
44 25
46 25
52 27
54 31
58 33
64 35
70 37
74 39
76 41
82 42
87 46
91 48
99 52
95 54
109 56
115 58
121 62
1 66
125 70
136 72
128 74
150 78
156 82
160 83
160 85
173 89
177 91
183 93
189 97
193 99
199 101
205 105
208 107
214 111
216 113
222 115
226 117
230 121
234 123
238 128
244 136
236 125
232 107
242 105
250 119
253 134
251 134
251 128
255 123
257 128
257 138
255 142
253 136
253 126
253 126
251 132
250 132
248 132
248 126
246 123
242 123
240 126
236 125
234 121
230 119
226 117
222 117
216 117
214 115
208 109
205 105
199 103
195 103
191 101
185 99
179 93
173 89
169 89
164 87
158 85
150 80
146 76
140 74
134 74
126 70
121 66
117 62
111 58
105 56
99 54
95 52
89 50
83 46
80 44
76 44
70 42
64 39
60 37
56 33
54 33
50 33
52 39
42 33
31 17
25 5
29 5
33 13
31 19
27 19
25 15
27 11
27 15
27 21
25 25
23 19
25 15
25 13
27 17
27 21
27 19
31 17
33 15
35 19
39 21
41 23
44 25
48 27
52 29
54 29
60 33
3 35
68 31
72 39
76 41
66 44
87 46
93 50
97 50
103 54
109 56
115 60
119 64
126 66
132 70
138 72
142 76
150 78
154 80
160 83
167 87
173 89
177 93
183 95
189 97
195 101
199 103
205 107
208 109
212 111
216 111
222 115
226 117
230 121
234 123
242 132
240 132
232 117
234 105
244 109
251 125
251 136
250 132
251 125
255 123
259 132
257 142
255 142
253 134
253 126
253 128
251 134
250 134
248 130
248 125
246 123
242 125
240 126
238 125
234 121
230 119
226 117
224 117
218 117
214 113
210 109
205 105
201 105
195 103
189 99
185 97
179 93
173 91
169 87
164 87
158 83
152 82
146 78
138 74
134 72
128 70
123 66
117 62
111 58
107 56
101 54
93 52
89 50
83 46
80 42
74 42
68 41
64 37
62 37
58 35
54 35
52 35
50 39
39 29
27 13
27 5
33 7
33 15
29 19
27 15
25 11
29 13
27 17
25 23
23 21
25 15
25 13
25 15
25 19
27 19
29 17
29 15
33 15
35 19
39 23
41 25
44 25
46 23
50 27
54 33
58 35
62 35
66 37
72 39
78 41
82 44
87 46
91 48
99 50
103 54
109 58
115 60
121 64
126 66
130 68
136 70
144 76
150 80
154 82
160 83
166 85
173 89
179 93
183 97
187 97
193 99
199 101
203 105
208 107
212 111
218 113
222 115
226 119
228 121
238 126
242 136
234 126
230 107
238 101
248 115
251 130
250 136
250 130
253 123
255 126
257 136
255 140
255 138
255 130
253 126
253 130
251 132
250 132
248 126
246 123
246 123
242 125
240 126
238 125
234 121
230 119
226 117
224 119
218 117
214 115
208 109
205 107
201 105
195 103
191 101
185 97
179 93
173 89
167 87
164 85
158 85
152 82
144 78
140 74
134 72
128 70
121 66
117 62
111 60
105 56
99 54
93 52
89 48
83 46
80 46
74 42
70 41
66 39
60 35
56 35
54 35
56 41
46 37
33 23
27 7
31 5
35 13
33 19
27 17
27 13
27 11
29 17
25 21
25 21
25 19
25 15
23 15
25 15
25 19
27 19
29 15
29 15
33 15
35 21
37 23
41 23
42 25
48 25
52 29
54 31
58 33
64 35
68 37
64 39
76 41
66 42
87 46
91 48
99 52
95 56
109 58
115 60
121 64
126 66
132 68
138 72
142 76
148 78
154 80
162 83
158 87
171 89
177 91
183 95
189 97
187 99
199 103
189 105
208 107
212 111
216 113
220 115
218 117
230 121
240 132
238 134
230 119
232 103
242 107
250 123
250 132
250 130
251 125
255 125
257 130
255 140
255 142
255 136
253 128
253 128
253 132
251 134
250 130
248 125
248 123
246 125
242 126
240 126
238 123
234 121
230 119
226 119
224 119
218 117
214 113
208 109
205 107
201 105
195 103
189 99
183 97
179 93
173 93
169 89
164 85
158 83
152 80
144 78
140 76
134 72
128 68
123 66
119 64
111 62
105 58
99 54
95 52
89 50
83 46
80 44
74 42
70 41
64 37
62 35
58 37
56 37
56 42
42 33
31 17
31 7
35 7
35 15
31 21
29 19
27 13
27 11
29 17
27 23
25 25
23 19
23 13
25 13
25 17
23 17
25 15
29 13
31 15
31 17
35 21
37 23
41 23
44 25
48 27
50 29
54 33
58 33
62 35
68 37
72 39
78 41
83 44
87 48
91 48
99 50
103 54
109 58
115 60
121 62
126 66
132 68
136 72
142 74
150 78
156 80
160 83
158 83
171 87
177 93
183 95
187 95
193 97
201 103
203 105
208 109
212 111
218 113
222 117
226 119
232 123
240 132
232 126
226 109
232 99
244 109
250 126
250 134
248 130
251 123
255 125
257 134
255 142
255 140
255 130
255 126
253 130
251 134
250 130
251 126
250 125
248 125
244 126
244 128
240 126
238 123
234 121
230 119
226 119
222 117
218 115
214 111
210 109
205 107
201 107
195 103
189 99
185 97
179 95
173 91
167 89
164 87
156 83
150 80
146 78
140 76
134 74
128 70
123 64
117 62
111 62
105 60
99 54
93 52
89 48
83 46
80 46
74 42
70 41
64 39
62 37
56 37
58 41
52 39
39 25
31 11
33 5
37 13
37 19
33 23
27 17
29 13
29 15
29 21
25 23
23 21
23 15
25 13
23 15
23 17
25 17
27 15
29 13
29 13
33 19
35 21
39 23
41 23
44 23
46 27
50 29
54 31
58 33
64 35
68 35
72 37
78 42
82 42
87 46
91 48
97 50
101 52
111 56
117 60
121 64
125 66
130 68
138 72
144 76
148 78
154 80
160 82
166 85
171 87
173 91
181 91
189 95
187 101
199 103
187 105
208 109
214 111
218 115
222 117
226 117
234 125
236 132
226 119
226 101
238 103
248 119
248 132
248 132
250 125
253 121
255 128
255 136
253 138
257 136
255 130
253 128
253 132
253 134
251 132
250 128
248 125
248 125
246 126
244 128
240 126
238 123
234 121
230 121
226 121
222 119
218 115
214 111
208 111
205 107
199 105
195 101
189 97
185 95
179 95
173 93
169 89
164 87
158 83
152 82
146 78
140 76
134 72
128 68
123 66
117 64
111 60
105 58
101 54
95 52
89 50
83 48
80 44
76 42
70 41
64 39
60 37
60 37
62 42
48 37
35 21
33 9
37 9
39 17
35 21
29 19
29 13
29 13
29 17
27 23
25 23
25 19
23 13
23 13
23 17
25 19
25 17
27 15
27 13
31 15
33 19
33 21
39 19
42 21
44 25
46 29
50 29
54 31
58 33
64 35
66 39
70 39
76 41
82 42
87 46
91 48
97 52
103 54
109 58
115 60
119 62
125 66
132 68
138 72
142 74
148 76
156 80
162 82
166 85
171 89
177 91
183 93
189 97
193 99
199 103
203 107
208 109
212 109
216 111
222 117
228 123
234 132
230 126
224 109
230 101
242 109
246 125
248 132
248 128
0 123
253 123
255 130
250 140
255 140
255 134
253 126
255 128
255 134
253 134
251 130
250 125
250 125
248 126
246 128
242 128
240 123
238 121
234 121
230 123
226 121
222 117
218 113
214 111
208 109
205 105
201 105
197 103
191 99
185 97
179 95
175 91
169 89
164 87
158 85
152 82
146 78
140 76
134 72
125 70
123 66
117 62
111 60
107 58
101 56
95 52
89 50
83 48
80 44
74 42
68 39
66 39
64 41
62 42
56 42
42 29
35 15
37 9
39 13
39 21
33 21
29 15
29 13
31 15
29 21
27 25
23 21
23 17
25 13
25 15
23 19
23 17
25 13
27 11
29 13
31 19
33 21
35 21
39 21
41 21
44 25
46 29
50 31
54 31
58 31
62 33
66 37
72 41
76 42
82 42
87 44
91 48
97 52
103 54
109 58
115 60
121 62
125 64
130 66
138 72
144 76
148 78
154 80
160 83
167 87
171 89
177 91
181 93
189 95
193 99
199 103
203 107
208 109
214 111
218 113
220 117
230 125
234 132
226 119
224 103
234 101
244 115
246 130
246 130
248 125
251 121
255 126
255 136
255 140
253 136
255 128
255 128
255 125
251 132
251 130
253 126
251 126
250 126
238 128
246 130
244 126
240 125
236 123
234 121
230 121
228 119
218 117
218 115
214 113
210 111
205 109
201 105
195 103
191 101
185 97
179 93
173 89
169 89
164 87
158 83
144 80
146 78
140 76
134 72
125 70
123 66
119 64
111 60
105 58
99 54
95 50
91 48
85 48
80 46
76 42
72 41
66 41
64 41
64 46
52 39
39 23
35 9
39 9
41 17
37 23
31 21
29 15
31 13
31 17
29 23
25 23
25 17
25 13
25 15
23 17
21 17
25 15
25 15
27 13
27 15
31 19
33 21
35 21
37 21
41 23
44 25
46 29
50 29
54 29
58 31
62 35
66 37
72 39
76 41
82 41
85 44
89 48
97 52
105 54
109 58
113 60
121 62
126 64
132 70
136 72
142 74
148 78
154 80
160 83
166 87
171 89
177 91
183 93
189 97
193 99
199 103
205 107
208 109
212 111
216 113
222 117
230 128
228 126
220 109
226 99
238 107
246 125
246 134
246 128
248 123
251 123
253 132
253 140
253 138
255 132
255 126
255 128
253 134
253 134
253 132
251 126
250 125
250 126
248 130
246 128
242 125
242 123
238 125
234 125
230 123
226 119
224 115
218 115
214 113
208 111
205 107
201 105
195 103
191 99
185 97
179 93
175 91
169 91
164 87
158 83
152 82
146 80
140 76
134 72
128 68
125 68
117 64
111 60
107 56
101 54
95 52
89 50
83 48
80 44
76 42
70 41
66 41
66 42
62 44
46 33
37 17
39 9
42 13
41 21
35 23
33 17
33 13
31 15
29 21
29 23
27 21
25 17
25 15
23 17
23 19
23 17
25 17
25 13
27 13
29 17
29 19
33 19
35 19
39 21
41 23
44 27
46 27
50 29
54 29
58 31
62 33
66 35
72 39
78 42
82 44
85 46
91 48
97 52
103 54
109 56
113 60
119 62
126 66
130 68
136 72
142 74
148 78
154 80
160 82
166 87
171 89
177 91
183 95
187 97
193 101
197 103
203 105
208 107
214 111
216 115
224 123
230 128
224 119
220 101
230 99
240 113
244 128
244 132
246 125
248 121
251 125
253 136
255 142
253 136
253 128
255 126
255 130
253 134
253 134
251 128
251 125
250 125
250 130
248 130
246 128
244 126
240 125
236 125
234 125
232 123
226 119
222 117
218 113
214 113
210 111
205 109
201 105
195 101
191 101
185 99
179 95
173 91
169 89
164 87
158 85
152 80
146 78
140 76
134 74
128 70
123 66
119 64
111 60
105 58
99 54
95 52
91 50
83 48
80 44
76 42
70 41
68 41
68 48
56 42
44 27
39 13
42 11
42 17
41 25
35 21
33 15
33 15
33 19
31 25
27 25
25 21
25 15
25 15
23 17
21 19
23 15
25 13
27 13
27 15
27 17
29 19
33 19
35 19
39 21
41 23
42 25
46 27
52 27
54 29
58 33
62 35
66 37
72 39
76 41
82 44
85 46
91 48
95 50
103 52
109 58
115 60
119 64
125 64
132 66
138 72
142 76
148 78
154 80
160 82
158 85
171 87
177 91
183 93
189 97
193 101
197 103
203 107
208 109
212 113
216 117
226 126
226 125
218 107
220 97
234 103
242 119
244 132
240 128
246 121
251 121
253 130
253 140
251 138
253 132
255 128
255 130
253 134
253 134
253 130
253 126
251 126
250 128
248 130
248 130
246 126
244 125
240 125
238 125
234 125
232 121
226 117
222 115
220 115
214 115
210 111
205 107
201 103
195 101
191 101
185 99
181 97
175 93
169 89
164 85
156 82
152 82
148 80
140 76
134 72
128 70
125 68
119 64
111 60
105 58
101 54
95 52
89 50
83 48
80 46
76 44
70 42
68 42
68 48
52 37
42 21
41 13
46 15
44 23
39 25
35 21
33 15
33 15
33 21
29 25
25 23
25 17
25 15
25 15
21 17
23 17
23 15
23 11
27 13
27 17
29 17
31 19
33 17
35 17
39 23
41 25
42 29
46 27
50 27
54 29
58 33
62 35
66 37
72 37
76 39
82 42
85 46
91 50
97 52
103 54
107 56
113 58
119 64
125 66
130 68
136 70
142 72
148 76
154 80
160 85
166 87
171 89
177 93
183 95
187 97
187 101
199 103
187 107
208 107
212 111
220 119
226 128
218 119
216 99
226 95
234 109
234 126
240 130
234 123
248 119
1 123
251 134
250 140
253 136
253 130
253 126
253 130
255 134
253 134
253 130
253 126
251 126
251 130
250 132
248 130
246 126
244 125
242 126
236 126
234 125
232 119
228 117
224 117
218 117
214 113
210 111
205 107
201 105
197 103
191 103
185 99
179 95
175 91
169 89
164 87
158 83
152 82
146 76
140 74
136 74
128 70
123 66
119 62
111 60
107 58
99 56
95 54
89 50
85 48
80 46
74 42
72 44
74 50
62 46
46 29
42 15
44 13
48 21
44 27
37 25
35 19
35 15
35 19
31 25
29 25
27 21
25 15
25 13
23 15
23 17
23 17
23 15
23 11
25 13
27 15
29 19
31 19
33 19
35 19
37 23
41 25
42 27
46 27
50 27
54 29
56 33
62 35
66 37
72 39
76 41
82 44
87 46
91 48
97 50
95 54
109 58
115 62
119 64
0 64
125 70
138 74
126 76
148 78
154 80
160 83
166 87
171 89
175 91
183 93
187 97
193 101
197 103
187 107
208 109
207 113
222 123
220 125
207 109
218 95
222 101
238 117
240 128
240 126
234 121
0 121
251 128
251 138
251 140
251 132
253 125
255 128
255 134
253 136
253 132
253 126
253 125
251 128
250 132
250 130
248 128
246 125
244 126
240 126
238 125
234 123
232 119
228 119
224 119
220 115
214 113
210 111
207 107
201 105
195 103
191 101
185 97
181 93
175 93
169 91
164 87
158 83
152 80
146 78
140 76
134 72
128 68
125 66
119 64
111 62
105 58
101 54
95 52
91 52
85 48
80 46
76 44
76 46
70 48
56 39
44 23
44 13
50 15
48 23
42 25
37 23
37 17
37 17
35 21
31 25
27 25
25 17
27 15
27 17
23 17
23 17
23 13
25 11
25 11
25 13
27 17
29 17
31 17
33 17
35 21
37 23
41 25
44 25
46 25
50 27
54 31
58 33
62 35
66 37
70 37
76 39
82 42
87 48
91 50
97 52
103 54
107 56
113 60
119 64
125 66
130 68
136 72
142 74
148 78
154 80
160 83
166 83
171 87
177 91
181 95
187 97
193 99
199 103
203 107
207 107
214 115
222 125
216 119
212 101
220 95
234 107
240 125
238 130
238 125
244 117
250 121
251 132
250 140
250 136
253 130
253 126
253 130
253 134
253 134
255 130
253 126
251 128
251 130
251 132
250 130
177 126
246 126
244 126
242 128
238 125
234 123
230 119
228 119
220 119
218 115
207 111
210 109
207 107
201 107
195 105
191 101
185 97
181 95
171 93
169 89
164 87
158 83
152 80
144 76
142 76
136 74
130 72
123 66
117 64
113 60
107 58
101 56
95 52
89 50
85 48
82 48
78 46
76 50
68 48
52 33
46 17
48 13
50 19
46 27
41 27
37 21
37 15
37 17
35 25
31 27
29 23
27 17
27 13
25 17
23 19
23 17
23 13
23 11
25 11
25 15
27 19
29 19
29 17
31 17
31 19
37 25
41 25
42 25
46 25
50 27
54 29
56 31
60 33
68 35
72 39
76 42
80 44
85 44
93 48
97 52
101 54
107 58
115 60
119 62
125 64
130 68
136 72
142 76
148 78
154 80
160 83
166 87
171 89
175 91
183 93
187 97
193 99
197 103
205 105
208 111
218 121
218 123
210 109
214 93
226 99
236 117
236 128
236 126
240 119
246 119
250 126
250 136
250 138
251 132
253 126
253 128
253 132
255 134
253 132
253 128
253 125
253 128
253 132
251 134
250 130
248 126
246 126
244 128
240 128
236 125
234 121
232 119
226 117
222 119
218 115
214 113
210 107
207 107
201 105
197 105
191 101
185 99
179 95
175 93
169 91
164 87
158 83
154 80
148 80
140 78
134 74
128 70
125 68
119 64
113 62
105 58
101 54
95 52
91 52
85 50
82 48
80 50
76 52
62 42
50 27
48 17
52 19
52 25
44 29
41 25
39 19
39 17
39 23
33 27
29 27
29 21
27 15
25 15
23 17
23 19
23 15
23 11
23 9
25 13
25 17
27 19
29 17
31 17
33 19
35 23
37 23
41 23
42 23
46 25
52 29
54 33
58 33
62 35
66 37
72 39
76 42
80 44
85 46
89 46
95 48
95 54
109 58
113 62
111 62
0 64
125 68
136 74
126 76
148 78
154 80
160 82
158 85
169 87
175 89
183 93
189 97
193 101
199 105
203 107
210 113
216 125
210 117
208 99
216 91
228 103
236 121
236 128
236 125
240 117
246 119
0 130
250 138
250 138
250 130
251 125
253 126
255 134
253 136
253 130
255 126
255 126
253 130
251 134
251 132
250 128
248 126
246 126
242 126
242 126
238 125
234 121
230 119
228 119
224 119
218 115
214 111
210 107
207 107
201 107
195 103
191 99
187 99
181 97
175 93
169 91
164 87
160 83
154 82
146 80
140 76
136 72
130 70
125 68
117 64
113 60
107 58
101 56
95 54
91 52
85 50
82 50
82 52
72 48
56 35
50 19
54 17
54 23
50 27
44 27
41 23
41 19
39 21
37 27
33 27
29 23
29 17
27 15
27 17
25 17
23 17
23 15
23 13
25 13
25 15
25 17
27 17
29 17
31 17
31 17
35 21
39 25
41 25
42 25
46 25
50 29
54 31
58 35
62 35
66 35
72 39
76 42
80 44
85 44
91 48
97 52
101 54
107 58
113 60
119 62
125 66
130 68
136 72
142 74
148 76
154 82
160 83
166 87
171 89
177 91
183 95
187 97
193 101
199 103
203 107
212 117
214 121
207 107
208 91
220 95
232 111
234 125
234 126
236 117
242 115
248 125
248 134
248 136
250 132
251 128
253 128
253 132
253 134
253 132
255 128
253 128
253 128
253 132
253 132
251 130
250 126
248 126
246 128
244 128
240 126
238 123
234 119
232 121
228 119
222 119
218 113
214 111
212 111
207 111
201 107
197 103
191 99
187 97
181 95
175 93
169 89
164 87
158 83
152 80
148 78
142 76
136 72
130 68
125 66
119 64
113 62
107 60
101 56
97 54
91 50
85 48
83 48
83 56
68 46
56 31
52 19
56 19
56 27
48 31
42 27
41 19
42 19
41 25
35 29
31 27
29 21
29 17
27 17
25 17
23 17
23 15
23 13
23 11
23 13
23 15
27 17
27 17
29 19
29 19
33 21
35 23
37 25
39 23
44 25
46 27
50 29
52 29
58 31
62 33
68 37
64 41
76 42
82 44
85 46
91 48
95 50
103 54
107 56
113 58
119 62
125 66
130 70
136 72
142 74
148 76
154 80
160 83
158 87
171 89
177 91
183 95
187 99
193 101
197 105
207 111
214 121
208 115
205 97
212 89
224 101
232 119
232 126
232 121
238 113
244 119
248 130
248 138
248 136
250 128
251 125
251 128
253 134
253 134
253 130
253 126
255 126
255 130
253 134
251 132
251 128
250 126
248 128
246 130
244 128
240 125
238 121
236 121
232 121
228 119
224 117
220 113
216 111
210 111
207 109
203 107
197 103
191 99
187 97
183 97
175 95
169 89
164 85
160 83
154 83
146 80
140 76
136 72
130 68
125 68
117 64
113 60
107 58
103 56
97 56
89 52
87 50
87 54
78 52
62 41
54 25
56 19
58 23
54 29
48 29
44 25
42 21
42 23
39 27
35 29
33 25
29 19
29 15
27 17
27 21
25 19
23 15
21 11
23 11
25 17
25 19
25 19
27 15
29 15
31 19
33 21
35 21
37 21
41 21
42 25
44 27
50 29
54 31
58 31
62 33
66 35
70 37
78 42
82 44
85 46
91 48
97 52
103 56
107 56
113 60
119 62
125 64
130 68
136 70
142 74
148 78
154 80
160 83
166 85
171 89
177 93
183 95
187 97
193 101
197 105
207 115
208 119
205 107
205 91
216 93
226 107
232 123
230 125
234 119
240 115
244 123
246 132
246 138
248 132
250 126
251 126
253 130
253 134
253 134
253 128
255 126
255 128
253 132
251 132
251 130
251 128
251 130
248 130
246 130
244 128
240 125
238 123
234 123
232 123
228 121
224 117
220 115
214 111
210 111
207 109
201 107
197 103
191 101
187 99
181 97
175 91
169 89
166 87
158 83
152 80
148 78
142 78
136 74
130 70
125 66
119 64
113 62
107 60
101 56
97 52
91 52
89 54
85 56
74 48
60 33
58 21
60 21
58 27
54 33
48 31
44 23
44 21
42 25
39 29
37 29
33 25
29 19
29 17
27 17
25 19
23 17
23 13
23 11
23 13
25 17
25 17
27 17
27 17
29 17
29 19
33 21
35 23
37 21
41 23
42 23
46 27
50 29
52 29
58 31
62 35
68 39
70 41
76 41
80 42
85 46
91 50
95 54
101 54
109 54
113 58
119 62
125 66
130 68
136 72
142 74
148 76
154 80
160 83
158 85
171 87
175 91
183 93
187 97
193 101
201 109
208 119
205 113
201 95
207 87
220 99
228 117
228 125
230 119
234 113
242 117
244 128
246 136
246 134
248 126
250 123
250 126
251 134
253 134
253 132
255 126
253 128
253 130
255 134
255 134
251 130
251 128
250 128
250 130
246 130
242 128
240 125
238 123
236 123
230 123
228 119
224 117
220 113
216 113
210 111
207 109
203 105
197 103
191 101
185 97
181 95
173 91
171 89
164 87
158 83
154 82
146 78
140 76
134 72
130 70
125 68
119 64
113 62
107 58
103 58
97 56
91 52
91 56
83 56
68 42
58 27
60 21
62 25
60 33
52 31
46 27
46 21
46 25
42 29
37 29
33 25
31 19
31 17
29 19
25 19
25 17
25 15
23 13
23 13
23 13
25 15
25 15
27 15
25 15
27 15
31 19
33 23
33 21
37 19
41 21
44 25
46 27
48 29
52 29
58 31
62 33
66 37
70 39
76 41
80 42
85 44
91 48
97 52
101 56
107 56
113 58
119 62
0 66
130 62
136 70
126 74
148 76
154 80
160 83
156 83
171 89
177 93
181 95
187 97
193 101
203 111
205 117
199 103
199 87
212 91
222 107
226 121
226 123
230 115
236 115
234 123
242 132
244 136
246 130
248 126
250 125
250 128
253 134
253 134
253 128
253 126
255 128
255 134
253 134
253 132
251 128
251 128
250 130
248 130
246 128
244 125
242 125
238 123
234 123
230 121
228 119
224 115
218 113
214 111
210 111
208 111
203 107
197 103
191 101
187 99
181 97
175 95
169 89
166 87
158 85
152 82
146 78
142 76
136 74
130 70
125 68
119 64
113 62
109 60
103 56
95 54
93 56
91 60
78 50
64 33
62 23
62 25
64 33
58 35
52 31
50 25
48 25
46 27
41 29
37 27
35 23
33 19
29 19
29 19
27 19
25 17
25 13
23 13
25 15
23 17
25 15
25 15
25 15
29 17
29 19
31 21
33 21
35 21
37 21
33 23
42 25
46 27
50 29
54 29
58 31
62 35
66 37
62 39
74 41
80 41
85 46
91 48
97 52
93 54
107 54
113 58
121 62
123 64
130 68
136 72
142 76
148 78
154 80
160 83
166 87
169 89
175 91
181 95
189 97
195 105
203 115
199 111
195 93
203 85
216 97
224 115
224 121
226 117
232 111
236 115
240 125
242 132
244 132
246 126
248 125
0 126
251 132
251 134
251 132
250 126
255 126
253 130
255 126
253 132
253 132
253 130
251 130
250 130
248 130
248 128
244 126
240 125
238 123
234 123
232 121
226 117
224 115
220 115
216 115
212 113
207 109
203 105
197 105
191 103
185 99
181 95
175 91
169 89
164 87
158 85
154 82
148 78
142 76
136 72
130 70
125 68
119 66
113 62
107 58
103 56
99 56
97 60
89 60
72 44
64 31
66 25
66 29
62 35
56 33
52 29
50 23
48 25
44 31
41 33
37 29
35 23
31 17
29 19
29 21
25 19
25 15
25 11
23 13
23 15
23 15
25 15
27 15
27 15
27 15
27 17
31 19
33 21
35 19
37 21
31 21
44 25
46 27
48 29
52 31
58 33
62 35
66 37
62 39
76 41
80 42
85 44
91 48
95 50
93 52
107 56
113 58
119 62
0 66
130 62
136 72
126 74
148 76
154 80
160 83
164 85
171 87
175 91
181 95
187 99
197 107
201 115
193 101
195 87
207 87
218 103
222 119
222 119
226 113
232 109
240 121
242 132
242 136
242 128
246 123
250 125
250 130
250 134
251 132
253 126
255 126
255 128
253 132
255 134
255 132
253 130
253 130
251 132
250 130
248 130
246 126
242 123
242 123
238 125
236 125
230 119
228 117
224 117
220 115
214 115
210 111
207 109
201 103
195 99
193 101
187 101
181 97
175 93
169 89
166 87
160 85
154 83
146 80
140 76
136 72
130 70
125 68
119 64
115 62
109 60
103 58
99 58
97 62
83 54
70 39
66 27
68 25
68 31
62 35
56 33
52 27
52 25
48 29
44 33
39 31
35 25
35 19
33 17
21 21
27 21
27 19
25 15
25 13
23 15
23 17
25 17
25 15
25 15
25 15
27 17
29 21
31 21
31 19
35 19
37 21
33 25
39 25
46 25
46 27
52 29
56 31
60 33
66 37
72 39
76 42
80 42
85 44
91 48
97 52
101 54
107 56
113 58
119 62
125 64
128 68
134 70
142 74
148 78
154 80
158 83
166 85
171 89
177 93
181 95
189 99
199 111
195 109
191 91
197 83
210 93
220 111
222 121
222 117
228 111
234 113
238 125
238 132
240 132
244 126
246 123
248 125
250 130
251 134
251 130
253 126
253 126
255 130
255 134
253 134
253 130
255 130
253 130
251 132
250 132
248 128
246 126
244 126
242 126
238 125
234 123
232 121
228 119
224 117
220 115
216 113
210 111
207 109
201 105
197 103
193 101
187 99
181 95
175 91
169 89
166 87
160 85
154 82
148 80
142 76
136 74
130 72
125 68
121 66
113 62
107 60
103 58
103 62
95 62
78 46
68 31
70 25
72 31
68 39
60 37
56 31
54 27
52 27
46 31
42 33
41 29
39 25
33 19
31 19
29 21
27 21
27 17
25 13
23 13
23 15
23 17
25 17
25 15
25 15
27 17
27 19
27 19
31 19
33 19
35 19
37 21
39 23
42 23
46 27
50 29
52 29
58 31
62 35
68 39
70 41
76 41
82 42
85 46
91 48
95 50
101 52
107 56
113 60
119 62
125 64
130 68
136 72
142 74
146 76
154 80
158 83
164 83
169 87
177 93
183 95
191 105
195 113
189 97
191 83
203 85
214 101
216 115
218 117
222 111
228 109
234 119
236 126
238 132
242 128
244 125
246 123
248 128
250 132
251 132
251 128
253 125
253 128
255 132
255 134
255 132
253 130
253 130
253 132
251 132
250 130
248 128
246 126
244 125
242 125
238 125
236 123
232 119
228 117
224 117
220 117
214 115
210 111
207 107
203 107
197 105
191 101
187 97
183 97
175 93
169 91
166 87
160 85
154 83
146 80
140 76
136 74
130 72
125 68
119 66
113 62
109 60
105 60
103 64
87 54
76 39
72 29
74 29
72 35
66 39
60 35
56 29
56 27
52 31
48 35
42 33
41 27
37 23
35 21
31 21
29 21
27 19
25 13
25 13
25 15
23 17
23 15
25 15
25 15
25 17
25 17
27 19
29 19
29 17
31 17
33 19
39 23
41 25
42 25
46 25
50 27
54 31
58 33
62 35
66 35
70 37
76 39
82 44
85 48
91 48
97 50
101 54
107 58
113 60
119 64
123 66
130 68
134 70
140 74
146 78
154 80
160 83
166 85
171 89
177 93
183 101
193 111
189 105
185 87
193 80
207 91
214 109
216 117
218 113
222 107
230 111
234 123
236 130
238 130
240 123
244 121
248 126
248 132
248 132
250 128
251 125
253 126
253 132
255 134
255 132
255 130
253 130
253 130
253 132
251 132
250 130
248 126
246 126
244 126
242 126
238 125
234 123
232 121
228 119
224 117
220 117
216 115
212 113
207 109
203 105
197 105
193 103
187 99
181 95
175 91
169 89
166 87
160 85
154 82
148 78
142 76
136 74
130 72
125 68
119 64
113 62
109 60
107 64
99 62
83 50
68 37
74 29
78 33
74 39
66 39
58 33
58 27
58 29
54 35
46 37
42 31
41 23
39 21
35 21
31 23
27 19
29 15
27 13
25 11
25 15
23 15
23 15
25 13
25 13
25 15
27 17
27 19
29 19
29 17
31 19
35 19
37 21
39 23
42 23
46 25
50 27
52 29
56 31
62 33
66 37
70 37
74 41
80 41
85 44
91 48
95 50
103 52
109 58
113 60
117 62
123 64
130 68
136 72
140 76
146 78
154 80
160 83
166 87
169 89
175 91
187 101
189 109
183 97
185 82
199 82
208 99
214 115
214 115
218 109
224 107
230 115
234 126
234 130
238 128
240 121
244 121
246 126
246 132
248 130
251 126
251 126
253 128
255 134
255 134
255 132
255 128
255 128
253 132
253 134
251 132
250 128
248 126
246 128
242 126
240 125
240 123
236 123
232 121
228 119
224 117
220 115
216 115
210 111
207 109
203 105
197 105
193 103
187 99
175 95
175 93
169 91
166 87
160 83
154 82
148 80
140 76
136 74
130 72
125 68
119 64
115 62
113 64
109 68
93 60
80 42
78 29
80 29
78 37
72 41
64 37
60 29
60 29
56 33
46 37
46 35
35 29
41 23
37 21
33 21
31 23
29 19
27 15
25 13
27 13
25 17
25 19
25 17
25 13
25 13
25 15
25 17
25 15
29 17
31 17
31 19
33 19
37 21
33 23
42 23
44 27
48 27
52 31
58 33
62 35
66 35
70 37
76 41
80 42
85 46
91 48
95 50
101 52
107 56
113 58
119 60
125 64
128 68
134 70
142 74
148 76
154 80
158 83
166 85
171 87
179 95
187 107
183 103
179 85
187 76
203 87
208 107
210 117
212 109
220 105
226 111
230 123
232 130
234 128
238 121
240 119
244 123
244 130
246 130
248 126
250 125
251 126
253 130
253 134
255 132
255 130
255 128
253 132
253 132
253 132
251 130
250 128
248 126
248 128
244 128
242 126
238 123
234 121
232 121
228 121
224 119
220 115
216 113
212 109
208 111
203 109
189 105
193 101
189 99
173 93
175 93
169 91
164 87
160 83
154 82
146 80
142 76
136 72
132 70
125 70
121 66
115 66
115 68
105 66
89 52
80 37
82 31
82 35
76 41
70 41
64 35
62 31
60 31
56 35
50 39
46 33
42 27
39 21
37 19
35 25
33 25
29 19
27 15
27 13
27 17
25 19
23 17
23 15
23 15
25 15
23 17
25 17
27 17
29 17
29 17
31 19
35 21
37 21
39 23
42 23
46 25
50 27
52 29
56 31
62 35
66 37
70 41
76 41
80 42
85 46
91 48
95 50
99 52
107 54
113 58
119 62
123 66
130 68
136 70
142 74
148 78
152 80
158 83
166 87
169 89
179 99
183 103
179 91
181 78
193 80
205 97
208 113
210 115
214 107
220 105
226 113
230 125
230 128
234 125
238 119
242 121
242 126
244 130
246 128
0 126
251 125
251 128
253 132
255 132
253 132
255 128
255 130
255 134
255 136
253 132
251 130
250 126
248 128
246 128
242 126
242 123
238 121
236 121
232 121
228 121
224 117
220 113
216 111
210 111
207 109
203 107
197 103
191 101
187 97
181 95
175 91
171 91
166 87
158 85
154 82
150 80
142 76
136 74
130 72
125 68
121 66
117 66
113 62
101 62
85 46
82 35
83 35
83 33
76 44
68 41
66 33
64 31
60 33
54 37
50 35
46 31
44 25
41 25
37 25
33 23
31 19
31 15
29 13
27 15
25 15
25 17
25 15
23 15
23 13
23 15
25 17
25 19
27 17
27 17
31 19
31 21
33 21
35 19
39 19
44 25
46 29
48 29
52 29
58 31
62 35
64 39
70 41
76 41
80 42
85 44
89 48
95 50
101 54
107 56
113 60
117 62
125 66
130 68
134 72
140 74
146 78
152 80
158 83
166 87
173 93
181 105
177 99
173 82
183 74
197 85
205 105
207 111
208 107
214 101
222 105
226 119
228 128
230 126
234 121
238 117
240 123
242 128
246 130
248 126
248 123
250 123
253 128
255 134
255 132
255 130
255 128
255 130
255 134
253 134
251 132
251 128
250 128
248 130
246 128
244 126
242 125
238 123
234 123
232 121
228 119
226 117
220 115
208 113
212 111
203 107
201 105
199 103
193 103
187 101
181 97
177 93
171 91
166 87
156 85
154 82
148 78
142 76
136 74
130 72
125 70
121 68
119 70
111 70
95 56
85 41
85 35
87 39
82 44
74 42
68 37
68 31
66 35
60 41
54 41
50 35
48 29
44 25
41 25
33 25
33 23
31 19
21 13
27 13
29 17
27 19
25 17
23 15
25 13
25 15
23 17
23 19
25 15
27 15
27 15
31 19
31 21
33 21
37 21
41 21
42 23
46 27
50 29
54 31
56 29
60 31
66 35
72 41
76 42
80 42
85 44
91 48
95 50
101 54
107 56
113 58
117 62
123 64
128 66
134 68
142 72
148 80
152 82
158 83
166 85
175 99
177 103
171 87
173 74
187 76
199 93
203 107
205 111
210 105
216 103
222 111
224 123
228 126
230 123
234 117
236 117
242 125
244 130
244 128
248 125
250 123
251 128
253 132
253 134
255 130
255 128
255 130
255 132
253 134
253 132
253 130
250 126
250 128
248 128
246 128
244 126
240 125
238 123
236 123
232 123
230 121
224 117
220 115
216 113
212 111
208 109
203 105
197 103
191 101
187 99
181 97
177 93
171 91
166 87
160 83
154 82
150 80
142 78
138 74
130 70
126 70
123 70
121 74
105 62
91 46
89 37
89 39
87 42
82 44
76 42
72 39
70 35
64 37
60 39
54 37
50 31
46 27
42 25
41 25
37 25
35 21
31 17
29 15
29 15
27 17
25 17
25 15
25 13
25 15
25 17
25 19
25 17
27 15
27 17
27 17
29 19
33 19
35 19
37 21
31 21
42 25
46 27
48 27
52 27
58 31
62 35
66 37
62 41
74 41
80 42
83 44
89 46
95 50
93 54
107 56
111 60
119 62
0 64
130 68
126 72
125 74
148 76
154 80
158 83
166 91
175 101
171 95
169 78
177 72
191 83
199 103
201 111
205 107
210 101
216 103
222 115
226 125
228 125
230 119
234 117
238 121
240 128
242 130
244 126
248 123
250 125
251 128
251 130
253 132
255 130
255 128
255 130
255 134
253 134
253 132
251 130
251 128
251 130
248 128
246 126
244 125
242 125
240 125
234 123
232 121
228 119
226 117
220 117
214 113
212 111
208 107
203 107
197 105
191 101
189 99
181 95
175 91
171 91
166 89
160 85
154 83
148 80
142 76
136 72
132 72
126 72
126 76
115 70
99 56
91 41
91 37
91 41
87 46
80 46
74 39
72 35
70 37
66 41
58 41
52 35
50 29
46 25
42 27
39 27
35 23
35 17
33 15
29 15
29 17
29 19
27 17
25 15
23 13
23 15
25 17
25 19
25 19
25 15
27 15
29 17
29 19
31 19
33 19
37 19
39 21
42 25
46 25
50 27
54 29
56 31
60 33
64 35
72 39
76 42
80 44
83 44
91 48
95 50
101 54
105 56
111 58
119 62
125 64
128 68
134 70
140 74
148 78
152 82
158 82
169 95
173 99
166 87
169 72
183 76
195 93
199 107
199 107
205 101
212 101
218 111
220 121
224 125
228 121
232 115
234 119
236 125
240 126
242 126
246 123
248 123
248 126
251 132
253 132
253 132
253 130
255 130
255 132
255 134
253 132
253 128
253 128
253 130
250 130
248 128
246 126
244 125
242 125
238 125
234 123
232 121
228 119
224 117
220 115
216 115
212 113
207 109
203 103
199 101
193 103
187 101
181 95
175 91
171 89
166 87
160 85
154 82
150 80
144 78
136 76
132 74
128 74
128 78
111 66
95 50
93 37
95 39
93 46
85 48
78 44
76 37
74 37
70 39
64 42
58 39
54 33
50 29
48 27
42 29
39 27
37 23
35 19
31 15
29 17
29 19
27 17
27 15
25 15
25 15
25 17
25 17
25 17
25 15
25 17
27 17
27 19
29 19
33 19
33 19
35 21
39 23
44 27
46 29
48 29
52 29
56 31
62 35
66 37
70 39
74 39
80 42
85 46
89 50
95 50
101 52
107 56
113 60
119 62
123 66
128 68
136 70
140 74
146 76
152 80
162 87
171 101
166 93
164 76
173 70
187 82
195 101
195 107
199 103
207 97
212 103
218 115
220 123
222 123
226 115
230 113
234 119
238 126
240 128
242 125
244 121
248 123
250 128
251 132
251 132
253 130
255 130
255 130
255 132
255 134
255 132
253 130
251 128
250 128
250 128
248 128
246 126
244 125
242 125
240 125
236 123
232 123
228 119
224 117
222 117
216 115
210 111
207 107
203 105
197 105
193 103
187 99
183 95
177 93
171 91
166 87
160 85
154 82
150 80
142 76
138 74
132 76
132 80
121 74
105 58
97 44
99 39
99 44
93 50
83 48
80 42
76 37
74 39
70 42
64 44
58 39
52 31
50 29
48 29
42 29
39 27
35 21
35 17
33 17
31 19
29 19
27 17
27 15
25 15
23 15
23 17
23 17
25 17
25 15
25 13
27 15
29 17
31 19
33 21
33 19
37 21
41 23
42 25
44 27
48 27
52 29
56 31
60 33
64 35
70 37
76 41
80 42
83 44
89 48
95 50
93 52
105 56
113 60
119 62
123 66
128 66
126 70
142 76
146 80
144 83
164 93
166 95
156 82
156 68
175 64
187 87
193 103
195 105
201 99
207 99
212 107
216 119
218 123
222 119
226 115
230 115
234 123
236 126
238 123
242 119
246 121
248 126
250 132
251 132
253 130
253 130
253 130
253 132
255 134
255 132
253 130
253 130
253 130
251 130
250 130
248 128
246 126
244 126
242 126
238 126
234 123
232 121
228 117
224 117
220 117
216 115
212 113
207 109
203 107
197 103
193 103
187 101
183 97
177 91
171 91
166 87
156 85
154 83
148 80
144 78
138 76
134 78
130 80
109 70
103 52
99 41
101 42
99 48
83 52
85 48
78 41
78 39
76 42
68 44
62 42
58 35
54 31
50 29
46 29
42 27
39 23
37 19
35 19
31 19
31 19
29 19
27 17
27 17
25 15
25 15
25 17
23 17
23 13
25 15
27 17
27 19
27 19
29 17
31 17
33 21
37 23
39 23
42 23
46 25
48 27
52 29
56 33
60 35
64 37
70 39
74 41
80 44
83 46
89 48
95 48
101 52
107 56
113 60
117 62
0 66
130 70
136 72
126 74
146 78
125 85
164 95
156 89
158 70
167 66
181 80
189 99
191 105
193 99
201 95
208 93
212 113
214 121
220 119
224 115
220 115
230 119
234 123
236 125
240 125
242 121
246 123
248 126
250 130
251 130
251 128
253 126
255 130
255 134
255 134
255 132
255 130
255 130
253 130
251 132
250 128
248 126
246 126
246 126
242 126
238 125
236 123
232 121
230 119
226 117
220 117
216 115
212 111
207 109
203 107
197 103
193 101
187 97
183 95
177 93
171 91
166 89
160 85
154 82
150 80
140 78
138 76
138 80
128 78
113 62
103 48
105 42
105 48
99 54
89 50
83 44
83 41
80 41
74 44
68 44
62 39
58 33
54 29
50 31
46 29
42 27
41 23
37 19
33 17
33 19
31 21
29 19
27 17
27 15
25 17
25 19
23 19
25 15
23 15
25 15
25 15
27 17
29 17
29 19
31 19
33 19
37 21
41 25
42 25
44 27
48 27
52 29
56 33
60 35
1 35
62 37
76 41
64 46
83 46
82 46
95 50
93 54
107 56
111 58
119 62
123 64
128 68
126 72
140 76
148 80
158 89
158 93
154 78
158 66
173 70
183 89
187 101
189 101
193 95
203 95
208 105
212 117
216 123
218 117
224 113
218 113
230 121
234 125
236 123
240 119
242 119
246 125
248 130
0 130
250 130
253 128
253 130
255 125
255 134
255 132
255 130
253 130
253 130
251 130
251 130
251 130
250 128
246 128
244 126
242 126
240 125
236 123
232 121
228 119
226 117
220 117
216 113
212 111
208 109
205 107
199 105
193 103
189 101
183 97
177 93
171 91
166 89
160 85
154 82
150 80
146 80
142 82
136 82
121 70
109 54
107 44
109 46
105 52
97 54
89 48
85 42
83 42
80 46
74 48
68 44
64 37
58 33
54 31
50 31
46 31
42 27
39 21
37 19
35 19
33 21
31 21
21 19
29 17
27 17
25 19
25 17
23 17
25 15
23 15
25 15
25 15
27 17
29 17
29 17
31 17
35 21
37 23
39 23
42 23
46 25
48 27
52 29
56 31
62 35
66 37
70 41
74 39
80 42
85 46
89 48
95 50
99 52
97 56
113 60
117 64
123 64
3 66
128 72
125 76
150 83
125 93
154 83
152 68
162 64
175 78
181 95
187 103
189 99
195 93
203 99
208 111
212 119
214 117
218 111
222 109
226 117
230 123
232 125
236 121
240 119
244 123
244 126
248 130
250 130
251 128
251 128
253 130
255 132
255 132
255 132
255 130
253 130
253 130
253 132
251 132
250 130
248 128
248 128
244 128
242 126
238 123
236 121
234 121
230 119
224 119
220 117
216 113
212 111
208 109
203 107
199 105
193 103
187 99
181 93
177 91
171 91
167 89
160 85
154 82
150 82
146 82
144 85
132 80
117 64
109 48
111 46
111 50
103 56
95 52
91 46
87 44
85 44
78 48
72 46
66 41
64 35
58 33
54 35
50 33
46 29
42 23
39 21
37 21
35 21
33 21
31 19
29 19
27 17
27 17
25 17
25 17
25 15
23 13
23 15
25 17
25 17
27 17
25 15
31 17
33 21
33 21
35 21
41 23
42 25
44 27
48 29
54 31
58 31
60 33
3 35
62 37
76 41
64 44
83 46
89 48
95 50
93 54
107 56
111 60
117 62
123 64
128 68
126 72
125 76
152 87
154 89
148 76
152 62
166 68
179 87
181 101
183 99
189 91
197 91
205 103
207 117
210 119
214 113
218 109
222 111
226 119
228 123
234 121
238 119
240 119
242 123
244 126
250 128
250 128
251 128
251 128
253 132
255 132
253 132
253 132
255 130
255 130
253 130
253 130
251 130
251 128
248 128
246 126
244 126
242 126
240 125
236 123
232 121
230 121
226 119
220 117
214 113
212 111
208 109
203 109
199 105
193 101
187 99
183 97
177 95
171 91
166 87
160 85
156 83
152 82
148 83
142 85
126 74
113 56
113 46
115 48
111 56
103 58
95 50
91 44
89 44
83 46
78 50
72 46
68 41
64 35
58 35
54 33
50 33
46 29
42 23
41 21
37 21
35 23
33 23
31 19
29 17
29 17
27 19
25 17
25 17
25 15
25 17
23 15
23 15
25 15
27 17
29 19
29 19
31 19
35 19
37 21
39 23
41 25
44 25
48 27
52 31
56 33
60 35
64 37
62 39
74 41
64 42
83 46
89 48
95 50
101 52
105 56
111 60
117 60
123 62
130 68
134 72
146 82
152 89
146 80
144 64
158 60
171 78
177 95
179 99
185 93
191 89
199 97
203 111
205 117
210 113
214 107
218 107
222 113
226 121
230 121
234 119
236 117
240 119
244 126
248 130
248 128
250 126
251 126
253 130
253 134
253 132
255 132
255 130
255 130
253 132
253 132
253 130
251 128
250 128
248 128
246 128
246 128
244 126
238 125
236 123
234 123
228 119
224 117
220 115
218 115
212 113
208 111
203 107
199 103
195 103
187 99
183 97
177 93
171 91
167 89
162 87
156 83
152 83
152 87
138 82
123 66
117 52
117 50
117 54
109 60
101 56
95 48
93 44
89 48
83 52
76 50
72 44
68 37
64 35
60 37
54 37
48 31
46 25
42 21
41 21
39 23
35 23
33 21
31 17
29 17
27 19
25 19
25 17
25 15
23 13
23 13
23 13
25 15
27 17
27 17
27 17
29 17
31 19
33 21
35 21
39 21
42 25
44 23
48 27
52 29
58 33
60 35
64 37
68 39
74 39
80 42
85 46
89 48
95 50
101 52
107 56
111 60
117 62
125 66
130 70
134 74
146 85
146 83
142 70
148 60
160 66
171 82
175 95
179 97
185 91
191 91
199 101
203 113
205 115
210 111
212 105
218 109
222 117
226 123
228 121
232 117
238 117
240 123
242 126
244 128
248 126
251 126
251 128
251 132
253 134
255 132
255 130
255 130
255 130
255 132
255 132
253 130
251 128
251 128
250 128
246 128
244 125
242 125
240 125
236 123
232 121
228 119
226 117
222 117
216 115
212 111
208 109
203 107
199 105
193 103
189 99
183 97
177 93
171 91
166 89
162 87
158 83
154 87
148 87
132 76
121 58
119 52
121 54
117 60
107 60
101 54
97 48
95 46
89 50
83 52
76 48
72 41
68 37
62 35
58 37
52 33
48 29
48 25
42 23
41 25
37 25
37 23
33 19
31 17
29 19
29 21
27 19
25 17
25 15
23 13
25 15
23 15
25 15
25 15
27 15
29 17
29 19
31 19
33 19
37 21
39 23
42 25
44 27
48 27
54 29
56 31
60 33
64 35
70 39
76 42
80 44
83 44
89 48
95 52
101 54
105 58
111 60
119 64
123 66
128 68
136 76
144 85
140 78
138 60
150 58
164 74
171 91
173 97
177 91
185 85
195 93
199 107
201 115
205 113
203 107
214 107
218 113
220 119
226 119
230 117
234 115
236 119
240 123
242 128
246 128
248 128
250 126
251 130
251 132
253 132
253 130
255 130
255 130
255 132
253 132
251 130
253 128
253 130
251 130
248 130
246 128
246 126
242 126
238 125
236 123
232 121
230 119
226 119
222 117
216 115
212 113
208 109
205 107
197 105
193 103
189 101
183 97
177 93
173 91
166 89
160 87
158 85
158 91
144 85
128 70
123 56
125 52
123 58
115 64
107 60
101 50
99 46
95 50
89 54
82 52
76 44
74 39
68 35
62 37
56 35
54 33
50 27
46 23
42 23
41 25
39 23
37 23
33 21
31 19
29 19
29 19
27 19
25 17
23 15
23 15
23 15
23 15
25 15
25 17
27 17
27 17
29 17
31 19
35 19
37 21
31 23
42 25
46 27
48 29
50 29
56 31
62 35
64 37
62 39
74 41
64 41
85 44
89 48
93 50
99 50
107 56
113 60
117 64
123 66
130 70
140 83
138 83
134 66
142 56
156 64
166 83
169 93
171 91
179 85
187 87
193 101
197 111
201 113
205 107
210 105
214 109
218 115
222 119
226 117
230 113
234 115
238 121
240 126
236 126
242 125
248 125
0 126
251 130
251 132
253 130
253 128
255 128
255 130
255 132
255 132
255 132
253 130
251 130
251 130
250 130
248 130
244 126
242 125
240 123
234 123
232 121
230 119
226 119
222 117
216 115
212 111
208 109
205 107
199 105
193 103
189 99
183 97
177 93
171 89
167 89
162 89
162 91
154 91
136 78
126 60
126 54
126 56
123 62
115 62
107 56
105 52
101 52
95 56
87 54
82 52
78 44
72 39
66 37
62 39
60 37
54 33
50 27
46 25
44 27
41 27
39 25
31 21
33 19
31 19
29 21
27 19
27 17
25 17
25 15
23 15
23 15
23 17
25 15
25 15
25 17
27 17
29 19
31 17
35 21
37 23
41 25
42 25
46 25
48 27
52 31
56 33
60 35
64 35
70 37
74 39
80 42
83 46
89 48
95 50
101 54
105 56
111 60
119 64
123 66
7 74
138 82
132 70
134 56
142 58
160 72
166 87
164 91
173 87
181 83
187 93
193 105
197 111
199 109
205 103
210 103
214 111
218 117
222 117
224 115
230 113
234 117
236 123
240 126
244 125
246 125
248 125
250 128
251 132
253 134
253 132
253 130
255 130
255 132
255 134
253 132
253 130
253 128
251 130
251 130
250 130
246 128
246 126
244 125
240 125
236 125
232 123
230 121
226 119
220 115
216 113
212 111
208 109
205 109
189 107
193 103
189 101
183 99
177 95
171 91
167 89
164 89
162 95
125 87
132 70
128 58
130 56
128 62
121 66
113 62
109 56
105 52
99 54
93 56
87 54
83 48
78 42
72 39
68 39
62 39
58 35
54 29
50 25
46 25
42 27
41 25
39 23
35 19
33 19
31 19
29 21
27 21
27 17
25 17
23 15
23 17
25 17
23 15
23 13
25 13
27 17
29 19
29 19
31 19
35 19
37 23
39 25
42 25
44 25
48 27
52 29
56 33
60 35
66 35
70 37
74 41
78 42
83 44
89 48
95 50
99 52
105 56
111 60
117 62
125 66
134 80
134 80
128 64
136 52
150 62
160 80
164 93
166 89
171 83
181 85
187 99
191 109
195 111
199 105
205 101
210 105
214 111
216 117
222 115
226 113
230 113
234 117
236 123
242 126
244 126
244 125
248 126
0 130
251 132
251 132
253 130
255 130
255 132
255 132
255 132
253 130
253 128
255 130
251 132
250 130
250 128
248 128
246 126
242 126
238 125
236 123
232 121
230 119
226 119
218 117
218 115
205 113
208 109
205 107
199 107
195 103
189 101
183 97
179 95
173 93
160 93
166 93
160 93
142 80
132 64
130 56
132 60
128 66
121 66
113 58
109 52
107 54
101 56
93 60
85 54
82 44
78 41
74 41
66 42
60 39
58 33
54 29
50 25
46 27
44 27
42 25
39 23
35 21
33 21
31 21
29 21
27 19
25 15
25 15
25 15
25 17
23 17
23 15
25 15
25 15
27 17
27 19
29 19
33 19
33 21
35 21
39 21
42 23
44 25
48 27
52 29
56 33
60 35
64 35
68 37
74 41
80 42
83 46
87 48
93 48
101 52
107 58
111 60
117 64
126 74
132 80
126 70
126 52
140 54
154 70
160 87
162 89
166 83
173 82
183 89
187 103
191 107
195 105
199 101
205 99
210 107
214 115
216 115
222 113
218 111
226 115
234 123
238 126
240 125
236 123
246 125
248 128
0 132
250 132
251 128
253 128
255 130
255 132
253 132
255 132
253 130
253 130
251 130
251 130
251 130
250 130
246 128
244 126
244 126
240 125
236 123
232 121
230 119
226 117
222 117
216 115
212 111
208 111
203 107
199 105
193 103
189 99
185 97
179 95
173 93
169 95
167 97
154 89
138 70
134 60
136 60
134 68
125 68
119 64
115 56
111 54
107 60
99 62
93 58
87 50
82 44
78 42
72 42
66 41
64 37
58 31
54 27
52 27
48 31
44 29
41 25
39 21
37 21
33 21
31 23
29 21
27 17
27 15
25 15
23 15
25 17
25 17
23 15
25 13
25 13
27 17
29 19
29 19
31 19
33 21
37 23
39 25
42 25
44 25
48 27
52 31
56 31
60 31
66 35
70 39
74 41
78 42
83 44
89 48
95 52
99 54
105 56
111 60
119 66
128 78
125 74
123 56
130 50
144 60
154 78
156 85
162 85
169 82
175 83
181 95
185 103
189 105
195 101
201 99
205 103
208 111
212 115
216 113
222 111
226 113
230 119
234 123
236 123
240 123
244 123
246 126
248 130
250 130
251 130
251 128
253 130
253 130
255 132
255 132
253 130
253 128
255 128
253 132
251 132
250 130
248 128
248 126
246 128
242 128
238 126
236 123
234 121
230 119
226 119
220 117
216 115
214 111
208 109
203 107
199 105
195 103
189 101
183 97
179 95
175 95
171 97
166 95
148 82
138 68
138 60
138 64
132 70
125 68
119 62
115 56
111 56
107 60
99 60
91 56
87 48
82 42
78 42
72 42
66 39
62 35
60 29
56 29
52 29
46 29
42 25
41 23
39 23
37 23
33 21
31 19
29 19
27 17
25 17
25 17
25 17
25 15
23 15
23 15
25 15
25 17
27 17
27 17
29 17
33 19
33 21
37 21
39 23
42 23
44 25
48 27
52 29
56 33
60 33
64 35
68 37
74 39
80 42
83 46
89 48
93 50
99 54
107 58
111 60
121 70
125 76
119 62
123 48
134 50
148 68
154 83
156 87
162 80
167 78
177 85
183 101
185 107
189 101
195 97
201 99
205 107
208 113
212 113
216 109
222 109
226 113
228 119
234 123
238 123
240 123
242 125
244 126
248 128
250 130
251 130
251 128
253 128
253 130
255 134
255 134
253 130
255 130
253 130
253 132
251 132
251 130
250 128
248 126
244 126
242 125
240 125
238 123
232 123
230 119
226 119
222 117
216 113
212 111
208 109
205 107
199 105
193 101
189 99
185 97
179 97
177 97
171 99
158 89
146 74
142 64
142 62
140 70
132 72
125 66
119 60
117 56
111 60
105 62
97 60
91 50
87 46
83 44
78 46
72 44
66 39
62 33
60 31
54 31
50 31
46 29
44 25
41 23
37 21
37 23
33 23
31 21
29 17
27 17
27 17
25 17
23 17
23 15
25 15
23 13
23 13
25 15
27 17
29 19
29 19
31 19
33 21
37 23
39 25
41 25
44 25
48 25
52 29
56 31
60 35
64 35
70 39
74 41
78 44
83 44
89 48
95 50
101 54
105 56
113 64
121 74
119 68
117 54
125 46
138 58
148 76
152 85
154 80
162 76
171 82
175 93
179 101
183 101
189 97
195 97
199 101
203 107
208 111
212 109
216 107
222 111
226 115
230 121
234 123
236 121
240 119
244 125
246 130
248 132
250 128
251 128
253 130
253 132
253 134
255 132
255 130
255 130
253 130
253 132
253 130
251 130
251 130
248 128
248 128
246 128
242 126
234 125
236 123
232 119
230 121
226 119
218 117
218 115
214 113
208 111
205 109
201 107
195 103
189 101
183 99
179 95
179 101
169 99
154 83
144 68
144 62
146 68
138 74
130 72
125 66
123 60
119 62
111 64
103 64
97 58
93 50
89 48
82 46
76 46
72 42
68 37
64 33
60 33
54 33
50 31
48 29
44 25
42 25
39 25
37 23
33 23
31 19
29 19
27 17
27 17
25 17
25 15
23 15
23 15
23 13
25 15
27 19
27 19
27 17
29 17
31 17
33 19
35 21
39 21
42 23
46 25
48 27
52 29
56 31
60 33
66 35
68 39
72 41
80 44
83 46
89 48
91 48
99 52
105 56
117 70
119 74
113 58
117 44
130 48
142 68
146 82
140 83
156 76
162 74
169 83
175 97
171 103
183 99
189 95
187 95
201 103
187 111
208 109
212 105
218 105
222 111
224 117
230 121
234 121
238 121
240 125
242 126
246 128
248 128
250 128
251 128
251 128
253 130
255 132
255 132
255 132
255 130
255 130
255 132
253 132
251 130
250 128
250 128
177 128
244 126
242 126
240 123
238 123
234 123
230 121
226 119
218 117
218 115
205 113
208 109
205 107
201 105
195 103
189 99
185 99
183 101
181 107
164 93
150 78
148 66
148 68
146 74
138 74
130 68
126 62
123 60
117 64
113 68
105 66
97 56
93 50
87 48
82 48
78 46
72 41
68 35
62 33
60 33
54 33
50 31
48 27
44 25
41 25
39 25
37 23
33 21
31 19
29 17
27 15
25 15
27 17
25 15
23 15
23 13
25 15
25 17
25 17
27 15
27 17
29 17
29 17
33 19
35 21
41 23
42 25
44 27
48 27
52 29
56 33
60 35
64 35
68 37
74 41
78 41
82 42
87 46
95 50
99 54
107 62
117 70
113 64
111 50
119 42
132 54
142 74
144 82
140 78
156 72
166 78
171 91
175 93
177 99
175 93
189 93
187 97
199 105
203 109
208 107
214 105
218 109
222 115
226 119
230 121
234 121
236 119
238 123
242 126
246 128
248 126
248 126
251 128
251 130
253 132
253 132
253 130
255 130
255 132
255 132
253 130
253 130
253 132
251 130
248 128
246 128
246 126
242 126
240 125
236 123
234 121
230 121
226 119
220 117
216 113
212 111
210 111
205 109
191 105
195 103
187 101
185 101
185 103
173 101
158 85
150 70
152 66
152 72
146 78
136 76
130 68
128 62
125 64
117 68
111 66
103 60
99 52
93 50
87 48
82 48
76 42
72 39
68 35
64 35
58 33
54 33
52 31
48 27
42 25
41 25
39 25
35 23
33 21
31 19
29 17
27 19
25 17
25 17
25 13
25 15
23 15
23 15
23 15
25 15
27 17
27 17
29 17
31 19
33 19
35 21
37 21
33 23
44 25
48 27
52 31
48 31
60 33
64 37
68 39
74 42
78 44
83 46
89 48
93 50
101 54
111 66
113 70
107 54
111 41
125 46
136 64
142 80
144 80
150 72
158 72
164 83
167 95
171 99
179 95
185 91
189 93
195 101
199 107
205 107
208 105
212 105
216 111
222 115
226 119
230 119
232 117
238 119
240 125
242 128
244 128
248 126
0 126
251 128
251 130
251 130
253 128
255 130
255 132
253 132
253 130
255 130
255 132
251 132
250 130
250 130
248 128
246 126
242 125
240 125
236 123
232 123
228 119
226 119
222 117
218 115
212 111
208 109
205 107
199 107
195 105
189 101
189 103
185 105
169 97
156 80
154 68
156 70
152 76
144 80
128 72
132 66
130 64
115 68
117 70
109 64
103 56
99 52
93 50
87 50
82 48
76 42
72 39
68 35
64 35
58 35
56 33
52 29
48 29
44 27
42 27
39 25
35 23
33 21
31 19
29 19
27 19
25 15
25 15
23 15
23 15
23 15
23 15
25 17
25 17
25 17
27 17
29 19
31 19
33 19
35 19
39 23
42 25
44 25
48 27
52 29
56 33
60 35
64 35
70 37
74 41
78 44
83 46
87 48
93 50
103 58
111 70
105 62
105 44
115 41
128 52
136 72
138 80
142 76
150 70
126 74
166 87
169 99
173 97
177 91
183 89
189 95
193 103
199 107
203 103
208 101
214 105
218 113
222 117
224 117
230 117
234 119
238 123
240 126
242 126
246 126
248 126
248 126
250 128
253 130
253 130
253 130
253 130
255 130
255 132
255 134
253 132
251 130
251 130
251 130
250 130
246 126
244 125
244 126
240 126
236 125
234 121
230 121
226 119
220 119
216 115
214 113
208 111
205 107
199 105
195 103
193 103
193 109
179 105
164 87
158 74
160 70
158 76
150 80
142 76
138 70
134 64
128 66
123 70
117 70
111 64
103 56
97 50
93 50
89 52
82 48
76 42
72 37
68 35
64 39
60 37
56 33
52 29
48 27
44 27
41 25
39 25
37 21
33 19
31 19
29 17
27 17
25 17
25 15
25 15
25 17
23 15
23 15
25 15
27 17
27 17
27 17
29 17
31 17
33 19
35 21
39 23
41 23
44 25
48 27
52 29
54 31
60 33
64 35
70 39
72 41
78 42
83 46
89 48
95 52
103 62
105 64
101 50
105 41
119 44
130 62
136 76
136 76
142 70
152 70
160 82
164 93
167 97
171 91
179 87
185 91
189 99
193 105
199 103
203 101
208 103
214 109
216 113
222 117
226 115
230 115
234 119
236 125
240 126
242 126
246 126
246 126
250 128
250 130
251 130
251 128
253 128
255 130
255 132
255 132
255 132
255 130
253 130
251 130
250 128
250 128
248 130
244 128
242 126
238 123
238 123
234 123
230 121
226 117
222 115
218 113
214 113
208 111
205 109
201 105
197 105
193 107
189 107
173 97
162 80
160 72
162 72
158 80
150 82
142 76
138 70
136 68
130 72
123 72
115 68
111 60
105 54
99 54
93 52
85 48
82 44
76 39
74 39
68 39
64 37
60 35
56 33
52 31
48 29
44 29
41 27
39 25
35 21
33 19
31 19
29 19
27 17
25 15
25 13
25 15
23 17
23 17
23 15
25 15
25 15
25 17
27 17
29 19
31 19
33 19
35 19
39 23
42 25
44 25
48 27
52 29
56 31
60 33
64 35
68 39
74 41
78 42
83 46
89 46
99 56
105 68
99 58
97 41
109 37
123 50
130 70
132 76
136 70
144 66
154 72
158 85
162 93
167 93
171 87
179 87
183 93
189 101
193 103
199 101
203 101
208 103
212 107
218 115
222 117
226 117
230 117
234 119
238 125
238 126
242 125
246 125
248 126
250 128
250 130
251 130
253 130
255 130
255 132
253 132
255 132
255 132
253 132
253 130
253 130
251 130
250 128
246 128
244 126
244 128
240 126
236 125
232 123
230 119
226 119
222 119
216 115
212 113
210 111
205 109
201 107
197 107
197 111
185 105
169 89
162 74
164 70
164 78
158 83
140 80
142 72
140 68
136 72
128 76
121 74
117 66
111 58
105 54
99 54
91 54
87 50
82 44
78 39
72 39
68 39
64 39
60 35
56 31
52 29
48 29
44 29
41 27
39 23
37 21
33 19
31 19
29 19
29 19
27 17
25 15
23 15
25 15
23 15
23 15
25 15
25 15
27 17
27 17
29 17
29 17
33 21
37 23
39 23
41 25
44 25
48 27
52 29
56 33
58 33
64 35
68 39
72 41
78 44
85 48
89 52
99 62
99 62
93 46
101 37
113 42
125 60
128 72
132 72
136 66
146 68
152 78
158 89
162 93
166 87
171 83
179 87
185 97
189 103
193 101
199 99
205 101
210 105
212 113
216 115
222 113
226 113
230 117
234 123
236 125
240 125
242 123
246 126
246 126
250 128
251 130
253 130
253 130
253 130
253 130
255 132
255 132
253 130
253 130
253 130
251 132
251 130
250 128
248 128
246 126
242 126
240 125
238 125
236 123
