800000 10000000 167772 12
273 138
255 140
212 125
150 93
85 54
33 21
5 5
15 7
54 23
115 50
181 82
236 113
269 136
267 144
238 132
183 107
119 72
56 41
15 17
3 5
29 9
82 33
150 66
210 101
255 126
273 142
257 138
212 121
150 89
87 58
35 29
7 9
13 5
52 21
115 50
173 85
236 117
267 134
267 140
238 130
185 109
119 76
56 42
17 17
0 5
31 13
23 41
23 76
207 105
244 117
263 123
255 125
144 117
150 91
83 54
33 21
1 3
17 9
54 29
115 56
181 85
236 113
17 136
265 144
238 126
183 107
117 70
56 37
15 15
5 5
29 13
82 33
146 64
212 101
255 128
271 142
250 138
214 121
152 91
87 58
33 31
7 9
13 5
52 19
113 48
179 83
236 115
267 136
267 140
238 130
185 107
119 76
58 42
17 17
5 3
29 9
82 33
148 66
210 101
255 126
271 140
257 138
214 123
152 93
85 60
35 29
7 9
15 5
52 23
117 56
187 97
232 119
255 119
259 117
238 117
187 107
121 82
56 42
15 9
9 0
31 15
83 44
148 76
208 101
255 123
271 138
257 140
212 123
152 89
85 52
35 23
7 7
13 7
52 21
115 48
181 83
236 117
265 138
267 142
240 132
185 107
119 74
56 41
17 17
5 5
29 11
80 33
146 64
210 99
255 126
271 140
257 136
214 121
152 91
87 60
33 29
7 9
13 7
52 21
113 50
171 83
236 115
267 136
267 142
234 125
185 107
121 76
58 42
17 19
5 7
33 15
85 42
150 74
201 97
246 111
269 125
257 130
214 119
152 91
85 54
35 23
9 7
15 11
52 27
113 52
179 83
236 113
267 134
267 142
238 130
185 105
119 72
58 39
15 17
5 5
29 11
82 33
146 66
208 101
255 128
273 140
257 138
214 121
152 91
87 58
35 27
7 9
13 5
50 19
113 48
46 83
236 115
15 134
267 140
240 130
187 109
111 78
58 41
17 15
0 5
29 13
80 33
21 66
203 99
5 126
271 140
250 138
216 123
154 91
87 58
35 27
7 9
15 9
52 25
115 56
183 95
230 115
5 119
263 121
240 123
189 111
121 82
56 39
15 7
9 1
33 17
80 44
144 70
208 95
255 119
273 142
257 144
212 125
152 89
87 52
35 25
7 9
13 9
50 21
113 46
179 80
234 113
267 138
269 144
240 130
185 105
121 74
58 44
15 17
5 5
29 11
80 33
146 68
208 101
253 126
273 140
259 140
214 123
154 93
87 58
35 29
7 9
11 5
50 21
111 48
177 82
236 115
17 136
269 144
240 125
187 109
113 76
60 44
17 19
7 7
31 15
85 42
146 74
201 95
244 111
267 125
259 130
216 121
152 91
85 52
37 23
11 9
15 13
50 27
113 52
179 82
236 115
267 136
267 144
238 130
187 105
121 72
58 41
17 17
5 5
29 9
80 31
144 62
208 97
255 128
271 142
257 138
216 121
154 93
89 60
35 29
5 7
13 3
52 19
113 48
177 82
234 115
267 134
269 142
240 130
185 109
121 76
60 42
17 17
5 5
27 11
80 33
146 68
208 101
253 126
271 142
259 138
214 123
154 93
89 60
37 29
7 11
13 7
50 23
117 60
179 95
224 107
255 113
267 123
244 128
189 115
119 80
58 37
19 7
9 5
29 21
80 42
144 68
208 93
253 121
271 140
257 144
214 123
154 89
87 52
35 25
7 11
13 9
35 21
111 44
54 80
236 115
17 140
269 144
240 125
187 107
121 76
58 42
17 19
0 5
29 9
78 31
144 64
208 99
3 128
271 140
250 138
216 121
154 93
89 58
37 29
7 7
13 5
50 19
111 48
177 82
234 115
17 126
267 140
177 130
187 109
123 78
60 46
17 19
7 7
31 15
83 44
142 72
197 91
246 109
271 125
259 132
216 123
152 91
89 54
39 23
9 9
13 11
50 27
111 50
177 82
234 111
265 134
267 142
240 132
187 107
121 74
60 42
17 19
7 7
27 11
78 31
144 64
207 97
253 128
271 142
259 138
216 121
156 93
89 60
37 29
7 9
13 5
48 19
111 46
177 82
234 113
267 134
269 142
240 132
187 109
123 78
60 44
17 17
5 5
27 11
78 33
144 64
208 99
253 126
271 140
259 138
216 123
156 95
89 62
35 29
7 9
15 7
52 25
117 62
175 89
222 103
257 111
267 125
244 130
189 115
121 78
60 37
19 9
9 5
29 21
78 41
142 64
207 91
253 123
271 142
257 144
214 119
156 87
91 54
37 29
7 13
11 7
50 17
111 44
177 82
232 117
265 136
269 142
240 130
187 107
123 76
62 44
17 19
5 5
27 9
78 31
144 66
207 99
251 126
271 138
257 138
216 123
156 95
89 62
37 29
7 9
11 3
48 19
111 48
179 83
234 115
265 134
269 142
242 132
189 111
123 78
60 44
19 17
7 7
33 19
82 44
138 66
197 85
248 109
271 128
259 136
216 123
154 91
91 54
39 27
9 13
13 13
48 25
109 48
177 80
232 113
265 136
267 142
240 130
187 105
123 74
60 42
17 19
5 5
27 9
78 31
142 62
207 99
253 128
273 142
259 138
216 121
156 93
91 60
37 31
7 9
11 5
48 19
109 46
177 82
234 113
265 134
269 142
242 132
187 109
123 76
62 42
19 19
5 5
27 9
78 33
144 66
207 99
253 126
271 142
259 140
216 123
156 93
91 60
39 31
9 13
11 7
52 25
115 60
173 85
220 99
257 111
269 126
246 134
189 115
121 78
60 35
21 11
9 7
29 19
76 39
142 64
207 93
253 123
271 142
257 142
216 121
156 89
89 56
37 27
7 11
11 7
48 19
109 44
177 80
234 115
265 136
269 142
242 132
189 109
123 78
60 44
17 17
5 3
27 9
76 31
142 64
207 99
253 126
271 142
259 140
216 123
158 95
91 60
37 29
7 9
11 3
48 19
111 50
175 82
232 113
267 134
269 142
242 132
189 111
125 78
62 44
19 19
7 9
33 19
82 44
134 64
195 83
248 107
273 130
261 138
216 125
154 91
91 52
41 25
11 15
11 15
46 25
109 46
177 80
232 113
263 136
267 142
242 128
189 105
123 74
60 44
19 19
5 5
27 9
76 29
142 64
205 97
253 126
273 142
259 140
218 123
158 95
91 60
37 31
9 9
11 5
48 19
107 46
175 80
224 113
15 134
265 142
234 132
187 109
125 80
62 44
1 17
5 3
27 9
76 31
0 64
203 99
3 126
271 140
251 138
220 125
158 97
91 64
39 33
7 9
13 7
50 27
113 62
167 82
220 93
259 111
271 132
244 138
189 115
123 74
62 35
21 15
0 11
27 21
76 37
1 62
207 93
1 126
271 146
250 142
218 121
156 89
91 56
37 31
0 11
13 7
48 17
109 44
175 82
224 115
15 136
269 142
234 130
189 107
125 78
62 46
19 21
5 5
17 7
76 31
142 64
207 99
1 126
271 138
259 138
220 123
158 95
91 62
37 29
7 7
11 5
48 19
99 48
50 82
224 113
15 126
265 142
234 132
187 111
126 80
64 46
19 21
0 9
33 21
78 41
132 60
195 82
248 107
23 130
259 138
216 123
156 91
93 56
41 29
9 15
11 11
46 21
109 46
175 80
224 115
15 138
269 142
234 130
189 107
125 76
62 44
19 19
5 3
27 7
76 31
142 66
205 99
251 125
273 138
259 138
218 123
158 95
93 62
31 31
7 9
11 5
48 17
99 46
173 82
222 113
15 134
265 140
234 132
187 111
125 78
64 44
3 19
5 5
17 9
76 33
0 64
205 99
1 125
271 140
251 138
220 125
158 95
83 62
39 31
9 11
11 7
50 29
109 56
39 76
220 91
11 115
271 126
246 136
191 115
125 76
64 37
21 17
0 13
27 21
74 35
0 60
205 91
1 125
271 142
250 140
218 121
160 89
91 58
37 31
1 11
11 5
46 17
37 42
33 80
224 115
15 138
269 144
234 132
187 109
126 80
62 46
19 17
5 3
17 7
76 31
0 64
205 97
1 125
271 138
259 138
218 121
160 95
93 60
39 31
9 9
11 5
48 19
99 46
173 82
222 113
15 134
265 142
236 132
187 111
126 80
64 46
21 23
9 11
33 21
66 39
130 56
195 82
248 107
273 132
261 140
218 125
156 91
93 54
42 29
11 17
11 15
44 21
107 44
175 78
232 115
263 138
267 142
242 130
191 107
125 76
62 44
19 19
5 5
25 9
74 29
140 64
205 99
251 126
271 140
259 138
218 123
160 95
95 62
39 31
9 9
11 5
46 19
105 44
173 80
232 113
265 136
269 142
244 132
191 111
126 80
64 46
19 17
5 1
27 9
76 33
140 64
203 97
251 125
271 138
259 138
220 123
160 97
93 64
39 33
9 11
11 9
52 31
107 56
164 72
220 87
263 113
273 136
244 138
191 115
125 74
66 39
23 19
7 13
25 19
74 35
140 60
203 93
250 125
269 142
251 140
218 121
160 89
93 58
39 33
9 13
11 5
46 17
107 44
173 82
230 115
265 134
269 140
244 130
193 111
126 80
64 46
21 19
5 3
25 7
72 29
138 62
205 97
251 125
271 140
251 138
220 125
160 95
93 62
39 31
9 11
11 7
46 19
105 44
173 80
232 113
265 134
269 142
244 132
193 113
126 82
64 48
21 21
1 9
31 21
70 35
128 54
197 80
250 111
273 134
261 140
218 123
160 91
97 58
41 33
9 15
11 11
46 21
105 44
171 78
230 113
263 136
269 142
242 128
191 107
126 76
64 44
21 19
5 7
25 9
74 31
138 64
205 99
251 126
273 140
259 138
218 123
160 95
95 62
39 31
9 11
9 3
46 19
105 46
173 80
230 113
265 132
269 140
244 132
191 111
128 80
66 46
21 19
5 5
25 9
74 31
138 62
203 95
251 125
271 138
261 138
220 125
162 97
95 64
39 31
9 11
13 11
52 33
103 54
160 68
222 89
265 119
273 142
244 140
191 111
128 72
66 41
21 21
7 15
25 17
72 31
138 56
203 93
250 126
271 142
259 138
220 119
162 91
95 62
39 33
7 11
11 3
46 15
107 44
171 82
230 113
265 134
269 140
244 132
193 111
126 80
64 44
21 17
5 3
25 9
74 33
138 64
203 95
0 125
271 140
251 140
220 125
162 97
95 62
39 31
9 9
11 7
46 19
105 46
171 80
230 111
265 134
271 144
244 134
193 111
128 80
66 46
21 23
9 13
29 23
68 33
126 50
195 78
250 113
273 136
259 140
218 121
162 91
99 60
42 35
9 17
11 11
44 19
105 44
171 80
228 113
263 134
269 140
246 130
193 109
126 80
64 46
21 19
5 5
25 9
72 31
138 62
203 97
250 125
271 138
259 138
222 125
162 97
95 64
33 31
9 9
7 5
44 19
103 46
44 78
230 111
15 134
265 142
236 132
193 111
130 80
66 46
21 19
5 5
25 9
74 29
138 62
201 97
251 125
273 142
261 142
222 126
162 97
97 64
41 33
9 13
13 9
50 31
101 50
160 64
220 87
265 119
275 142
246 142
191 113
126 70
68 39
25 23
7 17
23 17
72 29
138 56
203 93
250 126
271 142
251 138
220 119
162 89
95 60
41 33
9 13
11 5
44 15
103 42
171 80
228 115
263 134
269 138
246 132
195 113
128 82
66 46
21 19
5 5
23 9
72 31
136 62
203 95
250 123
271 138
261 138
222 125
162 99
95 64
41 31
9 11
9 5
44 19
103 44
169 76
230 111
265 134
269 144
244 134
195 113
130 82
66 50
21 23
11 13
27 19
64 29
126 48
195 78
250 113
275 140
259 142
220 123
164 91
99 62
42 37
9 19
9 9
44 17
103 41
169 76
226 111
265 134
269 142
244 130
193 107
128 80
66 46
21 19
5 3
23 7
72 29
136 62
201 97
250 123
271 138
261 138
220 123
164 97
97 64
41 31
9 11
11 5
44 17
103 44
169 78
228 111
263 130
271 140
246 134
195 113
128 82
66 46
21 19
5 5
23 11
70 31
136 60
201 93
250 123
271 140
263 142
222 125
164 99
97 64
41 35
9 13
15 13
48 31
97 44
158 60
222 85
267 121
273 144
246 140
193 111
130 72
70 44
23 25
5 15
21 15
72 27
136 54
201 93
248 126
271 142
261 138
222 119
164 93
97 64
41 35
9 11
9 1
44 15
103 44
169 82
228 113
265 132
271 140
246 132
193 113
128 82
66 46
21 17
5 5
23 9
72 31
136 62
201 95
250 123
271 140
261 140
222 125
164 97
97 62
33 33
9 11
9 5
42 17
103 44
169 78
228 111
13 132
255 140
177 136
195 115
130 82
68 48
17 23
13 17
25 21
62 27
125 44
197 78
251 115
273 140
259 140
220 119
166 91
101 62
42 37
9 17
11 9
44 19
101 42
169 78
228 113
263 134
269 140
246 128
195 109
130 80
66 48
21 19
5 3
23 7
72 29
134 62
201 95
250 125
271 140
261 140
222 125
164 97
97 64
41 31
9 7
11 3
44 19
103 44
169 78
228 111
265 134
269 142
246 136
195 113
130 82
68 48
21 19
5 5
15 9
72 29
134 60
201 95
248 123
21 140
255 140
224 125
156 97
99 64
35 35
11 15
15 17
46 31
93 42
158 58
222 87
265 123
273 144
246 140
193 111
130 72
70 42
23 25
7 17
21 15
70 27
134 54
201 95
248 126
269 142
261 138
222 119
164 93
97 62
42 35
11 13
9 5
42 13
101 42
169 78
228 113
263 134
269 140
246 132
195 111
130 82
68 48
21 17
5 3
23 7
70 29
134 60
201 95
250 123
271 138
261 140
222 125
164 95
99 64
42 35
9 13
9 5
42 17
101 44
169 78
226 111
263 134
271 142
246 134
197 113
132 82
68 50
25 25
11 17
23 17
60 25
125 44
197 78
250 117
271 140
259 140
222 119
166 89
103 64
44 41
9 19
7 7
44 15
101 41
167 78
226 113
261 132
271 138
246 130
195 109
130 82
68 50
23 21
5 5
23 7
70 29
134 62
199 95
248 123
271 138
261 138
224 125
166 99
99 64
41 31
9 9
9 5
42 17
99 44
167 78
226 109
263 132
269 140
246 134
197 113
132 82
68 46
21 19
5 7
23 9
70 29
132 58
201 93
248 123
269 138
261 138
226 125
166 101
99 68
42 37
11 13
15 15
44 29
91 39
156 54
224 87
265 125
271 146
246 138
195 109
134 74
72 48
25 29
5 15
21 13
70 25
134 56
199 93
248 126
269 140
261 136
224 119
166 95
99 66
42 35
9 11
9 3
42 15
101 44
167 80
226 111
263 130
273 140
248 136
197 115
132 82
68 46
21 19
5 5
21 7
68 29
134 58
199 95
248 123
271 138
263 140
224 126
166 99
99 64
42 33
9 11
9 5
42 17
99 42
167 76
226 111
263 132
271 142
248 134
197 115
132 83
70 50
25 25
9 15
21 13
58 19
123 41
197 78
251 117
271 140
259 140
224 119
167 93
103 66
44 41
9 19
9 7
42 15
99 41
166 78
226 113
263 134
269 138
246 130
197 111
132 82
68 50
21 19
5 3
23 7
70 31
132 62
197 93
250 121
271 138
261 140
224 126
166 99
99 64
42 33
9 11
9 5
41 17
99 42
167 76
226 109
263 134
271 142
248 134
197 113
132 82
68 48
21 21
5 5
21 7
68 29
132 60
199 93
248 121
271 138
263 140
224 126
166 101
99 66
44 37
11 15
15 19
41 25
87 31
158 52
224 91
265 130
271 148
246 136
197 107
134 76
72 48
25 29
5 15
21 9
68 23
132 56
199 95
248 126
271 140
261 134
224 119
166 95
99 66
42 35
9 9
9 1
41 15
99 44
166 78
226 111
263 132
271 142
246 134
197 115
132 83
70 48
23 19
5 7
23 9
68 29
132 58
199 93
248 123
271 140
263 140
224 125
166 97
101 64
44 33
9 9
9 3
42 15
101 42
166 78
224 109
265 132
271 142
248 136
197 115
132 82
72 52
29 29
9 17
15 9
56 15
125 42
197 82
250 119
271 140
261 138
226 121
169 95
103 68
44 41
9 17
9 5
41 13
99 41
166 78
224 111
261 130
269 138
248 130
197 111
132 83
70 50
23 21
5 3
23 7
68 29
132 60
197 93
248 121
269 138
263 140
226 126
166 99
101 64
42 33
9 11
9 5
41 17
93 42
166 76
226 109
13 132
269 142
248 132
199 113
134 83
70 50
23 21
5 5
23 7
68 27
130 58
197 93
248 123
271 140
263 140
226 126
167 99
101 66
44 35
13 19
15 19
37 21
78 27
158 52
218 95
267 134
271 150
246 132
199 105
138 76
74 56
23 33
3 13
21 5
68 21
125 58
197 97
246 125
271 136
263 134
226 121
167 99
101 68
44 37
11 11
9 3
41 15
99 44
166 78
224 109
261 128
271 138
250 134
199 115
132 83
70 48
25 19
5 5
21 9
68 29
132 58
197 93
248 121
271 140
263 140
226 126
167 99
101 64
44 35
11 11
9 5
41 17
97 41
166 76
224 109
263 130
271 142
250 136
199 115
134 83
72 52
31 31
9 15
13 7
56 13
125 41
199 82
248 119
269 138
261 138
226 121
169 97
105 70
44 42
9 17
9 5
41 13
97 41
164 78
222 109
261 128
271 136
248 132
199 115
134 83
72 50
23 21
5 5
21 9
68 29
130 60
197 91
248 119
271 138
263 140
226 126
167 99
101 64
44 33
9 9
9 3
41 17
97 42
166 76
224 109
263 132
271 142
248 134
199 115
134 83
72 50
23 23
5 7
21 7
66 27
130 58
197 93
246 123
269 138
263 142
228 128
169 101
101 68
44 35
15 19
13 19
33 15
85 21
160 52
228 99
265 138
269 146
246 132
201 105
138 80
72 56
25 33
5 11
21 5
66 23
130 56
195 95
244 125
269 134
263 134
228 123
167 101
101 70
42 33
11 9
9 3
41 17
93 44
164 76
224 107
263 130
271 140
240 134
199 115
136 83
72 50
23 21
5 5
21 9
68 27
130 58
195 91
246 121
271 140
263 142
226 126
169 99
103 64
44 33
11 13
9 5
41 15
97 41
164 74
222 107
261 130
273 144
250 138
199 117
136 85
74 54
33 35
5 15
9 3
56 9
128 41
197 85
248 121
267 138
263 136
228 121
169 99
103 70
44 41
11 15
9 5
39 13
95 41
164 76
222 109
261 128
269 138
250 132
199 115
136 83
72 48
23 19
5 5
21 9
66 29
130 56
195 91
248 121
21 138
263 142
226 126
167 99
103 66
46 35
3 13
9 5
39 15
31 41
164 74
224 107
13 132
255 142
177 134
201 115
136 83
72 50
25 23
5 5
21 0
66 27
130 58
195 91
246 123
21 138
265 142
218 126
169 99
105 70
31 41
17 25
9 15
29 7
85 17
1 54
226 103
13 138
253 146
240 128
201 107
138 83
74 60
25 31
3 7
19 1
66 23
5 58
193 95
236 121
19 125
263 134
228 125
169 103
103 70
46 35
11 9
9 3
39 17
93 44
164 76
222 107
11 128
271 140
250 136
201 117
136 83
72 48
25 21
5 7
19 9
64 25
126 56
197 91
246 123
19 138
263 140
228 126
169 101
103 68
44 35
11 13
9 5
39 17
95 42
164 74
224 107
263 132
271 142
250 136
201 117
138 85
78 56
29 31
1 9
9 0
56 9
125 44
197 87
246 123
267 136
265 136
230 123
171 103
105 74
46 41
11 13
7 1
39 13
95 42
162 78
222 105
11 128
271 138
248 134
201 115
136 83
72 50
25 21
5 5
19 9
66 29
128 58
193 91
244 119
269 136
263 140
230 128
169 101
103 66
46 33
11 11
7 5
39 17
95 41
162 74
224 107
261 130
271 142
250 136
201 115
136 83
72 48
25 21
5 5
21 7
64 27
128 58
195 91
246 121
271 136
265 142
228 130
169 103
103 68
48 39
17 25
5 11
25 1
85 15
162 58
226 107
261 138
269 142
250 128
203 109
140 87
74 60
25 29
5 7
19 5
64 25
126 58
193 93
244 119
269 132
263 136
228 126
169 103
103 68
44 33
11 9
9 7
39 19
93 44
162 72
222 105
261 130
271 142
248 136
201 115
138 83
74 48
25 21
3 5
19 5
66 25
128 56
193 91
244 121
271 138
265 142
228 126
169 99
105 66
46 35
11 13
7 3
39 15
95 41
162 74
222 107
261 132
273 142
251 136
203 117
138 85
80 58
29 31
0 7
7 0
58 9
130 46
197 89
244 123
267 136
265 134
230 125
173 105
105 74
46 41
11 13
9 3
39 13
93 42
162 76
222 105
261 126
271 138
250 134
201 117
138 83
72 48
25 17
7 5
19 9
62 29
126 56
195 89
246 121
271 138
263 140
228 126
171 99
105 68
46 37
11 13
7 5
39 15
95 41
162 74
222 107
261 130
271 140
250 134
203 115
138 83
72 50
27 23
5 7
19 7
64 27
128 56
193 91
246 121
271 138
265 142
228 128
171 103
105 70
50 44
15 25
0 1
25 0
87 17
164 64
224 111
261 136
269 136
250 125
205 111
140 89
76 62
25 29
5 5
19 1
62 25
126 60
191 93
244 117
269 132
263 136
228 128
171 103
105 68
46 33
13 11
7 5
37 17
95 41
162 74
220 105
259 130
269 140
250 136
201 115
138 83
74 50
25 21
5 7
19 7
64 25
128 56
193 91
244 121
19 138
265 140
125 126
171 101
105 70
46 37
5 13
9 7
37 17
93 41
156 72
222 107
11 132
255 142
250 136
189 117
142 91
82 64
17 31
0 0
1 0
60 11
3 50
193 89
242 119
269 134
265 134
232 126
173 107
107 74
48 39
11 11
7 3
37 15
93 42
160 74
218 101
259 125
271 138
251 138
203 117
140 85
76 50
27 23
5 9
17 9
62 25
126 54
193 87
244 119
271 138
265 142
230 126
171 101
105 68
48 37
11 13
7 5
37 13
93 39
160 72
220 107
259 128
271 138
251 134
203 117
138 85
74 50
27 23
7 7
19 7
62 25
126 54
193 89
246 121
271 140
265 142
230 128
173 103
107 72
52 48
13 23
0 0
27 0
91 19
164 70
222 113
259 132
271 136
251 128
207 117
140 95
74 60
25 25
5 3
19 3
62 25
125 58
191 89
244 117
271 132
263 138
230 128
171 103
107 68
48 35
11 11
7 5
37 17
91 41
160 70
220 103
261 132
273 144
250 138
203 115
138 82
76 50
27 25
5 7
17 7
64 23
126 54
191 89
244 121
271 138
265 140
230 126
171 101
107 68
48 37
11 13
7 5
37 15
93 39
160 74
220 107
261 132
273 142
251 138
205 119
144 93
82 64
21 27
0 0
9 0
62 9
128 50
191 91
242 119
271 132
267 136
232 130
173 109
105 76
48 37
13 11
7 3
35 15
91 41
158 70
218 101
261 126
271 140
251 138
205 117
140 83
76 52
27 23
5 7
17 9
62 25
125 52
191 89
244 119
269 138
265 140
230 126
173 101
107 68
46 37
9 11
7 3
39 15
93 41
160 74
220 105
261 130
271 142
251 136
203 117
140 85
76 52
27 23
5 7
19 7
62 25
125 54
191 91
244 121
271 138
267 142
230 128
173 103
109 74
54 50
9 19
0 0
29 0
93 25
164 74
220 113
250 130
271 134
253 130
207 121
140 95
74 58
25 21
5 1
19 5
60 27
125 58
191 89
242 115
269 134
265 140
230 130
173 103
107 66
48 33
13 13
7 7
35 17
91 39
158 70
220 105
259 132
271 142
251 134
205 115
140 83
74 50
27 23
5 7
19 7
62 25
125 54
191 89
244 121
269 138
265 140
230 126
173 101
107 68
48 37
13 13
7 5
37 15
91 41
158 72
220 107
261 132
273 142
251 136
207 119
148 95
78 62
19 21
0 0
13 0
62 15
126 54
189 91
242 117
271 132
269 138
232 132
173 107
109 72
50 37
13 11
5 3
35 15
91 41
158 70
218 101
259 126
271 140
251 136
205 117
140 83
76 50
29 23
5 9
17 9
62 25
125 54
191 87
242 119
269 138
265 138
230 126
173 101
109 70
48 37
13 13
7 3
37 13
91 39
158 72
220 107
259 130
271 140
251 136
205 117
142 85
76 52
27 23
5 7
17 7
62 27
125 54
191 89
244 121
269 138
265 140
232 128
177 105
115 80
52 50
3 9
0 0
31 0
93 31
160 78
218 111
1 126
271 125
253 132
207 123
142 97
68 56
27 19
5 1
17 5
60 29
123 56
189 85
242 111
19 132
265 142
224 130
175 95
109 68
48 35
13 13
7 7
37 15
91 37
156 70
218 103
9 130
271 142
251 134
205 115
142 85
76 54
27 25
5 7
17 7
60 23
125 54
189 89
242 119
15 136
265 138
232 128
175 103
109 70
50 37
13 13
7 5
35 15
91 41
158 72
218 105
259 128
271 142
253 140
208 123
148 99
74 58
17 15
0 0
15 0
62 19
123 54
187 87
242 113
271 130
267 142
234 136
175 111
107 72
48 35
13 11
7 5
35 17
87 39
156 68
218 99
259 128
271 142
251 136
207 117
142 85
78 52
27 25
5 7
17 7
60 23
123 52
189 87
242 119
271 138
265 142
230 128
175 101
109 70
50 39
11 15
5 3
35 13
89 37
158 72
216 103
259 128
273 140
251 136
205 117
142 85
78 52
29 23
5 7
17 7
60 25
123 54
189 87
242 117
271 138
267 144
232 132
177 107
115 82
48 44
1 3
0 0
33 0
93 35
158 76
216 105
259 125
273 134
255 140
207 128
142 95
78 52
29 19
5 3
15 7
58 27
123 52
189 82
240 113
271 136
267 144
232 132
175 103
109 68
50 37
13 15
7 7
35 13
89 35
158 68
218 103
259 130
271 142
251 134
207 115
142 85
78 52
27 23
7 5
17 7
60 25
123 54
189 89
242 119
269 138
265 140
232 128
175 103
109 70
50 37
11 13
7 5
35 13
89 39
156 72
218 105
11 132
273 144
253 140
212 125
146 99
72 54
17 11
0 0
17 0
62 21
123 54
187 85
242 111
271 134
267 144
232 136
175 107
109 68
50 35
5 15
5 0
33 15
19 37
156 68
218 101
9 125
271 142
253 138
207 117
142 85
78 52
31 27
7 9
15 7
58 21
125 52
189 89
242 121
19 138
265 138
234 126
177 95
109 70
50 39
13 13
7 5
35 13
89 37
158 70
218 105
9 130
271 140
251 136
207 117
144 87
80 54
29 25
5 7
17 7
60 25
123 54
189 89
242 119
265 138
265 142
224 130
179 109
115 83
44 39
0 0
0 0
37 1
93 41
156 78
216 103
259 121
275 136
253 142
205 126
144 93
80 52
29 21
3 5
15 9
58 27
121 52
187 82
242 113
269 136
265 144
232 130
177 101
111 68
50 39
13 15
7 7
33 11
89 35
156 70
216 103
257 128
271 140
253 134
207 117
144 87
80 54
29 25
5 7
17 7
58 25
123 54
187 87
242 117
19 136
265 140
234 130
177 95
111 70
46 37
5 15
7 7
35 15
87 39
156 70
216 105
259 130
271 142
257 140
214 130
144 97
70 50
19 9
3 0
17 0
60 23
119 52
187 83
242 113
271 138
267 148
234 136
177 107
111 68
50 35
13 15
7 7
33 15
87 35
154 66
216 101
259 130
271 142
253 136
208 117
144 87
80 54
29 25
5 7
15 7
58 23
121 52
187 87
242 117
269 136
265 140
234 128
177 103
111 70
50 39
13 15
5 5
35 13
89 37
156 70
216 103
257 126
273 140
255 138
207 119
142 87
80 52
31 25
7 9
17 9
58 25
123 52
189 87
242 119
269 138
267 144
234 132
183 113
111 80
42 31
1 0
3 0
37 9
91 42
154 74
214 99
257 121
275 140
255 146
208 128
144 91
78 48
29 19
5 9
15 11
56 25
119 48
187 82
242 115
267 140
265 142
234 126
177 99
111 70
52 41
13 17
7 5
35 11
87 35
154 68
216 103
259 130
271 140
253 136
208 117
146 89
80 56
29 25
5 5
17 5
50 23
121 52
187 87
236 119
19 136
267 140
234 128
177 95
113 64
52 31
13 15
7 3
35 13
87 37
29 70
216 101
9 128
275 144
257 144
212 126
142 91
70 44
21 9
5 0
17 1
58 23
119 50
187 82
236 113
21 140
267 148
234 134
177 105
111 70
52 39
13 17
5 5
33 11
87 33
154 66
214 101
9 130
273 142
253 138
208 117
144 87
80 54
31 27
5 9
15 5
56 21
121 50
187 87
240 119
267 136
265 140
236 128
179 105
111 74
50 39
13 13
7 3
35 13
87 39
154 70
214 103
259 128
271 140
253 138
208 119
146 89
80 54
29 25
7 7
17 7
58 25
121 52
187 87
242 119
269 138
267 144
238 134
183 117
109 74
41 21
5 0
7 0
37 13
87 42
152 68
214 93
259 121
275 144
255 148
208 126
146 87
80 50
31 23
5 9
15 9
56 21
119 48
185 82
240 117
269 138
267 142
234 128
177 101
113 68
54 41
15 19
5 7
33 11
87 35
154 70
216 105
257 130
271 140
253 134
208 117
146 89
80 54
31 25
5 7
15 5
56 21
119 52
185 87
240 117
269 136
267 140
234 128
177 103
113 72
52 39
15 17
7 7
33 13
85 37
154 70
216 105
259 130
273 144
261 146
210 128
138 85
70 42
25 9
7 0
17 5
56 23
117 48
187 80
242 115
271 142
267 148
234 130
179 103
113 70
52 41
13 15
5 5
33 9
85 35
152 66
216 101
259 130
271 142
253 138
208 117
148 89
82 56
31 27
5 7
15 3
56 21
119 52
185 87
238 117
267 136
267 138
234 128
179 105
113 72
54 39
15 13
7 3
33 13
23 37
29 70
214 101
7 126
273 140
253 138
208 119
146 87
82 54
31 25
7 7
15 7
56 21
121 52
187 87
240 119
19 138
267 142
240 140
183 119
103 68
41 17
9 0
9 0
35 17
83 41
152 64
216 95
261 126
273 148
253 146
208 123
146 87
80 50
29 25
5 11
13 9
56 21
119 46
185 83
238 117
269 140
267 142
234 128
179 103
115 74
52 42
13 17
5 3
31 9
85 35
152 70
214 105
257 128
271 140
255 136
208 119
146 89
82 56
31 25
5 5
15 5
56 23
119 52
183 83
240 117
269 136
267 142
236 130
179 105
115 72
54 41
15 17
5 5
33 13
85 37
154 68
214 103
259 130
275 146
261 148
207 125
136 82
72 39
29 11
7 1
15 5
54 21
117 46
187 82
242 119
269 142
267 148
236 132
179 105
113 72
52 41
13 17
5 5
31 9
83 31
152 66
214 103
257 130
271 140
255 136
210 119
148 91
82 56
31 27
7 7
15 5
54 21
119 52
185 87
240 117
267 136
267 138
236 128
179 107
115 74
52 39
15 13
7 5
33 15
85 39
152 68
214 101
257 128
271 142
255 138
210 119
148 89
82 56
31 27
5 7
15 5
58 23
119 54
185 87
240 119
269 138
269 146
242 144
177 113
105 60
44 15
13 0
9 1
33 17
83 37
152 62
216 95
259 130
273 152
255 146
208 121
146 83
83 52
31 29
5 11
11 5
54 17
119 46
185 85
238 119
269 138
267 140
236 128
179 105
115 74
54 41
15 15
7 3
31 9
83 35
152 70
214 103
257 128
271 138
255 136
210 119
150 91
82 56
31 25
5 7
15 7
54 23
119 52
185 85
240 117
267 136
267 140
234 130
179 105
115 74
54 41
15 15
7 5
33 13
85 37
152 70
214 105
257 130
277 148
259 148
205 121
138 78
76 39
31 15
9 5
13 7
54 19
117 44
185 82
242 119
269 144
267 146
236 130
181 103
115 72
54 42
13 17
5 3
31 7
83 33
150 68
212 101
255 126
273 138
255 136
210 121
148 91
83 58
33 27
7 7
13 5
54 21
117 52
183 85
238 115
17 136
267 142
236 130
173 105
115 64
56 39
15 15
5 5
31 11
83 37
17 68
212 101
7 128
271 142
255 138
210 119
150 89
83 56
33 27
7 9
15 5
54 21
117 52
185 87
238 119
267 138
271 146
234 144
175 107
103 54
48 17
17 5
1 9
31 17
80 31
150 58
216 97
261 136
271 152
253 142
210 117
150 85
83 56
31 31
5 9
13 3
54 15
115 46
183 85
238 119
269 138
267 140
236 128
183 105
117 76
54 42
15 15
5 1
31 9
83 35
150 68
210 101
257 126
273 140
255 138
210 121
150 91
83 56
33 27
5 7
13 5
54 21
117 50
183 85
238 115
267 136
267 142
236 132
181 107
117 74
56 41
15 15
5 3
31 11
85 37
152 70
214 103
259 132
279 152
255 146
203 115
138 74
82 41
33 19
7 7
13 5
52 15
117 44
185 82
240 121
267 144
267 144
236 130
183 105
115 74
54 42
13 15
3 1
29 7
83 33
150 68
212 103
255 128
273 140
255 136
212 121
150 93
83 58
31 25
7 5
15 5
52 21
115 50
183 85
238 115
267 136
267 140
238 130
181 107
117 74
56 41
15 13
5 3
31 11
83 35
150 68
212 101
257 128
273 142
255 138
212 119
150 89
83 56
33 27
5 7
15 5
54 21
117 52
183 85
238 117
269 140
275 154
236 140
171 97
107 50
54 21
17 11
7 9
29 15
83 29
152 60
214 99
257 136
271 150
255 140
212 117
150 85
83 56
31 31
5 9
13 1
52 13
117 46
183 87
238 119
267 136
269 138
238 130
183 109
117 78
56 42
15 13
7 3
31 13
82 37
150 68
212 101
257 126
271 140
255 138
212 121
150 91
85 56
33 25
7 7
13 7
54 23
115 50
181 83
238 115
267 136
267 142
238 130
181 105
117 74
54 41
17 15
7 5
31 13
83 35
150 68
214 105
261 136
277 154
250 140
201 107
144 72
85 44
33 23
5 5
13 3
56 15
119 48
183 87
238 123
269 142
267 142
234 128
173 105
117 74
54 42
13 13
3 0
31 9
1 33
148 68
210 101
255 126
273 138
257 138
212 123
150 91
85 56
33 25
5 5
13 7
54 23
115 50
181 83
236 113
267 134
269 144
238 134
183 107
117 72
56 41
17 17
5 7
29 11
82 33
148 66
212 99
255 126
271 140
257 138
212 121
150 91
85 58
33 29
7 9
13 7
52 21
115 50
181 85
238 119
271 144
271 156
232 132
173 89
111 52
56 27
19 17
7 11
29 9
82 25
150 60
214 105
257 138
271 148
255 136
212 115
152 89
85 60
31 29
5 5
13 0
52 17
113 48
181 83
238 117
269 136
267 142
238 130
183 109
119 78
56 42
15 17
5 3
29 11
82 35
148 68
210 101
255 126
271 140
257 138
212 121
150 91
87 58
35 27
7 9
13 7
52 21
115 48
181 83
238 117
267 136
267 142
238 130
183 107
117 74
56 41
17 17
5 5
29 11
82 35
150 68
212 105
261 138
273 148
248 132
203 105
148 76
85 50
33 27
5 7
11 1
52 15
109 46
58 87
238 123
17 140
267 140
238 128
183 107
119 76
56 44
15 15
5 1
29 9
80 35
140 68
212 101
5 126
271 138
257 136
214 123
152 93
85 58
33 27
5 7
13 5
52 21
115 50
181 83
236 115
267 134
267 140
238 130
183 107
119 76
56 41
17 15
5 3
29 11
80 33
148 66
210 99
255 126
271 140
255 136
214 121
152 93
87 60
35 29
7 9
13 5
54 21
115 50
181 87
236 119
273 146
271 152
230 126
173 85
115 56
60 35
19 21
5 9
27 5
82 25
150 64
212 107
253 136
271 142
257 134
214 117
152 91
85 60
33 29
5 3
13 0
52 17
115 52
181 87
236 115
267 132
267 138
240 132
185 111
119 78
56 41
17 13
5 5
29 13
80 37
15 66
210 99
255 126
271 142
257 138
216 121
152 91
85 58
33 27
7 9
13 7
52 23
113 50
179 83
236 115
267 136
267 142
238 132
185 107
119 76
58 42
17 17
5 5
29 13
82 37
148 68
214 107
263 140
267 144
248 128
207 105
152 80
89 54
33 29
3 5
13 0
56 17
117 52
181 89
236 119
269 136
269 140
240 132
183 109
119 78
56 41
17 13
5 1
27 9
80 33
148 66
210 101
255 126
273 140
257 140
214 123
152 93
85 58
35 25
5 7
13 5
50 21
113 48
179 82
236 113
267 134
269 142
240 134
185 109
119 76
58 41
17 17
5 5
29 13
80 33
146 64
210 99
255 126
271 140
257 138
214 123
154 93
85 58
33 27
7 9
15 7
52 25
113 50
179 83
240 121
273 150
263 148
226 117
177 83
121 60
62 42
15 21
3 3
29 3
83 29
148 70
210 109
255 132
271 140
257 134
214 119
152 95
87 62
33 27
5 1
13 0
52 19
113 52
179 85
236 113
267 132
269 142
240 134
185 111
119 76
58 41
17 15
5 5
29 11
80 35
146 64
208 97
253 123
271 138
259 140
214 123
154 91
87 58
35 29
7 9
11 7
50 21
113 48
179 80
236 115
267 136
269 142
240 130
185 107
121 76
58 42
17 17
5 7
29 11
80 35
148 70
214 109
257 136
263 140
248 125
210 105
156 83
89 58
33 29
5 5
13 1
52 19
113 52
179 89
236 119
267 134
269 138
238 130
185 109
119 76
58 41
17 13
5 1
27 9
78 33
146 64
210 97
255 126
273 142
257 140
216 123
154 93
89 58
35 29
5 9
13 5
50 19
113 48
52 82
234 113
17 134
265 142
240 125
185 107
121 76
60 42
17 17
5 5
29 11
80 33
140 64
208 99
5 126
265 142
257 140
214 123
154 93
89 60
37 31
0 9
11 5
52 19
113 50
171 87
234 123
269 146
253 138
228 111
181 87
123 68
62 48
17 21
3 1
29 1
82 29
148 72
210 109
0 130
271 136
259 134
216 123
154 97
87 60
33 25
7 3
13 3
50 21
111 50
179 83
234 113
267 134
267 142
242 134
187 111
121 76
58 41
15 15
5 5
29 11
78 33
146 64
208 99
255 126
273 142
257 140
216 123
156 93
89 60
35 29
5 9
13 5
50 19
111 48
177 82
234 113
267 134
269 142
240 132
187 109
121 78
60 44
19 19
5 5
29 11
82 35
148 72
214 111
251 132
261 132
250 121
214 107
156 87
87 58
33 25
7 3
15 1
52 21
113 54
177 87
234 115
267 132
269 140
240 134
187 111
121 76
60 39
17 13
5 1
29 11
78 33
144 66
208 99
253 125
273 140
257 140
216 123
154 93
87 56
37 27
7 9
13 5
48 19
111 46
177 82
234 113
267 136
269 142
240 132
187 109
121 76
60 42
17 17
7 5
29 11
78 35
144 64
208 99
253 128
271 142
257 138
216 123
156 95
89 60
35 29
7 9
13 7
50 21
111 50
179 85
240 128
265 142
257 130
230 109
187 91
126 76
60 48
15 17
5 0
31 5
80 35
146 74
207 107
253 126
271 136
257 136
214 123
156 95
89 60
35 25
7 5
11 3
50 21
111 50
179 82
234 111
267 132
269 144
242 134
187 109
121 74
60 41
19 17
5 7
27 11
78 33
144 62
208 99
253 126
271 142
259 140
216 123
156 93
89 60
37 29
7 11
11 7
48 19
111 48
177 82
234 115
265 134
269 140
240 130
189 109
123 78
60 46
19 19
5 7
29 13
78 37
150 74
212 111
246 126
261 126
253 121
216 111
158 91
87 60
33 25
7 1
17 3
52 25
111 54
177 85
234 113
267 134
267 142
240 134
187 109
121 74
58 39
17 13
5 3
29 13
78 33
144 64
207 97
253 126
271 142
259 140
216 123
156 93
89 60
37 31
7 9
11 5
48 19
109 46
175 80
232 113
267 134
269 142
240 132
187 109
123 76
62 44
17 19
5 7
27 11
78 33
142 64
207 99
253 126
273 140
259 138
216 123
156 93
91 60
37 29
7 11
11 7
48 21
111 50
181 91
236 126
259 132
257 123
238 111
189 101
125 82
60 48
15 15
5 0
29 5
80 39
144 74
207 103
253 125
273 136
259 138
216 126
156 97
89 58
35 23
7 5
11 5
48 19
109 48
177 80
234 113
267 136
269 144
240 134
189 109
123 78
60 42
17 17
5 5
27 11
76 33
142 62
207 97
253 126
273 142
259 138
216 123
158 93
91 60
37 31
5 9
13 3
50 19
109 46
175 82
232 113
267 134
269 142
242 134
189 109
125 78
62 44
19 19
5 7
27 13
80 37
150 76
205 107
242 119
263 123
257 125
218 117
156 93
89 60
35 23
9 1
15 5
50 25
109 54
175 83
234 111
265 132
269 142
242 134
187 111
123 74
60 41
19 15
5 5
27 9
76 31
142 62
207 97
253 126
271 142
259 140
218 123
158 93
91 60
37 29
9 11
11 7
46 19
107 46
177 80
232 115
265 134
269 142
242 130
191 109
125 78
62 44
19 17
5 5
25 11
78 33
142 64
207 99
253 126
271 140
259 138
218 125
158 93
91 60
37 31
7 9
13 7
48 21
109 50
181 93
232 121
255 125
259 119
240 113
191 107
126 83
60 46
17 11
7 0
31 11
78 41
142 72
205 99
251 121
271 136
257 140
216 126
156 93
91 54
37 25
7 7
11 7
48 21
109 48
175 80
232 113
265 136
271 144
242 134
189 109
123 76
62 42
19 19
5 5
25 9
76 29
142 62
207 99
251 126
271 140
251 138
218 121
158 93
91 62
37 31
0 9
11 5
48 19
109 46
175 82
232 113
265 134
269 140
242 134
189 111
125 78
62 44
19 17
7 7
29 15
80 41
146 76
201 99
242 115
265 123
257 126
220 119
158 95
91 60
37 23
9 5
15 7
50 27
44 54
48 82
232 109
265 134
269 144
240 134
189 109
125 74
62 42
1 19
5 0
27 11
76 31
1 62
205 97
1 125
271 140
251 140
218 123
158 93
91 60
39 31
9 9
11 5
46 17
99 46
175 80
224 113
15 134
265 142
234 132
189 109
125 78
62 44
19 19
5 5
25 9
76 33
140 64
205 97
250 123
271 140
253 140
220 125
158 97
91 62
39 31
9 11
11 7
46 21
113 54
179 93
226 115
253 117
263 119
244 123
193 111
125 82
62 42
19 11
9 3
27 15
76 41
140 68
205 95
251 123
269 140
251 142
216 125
158 91
91 56
39 27
7 9
11 7
46 19
107 44
173 80
232 113
265 136
269 142
242 132
191 109
126 78
62 46
19 19
5 3
25 7
76 31
140 64
205 97
251 125
271 140
259 138
218 123
160 95
93 64
39 31
7 9
11 3
46 19
107 46
173 82
230 111
265 134
269 142
242 134
191 111
126 78
64 44
19 17
5 5
27 15
83 44
140 74
195 93
242 109
269 125
261 132
220 123
156 93
91 56
41 25
11 9
13 11
46 25
105 48
173 80
230 111
263 132
267 142
242 134
191 109
125 76
62 42
19 17
5 5
27 11
76 31
140 62
205 97
251 126
271 142
259 140
218 123
160 93
91 60
37 29
9 9
11 5
46 17
105 44
173 80
232 113
265 134
269 142
234 132
191 111
126 80
62 44
17 17
0 5
27 11
74 31
13 62
205 97
251 125
271 140
259 140
220 125
160 97
93 62
39 33
9 11
11 7
46 21
113 56
173 89
220 103
255 111
267 123
246 128
193 117
125 80
62 39
21 11
9 7
27 19
74 41
138 66
205 93
250 121
271 142
259 144
218 125
160 89
93 54
39 27
7 11
11 7
46 17
107 42
173 78
230 113
265 136
271 144
244 132
191 109
125 78
64 44
21 21
5 7
25 9
72 29
140 62
205 97
250 125
271 138
259 138
220 123
160 95
93 62
39 31
9 9
11 5
46 19
35 44
33 80
218 113
15 126
265 142
234 132
187 111
128 80
64 48
19 19
0 7
29 15
78 42
134 66
191 85
244 107
21 126
253 136
218 125
160 95
95 58
41 27
11 11
13 11
46 25
101 46
171 78
222 111
15 136
269 144
234 130
189 105
128 76
64 46
19 21
3 5
25 9
74 29
138 62
203 97
250 125
271 140
253 138
220 123
160 95
95 62
39 31
9 9
9 3
44 17
105 44
158 80
218 113
15 134
265 140
236 132
193 111
126 80
64 46
19 19
5 5
25 9
74 31
138 62
203 97
251 125
271 138
261 138
220 125
160 97
95 64
39 31
9 11
11 7
48 25
111 58
167 83
218 95
0 109
269 126
246 134
193 119
126 80
64 39
23 13
9 9
25 19
72 37
138 62
203 91
251 123
271 142
251 142
220 121
162 89
93 58
39 29
7 11
11 7
46 17
105 42
171 76
230 113
265 136
269 140
244 132
193 111
128 80
64 48
19 21
5 3
25 7
74 31
138 64
203 95
251 123
271 138
261 140
220 125
156 95
95 62
41 31
7 9
9 3
46 17
105 46
171 80
228 111
263 130
271 140
246 134
193 115
126 80
66 46
21 21
7 9
31 21
74 41
130 60
191 80
248 107
273 130
263 140
220 125
158 91
97 54
44 29
11 17
11 15
44 21
103 42
171 76
230 113
263 136
267 142
244 130
193 107
126 76
64 46
19 19
7 5
25 9
74 31
138 62
203 97
251 126
271 140
259 138
220 123
162 97
95 64
39 31
9 9
9 3
44 17
105 44
171 80
230 113
265 134
269 142
244 134
193 113
128 82
66 48
21 19
5 5
23 9
74 31
138 62
203 95
251 123
273 140
261 140
220 125
162 97
95 62
41 31
9 11
11 7
52 29
107 58
162 74
216 87
261 113
273 136
246 142
191 115
126 74
66 37
23 19
7 15
23 19
72 33
138 56
203 91
250 125
269 144
259 142
220 121
162 91
95 60
41 33
9 13
11 5
46 15
105 44
169 80
228 115
263 134
269 140
244 132
193 111
126 80
64 44
21 19
5 5
23 9
72 29
138 60
203 95
251 125
271 140
261 140
222 126
162 99
95 64
41 31
7 7
11 5
46 19
103 44
169 78
230 111
265 134
269 144
244 134
195 111
128 80
66 46
21 21
9 11
31 21
70 35
125 50
193 76
250 109
273 134
261 140
218 123
162 91
99 58
42 33
11 17
11 13
44 21
103 42
171 78
228 113
263 136
269 142
244 130
193 107
128 78
66 48
21 21
5 3
23 5
72 29
136 62
201 97
250 125
271 138
261 138
222 125
162 95
95 62
41 31
9 11
9 5
42 17
103 42
171 78
228 111
263 132
269 142
244 132
193 111
130 82
66 48
21 21
5 5
23 9
72 29
136 60
203 95
250 125
271 138
261 138
222 125
162 97
95 62
41 33
9 13
13 11
50 31
99 50
158 64
220 89
265 119
273 142
244 140
193 111
128 74
68 42
23 23
7 17
23 17
70 29
136 54
201 91
250 125
269 142
259 138
220 119
164 91
97 64
41 35
9 11
11 5
44 15
103 44
169 80
228 113
265 134
271 140
246 134
193 113
130 82
68 48
21 19
5 5
23 9
72 31
136 62
201 95
250 123
271 138
261 138
222 125
164 99
97 66
41 33
9 11
11 5
44 17
103 44
169 78
228 109
263 132
271 142
246 134
195 115
130 82
68 48
25 23
11 15
27 21
62 27
125 44
195 76
250 113
273 136
259 138
222 121
164 91
99 60
42 35
9 17
11 9
42 17
101 41
169 78
228 111
263 134
269 138
244 128
195 109
130 80
66 48
21 19
5 3
23 7
72 29
134 60
201 95
250 123
271 138
263 140
222 126
164 99
97 64
41 33
9 11
9 5
44 19
103 44
169 76
228 109
265 134
271 142
246 134
195 111
130 80
68 48
21 21
5 5
23 9
72 31
134 60
199 95
248 123
273 138
263 140
222 126
162 99
99 64
42 35
9 13
13 13
46 29
91 39
156 54
222 87
267 126
273 148
244 138
193 107
130 70
70 46
25 29
5 17
23 13
70 25
136 54
201 95
248 128
269 140
261 134
222 117
164 93
99 64
41 35
9 11
9 1
42 15
101 44
169 82
228 113
263 132
269 138
246 132
195 115
130 83
66 48
21 17
5 3
23 7
70 29
134 60
203 95
250 125
271 140
261 140
224 126
166 99
97 64
41 33
9 9
11 5
42 17
101 44
167 78
228 111
265 134
271 142
246 136
195 113
132 83
68 50
25 25
11 15
23 15
60 23
125 44
197 80
251 117
273 140
261 140
220 121
167 93
101 66
44 39
9 17
7 5
44 13
101 42
167 78
226 113
263 132
269 138
246 130
195 111
130 80
68 48
21 19
5 3
23 7
70 31
134 60
201 95
250 123
271 138
261 142
224 126
166 99
97 64
42 31
9 11
9 5
42 17
101 42
169 76
226 109
263 132
269 142
246 134
197 113
130 82
66 46
21 19
5 5
23 11
70 29
134 60
201 93
250 123
271 140
261 140
224 126
166 99
99 66
42 33
11 15
17 19
41 25
89 31
158 50
226 91
267 132
271 150
244 136
195 105
134 74
70 48
23 31
5 15
23 11
70 25
134 56
195 95
248 126
21 140
253 134
222 119
166 95
99 66
35 35
9 11
9 3
42 17
101 46
42 80
226 111
15 132
271 140
238 134
197 113
130 80
62 44
23 21
5 5
21 9
70 29
134 60
199 95
248 123
271 140
263 140
224 125
164 97
99 64
42 33
9 11
9 5
42 17
101 42
167 78
226 111
263 134
271 142
246 134
197 115
132 83
70 50
29 31
9 19
15 11
58 15
126 42
201 83
250 123
269 140
259 136
224 119
169 95
101 70
42 41
9 15
9 5
42 13
99 41
167 78
226 111
261 130
269 136
246 128
197 111
132 83
68 48
21 19
5 3
23 7
68 29
132 62
199 95
248 123
271 138
261 140
224 125
164 97
101 64
44 33
9 11
9 5
42 17
99 42
167 76
226 109
263 132
269 140
248 132
197 113
132 82
70 50
23 21
5 5
21 9
70 29
134 60
199 95
248 123
271 138
263 140
224 126
166 99
99 68
44 37
15 21
13 19
35 15
87 25
162 54
228 99
265 136
269 146
246 132
199 105
136 80
72 54
23 31
5 11
21 7
68 23
132 58
197 97
248 125
269 136
263 134
224 123
166 99
99 66
42 33
11 9
9 3
41 17
99 44
167 78
226 109
263 132
269 138
248 136
199 115
132 83
70 46
21 19
5 5
23 9
68 29
132 58
197 91
248 123
271 140
261 138
224 125
166 99
99 66
42 35
9 11
9 5
42 17
99 44
166 76
224 107
0 132
273 142
248 136
197 115
134 83
74 52
31 33
3 13
11 1
58 9
130 42
201 85
248 123
269 138
261 134
226 119
169 99
103 72
44 42
9 15
9 3
41 13
99 42
166 80
224 109
259 128
269 134
248 132
199 115
134 85
70 50
23 19
5 5
21 9
68 29
132 60
199 93
248 121
269 138
263 140
224 126
166 99
99 64
42 31
9 9
9 5
41 17
99 42
166 76
226 109
263 132
271 142
248 134
199 113
132 82
70 48
23 21
5 7
21 9
68 29
132 58
197 93
248 123
271 140
263 142
226 126
167 101
101 68
44 37
17 25
9 15
31 7
87 19
164 56
228 105
265 140
269 144
246 128
199 105
136 83
72 58
23 31
3 7
21 3
68 23
130 60
197 97
246 123
271 134
263 136
224 125
166 99
101 66
44 33
11 11
9 3
41 17
33 42
166 76
224 109
263 132
271 142
248 136
199 115
134 82
70 48
23 21
5 7
21 7
68 27
132 58
134 93
248 123
21 138
263 140
226 126
166 99
101 64
44 35
11 13
9 5
41 15
99 41
166 76
226 109
13 134
271 140
248 134
199 115
134 85
74 56
29 33
0 9
9 0
58 9
132 46
201 91
248 125
267 136
261 134
228 121
169 101
103 74
44 41
9 13
9 3
41 15
97 44
164 78
222 107
263 128
271 138
248 132
199 115
134 83
72 48
23 19
5 5
21 9
68 31
130 60
197 91
246 121
271 138
263 140
226 126
167 99
103 66
44 33
11 11
7 3
41 15
99 42
166 76
224 109
263 132
271 142
248 136
199 117
134 83
72 50
25 23
5 5
21 7
68 27
132 56
197 93
248 123
271 138
265 140
220 128
167 103
101 68
48 41
17 25
0 7
27 0
89 19
167 64
228 113
11 138
253 138
250 126
203 111
136 87
72 58
23 27
5 3
21 3
66 27
130 62
195 95
246 119
271 134
263 136
226 126
167 103
101 66
44 33
11 9
9 5
39 17
97 42
166 74
224 105
263 130
271 142
248 134
199 115
136 82
72 48
23 21
5 5
21 9
66 27
130 56
195 91
248 123
271 140
263 142
226 126
167 99
103 66
44 35
11 13
9 5
41 15
97 42
39 76
224 109
5 132
255 142
250 136
201 117
136 87
80 60
25 29
0 1
9 0
62 9
132 48
197 93
246 123
269 134
265 136
230 126
169 105
103 72
44 37
11 9
7 3
39 15
95 44
164 76
222 105
261 126
271 138
248 136
199 117
134 82
72 46
25 21
5 7
21 11
66 27
130 54
197 91
248 123
269 140
255 140
226 125
167 99
103 66
44 33
11 11
9 5
41 15
97 41
164 74
224 109
263 132
271 142
248 134
201 115
136 83
72 50
23 21
5 5
21 7
68 27
130 58
195 93
246 121
271 138
263 142
226 126
169 101
105 70
50 46
11 21
0 0
29 0
93 21
167 70
226 113
261 134
269 136
250 126
203 115
138 93
72 60
23 25
5 1
19 3
66 27
128 62
195 91
244 115
269 132
263 138
228 130
169 103
103 68
44 33
11 11
7 7
39 19
95 44
164 74
222 105
261 130
271 142
248 136
199 113
136 82
72 50
25 25
5 9
19 9
66 25
130 56
197 93
246 123
271 138
263 140
228 125
169 99
103 68
44 35
11 11
9 5
41 15
95 42
164 76
224 109
263 134
271 142
250 136
203 117
142 91
78 62
19 25
0 0
11 0
64 13
132 54
195 93
244 119
271 132
265 134
230 128
171 109
103 74
46 37
11 9
9 3
39 17
95 42
162 74
222 103
261 126
269 138
248 134
201 115
138 83
72 50
25 23
5 7
19 9
66 27
130 56
195 91
246 121
271 138
265 140
228 126
169 99
103 66
46 35
11 13
7 5
39 17
97 41
164 76
222 107
261 130
271 140
251 136
201 117
136 85
72 50
27 23
5 7
19 9
64 27
128 56
195 91
246 121
271 138
265 142
228 128
169 103
107 74
52 48
7 17
0 0
31 0
95 25
167 76
224 115
259 130
269 132
251 128
205 121
138 95
72 58
25 21
5 0
21 7
64 31
126 60
193 87
246 115
271 134
263 140
228 128
171 101
105 66
46 33
11 13
9 5
39 17
95 41
162 72
222 105
11 130
255 142
250 136
201 115
138 83
72 50
25 23
1 7
19 1
64 27
3 56
195 91
246 121
21 138
263 140
228 126
169 99
105 68
46 35
11 13
7 5
39 15
95 41
162 74
222 107
263 132
273 144
251 140
203 121
144 95
76 60
17 21
0 0
15 0
66 15
130 54
193 91
244 117
271 132
267 138
230 132
171 109
103 72
46 35
11 11
7 5
37 17
91 39
162 72
224 105
261 130
271 140
250 136
203 115
138 85
72 50
25 23
5 7
19 9
62 25
128 54
195 91
246 121
269 138
263 140
228 125
171 101
105 68
46 37
11 13
7 3
39 13
95 41
162 74
222 107
261 130
271 142
250 136
203 117
138 85
74 52
25 23
5 5
21 7
64 27
126 56
193 91
246 121
271 138
265 142
228 130
171 103
111 80
48 48
1 7
0 0
35 0
99 35
164 82
220 113
259 126
273 132
253 136
203 126
138 95
74 54
27 17
5 1
17 7
62 29
126 58
193 87
244 115
271 134
265 142
228 130
171 101
105 64
48 33
11 13
7 7
37 15
95 39
162 72
220 107
261 132
271 142
250 136
203 115
138 83
72 50
25 21
5 5
19 7
64 27
126 56
193 91
246 121
271 138
265 140
228 128
171 101
105 68
46 35
11 11
7 5
39 17
95 42
162 74
222 107
261 132
271 142
251 138
207 123
146 99
70 56
13 13
0 0
17 0
66 23
126 56
191 89
244 115
273 134
267 142
230 134
171 107
105 70
46 35
11 11
7 7
37 17
91 41
160 70
220 101
259 128
271 142
251 138
203 117
138 82
76 50
27 25
5 9
17 9
64 25
126 54
193 89
244 121
269 138
265 140
228 126
171 99
105 66
48 37
11 13
7 5
37 13
93 39
162 74
220 107
259 130
271 140
251 136
203 117
138 85
74 50
27 21
7 7
19 9
62 27
126 56
193 91
246 121
269 138
265 140
230 130
175 109
111 82
44 41
1 0
0 0
37 0
95 41
162 80
218 105
259 123
273 134
253 138
205 126
138 93
74 50
27 17
5 3
19 9
62 29
125 54
191 83
244 115
269 136
265 142
230 130
171 101
105 66
48 37
11 15
7 7
37 15
93 41
160 72
220 107
261 132
271 142
250 134
203 115
138 83
76 50
27 23
5 7
19 5
64 25
126 56
191 89
244 119
271 138
265 142
230 128
171 101
107 68
48 37
13 13
7 5
37 15
93 41
162 74
220 107
261 132
273 142
253 138
208 125
142 95
68 50
15 9
0 0
19 0
64 25
125 56
189 85
244 113
273 136
269 146
222 136
171 107
107 68
48 35
11 13
7 7
35 15
91 37
160 68
220 103
261 130
271 142
251 136
205 115
140 83
76 52
25 25
5 7
19 7
62 25
125 54
191 89
246 121
271 140
263 140
230 126
173 103
107 72
48 37
11 11
9 3
37 13
91 39
158 74
220 105
261 130
271 140
251 136
203 117
140 87
76 52
27 23
5 7
19 9
62 27
126 54
193 89
246 121
271 140
265 144
222 130
177 111
111 80
33 33
0 0
1 0
39 5
95 44
158 78
218 103
259 123
273 138
253 144
205 126
140 91
76 48
27 19
5 9
17 11
60 27
125 52
193 83
244 117
269 138
265 142
232 128
173 101
107 68
48 37
13 15
7 5
37 15
91 37
160 72
220 105
259 132
271 140
251 134
205 117
140 85
76 52
27 23
5 7
17 7
60 23
125 54
193 91
244 121
269 138
265 140
232 128
173 105
107 70
48 37
11 13
7 5
37 15
91 41
160 72
220 105
261 132
273 144
255 142
210 128
138 91
66 44
17 5
3 0
19 1
62 23
125 54
191 85
244 115
273 138
267 146
230 134
173 105
107 68
48 37
11 15
7 5
35 13
91 37
158 68
218 101
259 130
273 144
251 136
205 115
140 85
76 52
27 25
5 7
17 5
62 23
126 54
191 89
242 121
269 138
267 140
232 128
173 103
107 70
48 37
13 13
7 5
35 13
91 39
158 72
220 105
259 130
271 142
251 138
205 119
142 87
76 52
27 23
5 5
19 9
62 27
123 54
191 89
244 121
271 140
265 142
234 132
181 117
105 76
37 23
3 0
7 0
39 13
93 46
156 72
218 97
261 123
275 144
253 148
205 126
140 87
76 48
27 21
5 9
17 11
60 25
123 50
189 82
242 115
269 140
267 144
232 128
175 101
109 68
50 39
11 17
7 7
35 13
91 37
160 72
218 107
259 132
271 142
251 134
205 115
142 85
78 54
27 25
5 5
17 5
62 25
125 56
189 89
242 119
269 136
267 140
232 128
173 103
109 70
50 37
13 13
7 5
37 15
91 39
160 72
218 105
259 130
273 144
259 148
208 130
134 85
66 39
23 7
5 0
19 7
60 27
123 52
191 83
246 117
271 142
267 148
232 132
175 103
109 68
48 37
11 15
5 5
35 13
89 33
158 66
218 103
259 132
271 144
251 136
207 115
142 87
76 54
27 25
5 7
17 5
60 23
123 54
189 89
242 119
269 138
265 140
232 128
175 103
109 72
48 37
11 13
7 5
35 15
89 39
158 72
218 105
261 130
271 142
251 138
205 119
142 87
78 52
29 25
5 7
17 7
62 25
125 56
191 89
242 121
271 138
267 142
236 140
177 117
101 68
39 17
7 0
9 0
37 17
89 42
156 68
218 97
3 126
273 148
250 148
205 123
142 83
76 46
27 23
5 9
15 9
58 21
123 46
191 85
242 121
269 140
265 142
232 126
175 101
109 70
48 39
13 15
7 3
35 11
89 37
158 72
218 105
259 130
271 140
251 134
207 117
142 87
76 54
27 23
5 5
17 7
60 25
123 54
189 87
244 119
269 138
265 140
232 128
175 103
111 70
50 37
13 15
7 5
37 15
91 41
158 74
218 107
261 132
275 148
259 150
205 125
132 80
68 37
25 9
7 1
17 7
58 23
60 48
66 83
236 119
17 144
265 148
138 130
175 93
109 68
50 37
5 15
5 5
35 11
89 35
156 70
218 105
9 130
273 142
251 134
205 115
144 87
78 54
29 25
5 7
17 7
60 25
123 54
189 89
242 119
15 136
265 140
224 128
175 103
109 70
50 37
13 15
9 5
35 15
89 39
158 70
218 105
259 130
271 142
251 136
207 117
144 87
78 52
29 25
5 7
17 7
60 25
123 52
189 89
242 121
269 140
267 144
240 142
175 113
99 60
41 17
11 0
9 3
37 21
87 41
156 64
220 97
261 130
273 150
251 146
205 117
144 83
78 50
29 27
3 11
15 5
58 19
123 48
189 87
242 121
269 140
265 142
232 126
177 101
111 72
52 42
13 17
5 3
35 11
89 39
156 72
216 105
257 126
273 138
253 136
205 119
142 87
78 54
29 25
5 7
17 7
58 25
123 54
189 87
242 119
17 136
265 142
232 128
177 103
111 70
50 39
13 15
7 7
35 15
89 39
158 72
218 107
259 132
277 148
257 146
201 119
132 76
72 37
29 11
7 5
15 9
56 23
121 46
191 83
244 121
271 146
265 148
232 130
177 103
111 70
50 41
11 15
5 5
33 9
87 33
154 66
216 103
259 130
273 142
251 134
207 117
144 89
80 56
29 25
5 5
17 5
58 23
121 54
187 87
240 117
269 134
267 140
234 130
177 105
111 70
52 39
15 15
5 5
35 13
87 39
156 70
214 101
259 128
273 142
253 138
207 119
144 87
80 54
31 25
5 9
15 7
58 23
123 52
189 89
242 121
269 138
267 146
240 142
169 105
99 52
44 15
15 3
9 9
33 19
87 35
156 62
218 99
261 134
271 150
253 142
207 117
144 85
80 54
29 27
5 9
15 3
56 17
121 48
189 87
242 123
269 140
265 140
234 128
177 107
111 76
50 42
13 13
7 1
33 13
87 37
154 70
216 103
259 128
271 140
253 136
208 119
144 89
80 54
29 25
5 5
15 5
58 23
121 54
187 89
242 119
269 138
267 142
234 130
177 105
113 72
52 41
13 15
7 5
33 13
87 37
156 72
218 107
261 134
281 154
253 146
199 113
134 72
78 41
31 17
5 7
13 3
58 19
123 50
191 89
242 125
269 142
267 144
234 130
179 103
111 72
52 41
13 15
5 3
31 9
87 35
156 70
216 105
259 128
271 138
253 136
208 119
144 89
80 54
29 23
5 5
15 5
58 25
121 54
187 87
242 117
267 138
265 142
234 130
177 105
113 72
52 39
13 13
7 5
35 15
87 37
154 70
216 103
259 130
271 142
253 136
208 119
146 89
80 54
29 25
7 7
17 9
58 25
121 54
187 87
242 121
271 142
271 154
234 138
167 95
103 48
46 21
17 9
9 9
33 15
15 31
31 62
218 103
9 138
255 152
253 140
208 115
144 83
80 54
29 29
5 9
13 3
58 17
121 50
187 89
240 121
269 136
267 138
234 126
177 105
111 74
52 41
13 13
5 3
33 11
87 37
154 72
216 103
257 128
271 140
253 138
208 119
144 89
80 52
31 23
7 9
15 9
56 25
121 52
187 85
240 119
269 138
267 142
234 128
179 103
113 72
52 39
15 15
7 5
33 13
87 37
154 70
216 107
263 138
277 152
250 138
197 105
138 70
82 42
33 23
5 9
13 5
56 17
123 48
189 89
242 125
267 142
265 142
234 126
179 103
111 72
52 41
13 13
5 1
31 9
85 37
154 70
216 103
259 128
273 140
253 136
208 119
146 87
82 56
31 27
5 7
15 5
58 23
121 52
185 87
240 117
267 136
267 142
234 130
179 105
113 72
54 39
15 15
5 3
33 11
87 37
154 70
214 103
257 128
271 140
253 136
208 117
146 87
83 56
31 27
5 9
15 7
56 23
121 54
187 91
240 121
273 146
271 154
230 130
167 87
107 50
54 29
17 19
7 11
31 11
85 27
156 62
218 107
259 140
271 148
253 134
210 115
146 87
80 58
29 27
5 5
15 0
56 17
117 50
185 89
240 121
269 138
265 138
234 128
179 107
115 76
54 41
13 13
7 3
33 13
85 37
152 70
214 101
257 126
273 140
255 138
208 121
148 89
82 54
31 25
5 7
15 7
56 25
119 54
185 87
240 117
269 138
267 142
234 130
179 105
115 72
54 39
15 15
5 5
33 13
85 37
154 70
218 109
265 142
273 150
246 132
201 103
144 74
83 50
31 27
5 5
15 1
58 17
123 52
187 93
240 125
267 138
267 138
234 128
179 107
113 74
52 41
15 11
5 0
31 9
85 35
154 70
214 105
257 128
271 140
255 138
210 121
146 91
82 56
31 25
5 7
15 7
56 25
119 52
185 85
240 117
267 136
265 142
236 130
181 107
115 74
54 41
15 15
7 5
31 13
85 35
152 68
214 103
257 128
271 140
255 138
210 121
148 91
82 56
31 27
5 7
17 7
56 25
119 54
185 87
240 119
275 148
267 152
224 123
169 82
113 52
58 35
17 21
3 7
29 3
87 27
156 70
214 111
255 136
273 142
255 134
210 117
146 91
82 60
31 25
5 3
13 1
54 21
119 52
185 87
240 117
267 134
267 140
236 132
181 109
113 74
54 39
15 13
5 3
33 13
85 37
152 70
214 101
257 128
271 140
255 138
210 121
148 89
82 54
31 27
7 9
15 7
56 23
119 50
183 83
240 117
269 138
265 142
236 130
181 105
115 74
54 41
13 13
7 5
33 13
85 37
152 70
218 109
263 140
267 146
244 126
203 101
148 78
83 52
29 27
3 5
15 1
58 19
121 54
185 93
238 123
269 138
267 140
236 128
179 107
113 74
54 39
15 13
5 1
31 11
83 35
152 68
214 101
257 128
271 142
255 138
210 121
148 89
83 56
31 27
5 7
13 5
54 21
119 50
183 85
238 117
269 134
267 140
236 130
179 105
115 72
56 41
17 17
5 7
31 13
85 35
152 68
214 103
257 128
273 140
255 138
212 121
150 91
83 56
33 27
7 9
15 7
54 23
119 54
185 89
242 125
273 152
261 144
224 113
175 83
119 62
58 44
15 21
5 3
31 3
85 31
154 74
214 113
255 136
271 138
255 132
210 119
148 93
82 60
31 25
5 1
15 1
54 23
117 54
183 85
238 115
267 134
267 142
236 132
183 109
115 74
54 39
13 13
5 3
33 13
83 37
150 68
212 99
257 126
271 140
255 138
210 119
150 89
85 56
31 27
5 9
15 7
56 23
117 52
183 85
236 115
267 134
269 142
238 132
181 107
115 74
56 41
15 17
7 5
31 13
83 37
152 72
220 113
257 138
263 138
246 123
208 105
150 82
85 56
29 27
5 3
17 0
56 19
119 54
185 93
238 121
267 136
267 138
236 130
181 109
115 74
54 37
15 11
5 1
31 9
83 35
150 68
212 101
257 126
273 140
255 138
212 123
150 91
83 56
31 25
7 7
15 7
54 21
115 48
50 82
240 115
269 138
267 142
236 130
183 105
117 74
54 41
15 15
7 5
31 11
83 35
150 68
212 101
257 128
273 142
255 138
210 119
150 91
85 58
33 29
7 7
15 5
56 23
119 54
183 89
244 126
269 146
257 134
226 109
179 87
119 70
58 46
13 19
3 0
33 5
85 35
152 76
212 111
255 130
271 136
255 134
210 121
148 93
83 56
33 21
5 1
15 5
54 23
117 54
183 85
238 115
267 134
267 142
238 132
183 107
117 72
56 37
15 13
5 5
29 13
82 33
17 62
212 101
1 128
271 140
255 138
212 119
150 89
83 56
33 27
5 7
15 7
54 23
115 50
175 83
238 117
17 136
267 142
236 130
183 105
119 74
56 42
15 17
5 7
31 13
85 37
29 74
218 113
1 132
259 132
248 121
212 107
152 87
83 58
29 25
5 1
17 1
58 25
117 58
181 91
236 117
19 134
267 140
236 132
181 107
117 72
56 37
15 11
5 3
31 13
83 35
142 66
212 99
257 126
271 142
255 138
212 119
150 89
85 56
33 27
7 9
13 7
52 19
115 48
181 83
236 117
267 136
267 142
238 130
183 107
117 74
56 41
15 17
5 5
31 11
82 35
140 68
210 103
255 128
271 140
255 138
212 121
152 91
87 60
33 29
7 9
15 7
52 23
115 52
185 91
242 130
263 138
255 125
230 107
185 95
121 78
56 48
13 15
7 0
33 5
83 39
150 78
212 107
255 126
271 134
255 134
212 123
150 95
83 56
33 21
5 3
13 5
54 23
115 50
181 83
238 113
269 136
267 142
238 134
183 107
119 74
56 41
15 15
5 5
29 11
82 35
148 64
210 99
253 125
271 140
257 138
214 123
150 91
85 58
33 29
7 11
13 7
52 21
115 50
181 83
236 115
267 136
267 142
238 132
183 107
119 74
56 42
17 17
5 5
31 13
83 39
156 78
212 111
246 125
11 126
253 123
214 113
152 91
83 58
33 23
7 3
15 3
54 25
115 56
181 85
236 115
267 134
267 142
238 132
183 109
117 72
56 39
15 13
5 5
29 11
82 35
148 64
210 99
255 126
273 142
257 140
212 121
152 89
85 58
33 29
5 9
13 5
52 19
113 48
179 83
236 115
267 136
269 142
238 130
183 107
119 76
58 41
15 17
5 5
29 11
80 33
148 64
210 101
257 128
273 142
255 138
214 121
152 91
87 60
33 29
5 9
13 5
54 21
115 52
185 95
238 128
259 130
257 119
236 111
187 101
119 80
56 46
15 11
5 0
31 9
83 41
150 78
210 105
253 123
273 136
257 138
212 125
152 95
85 54
33 21
7 3
13 5
52 23
115 52
181 83
236 115
267 136
267 142
238 132
185 109
119 74
56 41
17 15
5 5
29 11
82 33
148 66
212 101
255 128
271 142
257 138
214 121
152 91
85 58
35 27
7 7
13 5
52 21
113 50
179 83
236 115
267 136
267 142
238 132
185 109
119 76
58 42
17 17
5 5
31 15
85 41
154 78
207 105
244 119
263 125
255 125
214 117
152 91
85 54
33 21
9 3
15 7
54 27
113 54
179 85
236 113
267 134
267 144
238 132
183 105
119 70
58 37
17 15
5 5
29 11
80 33
148 66
210 101
255 128
271 142
257 138
214 121
152 91
87 58
33 27
7 7
13 5
52 21
113 48
179 83
236 115
267 136
269 140
238 130
185 105
119 76
58 42
17 17
5 5
29 11
80 33
146 66
210 101
255 128
271 140
250 136
214 121
154 93
87 60
33 29
7 9
13 7
52 23
115 54
185 97
232 121
5 121
259 117
234 115
187 107
121 82
56 42
15 9
9 0
33 15
82 44
146 74
208 99
255 123
271 138
255 140
212 125
152 91
87 54
31 23
5 5
13 7
52 21
113 48
46 80
236 113
267 136
269 144
238 132
185 105
121 74
60 44
17 19
5 5
29 9
82 33
148 66
208 99
253 125
273 138
257 138
214 121
152 91
87 58
37 29
7 9
13 5
50 19
113 50
179 83
236 117
267 136
267 140
240 130
187 109
121 78
58 44
17 17
7 5
31 13
85 42
148 76
203 99
244 113
265 123
259 128
216 121
152 93
87 54
35 21
9 7
15 11
50 29
111 52
179 82
236 113
267 134
265 142
238 130
185 105
121 72
58 41
17 17
5 5
29 11
80 33
146 64
208 99
253 126
271 140
257 138
214 119
154 91
87 58
35 29
7 7
13 5
52 19
113 48
179 83
234 115
267 134
267 140
240 132
187 109
121 76
60 42
17 17
7 5
29 11
78 35
146 66
208 99
253 125
271 140
257 138
214 121
154 93
89 58
37 31
7 11
13 7
52 23
117 58
181 95
224 111
253 113
265 119
244 126
189 115
119 80
58 39
19 7
9 3
29 17
80 42
144 68
208 95
255 121
271 140
257 142
214 123
154 89
87 52
35 25
7 9
13 9
50 19
111 44
179 80
234 115
265 136
269 144
240 130
187 107
121 76
58 44
17 17
5 5
27 11
80 33
144 64
208 99
253 126
271 138
257 136
216 121
154 93
89 60
35 29
7 7
13 5
50 21
111 50
177 82
234 113
267 136
269 144
240 134
187 109
123 76
60 44
17 19
5 7
31 17
83 44
142 70
197 91
246 109
269 125
261 132
216 123
152 91
87 54
39 25
9 9
13 11
50 25
113 50
177 82
234 113
265 136
267 144
240 132
185 105
121 72
60 41
17 17
5 3
27 9
80 33
144 66
208 99
253 128
271 142
259 140
216 123
154 93
87 58
35 29
7 7
11 3
50 17
111 48
179 83
234 113
267 134
269 142
240 134
187 111
121 78
60 44
17 17
5 5
29 11
78 33
144 64
208 99
253 126
271 142
259 138
216 123
156 91
89 58
37 29
7 11
13 9
52 25
117 62
173 87
222 101
257 111
269 126
244 130
187 115
121 78
58 37
19 11
7 7
29 21
78 41
142 64
208 93
253 123
271 144
250 142
214 119
154 85
89 54
37 29
5 13
11 7
50 19
111 46
177 82
232 115
267 136
269 142
240 130
187 107
121 76
60 44
17 19
5 3
27 9
78 33
144 66
208 99
251 126
271 140
257 136
216 121
156 93
89 60
37 29
7 9
11 7
48 19
109 46
177 82
234 115
265 134
269 140
242 132
189 111
123 78
60 44
17 19
7 7
33 19
80 42
136 62
197 83
248 107
271 130
259 136
216 123
154 91
89 54
39 27
9 11
13 13
48 25
109 48
177 80
232 113
265 136
267 142
240 130
187 105
123 74
60 42
17 17
5 5
27 9
78 31
144 64
208 99
253 126
271 138
259 136
216 123
156 95
89 60
37 29
7 9
11 3
48 19
111 48
177 82
234 113
267 132
269 142
242 132
187 111
123 76
60 44
17 19
5 5
25 11
78 33
144 64
207 97
251 125
271 138
259 140
216 125
156 93
91 60
39 31
7 11
13 7
54 29
113 60
169 80
220 93
261 113
271 132
244 138
187 115
121 72
60 35
21 15
9 13
27 21
76 37
142 60
207 91
251 125
271 144
250 142
216 121
156 87
89 56
37 31
7 13
13 7
48 17
109 44
177 82
234 117
267 138
269 142
240 130
187 109
123 78
60 44
17 17
5 3
27 9
78 33
142 66
207 97
253 125
273 140
259 140
216 123
156 95
89 60
37 31
7 9
11 7
50 21
109 46
177 82
232 111
267 134
269 144
242 134
189 109
125 78
62 46
19 21
1 11
33 23
76 37
132 56
197 80
251 111
275 134
259 140
214 123
156 89
93 54
39 29
9 15
13 13
48 23
109 44
177 80
232 115
263 138
267 142
240 128
189 105
123 76
60 44
19 19
5 5
27 9
74 29
142 62
208 99
253 128
271 140
259 136
218 121
158 95
89 62
37 29
7 9
11 5
48 19
109 46
175 80
234 113
265 134
269 140
242 132
189 111
123 78
62 44
19 17
7 7
25 11
76 31
142 62
207 99
253 126
271 142
259 140
218 123
158 95
91 62
37 31
7 11
13 9
56 33
107 56
164 70
224 89
265 117
273 140
242 138
187 111
125 70
64 37
21 19
7 13
27 17
76 33
142 60
207 93
251 126
271 144
259 140
216 117
156 87
91 58
37 31
9 11
13 5
48 17
109 44
175 83
232 117
265 136
269 140
242 130
189 109
125 78
62 44
19 17
5 3
27 9
78 33
142 64
207 99
251 126
271 140
259 140
218 125
156 95
91 60
37 29
7 9
11 5
48 19
107 46
175 80
232 113
265 134
269 142
242 132
189 109
126 78
64 48
19 23
11 15
31 21
70 33
130 50
199 80
253 115
273 138
257 138
216 119
158 87
95 58
39 33
7 15
11 11
48 21
107 46
173 80
230 115
265 136
269 140
240 128
189 105
125 78
62 46
19 19
5 5
27 7
76 33
140 66
205 101
251 125
271 138
259 138
218 125
158 95
91 62
37 29
7 9
11 5
46 19
109 48
175 80
232 111
265 132
269 140
242 132
191 111
125 78
62 46
19 19
5 5
25 11
76 31
142 64
205 97
251 125
271 138
259 138
218 125
158 95
91 62
39 31
9 11
17 15
50 33
99 44
164 60
226 89
267 125
271 144
234 136
189 107
126 72
64 42
21 25
7 15
25 17
74 29
140 56
205 95
251 128
271 144
250 138
218 117
160 91
91 60
37 33
7 11
13 3
48 17
107 46
173 82
232 115
265 134
269 138
242 130
191 111
126 80
62 44
19 17
5 3
25 9
76 33
140 64
205 95
251 123
273 140
259 140
218 125
158 95
93 60
39 31
7 9
11 5
48 19
99 46
173 80
218 111
15 126
267 142
244 134
191 113
125 80
64 46
23 23
13 19
25 17
64 25
130 46
203 82
253 119
271 140
259 140
218 119
160 89
95 60
41 35
9 17
11 9
46 17
105 42
173 80
230 115
263 134
269 140
244 130
191 109
125 80
62 46
19 19
5 5
25 9
76 33
140 64
205 99
251 125
271 138
259 138
218 123
160 95
93 60
37 29
9 9
11 5
46 19
107 46
173 80
230 109
265 132
271 142
244 134
191 111
126 78
64 44
19 19
5 5
25 9
74 31
138 62
205 97
251 126
273 142
261 140
220 125
160 95
93 64
39 33
9 13
17 17
46 27
95 37
164 56
230 93
271 132
271 150
242 134
191 103
128 70
68 46
21 29
3 15
23 9
74 25
140 58
203 99
250 128
271 140
259 134
218 119
158 93
93 64
39 33
9 9
11 1
44 15
107 44
173 82
232 115
265 134
269 140
244 132
193 111
126 80
62 44
19 17
5 3
25 9
74 31
140 64
203 97
251 125
271 140
259 138
220 123
160 95
93 62
39 31
9 9
11 5
46 17
105 44
173 78
232 113
265 136
269 142
244 132
193 111
128 82
66 50
23 27
9 15
19 9
64 19
132 46
205 85
253 121
271 140
259 136
220 117
164 93
97 66
39 39
7 13
11 5
46 17
105 44
171 82
228 113
265 132
269 138
242 130
191 111
126 80
64 44
21 17
5 3
25 9
74 33
138 62
203 97
251 123
271 138
259 140
220 125
160 95
93 60
39 29
7 7
9 3
48 19
107 46
173 80
230 111
265 132
271 142
244 134
191 111
126 78
64 46
19 19
5 5
25 11
74 31
138 62
205 97
251 126
271 140
261 140
220 125
160 97
95 64
41 35
9 17
15 19
39 17
93 25
167 56
232 101
267 138
269 148
242 128
193 101
130 76
66 52
21 29
5 11
25 7
74 25
138 60
203 99
250 126
271 138
259 134
218 119
162 95
95 66
39 33
7 9
11 3
46 17
105 48
171 82
230 111
265 132
269 140
244 132
191 111
126 80
64 44
19 17
5 3
25 9
74 31
138 62
203 97
251 123
271 140
261 138
220 123
162 95
95 62
41 33
9 13
9 5
44 19
105 44
171 80
230 111
265 132
271 142
244 134
193 113
128 82
68 50
29 31
5 13
15 3
62 13
134 46
205 89
251 125
269 138
259 134
224 119
164 99
97 68
39 39
9 13
11 3
44 17
103 44
171 80
228 111
263 130
269 136
242 128
193 109
128 80
66 46
19 17
5 5
25 9
72 31
138 62
203 95
250 123
271 136
261 138
222 125
162 97
95 62
39 31
7 9
11 5
46 19
103 44
171 78
228 109
265 132
269 142
244 134
193 111
128 78
64 46
19 19
5 5
25 9
74 31
138 62
203 97
250 123
271 138
261 138
222 125
162 99
95 66
42 35
15 23
9 15
35 9
93 23
169 60
234 107
265 138
269 146
244 128
195 103
132 80
66 54
21 29
3 7
23 5
72 25
136 62
201 97
250 125
271 136
261 134
220 121
162 99
95 64
41 31
9 9
9 3
44 17
103 46
171 80
228 111
263 132
269 138
246 132
195 113
128 80
64 46
21 17
5 5
25 9
72 29
136 58
203 95
251 125
271 140
259 140
222 125
162 95
95 64
39 33
9 11
9 5
44 17
103 44
169 78
228 111
265 134
271 142
246 134
195 113
130 83
72 54
25 31
0 7
13 0
66 11
138 50
205 93
250 125
269 136
263 134
224 123
164 101
97 70
41 37
9 9
9 1
44 17
103 46
169 80
226 107
263 128
271 138
246 134
193 113
128 80
66 46
21 19
5 5
15 9
72 31
13 64
203 95
0 125
271 138
261 140
222 125
162 97
95 62
41 31
9 11
9 5
44 17
103 42
156 76
228 111
15 134
269 142
246 134
195 113
128 80
66 46
21 19
5 5
17 9
72 29
136 60
201 95
0 125
271 140
253 140
222 126
156 99
97 66
44 39
13 23
5 7
33 0
95 21
171 66
232 115
265 140
269 140
244 125
197 107
130 83
66 56
21 25
5 3
23 5
72 27
134 62
201 97
250 123
271 136
259 136
220 123
162 97
95 64
42 33
9 11
9 5
44 17
103 44
169 80
228 109
263 132
269 140
246 132
193 111
128 78
66 44
21 17
5 5
25 9
72 29
136 60
201 95
250 125
271 140
261 140
222 123
162 95
97 62
41 31
9 11
9 5
42 15
103 42
171 80
228 113
263 134
271 142
246 132
197 115
132 87
74 60
21 29
0 1
13 0
66 13
138 52
203 95
248 123
269 134
263 134
226 125
166 103
97 70
41 33
9 9
9 1
44 17
101 46
167 78
228 107
263 128
269 138
246 134
195 113
130 82
68 46
21 19
5 5
23 11
72 33
134 60
201 93
250 123
271 140
261 140
220 125
164 97
97 64
42 33
7 9
9 5
44 17
103 44
169 78
226 109
263 132
271 144
246 136
195 113
130 82
68 46
21 21
5 7
23 9
72 29
136 60
201 95
250 125
271 140
263 142
222 126
164 97
99 66
46 44
9 21
0 0
33 0
101 25
173 74
228 117
261 134
271 134
248 126
197 115
130 89
66 56
21 21
5 1
23 5
70 31
134 64
201 95
250 121
271 134
261 136
222 126
164 99
97 64
41 29
9 9
11 5
44 19
101 44
167 76
226 107
265 132
271 142
244 136
195 113
130 80
66 46
21 17
5 5
23 9
70 29
134 58
201 93
250 125
271 140
261 140
222 125
164 95
97 64
42 33
9 11
9 5
42 17
101 42
167 76
228 109
265 134
271 144
246 136
197 115
136 87
74 62
17 23
0 0
15 0
70 15
138 56
199 95
246 121
271 134
265 136
226 128
166 105
97 70
42 33
9 9
9 3
42 19
99 44
167 76
228 107
263 130
271 140
246 136
195 113
130 80
68 46
21 21
5 7
23 9
70 29
134 58
201 93
248 125
271 138
261 138
224 125
164 97
97 64
41 33
9 11
9 5
42 17
99 41
169 76
228 111
263 132
269 140
246 132
197 111
130 82
68 48
21 21
5 7
23 9
70 29
134 58
201 95
250 125
271 140
261 140
224 126
166 99
103 72
46 46
3 13
0 0
35 0
103 31
171 80
226 117
261 132
271 134
250 128
199 117
132 91
68 54
21 17
3 0
23 5
68 31
132 62
199 91
248 117
271 134
261 138
222 126
164 99
101 64
42 33
9 11
9 5
44 19
101 44
167 78
226 109
13 132
269 142
240 136
195 113
130 80
68 46
21 21
5 7
23 9
70 27
9 58
138 93
248 125
21 130
263 140
162 125
158 99
99 64
33 33
9 9
9 5
42 17
39 44
42 78
228 111
15 125
271 142
177 136
199 117
138 93
68 56
13 15
0 0
19 0
70 19
134 58
197 93
248 119
271 134
265 138
226 130
164 105
97 66
35 33
11 9
9 7
41 15
99 42
166 74
226 105
13 130
271 142
238 132
197 111
132 80
70 48
23 23
5 7
23 9
70 29
132 58
199 95
248 123
21 138
263 138
224 125
156 97
99 64
35 33
11 13
9 5
41 17
101 44
167 76
226 109
13 132
271 142
240 134
197 113
132 80
70 48
21 21
5 5
21 0
68 27
134 58
199 95
248 123
271 138
263 142
226 130
166 103
105 76
44 44
1 5
0 0
39 0
103 37
169 82
224 113
253 126
271 125
250 134
199 123
132 91
68 50
15 15
5 1
21 9
66 31
132 58
197 87
248 115
271 136
261 142
224 128
158 97
101 64
42 33
9 13
9 7
42 17
99 41
166 74
226 109
13 134
271 142
248 134
197 111
132 82
70 48
23 21
5 7
23 9
68 27
132 56
199 91
250 123
271 142
253 142
224 125
167 99
99 66
42 35
9 13
7 3
42 15
99 42
167 78
226 109
263 132
271 142
248 138
201 121
136 93
66 52
11 11
0 0
21 0
70 25
132 60
195 89
248 117
275 136
265 142
226 132
166 105
99 66
44 33
9 11
7 5
41 17
97 39
167 72
226 107
263 132
271 142
248 134
197 113
134 82
68 48
23 21
5 5
21 7
66 25
132 56
199 93
248 125
269 140
261 140
226 125
167 99
101 66
42 33
9 11
9 5
41 15
99 42
166 76
226 109
263 132
271 140
248 134
199 113
134 83
70 48
21 21
5 5
21 7
66 25
134 58
199 95
248 125
271 140
263 142
226 128
169 105
107 80
39 37
0 0
1 0
35 1
103 44
166 83
222 109
5 123
273 134
251 138
199 125
132 89
70 46
23 15
3 1
21 9
68 33
132 58
197 89
248 117
271 138
263 144
224 128
166 97
101 62
44 33
9 13
7 5
41 15
99 41
166 76
224 109
261 134
271 142
248 134
199 113
132 82
70 48
23 21
5 5
21 9
68 29
132 58
197 95
248 123
271 140
263 140
226 126
167 99
101 64
44 33
11 11
9 5
41 17
31 42
41 76
226 109
13 134
255 144
250 138
189 125
128 91
60 46
11 5
1 0
25 0
68 29
130 60
197 87
0 117
275 140
265 148
220 132
167 101
101 64
44 31
9 11
7 7
41 17
93 39
166 72
224 105
263 132
271 144
248 134
199 111
134 80
70 48
25 23
5 7
21 7
68 25
132 58
197 93
246 123
271 138
263 140
226 125
167 99
101 66
44 33
11 11
9 3
41 15
97 42
166 76
224 109
261 132
271 140
248 134
199 113
132 80
72 48
25 23
5 7
21 9
68 27
132 56
197 93
248 123
271 140
263 142
228 128
173 111
103 78
35 27
0 0
5 0
42 11
99 48
158 80
224 105
263 123
273 140
250 142
125 121
134 85
70 44
9 17
5 7
19 11
66 29
130 54
197 87
248 119
271 140
261 140
226 125
169 99
103 66
44 35
9 13
9 5
41 17
97 42
164 76
224 107
263 132
271 142
248 134
197 113
136 83
72 50
23 23
5 7
21 9
68 29
132 60
197 93
246 121
271 138
263 140
226 126
167 97
103 66
46 35
11 13
9 5
41 15
97 42
166 76
224 109
263 132
273 144
251 142
205 126
130 87
60 41
17 3
3 0
21 3
66 27
128 56
197 85
248 117
273 140
265 148
226 132
167 101
101 64
44 33
9 13
7 7
39 15
95 37
164 70
224 107
261 134
269 142
248 132
199 111
136 83
72 52
25 23
5 5
21 7
66 27
130 58
197 93
246 123
271 138
263 138
226 125
167 99
103 68
44 35
9 11
9 3
39 15
95 41
164 74
224 109
263 132
271 142
248 136
201 115
136 83
72 50
23 23
5 5
21 7
66 29
130 58
195 93
248 123
271 140
263 142
230 132
175 115
99 72
33 21
3 0
9 0
42 17
97 48
162 76
224 99
265 125
273 144
250 146
199 123
134 83
72 46
25 19
5 7
17 9
64 25
130 52
197 87
246 121
271 140
263 142
228 125
169 99
103 64
46 35
3 13
7 5
39 13
97 39
39 76
224 109
3 132
255 140
250 134
201 117
136 83
72 46
25 23
1 5
21 0
64 27
128 56
195 91
246 121
21 138
263 140
228 126
169 101
103 68
44 35
9 11
9 3
41 17
97 44
164 76
224 107
263 132
273 146
255 146
203 125
128 80
62 35
19 3
5 0
23 7
64 27
126 52
195 85
248 119
273 144
265 150
226 130
167 99
103 66
44 35
9 13
7 5
39 13
95 37
162 72
222 107
261 132
271 142
250 134
201 113
136 83
72 52
25 23
5 7
19 5
64 25
128 56
195 91
246 121
271 138
263 140
228 126
167 101
103 66
46 35
11 13
9 5
39 15
95 41
164 74
224 107
261 132
271 142
250 136
201 115
136 83
72 50
25 21
5 7
19 7
64 25
128 56
195 91
246 123
271 140
265 142
234 138
171 113
95 62
35 13
9 0
11 0
41 21
95 44
162 70
224 99
265 130
273 150
250 146
199 117
138 80
72 44
23 21
5 9
19 9
64 21
128 50
195 87
246 125
271 142
263 140
228 123
169 97
105 68
46 39
11 15
7 3
39 13
95 41
164 76
222 107
261 130
271 138
250 134
201 115
136 85
74 52
25 23
5 5
21 7
66 27
130 58
195 91
