100000 10000000 20971 100
205 107
199 105
191 101
185 97
179 95
171 91
166 87
158 83
150 82
144 78
134 74
128 70
121 68
115 64
109 64
105 68
87 52
76 31
74 25
76 31
70 42
64 42
56 33
52 23
50 23
46 33
41 35
35 29
33 19
31 13
29 17
27 21
23 21
23 13
23 9
23 9
25 17
25 19
27 19
29 17
31 15
35 19
39 25
41 29
44 27
48 25
54 27
58 33
1 39
70 39
76 39
66 33
89 44
93 50
95 54
111 58
117 60
123 64
130 68
136 72
146 76
152 78
158 80
166 83
173 89
181 95
187 97
193 99
201 103
207 107
212 111
216 113
222 115
218 117
234 121
240 128
248 138
244 134
236 123
240 113
248 115
3 123
253 130
253 130
253 126
255 125
250 132
255 138
253 138
250 132
248 126
246 125
242 126
238 126
234 123
230 117
226 115
220 113
214 113
210 111
205 107
199 105
193 101
185 99
179 95
171 91
164 87
156 82
150 80
142 76
134 72
126 68
121 62
115 60
109 60
101 56
93 52
87 48
80 44
74 42
68 41
62 37
58 33
52 31
48 29
42 27
41 25
37 23
33 21
29 19
27 17
27 17
27 19
25 19
23 15
25 17
25 17
25 17
27 21
35 31
33 31
25 15
25 0
37 1
48 19
52 35
52 35
56 27
64 25
72 35
78 48
82 54
87 50
95 46
101 48
107 56
115 62
123 66
130 66
136 66
144 72
152 80
160 85
166 87
173 87
181 89
187 95
193 101
199 105
205 105
210 105
218 111
222 117
226 117
230 119
238 121
240 123
242 126
246 126
248 126
251 128
253 130
253 132
255 132
255 132
255 130
253 130
253 130
251 130
250 128
250 128
236 126
244 128
240 126
234 125
222 121
226 119
218 117
216 115
210 113
207 113
205 115
189 105
173 87
169 78
169 76
167 82
158 83
148 80
140 70
138 68
132 72
125 74
113 70
107 60
101 54
93 50
85 50
78 48
74 42
68 37
62 31
56 31
52 31
46 29
44 25
41 23
37 23
33 21
29 21
29 19
27 17
25 15
23 15
23 15
23 15
25 15
25 15
27 17
29 17
31 17
33 21
37 21
41 25
44 25
48 27
54 31
58 31
62 33
70 37
76 41
82 44
87 46
95 50
101 54
109 58
115 62
123 64
130 68
136 70
144 76
152 82
158 83
167 91
179 103
177 99
175 83
185 76
199 87
208 105
212 115
214 111
220 107
230 111
234 123
238 132
238 132
244 125
246 123
248 126
250 132
251 134
253 130
253 126
255 126
255 130
255 134
253 132
251 128
251 128
248 126
244 126
244 128
240 126
236 123
230 121
226 117
222 117
216 115
210 111
205 107
197 101
191 99
185 99
179 95
171 91
164 85
158 82
150 80
142 78
134 72
130 70
121 66
115 62
107 58
101 56
95 52
87 50
80 46
74 42
68 41
62 37
58 33
54 33
50 33
50 37
44 37
29 23
21 9
25 3
29 7
27 15
23 15
21 11
25 9
27 13
27 19
27 23
27 23
29 19
31 17
33 19
37 23
39 25
42 23
48 21
52 25
58 29
62 35
70 37
76 39
82 42
87 46
95 52
101 54
109 58
115 60
123 64
128 68
136 72
144 76
150 78
158 80
166 83
173 87
181 93
187 97
193 99
199 103
207 107
210 109
216 111
222 115
228 117
232 121
236 121
240 125
244 126
246 126
248 126
251 126
253 130
255 132
255 134
255 132
255 132
255 134
253 134
257 140
255 142
242 128
234 109
236 103
240 113
238 125
230 126
224 117
220 109
218 109
212 117
205 117
197 109
191 97
187 93
177 95
169 93
164 89
158 82
150 76
142 74
134 74
128 70
123 66
115 62
105 56
101 54
95 54
87 50
80 46
74 41
70 37
64 37
58 35
52 31
46 25
44 23
41 25
37 23
33 21
31 19
29 17
27 17
25 17
23 17
25 17
23 17
23 15
25 15
27 17
29 17
31 19
35 21
37 23
41 25
44 27
48 27
52 29
58 31
64 35
72 42
82 52
83 54
80 44
83 35
97 37
109 46
117 60
121 64
128 62
136 64
148 72
154 83
160 89
166 89
173 87
179 89
185 97
193 101
199 105
205 103
210 105
216 109
222 113
228 117
232 121
236 121
238 123
244 125
246 128
250 130
251 130
251 128
253 130
255 132
255 132
255 132
255 132
253 132
253 130
251 130
248 130
246 128
242 126
238 125
234 121
230 121
226 119
220 115
216 113
210 111
205 107
199 105
191 101
187 99
179 95
171 91
166 87
158 83
152 80
144 78
136 76
128 72
121 68
119 70
111 72
93 52
82 33
82 27
82 35
78 46
68 44
62 33
60 27
56 29
50 37
44 37
39 29
37 21
33 17
29 19
27 21
25 19
25 13
23 11
23 11
25 15
25 17
25 17
27 15
27 15
31 17
35 23
37 25
41 23
44 25
48 27
54 31
58 33
64 35
68 37
76 39
82 42
87 46
95 50
93 52
109 58
115 60
123 64
130 66
138 72
144 76
152 80
158 82
166 85
173 89
179 91
187 97
193 101
199 103
205 105
210 109
216 113
222 117
228 119
234 123
244 132
238 130
232 119
236 109
248 113
253 125
251 132
251 130
255 126
257 126
257 132
255 138
253 138
251 132
250 126
248 126
246 128
242 128
238 125
234 119
230 117
226 117
220 119
216 115
210 109
205 103
199 103
193 103
185 101
179 95
171 91
166 87
158 83
150 82
144 78
136 74
128 70
121 66
115 60
107 58
101 56
93 52
85 46
80 42
76 42
70 42
62 39
58 33
52 31
48 29
44 27
39 23
37 23
35 21
31 21
29 19
27 17
27 17
25 17
23 17
23 15
25 17
27 21
33 31
29 27
21 11
23 0
35 3
42 19
46 31
48 29
52 23
58 21
66 33
64 46
76 50
80 46
80 42
93 44
101 54
107 60
115 60
123 58
130 62
136 70
144 78
150 82
158 82
166 83
173 87
179 93
185 99
193 101
199 103
189 103
210 107
216 111
222 115
218 117
230 117
234 119
240 123
244 126
246 128
248 126
1 128
251 130
253 132
253 132
255 132
255 130
253 130
251 130
251 130
251 130
250 130
246 128
242 125
240 125
236 123
230 121
226 119
222 117
220 117
214 119
210 121
193 109
181 91
179 82
177 82
173 87
164 87
156 82
150 76
146 74
138 76
130 78
123 72
115 64
107 56
101 54
93 54
85 50
80 42
74 37
70 35
64 37
58 37
52 31
48 27
44 25
41 23
37 25
35 23
31 21
29 17
25 15
25 15
25 17
23 17
23 15
23 13
27 15
27 17
27 17
29 17
33 17
31 21
41 25
42 27
48 29
54 31
60 33
64 37
68 31
76 41
66 42
87 46
93 50
93 52
109 56
115 60
123 64
128 68
138 74
144 78
150 80
162 85
171 99
171 95
169 82
177 74
193 83
203 101
207 113
208 109
214 103
224 107
230 121
232 128
234 128
240 123
244 121
246 126
248 130
250 132
251 128
253 126
253 128
253 130
255 134
253 132
255 130
253 130
250 130
248 130
246 130
242 126
240 125
234 123
230 121
226 119
220 115
208 111
210 109
205 109
191 105
193 101
185 97
179 95
171 91
166 87
158 85
150 82
144 76
136 72
130 70
123 66
115 62
107 58
99 54
93 52
87 48
82 46
74 42
68 39
64 37
60 37
54 35
54 37
48 37
33 25
25 9
27 3
31 9
31 17
27 19
23 13
25 9
27 13
27 19
25 23
25 21
27 17
29 15
31 17
33 21
35 21
31 21
44 21
48 25
52 27
58 33
1 35
62 37
76 41
66 44
87 48
95 50
101 52
107 54
115 60
123 64
128 68
134 70
144 74
152 78
158 82
166 85
173 87
179 91
187 97
193 101
197 101
207 105
212 111
216 113
220 115
226 117
232 119
236 123
240 125
242 125
246 126
250 128
250 130
251 130
255 132
255 132
255 132
255 132
255 132
259 138
257 144
246 130
236 113
240 107
246 117
242 128
234 128
228 119
226 109
224 111
218 119
210 121
205 113
197 101
193 95
187 97
179 99
171 93
164 85
158 78
152 76
142 78
136 78
128 72
121 64
115 60
107 60
101 58
95 54
87 50
80 44
74 42
68 41
64 39
58 35
52 31
48 27
44 25
41 25
33 25
33 21
31 19
29 17
27 17
25 17
23 15
23 13
25 15
25 17
27 19
27 17
29 17
31 19
33 21
37 23
41 25
44 25
48 27
54 31
58 33
66 37
76 46
78 50
64 41
76 31
89 33
103 44
109 54
113 60
121 58
130 60
138 66
146 78
144 85
126 89
166 85
171 87
179 91
185 99
191 101
197 99
205 101
210 105
216 111
222 117
226 117
232 117
236 121
240 123
242 126
246 126
250 128
250 128
251 130
253 130
253 130
255 130
255 130
253 130
253 132
251 132
251 130
248 130
246 128
242 125
240 123
234 121
232 119
228 119
220 117
216 115
210 111
205 107
199 105
193 101
185 99
179 95
173 91
166 89
158 85
150 82
146 78
138 76
130 74
126 74
119 76
101 56
89 37
89 31
87 41
83 48
74 46
68 37
64 27
60 31
56 39
48 39
44 33
39 21
37 17
33 21
29 23
27 21
25 15
27 11
25 13
23 17
23 17
25 17
25 15
27 15
29 17
31 19
33 21
37 21
33 21
44 25
48 27
52 31
58 31
62 33
62 35
74 41
80 42
85 44
95 48
93 52
109 56
115 60
123 64
5 66
128 72
126 76
150 78
126 82
158 83
173 89
179 91
187 95
193 99
199 103
205 107
210 109
216 113
224 117
230 123
238 130
234 128
230 117
234 111
244 113
248 121
251 126
251 128
253 126
255 126
257 132
257 136
255 138
253 134
253 128
251 128
248 130
244 130
242 125
238 123
236 119
230 119
226 117
222 117
218 113
210 111
205 107
199 105
193 103
185 99
179 95
171 91
164 85
158 82
152 82
144 78
136 74
130 70
123 66
115 64
107 60
101 54
95 50
87 48
80 44
74 42
72 41
64 37
58 35
52 31
48 29
44 29
41 25
37 23
35 21
31 21
29 19
27 17
25 17
25 17
25 17
25 17
25 19
31 27
29 27
17 9
17 0
31 0
33 17
39 33
42 31
46 21
54 21
62 31
66 44
68 48
74 41
82 39
87 42
93 50
99 56
107 56
115 56
121 56
128 62
136 72
144 76
150 78
158 80
164 82
173 89
179 95
185 99
191 99
199 101
205 105
210 111
216 113
220 113
226 115
230 117
236 121
238 125
242 126
246 126
248 126
250 128
253 130
253 130
255 130
255 132
255 132
255 134
253 132
251 130
251 130
250 130
246 130
242 126
240 125
236 123
232 123
226 121
222 119
220 119
218 125
201 113
187 95
183 83
185 83
181 91
173 93
164 87
158 78
152 76
146 78
140 82
130 78
123 68
115 60
109 56
101 56
93 54
85 48
80 41
74 37
68 37
64 39
58 37
54 33
48 27
44 25
41 25
37 25
33 23
31 19
29 15
27 15
25 17
23 17
23 15
23 11
25 15
25 17
27 19
29 19
31 19
33 19
37 21
41 25
44 25
48 27
52 29
58 33
62 35
68 37
74 39
82 42
87 46
93 50
99 52
109 56
117 60
123 66
128 70
136 72
144 76
154 83
164 95
162 91
162 78
171 70
185 80
195 99
199 107
205 107
210 103
216 105
224 115
228 125
230 126
236 121
240 121
242 125
246 128
248 132
250 128
251 125
253 126
255 130
255 134
253 132
253 130
255 128
253 130
250 132
248 130
246 126
244 125
240 125
234 123
230 123
226 119
220 115
216 111
212 111
207 109
199 107
193 101
185 95
181 93
173 93
166 91
158 83
152 80
144 76
136 74
128 72
123 66
115 62
109 58
101 56
93 52
87 50
82 46
76 44
68 41
64 37
60 39
58 41
52 41
39 29
29 13
29 5
33 9
33 15
27 17
25 15
27 11
27 13
27 19
25 23
25 23
25 17
27 15
29 17
29 21
31 21
35 21
39 21
44 23
48 25
52 29
58 31
64 33
68 35
74 39
80 42
87 46
95 50
99 54
107 56
115 58
123 64
128 68
136 70
142 74
152 78
158 82
166 85
171 87
179 89
187 95
193 99
199 103
203 105
210 107
216 111
222 115
226 119
232 119
236 121
240 123
242 125
246 126
248 128
251 128
251 130
253 130
255 132
255 134
255 134
257 138
259 142
248 132
240 115
242 107
248 115
246 128
240 130
232 121
232 113
230 115
224 121
216 123
210 117
205 105
201 101
193 101
185 101
177 97
171 89
166 82
158 80
150 80
144 80
138 76
128 70
123 64
115 62
109 62
101 58
93 52
87 46
82 44
76 42
68 41
62 35
58 31
54 31
48 29
44 27
41 25
37 23
35 23
31 21
27 17
27 17
27 17
25 17
23 17
23 15
25 15
25 17
27 17
27 17
31 17
35 19
37 23
41 25
44 25
48 27
54 31
60 35
68 44
72 48
68 39
68 29
82 29
95 39
101 50
107 56
113 56
123 58
132 66
138 76
144 83
150 83
158 82
166 83
171 89
177 93
183 95
193 95
199 97
205 103
208 107
216 111
220 115
226 115
230 119
236 121
240 125
244 126
244 125
248 126
251 128
253 130
253 132
253 130
255 132
255 132
255 132
253 132
251 130
251 128
248 128
246 128
242 125
240 125
236 125
230 123
226 119
222 117
216 115
210 113
205 109
199 103
193 99
187 97
181 95
173 93
166 89
160 85
152 82
144 80
138 76
134 80
126 80
107 62
95 41
95 33
97 44
91 54
80 52
72 39
70 31
66 33
62 41
54 42
48 35
44 25
41 19
35 21
33 25
31 23
29 17
25 11
25 11
25 15
25 19
25 19
23 15
25 13
27 15
29 19
31 21
33 21
37 21
31 21
44 25
46 27
52 31
58 31
62 33
62 35
76 41
64 44
87 46
93 48
93 52
109 56
115 60
121 62
128 64
136 70
142 76
150 80
158 82
164 83
171 85
179 91
185 97
193 99
199 101
205 105
212 111
216 115
224 121
234 128
230 126
224 115
230 107
240 111
248 121
248 128
248 128
251 125
255 126
257 132
257 138
255 138
255 134
253 132
251 130
250 130
248 130
246 128
242 123
240 119
236 123
232 123
226 121
222 115
216 113
212 111
205 109
201 107
193 103
187 99
179 95
171 93
166 89
158 85
152 82
144 76
136 74
130 70
123 68
115 64
109 58
101 56
93 52
87 48
82 46
76 44
70 41
64 37
58 35
52 31
48 29
44 29
41 25
37 23
33 21
31 19
29 19
29 19
25 17
25 17
25 17
25 15
29 27
25 27
17 9
17 0
27 0
35 13
39 25
41 27
42 21
48 19
56 27
60 39
64 44
68 41
74 37
80 39
87 46
93 54
99 54
107 52
115 54
123 60
128 68
134 72
142 74
150 76
158 80
164 83
171 91
177 93
185 95
191 97
199 103
205 107
210 109
214 111
220 111
218 115
232 119
236 123
238 125
234 125
246 126
0 128
251 130
251 130
253 130
255 130
255 132
255 132
255 132
255 132
253 130
250 130
248 128
248 128
244 128
240 126
234 125
232 123
228 121
226 125
224 128
207 117
195 99
191 87
191 87
187 93
179 97
171 91
166 83
160 80
154 83
146 83
136 80
130 72
123 66
115 62
107 60
99 56
93 52
87 46
80 44
76 42
70 41
64 37
60 35
52 33
48 29
44 27
41 25
37 23
35 21
31 19
29 17
27 17
25 17
25 17
23 15
25 15
25 15
25 17
25 15
27 15
33 19
33 21
35 15
41 25
44 25
48 27
52 29
56 31
64 33
68 37
74 41
80 42
87 46
93 50
99 52
107 56
115 58
123 64
128 70
136 74
144 80
156 91
156 87
152 72
164 64
179 78
189 97
193 107
197 103
203 97
212 101
218 115
222 125
226 125
230 119
236 117
238 121
242 128
244 130
248 126
250 126
251 126
251 128
253 132
255 134
255 132
253 130
253 130
253 125
251 132
250 130
238 126
244 125
240 125
236 125
232 121
226 117
222 115
216 113
210 111
207 109
191 105
193 103
187 99
179 95
173 91
166 89
160 85
152 80
144 76
138 74
130 70
123 66
117 62
109 60
101 56
95 52
87 48
82 46
76 44
70 41
66 41
64 42
58 41
42 29
33 13
35 7
37 11
35 19
31 21
25 13
27 9
27 13
29 19
25 25
23 21
25 17
25 15
27 17
27 19
29 21
33 17
35 15
31 17
42 23
48 29
54 31
58 31
62 31
62 37
74 42
64 44
85 46
93 48
99 50
107 56
115 60
121 62
128 66
136 70
142 76
150 78
158 82
166 85
171 89
177 91
185 95
193 99
199 103
205 107
210 109
216 111
220 115
226 117
230 119
236 121
240 125
244 126
246 128
248 126
251 130
253 132
253 134
253 132
255 134
257 138
259 146
248 130
240 111
246 107
251 119
248 130
242 130
238 121
238 115
234 117
230 125
222 126
216 119
210 109
205 103
199 103
191 103
185 99
179 89
173 85
166 85
158 85
152 83
144 78
130 72
130 70
123 68
115 64
109 60
103 56
95 52
87 48
82 46
76 42
70 39
64 37
58 33
52 31
48 31
44 27
41 25
35 21
33 19
33 19
31 21
27 19
25 17
25 15
25 17
23 17
23 17
25 17
27 17
29 17
29 19
33 21
37 23
41 25
44 25
48 29
56 33
66 44
64 42
58 33
64 23
78 25
87 37
93 50
99 54
107 52
117 54
125 62
130 72
136 78
142 78
142 78
125 78
156 83
169 89
177 91
185 93
191 95
197 99
205 107
210 109
216 111
222 113
226 117
230 119
234 121
238 123
244 125
246 126
248 128
250 130
251 132
253 132
255 132
255 130
255 130
255 132
253 132
251 132
251 130
250 128
246 128
244 126
238 125
236 123
232 121
226 119
222 117
216 113
210 111
205 107
199 103
195 101
189 101
181 97
173 93
167 89
160 87
154 83
146 82
142 83
132 80
113 58
105 41
107 41
105 50
97 58
85 52
80 41
76 35
74 39
66 44
58 44
52 33
48 23
46 23
41 27
35 29
33 23
31 15
29 13
27 15
25 19
25 19
25 15
23 13
23 13
23 15
27 19
29 21
31 19
33 17
37 21
41 25
44 27
46 27
52 29
56 31
62 33
68 37
74 42
80 44
87 46
93 50
101 54
107 56
115 60
121 64
128 66
136 70
142 74
150 80
158 82
164 83
171 87
179 93
185 97
193 99
199 101
205 107
212 111
220 117
224 123
220 119
220 107
228 105
238 111
244 121
246 126
248 126
250 123
253 126
255 132
255 138
255 136
255 132
255 130
253 130
251 132
250 130
248 126
246 125
244 123
240 125
234 123
232 121
226 117
222 115
216 115
212 113
207 111
199 107
193 103
187 97
181 95
173 93
166 89
158 83
152 80
144 76
138 76
130 72
123 66
117 64
109 60
103 56
95 52
89 50
82 46
76 42
68 39
64 37
58 33
54 33
50 31
44 27
41 25
39 23
35 23
31 21
29 19
29 19
27 19
25 17
27 21
29 31
21 21
5 1
17 0
29 3
35 19
35 27
33 21
31 13
44 15
50 31
54 39
56 41
64 35
68 33
74 39
80 46
85 50
91 48
99 46
105 48
115 58
121 68
128 70
136 70
142 70
150 76
158 83
164 89
171 89
177 91
185 93
191 99
197 103
203 105
210 107
216 111
222 115
224 117
230 119
236 121
240 125
242 125
246 126
248 128
250 130
251 130
253 130
255 132
257 132
255 132
253 132
253 130
253 130
251 132
248 130
244 128
246 128
242 128
236 126
232 125
234 128
226 128
208 113
201 97
201 91
201 95
195 101
185 99
177 91
175 87
169 85
162 89
152 89
144 82
138 74
132 68
123 66
115 64
107 58
101 52
95 48
89 46
82 46
76 44
72 41
66 37
58 35
54 33
50 31
44 27
41 23
37 21
35 21
31 19
29 19
27 17
27 15
25 15
23 17
23 15
25 15
25 15
25 15
27 15
29 17
35 19
37 23
39 23
42 25
48 27
52 29
56 33
62 33
68 37
74 41
80 44
85 46
93 50
101 54
107 56
115 60
123 64
128 70
138 80
146 87
140 76
146 60
160 62
171 80
181 97
185 99
191 95
199 93
207 103
212 115
216 123
220 121
224 113
230 115
234 121
238 126
242 126
244 123
248 121
250 126
251 132
253 134
255 132
255 130
255 130
255 132
253 132
251 130
251 128
250 130
246 128
242 125
240 126
236 125
232 123
228 119
222 115
218 115
212 113
205 109
199 105
193 101
187 101
181 97
173 91
167 89
160 83
152 82
144 78
138 76
130 70
123 66
117 62
109 60
103 58
95 54
89 50
83 46
78 44
74 44
72 50
56 41
44 25
39 13
42 13
42 19
37 23
31 19
31 15
31 13
29 19
27 23
25 23
25 19
23 13
23 13
27 17
25 21
27 17
29 15
33 15
35 19
39 25
42 27
48 27
52 27
58 31
62 37
68 39
74 41
80 42
85 44
91 48
99 52
107 56
115 60
121 62
126 66
134 70
142 74
150 78
158 80
164 85
171 87
177 91
185 97
191 99
199 103
205 107
210 109
214 111
220 115
226 117
230 119
234 121
240 123
242 125
246 128
248 128
250 130
253 132
255 132
255 136
261 144
255 140
244 123
244 109
251 115
255 128
250 134
246 130
242 121
242 117
240 125
234 130
226 126
220 117
216 111
212 109
205 111
191 109
193 101
187 95
181 91
173 91
166 89
160 85
152 80
146 74
138 74
130 72
123 70
117 64
109 58
101 54
95 52
89 52
82 46
76 42
70 39
64 37
60 37
54 33
48 29
46 27
41 25
37 23
35 21
31 21
29 19
27 17
25 15
23 15
25 17
25 17
23 17
23 13
29 17
29 21
31 21
33 21
37 21
33 23
44 27
52 35
56 39
50 33
52 21
60 19
74 27
82 41
85 46
91 46
99 44
109 50
117 62
123 72
128 74
134 70
142 70
150 78
156 83
162 87
171 87
177 87
183 89
191 95
199 103
205 107
210 107
214 109
220 113
226 119
230 121
236 123
240 123
242 125
246 126
248 128
250 130
251 128
253 130
255 132
255 132
255 132
255 132
253 130
253 132
251 132
250 130
248 128
244 126
240 125
236 123
232 123
228 121
222 117
216 115
212 111
207 109
201 107
193 103
187 99
181 97
175 95
167 91
160 87
158 87
152 91
130 76
119 54
117 44
119 54
113 64
101 62
93 50
89 41
85 42
78 50
70 50
64 42
58 33
54 27
48 29
44 29
41 29
35 21
33 15
31 15
29 19
27 21
25 19
25 15
25 13
25 17
25 19
25 19
25 15
29 15
29 17
33 21
35 21
31 23
44 23
46 25
50 29
56 31
64 37
68 39
74 41
62 41
85 44
95 50
93 54
107 58
113 58
121 62
128 68
134 72
142 74
150 78
158 82
164 83
171 87
177 91
185 97
193 99
199 103
207 109
216 121
216 119
210 109
216 99
228 103
236 113
238 123
240 123
246 123
250 125
253 130
253 136
251 138
253 132
257 130
255 132
253 132
253 132
253 130
250 128
248 126
246 126
244 128
240 126
236 121
232 119
228 119
218 119
216 115
210 111
203 107
201 105
195 103
187 99
173 95
173 91
167 87
160 85
152 82
146 78
138 74
130 70
123 66
117 62
109 60
103 56
95 52
87 50
83 46
76 44
70 41
64 37
60 35
54 33
48 27
46 27
42 27
39 25
35 23
31 21
29 19
29 19
27 21
31 27
25 25
13 7
13 0
23 0
29 13
31 23
29 23
31 15
37 13
42 23
44 33
48 37
52 33
56 27
62 27
68 37
74 44
78 44
85 41
91 42
99 50
107 58
113 62
123 64
128 64
134 70
142 76
150 80
158 83
164 83
171 87
177 89
185 95
191 99
197 101
203 103
208 107
216 111
220 115
224 115
230 119
236 121
240 125
242 126
246 126
248 128
251 130
251 130
253 132
253 130
255 130
255 132
255 132
253 132
253 132
251 130
250 130
175 128
244 126
242 128
242 130
236 134
222 123
212 105
212 97
212 101
208 107
199 107
193 99
189 93
183 91
175 95
167 95
160 91
152 82
144 76
138 74
130 74
123 70
115 62
109 54
103 52
95 52
87 50
82 46
68 42
70 39
64 37
60 37
54 33
50 31
44 25
41 23
37 23
33 21
31 19
29 19
27 17
25 17
25 17
23 17
23 17
23 15
25 15
27 17
29 19
29 19
33 19
37 21
39 21
42 23
48 25
52 29
58 35
62 37
68 37
74 41
80 42
87 48
91 50
99 52
107 58
115 62
125 70
132 80
130 74
130 58
142 54
158 68
167 87
171 93
175 89
183 85
193 93
201 107
205 117
208 115
214 109
220 109
226 115
228 123
232 125
238 121
242 119
244 121
248 128
1 132
251 132
253 130
255 128
255 130
255 126
255 134
253 132
251 128
251 128
250 130
246 130
242 126
240 123
238 123
232 123
228 121
222 117
218 115
212 111
207 109
199 105
193 101
189 99
181 97
173 93
166 87
160 85
154 82
146 78
138 74
130 72
125 68
117 64
109 58
103 56
97 56
89 52
85 50
82 54
72 50
56 35
48 21
48 15
50 19
46 25
41 25
35 21
35 15
35 19
31 23
27 25
25 21
25 15
25 13
23 15
23 17
23 15
25 11
29 13
31 17
31 21
35 23
41 23
44 25
46 27
50 31
56 33
62 35
68 35
72 37
80 42
85 46
91 48
99 50
107 54
113 60
119 62
126 66
134 70
142 74
148 76
156 80
164 83
171 89
179 93
183 95
191 97
199 101
205 105
210 109
214 111
220 113
218 115
230 117
236 121
238 125
236 126
242 126
0 128
250 130
251 132
259 142
255 142
238 126
244 109
1 111
250 126
255 138
250 134
248 125
248 121
246 125
242 132
236 132
232 123
228 115
222 113
216 113
210 115
207 111
191 103
193 97
187 95
181 97
175 95
160 89
160 83
146 80
146 80
138 76
130 70
125 64
117 64
111 62
101 58
95 52
89 48
82 46
76 44
70 41
64 37
60 35
54 31
48 29
44 27
41 25
39 23
35 21
31 21
29 19
27 19
25 17
25 17
23 15
23 15
23 15
25 17
27 17
29 19
31 19
33 21
37 25
42 29
52 39
44 31
41 19
46 11
62 19
72 33
74 41
76 41
85 39
95 44
101 54
107 64
113 66
121 64
128 64
134 68
140 74
148 80
156 80
162 82
169 83
177 89
185 95
191 99
197 101
203 103
210 107
214 111
220 115
224 117
230 119
234 119
238 123
242 125
246 126
248 126
250 128
251 128
253 130
253 130
255 130
255 132
255 132
253 132
253 132
251 130
250 130
246 128
244 128
240 126
236 123
232 119
228 119
222 117
218 115
203 111
203 107
201 107
195 105
187 101
181 93
173 95
169 93
166 99
148 85
132 62
130 50
125 56
126 68
117 70
109 60
103 48
93 46
91 54
83 56
76 50
70 39
62 31
60 33
54 37
48 33
44 27
41 19
37 19
33 21
31 23
29 19
27 15
27 13
25 15
25 17
25 17
25 17
25 15
25 15
27 17
31 19
33 21
35 21
39 21
44 23
48 27
52 29
58 33
62 33
68 35
74 41
80 42
85 46
93 48
99 52
105 54
113 58
121 62
128 68
134 72
142 74
150 76
156 82
164 85
171 89
177 93
185 95
193 101
205 113
205 115
201 105
205 95
216 95
226 107
230 117
232 121
238 119
244 119
246 123
250 130
251 136
251 134
253 130
253 128
255 132
255 134
253 134
251 128
253 126
251 126
248 128
246 128
244 126
242 125
236 123
232 123
228 119
224 119
218 115
212 113
205 109
201 105
195 103
187 99
179 93
173 91
169 89
162 87
152 82
144 78
138 74
132 72
125 68
117 64
109 60
103 56
97 52
89 50
82 46
76 42
72 41
64 39
60 35
54 33
50 31
44 29
41 25
39 25
35 23
33 23
29 23
31 27
29 29
17 13
13 0
19 0
27 7
27 21
25 21
25 13
31 9
37 15
39 29
41 33
42 29
46 23
52 25
56 31
60 37
66 39
72 37
80 37
85 44
91 50
99 54
107 56
113 58
119 62
126 68
134 72
142 76
148 78
156 80
164 83
169 87
177 91
185 93
191 97
197 101
203 107
208 109
214 111
220 113
226 115
228 117
234 119
240 123
242 125
244 126
248 126
250 128
251 130
253 132
253 132
255 130
255 132
255 132
253 132
251 130
251 130
250 130
248 130
248 132
246 136
234 130
220 113
218 103
220 101
218 109
212 111
205 107
199 99
197 99
191 101
183 103
173 99
167 91
162 83
152 80
144 80
136 76
130 70
125 64
117 60
109 58
103 58
97 54
89 48
83 44
76 42
72 42
64 41
58 35
54 31
50 29
46 29
41 27
37 23
35 21
33 19
29 19
27 17
25 15
25 15
25 15
25 15
23 15
25 15
27 15
29 17
31 19
33 19
35 21
39 23
42 25
48 27
50 29
56 31
62 33
68 37
74 41
80 44
85 48
93 50
99 54
109 60
119 74
117 70
115 52
126 44
142 58
152 78
156 87
162 83
169 78
179 83
187 97
191 107
197 111
203 105
208 103
214 107
220 115
224 119
228 117
234 115
238 119
242 125
246 130
248 130
250 128
251 126
253 130
253 134
255 134
255 132
255 130
253 130
251 130
251 130
250 128
248 126
244 126
240 125
236 123
232 121
228 119
224 117
218 115
212 113
207 109
201 105
195 103
187 99
181 97
173 93
167 89
160 85
154 82
146 80
138 74
130 70
125 68
119 66
111 62
103 60
99 56
95 58
85 60
68 42
58 25
60 19
62 25
56 31
48 31
44 25
42 19
41 19
37 25
31 27
29 23
27 17
25 15
25 17
23 19
23 17
23 15
25 11
25 11
29 15
29 19
33 19
35 19
39 21
42 23
46 27
52 31
56 31
62 33
68 37
74 41
78 44
85 46
91 48
99 52
97 56
113 58
121 62
126 66
134 70
140 72
150 78
156 80
164 85
169 87
177 91
185 95
191 97
197 101
203 103
210 109
214 113
220 115
224 115
230 119
236 123
238 125
242 126
246 126
250 130
253 138
255 142
246 126
244 109
251 107
259 123
257 136
253 136
251 126
251 121
251 125
248 134
244 136
240 130
236 121
232 117
228 119
222 121
216 117
210 107
207 103
201 101
193 101
189 101
183 97
175 91
167 87
160 85
152 83
146 80
138 76
130 70
123 66
117 64
111 60
103 56
95 50
89 46
83 46
76 46
70 41
64 35
62 35
56 35
50 33
44 29
41 25
39 23
35 21
31 21
29 19
27 17
27 17
25 17
23 17
23 17
25 15
25 15
27 17
29 19
31 21
37 25
42 33
37 29
33 17
39 11
48 13
58 27
62 33
66 37
64 35
80 37
87 44
93 54
99 58
105 58
111 56
121 60
128 68
125 72
140 72
146 64
156 76
164 83
169 89
175 93
185 93
193 95
197 101
203 107
208 109
214 111
220 113
224 115
220 117
234 121
238 123
242 125
244 125
248 126
250 130
251 130
253 130
253 130
255 130
255 132
253 130
255 132
253 132
251 130
250 130
246 126
244 125
242 125
238 125
232 123
226 119
224 117
218 115
212 113
207 111
201 107
195 103
189 101
183 99
179 105
166 97
150 74
144 58
144 62
142 74
134 78
123 70
117 56
111 52
107 58
97 62
89 58
82 46
78 39
70 39
64 39
58 39
54 31
50 25
44 23
41 23
37 27
35 23
33 19
29 15
27 17
27 19
25 19
25 15
23 13
25 13
27 17
25 17
27 17
29 17
33 17
31 21
31 23
42 23
46 25
52 27
56 31
60 35
5 37
74 39
80 42
85 46
91 48
99 50
107 56
113 58
119 62
126 64
134 70
142 76
148 80
154 82
164 83
171 89
177 95
189 105
195 111
189 101
191 89
203 89
214 99
220 113
224 117
228 115
234 113
242 119
244 128
246 134
248 132
0 128
251 126
251 130
253 126
253 132
255 130
255 128
253 128
251 130
251 130
250 130
248 126
244 125
240 125
238 126
232 123
228 121
222 115
218 113
212 111
207 109
199 105
195 101
189 99
181 97
173 93
167 87
162 85
154 83
146 80
138 76
132 72
125 68
117 64
109 60
103 56
97 52
89 48
83 46
76 42
72 41
66 39
60 35
54 33
50 31
46 29
42 27
39 25
35 23
37 29
33 31
21 17
15 0
19 0
27 7
27 21
23 21
23 13
27 7
31 13
33 25
33 31
35 27
39 21
42 21
46 25
46 31
54 33
60 31
66 31
64 35
80 42
85 48
91 48
97 48
99 52
115 60
121 66
126 68
134 70
142 72
148 78
154 82
162 85
169 87
177 89
183 93
189 97
197 103
203 105
208 107
214 109
218 113
224 117
230 119
234 121
238 123
242 125
244 126
248 126
251 130
251 130
253 130
255 132
255 132
255 132
255 134
253 132
253 132
251 130
253 134
255 140
242 132
230 117
228 107
232 107
230 115
224 117
216 115
212 107
208 95
203 105
195 107
189 107
181 99
175 91
167 87
160 85
154 85
144 80
130 70
130 66
125 64
117 64
111 62
103 56
93 52
89 48
83 48
78 46
70 41
66 37
60 35
54 31
50 29
44 27
41 25
37 23
35 21
33 19
29 19
27 17
25 17
25 15
23 15
25 17
25 17
25 15
27 15
27 17
29 19
33 21
35 21
31 23
42 25
46 27
50 27
56 29
64 35
68 39
72 41
62 44
85 46
93 54
105 66
103 64
101 48
111 39
126 48
136 68
142 80
146 78
156 74
164 78
171 89
179 101
183 103
189 99
197 95
203 101
208 109
212 113
216 111
224 111
230 115
234 119
238 125
242 126
246 125
248 126
250 128
251 130
251 132
253 130
255 130
255 132
253 132
253 130
253 130
251 130
250 128
248 126
244 128
240 125
236 123
232 121
228 119
222 117
218 115
212 113
207 109
201 105
195 103
189 99
181 97
175 93
167 89
160 85
154 82
146 78
140 76
132 72
125 68
119 64
113 62
109 66
101 64
82 50
72 35
70 25
70 29
66 35
58 35
54 29
52 25
48 25
44 29
39 31
35 27
31 19
21 17
27 17
25 19
23 17
21 13
23 11
25 11
25 15
25 17
27 17
31 17
33 17
31 21
31 23
42 25
46 27
50 27
56 31
62 35
68 37
64 41
78 42
85 44
91 48
97 54
105 56
111 56
119 60
126 66
126 72
125 74
148 78
156 80
156 83
169 87
175 91
183 95
191 99
197 101
203 103
208 107
216 111
220 113
224 117
230 119
236 121
240 125
242 128
250 136
251 140
244 126
240 109
248 107
257 123
257 136
253 136
251 128
255 123
255 128
253 138
250 140
246 132
244 123
240 121
236 123
232 126
228 123
222 115
218 111
212 109
207 111
201 109
195 105
189 97
181 93
175 93
167 91
162 87
154 82
146 76
140 74
132 72
125 68
117 64
111 58
103 56
97 54
89 50
83 46
78 42
72 39
66 39
60 37
54 33
50 29
46 25
41 23
39 23
35 23
31 19
29 17
27 15
27 17
25 17
25 17
23 17
25 17
25 15
27 21
31 23
37 29
31 25
25 13
29 5
41 7
50 21
52 31
54 31
60 29
68 31
76 41
80 50
83 52
89 50
99 48
105 52
111 60
117 66
125 66
132 66
140 68
148 74
156 80
164 85
171 87
177 87
183 91
191 97
197 103
203 107
208 107
214 109
220 113
226 117
230 119
234 119
238 121
242 123
244 125
248 126
250 128
251 130
253 130
253 130
255 132
255 132
255 134
253 132
251 130
251 130
250 130
248 128
242 125
242 125
238 125
234 123
228 121
224 117
220 115
214 113
208 111
201 107
197 105
195 111
181 105
164 83
158 66
162 68
158 80
148 85
136 76
130 64
128 60
121 64
111 68
101 64
97 54
91 48
83 44
76 44
70 42
66 39
60 31
54 27
50 27
46 29
41 27
39 23
35 21
33 21
29 21
27 21
25 17
25 15
23 15
23 15
23 15
25 15
27 15
27 15
29 15
33 19
35 21
39 23
42 25
46 25
52 29
56 31
62 35
66 35
72 37
78 41
85 44
91 48
97 50
105 54
113 58
119 64
126 66
134 70
140 74
148 76
158 82
166 87
175 97
181 103
175 95
177 83
191 83
203 95
208 107
212 111
218 111
226 111
232 117
236 125
240 130
242 130
244 128
248 126
250 128
251 132
253 132
253 130
253 126
253 126
255 130
255 132
253 132
251 128
250 126
248 128
246 128
240 128
236 123
232 121
228 119
222 117
218 115
212 111
207 107
201 105
195 101
189 99
183 97
175 93
167 89
160 85
154 82
146 80
140 74
132 72
126 68
117 66
111 62
103 58
97 54
91 50
83 48
76 44
72 41
66 39
60 35
54 33
50 31
46 29
42 27
44 33
39 35
25 19
17 0
21 0
29 7
27 19
23 21
23 13
25 7
27 11
29 21
29 27
29 25
31 17
35 15
39 21
41 27
44 29
50 25
54 25
62 29
66 37
72 42
78 42
85 44
91 46
99 52
105 56
111 60
119 60
125 62
134 68
140 74
148 78
154 80
162 82
169 83
177 91
183 95
189 97
195 99
203 103
208 107
214 111
218 113
224 115
230 117
234 121
238 123
240 125
244 126
248 128
250 128
251 128
253 130
253 130
255 130
257 134
255 134
255 134
257 138
259 142
248 136
236 123
236 111
240 111
238 117
232 121
226 117
222 113
220 109
216 113
210 115
201 113
195 105
189 99
183 95
175 95
166 91
158 83
154 78
146 76
140 76
130 72
125 68
119 64
111 60
103 56
97 54
89 50
83 46
78 44
70 41
64 37
60 35
56 33
50 31
44 27
42 25
39 25
35 23
31 19
29 17
27 15
27 15
27 17
25 17
25 15
25 15
25 15
25 17
27 19
29 19
33 19
35 21
37 21
42 25
46 27
52 29
56 31
60 33
68 37
72 42
80 46
91 58
89 56
87 41
95 31
111 41
123 60
128 74
132 72
140 66
150 70
160 82
164 95
169 97
175 91
183 89
189 95
195 103
201 107
207 107
214 105
220 107
224 115
228 121
234 123
238 123
242 123
244 125
248 128
251 130
251 132
251 130
253 130
255 130
255 134
255 132
253 130
253 130
251 130
250 130
246 128
244 126
240 125
238 123
234 123
228 121
224 119
218 115
214 111
207 109
203 107
195 105
189 99
181 95
175 91
169 89
162 87
154 83
146 78
140 76
134 74
126 72
123 74
115 72
97 56
85 41
83 33
83 35
80 41
72 41
64 35
60 27
58 31
52 33
46 35
41 29
39 23
35 21
33 19
29 21
25 19
25 15
25 13
23 13
23 13
23 17
25 15
27 15
29 15
31 17
33 21
35 23
39 23
42 23
46 25
52 29
56 31
60 33
66 35
72 39
78 41
83 44
91 48
99 52
105 56
113 58
119 62
126 64
134 70
140 74
148 76
154 80
164 83
169 87
175 91
183 93
191 97
189 101
203 105
208 109
207 111
220 113
218 119
230 121
234 125
242 134
246 138
236 125
236 107
246 107
255 123
255 134
253 136
253 126
257 123
257 130
255 138
253 140
251 134
250 126
248 125
244 126
240 128
236 125
232 117
226 113
224 115
220 117
214 115
207 111
201 103
195 101
191 101
183 101
175 95
167 89
162 83
154 82
146 80
138 76
132 72
126 66
119 64
111 60
103 56
97 54
89 50
83 46
78 42
72 41
66 39
60 37
56 35
50 29
46 29
42 25
39 25
35 23
33 21
29 19
27 17
25 17
25 17
25 17
25 17
25 17
27 21
33 27
27 25
19 13
23 3
33 5
41 17
42 23
44 25
50 23
58 27
64 35
68 42
72 44
78 44
85 44
91 48
95 52
95 56
111 58
119 58
0 62
125 66
125 74
148 78
154 80
162 82
169 85
177 91
183 97
189 97
195 99
201 101
208 107
214 111
220 113
224 115
228 115
234 119
238 123
242 126
244 128
248 126
250 128
251 130
253 132
255 134
255 132
255 130
255 130
253 132
253 132
251 130
250 130
177 128
244 128
240 125
238 123
234 123
230 123
224 121
218 117
214 113
210 113
207 121
193 109
177 85
173 72
171 76
171 89
162 91
152 83
146 72
142 68
134 72
126 78
119 74
111 62
103 52
97 50
89 52
82 50
76 42
72 37
66 33
60 33
54 35
50 31
46 29
42 25
39 23
35 23
33 21
29 19
27 17
25 17
23 15
23 15
23 15
23 15
25 15
25 15
29 17
29 19
31 21
35 19
39 21
44 25
46 29
50 29
56 29
60 31
68 35
72 41
78 42
85 46
91 48
97 52
105 56
111 60
119 64
126 66
132 70
142 74
150 80
160 89
166 95
162 85
166 78
177 76
191 85
197 99
203 105
207 105
214 105
222 111
218 119
230 126
234 126
238 123
240 123
244 126
246 130
248 130
0 128
253 126
253 126
253 130
255 125
255 132
255 132
253 130
251 130
250 130
248 128
246 128
242 126
236 123
232 121
228 119
224 119
218 115
212 111
207 109
203 105
197 103
189 99
181 95
175 93
169 89
162 85
154 82
148 80
140 76
132 72
125 68
111 64
111 60
103 56
95 54
91 50
83 48
78 44
72 41
62 37
62 37
56 37
50 35
48 35
46 37
31 21
23 3
25 0
31 9
31 21
25 23
23 13
25 7
27 13
27 21
25 25
23 19
29 13
31 13
31 19
33 25
37 23
42 23
46 21
50 25
54 31
60 35
66 37
74 39
80 41
83 46
91 50
97 54
105 56
111 56
117 60
126 66
134 70
140 72
148 76
156 78
162 82
169 87
177 91
183 95
189 97
189 101
203 103
208 109
214 111
218 113
224 115
222 117
234 121
238 123
240 125
236 126
248 126
0 130
251 132
251 132
255 132
255 132
257 134
259 138
261 144
251 138
242 121
242 113
246 115
246 123
240 125
236 123
234 117
232 117
226 121
220 123
214 117
208 109
201 105
197 103
187 101
181 99
173 93
167 85
162 82
152 80
146 78
140 78
132 72
126 68
119 62
111 60
105 58
97 54
91 50
83 46
78 44
72 41
66 39
60 35
56 31
50 29
46 27
41 25
39 23
37 21
33 19
29 17
29 19
25 17
25 17
25 17
23 17
23 17
25 17
27 17
27 17
29 17
33 19
35 21
39 23
42 25
46 27
52 29
56 31
60 35
70 41
80 52
68 50
72 33
82 25
97 35
109 54
113 66
117 62
125 56
136 64
144 78
148 87
154 87
162 83
169 82
175 87
181 95
189 101
197 101
201 101
207 103
214 109
220 115
224 119
228 119
234 119
238 123
242 126
244 128
248 128
0 128
251 128
253 128
253 132
255 132
255 132
255 130
253 130
253 130
251 132
250 130
177 128
244 126
242 125
234 125
234 123
228 119
224 117
220 115
214 113
207 111
201 105
197 101
191 99
183 97
175 93
169 89
164 87
156 85
148 82
140 78
140 82
130 80
111 64
99 46
99 39
99 42
91 48
83 48
76 41
72 37
70 37
62 41
56 39
50 35
46 27
42 23
37 23
33 23
31 19
29 17
27 15
25 15
25 15
25 17
25 17
23 15
25 15
25 15
27 17
29 19
33 21
35 21
39 23
42 25
46 25
50 29
56 31
60 33
66 35
72 39
78 44
83 46
89 48
97 50
105 54
113 58
119 64
125 66
132 68
140 72
148 76
154 80
162 83
169 87
175 91
183 93
189 97
197 101
203 105
208 109
214 111
220 113
224 117
234 128
236 132
230 119
230 103
242 105
250 121
251 132
251 134
250 126
255 125
257 130
257 140
255 142
253 136
253 128
251 126
250 130
246 132
242 128
240 123
238 117
234 119
228 121
224 121
218 115
214 109
208 107
201 107
195 105
189 101
183 95
175 91
169 89
162 87
156 83
148 78
140 74
132 70
126 68
119 66
111 62
105 56
97 54
91 50
83 48
78 44
72 42
66 37
60 35
56 33
50 31
46 29
42 27
39 23
33 21
33 21
31 21
29 21
25 19
25 17
27 17
27 21
29 29
21 21
15 7
17 0
27 1
33 13
35 21
37 21
42 19
48 21
52 29
56 37
60 39
66 39
72 37
78 41
85 46
89 50
97 50
103 50
111 54
119 62
125 68
130 70
140 72
148 74
154 78
162 85
169 89
175 91
183 93
189 97
195 101
203 105
208 107
212 109
218 111
224 115
228 119
232 121
236 121
242 123
246 126
248 128
250 130
251 130
253 130
255 132
253 132
255 130
255 132
255 132
253 132
251 130
250 128
248 128
244 128
242 126
236 125
234 123
230 121
224 119
222 119
220 126
205 115
191 93
187 80
189 83
185 97
177 101
167 91
162 78
158 76
150 82
142 85
132 80
125 68
119 60
111 58
105 60
95 58
89 48
83 42
78 41
72 39
66 39
62 37
56 33
50 29
46 27
42 27
41 27
35 25
31 21
29 17
27 17
27 17
25 17
23 15
23 15
25 15
25 15
25 17
27 17
29 19
33 21
35 21
39 23
42 25
46 27
50 27
56 29
62 35
66 37
72 39
78 42
83 44
91 48
97 52
105 56
111 58
119 62
126 66
136 74
146 83
150 85
146 76
152 68
164 70
177 82
183 93
187 97
195 97
203 97
210 105
216 115
220 121
224 121
228 117
234 117
238 123
240 126
242 126
246 125
250 125
250 128
253 130
253 132
255 132
255 130
255 132
253 132
253 132
251 132
250 130
246 126
244 126
240 125
238 123
234 123
230 121
224 117
218 115
214 113
208 109
203 107
197 105
189 99
181 95
177 93
169 89
162 87
156 82
148 80
140 76
134 72
126 70
119 64
113 62
105 58
99 54
89 52
83 46
80 44
74 44
68 41
60 37
62 42
54 42
39 25
29 5
35 1
39 15
35 25
27 23
25 13
27 9
29 15
27 23
23 25
23 19
25 13
27 13
27 17
27 21
31 21
33 17
39 17
42 21
46 29
50 33
56 33
60 31
66 35
72 41
78 44
83 46
89 46
97 50
105 54
111 58
117 62
126 64
132 68
140 72
146 76
154 80
162 83
169 87
175 89
181 91
191 97
197 103
201 107
208 107
214 109
220 113
224 117
228 121
232 121
238 123
242 123
244 126
246 126
250 130
251 130
253 132
255 132
259 138
263 148
251 138
244 123
244 113
250 117
251 126
248 130
244 126
242 121
240 119
236 125
230 126
224 125
218 117
214 111
208 109
201 107
195 105
189 99
183 93
175 89
169 87
162 87
154 83
148 78
140 74
134 72
126 68
119 64
111 60
105 56
99 54
91 52
83 46
78 44
74 41
66 39
60 37
56 33
50 29
46 27
42 25
37 25
35 23
33 21
29 19
27 17
27 17
25 17
25 17
23 17
23 15
25 15
25 15
27 15
29 17
33 21
35 23
39 25
42 25
46 29
52 31
58 39
66 46
62 41
60 23
70 17
83 31
93 50
97 58
103 54
111 50
121 56
128 68
134 80
138 80
146 76
154 72
162 80
169 91
173 95
181 93
189 91
195 97
201 103
207 111
214 113
218 111
224 113
220 117
234 123
236 125
242 125
246 125
248 128
0 130
251 130
253 132
253 130
255 130
255 130
255 132
253 132
253 130
251 130
250 130
248 130
246 128
240 126
238 125
234 123
228 121
224 117
218 115
214 113
208 109
203 107
197 103
189 101
183 99
177 95
169 91
164 87
158 85
154 87
142 85
125 70
115 52
115 46
115 52
107 58
95 54
89 48
85 42
80 42
74 44
68 44
62 39
56 33
50 27
46 27
42 27
39 25
35 19
33 17
31 17
27 17
25 17
25 13
25 13
25 17
23 15
25 17
27 17
27 19
29 21
31 19
35 21
37 23
42 25
46 25
50 27
56 29
60 33
66 35
64 39
78 41
83 44
91 48
97 52
95 54
111 60
117 62
125 66
125 68
140 74
146 78
154 80
162 83
162 87
175 91
183 95
189 99
195 101
203 103
208 109
214 113
224 125
226 126
218 111
218 99
234 103
244 119
242 132
246 132
248 123
1 121
255 128
250 140
255 142
253 134
255 126
255 128
253 134
250 136
248 130
246 125
244 121
240 123
236 125
234 123
230 119
226 117
218 115
212 115
208 111
203 109
197 103
189 99
183 97
177 93
167 89
164 85
156 82
148 80
140 78
132 72
126 68
119 64
113 60
105 58
97 54
91 50
85 48
78 44
72 41
66 37
62 35
58 33
52 31
46 29
42 27
39 25
37 23
31 21
29 19
29 17
29 21
29 25
27 27
19 19
13 5
17 0
23 3
29 13
29 19
31 17
35 13
41 17
44 25
48 33
50 35
54 31
60 31
66 35
72 41
76 42
83 44
89 44
95 46
103 52
111 58
119 64
125 64
132 68
140 72
146 76
154 82
162 83
160 85
175 89
181 93
189 99
187 101
201 103
191 105
214 109
218 113
224 117
228 119
232 121
238 123
240 125
236 125
246 126
0 130
251 130
251 130
255 132
255 132
255 132
255 132
253 132
253 130
251 130
250 130
248 128
246 128
242 126
238 125
234 123
234 126
230 132
214 119
203 95
201 85
205 93
199 107
189 105
181 95
177 83
173 85
166 91
156 93
130 78
140 74
134 68
125 68
109 66
111 64
105 56
97 48
91 46
83 46
80 46
64 42
66 37
62 33
56 33
50 33
46 31
41 25
37 19
37 19
33 21
29 19
27 17
27 17
25 17
25 15
23 15
25 17
25 17
25 15
27 17
29 17
33 19
35 21
37 21
33 23
46 25
50 29
54 31
60 33
66 35
64 39
76 41
68 44
91 48
97 52
105 56
111 60
121 66
132 76
134 80
130 70
134 60
150 62
164 76
169 87
173 91
179 87
191 89
199 99
203 111
207 115
212 113
218 113
224 113
226 117
232 123
236 125
240 123
244 123
246 126
250 130
251 132
253 130
253 130
255 130
255 132
255 134
255 134
253 132
251 128
250 128
248 128
244 128
242 126
238 125
234 121
228 119
224 117
220 115
214 111
208 109
203 107
197 103
187 99
175 97
177 93
169 91
162 87
156 83
140 78
140 74
134 72
126 68
119 64
113 62
105 58
99 54
91 52
83 48
78 44
76 44
74 50
62 48
46 27
41 9
44 7
46 21
33 31
35 25
31 15
31 9
29 17
29 25
25 27
23 19
23 11
23 11
25 17
25 21
25 17
29 15
31 13
35 19
37 23
41 25
46 27
52 27
56 31
60 35
66 37
72 41
78 41
82 44
89 46
95 50
103 54
111 58
119 60
125 64
132 68
140 74
146 76
154 80
162 82
169 85
175 89
181 93
189 95
197 99
203 105
208 109
212 111
218 113
224 115
228 119
232 121
236 121
242 125
246 126
246 128
250 130
253 132
259 138
259 144
250 134
244 121
248 115
255 121
255 128
250 130
248 126
248 123
246 123
244 126
240 132
234 128
228 121
224 115
220 113
214 115
207 113
201 105
195 99
189 95
183 97
177 95
169 89
162 83
156 82
148 80
140 76
132 72
126 68
111 64
109 62
105 56
97 54
91 50
87 46
78 44
72 41
62 39
62 37
56 33
50 29
46 27
44 25
39 23
31 21
33 21
31 19
19 19
27 19
25 17
25 17
25 17
23 17
25 17
25 17
27 19
29 19
31 19
35 19
41 23
42 27
52 35
54 41
50 31
48 15
56 11
72 27
82 44
83 52
87 46
97 42
107 50
113 64
119 72
125 72
130 66
140 66
146 74
152 83
160 85
166 83
173 83
183 89
189 99
195 103
201 105
208 107
212 109
218 113
224 117
228 121
232 119
236 119
240 123
244 126
246 128
250 128
250 128
253 128
255 130
255 132
253 132
255 132
255 132
253 132
251 130
250 128
250 130
246 130
242 126
238 125
236 123
230 121
224 119
218 115
214 111
210 109
203 107
197 105
191 101
185 97
177 95
173 95
162 97
156 91
138 74
130 60
130 56
128 60
121 62
109 60
105 52
101 50
95 50
87 54
78 50
72 44
66 37
62 33
56 33
50 33
44 29
42 23
39 19
35 21
31 21
29 21
29 19
27 15
25 15
25 17
25 17
25 17
25 15
25 13
27 17
29 21
31 21
35 21
39 21
42 23
46 27
50 29
54 29
60 31
66 35
72 39
78 42
83 44
91 46
97 50
103 52
111 58
117 62
125 64
132 68
140 72
146 76
154 80
160 82
169 87
175 91
181 95
189 99
197 101
203 107
214 119
212 119
207 103
212 91
226 99
236 119
238 130
238 126
244 119
250 119
251 130
253 140
251 138
253 132
253 126
255 128
253 134
253 136
253 132
251 126
250 125
248 126
244 130
242 128
238 123
234 119
230 117
224 119
220 119
214 115
208 109
203 107
197 103
189 103
183 97
177 93
169 89
164 85
154 82
148 80
140 76
134 72
126 70
119 66
113 62
105 58
99 54
91 50
85 48
80 44
72 42
66 39
62 37
56 33
52 31
46 29
42 27
39 25
37 23
33 21
29 19
35 25
33 29
19 21
13 5
17 0
25 3
27 15
25 19
25 15
29 11
35 15
37 25
39 31
41 29
46 27
50 25
54 29
58 35
64 39
70 37
76 37
82 41
89 44
97 50
105 56
111 58
117 62
125 64
132 70
140 76
146 76
154 78
160 82
167 85
173 89
181 93
189 95
197 101
201 105
207 107
212 111
218 113
222 115
228 117
232 121
238 123
240 125
244 125
246 125
251 128
251 130
253 130
253 130
255 132
255 132
255 132
253 132
253 130
253 130
251 130
248 130
246 128
242 128
242 130
238 134
222 119
212 97
214 91
216 103
210 113
201 111
195 99
189 89
187 93
179 101
171 103
162 91
154 80
148 76
140 76
132 76
125 72
119 62
113 54
105 52
99 54
91 54
85 48
80 42
74 39
68 39
62 37
56 35
52 31
46 27
42 25
37 23
35 21
33 23
31 21
27 17
25 17
27 17
25 17
23 17
23 15
25 15
25 17
27 17
29 17
31 19
35 21
39 23
41 23
46 25
50 29
56 31
60 35
64 35
72 39
78 42
83 44
91 50
97 54
107 60
119 70
117 68
115 58
123 52
136 56
148 70
154 78
158 82
167 82
175 83
185 93
189 103
195 107
201 107
207 107
212 107
218 113
222 117
226 117
230 115
236 115
242 123
244 128
246 128
250 126
251 128
253 130
253 134
253 132
255 132
255 130
253 130
253 130
251 130
250 130
248 126
244 125
242 125
238 125
234 123
230 119
224 117
220 115
214 113
208 109
203 107
197 103
189 101
183 97
177 95
169 89
164 85
156 83
148 80
140 76
134 72
128 68
121 66
113 64
105 60
99 56
93 54
87 52
83 58
72 50
56 27
52 11
54 13
54 27
48 35
42 29
39 19
37 15
35 21
33 29
27 29
25 19
25 11
25 13
23 17
23 19
23 15
25 11
27 11
29 15
31 21
35 23
39 23
41 23
46 25
48 29
54 33
58 31
66 35
72 39
78 42
82 46
89 48
95 50
95 52
111 56
117 60
125 64
130 66
138 70
146 76
154 80
160 83
160 87
175 89
181 93
187 97
187 101
201 103
191 107
212 107
216 111
224 117
230 121
232 121
236 123
242 125
246 126
250 130
255 138
255 140
246 130
244 119
250 113
255 121
257 130
253 132
251 128
253 125
253 126
250 132
246 134
240 130
236 123
234 119
230 119
224 119
218 117
214 111
208 105
203 103
197 103
189 101
185 97
177 93
169 87
162 85
156 83
150 82
142 78
134 72
126 68
121 66
113 64
105 60
97 54
91 50
85 46
80 44
72 41
68 37
64 35
58 35
50 33
46 29
44 25
41 23
37 23
33 21
31 19
29 17
27 17
25 17
23 15
25 15
23 17
25 15
25 15
27 17
29 19
31 21
35 21
42 31
46 39
39 25
39 9
50 7
62 23
68 41
70 44
74 37
83 35
93 44
99 56
103 64
109 62
117 56
125 60
130 68
138 76
146 80
154 76
160 76
167 83
173 89
181 95
189 97
195 97
201 101
207 107
212 113
218 115
222 115
220 117
234 119
236 123
240 125
244 125
246 126
0 126
251 130
253 130
255 125
255 132
255 125
253 132
255 125
253 132
251 130
250 128
248 128
246 128
242 126
234 125
234 123
230 121
226 119
220 117
214 113
208 111
203 107
199 105
191 101
187 101
185 103
167 97
152 80
146 66
148 64
144 70
134 74
125 68
119 60
115 56
109 58
101 62
91 58
85 52
80 44
72 41
66 41
60 37
56 33
50 27
46 23
42 21
39 25
37 23
33 19
29 17
29 17
27 17
25 19
23 17
23 15
25 15
25 15
25 15
25 15
29 19
33 19
35 21
37 23
42 23
46 27
50 29
54 31
58 33
66 37
62 39
76 42
82 44
89 48
95 52
95 54
109 58
117 60
0 64
125 68
138 72
130 76
154 78
130 83
160 85
175 91
181 95
191 103
203 115
199 111
195 93
205 85
218 97
226 115
228 123
230 119
236 113
236 117
246 128
248 136
248 136
1 130
253 126
253 128
255 134
253 134
253 130
253 125
253 125
253 130
250 134
248 130
244 125
242 123
240 125
234 125
228 123
226 117
220 115
214 111
208 111
203 107
197 101
191 99
183 97
177 93
169 91
164 87
156 82
148 78
142 76
134 72
126 68
121 64
113 60
105 58
99 54
91 52
85 48
80 44
74 42
68 39
62 35
56 33
52 31
46 29
42 27
39 25
39 25
39 31
33 31
19 17
15 1
19 0
25 7
25 15
23 15
23 13
27 11
29 15
31 23
33 27
33 27
37 23
41 21
46 25
48 29
54 31
58 31
64 29
72 35
76 41
82 46
89 48
95 50
103 52
111 56
117 62
123 64
130 68
138 70
146 76
152 80
160 83
167 87
173 89
181 93
187 95
195 99
201 103
207 105
212 107
218 113
224 115
228 117
232 119
238 121
242 125
244 126
246 126
250 128
251 130
253 132
253 132
253 130
255 132
255 132
253 132
253 132
251 132
251 132
248 132
250 138
244 136
230 119
222 101
226 99
228 111
222 121
214 117
207 103
205 99
199 103
193 109
183 107
177 97
169 85
162 82
154 82
148 83
140 78
132 68
126 62
121 64
113 64
105 60
99 54
93 50
85 46
80 44
74 42
68 42
62 37
56 33
46 29
48 29
44 29
39 25
31 21
33 19
31 19
27 19
27 15
25 13
25 13
25 15
23 17
23 17
25 15
27 17
29 19
31 19
33 21
31 21
41 23
44 25
48 27
54 31
60 33
66 37
70 41
76 42
83 46
93 52
105 66
99 60
99 50
109 44
123 50
132 64
138 74
144 76
152 74
162 78
162 87
175 95
173 99
187 99
187 97
201 101
207 107
210 111
216 111
222 111
228 113
232 117
236 121
240 123
246 125
248 126
248 128
251 130
253 132
253 132
253 130
255 132
255 132
255 132
253 132
251 130
251 128
248 128
246 128
242 126
238 123
234 121
230 121
226 119
220 115
214 113
208 109
203 105
199 103
191 101
185 99
177 93
171 91
164 85
158 83
150 80
142 76
134 72
126 68
121 66
113 64
107 60
101 60
97 64
82 52
68 29
64 17
68 23
66 37
58 41
48 31
44 19
46 19
44 29
37 35
31 29
29 17
29 11
27 13
25 19
23 19
23 15
23 11
25 9
25 15
27 19
29 19
31 17
35 17
37 19
33 25
44 27
50 29
54 27
60 31
64 33
70 39
76 41
83 44
89 46
95 50
95 54
109 56
117 60
125 66
130 70
138 72
146 76
154 80
160 83
160 85
173 89
181 91
189 97
187 99
201 103
191 107
212 111
218 113
222 115
220 117
234 121
238 126
234 128
0 136
185 136
240 126
242 117
248 115
255 123
255 132
253 132
253 126
255 126
255 130
255 136
250 138
246 132
244 126
242 123
238 125
232 125
228 121
224 115
220 111
214 111
210 109
203 107
197 103
191 99
183 97
177 95
171 91
164 87
156 82
148 78
142 76
134 72
126 68
119 64
113 60
105 58
99 54
91 50
85 48
80 44
74 41
68 37
62 35
58 35
52 33
46 29
42 25
39 25
37 23
33 21
29 19
29 17
27 19
25 17
23 17
23 15
25 15
25 17
25 19
27 19
29 21
37 29
35 33
27 15
29 1
42 5
52 21
56 37
58 37
64 31
72 29
80 39
83 52
89 58
95 54
103 50
109 52
115 60
123 68
5 62
138 70
128 62
152 76
160 83
160 89
173 89
181 89
189 93
195 101
201 107
205 109
212 107
216 109
224 115
228 119
232 121
236 123
242 123
244 125
246 126
250 130
251 130
251 130
253 130
255 130
255 132
255 132
253 132
253 130
251 130
251 130
248 128
244 126
242 126
238 125
234 123
230 119
226 119
222 117
216 115
208 113
205 109
203 111
197 113
179 101
166 83
164 72
164 74
158 82
148 82
140 74
134 66
130 66
123 68
113 70
107 64
99 56
91 48
85 46
78 46
72 42
68 39
62 35
56 31
52 29
48 29
44 27
39 23
35 21
33 21
31 21
27 19
27 15
27 15
25 17
23 17
23 15
25 15
25 15
25 15
29 17
33 19
35 21
37 21
41 23
44 23
50 27
56 33
58 35
64 35
72 37
78 41
83 44
89 48
95 50
103 52
109 56
117 62
125 64
132 68
138 72
146 76
152 80
160 83
167 87
179 99
187 107
183 99
183 83
195 82
208 95
214 113
216 119
220 113
228 109
234 115
238 126
242 134
244 132
246 126
248 123
251 128
251 134
251 134
253 130
255 126
255 128
253 130
251 132
251 130
251 130
248 128
246 128
240 126
240 126
234 123
230 121
224 117
220 115
214 113
210 111
203 107
197 103
191 101
185 99
177 95
169 89
164 85
158 83
150 80
142 78
134 72
126 66
121 64
115 62
107 60
99 56
93 52
85 48
80 46
74 42
68 39
62 37
56 33
52 31
48 29
46 31
46 37
37 31
23 15
19 3
25 1
27 9
27 17
23 17
23 13
25 11
27 13
29 21
29 25
29 23
31 17
35 17
37 21
41 25
42 27
48 25
54 25
58 29
64 35
70 39
78 41
83 42
89 46
95 50
103 54
109 58
117 62
123 62
130 66
138 72
144 74
154 80
160 83
166 85
173 89
181 93
187 97
193 101
201 103
207 105
212 109
216 111
222 115
228 117
232 119
236 121
242 123
244 125
246 126
248 128
250 130
253 130
255 130
253 130
255 130
257 134
257 136
253 134
251 134
257 142
248 138
234 119
232 103
236 107
238 119
232 126
224 121
218 109
216 105
212 113
205 117
197 113
189 103
185 93
177 91
169 93
162 89
154 82
148 74
142 72
134 72
126 72
121 68
113 60
107 56
99 54
93 52
85 50
80 46
74 41
66 37
62 37
58 37
52 33
46 27
44 25
39 23
37 23
33 21
31 21
29 19
25 17
23 15
25 17
25 19
25 17
25 17
25 15
27 17
29 19
31 21
35 21
37 21
33 23
44 27
48 29
54 31
60 31
66 35
72 41
80 48
87 54
83 48
83 39
95 37
109 46
117 56
125 64
130 68
138 68
148 74
156 82
160 89
167 91
173 91
181 91
187 95
193 101
199 103
205 105
212 105
216 109
222 113
228 117
232 119
236 121
240 123
244 125
246 128
250 130
250 130
251 128
253 128
255 132
255 134
253 132
253 130
253 130
253 130
250 130
248 128
246 126
242 125
238 123
234 123
232 123
226 119
220 115
214 113
208 109
205 107
197 105
191 101
183 97
177 93
171 89
166 87
156 85
150 82
142 76
136 74
128 72
121 68
119 72
111 72
93 54
80 31
80 25
82 35
78 46
68 44
60 33
58 25
54 29
50 35
42 37
39 29
37 21
33 17
29 17
27 17
27 21
25 17
23 13
23 11
23 15
25 19
27 19
27 17
29 15
31 17
33 21
37 23
41 25
44 25
48 27
54 29
58 33
64 37
64 39
76 41
66 44
89 46
95 50
93 52
109 54
117 58
125 64
130 70
138 72
144 74
154 78
160 83
167 87
173 89
179 91
187 95
187 99
201 105
191 109
205 111
218 113
224 117
228 119
236 125
244 132
240 130
232 119
236 109
248 113
253 125
253 130
251 130
253 126
257 126
257 132
255 138
253 136
251 132
251 128
248 128
244 128
242 128
238 125
234 119
228 117
226 117
220 117
214 113
210 111
205 107
199 103
191 101
185 99
179 95
171 91
164 87
156 83
150 80
142 76
136 72
128 70
121 66
113 60
107 56
99 56
93 52
85 48
80 44
74 42
68 41
62 37
56 33
52 31
48 29
44 27
39 25
37 23
35 23
31 21
29 19
27 17
25 17
25 17
25 17
23 17
25 19
29 21
33 31
27 25
21 5
25 0
37 5
44 23
46 33
48 31
52 23
60 25
66 35
72 46
76 50
82 44
87 42
95 46
103 56
109 62
115 60
123 58
130 64
138 70
144 78
152 82
160 83
160 83
173 87
181 95
187 99
187 101
201 103
191 105
210 109
216 111
224 115
228 117
232 117
236 119
240 123
246 126
246 128
248 128
251 128
253 130
253 132
253 132
255 132
255 132
253 132
253 130
251 130
251 130
248 130
246 128
242 126
240 125
234 123
230 121
226 117
218 117
218 117
216 121
207 119
191 101
181 87
181 80
179 85
171 89
164 87
156 80
150 76
144 74
136 78
128 76
121 70
113 62
107 56
99 56
91 54
83 48
78 41
72 37
68 37
62 37
56 35
50 31
48 27
44 27
41 25
35 25
33 21
31 19
27 17
27 15
25 17
25 17
23 17
23 15
23 13
25 15
27 17
29 17
31 19
33 19
37 21
41 23
44 25
50 29
54 31
58 33
64 35
70 39
78 41
83 46
87 48
95 48
103 52
111 58
117 62
123 66
130 68
138 72
146 76
152 82
164 91
169 99
166 85
169 72
183 74
195 91
203 109
207 111
210 105
218 103
226 113
230 126
232 132
236 126
240 121
244 121
246 128
248 132
250 130
251 126
253 126
253 128
255 130
255 134
255 132
253 130
251 130
250 130
248 130
246 128
242 125
238 123
236 123
230 121
226 121
220 115
216 113
210 111
205 109
197 105
191 101
185 97
179 95
171 91
164 87
158 83
150 80
142 78
134 72
128 70
121 66
115 62
107 58
99 52
93 50
87 50
80 48
62 42
68 39
64 37
60 37
56 37
52 31
41 31
29 15
27 5
31 7
33 13
29 19
25 15
25 11
27 11
27 17
25 23
25 23
25 17
27 15
29 15
31 19
33 23
37 23
41 21
44 23
50 25
54 31
58 35
64 35
70 37
76 39
82 42
87 46
95 52
101 54
109 56
117 60
123 64
130 68
138 72
146 76
152 78
160 82
158 85
173 89
181 91
189 95
195 99
199 103
207 105
212 109
218 111
222 115
220 117
232 119
236 123
240 123
244 125
246 126
0 130
251 130
251 132
255 125
255 132
255 132
255 132
259 138
259 146
250 136
238 115
240 105
246 113
246 128
238 130
232 121
230 111
228 113
224 121
214 125
208 117
205 107
199 101
191 99
183 99
177 97
171 89
164 83
156 80
150 78
142 76
136 74
128 70
121 64
115 62
107 62
99 58
93 52
85 48
80 44
74 42
68 41
62 37
58 33
52 29
46 29
42 27
41 25
37 23
33 21
29 19
27 17
27 19
27 19
23 17
23 15
25 17
25 17
25 17
25 17
29 19
31 19
33 21
37 21
33 23
46 25
50 29
54 31
60 35
72 44
74 48
68 39
70 29
83 29
97 41
103 52
107 56
115 56
125 58
132 66
138 74
146 82
154 83
160 82
158 83
173 89
179 95
187 97
193 97
191 97
191 101
212 109
216 113
222 115
226 115
232 119
236 123
240 125
244 126
246 126
250 126
251 128
251 130
253 130
255 130
255 128
255 130
255 132
253 132
253 132
250 128
248 128
246 126
242 126
240 125
234 123
230 119
226 117
222 117
216 113
208 111
205 107
199 105
191 101
185 99
177 93
171 91
166 89
158 85
148 82
144 78
138 74
134 82
123 78
103 56
95 35
97 35
95 46
87 54
78 50
72 37
70 31
66 35
58 41
52 41
48 33
42 23
39 19
37 23
33 25
29 21
27 15
27 11
25 13
23 17
23 17
25 15
25 13
25 15
27 17
29 19
31 21
33 19
37 21
41 23
44 25
48 29
54 29
58 31
1 33
62 37
76 41
66 44
87 46
95 48
95 52
109 58
115 62
123 62
5 66
130 72
146 78
152 80
160 82
167 87
173 89
181 93
187 97
193 99
201 105
207 107
212 111
218 115
226 123
232 128
226 123
224 111
232 105
242 113
248 125
250 130
248 128
251 125
255 126
257 132
257 140
255 140
253 134
253 128
253 128
251 132
248 132
244 126
240 121
240 121
234 123
230 123
226 119
220 115
216 113
210 111
205 109
197 105
191 101
185 97
177 93
169 89
164 87
158 85
150 82
142 76
136 74
128 70
121 66
113 62
107 56
101 56
93 52
85 48
80 44
74 42
70 41
62 37
58 35
52 31
48 29
44 27
39 25
35 23
33 21
31 19
29 17
27 19
27 19
25 19
25 19
29 23
29 29
21 19
15 0
21 0
31 3
37 21
39 29
39 25
44 17
52 21
56 35
60 42
0 42
68 35
68 35
82 33
87 46
93 52
93 50
109 50
109 56
123 66
128 70
138 72
146 74
152 76
158 82
167 87
173 91
179 91
185 93
193 97
201 105
205 109
210 111
216 111
222 113
228 117
232 123
236 123
240 123
244 125
246 126
248 126
251 130
253 130
255 130
255 130
255 130
255 132
253 132
253 132
251 132
250 130
248 130
246 128
242 126
240 126
236 123
232 123
228 123
228 126
216 121
201 105
195 91
195 89
193 93
185 97
177 95
169 87
166 82
160 83
152 85
142 83
134 76
128 68
121 64
115 64
105 60
97 54
93 50
87 44
80 42
74 41
68 41
62 37
58 31
52 29
48 29
46 31
41 29
37 23
33 19
31 17
29 19
27 19
25 17
25 15
23 13
25 15
23 17
25 17
27 17
29 17
31 19
33 21
37 23
41 25
44 25
48 27
52 29
58 33
64 33
70 39
76 41
82 44
87 46
95 50
101 54
109 58
117 62
123 66
128 70
138 72
150 87
154 89
150 76
156 64
171 70
183 89
189 103
191 103
199 97
208 97
214 109
218 121
220 123
228 119
232 117
236 119
238 125
242 128
246 128
248 125
250 125
251 128
253 132
255 134
255 132
255 130
255 130
253 132
251 132
250 130
248 128
246 126
242 126
240 126
234 121
230 117
226 115
222 117
216 115
210 111
205 107
199 105
191 101
185 99
179 95
171 91
164 85
158 82
150 80
144 78
136 74
128 70
121 66
115 62
107 60
101 58
93 52
87 48
82 46
74 42
70 41
68 42
64 46
46 35
37 17
37 9
41 11
39 21
33 23
27 17
29 11
29 11
29 19
25 25
23 23
25 17
25 15
25 15
25 19
29 21
31 19
33 17
35 17
41 21
44 25
50 29
54 31
58 31
64 35
70 39
76 42
82 44
87 46
95 48
101 52
109 56
117 60
123 64
130 66
136 70
144 74
152 80
160 83
166 87
173 89
179 93
187 97
193 99
199 101
207 103
214 111
218 115
222 117
226 117
232 119
236 123
240 126
242 126
246 126
250 128
251 130
253 132
253 132
255 132
259 136
259 144
248 132
242 113
248 109
253 121
251 134
244 132
240 123
242 117
238 119
232 126
226 128
220 121
216 111
210 107
205 107
197 109
191 103
185 93
177 85
171 87
166 89
158 87
150 82
144 76
136 72
128 72
121 68
115 64
107 58
101 54
91 50
85 48
82 46
76 42
68 39
62 35
58 31
54 31
48 31
44 29
41 23
37 21
33 21
31 21
29 19
27 17
25 15
25 15
23 17
25 17
25 17
25 17
27 17
27 17
29 17
33 19
39 23
41 27
46 29
52 33
62 42
58 41
54 31
60 21
11 25
83 37
80 46
93 48
93 50
109 52
111 60
125 70
130 76
136 76
144 76
152 78
160 82
158 87
171 89
177 87
187 91
193 99
199 103
205 107
212 109
218 111
222 115
226 119
230 121
236 123
238 123
240 123
248 126
250 130
251 132
251 130
253 130
255 130
255 132
255 134
253 132
253 130
251 128
251 128
248 128
246 128
244 126
240 125
236 123
232 119
226 119
222 117
216 115
210 111
203 107
199 105
193 101
185 99
179 95
171 91
166 87
158 87
152 85
148 89
134 80
119 60
111 44
111 44
111 56
103 62
93 54
85 42
82 37
78 44
70 50
62 46
56 37
52 25
48 25
44 29
39 29
35 23
33 17
31 13
29 17
27 19
25 19
25 15
23 13
25 13
25 17
25 19
27 19
29 17
31 17
33 19
37 23
41 25
44 25
48 25
54 29
58 33
62 37
68 37
76 39
82 44
89 48
95 50
93 54
109 58
115 62
123 64
3 68
130 70
128 74
152 80
126 83
158 87
173 89
181 95
187 97
193 101
201 105
207 109
216 117
220 121
216 115
216 105
226 101
236 111
242 121
242 126
244 123
248 123
3 126
255 126
253 138
255 136
255 132
255 130
253 130
253 134
251 132
250 128
248 126
246 125
242 125
238 125
234 123
230 121
226 119
220 115
216 115
210 113
205 107
197 105
191 101
185 99
179 95
169 91
166 85
158 83
152 82
142 78
134 74
130 70
123 66
115 62
107 60
99 54
93 52
87 50
80 46
74 44
68 41
62 37
56 33
52 31
48 29
44 29
41 27
37 25
35 21
31 21
29 19
29 19
25 19
31 27
27 29
17 15
13 0
21 0
29 7
31 23
31 25
31 17
37 13
42 19
46 31
48 39
52 37
58 31
64 31
68 37
74 44
82 46
87 44
93 42
101 48
109 56
115 64
123 66
128 64
138 68
144 76
152 83
158 83
158 85
173 87
181 93
185 97
191 101
199 101
189 103
210 109
216 113
222 115
220 119
232 119
236 121
240 123
242 125
246 126
0 128
251 130
251 130
253 132
255 132
255 134
255 132
255 132
253 132
251 132
250 130
248 130
246 128
244 128
240 128
236 128
238 132
226 125
210 109
207 97
208 97
207 103
199 105
189 99
177 91
181 91
175 93
158 95
158 89
150 82
144 76
136 74
128 72
119 68
115 62
107 56
99 50
91 48
87 48
82 46
74 41
68 37
64 35
58 35
54 33
48 29
42 25
41 21
39 23
33 23
29 19
29 17
27 15
27 17
25 17
23 17
23 17
25 15
25 15
27 17
29 19
31 19
33 21
37 21
41 23
44 25
48 27
52 29
58 31
64 35
70 37
74 41
82 42
89 48
95 52
93 54
109 58
117 62
126 70
136 82
134 80
132 62
142 54
158 66
169 85
173 95
177 91
185 87
195 93
201 105
191 115
205 117
216 113
220 109
218 113
230 119
236 125
238 125
242 121
246 121
250 126
251 132
251 132
253 130
255 128
255 130
255 132
253 132
253 130
253 130
251 128
248 128
246 128
244 126
240 125
236 123
230 121
226 119
222 117
216 113
208 109
205 107
199 105
193 103
185 99
179 93
173 89
166 89
158 87
150 82
144 76
136 72
130 72
123 68
115 64
107 60
101 56
93 52
80 46
82 48
80 50
64 50
56 37
46 19
48 13
50 19
37 25
39 25
31 21
33 15
33 17
31 21
27 25
25 23
23 17
25 15
23 15
23 17
25 19
25 17
27 13
31 15
33 19
37 23
39 25
44 25
50 27
54 31
58 33
64 37
62 39
74 41
66 44
87 46
93 50
93 52
109 56
115 60
123 62
5 68
128 72
142 76
150 78
160 82
166 85
173 89
179 93
187 95
193 99
199 103
205 107
212 109
216 113
222 115
226 117
232 119
236 121
240 125
242 125
246 126
250 128
251 132
253 134
257 140
257 142
248 128
244 111
251 111
257 125
255 136
250 134
248 125
248 119
246 125
242 132
236 134
230 125
224 115
222 113
216 115
208 115
203 109
197 101
193 95
185 95
179 95
171 93
166 89
158 83
152 80
142 78
136 76
130 72
123 66
113 60
107 56
101 56
93 52
87 48
80 44
76 42
68 41
64 37
58 35
54 33
48 29
44 27
39 25
37 23
33 21
31 19
29 17
27 17
25 17
25 17
23 17
23 17
25 15
27 17
27 17
29 19
29 17
35 21
31 25
44 29
50 31
46 33
37 21
48 15
62 21
62 33
74 39
64 42
87 42
95 46
95 54
111 64
115 68
123 66
128 64
136 70
142 76
150 80
158 82
166 82
173 85
179 91
185 97
193 101
199 103
205 105
210 109
216 113
222 117
226 119
230 119
236 121
240 123
242 125
246 126
248 126
250 128
253 130
253 132
255 132
255 132
255 132
255 130
253 130
251 130
251 128
250 130
246 128
242 128
240 125
236 123
230 121
226 119
220 117
216 113
210 111
205 107
199 105
193 101
187 99
181 97
171 93
167 93
166 99
148 85
132 62
128 48
130 56
125 68
115 68
107 58
101 48
97 46
89 52
82 56
74 48
68 39
64 31
56 31
52 33
48 31
44 27
41 21
37 19
33 21
31 21
29 21
27 17
25 15
25 15
25 17
25 19
25 17
25 13
27 13
29 17
31 21
33 21
37 21
41 23
44 25
48 29
52 31
58 33
64 35
70 37
76 41
82 44
87 46
95 48
101 52
109 56
117 60
123 64
128 68
136 70
144 76
152 78
158 82
166 85
173 89
181 95
187 99
195 103
207 113
207 115
203 107
205 95
216 97
228 107
232 119
234 121
238 119
244 119
250 126
250 134
250 136
251 134
253 130
255 130
253 132
253 132
253 130
253 128
253 126
250 128
248 128
246 128
244 126
240 125
236 123
232 121
226 119
222 117
216 115
210 109
205 107
199 105
193 103
187 97
179 95
171 91
166 89
158 85
152 82
144 78
136 74
128 70
121 66
115 64
109 60
101 56
93 50
87 48
82 46
74 44
68 41
64 37
58 35
54 33
48 29
44 27
41 25
37 23
33 23
31 21
29 21
31 27
27 29
15 9
13 0
21 0
29 11
29 23
25 21
27 13
31 11
37 19
39 29
41 33
44 29
48 25
52 25
58 33
62 39
68 39
74 37
82 37
87 42
93 50
101 54
107 56
117 60
123 64
128 68
136 74
144 76
152 78
158 80
164 83
171 89
179 93
187 95
193 99
199 101
205 105
212 109
216 113
220 115
226 117
232 119
236 123
240 125
242 125
246 126
250 126
251 130
251 132
253 132
255 132
255 132
255 132
255 130
253 132
253 132
251 130
248 130
248 130
248 134
244 134
230 126
218 109
220 101
222 103
218 109
210 111
203 105
199 99
195 99
187 99
179 99
173 95
166 89
160 83
150 80
142 78
136 74
128 70
121 62
115 58
107 58
101 56
95 52
87 48
82 44
76 42
70 41
64 37
58 33
54 31
48 29
44 27
41 25
37 23
33 19
31 19
29 19
27 19
25 17
25 17
25 15
25 17
25 17
25 17
27 17
29 17
31 19
33 21
35 19
33 23
44 25
48 29
52 29
56 31
64 35
70 39
74 41
80 44
87 46
95 50
103 56
113 66
119 74
117 66
119 50
130 48
144 64
154 82
158 87
164 83
171 80
181 87
189 101
195 109
199 109
203 103
210 103
216 109
220 117
224 119
228 115
234 115
238 117
244 125
246 128
250 130
251 130
253 128
253 132
255 134
255 134
255 132
253 130
251 130
251 130
251 132
248 130
246 126
244 125
240 125
236 125
230 121
226 117
222 117
216 115
210 111
205 107
199 105
193 103
185 99
179 95
171 91
166 87
160 85
150 82
144 78
136 74
130 72
123 68
115 64
107 60
101 56
97 56
95 60
82 54
66 39
60 25
60 21
60 27
54 33
46 29
42 23
41 19
41 23
37 29
31 29
27 23
27 15
25 15
25 17
23 19
21 17
23 13
25 11
27 13
27 17
31 19
33 21
37 21
41 23
44 25
48 29
52 31
58 33
62 33
68 35
76 39
82 44
87 46
93 48
101 52
109 58
115 60
123 64
128 68
136 70
142 74
150 78
158 82
166 85
173 87
179 91
185 95
193 99
199 103
207 107
210 109
216 111
220 115
226 117
232 119
236 123
240 125
244 126
246 128
250 132
257 142
251 140
242 123
244 107
253 113
259 128
255 138
251 134
251 123
253 123
251 130
248 138
242 136
240 126
236 119
232 119
226 121
220 119
216 111
212 107
205 103
197 103
193 103
187 101
179 95
173 89
166 87
158 85
152 82
144 78
136 70
130 66
123 66
115 64
107 60
101 54
95 52
87 50
82 46
74 44
70 39
64 35
58 33
52 31
48 29
46 29
41 27
37 23
35 21
33 21
29 21
27 19
25 17
25 15
25 15
25 15
23 17
25 17
27 17
29 19
31 21
31 27
42 33
35 27
33 15
33 9
48 17
60 29
62 37
66 37
74 33
83 39
89 48
95 56
101 58
107 58
115 58
123 62
128 68
134 72
142 72
150 74
158 78
166 83
171 89
179 91
187 93
193 97
199 103
205 109
210 111
216 111
222 113
226 117
230 119
234 121
238 123
242 123
246 126
248 128
250 128
253 130
255 130
255 132
255 132
255 130
255 125
253 130
251 132
250 128
240 128
248 128
244 128
240 125
234 123
232 121
226 121
220 117
216 115
212 113
205 109
191 107
193 103
187 101
181 101
177 105
160 87
146 64
146 58
146 68
140 78
128 76
121 64
115 54
111 54
103 60
97 64
87 56
80 44
74 39
68 39
62 41
58 37
52 29
48 23
44 21
41 25
37 27
33 23
31 19
29 15
27 17
25 19
23 17
25 15
25 15
25 15
25 17
25 17
29 17
31 17
33 19
35 21
39 25
44 27
48 27
52 29
58 33
62 37
68 39
74 39
80 42
87 46
93 50
99 54
107 56
115 60
123 64
128 68
136 70
144 76
150 78
158 82
164 83
173 91
183 99
193 111
193 107
187 95
195 87
208 93
218 105
220 115
224 115
230 115
236 117
242 125
244 130
246 134
248 130
251 126
251 128
253 132
253 134
253 132
253 130
253 128
253 128
251 130
251 132
248 130
246 126
244 126
240 126
236 125
222 123
226 119
218 115
208 113
210 111
205 107
199 105
193 101
185 97
179 95
173 91
166 87
158 83
152 80
144 78
136 74
128 70
123 64
117 62
109 60
101 56
93 54
87 48
83 46
76 44
70 41
64 37
58 33
54 31
48 31
37 27
41 27
39 25
33 25
37 33
19 25
15 5
15 0
23 0
27 13
25 23
23 17
25 9
29 11
31 19
33 29
33 29
35 21
31 17
44 21
48 29
52 33
56 31
62 29
68 31
74 39
80 44
87 48
93 48
93 50
107 56
115 62
123 66
130 68
126 68
142 72
152 78
158 83
166 87
171 87
179 89
185 93
193 99
199 103
205 105
210 107
216 111
220 115
226 117
230 119
236 121
240 123
242 125
244 126
248 126
251 130
253 132
253 130
253 132
255 132
257 134
255 134
253 132
253 132
253 132
255 138
250 138
236 126
228 111
230 105
232 111
228 117
220 117
214 111
212 105
207 105
203 109
193 109
187 103
179 95
173 87
166 87
158 85
150 82
144 76
136 70
130 68
123 66
115 64
109 60
101 54
95 50
80 48
78 46
76 44
70 41
64 35
58 33
54 33
48 31
44 27
41 23
37 21
35 21
31 21
27 19
27 17
25 15
25 15
23 15
25 17
25 17
25 17
27 17
27 19
31 19
35 21
37 23
39 23
44 25
48 27
54 31
58 33
62 35
70 39
76 42
80 44
85 46
99 56
105 68
101 56
101 41
117 41
130 58
140 76
142 82
148 74
158 72
169 80
173 97
179 103
183 99
193 95
199 97
205 105
208 113
214 115
220 111
226 111
230 115
234 121
240 125
236 126
248 126
248 126
1 130
253 132
253 134
255 132
255 130
255 130
255 125
253 132
250 128
251 130
250 130
246 128
242 126
240 125
236 123
232 121
228 119
218 117
216 113
210 111
205 107
199 103
193 101
187 101
179 95
173 91
166 87
156 85
152 82
144 78
136 74
130 70
123 68
117 66
111 66
107 68
91 58
78 42
72 29
74 29
72 35
64 39
56 33
52 27
50 23
48 27
42 33
39 31
33 25
31 17
29 15
27 17
23 19
23 17
23 13
23 11
23 13
25 15
27 19
29 19
31 17
33 19
37 21
41 25
42 27
48 25
52 29
58 31
62 35
68 37
74 39
82 44
87 46
93 48
99 52
109 56
115 60
121 62
128 66
136 70
142 74
150 78
158 82
166 85
171 89
179 93
185 95
193 99
199 103
205 107
210 109
216 111
220 113
226 115
232 119
236 125
240 126
246 130
253 142
246 134
238 117
244 107
253 117
257 132
255 138
253 132
255 125
255 126
255 134
251 138
250 134
242 126
244 123
240 123
236 125
230 125
226 117
220 109
216 109
212 111
205 113
199 107
193 101
187 97
179 95
173 95
166 91
158 83
152 80
144 76
136 74
128 70
123 66
117 62
109 58
101 56
95 52
87 52
82 46
76 42
68 39
64 37
60 35
54 33
48 29
44 27
41 25
37 23
35 23
31 19
29 19
27 17
25 17
23 15
23 15
25 17
25 19
25 19
27 21
35 27
33 29
25 17
25 5
35 5
44 13
48 25
50 29
58 29
64 31
70 35
76 44
82 50
87 52
93 50
99 52
107 56
113 60
121 64
126 64
134 66
142 72
150 78
158 82
164 85
171 87
179 91
185 95
193 101
197 101
203 103
210 107
216 113
220 117
226 119
230 119
236 119
238 123
242 125
246 126
248 128
250 128
251 130
253 130
253 132
255 132
255 132
253 132
253 130
253 132
251 130
248 128
246 126
244 126
236 125
236 125
224 123
228 121
222 117
216 115
212 113
207 111
193 109
199 113
189 109
171 89
162 62
162 66
162 78
156 87
140 82
134 70
130 62
126 64
117 70
109 70
99 60
93 48
87 42
82 46
74 48
68 42
64 33
58 27
54 27
48 31
44 31
41 25
39 21
33 19
31 21
29 21
27 19
25 15
25 13
25 15
23 17
23 17
25 15
27 15
29 15
31 19
33 21
35 21
39 21
44 21
48 27
52 33
58 33
62 35
68 37
74 41
80 44
85 48
93 48
99 52
107 54
113 58
121 64
128 70
136 72
144 76
150 78
160 83
169 91
179 103
173 97
175 87
183 82
197 89
207 101
210 109
214 109
220 109
228 111
232 121
236 128
238 128
242 126
244 123
248 126
251 130
251 132
251 130
253 128
255 128
255 130
253 132
253 132
253 130
251 130
248 128
246 128
244 126
240 126
236 123
230 121
226 117
222 117
216 115
210 111
205 107
199 103
193 103
187 99
179 95
173 91
166 87
160 85
152 82
144 76
136 72
132 70
125 68
115 64
109 60
101 56
95 50
89 48
82 46
76 44
70 41
64 37
58 35
54 33
48 31
44 29
42 31
42 37
31 25
19 5
19 0
27 1
29 17
25 23
21 15
21 5
27 9
29 21
27 29
27 25
31 17
33 15
37 19
39 25
41 27
46 25
52 25
56 27
62 33
68 39
76 42
80 42
85 42
93 48
101 56
107 60
113 60
121 60
126 62
136 70
142 78
150 80
156 80
166 82
171 87
177 91
185 95
193 99
199 99
205 105
208 109
214 113
220 115
226 117
230 119
234 121
240 123
242 126
246 126
248 126
250 128
253 130
253 130
255 132
257 134
255 134
255 134
255 134
259 140
251 138
240 126
236 115
240 111
242 117
236 123
230 121
226 115
222 109
220 113
212 115
205 115
199 109
195 101
189 97
179 95
171 93
164 87
160 82
152 78
144 78
136 76
130 70
125 68
115 62
109 58
101 56
95 54
89 50
82 44
76 41
70 41
64 37
58 35
52 31
48 29
44 27
41 25
37 23
35 21
31 19
29 17
27 17
25 17
25 17
25 17
23 17
23 15
25 17
27 17
29 17
29 17
33 19
37 21
41 23
44 25
48 27
52 29
58 33
62 37
68 39
76 42
85 54
87 56
82 42
87 29
103 35
119 54
125 70
126 72
134 64
144 66
152 76
158 91
164 97
171 91
177 87
185 91
191 99
189 107
203 107
208 105
214 105
220 109
226 117
230 121
234 121
238 119
242 123
246 126
248 130
250 130
251 130
253 130
253 132
255 132
255 132
253 132
253 130
251 130
250 128
250 128
246 128
244 126
240 125
236 123
232 123
226 121
220 117
216 113
212 111
207 111
199 107
193 101
187 97
181 95
175 95
166 91
160 85
152 82
146 78
138 76
132 74
128 74
123 76
103 62
89 44
87 35
87 37
83 44
76 44
68 37
64 31
62 31
56 35
48 37
44 33
41 27
37 21
33 19
31 21
29 21
25 17
25 13
25 11
23 13
25 17
25 17
25 15
27 15
29 17
31 21
33 23
37 23
39 23
42 23
48 25
52 29
58 33
62 35
68 35
74 39
80 42
85 46
93 50
99 52
107 54
113 58
121 62
128 68
136 72
142 74
150 78
158 82
164 85
171 89
179 91
185 95
191 99
197 101
205 107
210 107
216 111
220 113
226 117
232 123
242 132
244 138
236 126
236 109
242 105
1 119
250 132
253 136
253 128
255 125
257 126
257 138
255 142
251 136
250 126
248 125
246 128
242 130
238 126
234 119
230 113
228 115
222 119
216 117
