110000 10000000 23068 90
150 76
146 58
148 62
142 74
132 78
121 68
115 54
109 50
103 56
95 62
85 56
78 46
72 37
64 35
58 37
54 37
48 29
44 21
39 17
37 19
33 23
29 21
27 17
27 13
27 15
25 19
23 19
23 17
25 15
27 15
29 17
33 19
35 23
39 21
42 23
48 25
52 29
58 33
64 37
70 37
76 39
83 44
91 50
99 54
105 54
113 58
123 62
130 68
136 72
144 76
154 80
162 83
169 87
175 93
185 95
193 99
199 103
205 103
214 111
224 121
228 130
222 121
222 107
232 105
242 115
246 125
246 128
248 125
253 123
257 128
255 136
255 138
255 136
255 132
253 128
250 128
248 130
246 130
242 126
238 119
232 119
230 119
224 119
218 115
212 111
207 109
199 107
193 103
185 99
179 95
169 89
162 85
154 82
144 78
136 72
132 70
123 68
115 62
107 60
99 54
91 52
83 48
78 44
70 41
66 37
60 35
54 33
48 29
44 27
41 25
35 23
33 21
29 19
27 19
25 17
25 17
25 17
25 19
25 17
25 17
27 17
29 21
35 27
41 37
35 25
31 9
41 3
52 15
62 35
66 42
68 37
76 33
85 37
95 52
99 64
107 64
113 60
123 58
130 66
138 76
144 78
152 78
162 76
169 83
177 91
183 97
191 99
201 101
207 105
212 111
216 115
224 117
230 119
232 119
236 121
242 123
246 126
250 128
250 128
251 128
255 130
255 132
255 132
253 130
253 128
253 130
251 132
248 130
244 128
242 125
238 125
234 123
228 121
224 117
218 113
212 111
205 107
199 105
193 103
185 99
177 95
169 89
164 87
156 85
152 87
140 83
123 70
113 52
109 46
107 48
99 52
91 52
83 44
78 39
72 39
68 41
60 41
52 35
48 27
44 23
39 25
33 25
31 21
29 17
27 13
25 13
25 17
23 17
25 17
25 15
25 15
27 17
29 21
33 21
35 21
31 21
42 21
46 25
54 29
58 33
64 35
64 37
78 42
85 46
91 50
99 52
107 56
115 60
123 64
128 68
138 72
146 76
154 80
162 82
171 87
179 93
185 97
191 99
199 103
207 107
212 111
218 115
224 117
230 119
234 121
240 125
242 126
251 134
253 140
244 126
242 111
250 111
257 125
257 138
253 138
253 128
253 123
253 128
250 136
246 136
242 128
238 121
234 119
228 121
222 121
216 115
210 107
205 103
197 101
191 101
185 101
177 95
169 87
162 83
154 83
146 82
138 78
128 70
123 64
113 60
105 60
97 54
91 48
83 46
78 42
70 41
64 37
58 33
52 31
48 29
42 27
39 23
35 21
33 19
31 19
27 17
25 17
25 17
25 17
23 17
25 17
27 17
27 17
31 17
33 19
37 21
33 25
44 27
50 31
62 41
60 39
56 31
60 23
76 27
87 39
93 50
97 54
107 52
117 56
126 64
132 74
138 78
146 78
156 78
164 82
169 87
177 93
185 95
193 97
201 99
207 105
212 111
218 113
226 115
230 117
234 121
238 125
242 126
246 126
248 126
251 128
253 130
253 130
255 130
255 132
255 132
253 132
251 132
250 130
248 128
246 126
240 125
238 123
234 123
228 121
222 117
216 113
210 111
205 109
189 105
189 101
183 97
175 93
160 89
160 87
152 82
144 78
128 74
128 70
121 66
115 62
107 60
103 66
91 62
74 41
66 21
66 21
66 31
60 39
50 35
46 23
42 17
41 21
37 31
33 31
29 23
27 15
25 13
25 17
23 19
23 17
23 11
25 9
27 13
29 19
33 23
37 21
41 21
44 23
48 27
54 31
60 35
68 35
72 37
78 41
83 46
93 50
99 54
109 56
117 60
125 64
132 70
138 74
148 76
156 80
156 85
171 89
179 93
185 95
193 99
201 103
191 105
214 109
220 113
224 117
230 119
234 121
238 123
244 126
248 130
250 130
251 130
255 132
257 136
261 144
251 138
244 123
246 113
251 117
251 126
248 130
244 125
242 119
240 119
234 123
228 125
222 123
216 117
210 111
203 105
197 105
189 103
181 97
173 89
167 83
160 83
152 82
144 78
136 72
128 68
121 66
111 62
103 58
97 54
91 50
83 46
76 42
68 39
62 35
56 33
50 31
46 27
42 27
39 25
35 23
31 21
29 19
27 19
25 17
25 17
23 17
23 17
25 17
25 17
27 17
31 17
33 19
37 21
41 23
44 25
52 29
56 31
60 35
3 37
66 41
64 44
87 50
99 62
99 62
99 46
99 39
123 46
134 66
142 80
146 78
154 72
166 76
175 89
183 105
187 107
193 101
201 97
208 103
214 113
218 117
222 115
230 113
236 115
240 123
244 126
248 128
250 126
251 126
251 128
255 134
255 136
255 134
255 132
253 130
253 130
250 132
246 128
244 125
242 125
238 125
232 123
226 119
222 115
216 115
210 111
203 107
197 103
187 99
183 97
175 95
158 89
158 83
144 80
144 78
128 74
126 68
111 64
113 60
105 56
97 54
89 52
83 48
78 46
74 46
68 48
52 37
41 21
39 11
41 11
41 19
35 23
29 19
29 13
29 13
29 19
25 23
23 21
23 15
25 13
27 15
27 19
29 21
33 21
37 19
41 21
44 25
48 29
56 33
62 33
66 35
72 39
80 44
87 48
95 50
101 52
109 54
117 60
125 64
132 68
140 70
150 76
158 82
166 87
171 89
181 93
189 97
195 101
201 105
208 107
214 109
220 111
226 117
230 119
236 121
240 123
242 125
246 126
250 128
251 130
253 132
255 132
253 130
255 132
255 134
253 132
251 132
253 136
253 144
240 134
228 111
228 99
232 107
230 121
220 123
212 113
208 101
205 101
199 107
189 109
181 101
173 89
167 85
158 83
148 83
142 80
134 72
126 64
119 60
111 60
103 58
95 54
87 46
78 44
76 42
70 42
62 39
56 33
46 29
46 25
41 23
37 23
35 23
33 21
29 19
27 15
25 15
25 17
25 17
23 17
23 15
27 15
29 17
31 19
33 21
37 21
41 23
46 25
50 29
54 31
60 33
68 35
74 41
82 44
87 48
95 50
103 54
111 60
119 64
130 74
136 80
132 70
138 62
154 64
167 76
173 89
179 93
187 93
197 95
205 103
210 111
214 117
220 117
226 115
230 115
236 121
240 126
244 126
246 125
248 125
251 126
253 130
255 134
255 134
255 130
255 130
255 132
251 134
250 132
246 128
244 126
240 125
236 123
232 121
226 119
220 117
216 113
208 111
203 107
195 105
189 101
181 97
173 91
166 89
158 85
150 82
142 76
134 72
126 68
119 64
111 60
103 56
95 52
87 48
82 46
74 42
68 39
62 37
56 33
50 31
46 29
41 27
42 33
39 35
25 21
17 1
19 0
27 3
27 19
25 23
21 13
25 7
29 13
31 23
31 31
33 27
35 19
42 17
46 25
50 33
54 35
60 31
68 31
66 35
64 35
87 46
95 50
103 52
111 54
119 62
126 68
134 72
142 76
150 76
158 80
166 85
173 89
181 93
187 97
195 99
203 105
210 111
214 113
220 113
226 115
232 119
236 123
242 125
244 126
248 126
250 126
251 130
253 132
255 132
255 132
255 132
255 130
253 130
251 130
251 130
248 130
244 128
242 126
238 126
238 132
228 128
212 113
205 99
205 93
203 97
195 103
187 101
179 93
173 87
167 85
158 87
150 85
142 82
134 72
126 68
119 64
109 62
101 56
93 50
85 46
80 42
74 41
68 39
62 35
56 31
50 29
46 27
41 25
37 25
33 23
31 19
27 15
27 17
25 17
25 17
23 15
25 15
25 15
27 17
29 19
31 19
35 21
39 21
41 23
46 25
50 29
56 31
62 35
68 37
74 41
82 44
89 48
95 48
103 52
113 56
121 64
128 70
134 72
144 74
152 80
160 85
166 89
177 97
185 105
181 93
185 80
199 82
212 99
218 115
220 119
224 113
234 111
240 121
244 130
244 134
248 130
250 128
251 128
251 130
253 134
255 132
255 130
253 128
251 128
251 130
250 130
248 130
244 126
240 123
236 123
232 123
226 119
218 115
214 111
208 109
203 107
195 105
187 99
179 93
173 91
164 87
156 83
148 80
142 76
132 72
125 68
117 64
111 60
101 56
93 52
87 46
82 46
74 42
66 39
60 37
54 31
50 31
46 27
41 25
37 23
35 23
31 21
29 21
29 23
33 29
25 25
13 11
13 1
21 0
29 9
29 17
29 19
33 15
39 17
44 25
48 33
52 37
58 35
62 33
68 35
74 41
80 46
87 46
95 48
105 50
111 56
119 64
126 68
136 70
144 74
152 78
160 83
160 89
175 91
181 93
189 97
189 101
203 107
208 109
216 111
222 113
220 117
232 119
236 123
242 123
244 125
248 128
250 130
251 132
253 132
255 132
255 132
255 132
255 132
253 130
250 128
250 128
248 128
244 128
240 125
234 123
230 121
224 119
218 117
214 113
208 109
203 109
201 115
187 111
169 87
162 70
162 70
160 80
150 87
138 78
130 64
126 60
121 64
109 70
101 64
93 54
85 44
80 42
72 42
66 42
60 37
54 27
48 23
44 25
39 25
35 23
33 19
33 17
29 19
27 19
25 19
25 17
25 17
25 17
23 17
25 15
29 17
31 19
35 21
39 21
42 25
48 27
52 29
58 33
62 35
70 37
76 41
83 44
91 48
97 52
105 54
113 58
121 64
128 68
136 72
144 76
152 80
160 82
169 87
177 91
183 95
191 99
199 103
207 111
216 119
214 117
210 107
218 101
232 105
238 117
240 125
244 125
248 123
251 125
255 132
255 138
255 138
255 134
255 130
253 130
251 132
251 132
248 130
246 125
242 123
240 123
234 123
230 121
224 117
220 113
214 111
207 111
201 107
193 103
185 97
179 93
171 91
162 87
156 83
148 78
140 76
130 70
125 68
117 64
109 60
101 56
93 50
85 48
80 44
72 42
66 39
60 35
54 33
48 29
44 27
41 25
35 21
33 19
31 19
27 19
27 17
25 17
23 17
23 17
25 19
25 19
29 21
35 29
31 27
25 11
27 0
41 5
50 23
54 35
56 33
64 29
72 31
80 42
83 54
91 56
97 52
105 52
113 56
121 64
128 72
136 72
144 72
152 76
162 82
167 87
177 93
183 95
191 97
199 101
205 107
210 111
218 113
222 115
228 115
234 119
238 123
242 125
246 126
248 128
251 128
251 130
253 132
255 132
255 132
255 132
255 132
253 132
251 130
250 128
246 126
242 126
240 125
234 123
228 119
226 117
218 115
214 113
207 111
201 107
191 101
187 101
179 99
171 95
167 95
160 95
142 83
128 64
123 54
123 54
117 58
107 60
97 52
91 46
87 44
82 48
66 48
66 44
58 35
54 29
48 27
42 27
41 27
37 23
33 19
29 15
27 15
27 17
25 17
23 15
25 15
25 15
25 17
27 19
29 19
31 19
35 19
31 21
42 25
48 27
52 29
58 31
64 35
70 39
76 41
83 42
91 46
99 50
107 56
113 60
123 64
130 66
138 72
144 76
154 80
162 83
169 85
177 91
185 95
193 101
199 105
205 107
212 109
218 113
224 117
230 121
234 123
242 128
248 138
242 130
238 115
242 107
253 117
257 132
255 136
253 132
255 126
257 126
255 134
251 140
248 136
246 128
242 123
238 123
232 125
228 123
224 117
218 111
210 107
205 105
201 107
193 105
185 99
177 91
171 89
164 89
154 85
144 78
138 74
132 70
123 68
115 64
105 58
99 54
91 50
83 46
76 42
70 41
66 39
58 35
52 31
48 31
44 29
39 25
31 23
31 21
29 19
27 19
25 17
25 15
25 15
25 15
25 17
25 17
27 17
29 17
33 21
37 23
41 27
48 33
52 39
48 31
46 19
58 17
72 27
80 39
82 44
89 44
99 46
109 54
115 62
123 70
130 74
138 74
146 74
154 80
162 83
169 89
177 91
183 91
191 95
199 101
207 107
212 109
218 111
224 113
230 119
234 123
238 125
242 125
246 125
250 126
251 130
253 132
255 132
255 130
255 125
253 130
253 132
253 132
251 130
240 128
246 126
244 126
234 125
224 123
228 119
220 117
218 115
203 113
205 107
199 105
193 103
185 99
177 95
162 89
162 85
154 83
146 80
130 76
130 72
123 68
121 72
111 74
93 58
80 35
78 25
80 31
74 42
64 42
56 31
52 23
52 25
46 31
41 37
35 29
31 19
29 13
27 15
25 21
25 19
23 15
23 9
25 11
25 15
27 19
29 19
33 19
37 19
31 23
42 25
48 29
54 29
60 31
64 35
72 39
78 42
85 46
91 46
99 52
107 56
115 62
123 64
130 68
138 70
146 78
154 82
162 85
169 87
179 89
185 95
193 99
191 103
189 103
214 109
218 113
224 117
228 119
234 119
240 123
244 126
246 128
250 132
253 132
259 140
255 140
246 128
246 117
250 115
255 123
253 128
250 130
248 125
248 123
244 125
240 128
236 128
228 126
222 119
216 113
212 111
205 111
197 107
189 99
183 93
177 89
169 89
160 87
154 82
146 78
138 74
130 70
121 68
113 64
107 58
99 54
89 50
82 48
76 44
70 41
64 37
58 35
52 33
48 29
42 27
37 23
35 21
33 21
29 19
25 17
25 15
25 15
25 17
23 17
25 17
27 17
29 17
31 19
33 21
35 23
39 23
44 25
50 29
54 33
60 35
66 39
72 41
83 50
89 60
85 48
87 33
103 33
117 50
126 70
130 74
136 68
148 68
160 78
158 91
171 99
177 97
187 93
193 95
191 103
189 111
205 111
218 109
224 111
228 115
234 121
240 125
244 125
248 125
248 126
251 130
253 132
253 132
255 132
255 130
255 130
253 130
253 132
250 130
248 128
246 126
242 126
238 125
232 123
228 119
222 117
216 113
210 109
205 107
199 105
191 101
183 97
175 93
167 89
160 85
152 82
144 78
136 74
128 70
121 66
111 60
105 60
99 56
91 54
83 52
83 56
70 48
54 33
46 17
48 13
50 21
44 27
37 25
33 17
33 15
33 19
29 23
25 23
23 17
25 15
25 15
23 17
23 17
27 17
31 17
33 17
35 17
41 21
44 25
50 27
54 29
60 33
66 37
72 41
80 44
85 44
93 48
101 52
109 56
115 60
125 64
132 68
140 72
148 78
154 80
164 83
173 89
179 91
187 95
195 101
203 105
207 109
214 111
218 113
226 115
230 119
236 123
238 123
244 125
248 126
0 128
251 130
253 130
255 125
255 132
255 132
255 134
255 136
259 144
251 142
234 121
234 105
240 107
240 121
234 128
224 121
220 109
218 105
212 111
207 117
197 113
189 103
179 93
175 91
166 91
158 89
150 78
142 72
134 68
128 68
119 68
111 62
103 56
97 50
89 48
83 48
76 46
68 41
62 37
58 33
52 31
46 29
42 27
37 23
35 19
31 19
29 19
27 19
25 17
23 17
23 15
23 15
25 17
27 17
27 17
31 19
33 21
37 19
41 23
46 27
52 29
54 33
60 35
68 37
74 41
82 44
87 46
93 50
103 54
113 62
125 76
121 70
121 60
132 54
148 64
158 76
164 87
169 87
179 87
189 91
197 101
201 109
207 113
214 113
220 113
226 115
230 121
234 123
240 125
242 123
246 123
250 126
251 130
253 130
255 130
257 130
255 132
253 134
253 132
253 130
250 130
248 128
244 128
242 125
236 123
232 121
226 117
222 117
216 115
210 111
203 107
197 103
189 99
183 97
175 93
166 89
158 83
152 80
144 78
134 74
126 70
119 64
113 60
103 58
97 54
89 50
82 46
76 44
68 41
62 35
56 31
54 33
50 35
48 41
35 31
23 9
23 0
27 3
29 17
27 23
23 17
23 7
25 9
29 17
29 27
29 27
29 19
33 15
37 19
33 25
44 29
48 27
54 25
60 27
66 35
66 42
66 44
87 46
95 48
95 52
109 58
117 64
0 68
134 68
140 72
148 76
156 82
166 85
173 89
181 91
189 95
195 101
203 105
208 107
214 111
220 113
226 115
230 119
236 123
240 125
244 126
248 126
250 126
251 130
253 132
255 132
253 132
255 132
255 132
253 132
251 132
251 130
248 130
246 130
246 134
240 134
226 123
216 107
216 99
216 101
210 107
201 107
193 99
191 93
185 95
175 97
167 97
158 89
150 80
142 76
134 74
126 72
117 66
111 58
103 52
95 50
87 48
80 46
76 42
70 39
62 35
56 33
50 33
46 29
42 25
37 21
33 19
33 21
29 21
25 17
25 15
25 15
25 15
23 17
25 17
25 17
29 17
31 19
33 21
35 21
41 25
46 27
50 29
54 31
62 33
68 37
74 41
82 44
87 46
93 50
103 52
111 60
119 62
126 66
134 70
142 76
150 80
164 91
171 99
167 91
167 76
181 74
197 89
207 109
208 115
212 109
220 105
230 113
234 126
236 134
240 128
244 123
246 123
248 126
250 130
253 132
255 130
255 126
255 128
253 132
253 134
251 132
250 128
248 125
244 126
242 126
236 125
230 121
226 117
222 115
214 115
208 111
201 107
195 103
189 99
181 97
173 93
166 87
158 83
150 80
142 76
134 74
126 70
119 64
111 60
103 56
95 54
87 50
80 46
72 42
68 39
62 35
56 33
50 31
46 29
41 27
37 23
33 23
35 25
37 31
29 29
17 13
13 0
21 0
25 7
27 17
25 17
25 11
31 11
37 17
41 29
42 33
46 31
50 29
56 29
62 35
66 41
74 42
80 42
87 42
95 46
95 54
111 60
119 62
0 64
128 68
144 76
150 80
158 82
166 85
175 89
181 95
189 99
195 101
203 103
210 107
214 111
220 113
226 117
232 119
236 123
240 125
236 125
248 126
1 130
251 130
251 130
255 130
255 125
255 132
253 132
251 130
253 130
250 130
248 130
242 126
240 125
236 123
230 121
226 119
220 117
216 117
214 121
203 119
183 95
177 78
179 76
175 89
167 95
156 87
148 74
142 68
136 72
128 78
119 76
109 62
101 52
95 48
87 50
80 50
64 44
66 35
60 29
56 29
50 31
44 29
41 25
37 21
35 21
31 21
29 19
27 19
25 17
25 15
23 15
23 15
25 17
27 17
29 17
31 17
33 21
39 23
42 27
46 27
52 27
56 31
62 35
68 39
74 41
82 44
89 46
95 50
103 54
113 58
121 64
128 66
136 70
144 74
152 78
158 82
169 87
175 91
183 95
193 103
203 111
201 109
199 99
207 93
220 101
228 113
232 119
236 121
240 119
246 121
250 128
251 136
251 136
251 132
255 130
255 130
255 134
253 134
251 130
250 126
250 125
248 126
244 128
240 125
236 121
232 119
226 119
220 119
214 115
208 109
201 105
195 101
187 99
179 95
173 93
164 87
156 82
148 80
142 76
132 72
125 68
117 62
109 58
101 54
95 52
87 50
80 46
74 42
66 39
60 35
54 31
50 31
46 29
41 27
35 23
35 21
31 21
29 21
25 19
25 17
25 19
25 19
25 21
31 31
25 23
17 5
15 0
33 3
33 21
42 31
44 29
52 23
58 25
66 35
62 46
76 48
82 44
89 42
97 46
95 56
111 60
119 62
126 62
134 64
140 64
150 80
156 83
162 85
175 89
183 95
189 99
189 105
203 107
208 107
216 109
222 115
220 119
232 121
236 121
242 123
246 126
248 128
250 128
251 130
253 130
253 132
255 132
253 132
255 132
253 130
251 130
248 128
248 128
244 128
240 125
234 123
230 119
224 117
220 117
214 115
207 111
201 107
195 103
189 101
185 105
175 103
158 89
146 70
142 62
140 64
134 70
125 70
115 62
109 54
103 52
97 56
87 56
78 50
72 41
68 37
60 33
52 33
48 31
44 27
39 23
35 19
33 19
29 21
29 19
27 17
25 15
23 15
23 17
25 17
25 17
27 17
29 17
31 19
35 21
37 21
42 23
48 27
52 29
58 33
62 35
70 37
78 42
83 46
89 50
97 52
97 54
113 60
121 64
3 66
128 70
128 76
152 78
160 82
167 87
177 93
183 95
191 99
197 101
205 105
210 109
218 115
222 117
230 125
238 134
232 123
230 107
240 103
250 119
253 134
250 134
251 126
255 121
259 130
257 140
250 144
253 136
251 126
250 125
171 128
242 130
238 126
234 119
228 115
224 115
218 115
205 113
207 109
193 103
195 101
187 99
177 97
171 91
162 83
156 80
148 78
138 76
130 72
123 66
117 60
107 58
99 54
93 52
85 48
78 44
72 41
64 37
60 35
54 33
48 29
44 27
41 25
37 23
33 21
29 19
27 17
27 17
25 17
23 17
23 15
25 15
25 17
27 19
29 19
33 23
42 33
39 31
33 21
37 11
48 13
60 23
64 35
68 37
74 35
83 37
95 46
101 58
105 62
113 62
121 62
130 64
136 72
144 78
152 80
158 78
167 83
175 87
183 95
191 99
199 103
205 105
212 109
216 113
222 117
228 119
234 119
234 121
240 125
236 126
248 126
251 130
253 130
253 130
255 132
255 132
255 134
253 132
251 132
251 130
250 128
246 128
242 126
238 123
234 121
230 119
224 119
218 115
212 111
208 109
199 105
193 101
185 99
177 95
171 91
164 87
156 83
140 80
140 78
128 83
125 78
97 56
97 35
97 35
95 46
85 54
76 48
70 37
66 29
62 35
54 41
48 39
44 31
39 21
35 17
33 21
29 23
25 19
25 11
25 11
25 13
23 17
23 19
25 17
29 17
29 17
31 19
35 21
39 23
44 27
46 27
52 29
58 33
64 37
72 39
76 42
83 44
91 48
99 52
105 56
113 58
121 62
130 68
138 74
144 78
154 80
162 83
162 87
177 91
185 95
191 99
191 101
189 105
212 109
218 111
224 115
220 119
234 123
238 125
236 126
0 134
253 140
246 132
242 119
248 113
255 119
257 128
255 132
251 130
253 126
253 126
251 130
248 134
242 132
238 125
234 119
228 119
222 119
216 117
210 109
205 103
199 101
193 101
185 99
177 93
169 89
162 85
154 82
146 80
138 76
130 72
123 66
113 62
107 58
99 56
91 52
83 48
76 42
70 39
64 37
60 35
52 33
48 29
44 27
39 23
37 23
33 21
29 19
27 17
25 15
25 15
25 15
25 17
25 15
25 15
29 17
29 19
33 21
37 15
41 23
44 25
48 29
54 33
0 39
70 48
68 42
66 27
76 21
91 33
103 54
109 64
113 60
123 56
7 62
142 76
146 78
152 85
162 82
171 83
177 91
185 99
191 103
199 103
207 101
212 107
218 111
224 117
228 119
234 119
238 121
242 123
246 128
250 130
251 128
251 128
253 130
255 132
255 132
255 132
253 130
253 130
251 128
248 128
246 128
244 126
238 125
234 123
228 119
224 119
218 115
212 113
205 107
197 103
193 99
185 97
177 95
167 91
162 87
154 83
146 80
138 76
130 72
123 68
115 64
109 62
105 64
93 62
76 46
68 31
66 23
66 27
60 33
52 31
44 25
42 19
42 21
39 29
33 29
29 25
27 17
25 15
25 17
21 19
21 17
23 13
25 11
27 13
29 17
31 19
35 19
41 23
44 25
48 29
54 33
60 35
66 37
72 39
78 42
85 46
91 50
99 50
107 54
115 60
123 64
130 68
138 72
148 76
125 80
162 78
169 87
179 91
185 93
193 97
193 103
191 107
212 111
218 113
224 115
222 119
234 121
240 123
242 125
246 126
0 128
251 130
253 132
253 132
255 132
261 142
259 146
246 128
240 109
248 107
251 123
248 134
240 130
234 119
234 113
232 117
224 125
216 125
210 115
205 105
199 101
191 101
183 103
175 95
167 87
160 80
152 80
146 80
136 78
130 70
121 64
113 60
107 60
97 56
89 52
83 46
76 41
70 39
62 37
56 35
52 33
48 29
42 27
39 23
35 23
33 21
29 19
27 17
25 15
25 15
23 17
23 15
25 15
25 15
27 17
29 19
31 21
37 21
41 23
44 25
48 27
54 31
60 33
68 37
72 42
80 46
89 52
101 60
99 60
97 50
107 44
123 48
134 62
140 72
144 76
154 76
166 78
173 87
181 99
185 103
193 103
201 101
207 105
212 111
218 115
222 115
228 115
234 117
240 123
244 126
246 128
250 126
251 128
253 130
255 132
255 134
255 130
255 130
253 130
251 130
250 130
248 128
246 126
242 125
238 123
232 121
228 119
224 117
216 113
210 109
203 105
199 103
191 103
183 99
175 93
167 89
160 85
152 82
144 78
136 74
128 70
121 66
113 62
105 58
97 54
89 50
82 46
76 44
72 41
64 41
64 46
50 39
37 17
33 1
37 5
39 19
35 27
27 21
25 11
27 9
27 17
25 27
25 25
23 17
25 9
27 11
29 19
31 23
33 21
41 19
44 19
50 25
54 33
60 35
66 37
74 37
80 42
83 46
91 50
101 54
109 56
117 60
125 64
132 70
140 74
148 76
156 80
164 83
173 89
181 93
187 97
193 99
201 103
208 107
214 111
218 115
226 117
230 119
236 121
240 123
244 125
246 126
250 126
251 130
253 130
255 132
255 134
255 134
255 134
255 132
255 134
255 138
251 138
238 126
230 113
232 107
234 111
228 117
220 115
214 109
210 103
207 103
199 109
191 109
183 103
173 91
166 83
160 85
152 85
142 80
134 72
126 64
121 62
111 62
103 58
95 54
89 48
82 44
76 42
68 41
62 37
58 33
52 31
46 29
42 25
39 23
35 21
31 19
29 17
27 17
25 15
25 17
23 15
23 15
25 15
27 15
27 17
31 19
33 19
37 21
41 23
44 25
50 29
56 31
60 33
66 37
74 39
80 42
87 46
95 50
101 52
109 56
119 62
126 68
134 76
146 87
142 76
144 60
160 62
175 80
183 97
187 103
193 95
201 91
210 103
216 119
220 125
224 121
230 115
236 117
240 125
242 130
244 128
248 125
251 125
253 126
253 130
255 132
257 132
255 132
253 130
251 132
251 132
248 132
244 128
240 125
236 123
232 121
226 119
220 117
216 111
210 109
203 107
195 103
189 99
183 97
175 95
166 89
158 83
150 80
144 76
136 74
126 70
119 64
113 62
103 58
95 54
87 50
82 46
76 42
70 41
62 39
56 33
52 33
48 29
44 29
44 33
35 29
21 15
19 3
15 0
29 9
25 17
21 17
15 11
27 11
29 17
29 25
31 27
33 21
37 19
33 23
44 27
48 29
54 31
60 29
68 33
64 37
80 42
87 46
95 50
103 52
109 56
119 62
126 68
134 72
140 74
148 74
158 80
166 87
173 91
179 91
187 93
197 99
203 105
208 109
214 111
220 113
226 117
230 119
236 123
240 123
244 126
248 126
250 128
251 130
253 130
255 132
255 132
255 132
255 132
253 132
251 130
251 130
248 130
244 130
242 126
238 125
232 125
232 130
220 126
205 103
199 85
201 87
199 101
191 107
179 97
173 85
169 80
162 85
152 89
142 85
134 74
126 64
117 60
109 60
103 60
95 54
87 46
80 41
74 41
68 41
62 37
56 35
50 29
46 27
42 27
37 25
33 21
31 17
29 17
27 17
25 17
25 15
25 15
25 15
25 15
25 15
27 17
29 17
35 19
37 23
41 25
46 27
50 29
56 31
60 33
5 37
66 41
64 42
87 46
95 50
95 54
111 58
119 62
126 66
126 70
144 74
150 78
158 82
171 91
181 103
175 97
177 85
189 82
203 91
212 107
214 113
218 111
228 111
234 115
238 125
242 130
244 132
248 128
250 126
251 128
251 132
253 134
255 130
255 128
253 126
253 130
251 132
250 130
246 126
244 126
240 125
236 123
232 123
226 119
222 117
214 113
208 109
201 107
195 103
189 99
181 95
173 93
166 87
158 85
150 82
140 76
134 72
126 70
119 64
111 60
101 56
95 52
87 50
80 46
74 42
66 37
62 35
56 33
50 31
44 29
42 25
39 23
35 23
31 21
29 21
27 19
29 23
29 29
19 19
3 0
17 0
27 3
31 19
31 25
33 19
37 13
44 17
50 31
52 41
54 39
60 31
68 31
76 39
80 48
87 50
95 48
103 48
111 52
119 62
126 68
134 70
142 72
152 76
160 83
166 87
175 91
183 93
189 95
195 99
203 103
210 109
214 111
220 113
226 115
232 117
238 123
242 125
244 126
248 126
251 128
253 130
251 130
255 130
255 132
255 132
253 132
253 130
251 130
250 130
248 128
244 126
240 125
236 123
230 123
226 119
220 115
216 115
212 115
208 117
195 111
179 95
169 80
169 76
166 80
158 83
140 80
138 72
134 66
128 68
113 70
111 68
93 60
95 50
80 46
80 46
64 44
64 39
58 31
54 27
50 29
44 27
41 25
37 21
35 19
33 21
27 19
27 19
25 17
25 17
23 15
23 15
25 17
27 17
29 17
31 17
35 19
31 21
41 25
46 27
50 29
56 31
62 33
68 37
74 41
82 44
89 48
95 52
103 56
113 58
121 62
128 68
134 70
142 74
152 78
160 82
167 85
175 91
183 95
191 99
199 103
205 107
216 121
216 123
212 109
216 95
228 99
240 117
242 128
244 128
246 123
1 121
255 128
255 140
255 140
255 126
255 128
255 128
251 132
250 134
248 128
246 123
242 121
240 123
236 125
230 121
226 119
220 115
214 111
207 111
201 109
193 103
185 97
179 91
173 91
166 89
156 85
148 80
142 74
134 72
125 68
115 64
109 58
101 54
95 52
85 48
80 44
74 41
68 39
60 35
54 33
50 29
46 29
41 25
37 23
33 21
31 19
27 17
27 17
25 17
25 17
25 17
25 19
29 21
35 29
25 23
19 11
25 1
37 7
44 19
46 29
48 29
56 27
66 29
72 39
78 46
82 50
89 48
97 48
105 52
111 58
117 62
0 66
128 68
144 64
150 78
125 82
160 87
177 89
183 93
189 97
189 103
189 107
210 109
216 111
222 115
220 119
232 121
236 123
242 123
244 126
248 128
250 130
251 128
253 130
255 130
250 134
255 134
253 132
253 130
251 130
250 130
248 128
242 126
238 125
234 121
230 119
224 117
220 117
214 113
207 109
201 105
195 105
187 101
179 97
171 91
167 93
162 97
144 83
126 58
125 48
125 54
119 66
109 66
99 54
93 44
87 42
82 48
64 50
66 44
58 35
52 25
48 25
44 29
39 29
35 23
33 15
29 13
29 17
27 19
25 19
23 15
23 13
23 13
27 17
27 21
29 19
33 17
35 19
39 23
42 25
46 29
52 29
56 31
62 33
70 39
76 42
83 44
89 48
97 48
105 54
113 60
121 64
128 68
136 70
144 76
152 80
158 82
169 85
177 91
183 97
191 99
199 101
207 105
212 111
216 115
222 117
230 121
240 130
240 132
232 123
234 111
244 111
251 121
253 130
251 130
253 126
257 126
257 128
255 134
253 136
253 134
250 128
246 125
242 125
238 126
234 125
228 119
222 113
218 111
212 111
207 111
199 107
193 101
187 97
179 95
171 93
162 87
156 83
148 78
138 74
130 70
123 66
117 64
109 60
99 56
91 52
85 48
80 46
72 42
64 39
60 35
54 31
48 31
44 27
41 25
33 21
33 19
31 19
27 17
25 17
25 17
23 15
23 15
25 15
25 17
27 17
29 19
33 21
37 23
41 25
46 35
50 31
44 25
46 11
58 13
72 29
80 46
83 48
89 44
99 42
109 52
117 66
123 74
128 72
136 68
144 68
154 78
162 85
167 89
175 87
185 87
191 95
197 103
205 107
212 109
218 111
224 113
228 119
234 121
240 123
242 125
244 126
248 126
251 128
253 130
255 130
255 132
255 132
255 132
253 132
253 130
250 128
250 128
248 128
242 126
238 125
234 121
228 119
222 117
218 115
212 113
207 109
201 105
193 101
185 97
177 95
169 89
162 85
156 83
148 80
140 78
134 76
128 78
111 68
97 50
89 39
91 37
85 42
78 44
70 39
64 31
62 29
56 33
50 35
44 33
39 27
35 19
33 19
29 21
25 21
23 15
25 11
23 11
25 13
23 17
25 15
27 15
29 17
31 19
35 21
39 23
42 25
48 25
52 29
58 33
64 37
70 39
76 41
83 42
91 48
99 54
107 58
115 58
123 62
130 68
138 72
146 76
154 80
162 82
169 87
177 91
185 95
191 99
199 101
207 105
212 109
218 113
224 117
230 119
234 121
238 123
242 126
246 128
250 130
251 132
257 142
251 138
244 121
246 107
3 115
250 130
253 138
250 130
248 121
248 119
246 128
240 128
232 130
228 121
224 113
218 113
210 115
203 111
197 103
193 97
185 95
175 93
169 91
162 87
154 82
146 76
136 72
130 72
123 68
115 64
105 58
99 52
91 50
83 48
76 44
70 41
64 37
60 33
52 31
48 29
42 25
39 21
37 23
33 21
29 21
29 19
27 17
25 17
23 17
25 17
25 15
25 15
27 15
29 17
33 19
35 23
39 23
42 25
48 27
54 33
60 37
70 44
76 48
72 41
74 31
85 33
101 42
109 54
113 60
121 60
132 62
140 70
148 80
154 87
162 87
171 87
177 89
185 95
191 101
197 101
205 103
214 107
218 111
224 115
230 119
236 121
238 123
242 125
246 126
250 130
251 130
251 130
255 130
255 132
255 132
253 132
253 130
253 130
251 128
248 128
244 128
242 125
238 123
234 121
230 121
224 119
218 115
212 111
205 107
199 107
191 103
183 99
177 95
169 89
162 85
154 82
146 80
138 76
130 70
123 66
113 62
105 58
99 56
91 54
85 54
82 56
62 39
52 17
52 11
54 21
50 33
41 31
37 21
35 13
35 17
31 25
27 27
25 23
25 15
25 9
21 13
25 19
25 21
27 17
29 13
33 15
37 21
41 27
42 25
48 23
54 27
60 33
64 39
72 41
80 42
85 44
93 48
99 52
107 56
117 60
123 64
130 66
138 70
148 76
156 82
164 85
169 87
177 89
185 95
195 101
201 105
207 107
212 109
218 111
224 115
230 119
234 121
240 125
244 125
246 126
250 128
251 132
253 132
253 132
255 130
250 134
263 144
253 140
242 126
242 115
246 115
248 123
242 126
236 123
232 117
230 115
224 117
216 119
210 117
205 109
197 103
191 99
183 99
175 97
167 89
160 82
152 78
144 76
136 74
128 70
119 62
115 58
105 58
97 56
89 52
83 46
76 42
70 41
64 37
56 35
52 31
46 27
42 25
37 21
35 21
33 21
29 19
27 17
25 15
25 15
25 15
25 17
25 17
25 17
27 17
29 19
33 19
35 21
41 23
44 25
48 27
54 29
60 33
66 37
72 39
78 41
87 46
95 52
101 56
113 68
117 70
115 56
123 46
136 54
150 72
158 85
162 87
169 82
181 83
189 95
195 107
201 111
207 109
212 107
218 109
224 117
230 123
234 123
238 119
242 119
246 125
250 130
251 130
253 130
255 130
255 130
255 132
255 134
253 134
251 130
250 126
248 126
246 128
242 126
236 123
232 119
228 119
222 117
216 115
210 111
205 107
197 103
189 101
183 97
175 93
167 89
160 85
150 80
144 76
136 74
128 70
119 66
113 60
105 58
97 56
89 52
83 48
68 44
70 42
66 41
60 41
58 42
42 33
31 15
29 5
33 9
33 15
29 19
25 17
25 11
25 11
27 17
25 21
25 23
25 19
27 13
31 15
33 21
35 25
39 23
44 21
48 23
54 29
58 33
66 37
74 39
80 42
85 46
93 50
101 54
111 58
117 60
123 64
132 68
140 74
148 76
156 80
166 83
173 89
179 93
187 97
195 99
203 103
208 107
214 111
220 113
226 115
230 119
236 121
240 123
244 125
248 126
250 126
251 130
253 132
255 132
255 132
255 132
253 132
253 130
253 132
251 134
248 132
246 132
246 138
234 130
220 109
218 95
222 101
220 115
210 117
201 107
197 95
193 95
185 99
173 101
166 93
160 83
152 78
142 78
134 76
126 72
119 64
111 58
103 54
95 52
89 52
83 46
76 42
68 37
64 37
58 35
52 33
44 27
41 23
39 23
35 23
31 23
27 19
27 15
27 15
25 15
21 15
25 15
25 15
27 17
29 17
29 19
33 21
37 21
39 23
44 25
50 29
54 33
60 35
66 35
66 39
64 44
87 48
95 50
93 54
111 58
119 62
126 68
126 72
148 80
154 87
150 80
154 72
167 72
181 82
189 95
193 101
201 101
208 101
216 107
222 117
224 123
230 123
236 121
240 121
244 125
246 128
250 130
251 128
251 126
253 128
255 132
255 134
253 130
253 128
253 128
251 130
248 130
244 128
240 125
238 123
232 121
226 121
220 117
214 111
208 109
201 105
197 103
189 101
181 97
175 93
166 87
158 83
152 82
144 80
126 74
126 68
119 64
111 60
103 58
95 54
87 50
82 44
76 42
68 41
62 37
56 35
50 31
46 29
41 25
37 23
35 23
37 31
33 35
19 17
13 0
19 0
25 5
27 21
25 23
25 13
29 7
33 13
35 25
37 33
41 29
44 23
50 21
54 29
62 37
68 42
72 39
80 37
87 41
95 48
103 56
111 60
119 60
126 62
134 68
142 74
150 80
158 83
166 83
173 87
181 93
189 97
187 99
203 103
208 107
214 111
220 115
218 117
232 119
236 121
240 123
242 125
246 126
251 130
251 132
253 132
255 132
255 132
255 132
255 132
253 132
251 130
250 130
248 128
244 126
240 126
236 125
232 121
230 123
228 126
214 123
199 105
193 91
193 87
189 93
181 95
171 91
166 83
160 80
152 80
144 82
136 80
126 72
119 64
109 58
103 58
95 56
85 50
80 41
70 37
68 35
64 39
56 37
50 31
46 27
42 25
39 25
33 23
31 21
29 17
27 15
25 15
23 15
23 17
23 17
25 15
25 15
27 15
31 19
35 21
37 23
41 23
46 25
50 29
56 33
60 35
68 37
76 41
80 42
87 46
95 48
103 54
113 58
119 62
126 66
134 70
142 76
150 80
158 82
166 85
175 91
183 97
193 109
197 111
193 97
199 85
212 91
224 109
228 123
230 121
236 115
242 117
248 126
248 138
0 138
251 132
253 126
255 128
255 126
253 136
253 130
253 126
251 125
250 128
248 130
244 130
240 125
236 121
232 119
226 121
220 119
214 115
208 109
201 105
195 103
189 101
181 97
171 91
166 85
158 83
150 80
142 76
134 72
126 68
119 64
111 60
101 54
95 52
89 50
80 46
74 42
68 39
62 35
56 33
50 31
44 27
41 23
37 23
33 21
31 21
29 19
27 19
27 19
27 21
31 29
21 21
13 5
17 0
27 1
33 13
35 23
35 23
41 19
48 21
54 29
58 39
62 42
68 39
76 39
82 42
87 48
95 52
103 54
111 54
119 58
126 64
134 70
142 76
150 78
158 80
164 83
175 89
183 97
189 99
195 101
203 103
210 107
216 111
220 115
226 117
232 119
236 121
240 125
244 126
248 128
250 128
251 130
253 130
253 130
255 132
255 132
253 130
253 130
253 130
250 130
248 130
244 128
240 125
236 123
230 121
226 119
220 115
207 113
208 109
193 107
195 105
189 105
185 109
169 97
152 72
148 58
150 66
144 78
126 80
123 68
117 56
113 54
105 60
95 62
85 54
80 44
74 37
66 37
60 39
54 37
48 31
44 23
41 19
37 21
33 23
29 23
27 15
25 13
27 15
25 19
23 19
23 17
25 15
27 15
29 17
29 19
33 19
39 21
42 23
46 27
50 29
58 33
64 35
70 37
76 39
82 42
89 48
97 52
103 52
111 56
121 62
128 68
134 72
142 74
152 78
160 82
167 87
175 91
183 95
191 97
197 101
205 107
212 111
222 119
226 125
218 115
220 105
234 107
244 117
246 126
246 128
248 126
253 125
255 130
257 136
255 138
255 134
255 130
255 130
251 132
248 132
246 130
242 125
240 121
234 119
230 121
226 119
218 113
212 109
208 109
201 107
193 103
187 99
179 95
171 91
164 89
156 83
148 80
140 74
132 72
125 68
115 62
109 58
101 54
93 52
85 48
80 44
72 41
66 37
60 35
56 35
50 31
44 27
41 23
37 21
35 21
31 23
27 19
25 17
25 15
25 15
25 17
25 17
25 17
27 17
29 19
33 25
39 35
31 23
31 3
42 3
54 19
60 37
64 41
68 35
76 31
83 39
93 54
97 64
95 62
111 56
117 56
3 66
128 76
142 78
150 76
160 76
167 83
175 91
183 99
191 99
189 99
205 103
210 109
216 115
222 117
228 117
232 117
236 121
242 125
246 128
250 128
250 128
251 128
253 130
255 134
255 134
255 132
253 130
253 128
251 130
250 130
246 128
244 126
240 125
236 123
228 121
224 119
218 115
214 111
207 109
199 105
193 103
187 99
179 97
171 91
164 89
160 87
156 89
140 83
123 66
115 50
113 46
109 52
101 54
91 52
85 44
80 39
74 41
68 44
60 42
54 37
48 29
44 25
41 25
35 25
33 21
29 17
27 13
25 15
25 17
23 17
23 15
25 15
25 17
27 19
29 19
33 21
35 21
39 23
42 23
46 27
52 31
58 33
64 35
70 37
76 41
83 44
89 48
97 50
107 54
115 60
121 64
128 68
138 72
146 76
154 80
160 83
167 87
177 91
183 93
191 97
199 103
207 107
210 109
218 113
224 115
228 119
234 121
238 125
242 126
250 134
251 140
242 125
242 111
250 111
259 126
257 138
253 136
253 126
255 123
253 128
250 136
244 136
242 130
240 121
236 119
228 121
224 121
216 115
212 107
207 103
199 105
193 103
185 101
179 95
171 89
164 85
156 83
146 80
138 76
130 68
123 64
115 62
107 58
99 56
91 50
85 46
78 44
72 42
64 39
58 33
54 31
50 29
44 29
39 25
37 23
33 21
29 19
27 17
25 17
25 17
23 15
23 15
25 15
25 17
27 17
29 17
33 19
37 21
41 25
44 27
50 33
58 41
56 39
52 27
62 21
76 27
85 39
91 48
97 50
105 50
117 54
125 64
130 74
138 78
146 78
154 78
162 82
169 87
175 91
183 95
191 97
197 99
205 103
212 109
218 113
224 115
220 115
234 117
240 123
244 126
246 128
248 126
251 126
253 130
253 130
253 132
255 132
255 132
253 130
253 130
251 130
250 130
246 128
242 126
238 123
234 121
230 121
224 119
218 115
212 111
205 107
199 105
193 101
185 99
179 95
169 91
162 87
154 83
146 80
138 76
130 72
123 68
115 64
109 62
105 68
89 60
72 35
68 19
72 23
70 39
60 42
50 33
46 21
46 19
42 27
37 33
33 29
29 21
27 13
25 11
25 17
23 19
23 17
23 11
25 11
29 15
29 21
31 23
35 21
39 19
44 21
48 29
52 33
58 33
64 35
70 37
76 41
83 44
93 50
99 52
105 54
115 60
123 64
130 68
138 72
146 76
154 78
162 82
169 87
179 93
185 95
193 99
201 103
207 107
212 111
218 113
224 115
230 117
234 121
238 123
242 125
246 128
250 130
251 130
253 132
259 138
259 142
250 134
244 119
248 113
253 119
251 126
248 128
244 125
244 121
240 121
236 125
228 125
224 123
218 117
212 111
205 107
199 105
191 103
183 97
175 91
169 85
162 85
154 83
146 80
136 72
130 70
123 66
113 62
105 58
99 54
91 50
83 46
76 42
72 41
62 39
58 37
52 31
46 27
44 25
39 25
31 23
31 21
29 17
29 17
25 17
25 17
23 15
25 17
25 15
25 17
27 17
31 19
33 23
35 23
39 23
44 25
50 29
54 31
58 35
66 37
72 41
78 42
89 52
97 62
95 56
97 39
107 35
123 50
134 68
140 80
146 76
154 70
166 76
173 91
179 101
185 103
193 99
199 97
207 105
212 113
216 117
222 115
228 113
234 115
238 121
242 126
248 128
250 126
251 126
253 128
255 134
255 136
255 134
253 130
253 130
253 130
251 130
248 128
246 126
242 125
238 123
234 123
228 121
222 117
216 113
212 111
205 109
197 105
191 101
183 97
175 91
169 89
162 85
154 83
146 78
136 74
130 68
123 66
115 64
105 58
97 54
91 50
85 48
80 48
76 50
66 46
50 31
41 17
42 13
42 15
41 21
35 21
31 17
29 13
29 15
29 21
25 23
23 21
23 15
23 13
25 15
27 19
29 19
31 17
35 17
41 19
42 23
48 27
54 29
60 31
66 33
72 37
80 44
85 48
91 50
101 52
107 54
115 60
125 66
132 70
138 72
148 76
156 80
156 85
171 89
179 93
187 95
193 97
193 103
207 107
214 111
218 113
224 115
228 115
234 119
240 123
244 128
246 130
0 128
251 130
253 125
253 134
255 132
255 132
255 132
253 132
251 132
255 140
251 142
234 125
230 105
232 101
236 113
222 125
222 123
214 109
210 99
207 103
201 113
191 113
181 103
175 91
169 85
160 85
150 85
142 80
136 72
128 64
121 62
113 62
105 60
97 54
89 48
82 44
76 44
70 42
62 39
56 33
52 29
46 29
42 27
37 25
35 21
33 19
29 19
27 19
25 17
25 15
23 15
25 15
23 15
25 17
29 17
31 17
31 19
37 19
41 23
44 25
48 27
54 29
60 33
66 37
72 39
80 42
87 46
93 50
101 54
109 58
119 64
132 76
132 76
130 66
136 56
154 62
167 80
173 91
177 93
185 91
197 93
205 105
208 115
212 117
220 115
226 113
230 117
234 121
238 125
244 126
246 125
248 125
250 126
251 130
255 132
255 132
255 132
255 130
253 132
253 132
250 132
248 128
244 125
242 125
236 123
232 121
228 119
218 117
216 115
208 111
203 107
199 105
189 101
181 93
175 91
167 89
160 85
152 82
142 78
134 74
128 70
121 66
111 62
105 58
97 54
89 50
82 46
74 42
70 39
64 37
58 35
52 33
46 31
42 29
42 35
35 35
21 13
17 0
25 0
29 11
27 21
23 19
23 11
25 7
29 15
29 25
31 29
33 23
37 17
31 17
44 23
50 31
46 33
58 29
66 29
74 35
80 44
85 48
93 50
93 52
111 54
117 62
125 66
132 70
140 72
148 76
156 80
164 85
171 89
179 91
185 93
195 99
203 105
208 109
214 111
220 113
226 115
230 121
236 125
240 123
244 125
248 126
250 128
251 130
253 130
255 130
255 130
255 130
253 130
253 130
253 132
251 132
248 130
244 128
242 128
242 130
238 134
224 125
210 107
207 95
208 97
205 103
195 103
187 99
181 91
177 89
169 89
160 91
152 85
144 80
126 72
126 66
111 66
111 62
93 58
95 48
87 46
80 42
74 42
68 41
62 37
56 33
50 29
46 29
42 25
39 23
33 19
33 17
29 17
27 17
25 17
23 15
23 15
25 15
25 17
27 17
27 17
29 17
33 19
37 21
41 23
44 25
50 27
56 31
60 33
68 37
74 41
82 44
87 48
93 50
101 52
109 58
117 62
125 66
132 70
142 72
150 78
158 82
166 89
179 101
179 101
177 85
185 78
201 85
210 103
216 117
218 117
224 109
234 111
240 125
242 134
244 134
246 128
250 125
251 126
251 134
253 134
253 130
255 126
253 126
253 128
251 132
250 130
248 128
244 125
240 123
238 125
224 125
226 121
220 115
207 111
210 111
203 109
187 105
187 99
173 93
171 91
166 89
158 85
150 80
142 76
136 72
126 70
119 64
111 60
103 56
93 54
87 50
82 46
68 44
68 41
62 37
56 33
50 31
46 27
41 25
37 23
33 21
33 21
31 21
31 25
31 29
19 17
3 3
17 0
17 5
29 15
27 19
29 17
33 13
39 19
42 27
46 33
50 33
56 31
62 31
68 35
74 41
78 44
87 44
93 46
101 48
111 56
119 64
126 66
134 70
142 72
148 74
158 83
166 89
173 91
181 91
189 95
197 101
203 105
208 107
214 109
220 113
226 115
230 119
236 121
242 125
244 126
246 126
250 128
251 130
253 132
253 132
255 130
255 130
255 132
253 132
251 132
250 128
248 128
244 126
240 125
236 123
232 121
228 121
220 119
214 115
208 111
207 113
201 117
185 105
169 80
166 66
166 72
162 83
150 87
140 76
134 64
128 62
121 66
111 68
103 64
95 52
87 44
80 42
72 44
66 42
58 35
56 29
50 25
44 27
41 29
37 25
33 21
31 17
29 19
25 19
25 19
25 15
23 13
23 15
23 15
25 15
29 17
33 19
33 19
37 21
41 21
46 25
52 29
56 33
60 35
68 37
76 41
82 44
87 46
95 50
103 52
111 56
119 60
128 66
136 72
142 76
150 80
158 82
167 85
175 91
181 95
189 99
197 103
208 113
212 119
207 111
210 101
222 99
232 107
238 119
238 123
244 123
250 123
253 126
253 134
253 138
255 136
255 132
255 130
253 130
251 132
251 130
250 128
246 125
244 123
240 125
236 123
232 121
224 115
222 115
216 115
208 113
201 107
195 103
187 99
179 95
171 91
166 87
158 83
150 80
140 76
132 72
126 68
119 64
111 60
101 54
93 52
87 48
82 46
74 44
66 39
60 35
56 33
50 31
44 29
41 25
37 23
33 23
31 21
27 19
27 17
25 17
25 17
23 15
23 17
25 17
29 25
33 33
25 21
21 3
31 0
44 13
48 29
50 35
54 29
62 25
70 31
78 44
83 54
89 54
95 48
105 48
111 56
119 64
126 70
134 68
142 70
152 74
160 82
167 87
173 91
183 91
191 95
197 101
203 107
210 111
216 111
222 113
226 115
232 119
236 123
240 123
244 123
248 125
251 128
251 130
253 132
255 130
255 132
255 132
253 132
251 132
251 128
250 126
248 128
244 128
240 125
236 123
230 121
226 119
220 115
214 113
207 109
201 105
195 103
187 101
181 99
173 97
171 99
158 91
140 76
130 60
128 56
126 60
119 62
109 60
101 52
95 48
87 46
82 48
74 48
66 42
60 35
56 31
50 31
44 31
39 27
35 21
33 17
29 17
27 17
25 17
25 15
25 15
25 15
23 15
25 17
27 17
29 17
31 15
33 19
39 23
42 25
46 27
50 27
56 29
64 33
70 41
74 42
82 44
89 46
97 50
105 54
111 58
121 62
128 66
136 72
142 76
152 78
160 83
167 87
175 91
183 95
191 99
199 103
205 105
208 109
216 111
222 115
230 119
232 123
242 132
244 136
236 123
236 107
248 109
255 125
255 138
253 136
253 126
257 123
257 130
255 138
250 138
250 132
248 125
244 123
238 125
234 125
230 121
224 115
218 111
212 109
207 109
201 107
193 103
187 97
179 93
171 91
164 89
154 82
148 78
142 76
132 72
123 68
115 64
109 58
101 56
93 52
85 48
80 44
72 41
66 37
60 35
54 33
48 31
44 27
39 25
37 21
33 21
31 21
29 19
25 17
25 17
23 17
23 17
25 17
25 15
27 15
29 17
33 21
35 25
41 27
50 37
46 35
42 23
46 15
60 19
72 31
78 42
80 44
87 42
99 46
109 54
115 64
121 70
128 70
136 70
144 72
152 80
160 83
167 87
175 87
181 89
189 95
199 101
205 107
210 109
216 109
224 113
228 119
232 123
236 123
240 123
246 125
248 128
250 130
251 130
253 128
255 130
255 132
253 132
253 132
253 132
251 128
250 128
246 126
244 126
240 126
234 125
230 119
224 115
220 115
214 113
207 109
201 105
193 101
185 99
179 95
169 91
164 87
156 82
148 80
140 76
132 72
125 70
123 74
109 70
89 46
82 29
83 29
82 33
74 46
64 41
58 29
54 25
52 29
46 35
33 35
35 25
31 17
29 15
27 17
25 21
23 19
23 13
23 9
23 11
27 19
27 21
27 19
33 17
37 19
31 23
42 27
46 27
52 29
58 29
62 33
62 37
78 42
83 46
91 46
97 50
97 54
113 60
123 64
128 68
136 72
146 74
154 80
162 83
160 87
177 91
183 93
191 97
189 101
205 105
212 109
218 111
222 115
220 117
234 119
238 123
242 125
246 126
250 130
255 136
259 146
250 136
246 123
248 115
253 119
255 128
251 130
250 126
250 123
248 123
244 128
240 130
234 126
230 121
224 117
218 115
212 115
207 111
199 105
191 97
185 93
177 93
169 89
162 85
154 80
148 78
140 76
130 74
121 66
115 62
109 58
99 58
91 54
83 48
78 44
72 41
64 37
58 35
54 33
48 29
42 25
39 21
37 23
33 23
29 21
27 17
25 15
25 17
23 15
23 17
25 15
27 15
27 17
29 17
31 19
35 21
39 23
42 25
48 27
54 31
60 35
64 39
72 42
83 54
82 52
80 37
89 27
105 37
117 58
123 70
128 70
136 64
146 68
156 78
164 91
169 97
177 93
185 91
193 95
199 105
205 109
210 109
216 109
222 111
228 115
234 121
238 125
242 125
246 125
248 126
251 130
253 132
255 132
253 130
255 130
255 132
253 132
253 130
250 130
250 128
175 126
242 126
234 125
234 121
230 119
224 119
216 115
212 111
207 109
191 105
191 101
183 97
177 93
171 91
162 87
154 83
146 80
130 74
130 72
123 68
113 64
99 58
101 56
91 52
89 54
83 54
66 44
54 27
50 17
52 19
50 27
42 27
37 23
35 17
35 17
33 21
29 25
25 21
23 17
25 13
23 15
23 17
25 17
27 15
29 15
31 15
35 17
39 21
44 25
48 27
52 29
58 31
64 35
72 41
78 44
83 44
91 46
99 52
107 56
115 60
123 64
130 66
138 70
146 76
154 80
162 83
171 87
177 91
185 93
193 97
199 101
207 107
212 109
216 111
224 115
230 119
234 123
238 125
242 125
246 126
250 128
250 130
253 130
255 132
255 132
255 132
253 132
259 136
259 144
248 134
236 113
238 103
244 113
242 128
232 128
226 119
218 109
220 109
214 115
205 117
197 109
193 99
185 93
177 93
162 93
160 89
154 82
144 74
136 70
128 72
123 70
113 64
105 56
99 52
91 50
83 48
78 44
72 41
64 37
58 35
52 31
46 29
42 27
39 23
35 21
33 19
29 17
29 17
27 17
25 17
23 15
23 15
25 17
25 17
25 15
29 17
33 19
37 21
39 25
42 25
50 27
54 31
60 33
64 37
72 39
64 42
85 46
93 50
93 56
111 66
111 70
115 62
121 54
9 54
148 66
158 80
162 78
169 85
179 87
189 93
187 103
201 109
207 111
205 109
218 111
224 115
220 121
234 123
238 121
242 121
246 123
250 128
251 130
251 130
253 128
255 130
250 132
255 134
253 134
251 132
251 130
248 128
244 128
242 126
238 123
232 121
228 119
222 115
218 115
212 111
205 107
197 103
191 99
183 97
175 93
169 89
160 85
152 82
146 78
136 76
128 72
121 66
113 62
105 56
97 54
89 50
83 48
76 44
70 41
64 39
58 37
52 35
50 35
46 39
33 23
23 5
25 0
29 9
31 21
25 23
23 15
23 9
25 11
25 19
27 25
27 23
29 17
33 15
37 21
31 27
42 29
48 25
54 25
58 27
66 33
64 41
64 44
85 44
93 46
93 52
109 56
117 62
125 64
132 66
140 70
148 76
156 80
162 83
169 85
179 91
187 95
193 101
201 105
207 107
214 109
218 113
224 117
230 119
234 121
240 123
242 125
246 125
250 126
251 130
253 130
253 132
255 132
255 132
255 132
253 132
251 130
251 128
250 130
248 132
248 136
238 132
224 119
216 103
218 99
218 103
212 109
203 107
195 101
187 95
185 95
177 99
160 97
160 89
152 80
144 74
136 74
126 72
119 66
113 58
105 52
95 50
80 48
83 46
78 44
70 42
62 37
58 35
52 33
46 31
42 27
37 23
33 19
31 19
29 19
27 17
25 15
25 15
25 15
23 15
23 15
27 15
29 19
31 19
33 21
35 23
41 23
44 27
48 27
52 29
60 31
68 35
72 41
80 42
85 44
93 50
101 54
109 58
117 62
125 64
132 68
140 74
148 80
162 89
167 99
164 85
167 70
183 74
197 91
203 109
207 113
210 105
220 103
228 113
232 125
236 130
238 126
244 123
246 123
248 128
250 132
253 132
253 130
255 128
255 128
255 132
255 134
253 132
250 128
248 126
246 126
242 126
236 126
232 121
228 117
222 115
216 113
210 111
203 107
197 103
191 99
183 97
175 95
167 91
160 85
152 82
142 76
134 72
128 70
121 66
113 62
103 56
97 54
89 50
82 48
74 42
68 39
64 37
56 33
50 31
48 29
44 27
39 25
37 25
33 25
37 31
27 27
15 13
13 0
19 0
25 7
25 15
25 15
27 13
33 13
37 21
39 29
41 31
44 29
50 27
56 31
60 35
3 37
64 39
64 39
85 42
91 46
101 52
109 58
117 60
126 64
134 68
142 74
150 80
156 82
156 85
173 87
179 93
187 97
193 99
201 103
208 105
214 109
218 111
218 115
232 119
236 123
240 125
236 125
248 126
0 130
251 130
253 130
253 130
255 130
255 132
253 132
253 130
253 132
251 130
248 128
244 126
242 125
238 126
232 125
226 119
222 117
218 115
216 123
205 119
187 97
179 76
179 76
177 87
167 95
158 87
150 76
144 68
138 72
128 76
119 74
111 64
103 52
95 50
89 50
80 50
74 44
68 37
62 31
56 31
50 33
44 29
42 25
39 19
35 19
31 21
29 21
27 17
25 15
23 13
21 13
25 17
25 19
27 17
27 17
31 17
33 21
37 23
41 23
46 23
50 29
56 31
60 35
66 37
74 39
80 42
87 46
95 50
101 54
109 56
119 60
126 66
134 70
140 74
150 78
158 82
166 87
173 91
181 95
191 103
201 113
201 111
197 99
207 91
218 99
228 111
232 119
234 121
240 119
246 123
250 130
251 136
251 136
253 134
253 130
255 130
255 132
253 134
251 130
251 126
250 125
248 126
244 128
240 126
236 121
232 119
226 117
222 119
214 115
208 111
203 107
195 101
189 101
181 99
173 93
166 87
158 83
150 80
142 78
134 74
126 68
119 62
111 60
103 56
95 54
87 50
82 46
74 42
68 41
60 37
54 33
50 31
46 27
42 25
37 23
33 19
33 19
31 21
27 19
25 17
25 17
27 17
25 21
31 31
25 25
19 5
21 0
31 1
41 17
44 29
44 29
48 21
56 21
64 33
68 44
76 50
82 46
87 42
95 46
103 56
109 62
117 62
125 62
134 64
142 72
150 78
158 83
158 85
175 87
181 91
189 97
195 101
203 105
210 107
216 111
220 115
218 117
232 121
236 121
240 123
244 125
248 128
250 128
251 130
253 130
255 130
255 130
255 130
255 132
253 132
251 132
250 130
246 128
244 128
240 126
234 123
230 121
226 119
222 117
214 115
208 109
203 107
197 105
189 101
185 101
177 103
162 93
146 74
142 64
140 64
136 70
125 70
115 62
109 54
105 50
97 54
89 56
80 52
72 42
68 35
60 33
54 35
48 31
44 27
41 21
37 21
33 21
31 21
29 19
27 17
25 15
25 15
25 15
25 17
25 17
25 15
29 15
31 19
35 21
37 21
41 23
46 25
50 27
56 31
62 35
68 37
74 41
82 42
89 46
97 50
103 56
111 58
119 62
126 64
136 70
144 76
150 80
158 82
167 85
175 91
181 93
189 97
197 101
205 105
210 109
216 113
222 115
230 123
240 132
234 128
228 111
236 99
248 111
253 128
251 136
251 132
253 125
257 125
257 136
255 142
253 138
251 130
250 125
246 125
242 128
238 128
234 121
230 115
226 113
222 117
214 117
207 111
193 105
195 101
189 99
171 99
171 93
164 87
158 82
140 80
140 76
132 72
125 68
109 64
109 58
101 54
95 52
80 50
80 46
64 41
62 37
62 35
56 35
50 31
44 27
41 25
37 23
35 23
31 21
27 17
27 17
25 15
23 15
23 15
25 17
27 19
27 19
29 19
33 21
39 29
42 35
37 27
35 13
44 9
56 17
64 31
68 39
74 39
82 37
91 42
101 52
105 62
113 64
119 64
128 64
136 68
142 76
150 80
158 82
166 80
173 83
183 91
191 99
195 103
205 103
210 107
216 111
222 117
226 117
232 119
238 121
240 125
244 126
248 126
251 130
253 130
253 130
253 130
255 132
255 132
255 130
253 130
250 128
250 130
248 130
244 128
238 125
236 123
230 121
226 121
220 119
214 113
207 109
201 105
195 103
187 99
179 95
171 91
164 87
158 83
150 82
142 78
136 78
128 80
111 64
97 44
93 33
95 39
89 50
80 50
70 41
66 31
62 31
56 37
50 41
44 33
41 25
37 17
33 19
29 23
27 21
25 15
25 11
23 11
23 17
23 19
25 17
27 15
29 17
31 19
33 23
39 25
42 27
48 27
50 29
58 33
64 37
70 39
76 41
82 42
91 46
97 50
105 56
113 58
121 62
128 66
136 70
142 74
152 78
162 83
167 87
175 89
181 93
193 99
199 103
205 107
210 109
216 111
224 115
220 119
232 121
238 123
242 125
248 128
3 136
253 140
246 130
244 117
250 115
255 123
255 130
251 130
253 126
253 126
251 128
248 134
244 134
240 128
234 123
230 119
224 119
216 117
212 113
207 107
201 101
193 99
187 99
179 95
171 91
164 85
156 82
148 80
140 76
130 72
125 68
117 64
107 60
99 54
93 52
85 48
80 44
72 41
66 39
60 35
54 33
48 29
44 27
41 25
37 23
33 21
29 19
27 15
27 17
25 19
25 17
23 17
25 15
25 15
27 17
29 19
31 19
35 21
39 21
42 23
48 27
52 31
58 33
68 41
74 50
70 42
72 27
83 23
101 41
109 60
113 66
119 60
128 56
140 66
146 82
152 89
160 89
167 83
175 83
181 91
191 101
199 105
205 105
210 103
216 107
222 115
220 121
234 121
236 119
242 121
246 126
0 132
250 132
251 130
253 128
255 130
255 132
253 132
253 128
253 128
251 130
250 130
246 128
244 126
240 125
236 123
228 121
224 117
218 115
212 113
207 109
199 105
193 101
185 97
179 95
171 91
164 87
154 82
148 80
140 78
132 74
123 68
115 64
109 60
103 58
99 64
87 58
70 41
60 25
60 19
60 25
54 33
46 31
33 23
41 19
39 21
35 27
29 27
27 23
25 17
25 13
23 15
23 17
23 17
25 15
25 13
27 13
31 17
35 21
31 23
42 23
48 25
52 29
58 35
64 37
62 39
76 41
82 42
91 48
99 52
105 54
113 58
123 62
128 68
136 70
146 76
154 80
162 83
169 87
177 91
185 95
191 99
197 103
205 107
212 109
216 113
222 115
228 117
234 119
238 123
242 126
246 126
250 128
251 130
253 132
253 132
255 132
255 132
261 140
257 146
244 126
240 109
246 107
250 123
244 132
236 130
232 119
232 113
226 115
220 123
212 123
207 113
199 101
191 97
185 97
177 99
169 93
162 83
154 76
146 74
138 74
130 74
121 68
115 60
107 56
99 56
91 54
83 50
78 42
72 39
62 37
50 35
52 35
48 29
44 25
39 23
35 23
33 21
29 19
27 15
25 15
25 15
23 17
23 17
25 15
25 15
29 17
29 19
31 19
35 19
41 23
44 27
48 29
52 31
60 33
66 37
72 39
78 42
85 46
93 52
107 62
105 62
105 52
113 48
126 52
138 64
146 74
152 80
162 80
171 82
179 89
187 99
193 107
199 105
207 105
212 107
216 115
222 119
228 119
232 117
238 117
242 123
246 126
248 128
250 128
253 128
253 130
253 132
255 132
253 130
255 130
253 130
250 130
248 128
246 128
242 126
234 123
232 121
228 119
220 117
218 115
203 111
205 107
199 105
191 101
185 97
177 93
169 89
162 85
154 82
146 78
130 74
130 70
121 66
113 62
107 58
99 56
91 52
83 48
78 44
72 42
64 39
58 37
58 42
50 41
35 23
27 3
31 0
35 13
33 25
27 25
23 13
25 7
27 13
27 25
25 27
23 21
27 13
31 13
33 19
35 25
37 23
42 21
48 21
46 27
58 33
1 37
62 37
78 39
85 42
91 50
99 54
107 56
115 58
123 62
130 68
138 74
146 78
154 80
162 82
169 87
177 91
185 97
193 99
199 103
207 105
212 109
218 115
226 117
228 119
234 121
238 123
244 125
248 128
250 130
250 130
253 128
255 132
255 134
255 134
253 132
253 130
253 132
253 134
251 136
251 138
240 130
228 117
224 105
226 105
224 111
218 115
208 111
205 103
201 99
195 103
185 105
175 99
167 91
162 83
152 80
144 78
136 76
128 72
121 64
113 58
105 56
99 54
91 52
83 48
76 42
70 39
64 37
58 37
52 33
46 29
42 25
39 23
35 21
31 19
29 17
29 17
27 17
23 17
23 17
23 15
25 17
25 17
25 17
29 17
33 19
37 21
39 23
42 25
48 29
54 31
60 33
66 37
72 39
78 42
85 44
93 48
101 54
109 58
117 62
0 66
125 70
125 76
154 89
154 89
152 74
162 64
177 64
189 91
195 105
199 105
207 99
214 101
222 113
218 125
230 128
234 123
238 119
242 121
244 128
248 130
250 128
253 126
253 126
253 130
255 132
255 134
253 132
253 128
251 130
240 130
244 125
242 125
234 123
232 119
228 119
222 117
218 113
212 111
203 107
197 103
191 99
185 97
177 95
167 89
160 83
154 82
146 80
136 76
128 70
121 66
113 60
105 56
97 54
89 50
83 46
76 44
70 41
62 37
58 35
52 31
48 29
44 27
39 25
39 27
39 33
25 25
15 9
17 0
23 1
25 11
23 15
23 13
27 11
29 13
33 21
33 27
37 27
41 23
44 23
48 25
52 29
60 35
66 37
72 37
78 39
85 44
93 50
99 52
109 56
117 58
125 64
132 70
140 74
148 76
156 80
164 85
171 89
179 91
187 95
193 99
201 103
207 107
212 109
220 113
224 115
230 119
234 121
240 123
242 125
246 125
250 128
253 130
253 132
253 132
255 130
255 132
255 132
253 132
251 130
250 130
250 128
244 128
242 126
236 125
234 123
228 121
224 123
222 128
207 117
193 93
189 80
191 85
185 99
175 101
166 91
160 80
154 76
146 82
138 83
128 78
119 66
113 56
105 54
97 56
87 52
80 44
74 37
68 33
64 35
56 37
52 33
46 27
42 23
39 23
35 25
31 23
29 19
27 15
25 13
25 17
23 19
25 19
23 15
25 13
27 15
29 19
33 21
37 23
41 23
44 25
50 27
54 31
60 33
66 37
72 39
80 41
85 44
95 50
103 54
109 58
117 60
125 64
132 70
140 76
148 80
156 82
166 85
175 93
185 103
191 109
189 101
191 91
201 89
214 97
220 111
224 117
228 117
236 115
242 119
246 128
248 134
250 134
250 128
251 126
255 130
255 136
253 134
253 130
253 126
251 126
250 128
246 128
246 128
242 125
236 123
232 121
228 121
222 117
216 113
208 107
203 105
197 105
189 103
181 99
173 93
167 87
160 83
152 82
144 78
136 74
128 68
121 64
111 62
103 58
97 54
89 50
82 46
74 41
68 37
64 37
58 35
50 31
46 27
42 25
39 25
35 25
31 21
29 19
27 17
25 17
25 17
29 23
31 31
21 21
15 1
19 0
31 3
37 21
37 29
39 23
44 17
52 23
58 35
62 44
66 42
72 39
64 39
87 44
93 52
99 56
109 56
117 56
0 58
134 68
142 76
148 80
156 80
158 78
173 89
181 97
187 101
195 101
203 103
208 105
214 111
220 115
226 115
230 117
236 119
240 123
244 126
248 128
250 128
251 128
251 130
253 128
257 132
255 134
253 132
251 128
253 128
251 130
248 130
244 126
240 123
238 123
232 123
226 121
220 117
216 113
210 109
203 107
197 107
197 109
187 109
167 93
156 76
154 66
152 72
144 76
132 74
125 66
121 58
113 60
105 60
97 58
87 52
82 46
76 42
68 41
60 39
56 35
50 29
44 25
41 23
37 21
33 21
31 21
29 17
25 15
25 15
25 17
23 19
23 17
25 17
27 17
29 19
31 19
33 19
37 21
41 23
44 25
50 29
56 31
62 33
68 39
74 41
80 42
87 46
95 50
103 54
111 58
119 62
126 64
132 68
140 74
150 78
158 82
166 85
173 89
181 93
189 99
197 103
203 105
208 109
216 113
226 123
230 128
224 119
224 103
236 103
246 117
250 132
250 134
251 126
253 125
257 128
255 138
255 142
253 138
253 130
251 126
250 128
248 130
242 128
238 123
234 117
232 117
228 121
220 119
214 113
208 107
203 103
195 105
187 101
179 97
173 91
167 87
158 83
148 82
142 78
134 72
126 68
117 64
111 60
103 56
95 52
87 48
82 44
74 42
68 39
62 35
56 33
50 29
46 27
41 25
37 23
33 21
31 21
29 19
27 17
25 15
25 15
25 17
25 17
25 17
29 19
31 23
37 31
35 31
29 19
31 9
41 9
50 19
56 29
60 33
66 33
74 35
83 41
89 50
97 56
103 58
111 56
119 58
126 66
134 74
140 76
148 74
158 76
167 83
173 91
181 97
189 97
197 99
205 105
210 109
214 113
220 115
226 115
230 117
236 121
240 125
244 126
248 128
250 128
251 128
253 132
255 132
255 132
255 132
255 130
253 130
251 130
250 128
248 128
244 126
240 125
236 125
230 123
226 121
220 117
214 113
208 111
201 107
195 103
187 99
179 95
173 91
166 89
158 85
150 82
146 85
138 85
119 68
105 44
105 39
105 48
99 58
85 56
78 42
74 33
72 35
64 42
56 44
48 37
44 23
42 19
37 21
31 25
29 21
29 17
27 11
25 13
23 15
25 19
25 17
25 15
27 13
27 15
31 19
35 23
37 23
41 21
46 25
50 29
56 31
62 33
70 37
76 39
66 42
89 46
97 52
97 56
111 60
119 62
1 66
126 70
126 76
150 80
158 82
160 85
175 89
181 95
189 97
187 99
205 105
210 109
216 113
220 115
220 117
232 121
238 123
244 128
1 138
248 136
240 125
242 115
251 115
250 125
255 132
253 132
253 126
255 125
253 130
251 134
248 134
244 128
240 125
236 123
230 121
224 121
220 115
214 111
207 107
201 103
195 103
187 99
179 93
173 91
164 87
158 85
150 82
142 78
132 72
125 68
117 64
107 60
101 54
95 52
87 48
80 44
72 42
66 39
60 35
54 33
48 29
44 27
41 23
37 21
33 19
31 19
29 19
27 17
25 17
23 15
23 15
25 17
25 17
27 17
27 17
31 19
35 21
39 23
42 27
46 27
52 31
62 41
64 46
60 31
64 17
80 23
93 42
99 58
103 60
111 54
121 54
130 64
138 78
144 85
152 83
160 80
167 82
175 89
181 97
189 99
187 97
203 97
203 103
216 113
222 117
228 119
234 117
234 121
240 126
244 130
246 128
250 126
253 128
255 132
255 134
255 132
255 130
255 130
253 130
251 130
250 130
246 128
244 126
240 125
236 125
230 121
224 119
220 115
214 113
207 109
201 105
195 103
185 97
179 95
171 91
164 87
156 83
148 80
142 78
132 72
123 66
119 64
113 66
109 70
91 60
76 41
70 27
70 27
68 33
60 37
52 31
48 25
46 21
42 25
37 29
33 27
31 21
27 15
25 15
25 17
25 19
23 17
23 13
25 11
27 15
29 19
31 19
35 21
31 21
42 25
46 29
52 33
58 33
64 35
62 39
76 41
82 42
89 46
99 50
105 54
113 60
121 62
130 68
136 72
144 76
152 78
160 82
167 87
175 91
183 95
191 97
197 101
203 105
210 109
218 113
222 115
228 117
232 119
238 123
242 126
246 128
248 130
251 130
253 130
255 134
255 136
259 144
255 140
244 123
244 107
250 113
251 126
248 134
242 128
238 117
236 113
232 121
226 126
220 125
212 115
207 105
201 103
193 105
185 105
177 95
169 87
164 82
156 82
146 80
130 76
132 70
125 64
117 62
107 60
101 58
93 52
85 46
78 44
72 41
66 41
60 37
54 31
46 25
44 25
39 25
37 25
33 21
31 19
29 17
27 17
25 17
23 17
23 17
25 15
23 15
25 15
29 17
33 21
35 21
37 23
42 25
48 29
52 31
58 33
64 35
70 39
78 44
85 50
97 58
93 54
95 44
107 42
121 50
130 62
136 72
142 74
152 74
162 78
171 89
177 99
183 101
191 99
199 101
205 103
210 109
216 111
222 113
220 115
232 115
238 121
242 125
246 126
248 128
0 128
251 130
253 130
255 125
255 125
255 130
253 130
253 130
251 130
250 130
238 128
242 126
240 125
234 123
230 121
224 117
218 115
205 111
207 107
199 105
193 101
185 99
179 95
169 89
164 85
154 82
146 78
130 76
130 70
123 68
117 64
107 60
99 56
93 52
85 50
80 46
72 44
66 41
66 46
54 41
39 19
33 1
39 5
39 19
35 27
27 19
27 11
29 11
29 17
25 25
23 23
23 19
25 13
25 13
27 19
31 23
33 21
37 17
42 19
48 25
54 31
58 35
64 35
70 33
78 39
85 46
91 52
97 52
105 54
115 58
123 64
128 68
138 72
146 74
154 78
162 83
169 87
177 91
185 95
191 99
199 101
205 105
210 107
218 111
224 115
228 119
234 121
238 123
242 126
246 126
248 128
251 130
251 130
253 130
255 130
255 132
255 134
253 134
253 132
255 134
253 138
242 132
230 115
230 107
234 109
232 117
222 119
216 111
210 103
208 103
203 107
193 107
185 103
179 95
171 89
162 85
152 83
146 80
138 74
130 68
113 62
115 62
99 60
99 56
91 50
83 44
78 42
72 42
64 41
58 35
52 31
48 29
44 27
39 25
31 21
33 19
29 19
27 17
25 17
25 17
25 17
23 15
23 15
25 17
27 17
29 17
31 19
35 19
41 23
44 27
48 29
52 29
58 33
64 37
72 41
76 42
83 42
93 48
99 52
107 58
115 62
123 66
132 74
144 85
142 83
142 68
154 60
169 72
179 89
187 101
191 101
199 95
208 99
214 111
220 123
224 125
228 119
232 115
240 119
242 126
244 130
248 128
250 125
253 126
253 128
253 132
255 132
255 130
255 130
251 132
250 132
248 132
246 128
242 126
238 123
232 121
228 121
222 117
216 113
210 109
205 107
199 105
191 101
185 97
177 95
169 91
162 87
154 83
146 78
138 76
130 72
121 68
113 62
105 58
99 54
91 52
83 48
76 42
70 41
66 39
58 35
52 31
50 29
46 31
44 33
39 33
27 21
19 7
19 1
25 5
25 13
23 17
23 13
25 11
27 11
29 19
31 25
33 25
35 21
39 19
44 23
48 29
52 33
56 31
64 31
64 31
62 33
83 46
83 48
101 52
107 54
115 58
123 62
7 70
125 74
146 76
154 80
130 83
171 87
177 91
185 97
193 99
201 103
207 107
212 111
218 113
224 117
230 119
234 121
238 123
242 125
248 128
248 130
251 130
253 130
255 130
253 130
255 132
255 132
255 132
253 132
251 132
250 128
246 128
242 128
238 126
234 123
230 125
228 130
212 119
201 97
197 83
199 91
195 103
183 103
173 93
169 82
164 82
156 87
146 87
136 80
130 70
123 62
113 62
105 60
97 56
89 48
83 42
76 41
70 39
64 39
58 35
52 29
46 25
44 27
39 27
35 25
31 21
29 15
27 17
27 17
25 17
23 17
23 13
25 15
27 17
27 19
29 19
33 19
37 21
39 23
42 25
48 27
56 31
60 33
64 35
72 39
80 42
87 46
93 50
99 52
107 54
117 60
125 66
130 70
140 74
148 76
158 82
166 89
177 97
183 101
179 95
183 85
195 85
208 95
214 107
218 113
222 111
230 113
238 119
242 126
244 132
246 128
250 126
251 128
253 132
251 134
253 132
255 130
253 128
253 128
251 130
251 130
248 128
246 126
242 125
238 123
232 123
228 121
222 117
216 113
210 111
203 107
197 103
191 99
185 97
175 93
167 89
160 85
154 82
144 78
136 74
126 70
121 64
113 62
105 58
97 54
89 50
83 46
76 42
70 41
62 37
56 33
52 31
48 29
42 27
37 25
35 21
33 21
31 21
27 21
25 19
31 25
29 29
19 17
11 0
19 0
29 5
35 21
33 27
35 21
41 15
46 21
52 33
54 41
60 39
66 35
72 33
80 39
85 48
91 52
99 50
109 52
117 56
125 64
132 72
140 76
148 76
156 78
164 85
171 89
179 93
187 95
195 97
201 101
207 107
212 111
220 115
224 115
230 117
234 119
242 125
244 128
246 128
250 128
251 130
253 130
255 132
255 132
255 132
255 132
253 130
251 132
250 130
248 128
244 126
240 125
236 123
232 123
228 121
222 117
216 113
210 111
207 109
205 117
193 113
173 95
166 78
164 74
160 78
152 82
142 78
134 70
128 64
123 64
113 66
105 64
97 58
89 48
82 42
74 41
68 42
64 39
54 31
50 25
46 25
42 27
39 27
33 21
31 19
29 17
27 17
25 17
25 17
25 15
25 13
23 13
25 15
27 17
29 17
33 19
37 21
33 23
44 27
50 29
54 31
60 33
66 37
66 39
64 44
85 46
93 50
93 54
111 58
117 60
125 64
125 68
140 72
148 76
158 80
166 87
173 91
179 93
187 95
195 101
203 107
208 111
218 119
224 125
218 115
218 99
230 99
242 115
246 128
246 132
248 125
251 121
255 128
257 140
255 144
255 138
255 128
253 126
251 130
248 134
246 128
244 123
242 119
236 121
232 123
226 121
222 117
216 111
208 109
203 107
197 105
191 101
183 97
175 91
166 85
160 83
152 82
142 78
134 72
128 68
121 64
111 62
101 56
95 52
89 48
82 46
74 42
68 41
62 37
58 33
50 31
44 29
42 27
39 23
35 21
31 21
29 19
27 17
25 17
23 15
25 15
25 17
25 19
29 21
37 29
31 29
25 17
25 7
37 7
46 17
50 27
54 31
58 29
68 29
76 37
82 46
87 52
95 52
95 52
111 56
117 62
125 68
125 70
140 72
150 74
158 80
156 83
171 87
181 91
189 97
187 101
187 105
208 109
207 111
220 113
224 113
222 115
236 121
242 125
244 126
246 126
0 128
251 130
253 132
255 132
255 132
255 132
253 130
253 130
251 130
251 130
248 128
244 126
240 125
238 125
232 123
226 119
220 115
216 113
210 111
203 109
195 105
189 99
183 97
175 95
166 91
158 87
154 89
146 87
126 68
115 48
113 42
113 54
105 62
95 56
85 46
83 39
76 41
70 44
62 44
56 39
50 29
46 25
41 25
37 27
33 25
31 19
27 13
25 13
25 15
25 17
25 17
23 15
25 13
27 15
27 19
29 21
35 21
39 23
41 23
44 25
50 29
56 31
62 33
68 37
74 39
82 42
87 46
95 50
95 52
111 56
119 60
0 64
126 70
125 76
150 80
158 82
158 85
173 89
181 95
189 99
195 101
203 103
208 107
216 111
222 115
226 119
232 119
240 125
250 136
244 136
236 123
240 113
250 115
255 125
253 132
251 130
253 125
257 125
257 132
250 138
250 138
246 130
244 125
240 123
236 125
222 125
224 119
220 113
214 107
208 107
201 107
195 103
189 97
181 95
173 93
166 89
158 85
150 82
142 76
132 70
126 68
119 66
111 62
103 56
95 52
87 48
80 46
74 42
68 39
60 35
54 31
52 31
46 31
41 27
37 23
35 21
31 21
29 19
25 19
23 15
25 15
25 17
25 17
25 17
27 17
29 19
31 21
33 21
37 23
42 25
48 29
56 41
58 42
52 29
58 15
72 19
83 37
91 52
95 56
101 50
111 48
121 60
130 74
134 80
140 76
148 72
125 76
166 85
173 93
173 93
189 91
197 95
203 103
208 109
216 113
222 113
228 115
232 117
236 123
240 125
246 126
248 126
250 126
251 128
253 132
253 132
255 130
255 130
253 130
253 130
251 132
250 130
248 128
244 126
240 126
236 125
230 121
226 117
220 115
214 113
208 109
201 105
195 103
187 99
179 95
171 89
166 87
158 87
150 78
142 76
134 72
126 70
121 70
117 72
95 60
85 44
78 31
78 31
66 37
68 39
60 35
54 27
50 23
48 27
44 31
37 31
33 25
31 17
29 15
25 19
23 19
23 15
23 11
23 11
25 13
25 17
29 19
31 19
35 19
37 19
41 23
46 27
50 29
56 31
62 35
68 37
76 41
82 44
87 46
97 48
105 52
111 58
119 62
126 64
136 70
128 74
152 78
126 82
160 85
175 89
183 93
189 97
195 99
205 105
210 109
216 111
222 115
228 119
234 121
238 125
242 125
244 126
248 128
251 130
251 132
253 134
259 142
255 142
246 123
244 107
250 111
255 126
251 136
244 132
242 121
242 117
240 125
232 130
224 126
218 117
214 107
208 105
201 109
193 107
185 101
179 91
173 85
164 85
156 85
148 82
142 76
132 70
125 66
117 64
109 62
101 56
93 50
87 46
80 44
72 42
66 39
60 33
56 31
50 29
44 27
41 25
39 23
35 23
29 19
27 17
25 17
25 17
23 15
23 15
25 15
25 15
27 17
29 17
31 17
35 19
31 21
41 23
48 27
52 31
58 35
62 37
62 41
80 46
89 56
87 52
83 41
95 37
111 44
123 58
128 68
126 68
144 62
154 74
162 83
160 93
177 95
183 95
191 97
189 101
187 105
210 109
216 111
220 111
226 113
232 117
238 123
240 125
244 125
248 126
251 128
251 130
253 130
253 130
257 130
255 132
253 134
251 132
251 130
250 128
246 128
242 126
238 123
236 123
230 121
224 117
220 115
214 113
207 109
201 107
193 101
187 99
181 95
171 93
164 87
156 82
148 80
140 76
132 72
125 68
117 64
109 60
101 56
93 54
85 50
80 46
74 44
72 50
60 44
44 23
41 5
44 9
42 23
39 31
33 23
29 13
29 9
27 15
25 23
25 25
23 19
23 11
25 9
27 17
29 23
31 23
33 17
39 17
42 21
46 29
50 31
56 31
64 31
72 37
76 42
83 46
91 48
97 50
105 54
113 58
121 64
128 68
136 70
144 72
152 78
160 83
167 87
175 89
183 91
193 99
199 103
205 107
210 109
216 111
224 115
228 119
232 121
238 121
242 125
246 126
248 128
250 128
253 130
253 132
255 132
255 132
255 132
255 134
255 136
255 138
246 132
236 119
236 111
238 111
236 119
228 121
222 117
218 111
214 109
208 111
201 111
193 109
185 101
177 93
171 89
162 87
154 83
146 78
140 74
132 70
123 66
115 64
107 58
101 54
91 50
83 48
78 44
72 42
66 39
60 35
54 31
48 29
44 27
39 25
35 21
33 19
31 19
29 19
25 17
23 15
25 15
23 17
25 17
25 17
25 17
29 17
33 19
35 21
39 23
42 25
46 25
54 29
58 33
64 35
72 39
78 44
83 46
91 48
99 52
107 58
115 62
123 68
134 80
136 78
134 62
144 54
160 66
173 85
177 97
183 95
191 89
201 95
207 107
212 119
218 121
224 117
228 115
234 119
238 125
240 126
244 126
248 123
250 125
251 128
253 132
255 132
255 130
255 130
253 130
253 132
251 132
248 130
246 126
242 125
240 125
234 123
228 121
224 117
220 115
212 113
205 111
199 105
193 101
185 99
177 95
169 89
162 85
156 82
146 78
138 74
130 70
123 66
115 62
107 58
99 54
93 52
85 50
78 44
72 41
66 39
60 35
54 35
50 33
48 35
44 37
29 25
21 9
21 1
27 5
27 15
23 17
21 13
23 9
27 11
29 21
29 27
29 25
31 19
35 19
39 21
42 25
46 29
52 29
58 29
64 31
70 37
78 42
83 44
91 46
99 50
107 54
115 60
123 66
130 70
138 72
146 76
154 80
162 85
169 87
177 89
185 93
191 99
199 101
207 105
212 109
218 111
222 115
228 117
234 119
240 123
244 126
244 126
248 126
251 130
253 132
253 134
255 132
255 132
255 132
253 132
251 130
251 128
250 128
248 128
242 126
238 126
238 128
236 134
220 123
205 99
205 89
207 95
203 107
191 107
183 97
177 85
171 83
164 87
154 91
146 83
138 74
130 68
121 64
113 64
107 62
99 54
89 46
83 42
78 42
70 42
64 39
58 33
52 29
48 27
42 27
39 25
35 21
33 19
29 19
27 17
25 17
25 15
25 15
23 15
23 15
25 15
29 17
29 17
31 19
35 19
39 23
44 27
48 27
52 29
58 31
66 35
64 41
78 42
83 46
91 48
99 52
99 56
115 60
123 64
130 68
138 72
146 78
156 83
160 93
173 99
169 91
173 82
187 80
201 93
208 107
210 111
216 109
224 109
232 117
236 126
240 130
244 128
246 125
248 125
250 128
251 132
253 132
253 128
255 126
255 130
253 132
251 132
250 130
250 126
246 126
242 126
238 125
232 121
228 117
224 117
218 115
210 113
205 109
199 103
191 99
183 95
177 95
169 91
162 87
154 82
144 76
138 74
130 72
123 68
113 62
105 56
99 54
91 52
83 48
78 44
70 41
64 37
58 35
52 31
48 31
44 27
39 25
35 23
33 21
31 21
29 21
29 25
29 29
19 19
11 0
17 0
27 3
31 19
31 25
31 19
35 11
41 15
48 29
50 39
52 39
58 33
66 29
72 35
76 42
83 48
91 48
99 46
107 52
115 58
123 64
132 70
140 72
146 76
154 80
164 83
171 89
177 93
185 95
193 97
201 101
207 107
212 111
218 111
224 115
230 117
234 121
240 125
244 126
246 126
248 126
251 130
253 132
253 134
255 132
255 132
255 130
255 130
251 132
250 130
248 128
246 126
242 126
238 125
234 123
228 119
222 115
220 117
214 117
210 119
201 115
183 99
173 83
171 76
167 78
164 83
152 82
144 66
136 68
132 68
123 70
115 62
105 62
97 52
82 46
83 46
68 46
68 42
62 35
58 29
52 27
46 29
42 27
39 25
35 21
31 19
29 17
27 19
25 19
25 17
23 13
23 13
25 15
27 15
27 17
31 19
33 19
37 21
41 23
44 25
48 29
54 31
60 33
64 35
72 39
80 42
85 46
93 48
101 52
109 56
115 60
123 64
132 68
140 74
148 80
156 82
162 83
173 89
181 95
187 99
193 103
201 105
210 111
218 125
212 115
212 97
224 95
236 109
242 126
242 130
244 123
248 119
255 126
257 138
253 142
253 138
255 130
255 126
253 130
251 134
248 132
248 126
244 123
242 123
236 125
234 125
228 121
222 115
216 111
210 111
203 109
197 105
191 101
183 95
175 91
167 89
160 85
152 82
144 78
136 72
128 70
121 66
113 62
105 56
97 54
89 48
82 44
76 44
70 41
64 39
58 35
52 31
46 29
42 27
39 25
35 23
33 21
29 19
25 17
25 15
27 17
25 19
25 19
27 19
33 25
31 27
21 17
21 5
31 3
42 13
31 25
48 29
52 27
60 27
70 33
74 44
80 48
87 50
95 50
93 52
107 56
117 62
125 66
130 68
138 68
148 74
156 80
156 85
171 89
179 91
187 95
195 101
201 105
207 107
214 109
220 113
218 115
230 119
234 121
240 123
244 125
246 128
250 128
251 130
253 130
255 130
255 132
255 132
255 132
253 130
251 130
250 128
248 128
244 126
240 126
238 125
232 121
226 119
222 117
216 115
210 111
205 107
197 103
189 101
181 95
177 93
167 91
166 97
154 93
136 76
125 54
123 48
121 56
115 64
105 62
95 52
89 42
83 42
78 48
70 50
62 42
56 31
50 25
46 27
42 29
37 27
33 19
31 13
29 13
25 17
25 17
25 17
25 15
25 15
25 17
25 17
29 21
31 21
33 19
35 19
33 23
44 27
50 29
54 29
60 33
5 37
74 41
78 42
87 44
95 50
103 54
109 58
117 62
125 64
132 70
142 74
148 76
156 80
166 85
173 89
179 93
187 97
195 99
203 105
208 107
214 113
220 115
226 117
234 123
244 134
240 132
234 123
238 111
246 113
251 123
253 130
253 130
253 126
257 126
257 130
255 136
253 138
250 132
246 126
244 125
242 126
236 126
230 121
226 115
222 111
216 111
208 111
201 107
197 103
189 99
183 95
173 93
166 89
158 83
152 82
142 78
134 72
126 70
121 66
111 62
101 56
97 52
89 50
82 46
74 42
68 39
62 35
58 33
50 31
44 27
41 25
39 23
35 23
31 21
29 19
27 17
27 17
25 17
23 17
25 17
25 17
27 17
29 17
31 19
33 21
37 23
41 23
50 33
56 41
48 31
48 15
0 15
78 31
83 48
78 54
91 46
103 44
115 54
119 70
0 76
132 74
126 70
150 72
158 80
156 85
173 91
181 91
189 91
195 95
203 103
208 111
214 111
220 111
218 113
232 119
236 125
240 126
244 125
248 126
250 128
251 132
251 132
253 130
255 128
257 132
255 134
251 132
251 130
251 128
248 128
244 126
240 126
236 125
232 121
226 117
220 115
216 115
210 113
203 107
195 103
189 99
173 97
173 93
158 89
160 83
144 82
142 78
136 76
128 74
126 78
109 70
93 50
85 37
85 35
83 39
76 44
66 41
60 33
58 29
54 31
46 33
41 31
39 25
35 21
31 21
27 19
25 19
25 17
23 15
23 13
23 13
25 15
27 17
29 17
31 17
35 19
37 23
41 25
44 27
50 27
56 31
60 33
68 37
74 39
80 42
89 46
97 50
103 54
111 58
119 62
126 66
134 70
142 74
150 78
158 82
166 85
173 87
181 93
189 99
195 103
203 103
208 107
216 111
222 115
226 117
232 119
236 121
242 125
244 126
246 128
250 128
255 130
261 144
255 144
246 126
246 111
253 113
257 128
251 138
248 132
246 123
246 119
244 125
238 130
230 130
226 121
220 111
214 109
208 113
201 111
193 103
187 95
179 91
