960000 10000000 201326 10
0 1
21 7
97 44
179 89
242 117
269 125
259 125
207 113
126 85
44 42
0 1
3 0
60 17
144 68
224 117
273 144
275 146
234 128
160 99
76 58
13 19
0 0
29 3
105 39
193 87
257 128
283 148
257 140
193 113
111 72
37 33
0 7
9 1
70 23
156 64
236 111
277 142
271 148
224 126
146 89
66 48
7 15
0 0
41 11
119 46
205 95
265 132
279 148
248 136
179 107
97 66
27 27
0 3
15 3
82 29
169 72
244 117
281 146
267 150
210 123
130 82
54 41
5 13
3 7
56 29
130 60
207 91
263 121
275 136
240 130
167 101
82 56
17 15
0 0
27 5
99 42
183 87
253 126
281 146
259 142
199 117
117 76
42 33
0 5
5 0
60 19
148 62
230 109
277 140
275 148
228 130
152 93
72 52
11 17
0 0
33 7
113 41
201 89
11 132
281 150
251 140
187 109
105 70
33 29
0 3
3 1
74 25
39 68
242 115
29 146
271 140
125 125
140 85
58 44
5 11
0 0
44 15
125 50
210 97
269 134
281 150
244 138
173 105
91 62
23 25
0 3
21 1
95 46
52 80
240 111
21 123
261 126
208 115
126 83
48 41
0 3
3 0
52 21
142 68
222 113
15 140
275 140
234 130
160 97
68 56
13 19
0 0
27 1
103 37
191 85
7 128
281 148
255 140
187 113
113 74
39 35
0 7
7 1
68 23
156 66
234 113
19 144
273 146
224 126
146 87
66 48
0 13
0 0
31 9
119 44
203 91
15 132
279 148
250 138
183 107
99 66
29 27
0 3
15 3
82 29
44 72
244 117
31 146
267 146
205 123
134 83
56 42
5 13
3 5
46 25
125 58
205 89
13 119
279 136
242 132
167 103
68 56
19 15
0 0
27 9
97 44
183 87
253 125
281 146
253 144
199 119
119 78
42 35
0 3
3 0
60 19
146 62
220 107
27 140
275 148
230 132
154 97
72 52
11 17
0 0
33 9
109 41
197 89
259 128
281 150
250 140
187 111
97 68
33 31
0 5
3 3
72 25
162 68
240 117
279 146
271 148
218 123
140 85
60 46
5 13
0 1
42 11
125 48
210 97
267 134
279 150
246 138
177 107
93 64
23 27
0 3
23 9
95 46
171 82
236 105
273 123
265 132
210 123
126 87
48 39
1 0
5 0
58 21
140 68
222 109
273 138
277 144
234 130
162 101
78 58
15 17
0 0
27 1
103 37
191 87
255 128
281 146
259 140
197 113
113 74
39 33
0 5
7 0
66 21
154 64
232 109
279 142
273 148
224 126
148 89
66 48
9 13
0 0
37 11
117 46
203 93
265 132
281 150
250 140
181 109
99 66
29 27
0 1
15 1
80 29
167 72
242 115
281 144
269 148
214 125
134 85
56 42
5 11
7 9
52 27
123 52
205 83
265 119
279 140
242 134
167 103
85 56
21 15
0 0
23 9
95 42
181 83
251 123
281 144
261 144
201 119
121 80
42 33
0 1
3 0
58 17
146 60
228 107
275 140
275 150
230 132
156 95
74 54
13 17
0 0
31 7
107 41
195 87
259 128
281 150
253 142
189 111
107 70
33 31
0 5
11 1
72 25
160 68
238 115
279 144
271 146
218 126
142 87
60 44
7 13
0 1
42 13
123 48
208 93
267 134
281 152
246 138
177 105
95 62
27 27
0 5
21 9
91 44
169 74
236 99
275 123
265 134
210 125
128 85
48 37
1 1
3 0
56 25
138 66
220 107
271 134
277 144
236 132
162 101
80 58
15 17
0 0
25 1
101 37
189 85
257 128
281 148
257 142
197 115
115 76
39 35
0 5
7 0
64 21
152 64
232 111
277 142
273 148
226 126
150 91
68 50
9 17
0 1
37 9
115 44
201 91
263 132
281 150
250 140
183 109
101 68
31 29
0 3
13 1
78 27
167 72
244 117
279 146
267 148
214 125
138 85
58 46
5 15
5 9
48 23
121 48
203 83
263 119
281 138
244 134
169 103
85 56
21 17
0 0
23 11
91 41
181 82
253 123
283 146
261 146
201 121
121 78
44 33
0 3
3 0
58 17
144 58
226 105
275 140
275 148
232 132
158 97
74 54
13 15
0 0
31 9
107 42
193 87
259 126
281 148
253 142
189 113
107 70
35 31
0 5
9 3
72 25
158 66
238 113
279 144
271 148
220 126
142 87
64 46
7 15
0 1
41 11
123 48
208 97
267 134
279 152
248 138
179 107
95 66
25 25
0 3
21 11
89 42
166 72
234 99
277 125
269 138
212 126
128 85
48 35
3 1
3 0
54 23
134 62
218 103
273 134
279 146
236 134
164 103
80 58
17 17
0 0
25 3
99 37
187 83
255 126
283 146
259 142
199 117
117 76
41 35
0 5
5 0
64 21
152 62
232 109
277 140
275 148
226 128
152 91
70 50
11 15
0 0
35 9
113 42
201 89
263 130
281 148
250 138
183 107
101 66
31 29
0 5
13 3
78 29
166 72
242 117
279 146
269 150
216 126
136 85
58 44
7 15
7 13
46 23
117 46
203 80
267 119
281 144
242 138
169 101
87 52
25 17
0 3
23 13
91 42
179 82
251 121
281 146
261 146
203 121
123 78
46 33
0 1
3 0
56 19
144 60
224 105
275 138
277 148
232 132
158 97
76 52
13 15
0 0
29 7
105 41
193 87
259 126
281 148
255 140
191 113
109 72
37 31
0 5
7 0
70 25
158 68
236 113
277 142
271 146
222 126
144 89
64 46
7 13
0 0
41 11
121 48
207 93
265 132
281 150
248 138
179 107
97 64
27 27
0 5
21 13
83 41
162 66
236 95
277 126
269 142
212 128
128 85
50 33
3 0
3 0
54 25
134 64
218 103
271 132
279 146
238 136
166 105
82 58
17 15
0 0
25 3
97 39
185 83
255 125
281 146
259 142
197 117
117 76
42 37
0 7
5 1
62 21
150 62
230 109
25 140
275 146
228 128
152 93
70 50
11 15
0 0
33 7
113 41
199 89
261 130
281 150
251 140
185 109
103 68
33 29
0 3
11 3
76 27
164 70
240 115
279 144
269 150
216 126
138 87
60 46
9 19
5 13
42 21
115 42
201 76
267 119
281 146
244 140
171 103
89 56
25 17
0 3
21 13
89 41
177 78
250 117
281 144
263 148
205 123
125 78
46 33
0 3
1 0
56 19
142 58
224 103
275 138
277 150
234 134
160 99
78 54
13 17
0 0
29 7
105 41
191 85
257 126
281 146
255 142
193 115
111 72
35 29
0 3
9 1
68 25
156 66
234 111
279 142
273 150
222 128
146 89
64 46
9 13
0 0
39 11
119 46
205 93
265 130
281 150
248 140
181 109
97 66
27 27
0 5
23 17
80 39
160 62
236 93
281 128
271 146
142 128
130 83
52 33
5 3
1 1
50 25
7 62
216 101
21 125
277 148
238 136
166 103
64 58
19 17
0 0
23 3
95 37
60 83
3 125
281 146
253 142
199 119
119 78
42 35
0 5
5 0
62 21
140 62
228 107
9 140
275 148
226 130
154 95
72 52
11 17
0 0
33 9
111 44
199 89
11 130
281 148
253 140
187 109
105 70
33 29
0 3
11 1
76 27
164 70
240 115
19 144
269 146
220 126
140 89
60 46
9 17
5 11
41 17
109 41
203 78
17 123
281 146
236 138
171 101
91 54
25 19
0 3
19 11
87 39
171 78
250 119
279 146
261 146
205 121
126 78
48 35
0 5
1 0
54 17
140 56
218 103
23 138
277 150
236 132
162 97
78 54
15 19
0 1
27 7
101 39
189 83
0 126
281 148
257 142
195 115
113 74
39 33
0 5
9 1
68 23
156 66
234 111
25 142
273 148
224 128
148 91
66 48
0 15
0 0
39 11
117 46
203 91
263 132
281 150
248 138
183 109
101 68
29 29
0 9
21 17
78 33
156 58
236 93
281 130
271 148
214 128
132 83
54 33
5 3
3 3
50 25
130 60
214 97
21 130
279 148
240 140
160 105
68 56
19 15
0 0
21 5
93 37
183 82
253 123
281 146
251 144
201 119
121 80
44 37
0 5
3 0
60 19
146 60
228 107
25 140
275 146
230 128
154 93
74 52
13 17
0 0
31 9
111 42
197 89
259 128
281 148
255 142
189 113
105 70
33 29
0 3
11 1
74 25
162 68
238 113
21 144
271 148
218 126
142 87
62 46
11 19
1 9
37 13
113 37
203 78
267 123
281 148
244 138
173 99
93 54
27 21
0 5
19 11
87 37
175 76
248 119
281 146
263 148
207 121
126 78
48 35
1 5
1 0
54 17
138 56
222 101
273 138
277 150
236 134
162 97
80 54
17 19
0 1
25 7
101 37
191 82
257 126
281 148
257 142
195 115
113 72
39 33
0 5
7 1
66 23
154 64
234 109
277 142
273 150
224 130
148 91
68 48
9 15
0 0
37 9
117 44
205 93
265 132
281 150
250 140
183 107
101 68
29 31
0 11
19 15
74 31
156 54
236 93
281 132
271 150
214 128
132 82
56 35
7 7
1 5
48 25
130 58
216 97
269 132
277 148
240 136
167 103
87 58
19 17
0 0
21 3
93 37
183 80
251 123
281 146
261 144
203 119
123 80
44 37
0 7
3 0
60 21
144 60
224 105
275 138
277 148
230 132
156 95
74 52
13 17
0 1
31 9
107 41
197 87
261 128
281 148
253 142
189 111
107 70
35 31
0 5
9 1
72 25
160 66
238 115
279 146
271 150
220 128
144 89
64 50
13 23
0 11
33 11
111 33
203 76
267 123
281 150
244 138
175 103
95 56
29 23
0 7
17 11
85 35
50 68
248 119
31 148
263 148
208 121
128 78
50 35
1 5
0 0
52 17
3 56
220 101
5 136
277 148
236 134
164 99
82 56
15 17
0 0
27 7
101 41
187 83
255 125
281 146
250 142
197 115
115 74
41 33
0 5
7 1
64 21
152 64
232 111
277 142
273 148
226 128
150 91
68 48
9 13
0 0
37 13
115 46
201 91
263 130
281 150
251 142
183 111
101 68
31 29
1 13
17 15
70 27
154 50
238 93
283 136
271 152
214 128
134 82
58 35
7 9
1 7
46 25
128 56
214 95
269 130
279 148
240 138
171 105
87 56
19 17
0 0
21 5
91 37
179 80
1 121
281 146
253 144
203 121
123 78
46 37
0 5
3 0
56 19
142 58
226 103
275 138
275 148
232 132
158 95
76 52
13 17
0 0
29 9
107 41
195 87
259 126
281 148
255 142
191 113
109 70
35 29
0 3
11 1
70 27
158 68
236 113
279 144
271 150
220 128
144 89
64 48
15 23
0 9
31 7
111 33
203 78
267 126
281 150
244 138
177 101
97 58
29 25
0 7
17 11
85 35
173 72
246 117
279 146
265 148
208 123
128 78
50 35
1 7
1 0
52 17
134 54
218 97
273 136
279 152
238 138
164 101
82 56
17 19
0 1
23 7
97 37
187 82
255 123
281 146
259 142
132 115
117 74
41 33
0 3
0 0
64 21
17 62
228 105
9 138
275 150
228 132
150 93
70 48
11 15
0 1
31 11
113 42
76 89
13 128
281 148
251 140
185 109
103 68
33 31
0 13
13 13
68 23
29 48
238 93
33 138
271 154
214 130
134 80
60 33
7 9
1 9
44 25
126 54
212 91
19 130
279 150
242 142
171 103
89 56
21 15
0 0
19 5
82 35
52 68
1 119
283 146
255 146
205 121
125 80
46 39
0 7
1 0
58 19
142 58
224 103
7 138
277 146
234 130
158 95
78 52
15 17
0 1
29 9
105 41
193 85
259 128
281 148
255 142
193 113
111 72
37 33
0 5
7 0
70 23
158 66
236 113
277 144
273 150
224 128
146 93
66 52
13 25
0 7
29 5
111 31
203 78
267 126
281 150
246 138
177 101
99 58
29 25
0 9
15 9
83 33
171 72
246 119
279 146
265 148
210 123
130 80
52 37
1 7
0 0
50 15
134 54
218 101
271 136
277 152
238 136
166 101
83 56
19 21
0 1
25 7
95 37
183 80
255 123
283 148
259 146
199 119
119 76
42 35
0 7
5 1
62 21
148 62
230 107
275 140
275 148
228 130
154 93
72 50
9 15
0 0
33 9
113 42
199 89
261 130
283 150
253 144
187 113
105 70
33 31
1 15
13 15
64 21
152 44
238 93
283 140
271 154
216 128
138 80
60 35
9 9
0 7
42 23
125 52
210 91
269 130
279 150
244 142
173 105
89 58
21 17
0 0
21 5
89 37
177 78
250 119
281 144
263 146
205 123
125 82
48 37
0 7
3 0
56 19
138 56
224 103
275 138
277 150
232 132
160 95
80 54
15 19
0 1
27 7
103 39
193 83
250 126
281 148
255 142
195 113
111 72
37 33
0 5
9 1
70 23
156 64
234 111
277 144
273 150
224 130
146 91
68 52
15 25
0 5
27 5
109 29
203 78
267 126
281 152
246 138
179 101
101 58
31 27
0 9
13 9
82 31
171 72
244 117
279 146
265 148
212 123
132 80
52 39
3 9
0 1
48 15
132 52
218 99
271 138
279 152
240 136
167 101
85 58
19 21
0 1
23 5
95 35
185 80
253 123
281 146
261 144
201 117
121 76
42 35
0 5
5 0
62 21
146 60
228 107
277 140
277 150
230 132
154 95
72 50
11 15
0 0
33 9
111 42
197 87
261 128
281 150
253 142
189 113
107 70
35 33
3 17
9 9
62 15
152 44
238 95
281 142
271 156
216 126
140 80
62 37
7 13
0 9
42 23
125 50
208 91
267 128
279 150
246 142
175 107
91 58
23 17
0 0
19 7
87 35
175 76
248 117
281 146
263 148
207 123
126 82
48 37
0 5
1 0
54 19
140 58
222 103
273 136
277 148
236 134
162 99
78 54
15 17
0 0
27 7
103 41
189 85
257 126
281 148
257 144
130 115
113 64
39 33
0 5
5 1
66 23
156 64
234 111
277 142
273 150
224 128
150 91
72 54
13 25
0 1
25 0
109 27
203 78
265 126
281 150
248 138
181 101
101 60
31 29
0 9
13 9
80 31
169 70
244 115
279 146
267 150
212 123
132 80
54 39
3 9
0 0
48 15
132 52
216 97
269 134
279 150
242 138
169 103
85 58
19 19
0 1
21 5
93 35
173 76
253 123
281 148
261 144
201 117
121 76
44 35
0 7
5 1
60 21
146 60
228 107
275 140
275 150
226 130
156 93
74 50
13 15
0 0
31 7
109 42
195 87
259 128
283 150
255 144
189 115
107 72
37 33
1 17
7 7
62 13
152 44
238 97
283 142
271 154
216 126
140 80
64 39
9 15
0 11
41 21
123 48
210 91
267 130
277 152
244 140
177 105
93 60
23 19
0 0
17 5
87 33
175 76
248 119
279 146
265 148
208 123
128 82
48 39
1 7
1 0
52 17
136 56
220 103
273 138
277 150
236 132
164 97
82 56
17 21
0 1
25 5
101 39
189 83
257 126
281 148
257 144
197 115
115 74
41 33
0 5
7 1
66 23
152 64
232 109
277 142
275 150
226 130
150 91
74 54
15 27
0 3
23 0
107 25
203 78
267 130
279 152
246 138
183 101
103 62
33 31
0 11
11 9
80 29
167 68
242 115
277 146
267 148
212 121
136 80
56 39
3 11
0 1
46 15
130 52
214 97
269 136
279 150
242 136
169 103
87 58
21 21
0 1
21 5
93 35
181 78
251 121
281 146
261 144
203 119
123 78
44 35
0 7
3 1
58 21
144 60
226 105
275 138
275 150
232 132
156 95
74 52
13 15
0 0
31 9
107 41
195 87
261 128
281 150
255 142
193 115
109 74
39 39
1 17
5 5
60 9
150 42
238 99
281 144
269 152
220 125
144 82
64 41
9 17
0 11
41 21
121 48
207 89
267 130
279 152
246 142
175 105
93 56
25 19
0 1
15 7
21 33
173 66
248 117
31 146
265 148
210 125
130 83
50 31
0 5
1 0
52 19
128 58
220 101
5 136
277 148
238 126
164 99
82 56
17 19
0 0
25 7
95 39
187 83
5 125
281 148
259 142
197 115
115 74
41 35
0 7
5 1
64 21
152 64
232 109
27 142
273 150
228 130
152 95
74 58
13 27
0 0
25 0
109 27
201 80
263 128
281 152
250 138
185 105
103 64
33 31
0 9
11 7
78 29
166 70
242 115
279 148
267 150
214 125
136 82
56 41
3 11
0 0
46 13
128 50
214 97
269 136
279 152
242 136
171 103
89 60
21 23
0 1
21 5
91 35
179 78
250 119
281 146
263 148
205 121
123 78
46 35
1 7
5 1
56 21
142 58
226 103
275 138
275 150
232 132
158 95
76 52
13 17
0 0
29 7
107 41
195 87
259 128
281 150
255 144
191 115
109 72
39 37
1 19
3 3
58 7
152 42
238 99
281 146
271 154
218 125
144 80
66 41
9 19
0 11
39 17
119 44
207 87
267 130
281 154
246 142
177 103
95 58
27 21
0 1
15 5
85 33
173 74
246 117
279 146
267 150
210 126
130 83
50 39
1 7
0 0
50 15
134 54
218 101
271 136
277 150
238 136
166 99
83 56
19 21
0 1
23 7
99 37
185 82
255 125
281 146
251 142
199 117
117 76
42 33
0 5
7 1
64 23
150 62
230 109
27 140
275 150
228 132
154 97
76 60
11 23
0 0
23 0
107 27
201 80
263 128
281 150
251 138
187 105
107 66
35 33
0 9
11 5
76 27
39 68
240 115
19 146
267 148
216 123
138 82
58 41
5 11
0 0
44 15
126 48
205 97
19 136
279 152
242 138
171 101
89 60
23 25
0 3
19 5
89 31
179 76
250 121
281 148
263 146
205 117
125 78
46 39
0 9
1 1
56 19
142 58
224 105
273 140
277 150
234 134
160 97
76 54
13 17
0 0
29 7
107 41
193 87
259 128
283 150
255 144
193 115
111 74
42 41
0 19
0 0
56 3
152 44
240 103
281 150
271 154
220 123
146 82
68 44
9 21
0 9
39 15
119 44
205 87
263 130
281 152
248 142
179 105
95 58
27 23
0 3
15 7
82 33
169 70
246 115
281 146
267 148
210 123
132 82
54 39
1 9
0 0
48 15
132 52
218 99
271 136
277 150
240 134
166 99
85 58
19 21
0 1
23 5
97 35
185 80
253 123
281 148
259 144
199 117
119 74
42 35
0 7
5 1
62 21
148 62
230 107
275 142
275 152
230 132
156 97
80 62
11 23
0 0
23 0
109 29
201 83
261 130
279 148
251 136
189 105
107 68
35 35
0 11
11 5
74 25
162 66
240 115
277 146
269 148
216 123
138 82
58 42
5 13
0 1
42 13
125 46
210 95
269 136
279 152
244 138
175 103
91 60
23 25
0 1
19 5
87 33
177 74
248 121
281 146
265 146
207 121
126 80
48 37
1 9
0 1
46 17
140 56
220 103
9 138
277 150
234 132
162 97
64 56
15 21
0 1
19 7
41 39
62 85
7 128
281 150
251 144
125 115
113 76
44 44
0 15
0 0
48 0
27 44
238 107
29 150
271 152
222 123
148 82
66 46
3 23
0 9
37 15
109 41
205 87
15 132
279 154
248 140
179 101
99 58
29 25
0 5
13 5
82 29
169 70
244 117
279 146
267 150
212 125
132 83
54 41
0 9
0 0
48 15
0 52
154 99
271 136
279 150
240 136
167 101
85 58
19 21
0 1
23 5
95 35
183 80
253 125
281 148
259 144
201 119
121 78
44 37
0 7
3 0
60 19
148 60
228 109
275 142
277 152
232 136
158 101
78 62
9 21
0 0
23 0
109 29
199 82
261 130
281 148
253 136
189 105
109 70
35 37
0 11
9 3
74 23
162 66
238 115
277 144
267 146
218 119
142 83
60 44
5 13
0 0
42 13
125 48
208 95
267 136
279 152
244 138
175 103
93 62
23 23
0 3
19 5
87 31
175 76
250 121
281 148
265 148
208 121
128 80
50 39
1 9
1 0
54 15
140 56
222 103
273 140
277 150
236 132
162 99
80 54
15 19
0 1
27 7
101 39
189 83
257 126
281 150
259 144
197 117
117 78
46 46
0 13
0 0
56 0
156 48
238 113
277 152
271 150
224 121
152 85
70 52
9 25
0 7
35 9
117 41
203 87
263 134
279 152
250 138
183 103
99 60
29 25
0 5
13 5
80 27
167 68
244 115
281 148
267 150
212 125
132 82
56 41
3 11
0 1
46 15
130 50
216 97
271 134
277 150
240 134
169 101
87 60
21 21
0 1
23 5
95 35
181 80
251 123
281 148
261 146
201 117
121 76
44 35
0 9
5 3
60 21
146 60
228 107
277 142
275 152
232 134
162 103
78 62
7 19
0 0
25 0
109 31
199 85
259 130
279 146
253 136
193 109
109 74
35 37
0 7
9 1
74 23
162 68
236 115
277 144
271 146
220 123
142 85
60 44
5 13
0 1
41 11
123 46
208 95
267 136
281 152
246 138
175 105
93 62
25 25
0 1
17 3
85 31
173 74
248 119
281 146
265 148
208 123
128 80
50 39
1 9
1 1
52 19
136 56
220 101
273 138
277 150
236 132
164 99
82 56
17 21
0 1
27 9
101 39
189 83
255 126
281 148
257 144
197 117
119 80
44 48
0 9
0 0
60 0
154 52
236 113
275 148
271 146
226 121
152 87
70 54
9 27
0 5
35 9
115 39
201 89
263 134
279 152
250 138
183 103
101 62
29 27
0 5
13 1
80 27
167 70
242 117
279 148
267 150
216 125
136 83
56 42
3 11
0 0
48 15
128 52
214 97
269 134
279 150
242 136
169 101
87 58
21 21
0 1
21 5
91 35
179 78
251 121
281 148
263 146
203 119
125 76
46 37
0 9
3 1
60 21
144 60
226 107
275 140
277 150
234 134
166 107
78 62
3 13
0 0
27 0
109 33
195 85
257 128
281 144
255 136
193 109
111 74
37 39
0 9
9 1
72 23
158 68
236 115
277 144
269 146
220 123
144 85
62 46
7 15
0 1
41 11
123 46
207 93
265 134
279 152
248 138
177 105
95 62
25 23
0 0
17 1
85 31
173 74
248 119
281 146
265 148
210 123
128 82
52 41
1 11
1 1
52 17
136 56
220 101
271 138
277 150
238 134
166 99
83 58
17 21
0 1
25 7
99 37
187 83
253 125
283 150
261 146
199 119
121 85
42 44
0 0
0 0
60 1
154 56
234 113
275 146
273 144
226 121
154 89
74 58
11 27
0 5
33 5
115 39
201 91
261 134
279 150
250 136
185 103
103 64
31 31
0 7
13 3
78 25
166 68
240 117
29 148
269 150
216 125
136 83
56 41
0 11
0 0
46 15
126 50
205 97
19 126
279 152
242 138
171 103
89 60
21 21
0 1
19 3
91 31
181 78
251 123
281 148
263 146
205 121
125 80
46 39
0 9
3 1
58 19
142 60
224 105
25 142
277 152
236 138
164 107
74 58
3 9
0 0
29 0
109 35
187 87
257 126
281 144
257 138
195 115
111 78
35 39
0 5
9 0
70 23
158 68
234 115
277 142
271 142
222 123
146 87
64 48
7 15
0 0
41 11
119 46
205 93
265 134
281 152
248 140
177 105
97 62
29 27
0 3
15 3
83 29
171 74
246 119
279 146
267 146
212 123
132 82
52 41
1 9
0 1
50 17
134 54
218 101
271 138
277 152
238 134
166 99
83 56
19 21
0 3
25 5
97 37
187 82
255 126
283 152
259 146
201 121
125 87
41 42
0 0
0 0
62 3
154 60
232 115
275 144
273 142
230 123
156 95
72 58
11 23
0 0
35 5
111 41
197 91
261 132
281 150
251 136
185 105
103 66
31 29
0 5
11 1
76 23
166 68
242 117
279 146
269 148
216 123
140 83
58 44
5 13
0 1
44 13
126 48
210 95
267 136
279 152
244 138
173 103
91 60
23 23
0 1
19 5
87 33
177 76
250 121
281 146
263 146
205 119
125 78
48 37
1 9
1 1
56 19
142 58
224 105
9 142
273 152
240 138
166 109
72 56
0 7
0 0
29 0
107 39
191 87
5 125
281 142
251 140
195 117
111 78
37 37
0 5
1 0
68 21
21 66
234 113
19 142
271 144
222 125
146 87
66 48
0 13
0 0
39 11
119 46
205 95
265 134
281 150
248 138
179 107
97 64
27 27
0 1
15 3
82 29
169 72
244 119
281 146
267 146
212 123
132 83
54 41
3 11
0 1
48 15
134 52
218 101
271 138
277 150
238 134
167 99
85 58
19 21
0 1
23 5
97 35
183 82
253 125
283 150
261 146
205 125
125 89
37 35
0 0
0 0
64 9
150 64
228 113
273 138
275 140
232 126
158 99
72 62
11 23
0 0
33 3
111 41
197 93
259 132
279 146
251 134
187 105
105 68
33 31
0 3
11 0
76 23
162 70
240 117
279 146
271 148
218 123
138 83
58 44
7 13
0 1
42 13
123 48
210 95
15 126
279 152
244 138
173 103
91 60
23 23
0 1
17 3
87 33
177 76
250 121
279 146
265 146
207 121
126 82
48 39
1 9
1 0
54 17
140 58
222 107
9 142
279 154
242 144
162 107
70 50
5 3
0 0
29 0
103 37
189 85
5 123
283 144
251 142
197 119
109 80
31 37
0 3
7 0
68 23
154 66
232 111
25 138
273 144
224 126
148 91
66 48
1 13
0 0
39 9
117 46
203 93
13 132
281 148
250 138
181 107
99 66
29 27
0 3
13 3
80 27
169 72
244 117
279 146
267 146
212 123
134 83
54 42
1 9
0 0
50 15
132 54
216 99
269 136
279 150
242 134
169 101
85 58
19 21
0 1
23 5
95 35
183 82
253 125
281 148
261 146
207 126
123 87
35 29
0 0
0 0
62 13
150 68
226 113
273 136
277 140
234 130
158 103
74 62
11 19
0 0
31 3
109 42
195 91
259 130
281 146
253 136
189 109
107 70
35 31
0 3
1 0
74 23
5 62
238 117
29 146
271 146
220 125
142 87
60 46
5 13
0 0
42 9
125 48
208 97
267 134
281 150
246 136
175 105
91 62
23 25
0 1
19 3
87 33
175 76
248 119
281 146
265 146
208 123
126 82
48 39
1 9
1 1
54 17
138 58
222 105
273 140
281 156
244 146
160 103
70 46
7 1
0 0
29 3
101 41
187 83
255 121
283 142
261 144
197 121
113 80
39 35
0 3
7 1
64 25
152 64
232 109
27 140
273 146
130 126
140 91
68 50
1 13
0 0
37 1
37 46
203 93
5 132
281 148
250 140
175 109
101 68
29 27
0 1
5 1
80 27
11 72
242 117
29 146
269 146
144 123
134 85
56 44
3 11
0 0
46 13
130 52
144 99
19 128
279 150
240 136
169 103
87 60
21 23
0 3
21 5
93 37
48 80
1 125
281 148
265 150
210 132
119 83
33 21
0 0
3 0
62 19
144 66
224 107
25 132
279 142
234 134
158 105
74 60
13 17
0 0
31 5
107 42
195 89
259 128
279 142
253 136
191 111
107 72
35 33
0 5
9 0
72 25
156 70
238 115
21 144
271 146
220 125
142 87
62 44
5 11
0 0
41 11
123 46
208 93
267 134
281 150
246 138
177 105
95 62
27 25
0 3
17 1
85 29
175 76
248 121
281 146
265 146
210 121
130 82
50 41
1 9
1 0
52 17
138 56
220 105
273 140
283 158
240 144
158 99
70 42
11 3
0 0
27 5
97 39
185 80
255 119
283 144
261 146
199 123
117 80
41 35
0 3
5 0
64 25
150 66
230 107
275 138
273 146
226 126
150 93
70 48
9 13
0 0
37 9
115 46
201 91
263 130
281 148
250 138
183 109
101 66
31 29
0 3
11 1
78 25
167 70
242 117
279 146
269 148
214 125
136 83
56 44
3 11
0 0
46 15
128 52
214 99
269 136
279 150
242 136
171 103
87 60
21 23
0 1
21 7
93 37
181 80
251 123
283 150
267 156
207 132
117 78
35 17
0 0
5 0
60 23
144 66
224 103
275 132
279 146
236 138
158 107
76 58
13 15
0 0
31 7
105 42
191 87
257 123
283 144
255 140
191 113
109 74
37 31
0 3
9 1
70 25
158 68
236 113
279 144
271 148
220 125
142 87
64 46
9 15
0 0
41 11
121 46
207 95
265 132
281 150
248 138
179 105
95 64
25 25
0 1
17 5
83 31
171 74
246 117
281 146
267 148
210 123
130 82
52 39
3 9
1 0
52 17
134 56
220 103
275 142
285 162
236 140
156 93
74 42
15 5
0 0
25 5
97 37
185 78
255 121
283 148
261 150
199 123
117 78
41 31
0 5
5 1
62 23
148 62
230 105
275 138
275 148
226 130
150 91
70 48
11 15
0 1
33 11
113 42
201 89
263 130
281 150
251 140
185 111
103 68
31 27
0 1
11 1
78 29
166 72
240 115
279 144
269 148
216 125
138 85
58 42
5 11
0 0
44 13
126 48
212 95
269 136
279 152
244 136
173 103
91 60
21 25
0 3
19 5
91 35
179 80
250 123
281 150
269 158
205 128
115 70
37 13
0 0
7 0
58 25
140 62
222 97
275 130
281 150
236 142
158 107
76 56
15 13
0 0
29 9
103 42
191 85
257 123
281 144
255 140
193 115
111 74
37 31
0 3
9 1
70 27
158 70
236 113
277 142
273 146
222 126
144 89
64 46
9 13
0 0
39 11
119 46
207 93
265 132
281 150
248 140
179 105
97 64
29 25
0 3
15 3
82 29
171 72
246 119
281 146
265 146
212 123
132 83
54 42
1 11
0 0
50 17
134 54
220 103
275 144
283 162
234 138
156 89
76 41
17 9
0 0
23 7
93 35
183 74
255 119
283 150
261 152
199 121
119 76
42 33
0 5
3 1
60 23
148 60
230 103
277 138
273 150
228 130
154 95
72 50
11 15
0 0
33 9
111 44
199 87
261 128
281 148
253 142
185 111
103 66
33 27
0 3
11 3
74 27
164 68
240 115
279 144
269 148
216 125
140 85
60 44
5 11
0 0
44 13
126 50
212 97
267 134
279 150
244 138
175 103
91 62
23 23
0 1
19 3
89 33
177 78
250 123
285 154
269 160
201 123
115 62
41 13
1 0
5 1
56 23
138 56
224 97
277 136
279 154
236 142
160 103
78 54
15 13
0 0
27 9
103 41
191 83
257 123
281 144
257 142
195 117
113 74
37 31
0 3
7 1
68 25
154 66
234 109
279 142
273 148
224 128
146 91
66 48
9 13
0 0
37 9
119 46
205 93
265 132
281 150
248 140
181 107
97 64
29 25
0 1
15 3
82 29
169 74
244 117
279 146
267 148
212 123
132 82
54 42
3 13
0 3
48 17
132 54
220 103
279 148
279 162
230 132
158 85
82 41
21 11
0 0
21 5
95 31
185 74
255 123
283 152
261 150
201 121
121 76
42 33
0 5
3 1
60 21
146 58
228 103
275 138
275 150
230 134
154 95
74 50
13 15
0 0
33 9
109 42
199 87
259 128
281 148
251 140
189 111
107 70
33 31
0 3
11 1
74 27
162 70
238 115
279 144
269 148
218 126
140 85
60 44
7 13
0 1
42 13
123 50
210 95
269 134
279 150
244 138
173 103
93 60
25 25
0 3
17 5
89 33
177 76
248 121
287 158
267 158
199 117
115 58
44 17
3 1
3 3
54 23
136 52
222 93
277 136
279 158
236 144
162 103
78 52
17 15
0 0
25 11
101 41
189 80
257 121
281 146
255 142
195 115
115 74
39 33
0 3
7 1
66 25
154 64
234 109
277 142
273 148
224 128
148 91
66 48
1 13
0 0
37 11
117 46
203 91
263 130
281 148
250 140
181 109
99 66
29 27
0 1
15 1
80 31
167 74
244 119
281 146
267 146
207 123
134 83
56 42
3 11
0 0
48 17
125 56
218 105
9 146
275 154
230 126
160 85
83 44
21 17
0 1
21 5
93 31
183 74
255 123
283 154
261 152
201 119
121 74
44 35
0 9
3 3
58 19
144 56
226 103
275 138
273 150
230 132
156 93
74 50
13 15
0 0
31 11
109 42
197 87
259 128
283 148
255 142
189 111
105 68
35 27
0 3
11 3
72 25
158 66
238 111
279 144
271 150
218 126
142 87
62 44
7 13
0 0
41 13
123 48
210 93
267 134
279 148
246 138
177 105
95 62
25 23
0 1
17 5
87 33
175 78
250 125
287 160
263 152
197 109
119 56
50 23
5 9
1 7
50 19
136 48
222 95
275 140
279 160
236 142
164 97
80 50
17 17
0 3
25 11
99 39
187 78
255 119
281 146
259 146
197 119
115 74
39 29
0 5
7 3
66 27
152 64
232 107
277 140
273 148
226 130
150 91
68 48
9 13
0 0
35 9
115 46
203 91
263 130
281 148
250 138
183 109
101 66
31 27
0 3
13 1
78 29
166 70
242 115
281 144
269 150
214 125
136 85
56 44
5 11
0 1
48 17
130 54
220 105
7 146
271 150
230 123
166 83
89 48
23 19
0 1
15 1
91 27
185 76
255 128
281 154
261 148
205 117
123 76
44 37
0 9
1 1
58 17
144 54
226 101
275 138
275 150
232 132
156 93
74 48
13 17
0 3
31 11
107 41
195 83
259 126
281 148
251 142
128 113
109 62
31 29
0 3
1 1
72 25
0 66
236 111
15 142
271 140
220 126
142 87
62 44
5 11
0 0
42 11
123 48
207 93
15 132
281 150
246 138
177 105
95 62
27 27
0 5
17 7
85 33
173 76
3 128
285 160
250 146
197 103
125 58
52 31
3 13
0 5
50 13
136 46
222 97
15 144
279 160
236 140
156 97
82 50
17 19
0 3
23 7
99 35
187 76
255 123
281 148
259 146
197 117
117 72
41 31
0 7
5 3
64 25
150 62
232 107
25 140
273 148
228 130
152 91
70 50
9 15
0 0
35 11
115 44
201 91
261 130
281 150
250 140
185 109
103 64
31 27
0 5
13 3
78 27
166 70
242 117
279 146
269 150
216 125
138 85
58 42
3 13
0 1
46 15
130 54
220 109
267 142
269 142
234 123
169 89
89 52
21 23
0 0
19 0
91 27
181 78
253 126
281 154
263 148
205 117
123 76
46 37
0 9
1 0
56 15
142 54
226 101
273 140
275 150
232 130
160 95
78 52
13 19
0 1
29 7
107 41
193 85
257 126
281 148
255 142
193 113
109 70
35 29
0 3
9 1
70 23
158 66
236 111
279 144
271 148
220 126
144 87
64 44
7 13
0 1
39 13
121 48
207 93
267 132
279 150
248 140
179 107
97 64
27 27
0 3
17 5
83 33
173 76
251 130
279 154
255 136
201 99
130 64
54 37
3 17
0 3
48 9
136 46
222 101
25 148
279 160
236 136
166 95
68 46
17 21
0 5
21 5
97 31
187 76
253 123
281 150
259 146
201 115
119 72
41 33
0 7
5 3
62 21
150 60
230 107
275 140
273 150
228 130
152 93
70 48
11 15
0 1
35 11
111 42
199 89
261 130
281 150
251 140
185 109
103 68
31 27
0 1
11 1
76 27
166 70
240 115
279 144
269 146
216 125
138 85
58 44
5 13
0 1
46 19
130 58
216 109
263 136
269 138
236 119
173 89
91 58
21 23
0 0
21 0
91 29
181 80
251 128
281 152
261 146
207 117
125 80
46 41
0 9
1 0
56 13
140 54
224 103
273 140
277 150
234 132
160 95
78 54
15 19
0 1
27 7
103 37
191 83
259 128
281 152
255 144
193 113
111 70
37 33
0 5
7 1
68 23
156 64
236 111
277 142
271 146
222 126
148 89
66 48
7 13
0 0
39 11
121 46
205 93
263 132
281 150
248 140
181 107
97 64
29 25
0 3
15 5
82 31
175 82
250 130
275 148
255 128
205 97
134 70
56 44
1 17
0 0
50 7
136 48
220 107
271 148
279 156
240 132
167 97
83 56
17 23
0 3
21 3
95 31
183 76
253 123
281 150
261 146
201 115
119 74
42 35
0 9
0 3
52 19
148 58
230 105
9 142
275 152
228 130
154 91
72 50
11 15
0 1
33 9
111 41
195 87
11 130
281 150
250 142
187 111
97 68
33 29
0 3
11 3
74 27
164 70
240 115
21 144
269 148
218 125
140 87
60 46
5 13
0 1
46 17
125 62
212 107
7 130
269 126
242 121
175 95
91 62
21 25
0 0
19 0
91 31
179 82
248 128
281 150
263 144
205 117
125 80
48 39
1 9
1 0
54 15
138 54
222 103
275 140
277 150
234 130
162 95
80 54
15 21
0 1
27 5
103 37
191 83
257 126
281 148
257 142
195 115
113 72
37 31
0 5
9 1
68 23
154 64
234 109
277 140
273 148
224 126
148 89
68 48
9 15
0 0
37 9
117 44
205 93
265 134
281 150
250 138
181 109
99 66
29 29
0 5
15 3
82 29
175 82
246 128
269 138
257 125
210 103
136 80
56 48
1 15
0 0
50 7
134 52
218 107
271 146
277 152
240 132
167 97
85 58
19 25
0 3
21 1
95 29
183 78
251 125
281 150
261 144
203 115
121 76
44 37
0 9
3 3
60 21
146 58
226 105
275 140
275 150
230 130
154 93
72 48
13 15
0 1
33 9
109 41
197 87
261 128
281 150
253 142
187 111
105 68
35 31
0 5
9 3
72 25
162 68
240 115
279 144
271 150
218 126
142 87
60 46
5 13
0 1
46 19
128 60
205 99
255 125
273 132
246 125
177 99
91 62
23 21
0 0
19 0
87 31
177 82
248 126
281 148
265 144
208 119
126 82
48 41
0 7
1 0
54 13
138 54
222 103
273 138
277 148
236 130
164 97
80 56
15 21
0 0
27 5
101 37
189 82
255 125
281 148
257 142
197 115
115 74
39 35
0 5
7 1
66 21
154 64
232 109
277 142
273 148
224 128
150 91
68 48
9 15
0 0
37 9
117 44
203 91
263 132
281 150
250 140
183 109
99 64
31 27
0 5
13 5
82 35
173 83
240 119
269 130
259 125
214 111
138 85
56 48
1 9
0 0
48 7
134 56
216 109
269 144
277 148
242 130
171 101
85 62
19 25
0 0
21 0
93 29
183 80
251 125
281 148
263 144
203 115
121 78
44 39
0 9
3 1
58 17
144 58
226 105
275 142
275 150
230 130
156 93
74 52
13 17
0 1
31 7
109 41
195 85
257 126
281 148
255 142
191 113
109 70
33 31
0 5
11 3
72 25
158 68
238 113
279 144
271 148
220 126
142 87
62 46
7 15
0 3
48 21
125 58
199 93
255 119
275 132
248 128
177 103
93 62
25 21
0 0
19 1
87 37
175 82
246 123
281 144
265 144
208 121
126 82
48 39
0 5
1 0
52 13
138 56
220 103
273 138
277 148
236 132
164 97
82 56
17 21
0 0
25 5
101 37
187 83
255 126
281 148
259 142
197 115
115 74
41 33
0 5
7 0
64 21
152 64
232 109
277 142
275 150
226 128
150 91
68 50
9 15
0 1
35 9
113 42
201 89
265 132
281 150
250 142
185 111
103 68
31 29
0 5
13 5
83 39
169 83
232 111
267 123
265 126
218 119
138 91
56 46
3 5
1 0
50 13
130 60
214 107
267 138
279 144
242 132
171 103
87 64
19 25
0 0
21 0
91 31
181 82
251 126
281 146
261 142
205 117
123 78
46 41
0 9
3 0
58 17
144 60
224 107
273 140
277 150
232 132
158 95
74 52
13 19
0 1
29 7
105 41
193 85
259 128
281 148
255 142
191 113
109 72
37 31
0 5
9 1
72 25
160 66
238 113
277 144
271 150
222 128
144 89
64 46
7 13
1 3
46 23
119 54
195 87
257 117
279 134
248 134
179 107
93 62
25 19
0 0
19 5
78 37
171 82
248 121
281 144
265 144
208 121
128 83
50 41
1 5
0 0
52 13
136 56
218 105
271 138
277 148
238 134
166 101
82 58
17 21
0 0
25 5
99 37
185 82
255 125
281 148
259 142
199 115
117 74
42 33
0 5
5 0
64 21
152 62
232 109
277 142
275 150
228 130
152 93
70 50
11 15
0 0
35 9
113 42
201 89
263 128
281 148
251 140
185 111
103 68
31 29
0 5
15 7
83 41
162 76
230 101
271 121
269 132
218 125
138 91
56 42
5 3
1 0
48 17
128 62
212 105
269 134
279 142
242 132
173 105
89 64
21 23
0 0
21 0
91 33
179 80
250 123
281 144
263 142
205 119
125 80
46 41
0 9
3 0
56 17
142 56
226 105
273 140
275 148
232 130
160 95
78 54
15 19
0 0
29 5
105 39
193 85
257 128
281 150
255 142
193 113
111 72
37 31
0 3
9 1
70 23
158 66
236 111
279 144
271 150
222 128
146 91
66 50
9 19
3 9
42 21
113 44
195 80
259 117
281 140
248 136
179 107
95 62
27 21
0 0
19 7
83 37
171 78
246 119
279 144
267 146
210 125
130 82
50 37
1 3
1 0
50 17
134 54
218 99
273 136
279 148
238 134
166 101
85 58
19 21
0 0
23 3
97 35
185 82
253 125
281 146
259 142
199 117
119 76
42 35
0 5
5 0
62 19
150 60
230 109
277 142
275 150
228 130
152 91
70 50
11 17
0 1
33 9
113 44
199 89
263 130
283 152
253 142
187 111
105 70
33 31
0 7
15 11
80 39
156 68
220 95
7 123
271 138
220 128
130 91
58 42
5 5
1 0
46 21
126 60
210 103
17 132
250 144
173 136
173 105
89 62
23 19
0 0
19 1
89 33
177 78
250 121
281 144
263 144
205 119
125 80
46 39
1 7
1 0
56 17
140 58
222 105
273 138
275 148
234 130
162 97
78 56
15 19
0 1
29 7
103 41
191 85
257 128
283 150
255 142
193 113
111 72
39 31
0 5
7 1
68 21
156 64
236 113
279 146
271 150
130 128
140 91
68 50
3 19
3 11
37 19
109 39
195 76
263 115
283 142
250 140
179 107
97 60
29 21
0 3
17 9
82 37
169 76
246 115
29 142
267 148
210 125
132 83
52 31
1 5
0 0
48 15
0 54
154 101
19 126
279 148
177 136
167 103
85 58
19 21
0 0
23 5
95 35
183 80
253 123
283 148
261 144
201 117
119 76
44 35
0 7
5 1
52 21
146 60
228 107
9 138
275 148
132 132
156 95
64 52
11 17
0 0
33 9
111 44
199 89
11 128
281 148
250 140
189 113
97 72
33 31
0 5
19 13
72 35
25 58
230 89
29 126
273 146
218 132
138 87
60 39
9 5
1 1
44 23
125 58
208 97
17 128
279 146
244 138
173 107
91 62
23 19
0 0
19 0
89 35
177 80
248 121
31 144
265 144
208 123
126 83
48 41
1 5
1 0
54 17
138 56
222 103
23 138
277 146
236 130
162 97
80 54
17 19
0 0
27 5
101 37
189 83
0 126
283 150
257 144
195 115
113 74
39 33
0 5
1 1
68 23
154 64
234 111
19 142
273 150
226 130
148 91
68 50
15 23
1 11
31 13
105 35
197 74
15 121
283 146
248 140
181 103
101 60
31 25
0 7
15 9
82 33
167 74
244 115
279 144
267 148
212 125
132 82
54 37
1 7
0 0
48 15
132 52
214 97
271 134
279 150
242 136
167 103
85 58
19 21
0 0
23 5
95 37
183 82
251 125
281 146
261 144
203 119
121 78
44 37
0 7
5 0
60 19
146 60
228 107
275 140
275 150
230 130
156 97
72 52
13 17
0 0
31 9
107 41
195 87
259 128
283 150
255 144
189 113
107 72
35 33
0 11
15 17
66 25
148 48
232 89
279 132
273 152
218 132
140 85
62 37
9 7
0 5
42 23
123 54
208 93
267 126
279 148
244 140
173 105
93 60
25 19
0 0
17 5
87 35
175 78
248 119
281 146
265 146
208 123
128 82
50 31
1 7
1 0
52 17
5 56
220 103
273 138
277 148
236 132
164 99
80 56
15 17
0 0
29 7
101 41
189 83
255 125
283 148
259 144
197 117
113 74
39 33
0 5
7 0
66 23
152 64
234 111
277 144
273 150
226 130
150 93
72 54
17 27
0 7
25 3
105 29
199 74
265 125
281 150
250 140
181 103
101 60
33 27
0 9
13 11
78 31
167 70
242 113
277 144
267 150
214 125
134 82
56 39
3 7
0 0
46 15
130 52
214 97
269 134
279 150
242 136
171 103
87 60
19 21
0 0
21 5
93 37
181 80
251 123
281 146
263 144
203 119
123 78
44 35
0 7
5 1
58 19
144 60
226 107
275 140
275 150
232 132
156 95
74 52
11 15
0 1
31 9
109 44
195 89
259 128
281 150
255 144
191 115
109 72
37 33
1 15
11 11
60 17
148 44
234 93
283 140
273 154
220 130
142 82
64 37
11 15
0 9
41 21
119 46
208 89
267 130
279 154
244 142
177 97
95 58
25 19
0 1
17 5
78 33
48 66
248 117
31 144
267 148
210 125
128 83
50 31
1 7
1 1
52 19
128 56
220 101
5 136
277 148
238 126
166 99
82 56
17 19
0 1
25 5
99 37
187 80
0 125
283 150
257 144
197 115
117 74
41 35
0 5
5 1
64 23
27 64
232 109
275 142
275 150
226 130
152 93
74 56
15 27
0 3
25 0
107 27
201 78
265 128
281 150
250 138
183 103
105 62
33 31
0 11
13 7
78 29
166 70
242 115
279 146
267 148
214 123
136 80
56 39
5 9
0 1
46 15
128 50
214 97
269 134
279 152
242 138
171 103
87 58
21 21
0 1
21 5
91 35
179 78
250 119
281 146
263 146
205 119
125 78
46 37
0 7
1 0
56 17
144 60
226 107
273 140
275 150
234 132
160 97
76 54
13 17
0 0
29 9
105 41
193 85
259 128
281 150
255 142
193 115
111 72
41 39
1 19
3 3
58 7
150 42
238 99
281 146
271 156
220 126
144 80
66 41
9 17
0 9
41 19
121 46
207 89
265 130
279 152
246 142
177 105
95 58
25 21
0 1
15 5
83 31
171 72
246 115
281 144
265 148
210 123
130 80
52 39
3 9
0 1
50 17
136 54
218 99
271 136
277 150
238 134
166 101
83 56
17 21
0 1
23 5
99 37
185 82
253 123
283 148
259 144
199 119
117 76
42 33
0 5
5 0
64 23
150 64
230 111
277 142
275 150
228 132
154 97
78 62
11 25
0 0
23 0
109 27
203 82
263 130
279 150
251 136
187 105
105 68
33 35
0 11
11 5
76 27
164 68
240 115
279 146
269 150
216 123
136 82
58 41
5 11
0 1
44 15
126 50
212 95
269 136
279 152
244 138
173 103
89 60
21 21
0 1
19 5
91 35
177 78
250 121
279 146
263 144
205 119
126 80
46 39
0 7
3 1
58 19
142 58
224 105
273 140
277 148
234 132
160 97
78 54
15 17
0 0
29 7
105 39
193 85
257 126
283 150
257 144
195 117
111 74
42 41
0 13
0 0
58 3
154 46
238 107
279 148
271 152
222 123
146 82
68 44
9 21
0 9
39 13
119 42
207 89
265 132
279 154
248 140
179 103
97 60
27 23
0 5
15 5
82 29
171 70
246 117
281 148
267 150
212 123
132 82
52 39
1 9
0 1
50 19
132 54
216 97
271 134
277 150
240 136
167 99
83 56
19 19
0 0
23 5
97 37
185 82
253 123
281 146
259 142
201 117
121 76
42 37
0 7
5 0
62 21
150 62
230 109
275 142
275 150
230 132
158 101
76 60
7 19
0 0
25 0
111 29
199 83
261 130
281 148
253 136
189 107
107 70
33 35
0 7
13 3
74 25
162 68
240 115
279 146
269 146
216 123
140 83
60 42
5 11
0 0
44 13
126 50
210 95
267 134
279 150
244 138
175 105
91 60
23 23
0 1
19 5
89 33
175 78
248 121
281 146
263 146
207 121
125 80
48 37
1 5
1 0
56 17
140 58
224 105
273 140
277 150
236 134
162 99
78 56
15 19
0 0
29 5
103 39
191 85
257 126
281 148
259 144
195 117
117 80
44 44
0 9
0 0
60 0
154 50
238 113
277 150
271 148
222 119
150 83
68 52
9 25
0 7
37 9
119 41
203 89
263 132
279 150
250 138
181 103
99 62
27 27
0 5
15 5
82 29
169 70
244 117
281 146
267 150
212 123
132 82
54 41
0 9
0 1
48 15
132 54
216 99
271 136
277 150
240 136
169 99
85 58
19 21
0 1
23 7
95 37
183 80
253 123
281 148
261 146
201 119
119 76
42 33
0 5
5 1
60 23
146 62
220 107
9 142
277 152
232 136
162 105
74 60
3 13
0 0
25 0
111 33
201 87
259 130
279 146
253 136
191 109
109 76
33 37
0 7
11 1
74 23
162 68
238 117
277 144
269 146
218 123
140 83
60 44
5 13
0 1
42 13
125 48
208 95
267 134
281 150
246 138
175 105
93 62
25 25
0 1
17 3
87 33
175 76
248 119
281 146
263 144
208 121
126 80
48 39
1 9
1 1
54 19
138 58
220 103
273 138
277 150
236 134
162 99
80 54
15 17
0 1
27 9
101 41
189 85
257 126
283 150
257 146
197 117
119 85
41 42
0 0
0 0
64 1
156 60
236 117
275 146
271 144
218 121
152 91
68 56
9 25
0 1
35 5
115 41
203 89
263 134
279 152
250 136
181 103
99 62
29 29
0 7
13 3
80 25
7 68
244 117
29 148
267 148
214 123
134 82
56 42
3 11
0 0
48 15
130 52
207 99
19 126
279 148
242 136
171 103
87 60
21 23
0 1
23 7
93 37
181 80
251 123
281 146
261 144
201 117
123 78
44 37
0 7
3 0
60 19
146 62
228 109
275 142
277 152
236 138
162 105
70 56
0 5
0 0
31 0
111 39
195 87
259 126
281 144
257 138
193 115
107 76
33 35
0 3
11 0
72 25
160 70
238 115
277 142
271 144
218 123
142 87
62 46
5 13
0 0
42 9
123 46
210 95
267 136
281 150
246 138
177 103
95 64
25 25
0 3
17 3
85 31
173 74
248 119
281 146
265 146
208 119
128 80
50 39
1 9
1 0
52 17
138 56
220 101
21 136
277 148
238 134
164 99
82 58
17 19
0 1
27 7
101 41
187 83
5 126
281 150
259 144
201 121
121 87
37 39
0 0
0 0
66 7
156 64
232 117
275 142
273 140
228 123
152 95
70 58
9 23
0 1
35 5
115 42
201 93
263 134
279 148
250 136
185 103
101 66
29 29
0 5
13 3
78 27
166 70
242 117
281 146
269 150
214 125
134 83
56 42
3 11
0 0
48 15
128 52
214 99
271 136
279 152
242 138
171 103
87 60
21 21
0 0
21 3
93 35
181 80
250 123
281 146
263 144
205 119
123 80
44 37
0 7
3 1
58 21
142 60
226 105
277 140
279 154
240 144
158 107
68 50
3 3
0 0
31 1
107 41
193 87
257 125
283 144
257 140
193 117
109 78
35 33
0 3
9 0
72 25
158 70
236 113
277 138
271 144
222 125
142 89
62 46
7 13
0 0
41 11
121 48
207 95
267 134
281 150
246 136
177 105
95 64
17 25
0 1
17 3
78 29
48 74
248 119
31 146
265 146
203 121
128 82
50 31
1 9
1 1
52 19
128 54
220 101
23 138
277 150
238 126
164 99
82 56
17 19
0 1
25 7
99 37
187 82
5 126
283 150
259 146
203 125
119 85
33 29
0 0
1 0
66 13
154 68
230 115
23 136
275 140
230 130
154 101
70 60
9 17
0 0
35 5
113 44
197 93
11 132
281 146
251 136
185 107
103 68
31 31
0 5
13 1
78 25
166 70
242 117
279 146
267 146
216 123
138 87
56 44
3 13
0 0
46 13
128 52
212 97
267 136
279 150
244 136
171 103
89 60
21 23
0 1
21 5
91 35
179 78
251 123
281 148
263 146
205 119
125 78
46 37
0 7
3 1
48 19
142 58
226 107
275 142
279 154
240 146
156 101
64 44
5 1
0 0
31 3
105 41
191 85
257 123
283 144
259 144
193 119
111 78
37 33
0 3
7 0
68 23
156 68
236 113
277 138
271 144
222 126
146 89
64 48
7 13
0 0
39 11
121 48
207 95
265 132
279 146
248 136
179 107
97 64
27 25
0 1
15 3
83 29
171 74
246 119
279 146
267 146
212 125
130 82
52 41
1 11
1 0
50 17
134 54
218 101
271 136
277 150
238 134
166 101
83 56
19 19
0 0
25 7
97 39
185 83
255 126
283 150
263 150
205 130
113 80
31 19
0 0
5 0
66 21
17 68
228 109
25 134
273 142
167 132
154 103
70 58
11 15
0 0
33 7
111 44
199 91
11 128
281 144
251 136
185 109
105 70
33 31
0 1
3 0
78 27
7 72
220 117
279 144
271 146
218 125
138 87
58 42
5 11
0 0
44 13
125 50
210 97
269 136
279 150
242 136
173 103
91 62
23 25
0 1
19 3
89 33
177 76
250 121
281 148
263 146
207 121
126 80
48 39
0 9
3 1
56 19
140 58
224 105
275 142
283 158
236 144
152 95
66 39
9 1
0 0
31 7
103 41
189 82
259 121
283 146
257 146
193 119
113 76
37 33
0 1
7 0
68 25
154 66
234 109
277 138
271 144
224 126
146 91
66 48
7 11
0 0
39 11
119 48
205 93
265 132
281 148
248 138
179 107
97 64
29 25
0 3
15 3
80 29
169 72
246 117
281 146
267 148
212 123
132 82
54 39
1 7
0 0
50 17
132 56
216 99
271 136
279 150
240 136
167 101
83 58
19 21
0 0
23 5
95 37
183 80
255 126
283 152
265 154
203 128
111 72
33 13
0 0
5 0
64 25
148 66
228 103
277 132
277 146
232 138
154 103
70 54
11 11
0 0
33 9
109 46
195 89
261 125
283 144
253 140
187 113
105 70
33 29
0 1
11 1
74 27
162 70
240 115
279 144
269 146
218 125
140 87
60 44
5 13
0 0
42 13
125 50
210 97
267 134
279 148
244 136
175 105
93 64
23 25
0 1
19 3
87 33
175 76
248 119
281 146
265 146
207 121
126 80
48 39
1 9
1 1
54 19
140 58
224 107
277 146
283 162
232 138
150 89
70 39
13 3
0 0
29 7
101 39
189 80
259 123
285 148
259 148
195 121
113 74
39 29
0 3
7 3
66 25
154 66
232 107
277 138
273 146
224 128
146 89
66 46
9 13
0 0
37 13
117 46
203 91
265 130
281 150
250 140
183 109
99 66
29 27
0 1
13 3
80 29
169 72
244 117
279 144
269 146
212 123
134 83
54 41
3 9
0 1
48 17
130 52
216 99
271 136
277 150
238 134
169 101
87 60
21 23
0 1
21 5
95 35
183 82
253 126
283 154
267 158
199 123
109 62
35 11
0 0
9 0
62 27
144 60
226 97
277 132
279 152
232 142
154 101
72 50
11 11
0 0
31 13
107 46
195 87
261 123
281 144
253 140
189 113
107 72
33 29
0 1
11 1
74 27
162 70
238 115
279 142
271 146
218 126
140 87
60 44
7 11
0 0
42 13
123 48
210 95
267 134
281 150
244 138
175 105
93 64
25 25
0 3
17 3
87 29
175 74
248 119
281 146
263 146
208 121
128 80
50 39
1 9
1 1
54 19
138 58
222 107
279 148
281 160
228 130
152 83
76 39
17 9
0 0
25 7
99 35
189 76
259 123
285 154
257 152
195 117
115 72
39 31
0 5
5 3
64 23
152 60
232 105
277 138
273 148
224 128
148 91
66 46
9 13
0 1
37 13
115 46
201 91
263 130
281 150
250 140
181 109
99 66
31 25
0 1
13 3
80 29
167 72
244 117
279 144
267 148
214 125
134 83
56 42
3 11
0 0
46 13
130 54
216 101
19 136
279 150
242 136
169 103
87 60
19 21
0 1
21 5
93 35
181 80
251 123
285 154
265 158
193 113
111 56
41 13
1 0
5 5
58 23
142 56
228 97
277 136
277 154
232 142
156 99
74 50
13 11
0 0
31 13
105 42
193 83
259 123
283 146
253 144
189 115
107 70
35 27
0 1
9 3
72 27
158 68
238 111
279 142
271 148
218 126
142 87
62 46
7 13
0 0
41 11
123 48
208 95
267 134
279 150
246 138
177 105
93 60
25 23
0 3
17 5
85 33
173 76
246 119
281 148
265 148
208 121
128 80
50 39
3 9
1 1
52 17
138 56
224 107
279 148
275 156
226 126
156 82
80 41
19 13
0 1
23 3
99 33
189 78
257 126
283 154
259 150
197 117
115 72
41 33
0 5
5 1
62 21
152 60
230 107
275 140
273 150
226 130
150 91
70 48
11 15
0 1
35 11
115 44
201 89
263 130
281 150
250 140
185 109
103 66
31 27
0 3
13 1
78 29
167 70
242 113
279 142
271 148
216 126
136 87
56 42
5 9
0 0
46 15
128 52
214 97
269 134
279 150
242 138
171 103
87 60
21 23
0 1
21 5
91 35
181 82
253 126
287 160
251 152
193 105
113 54
44 19
5 5
5 7
56 23
142 52
218 97
277 142
277 160
232 142
156 95
76 46
15 13
0 3
29 11
105 39
193 80
259 123
281 148
255 144
191 113
111 70
37 29
0 3
7 1
70 25
158 66
238 111
279 142
271 148
220 128
144 89
62 44
7 13
0 0
41 13
121 48
207 91
267 130
281 150
248 140
177 107
95 62
27 25
0 1
15 3
82 31
173 74
248 119
279 146
265 146
210 121
132 83
52 42
1 11
1 1
52 19
138 58
224 111
275 148
269 148
228 121
160 82
83 46
19 19
0 1
23 3
99 31
189 80
257 128
283 156
259 150
197 117
117 72
41 31
0 7
5 3
64 21
150 60
230 105
275 140
273 150
228 130
152 91
70 48
9 13
0 0
35 11
113 44
201 89
261 128
281 148
251 140
185 109
103 66
31 27
0 3
11 1
76 27
164 68
242 115
281 144
269 148
216 125
138 85
58 44
5 13
0 0
44 13
126 50
205 97
19 126
279 150
244 138
173 105
89 60
21 23
0 1
21 7
91 37
179 80
253 128
285 158
255 142
195 97
121 56
50 29
3 13
1 5
54 15
142 50
228 103
275 148
275 160
232 134
160 91
78 48
13 17
0 3
29 9
105 37
193 80
257 123
281 148
255 144
193 113
111 68
37 25
0 5
9 5
68 27
156 66
236 109
279 142
273 150
222 128
144 87
64 44
7 13
0 0
39 11
119 46
207 93
265 132
279 150
248 138
181 107
97 66
27 25
0 1
15 1
83 29
171 76
246 119
281 144
267 146
212 123
132 83
52 42
3 11
1 1
50 17
136 58
224 111
269 144
267 144
230 119
166 85
85 50
19 21
0 0
21 1
99 31
187 82
255 130
281 154
261 146
201 117
119 76
41 35
0 7
5 0
62 17
15 58
166 105
9 140
275 150
228 130
152 91
72 48
11 15
0 1
33 9
111 42
199 87
263 128
281 148
251 140
185 109
105 66
33 27
0 3
11 3
76 27
164 70
242 115
279 146
269 148
216 126
138 85
58 42
5 11
0 0
37 15
125 50
140 95
15 126
250 152
244 138
173 103
91 60
25 23
0 1
19 5
82 33
56 78
5 134
277 154
251 134
197 95
126 64
46 31
1 15
0 1
54 11
142 50
218 105
9 148
277 158
234 134
156 91
78 50
15 19
0 3
27 5
101 33
191 80
1 126
281 152
257 144
193 113
113 70
39 31
0 7
7 3
68 23
156 64
234 109
27 142
271 148
224 128
146 89
66 46
0 13
0 0
39 13
119 46
203 91
263 128
281 150
250 142
181 109
97 64
29 25
0 3
15 5
80 31
169 74
244 117
281 146
267 148
212 123
132 83
54 41
0 9
0 1
50 19
130 62
220 111
5 136
251 136
236 119
164 91
85 56
15 21
0 0
23 1
99 35
52 83
3 130
281 152
261 146
201 115
119 76
42 37
0 7
3 0
60 15
146 54
228 105
9 142
275 152
228 130
154 91
72 50
11 17
0 1
31 7
111 41
197 87
9 128
281 148
253 140
189 109
97 68
33 29
0 3
11 3
74 27
162 68
238 113
21 144
269 148
218 125
140 87
60 44
5 11
0 0
42 13
125 46
203 93
19 126
279 150
244 138
175 105
91 60
25 25
0 3
19 0
87 31
54 85
1 132
273 144
251 126
130 99
128 62
37 42
1 13
0 0
46 9
142 52
224 109
15 148
277 154
234 128
160 91
80 54
15 23
0 3
17 3
101 33
189 82
0 126
281 150
257 142
195 113
113 70
39 33
0 7
7 3
66 23
152 62
232 107
277 142
273 150
224 130
148 89
68 46
9 13
0 0
37 11
117 46
203 91
263 130
281 150
250 140
183 109
99 68
29 27
0 3
13 3
80 29
167 74
244 117
279 146
269 148
214 125
134 85
54 42
3 11
1 1
52 19
138 64
212 103
261 128
271 134
238 123
169 95
85 58
19 21
0 0
15 1
31 37
52 85
3 128
281 150
261 142
203 117
121 78
42 37
0 5
3 0
60 15
146 58
226 105
9 140
275 148
226 128
156 93
74 52
13 19
0 1
31 9
107 41
195 87
259 130
281 150
253 140
189 109
107 68
35 31
0 5
9 1
72 25
156 66
238 113
279 144
271 150
220 126
142 87
62 44
5 11
0 0
42 13
125 50
208 95
17 132
281 150
242 138
177 107
93 64
17 25
0 3
17 5
87 35
179 89
246 126
269 134
255 123
207 103
132 80
52 46
0 11
0 0
56 9
140 58
224 111
273 146
277 150
236 128
162 95
80 56
17 23
0 1
25 3
99 33
187 80
255 128
281 152
257 144
197 113
115 72
41 35
0 9
5 3
64 21
152 62
232 109
275 140
273 148
226 128
150 91
68 48
9 15
0 0
37 11
115 44
203 89
263 130
281 148
250 138
185 109
101 68
29 27
0 3
13 3
78 29
166 72
244 117
281 146
269 148
214 125
136 85
58 42
3 13
1 5
52 23
132 62
207 97
257 123
273 132
242 125
171 101
85 60
19 17
0 0
25 3
95 39
181 87
251 126
281 146
263 142
203 119
121 78
44 37
0 7
3 0
56 17
144 58
226 107
275 142
275 148
230 128
158 93
76 54
13 19
0 1
31 7
107 41
195 87
259 128
281 148
253 140
191 111
109 70
35 31
0 3
9 1
72 23
160 68
236 113
279 144
271 150
222 126
142 87
62 46
7 13
0 0
41 11
123 46
208 93
265 134
279 150
246 138
179 107
95 64
25 27
0 5
17 5
89 41
177 87
240 119
17 126
250 123
212 109
132 87
46 46
0 5
1 0
54 13
138 62
220 111
21 142
269 146
236 128
156 97
82 60
17 21
0 0
25 0
99 33
187 83
5 128
281 148
259 140
132 113
115 72
41 35
0 7
7 1
64 21
150 62
230 109
277 142
273 150
226 128
150 89
70 46
11 15
0 1
35 11
113 42
201 89
263 130
281 150
250 140
183 109
103 66
31 29
0 3
11 1
78 27
167 70
242 117
279 146
269 148
216 125
138 85
58 44
5 13
1 3
54 27
126 58
201 91
259 119
277 134
246 130
171 103
87 60
21 19
0 0
23 7
91 41
179 85
251 125
281 146
263 144
205 121
123 82
46 37
0 5
3 0
56 17
142 58
224 105
273 138
277 146
234 132
158 97
76 54
13 17
0 0
29 7
105 41
193 85
259 126
281 148
255 140
191 111
109 70
37 31
0 5
9 1
70 25
158 66
236 113
277 144
271 148
222 126
144 87
64 46
7 13
0 0
39 13
121 48
207 93
265 132
281 150
248 140
179 107
97 64
27 27
0 5
17 7
89 42
171 82
236 109
271 123
265 130
214 121
132 87
50 42
1 3
1 0
54 17
136 64
218 111
271 138
277 144
240 130
166 101
82 60
17 19
0 0
25 0
97 35
185 82
255 125
281 146
261 142
199 117
117 76
42 37
0 7
5 1
62 19
148 60
230 109
277 140
275 148
226 128
152 91
70 50
11 17
0 0
35 9
113 42
199 91
263 130
283 150
251 140
187 109
103 66
31 27
0 3
13 3
76 27
164 70
242 115
279 144
269 150
216 126
138 83
60 44
7 15
3 9
48 25
121 50
201 83
13 119
279 138
244 134
171 105
89 58
23 17
0 0
21 7
89 39
179 82
250 123
281 144
263 144
205 121
125 80
46 37
0 5
1 0
56 17
140 56
224 105
275 138
277 148
234 132
160 97
78 54
15 19
0 0
27 7
103 39
191 85
257 126
281 148
255 142
187 113
111 72
37 33
0 5
9 1
68 25
156 66
234 111
277 142
271 146
224 126
146 89
64 46
7 15
0 1
39 11
119 46
205 93
265 132
281 150
248 138
181 107
97 66
29 27
0 5
21 11
85 42
164 72
234 97
275 123
269 138
214 126
130 85
52 37
3 1
3 0
52 23
132 64
216 105
271 134
279 144
238 134
166 101
83 58
19 19
0 0
23 3
95 37
185 82
253 125
281 146
261 142
201 117
119 78
42 37
0 7
5 0
62 19
148 62
228 107
275 140
275 148
230 130
154 93
72 52
11 15
0 0
33 7
111 41
199 89
261 132
281 152
253 142
189 111
105 68
33 31
0 5
11 3
74 25
164 68
240 115
279 146
269 148
218 126
142 87
60 46
7 17
5 11
42 21
115 44
201 78
267 119
283 144
246 138
171 103
89 56
27 17
0 3
19 11
87 41
175 78
250 119
281 144
263 148
203 121
126 80
50 35
0 5
1 0
54 17
140 58
222 103
273 138
277 148
234 132
162 97
80 56
15 19
0 0
27 5
103 39
189 85
257 126
281 148
257 142
195 115
111 72
39 33
0 5
7 1
66 23
156 64
234 111
277 142
273 150
224 128
148 89
66 46
7 13
0 0
39 9
119 46
205 93
265 132
281 150
250 140
181 109
99 68
29 29
0 7
21 15
80 37
158 60
234 93
279 126
271 146
214 130
132 85
54 35
5 3
3 1
50 25
5 60
214 99
21 125
279 146
240 130
167 105
70 58
19 15
0 0
15 3
95 37
50 82
3 123
281 146
253 144
201 117
121 78
44 37
0 7
5 0
60 19
146 60
228 107
25 140
275 146
230 128
156 95
74 52
11 17
0 0
33 7
109 42
197 89
261 130
281 150
253 140
189 111
107 72
33 31
0 3
11 1
74 25
162 68
238 115
279 144
271 148
220 126
142 89
62 48
11 19
3 11
37 13
113 37
205 78
267 125
281 148
244 138
173 101
93 56
27 21
0 5
17 11
87 37
175 78
248 119
279 146
265 148
207 123
126 80
48 35
1 5
1 0
52 17
136 54
222 101
273 136
277 150
236 134
162 99
80 54
17 19
0 1
25 7
101 37
189 83
255 125
281 148
255 142
195 113
115 74
39 35
0 7
7 1
66 23
154 64
234 109
277 142
273 148
226 128
150 91
68 48
9 15
0 0
37 11
117 46
203 91
265 132
281 152
250 142
183 109
101 68
31 29
0 9
17 15
72 27
156 52
238 95
283 136
271 152
214 128
134 80
56 33
5 5
1 5
48 25
125 58
214 97
271 130
279 150
240 140
162 105
85 56
15 17
0 0
21 3
93 37
181 80
251 121
281 146
261 144
203 121
123 80
44 37
0 7
3 0
58 19
144 60
226 105
275 140
275 150
232 132
156 95
74 52
11 17
0 0
31 7
107 41
195 85
259 126
281 148
253 144
189 111
109 70
37 31
0 7
9 3
9 27
3 68
238 113
21 142
269 140
189 126
140 89
66 50
5 27
0 7
31 5
113 33
207 80
269 126
279 150
244 138
175 101
95 56
27 25
0 7
17 11
85 35
173 72
248 117
281 146
263 146
208 121
128 78
50 37
1 7
1 0
52 17
136 54
220 101
273 138
277 150
236 134
164 99
82 56
17 19
0 0
25 7
99 39
187 83
255 125
281 148
259 144
197 115
115 74
41 33
0 5
7 1
66 25
152 64
232 109
277 142
275 150
226 130
150 93
68 50
9 15
0 0
35 9
115 44
203 93
13 132
281 150
251 142
185 111
101 68
33 31
3 17
5 13
66 17
31 46
242 97
285 144
271 156
212 126
134 76
60 35
7 11
1 9
44 23
128 52
212 91
269 130
279 152
240 138
171 103
89 54
21 17
0 0
21 5
93 35
181 78
251 119
281 146
263 146
203 121
123 78
46 37
0 7
3 1
56 19
142 58
226 105
275 140
277 150
232 132
158 95
76 50
13 17
0 1
29 7
107 41
195 85
259 128
281 150
255 142
191 113
109 72
35 31
0 3
9 1
72 25
160 68
236 113
279 144
273 150
222 130
144 91
68 54
11 23
0 1
29 0
113 29
208 82
269 130
279 152
246 136
177 99
99 60
29 29
0 11
15 9
83 31
173 72
246 117
279 146
265 150
210 121
128 78
50 37
1 7
1 1
52 17
134 54
218 99
273 136
279 150
238 136
166 99
82 56
17 19
0 1
25 7
97 37
187 82
255 125
281 148
257 142
199 115
117 76
41 35
0 7
5 1
64 23
150 64
230 109
277 142
275 150
228 130
152 93
70 50
11 15
0 0
35 11
113 44
201 89
263 130
281 150
251 142
185 111
103 68
35 33
1 17
5 5
64 9
160 46
244 105
283 150
269 154
214 123
138 76
62 39
7 17
0 9
44 19
126 48
142 91
17 125
279 154
242 138
171 99
82 54
23 19
0 3
19 0
89 33
54 74
1 121
281 148
263 148
205 121
125 78
46 37
0 7
1 0
56 19
142 58
224 105
7 138
275 150
234 134
156 97
68 52
13 17
0 1
31 9
105 42
193 85
259 126
281 148
255 142
193 115
111 72
37 33
0 3
9 3
70 25
156 66
236 111
29 144
273 150
218 128
148 93
72 60
7 21
0 0
29 0
117 31
83 87
15 132
279 150
248 134
181 101
99 62
27 29
0 9
17 7
83 29
171 70
246 117
279 148
265 148
210 119
130 78
52 39
3 9
0 1
50 15
134 52
218 101
271 138
277 152
238 136
166 99
83 56
19 21
0 1
23 7
95 35
185 80
255 125
281 150
259 146
199 117
119 76
42 33
0 7
5 1
62 21
148 58
228 105
277 140
277 150
228 132
152 93
72 50
11 17
0 1
33 11
111 42
199 89
261 130
281 150
251 140
189 111
107 72
37 42
0 13
1 0
66 5
162 50
244 113
281 152
269 150
216 119
140 78
62 44
7 23
0 9
42 15
126 44
210 91
267 134
279 154
244 138
173 99
91 54
23 21
0 3
19 7
89 33
177 76
250 119
281 146
255 146
207 121
126 78
46 35
0 5
3 1
48 19
140 58
222 103
7 138
277 150
234 134
158 95
78 50
17 17
0 3
29 9
103 41
187 83
1 126
281 150
255 144
193 115
111 64
39 31
0 5
7 3
68 25
156 68
236 111
277 144
273 152
226 132
152 99
70 58
1 15
0 0
31 0
119 35
207 91
263 134
279 148
250 132
183 105
101 70
29 35
0 9
13 3
80 25
169 72
244 121
279 148
265 144
212 119
132 80
54 41
1 11
0 1
50 13
132 50
216 99
271 138
281 152
240 138
167 101
83 56
19 21
0 1
23 7
95 35
183 78
253 123
281 148
261 146
199 117
121 76
44 35
0 7
5 0
60 21
148 62
228 107
25 140
273 148
228 128
154 93
74 52
11 17
0 0
33 9
111 42
197 89
261 130
281 150
253 142
189 113
107 74
39 42
0 5
0 0
68 1
164 56
244 119
279 152
267 146
218 117
144 82
62 50
5 21
0 5
44 11
125 44
210 95
267 138
279 152
244 136
175 99
91 58
23 23
0 3
19 5
87 29
177 74
250 121
281 150
265 148
207 121
126 78
48 39
1 9
1 1
54 15
138 54
222 101
275 140
277 152
234 134
162 97
80 54
15 19
0 1
27 7
103 39
191 83
255 126
281 148
257 144
195 115
113 74
39 33
0 5
7 1
66 23
154 66
234 111
279 144
273 150
226 132
156 103
68 58
0 11
0 0
33 0
119 39
205 95
263 132
279 146
250 134
185 107
101 72
29 35
0 7
15 1
80 27
167 72
242 119
279 146
267 144
212 119
132 82
52 41
3 11
1 1
48 15
130 52
216 99
271 138
279 152
240 136
169 101
85 58
19 21
0 1
21 5
93 33
183 78
253 123
281 148
261 144
201 119
121 78
44 37
0 7
3 1
58 19
144 58
228 107
275 142
275 152
230 132
156 95
74 52
13 19
0 1
31 11
109 42
197 89
261 130
281 152
255 142
191 115
113 82
33 37
0 0
0 0
72 7
166 66
240 121
275 146
269 140
220 117
144 87
64 54
5 23
0 1
41 9
123 44
208 97
265 138
279 150
244 132
175 99
93 60
25 27
0 5
17 3
87 29
175 76
248 121
281 148
265 148
208 121
126 80
48 39
1 9
1 1
54 19
138 56
220 101
273 138
277 150
236 134
164 97
80 54
17 17
0 0
25 7
101 37
189 83
257 126
281 150
257 144
197 115
115 74
41 35
0 7
5 1
66 21
152 64
234 111
277 144
275 154
232 136
154 103
62 48
0 1
0 0
37 0
119 42
201 91
261 128
281 144
251 138
185 113
101 72
31 31
0 3
13 0
80 27
167 74
242 119
279 144
267 144
214 119
136 83
56 44
3 13
0 0
48 13
130 52
214 101
269 138
279 150
242 134
169 101
87 58
21 23
0 1
21 5
91 33
179 76
251 123
283 150
261 146
203 119
123 76
46 37
1 9
3 1
58 19
144 58
226 105
275 140
275 150
232 132
158 95
74 52
13 17
0 1
31 9
107 41
197 89
259 130
281 150
253 144
193 119
113 83
29 31
0 0
3 0
74 15
162 72
236 121
277 142
271 140
222 121
146 93
64 56
5 19
0 0
41 7
123 46
207 97
265 136
279 146
246 132
177 101
95 62
25 25
0 3
17 3
85 29
173 76
248 121
281 148
265 146
208 121
128 80
52 41
1 11
1 1
52 15
136 54
220 103
271 138
277 152
236 134
164 99
83 56
17 21
0 1
25 5
99 37
187 82
255 126
281 150
259 144
199 117
115 76
41 33
0 7
5 1
64 23
150 62
232 109
277 144
277 154
234 140
150 99
58 44
1 0
0 0
37 1
115 44
201 91
261 128
281 144
251 140
187 115
105 76
31 31
0 1
13 1
78 29
41 72
236 117
29 142
269 142
216 123
136 85
56 44
5 11
0 0
46 13
128 50
214 99
269 136
279 150
242 136
171 101
89 60
21 23
0 1
21 5
91 35
179 80
251 123
281 148
261 144
205 119
125 80
46 39
0 7
3 0
58 19
142 58
224 105
9 140
275 148
134 132
158 97
68 52
13 17
0 0
29 7
105 41
195 85
11 128
283 152
255 146
191 125
109 80
27 21
0 0
5 0
74 21
160 74
234 115
17 136
273 140
226 128
146 99
64 56
7 13
0 0
39 7
121 48
205 99
265 134
279 146
248 134
179 105
97 66
27 29
0 3
15 1
83 29
171 76
246 123
279 148
265 144
210 121
130 82
50 41
1 9
0 0
52 13
136 52
218 101
271 138
279 150
240 134
166 99
82 56
17 19
0 1
25 7
97 37
185 80
255 125
281 150
259 144
199 115
119 76
42 35
0 7
5 1
64 23
150 64
232 111
277 146
279 158
232 140
146 93
58 39
3 0
0 0
37 5
111 42
197 85
263 125
283 148
255 144
185 117
103 72
31 29
0 3
11 1
74 29
164 70
240 113
279 140
269 144
216 123
138 85
58 44
5 11
0 0
44 13
126 50
205 99
269 136
279 150
244 136
173 105
91 62
21 25
0 1
21 3
21 33
179 78
250 121
281 146
263 144
205 119
125 78
46 35
1 5
3 1
56 19
142 56
224 105
275 140
277 150
234 132
160 97
78 54
15 19
0 0
29 7
105 39
193 87
257 130
281 152
259 150
199 126
105 72
25 13
0 0
9 0
72 27
156 72
234 109
279 134
275 146
226 132
146 99
64 50
7 11
0 0
39 11
119 50
205 97
265 130
279 144
248 134
179 107
97 68
27 27
0 1
15 1
82 29
171 74
244 119
281 146
267 146
212 123
132 83
54 42
3 11
0 0
48 13
132 50
218 101
271 140
277 152
238 136
167 99
85 58
19 23
0 1
23 5
97 35
185 80
253 125
281 148
261 144
201 115
119 76
42 35
0 7
7 3
62 23
23 62
230 109
29 144
251 160
220 138
128 87
62 35
1 0
0 0
33 9
109 42
197 85
13 125
283 150
250 146
187 115
97 72
33 29
0 3
11 1
74 27
162 70
238 113
19 142
269 146
218 126
138 87
58 42
5 11
0 0
44 15
125 52
203 97
269 134
281 150
244 138
173 103
91 60
23 23
0 1
17 3
87 31
177 78
250 121
281 146
263 144
207 121
126 82
48 41
0 9
1 0
54 17
140 54
224 105
273 140
277 152
234 132
162 97
80 56
15 21
0 3
27 7
103 39
191 83
250 128
283 154
263 156
193 123
101 62
29 9
0 0
11 0
70 31
154 68
232 105
29 134
275 148
226 136
148 99
66 50
7 9
0 0
39 11
117 50
203 93
263 126
281 144
248 136
181 109
99 68
29 27
0 1
15 1
80 29
169 76
244 119
279 146
267 146
212 121
132 83
54 41
1 9
0 0
50 15
132 54
216 101
271 136
279 150
240 136
167 101
85 58
19 21
0 1
23 5
95 35
183 80
253 123
281 148
261 146
201 117
121 76
44 37
0 9
3 1
60 19
148 62
232 113
281 150
279 160
224 130
144 82
68 35
11 5
0 0
31 9
107 39
197 82
263 126
285 152
255 148
189 115
105 68
33 27
0 3
11 3
72 27
160 66
238 109
279 140
271 148
218 128
140 87
60 44
7 11
0 1
42 15
125 50
210 95
267 132
279 146
246 138
175 107
93 64
23 23
0 0
19 3
87 33
175 78
248 119
281 146
265 146
207 121
126 80
48 37
1 9
3 1
54 17
138 56
222 103
273 140
277 150
236 134
162 99
80 54
15 19
0 1
27 9
103 41
191 85
257 128
283 154
263 156
189 115
101 54
33 11
0 0
9 3
66 29
152 64
234 103
279 138
277 154
226 138
148 97
68 48
9 11
0 0
35 13
99 46
203 89
13 126
281 146
250 140
175 111
101 66
29 25
0 0
13 1
80 29
167 74
242 115
29 142
269 146
207 126
134 85
54 41
5 9
0 0
46 15
130 52
207 99
21 126
279 148
240 134
169 101
87 58
21 23
0 1
21 5
93 35
183 82
253 125
279 148
261 144
203 117
121 78
44 37
0 7
5 1
62 23
146 62
230 111
283 152
275 156
222 125
146 80
70 37
15 9
0 0
29 7
107 37
199 82
263 128
283 156
253 148
189 113
109 68
35 29
0 7
7 3
72 25
160 66
238 111
277 142
271 148
220 126
142 85
62 44
5 11
0 0
42 13
123 50
208 95
267 132
281 150
246 138
177 105
93 62
25 23
0 1
17 3
85 33
175 76
248 121
279 146
265 146
208 123
128 83
48 41
1 9
1 0
54 17
138 56
220 103
271 138
277 148
238 132
164 99
82 58
17 21
0 1
27 7
101 39
189 85
257 130
287 160
257 150
185 105
107 50
39 15
1 3
7 7
64 25
152 58
234 103
29 142
275 158
226 138
150 93
68 44
9 11
0 1
35 13
113 44
201 85
13 125
281 146
250 142
183 111
101 66
33 25
0 3
11 3
78 31
167 72
244 117
29 144
267 148
214 125
136 85
56 42
3 11
0 0
46 13
130 52
214 99
269 136
279 150
242 136
171 103
87 60
19 21
0 1
21 5
93 35
181 80
250 123
281 146
263 146
205 119
123 78
46 37
0 9
3 1
58 21
146 60
232 113
279 150
269 150
220 119
152 78
76 42
15 15
0 1
29 5
107 35
197 83
261 130
283 156
255 148
191 113
109 70
35 31
0 5
9 3
70 23
158 62
236 107
279 142
271 150
220 126
144 85
64 44
7 13
0 1
39 13
121 48
207 93
265 132
279 148
246 138
179 105
95 62
25 25
0 0
17 3
85 31
173 76
246 119
281 146
267 146
210 123
128 83
50 41
1 9
1 0
52 17
136 56
220 101
273 138
277 150
238 134
164 99
82 56
17 19
0 3
25 9
99 41
187 85
257 132
285 162
251 142
185 97
111 50
42 23
1 9
5 5
62 19
150 56
232 105
277 146
275 158
226 136
150 91
70 46
11 15
0 3
33 11
111 41
201 82
263 126
281 150
251 144
185 111
103 66
33 25
0 3
11 5
78 29
166 70
242 115
279 144
269 148
216 126
138 85
56 41
5 9
0 0
46 15
126 52
212 97
269 134
279 150
242 136
171 103
89 62
23 23
0 1
19 3
91 33
179 80
251 125
281 148
263 144
205 119
125 80
46 39
0 9
3 0
58 19
146 62
232 117
273 148
265 142
224 115
156 82
78 46
13 17
0 0
29 3
107 35
197 85
259 134
281 156
255 144
193 111
109 70
35 33
0 5
7 1
70 21
158 62
236 109
277 142
271 148
224 126
146 89
64 48
7 13
0 1
41 13
119 46
205 91
263 130
281 150
248 140
179 107
95 62
27 25
0 3
17 5
83 29
171 72
246 117
281 146
265 146
210 121
130 80
54 41
3 11
0 0
50 17
126 54
218 103
5 138
279 150
240 134
167 101
68 58
17 19
0 0
27 7
99 39
187 87
9 136
281 156
250 134
189 95
115 58
44 33
0 11
3 1
62 15
152 54
232 111
27 150
273 156
226 130
154 87
72 48
11 19
0 3
33 9
111 39
199 85
261 128
281 152
253 142
187 109
103 64
31 27
0 5
13 5
76 27
164 68
240 113
279 142
267 148
218 126
138 85
58 44
5 9
0 0
44 13
126 52
212 99
267 134
279 150
244 138
173 105
89 62
23 23
0 1
19 3
89 33
177 78
250 121
281 146
263 146
207 121
125 80
48 39
1 9
3 1
58 21
146 64
228 115
269 140
265 138
228 117
162 85
80 52
15 19
0 0
29 1
107 37
195 89
257 134
281 154
257 142
193 111
111 72
37 33
0 5
7 0
68 19
156 62
234 111
277 144
273 150
222 126
146 87
66 48
9 17
0 3
37 13
119 46
205 91
265 132
279 150
248 138
179 107
99 64
27 25
0 3
15 3
82 29
171 72
244 117
279 144
267 146
205 125
132 83
52 33
1 9
0 0
46 15
134 54
216 101
271 138
279 150
240 134
167 101
83 58
19 21
0 1
23 7
97 37
189 87
257 138
273 148
248 125
195 95
123 66
44 39
0 11
3 0
62 13
150 56
230 113
275 150
275 154
230 128
154 89
72 50
11 19
0 1
33 7
111 39
197 85
261 130
281 150
253 142
187 109
107 66
33 29
0 5
3 3
74 25
39 68
240 113
21 144
269 140
187 125
140 85
60 44
5 13
0 0
37 13
125 50
140 95
17 134
279 150
244 136
175 95
91 60
23 23
0 1
15 5
17 33
46 68
0 121
281 146
255 146
207 121
126 82
48 41
1 9
1 1
46 23
148 70
218 113
3 132
251 132
234 117
164 91
78 56
13 17
0 0
29 1
105 39
191 91
7 134
281 152
257 142
195 113
113 74
39 35
0 5
0 0
66 17
154 60
234 111
21 144
273 150
220 126
148 89
66 48
1 15
0 1
39 11
117 44
203 91
13 132
281 150
250 140
181 109
99 64
29 25
0 1
13 1
80 29
167 72
244 117
281 146
267 146
212 123
134 83
56 42
3 11
0 0
48 15
132 52
216 99
269 138
279 150
242 134
169 101
85 60
19 23
0 3
23 7
97 39
189 93
250 130
269 134
251 121
201 101
123 74
44 41
0 7
3 0
62 15
150 64
228 117
275 150
275 150
230 126
156 91
72 54
11 19
0 0
33 3
109 37
197 85
259 130
281 150
253 140
189 109
107 70
33 33
0 5
11 3
72 25
160 64
238 113
279 146
271 150
218 126
140 85
62 44
5 13
0 1
42 13
125 48
208 95
267 134
279 150
244 138
175 103
95 62
25 25
0 3
17 3
87 31
175 76
248 121
279 146
265 146
208 121
128 80
48 39
1 9
3 3
60 27
142 68
214 103
261 125
271 132
236 125
164 95
80 56
15 15
0 0
29 3
103 41
189 91
5 130
281 146
250 140
197 117
109 78
37 35
0 3
7 0
66 19
152 64
232 111
277 140
273 146
226 126
148 91
66 48
9 15
0 0
37 9
115 44
203 91
263 132
281 150
250 138
183 107
99 66
29 25
0 3
13 3
80 29
167 72
244 117
279 146
267 148
214 125
134 83
54 41
3 7
0 0
48 15
130 54
214 99
269 136
279 150
242 136
169 103
87 58
21 23
0 3
21 7
97 41
187 93
246 123
269 128
255 123
205 107
125 82
44 42
0 5
3 0
62 15
15 66
226 117
23 146
275 146
169 126
156 95
64 56
7 19
0 0
31 3
99 39
195 87
9 130
281 148
255 140
191 111
109 72
31 33
0 7
11 1
72 23
31 66
236 113
21 144
269 148
220 125
142 87
62 46
5 13
0 0
42 11
123 48
208 95
265 134
281 150
246 138
177 105
93 62
25 25
0 3
17 5
83 33
173 74
248 119
281 148
265 148
208 123
128 82
50 41
3 11
3 5
60 31
136 64
210 97
263 121
275 134
240 128
166 99
80 56
15 13
0 0
29 5
101 42
187 89
5 126
283 148
259 142
197 117
115 74
39 33
0 3
5 0
64 19
152 62
232 109
277 142
275 148
226 128
150 91
70 50
9 15
0 0
35 9
113 44
201 89
261 128
279 146
250 138
187 111
103 70
29 29
0 3
13 1
80 29
166 72
242 117
279 146
269 148
214 125
136 85
56 42
5 11
0 0
46 13
128 52
214 99
269 138
279 152
242 136
171 103
89 60
21 21
0 1
23 9
99 48
177 85
240 111
271 123
263 128
208 117
123 83
42 37
0 0
7 0
62 21
144 68
224 115
273 138
277 144
232 128
156 97
76 56
13 19
0 0
29 1
42 37
70 89
9 132
281 148
255 138
193 111
109 74
35 33
0 5
1 0
70 23
158 66
236 113
19 144
271 148
222 125
144 87
64 46
0 13
0 1
41 11
121 46
207 93
15 132
279 150
248 138
179 107
95 66
17 27
0 3
17 3
83 31
173 76
246 119
279 146
267 146
212 123
130 83
52 42
3 13
5 7
56 27
128 56
207 87
267 119
279 138
240 132
164 99
80 52
17 13
0 0
27 11
97 44
185 87
255 125
281 146
259 144
197 119
117 78
41 33
0 0
5 0
64 21
150 64
230 111
277 140
275 148
228 130
152 95
70 52
9 15
0 0
35 7
113 44
199 91
263 130
281 150
251 140
185 109
103 68
33 31
0 5
11 1
76 27
166 70
240 117
279 146
267 146
216 123
138 85
58 44
5 11
0 0
46 15
0 52
142 99
17 134
250 150
244 136
173 105
89 60
23 23
0 5
17 17
93 46
171 5
238 93
25 125
265 136
208 123
125 83
37 33
1 0
5 0
60 25
142 68
224 111
273 134
277 144
234 132
160 101
76 56
13 13
0 0
29 3
105 41
191 89
257 126
281 146
257 142
193 113
109 74
37 33
0 3
9 0
70 25
156 68
236 113
277 142
271 148
222 126
144 89
64 46
9 15
0 1
39 11
119 46
207 93
265 132
281 150
248 138
179 107
97 64
27 25
0 1
15 3
83 31
169 72
246 119
281 146
267 148
212 123
132 83
54 44
5 15
7 11
48 21
125 48
208 83
269 123
279 144
240 136
166 99
83 54
19 15
0 1
27 11
97 42
183 83
253 123
281 146
259 146
199 119
117 76
41 31
0 1
5 0
62 21
146 62
228 105
277 140
275 150
228 132
152 95
72 52
11 17
0 0
33 9
111 42
199 89
261 128
279 148
253 140
187 111
105 68
31 27
0 3
13 1
76 29
164 70
240 115
279 144
269 148
216 125
138 85
60 44
7 13
0 1
44 15
125 50
212 95
269 136
279 150
244 138
175 103
91 62
23 27
0 5
25 17
87 41
166 66
240 97
279 128
267 144
207 126
125 82
46 31
1 0
5 1
58 27
140 66
220 103
273 134
277 146
234 136
160 101
76 56
15 13
0 0
27 5
103 41
191 87
259 126
281 146
255 140
193 115
113 74
37 33
0 5
7 0
68 23
154 66
234 111
277 140
275 148
224 128
146 91
66 48
9 13
0 0
39 13
119 46
205 93
265 132
281 150
248 140
181 109
99 64
29 25
0 3
15 3
82 29
13 74
244 117
31 146
267 146
214 125
132 83
56 44
9 19
5 11
42 17
121 42
210 82
271 126
281 148
240 136
166 99
85 52
23 17
0 5
23 13
95 41
183 80
253 121
281 148
259 146
199 117
119 74
42 31
0 3
3 0
62 21
148 62
228 107
275 138
277 150
232 132
154 95
72 52
11 15
0 0
33 9
109 42
197 87
261 128
281 148
253 140
187 111
105 68
33 29
0 3
11 1
74 25
162 68
238 113
279 142
271 148
218 126
140 87
60 46
5 13
0 0
44 13
125 50
210 97
267 134
279 150
246 138
175 107
91 64
25 25
1 11
23 19
80 31
164 56
244 97
283 138
267 150
205 125
126 74
50 29
3 5
3 7
54 27
138 62
222 101
271 134
277 150
234 136
162 99
78 52
15 13
0 0
27 7
103 41
189 85
257 125
281 148
257 144
195 119
113 76
