310000 10000000 65011 32
253 132
246 128
234 125
218 117
201 107
181 99
158 91
136 80
119 76
91 62
62 39
42 19
35 9
31 13
25 15
19 13
23 11
33 13
46 23
60 35
78 44
97 52
121 60
142 68
166 82
185 95
207 105
222 111
238 117
248 123
255 130
259 136
255 134
248 130
238 125
224 121
207 115
185 103
164 91
140 78
119 66
95 54
76 44
58 37
42 27
31 21
23 15
21 13
25 15
31 19
39 23
54 29
72 37
93 48
113 58
136 66
160 80
181 91
203 103
220 111
234 121
248 126
255 132
257 134
255 134
251 130
240 126
228 121
212 115
191 107
169 97
152 93
125 82
91 52
70 27
60 19
48 25
35 27
25 19
21 9
25 7
31 15
39 29
50 35
66 39
85 39
107 48
130 68
154 83
173 91
195 95
216 103
232 115
244 126
251 132
257 132
257 132
251 130
244 128
230 125
214 115
197 105
175 95
152 85
130 74
107 62
85 50
66 39
50 31
39 25
29 21
23 15
21 13
27 15
35 21
46 25
62 31
82 41
103 50
125 62
148 74
169 85
191 95
210 105
228 117
242 125
251 130
255 132
257 132
255 134
248 130
238 126
224 123
207 119
175 101
148 78
128 60
113 52
91 48
70 42
52 33
39 21
31 15
27 17
23 23
25 23
31 19
42 21
58 29
76 39
95 52
117 58
140 68
158 78
185 91
207 105
224 115
238 121
250 126
255 130
255 132
255 134
250 132
238 126
224 121
207 111
187 101
166 91
142 80
119 66
97 54
78 44
60 37
44 29
33 21
25 17
23 15
23 15
29 17
39 23
54 29
70 35
91 44
113 56
136 68
158 80
179 91
201 101
220 111
236 121
248 128
253 132
257 132
257 134
251 134
244 134
234 134
208 117
181 89
162 70
148 68
128 72
103 64
80 48
62 31
50 25
37 27
27 29
21 23
23 13
27 13
37 17
48 29
64 37
83 42
107 48
128 58
152 74
175 89
197 101
214 107
230 113
244 123
253 132
255 136
255 134
251 130
244 125
232 123
216 117
195 109
175 95
154 83
130 74
109 64
87 52
68 41
50 31
37 23
29 19
23 17
23 15
25 15
33 17
46 23
62 33
80 42
101 50
123 60
146 74
169 85
189 97
208 107
226 115
242 123
251 128
257 134
263 140
259 144
240 130
224 111
216 101
203 97
183 95
160 89
134 74
115 60
95 52
76 48
56 42
39 33
31 21
23 13
21 15
23 17
31 19
42 21
56 25
74 33
95 44
119 60
142 74
164 82
185 91
205 103
224 115
238 123
248 126
255 130
257 130
255 132
250 130
238 125
224 119
207 111
187 101
166 91
142 78
121 68
99 58
78 46
58 37
44 29
33 23
25 17
21 15
21 13
29 15
39 21
52 29
68 35
91 44
113 56
134 70
156 80
179 91
201 103
218 111
234 121
246 128
257 138
261 146
248 132
238 111
236 105
230 113
214 117
191 109
169 89
150 74
130 70
107 68
82 60
64 44
48 27
35 19
27 19
21 19
23 17
27 13
35 13
48 21
64 35
83 44
105 54
128 62
152 74
173 87
195 101
212 109
230 113
244 123
251 128
255 132
255 134
253 132
244 128
232 123
216 117
199 107
177 97
156 85
132 72
109 62
89 52
70 44
52 33
37 23
29 17
25 17
23 17
25 17
31 17
46 23
62 31
78 41
99 52
123 62
146 72
169 85
189 95
212 111
234 126
240 130
240 123
246 117
255 119
255 125
246 128
234 121
222 113
207 107
185 101
162 95
138 83
117 70
93 54
72 42
54 35
41 29
31 21
23 15
21 9
25 11
31 17
42 23
56 29
74 35
95 44
119 58
138 72
162 82
183 91
205 101
222 111
238 123
248 128
253 130
257 132
255 132
250 130
240 126
224 121
208 111
189 101
167 91
144 80
121 70
99 56
80 46
60 37
44 29
33 23
25 17
23 15
23 15
29 17
39 23
52 29
70 37
89 46
111 56
132 66
158 80
179 93
205 111
218 121
222 111
236 103
1 111
250 128
257 138
250 132
242 123
230 113
216 115
197 115
173 103
148 83
126 68
105 58
83 52
62 44
48 31
35 19
27 15
23 15
21 17
27 17
37 17
48 23
64 31
83 41
107 54
128 66
150 76
171 85
193 95
212 109
230 117
242 125
250 126
257 130
257 132
253 134
244 130
232 123
216 115
201 107
179 99
156 87
134 76
111 64
89 52
70 42
52 35
39 27
29 19
23 15
21 13
25 15
33 19
44 25
60 31
80 41
101 50
125 68
152 85
164 89
177 85
201 87
224 99
242 117
250 128
253 130
257 128
255 128
250 130
238 132
220 125
205 111
183 97
162 87
138 78
117 68
95 56
74 42
56 33
42 27
31 21
25 17
21 15
23 13
31 15
41 21
56 31
74 39
93 46
115 56
138 68
162 80
183 91
203 99
222 111
236 119
246 126
255 132
257 132
255 134
251 130
240 126
226 121
208 113
189 103
167 93
144 80
123 70
101 58
80 46
62 39
44 29
33 21
25 15
23 15
23 15
29 17
39 21
52 29
70 37
89 46
115 66
130 72
144 66
167 64
197 82
220 109
234 126
242 126
253 123
259 125
259 134
250 140
244 136
230 125
214 111
195 103
173 97
150 87
125 74
105 56
83 44
64 35
50 33
39 27
27 19
23 13
23 13
27 17
35 23
46 25
62 31
82 39
105 50
126 64
148 76
171 85
193 95
212 105
228 117
242 125
251 128
257 132
255 132
253 132
246 128
234 123
218 117
201 107
179 97
158 87
136 78
113 66
89 54
70 42
54 35
39 27
29 21
23 17
21 15
25 17
33 21
48 31
62 41
72 41
87 39
113 42
144 60
167 82
187 95
205 103
224 109
242 119
251 130
255 136
255 136
255 132
248 128
236 125
222 121
205 113
185 99
164 87
140 76
117 66
95 56
76 46
56 33
42 25
33 21
25 19
21 15
23 13
31 15
41 21
54 31
72 39
91 44
115 54
138 68
160 82
181 91
203 101
220 111
236 119
246 126
253 130
250 132
255 132
250 130
240 126
228 121
210 115
191 105
169 91
146 80
125 68
101 58
82 48
62 37
46 31
35 23
27 19
21 17
23 15
33 25
42 33
44 29
54 17
80 19
109 41
134 68
154 83
175 87
197 91
218 103
234 121
246 134
253 138
255 130
255 126
251 128
246 130
230 126
212 113
195 99
175 91
154 83
130 76
107 62
85 48
66 39
50 31
37 27
27 21
23 15
21 11
27 13
33 17
46 25
62 33
82 39
101 48
126 62
148 76
171 87
191 97
210 105
228 115
242 125
250 130
255 132
257 130
253 130
246 128
236 125
220 119
201 111
181 99
160 89
136 76
115 66
91 54
72 42
54 33
41 27
33 25
31 29
25 25
15 11
21 1
41 7
58 23
78 39
95 50
119 54
142 64
167 80
189 99
207 111
224 117
238 119
248 125
255 130
255 136
253 132
248 128
238 123
224 117
205 111
187 101
166 89
142 78
119 68
97 56
76 46
58 37
44 29
31 21
25 17
21 13
23 13
31 17
41 23
54 27
72 35
91 44
113 56
136 68
158 80
181 89
201 101
218 111
234 119
246 126
255 130
257 132
255 130
251 130
242 128
228 123
210 115
191 105
171 93
148 83
125 72
101 60
82 48
64 41
48 33
39 31
29 29
15 13
11 0
21 0
39 11
54 31
66 41
83 39
109 44
132 62
154 83
175 99
195 103
214 105
232 113
244 125
251 132
255 132
255 128
251 125
246 125
232 125
216 117
197 107
177 93
154 83
130 74
107 64
87 54
68 41
50 31
37 23
29 19
23 17
21 15
27 13
35 17
46 23
62 33
80 41
101 50
123 60
146 72
169 83
191 93
212 107
228 117
242 123
250 126
255 130
257 132
255 134
246 130
236 123
220 117
203 109
181 101
160 89
136 80
115 68
95 58
80 56
54 41
31 21
21 3
21 0
23 7
25 15
31 19
42 21
58 25
78 39
97 54
119 66
140 74
164 80
185 91
205 103
222 115
236 119
248 123
255 126
257 128
253 130
250 130
240 126
224 119
207 111
187 101
166 91
142 80
119 68
97 54
78 46
58 37
42 29
31 21
25 15
21 13
23 15
29 17
39 21
54 27
70 37
89 46
111 56
134 66
158 76
181 89
201 101
218 111
234 119
248 126
3 130
250 132
255 134
251 130
234 128
228 121
212 115
193 105
171 95
148 83
126 74
109 70
83 58
54 31
37 7
33 3
31 15
25 23
21 19
27 11
37 11
52 25
66 42
83 52
97 56
128 60
152 70
173 87
195 101
214 109
228 111
242 117
253 126
257 136
257 136
251 132
246 125
234 123
216 117
197 111
175 95
156 83
125 72
109 62
87 52
68 41
52 31
39 25
29 19
23 17
21 15
27 15
33 17
44 23
60 31
80 42
101 52
123 62
146 72
169 83
191 97
208 109
218 117
240 123
251 128
255 132
257 134
255 134
248 130
236 126
222 119
205 111
185 107
167 101
134 80
103 54
85 37
72 29
58 31
41 29
29 21
23 13
25 11
27 17
31 25
39 29
56 31
11 35
95 46
117 60
138 72
162 82
183 87
205 99
222 111
238 121
248 126
253 130
257 130
255 132
250 130
240 126
226 121
208 113
189 103
166 91
144 80
121 70
99 58
78 46
58 37
44 29
33 21
25 17
21 13
21 13
29 15
41 21
52 29
70 37
89 44
111 54
134 66
156 78
177 87
201 99
218 111
232 119
244 125
253 130
259 134
255 134
251 132
244 128
230 123
214 119
199 117
169 99
138 68
119 48
103 44
85 46
66 44
46 33
35 17
29 11
25 17
23 23
27 25
35 21
46 21
64 29
83 44
105 56
126 64
150 70
173 80
193 95
212 109
230 117
242 123
251 126
255 130
257 134
253 134
246 130
232 123
216 115
199 107
177 97
156 85
134 74
111 62
89 52
68 41
52 33
39 25
29 17
23 15
23 15
25 17
33 17
44 23
60 33
78 41
99 50
121 60
144 72
167 85
189 95
208 105
226 113
242 121
251 128
255 134
257 134
255 136
253 138
240 134
214 119
193 97
177 83
162 78
140 76
115 66
93 52
74 39
58 33
44 29
33 27
25 21
19 13
23 9
31 17
41 27
54 33
72 35
93 42
117 54
138 68
160 82
183 89
205 99
222 111
236 121
246 128
253 132
257 132
255 132
248 130
238 125
226 119
210 113
189 103
167 91
144 82
123 70
99 58
78 46
60 37
44 27
33 21
25 17
21 15
23 15
27 15
37 19
50 25
70 37
89 46
111 56
132 66
156 78
177 89
199 101
216 111
232 117
246 125
253 130
257 136
261 142
257 144
238 128
218 105
207 91
197 93
177 97
150 89
125 68
105 50
87 46
68 46
48 41
35 29
27 17
23 11
21 15
25 19
33 21
46 23
64 27
82 37
103 50
126 64
150 76
173 85
193 95
212 107
230 119
242 125
250 128
255 128
257 130
253 132
246 130
232 123
218 115
201 107
179 99
156 87
134 76
111 64
89 52
70 41
52 33
39 27
29 21
23 17
21 13
25 15
33 19
42 25
60 31
78 41
99 50
121 60
142 72
166 83
189 95
208 105
226 115
242 125
255 138
257 142
250 130
244 117
244 113
240 115
224 117
203 109
183 97
164 85
144 80
119 72
95 62
74 48
58 35
42 25
31 21
23 17
19 15
23 13
31 15
41 19
56 29
74 37
93 46
115 54
136 66
162 80
183 93
203 105
220 111
236 119
248 126
253 130
255 134
255 132
250 128
240 125
226 121
208 113
191 103
169 93
146 82
123 70
101 58
80 46
62 37
44 27
35 21
27 19
23 19
21 17
27 15
39 19
52 27
68 37
85 44
109 54
132 66
156 78
177 91
197 101
216 111
238 126
246 136
244 125
246 109
253 111
255 126
246 134
228 126
214 111
197 97
177 95
152 91
128 82
107 64
85 46
66 35
48 31
37 27
27 21
21 11
19 7
27 11
35 21
46 29
62 33
82 39
103 50
126 64
148 76
169 85
193 93
212 105
228 115
240 123
251 128
257 132
257 132
253 132
246 128
234 125
220 117
201 107
181 97
160 87
136 78
113 66
89 52
72 42
52 33
39 27
29 21
23 15
21 13
25 15
33 19
42 23
58 31
78 41
99 50
119 60
144 74
169 87
195 105
205 111
214 107
230 105
246 113
257 125
257 134
253 130
248 125
240 121
226 121
207 117
185 107
164 93
142 78
119 66
95 56
74 46
56 35
42 23
33 17
25 15
21 15
15 15
29 17
41 21
54 29
72 39
91 46
113 56
11 66
160 80
173 91
201 101
220 111
236 119
242 126
1 128
255 130
255 134
251 132
240 128
226 121
210 113
191 105
169 93
146 82
125 70
103 58
80 48
60 37
46 29
35 25
25 19
21 15
23 13
29 15
37 21
50 27
66 35
87 44
109 56
130 70
158 89
175 97
187 91
207 85
230 99
246 121
253 136
255 134
255 126
253 125
248 128
234 132
214 125
195 107
175 91
154 80
128 74
105 64
85 50
68 39
50 29
37 23
27 19
23 15
23 15
25 15
33 17
44 23
62 33
82 42
101 52
123 60
148 72
169 83
191 95
208 105
228 115
242 123
251 128
255 132
257 134
253 132
246 128
234 125
220 117
201 107
181 99
160 87
136 76
113 64
91 52
72 42
52 33
39 25
33 21
25 19
21 17
25 17
33 17
44 25
58 33
78 44
101 58
115 60
130 60
156 64
185 78
207 99
224 113
236 119
248 121
255 126
259 134
257 140
248 136
238 126
224 115
208 109
187 103
164 93
140 78
119 64
97 52
76 44
58 37
44 29
33 21
25 15
19 13
23 15
31 19
41 23
52 29
70 35
91 46
113 58
134 68
158 78
179 89
201 101
218 111
232 119
246 125
255 130
257 132
255 134
250 132
242 126
228 123
210 115
191 103
169 93
148 82
126 70
103 60
82 48
64 39
48 31
35 25
25 19
23 15
23 15
29 19
37 21
50 27
74 46
83 50
95 42
119 41
152 60
179 87
197 107
212 109
228 109
246 117
255 130
257 140
255 140
251 132
244 125
232 121
214 117
197 109
175 95
154 82
130 70
109 62
85 52
68 42
52 31
39 23
29 19
23 19
21 19
25 17
33 17
46 23
60 31
80 41
99 50
123 58
146 72
169 85
189 97
208 107
226 115
240 123
250 128
255 132
257 134
253 132
246 128
234 123
220 117
203 111
183 101
160 89
136 76
115 66
93 56
74 44
56 35
41 27
31 21
25 17
23 17
29 23
35 29
35 23
44 15
68 19
97 37
121 58
138 72
160 78
185 87
207 101
224 115
238 128
248 132
255 132
257 130
255 130
248 132
238 128
224 119
207 107
187 99
167 91
144 82
121 70
97 56
78 44
60 37
44 31
33 25
25 17
21 13
23 13
29 15
39 23
54 29
70 35
89 44
111 54
134 68
158 80
171 91
201 101
218 109
234 119
246 126
1 130
255 130
250 132
251 132
242 128
228 123
212 109
193 103
158 93
150 82
125 70
105 60
83 50
64 41
48 31
37 25
27 21
25 21
27 29
21 17
15 1
39 1
3 23
87 46
105 58
1 62
144 68
175 82
189 103
214 119
230 123
242 123
251 123
255 130
255 134
251 134
244 126
232 117
216 111
199 109
177 93
156 87
132 72
95 60
89 52
68 42
52 33
31 25
29 17
23 13
21 13
25 15
33 19
37 23
60 29
80 39
101 50
121 62
19 64
167 82
191 95
203 107
226 117
240 123
0 126
255 130
250 132
250 132
185 130
236 125
222 119
203 109
175 99
162 87
140 78
109 68
95 56
70 48
58 41
50 39
31 29
15 13
9 0
19 0
33 9
42 23
54 31
9 35
95 42
119 56
140 74
162 87
183 95
203 101
220 109
236 121
246 128
3 130
255 128
255 128
250 128
240 126
224 121
208 111
189 101
167 91
144 80
121 68
101 58
80 46
60 37
44 29
35 23
27 19
21 15
23 15
29 15
39 21
52 29
68 35
80 42
111 54
132 66
156 78
177 89
199 99
218 111
234 119
244 126
0 130
255 130
255 132
251 132
244 128
230 123
212 115
195 105
173 95
150 83
128 74
107 62
85 50
70 50
50 42
27 19
15 0
17 0
25 9
29 23
35 25
46 21
64 23
85 39
107 60
126 74
148 76
173 82
187 93
212 109
228 121
242 123
251 125
255 126
255 130
251 134
242 130
234 123
218 115
191 107
179 99
158 89
134 76
111 64
87 50
70 41
52 35
31 27
29 19
23 13
21 11
25 15
33 19
44 23
60 29
78 39
99 50
121 62
144 64
166 83
187 93
208 103
224 113
240 123
250 128
255 132
257 132
255 132
248 132
238 126
222 119
205 111
185 101
164 91
142 82
125 80
91 60
64 37
48 19
33 13
35 17
25 19
19 15
23 9
33 13
44 23
56 37
72 44
93 48
115 54
13 66
162 82
173 93
203 103
220 109
236 117
246 125
3 130
250 132
255 132
250 130
240 126
218 121
210 113
189 103
164 93
130 80
115 70
99 58
80 46
52 37
46 29
35 23
25 17
21 13
23 15
29 17
37 21
50 25
68 35
87 42
109 56
130 64
154 76
177 89
199 101
216 109
232 117
246 126
253 132
257 134
255 134
251 130
244 128
232 123
214 117
195 107
177 99
158 97
125 78
93 46
78 25
66 25
54 33
37 33
25 19
23 9
25 9
29 19
35 29
46 33
62 33
82 37
103 48
126 66
148 78
169 85
191 91
212 101
228 115
242 126
250 130
255 130
255 128
255 132
248 132
234 126
216 117
201 105
166 95
158 87
134 78
111 66
89 52
72 41
54 33
39 27
29 21
23 17
21 13
25 13
33 19
37 25
58 31
13 39
97 46
121 58
142 72
166 83
187 93
207 103
224 111
240 121
250 128
255 132
257 132
255 134
250 132
240 130
228 126
208 121
177 101
152 76
134 62
119 58
97 54
74 46
56 31
42 21
35 19
27 21
23 21
23 19
29 17
39 19
52 27
72 39
91 48
113 56
136 64
158 76
181 91
203 103
220 111
236 117
248 123
255 130
257 134
255 134
250 130
242 126
228 121
210 113
191 103
169 91
146 80
125 68
103 58
82 48
62 39
46 29
35 23
27 19
23 17
23 15
27 17
37 21
50 27
66 35
85 44
107 54
130 64
146 76
177 89
197 99
214 109
232 119
246 125
3 130
250 134
257 134
253 134
248 138
234 134
207 111
185 85
169 74
138 78
132 78
76 66
83 48
66 31
52 27
39 31
29 29
23 21
21 11
25 9
35 17
46 29
62 35
80 39
103 44
125 58
148 74
169 87
191 97
210 105
228 113
242 123
251 130
257 134
257 134
253 130
246 128
234 125
220 119
201 109
179 97
158 85
136 76
113 66
91 54
72 42
54 33
41 25
29 21
23 17
21 15
25 13
31 17
42 23
56 29
76 37
97 48
111 60
15 72
164 83
187 95
187 97
224 113
238 123
0 128
250 136
265 146
253 140
238 123
230 109
222 105
208 105
187 101
162 89
142 74
121 62
99 56
78 52
50 42
42 29
33 19
17 15
21 17
21 17
19 15
39 17
54 25
70 35
89 46
113 56
11 68
160 78
173 91
201 103
218 113
236 121
246 126
3 130
250 132
255 134
251 132
242 126
226 119
210 109
193 103
171 95
148 83
125 72
103 58
82 48
62 41
46 31
35 25
27 17
21 15
21 13
27 15
37 21
50 27
66 35
78 44
107 54
130 66
152 78
173 87
197 99
216 111
230 121
244 126
259 140
257 142
248 125
242 109
242 111
236 121
218 123
195 109
173 89
156 78
134 76
111 72
87 60
66 42
50 27
37 21
27 21
21 19
21 15
25 11
33 13
44 23
60 33
80 42
103 50
125 60
146 72
169 87
191 99
203 109
226 115
240 121
251 128
257 132
257 134
253 132
248 128
236 125
220 119
203 109
181 99
160 87
138 76
115 66
91 54
72 44
54 35
41 25
31 19
25 17
21 17
25 17
31 17
42 23
58 31
76 41
95 48
119 58
140 70
164 83
187 97
210 111
228 125
232 123
238 115
248 113
257 121
257 130
250 132
238 125
224 115
210 109
191 105
166 99
142 85
119 68
99 54
76 44
58 37
42 31
33 21
25 15
21 11
23 13
29 19
39 23
52 27
70 35
89 44
113 58
134 70
156 78
179 87
201 99
218 111
234 121
244 126
253 128
257 130
257 134
251 132
242 126
230 121
212 113
191 103
171 93
150 83
126 72
103 60
82 48
64 39
48 33
35 25
27 19
23 15
21 13
27 15
37 21
48 27
66 35
85 42
107 54
128 66
152 78
179 97
201 111
207 111
216 99
236 101
253 119
259 136
255 138
251 128
246 119
236 119
218 123
199 117
177 103
154 83
130 70
107 58
87 56
68 46
50 33
37 21
29 13
25 17
21 19
25 19
33 17
44 21
62 31
80 42
99 52
123 62
144 72
169 83
189 95
208 107
226 117
240 123
250 128
255 130
257 132
255 132
248 128
236 125
220 119
203 111
183 101
162 89
138 78
117 66
93 56
74 44
56 35
41 27
31 21
25 17
21 15
23 17
31 19
42 23
56 31
74 39
97 52
125 70
140 78
152 76
173 76
203 87
224 105
236 121
246 126
255 126
259 128
257 132
251 136
240 132
226 123
208 111
187 101
166 91
144 82
121 70
99 56
78 42
60 35
44 29
33 23
25 17
21 13
23 13
29 15
39 23
52 29
70 37
89 44
111 56
132 66
156 80
179 89
199 99
216 109
234 117
246 125
253 130
250 132
255 132
251 130
244 126
230 123
212 115
193 105
173 93
150 83
126 70
105 60
85 50
66 41
48 33
37 25
27 19
23 17
23 15
27 17
37 21
48 27
66 37
87 52
105 62
119 56
140 52
169 68
197 93
214 113
228 121
242 119
1 121
259 130
259 140
253 140
246 132
232 121
216 113
199 109
177 101
154 87
132 72
111 58
89 50
68 42
52 35
39 27
29 19
23 15
21 15
25 17
33 21
44 25
60 31
78 39
99 50
121 62
142 70
166 82
189 95
208 107
224 117
240 123
250 126
255 132
257 134
253 134
248 128
236 123
222 117
205 111
183 101
162 89
140 78
117 66
95 54
74 44
56 37
42 29
31 21
23 17
21 15
27 19
35 27
46 33
52 33
62 29
85 31
115 44
138 66
162 82
181 89
203 97
222 107
238 121
250 132
255 136
257 134
255 132
250 130
240 128
224 123
208 111
189 99
167 87
144 78
123 70
101 58
80 48
62 37
46 29
35 23
27 19
23 17
23 15
27 15
37 19
52 27
68 37
87 44
109 52
132 66
156 76
177 89
199 99
216 109
234 119
244 125
253 130
255 130
257 132
251 132
242 128
230 123
214 115
195 107
173 95
150 85
128 74
107 62
85 50
66 41
48 31
37 27
29 21
23 19
25 21
33 29
31 25
35 9
54 9
83 29
109 54
126 72
146 74
171 76
195 91
214 111
230 126
242 130
250 126
257 126
257 132
253 136
244 132
232 123
218 111
199 103
179 97
158 91
134 78
111 62
89 50
72 42
54 37
39 29
29 19
23 13
23 13
25 17
31 21
44 25
60 31
78 39
99 48
121 60
144 72
167 82
187 93
207 103
224 113
240 123
250 128
255 132
257 134
255 132
250 130
236 126
222 119
205 109
187 101
164 91
140 80
117 68
95 54
78 46
60 41
44 33
39 33
27 27
13 11
13 0
25 1
42 13
56 27
72 37
89 42
115 50
140 68
162 83
183 99
201 105
220 111
236 117
248 126
253 132
257 134
255 130
250 126
240 123
228 121
210 115
191 103
169 91
146 80
125 70
103 62
82 50
60 39
46 29
33 21
25 17
21 15
23 17
29 17
39 21
50 27
68 35
85 44
107 54
132 66
154 78
177 89
197 101
216 109
232 117
244 125
253 130
257 132
257 132
251 132
244 128
232 123
214 115
195 105
175 95
154 83
130 74
107 62
85 52
66 42
56 42
39 35
19 13
11 0
19 0
29 9
37 25
46 29
62 29
83 37
105 50
126 70
148 83
169 89
193 93
210 103
228 115
242 126
250 130
255 128
255 128
253 130
248 130
234 126
218 117
201 105
181 95
160 89
136 80
113 68
91 54
72 42
54 35
39 27
29 23
23 17
21 13
25 13
31 17
42 25
58 31
78 39
95 46
121 58
144 72
166 85
185 95
207 105
224 115
238 123
248 128
255 130
251 132
255 134
248 130
238 126
224 119
207 113
185 103
164 91
144 82
123 74
105 70
74 52
46 27
35 9
31 7
27 13
21 15
21 13
29 11
42 15
56 29
72 42
91 50
115 58
136 66
158 80
179 91
201 103
220 111
236 117
246 123
253 128
257 134
257 134
251 130
242 126
228 123
210 113
191 105
169 93
148 82
125 70
103 60
80 48
62 39
46 29
35 21
27 17
23 15
23 15
27 17
37 19
50 25
68 35
85 44
107 56
128 64
152 76
175 87
197 99
214 109
232 117
244 125
251 128
257 132
257 134
253 134
246 130
232 123
214 115
197 107
175 97
158 91
136 87
105 68
76 37
60 17
50 17
41 25
29 27
21 17
21 7
27 9
37 21
48 35
62 41
80 41
101 44
125 58
146 76
167 89
189 95
210 101
226 109
240 119
251 130
257 134
257 132
253 130
246 128
234 125
220 121
203 111
181 99
158 85
136 76
115 64
91 54
72 44
54 33
41 25
31 21
23 17
21 15
25 15
33 17
42 25
56 31
74 37
97 46
121 60
140 72
164 82
185 93
207 105
224 115
238 121
248 126
255 132
257 134
255 134
250 132
240 128
226 123
212 121
189 111
158 87
132 66
115 52
97 46
80 44
58 37
42 25
33 17
27 17
25 19
25 23
29 21
39 21
52 25
70 35
89 46
111 58
134 66
158 74
179 87
201 101
218 111
234 119
246 125
253 130
250 132
257 134
251 130
234 126
228 119
212 111
193 105
156 95
140 83
125 70
103 58
82 48
64 41
48 31
35 25
27 19
23 17
21 17
27 17
37 21
50 25
66 35
85 42
107 54
128 66
152 74
173 87
195 99
214 111
230 119
242 125
251 130
257 132
257 134
253 136
244 130
236 130
218 126
189 103
166 76
150 64
134 66
113 68
87 56
66 37
52 25
41 23
29 27
23 25
21 19
25 11
35 15
46 25
60 35
78 42
101 46
123 56
146 70
169 85
189 99
208 107
226 113
240 121
250 128
255 134
257 136
253 132
248 128
236 125
220 119
203 111
183 99
160 87
138 76
115 64
93 54
74 44
56 35
41 27
31 21
25 17
23 15
25 17
29 17
42 21
58 29
76 39
95 48
117 58
140 70
164 82
185 93
205 103
222 113
238 123
248 128
255 134
259 138
261 144
246 134
228 119
218 103
207 97
191 97
166 93
142 80
119 62
101 54
82 48
60 42
44 35
33 23
25 17
21 15
21 15
27 17
39 21
52 25
70 33
87 42
111 52
134 68
158 78
179 87
201 99
218 111
234 121
246 126
251 128
257 132
257 134
251 132
242 128
228 121
212 113
193 103
171 95
150 83
126 72
105 60
83 48
64 39
48 31
37 25
27 19
21 15
21 13
27 15
35 19
48 27
64 35
83 44
107 54
128 64
150 76
173 87
195 99
212 107
230 117
244 126
253 134
263 146
253 138
242 117
238 105
234 109
220 117
199 113
175 95
156 78
134 68
113 66
87 60
70 48
52 35
39 21
27 17
23 17
21 17
23 17
33 15
44 19
60 29
78 42
99 52
123 60
144 70
167 83
189 97
208 107
226 115
240 121
250 126
255 130
257 132
255 132
248 130
238 125
222 119
205 111
183 101
162 91
140 78
117 66
95 54
74 44
56 35
41 25
31 21
25 17
21 15
25 15
31 17
41 21
56 31
74 39
95 48
117 60
140 72
162 82
183 91
207 105
230 123
240 132
240 126
244 117
253 117
257 125
250 130
238 126
224 115
210 105
193 101
167 97
144 87
123 72
101 56
80 44
60 39
44 31
33 23
25 17
21 11
23 11
27 17
39 23
52 29
70 35
89 44
111 56
132 68
156 80
177 89
199 99
216 109
232 119
246 125
253 130
257 132
255 132
251 130
244 128
230 123
214 115
193 105
173 93
150 82
128 72
105 60
85 48
66 41
50 33
37 25
27 17
23 15
23 15
27 17
35 21
48 25
64 33
83 42
105 52
126 64
150 76
173 89
197 107
214 119
220 111
232 103
248 107
259 125
259 140
251 138
244 126
234 117
220 115
203 115
179 107
156 91
134 70
111 58
89 52
70 46
52 35
41 23
29 17
23 15
21 17
25 17
33 19
44 23
60 31
78 41
99 52
121 62
142 72
166 82
189 93
208 107
224 115
240 121
250 126
255 130
257 134
253 134
248 130
236 125
222 117
205 111
185 101
162 89
140 78
119 66
95 56
74 44
58 35
42 29
31 21
23 15
21 13
25 15
31 21
41 25
54 31
74 39
95 50
119 64
142 80
158 85
171 82
193 83
218 97
238 115
248 126
253 128
257 126
257 128
253 132
242 132
228 126
208 115
189 101
167 89
144 82
123 72
99 58
80 44
60 35
46 29
35 25
25 21
21 15
23 13
29 15
37 21
50 27
68 35
87 44
109 54
130 66
154 78
177 89
197 99
216 107
232 117
244 125
251 128
255 130
257 132
253 132
244 130
230 125
214 115
197 105
175 95
152 85
128 74
107 62
85 50
66 41
50 33
37 25
29 21
23 17
21 15
27 17
35 21
48 29
64 35
83 46
109 66
123 68
136 58
164 60
195 82
216 109
228 125
240 123
251 121
259 126
259 138
253 144
246 136
234 123
218 111
201 107
179 101
158 91
134 76
111 58
91 48
70 42
54 37
41 29
29 19
23 13
21 13
27 17
33 21
44 25
58 29
78 37
97 50
119 62
140 72
166 82
187 91
207 103
224 113
240 121
251 128
255 132
257 132
255 132
250 130
238 126
224 119
205 111
185 99
164 89
140 78
119 68
97 58
76 46
58 35
44 29
33 23
25 19
23 17
23 17
31 21
46 31
58 39
64 37
80 33
107 39
136 58
162 78
181 91
201 99
220 105
238 117
250 130
253 136
255 134
257 132
253 130
240 128
226 123
208 115
191 103
169 89
146 80
123 70
101 60
82 48
62 37
46 29
35 23
27 19
23 17
23 15
29 15
37 21
50 27
66 35
85 42
107 52
128 64
154 76
175 89
197 99
214 109
232 117
244 125
253 130
257 132
257 134
251 132
242 126
232 123
216 115
197 107
175 97
154 85
130 74
109 64
87 52
68 42
50 33
39 27
29 21
23 15
23 15
31 23
39 33
37 23
50 11
76 19
105 42
126 68
146 80
169 82
193 87
212 103
228 123
240 132
250 134
255 128
257 128
253 132
246 132
234 126
218 115
201 103
181 95
160 89
134 78
113 62
93 52
74 42
54 37
41 29
31 21
25 17
21 15
25 15
31 19
42 23
58 29
76 37
95 46
119 58
142 72
164 83
185 93
205 103
224 113
238 123
248 128
255 130
257 132
255 132
250 130
238 126
224 119
207 111
187 101
166 91
142 80
119 68
97 56
78 46
58 37
44 29
37 27
31 29
21 23
11 7
19 1
39 7
56 21
70 35
89 44
113 52
136 64
162 80
181 97
201 109
218 115
234 119
246 125
253 130
255 134
255 132
251 128
242 125
228 121
212 113
193 105
171 93
150 82
126 72
103 62
82 50
62 39
48 31
35 23
25 17
21 13
23 13
29 17
37 21
48 27
66 35
85 44
107 54
128 66
152 76
175 87
197 99
214 109
230 117
244 123
253 128
257 132
257 134
253 132
246 128
232 123
216 115
197 105
177 97
156 87
130 76
109 62
87 52
70 44
54 39
42 39
25 25
11 1
13 0
25 0
37 19
46 31
60 31
80 33
103 44
126 64
148 83
169 91
189 93
208 99
218 111
240 126
250 132
253 130
250 128
253 128
248 130
236 126
220 119
203 107
183 97
160 87
136 78
115 68
93 54
72 42
54 33
41 25
31 21
23 17
21 13
23 13
31 17
42 23
56 29
74 39
95 48
119 58
140 70
162 80
185 91
207 105
222 113
236 121
248 126
255 130
250 134
255 132
250 130
238 126
226 119
208 113
187 103
166 93
144 82
123 72
105 68
80 56
52 35
35 15
29 7
25 7
23 13
23 15
27 15
39 15
54 25
72 39
91 52
111 60
134 66
158 76
179 89
199 103
216 111
232 115
246 121
253 128
250 132
255 134
251 130
234 126
228 119
212 115
193 107
171 95
150 83
126 70
103 60
83 50
64 41
48 31
35 23
27 17
23 15
23 15
27 17
37 19
48 25
62 33
83 42
105 52
128 64
152 76
173 87
193 97
212 107
230 117
244 125
251 128
257 132
257 132
253 132
246 130
234 125
216 119
199 109
177 99
156 87
136 83
113 76
80 48
58 21
46 9
42 17
31 25
21 21
19 9
25 5
37 15
46 31
60 41
78 44
101 46
123 56
144 72
167 87
189 97
208 103
224 111
240 119
250 128
255 132
257 134
255 130
248 128
236 125
222 121
203 111
183 99
162 87
140 78
115 66
93 56
74 44
56 33
41 25
31 21
23 17
21 15
25 15
31 17
41 23
56 29
74 39
93 46
115 56
138 68
162 80
185 93
205 103
220 111
236 121
248 126
5 132
257 132
255 132
250 130
234 126
226 121
210 117
195 113
166 99
134 74
113 52
97 42
82 41
62 39
42 29
33 17
27 11
25 17
25 21
27 23
39 23
52 25
70 33
87 44
109 56
132 66
156 76
177 85
199 97
218 111
234 121
246 125
1 126
257 130
257 136
251 134
242 128
230 121
214 113
195 105
158 95
150 83
128 70
105 60
83 48
64 39
48 31
35 23
27 19
23 17
21 15
27 17
37 19
48 25
64 33
78 33
103 52
126 64
150 76
173 87
193 97
205 107
230 117
242 125
1 130
250 132
257 134
250 134
246 130
236 130
224 130
187 113
166 82
148 62
134 60
115 64
89 58
68 42
52 27
41 21
33 23
25 25
21 21
17 13
33 11
44 21
58 33
76 41
99 48
113 56
19 68
158 83
189 97
208 107
224 113
240 119
0 126
255 126
257 136
255 132
185 128
236 123
220 119
205 111
177 101
164 89
140 78
109 66
95 56
76 46
56 37
41 29
31 21
17 17
21 15
15 15
31 17
33 23
56 29
72 37
91 44
117 56
13 70
162 82
173 91
203 101
224 113
238 123
248 128
5 125
259 136
263 144
251 142
125 125
216 105
205 95
187 93
162 91
144 80
121 66
103 52
82 46
62 42
46 37
35 27
25 17
21 13
21 15
27 17
37 21
50 27
66 33
87 41
109 54
132 68
154 78
177 87
199 99
218 111
232 121
244 126
253 130
257 132
257 132
250 130
244 128
230 123
214 115
195 105
173 95
152 83
128 72
105 60
85 48
66 41
50 33
37 25
27 19
23 15
23 15
27 17
35 21
46 23
64 31
83 41
103 52
125 64
148 76
171 87
193 97
212 109
228 117
242 125
251 130
263 142
259 146
244 126
234 105
232 103
222 111
203 115
177 103
158 82
136 66
115 62
91 62
72 52
52 37
39 21
29 15
23 17
21 19
23 17
31 13
44 17
58 27
76 41
97 52
121 60
142 68
166 80
187 93
208 107
226 117
238 123
250 126
255 130
257 134
255 134
248 130
238 125
224 119
205 111
185 101
164 89
140 78
119 66
95 56
76 46
56 35
42 27
33 21
25 17
21 13
23 13
31 17
41 23
54 31
72 39
91 46
115 58
136 70
160 80
181 93
203 105
224 117
244 132
244 130
244 121
250 117
253 119
251 125
240 126
226 119
210 107
191 99
173 95
148 89
123 76
101 60
82 46
62 39
46 33
33 25
25 17
21 11
23 11
27 15
37 21
50 27
68 33
87 42
109 54
130 66
154 78
177 89
197 99
214 109
232 119
244 125
251 130
255 130
255 130
253 130
244 130
230 125
214 115
197 105
175 95
154 85
128 74
107 60
85 50
68 41
50 33
37 25
29 19
23 15
21 15
25 15
35 19
48 27
62 33
82 42
103 52
125 64
148 74
171 87
195 103
218 121
224 121
230 107
244 105
257 119
261 136
253 138
244 128
236 115
222 111
205 113
181 109
158 93
136 74
113 60
91 52
70 44
52 35
39 23
29 13
25 11
21 13
25 17
33 19
44 23
58 29
76 37
97 50
119 60
140 72
164 80
187 91
207 103
224 113
238 121
250 126
255 130
257 132
255 132
250 130
238 126
224 119
207 111
185 101
164 91
142 78
121 66
97 56
78 46
58 37
42 29
33 21
25 17
23 15
23 15
29 17
41 21
56 29
72 39
91 50
115 60
142 78
162 89
171 89
189 87
214 93
236 109
248 123
251 130
257 130
257 128
253 130
244 132
228 128
210 117
191 103
171 91
146 82
123 72
101 58
82 48
62 37
46 29
35 21
27 19
23 15
23 15
27 15
37 21
50 27
66 35
83 42
107 52
130 64
154 78
175 89
195 97
214 107
232 117
244 125
251 130
257 132
257 132
251 130
244 128
232 123
216 117
197 107
175 95
154 83
132 74
109 62
87 52
66 41
50 31
39 25
29 23
23 19
21 15
27 15
35 21
46 27
62 33
82 42
107 60
125 72
136 66
158 60
187 74
214 101
230 121
240 126
250 123
257 125
259 134
255 142
248 140
234 126
218 111
203 105
181 101
160 93
136 78
115 62
91 48
72 41
56 37
41 29
29 19
25 13
23 13
25 15
31 19
42 23
58 29
76 37
95 48
117 60
140 72
164 82
185 91
205 103
222 111
240 121
250 126
255 130
257 132
255 132
250 132
240 128
224 119
208 111
187 101
166 91
142 80
121 68
99 58
78 46
60 37
44 29
33 23
25 19
23 17
23 15
31 19
42 27
58 39
66 39
80 35
105 39
134 54
160 76
179 89
199 99
218 105
236 115
248 128
253 136
257 138
257 134
250 128
240 125
228 123
212 117
191 105
169 91
150 80
126 72
103 62
82 50
62 37
48 27
37 23
27 21
21 17
21 15
27 15
37 19
48 25
66 35
85 44
107 54
128 64
152 74
175 87
195 99
214 109
230 117
244 123
251 128
257 132
257 134
251 130
246 128
232 123
216 115
197 107
177 95
156 87
132 74
109 64
87 52
70 42
52 35
39 25
29 19
23 17
23 17
29 23
39 33
42 27
50 15
72 15
101 37
126 62
146 80
166 83
189 87
210 97
228 117
242 132
250 136
255 132
257 128
255 130
248 132
234 128
220 117
203 103
183 95
160 87
138 78
115 66
93 52
74 41
56 35
42 31
31 23
25 17
21 13
25 13
31 17
41 23
54 29
74 35
95 44
117 58
140 72
162 82
185 91
205 103
222 111
236 121
248 126
255 130
257 132
255 132
250 130
240 126
224 121
208 113
189 103
166 91
144 82
123 70
99 58
78 48
60 37
44 29
37 25
33 29
23 23
15 11
19 1
35 5
52 19
70 35
87 46
109 52
134 60
158 76
181 93
201 109
216 115
232 117
246 123
253 130
255 134
255 134
250 128
242 123
228 119
212 113
195 105
173 95
150 83
126 72
105 60
83 50
66 41
48 33
37 23
27 17
23 15
23 13
27 17
35 19
48 23
66 33
83 44
105 54
128 64
152 74
173 87
193 99
212 109
228 115
244 121
251 128
255 132
257 134
253 132
246 130
234 125
216 117
199 109
179 97
156 85
132 74
111 64
89 54
70 44
52 37
44 37
31 31
15 9
9 0
21 0
35 11
46 29
60 37
78 37
101 42
125 60
146 80
167 93
189 99
208 103
224 111
238 123
248 128
255 132
257 130
253 128
246 126
236 126
222 121
205 111
185 99
162 87
140 80
117 68
93 56
74 42
56 31
42 25
33 21
23 19
21 15
25 13
31 17
41 23
56 31
72 39
93 46
117 56
138 68
162 82
183 93
203 103
220 111
236 121
248 126
255 130
257 132
255 130
251 130
242 128
226 123
208 115
189 103
169 91
146 82
123 74
103 66
83 56
56 41
35 19
25 5
25 5
23 11
23 17
25 15
37 15
54 23
72 39
89 52
109 60
130 66
156 74
177 87
199 101
216 113
232 119
244 123
1 126
255 130
250 134
251 134
244 126
226 121
214 113
195 107
173 97
150 83
128 70
105 58
83 48
64 41
48 31
37 23
27 17
23 13
21 13
27 17
37 21
48 27
64 33
82 41
105 50
126 64
148 74
169 85
193 95
212 107
228 115
242 123
251 128
257 132
257 132
253 132
246 128
234 123
220 119
201 111
179 99
158 87
138 82
117 76
85 56
58 27
46 11
41 13
33 23
23 23
19 15
25 7
35 13
46 27
60 41
78 46
99 48
121 56
142 68
164 85
187 97
207 103
224 109
238 117
250 126
255 132
257 134
255 130
250 128
238 126
222 121
205 111
185 101
164 87
140 78
117 68
95 56
76 44
56 35
42 27
31 21
25 17
21 17
23 15
29 15
41 21
56 29
72 39
93 46
113 54
136 66
162 80
183 93
203 103
220 113
236 121
248 126
253 130
257 132
255 134
251 130
242 126
228 121
212 117
197 115
169 101
136 76
113 52
97 42
80 39
62 37
44 31
33 19
27 13
25 13
23 19
29 25
37 25
50 27
66 33
87 42
109 56
130 68
152 76
175 83
197 97
216 109
232 119
244 126
253 128
257 130
257 134
251 134
244 130
232 123
216 115
195 105
173 95
152 83
130 72
107 60
85 50
66 41
50 31
37 25
27 17
23 15
23 15
27 17
35 21
46 25
62 31
82 41
103 52
125 64
148 74
171 85
193 97
212 107
228 117
242 123
251 128
255 132
257 132
255 132
248 132
236 128
224 128
201 117
171 89
148 66
132 58
117 62
93 60
70 46
52 29
41 19
33 21
25 25
21 25
23 17
31 13
42 19
58 31
76 44
95 50
117 56
142 66
166 82
187 97
205 107
224 113
238 119
250 126
255 134
257 136
255 134
248 128
238 123
224 117
207 113
187 103
164 91
140 78
119 66
97 56
76 46
58 37
42 27
33 21
25 17
21 15
23 15
31 19
41 23
54 29
72 37
91 46
113 56
136 68
160 80
181 91
203 103
220 111
236 121
248 126
255 132
259 136
261 142
255 142
236 128
216 109
205 95
191 91
171 89
146 82
125 68
103 54
83 46
64 41
48 37
35 29
25 19
21 13
23 15
27 17
35 19
50 25
66 31
85 42
107 52
130 64
154 76
177 87
197 97
214 109
232 117
244 126
251 130
255 130
255 130
253 132
244 130
230 125
214 115
197 105
177 95
154 85
130 74
107 60
87 50
68 39
50 31
37 25
29 19
23 15
23 15
25 15
33 19
46 25
62 31
80 39
103 50
125 62
148 76
169 87
191 97
210 107
228 117
242 126
250 130
261 138
261 146
250 134
236 113
228 103
222 107
205 113
181 105
158 87
136 68
117 60
95 60
72 52
52 39
41 23
31 15
25 17
21 17
23 17
31 15
42 19
56 27
76 39
95 50
119 60
140 70
164 80
185 93
207 105
222 115
238 121
248 125
255 130
257 134
255 134
248 128
238 123
224 115
207 109
187 103
166 91
142 80
121 68
97 56
78 44
58 37
44 29
33 21
25 17
21 15
23 15
29 19
39 21
52 29
72 37
91 46
113 56
134 68
160 80
181 91
203 101
220 113
242 128
248 134
244 126
248 117
253 117
253 125
242 128
226 121
210 109
195 99
173 93
150 87
126 78
103 64
83 48
62 39
46 33
33 25
25 19
21 13
21 11
27 13
37 21
50 27
66 35
85 42
107 52
130 66
152 80
175 89
195 97
214 107
230 117
242 125
251 128
257 130
257 132
253 132
244 128
232 123
216 115
199 107
175 97
154 85
132 74
111 64
87 52
66 41
50 29
39 25
29 21
23 19
21 15
27 15
35 19
46 25
60 33
80 41
101 50
123 62
146 74
169 85
191 99
216 117
226 123
228 111
242 103
255 113
261 130
255 138
246 130
234 117
222 109
205 111
183 109
160 97
136 78
115 60
93 50
72 44
54 39
41 27
29 17
23 9
21 13
25 17
31 21
41 23
56 27
76 37
95 50
117 62
138 72
164 80
185 91
205 103
220 113
238 121
248 128
253 130
255 132
255 132
250 130
240 128
226 121
207 111
189 101
166 91
144 80
121 68
99 56
78 46
60 37
44 29
33 23
25 17
21 15
23 15
29 17
39 21
52 27
70 35
89 44
115 60
140 76
162 89
173 89
189 87
212 93
234 109
246 123
251 130
255 128
257 126
253 130
244 130
230 128
212 117
195 105
171 93
148 83
126 74
103 62
82 48
62 35
48 25
37 23
27 21
23 17
21 13
27 15
37 21
48 29
64 35
83 42
107 52
126 62
150 74
173 87
195 99
212 107
230 115
242 123
251 128
257 132
257 134
251 132
246 128
232 123
216 117
197 107
177 97
156 85
132 76
111 64
89 52
70 41
52 33
39 27
29 19
23 17
23 15
25 17
33 21
44 25
62 33
80 42
105 58
126 74
136 72
156 64
183 72
210 95
226 117
238 125
250 125
257 125
259 130
257 138
250 140
236 130
220 117
203 105
183 99
160 91
136 78
115 62
95 50
74 42
56 37
42 29
33 21
25 15
21 13
23 15
31 19
41 23
56 29
74 37
93 44
117 58
138 72
162 82
183 91
205 101
222 113
236 121
248 128
253 130
257 130
255 130
250 130
240 126
226 123
208 113
189 103
167 91
144 82
123 70
99 58
78 44
60 35
46 29
35 25
25 19
21 15
23 17
31 21
41 27
58 41
68 42
78 37
101 39
130 50
158 72
177 89
197 99
216 105
234 113
248 125
255 136
257 140
255 126
251 128
173 126
226 125
212 117
193 105
158 91
152 82
128 72
105 62
85 50
66 39
48 31
35 25
27 19
21 15
15 15
27 15
35 19
46 25
64 33
83 42
103 52
126 62
150 74
171 85
193 97
205 107
230 117
244 125
1 130
255 125
257 132
250 132
246 130
234 125
216 117
201 107
179 97
158 87
132 74
95 62
91 52
72 44
52 35
31 25
29 21
25 19
23 19
25 19
37 29
44 31
50 21
68 17
97 31
125 58
146 80
158 85
187 85
210 97
228 117
240 125
0 136
255 132
257 128
255 128
240 132
236 126
218 119
205 105
185 95
162 80
140 80
109 68
95 54
76 42
58 35
44 29
33 25
25 19
21 15
23 13
31 19
41 25
54 29
74 37
93 44
115 56
138 68
160 80
183 91
203 103
220 111
236 119
248 126
255 130
257 132
255 132
250 130
242 126
228 121
208 115
189 103
169 91
148 82
123 72
101 60
80 48
62 39
46 31
35 27
31 27
27 27
15 13
17 1
33 1
52 17
62 35
87 46
107 52
132 58
158 74
179 93
197 107
216 113
234 119
246 125
1 130
255 134
255 134
251 130
234 125
230 119
214 115
195 107
175 95
152 83
128 70
107 62
85 52
66 42
50 31
37 23
29 19
23 17
21 15
25 15
31 17
48 25
64 33
82 42
103 52
126 64
150 76
171 87
193 97
205 109
228 117
242 123
0 128
255 132
257 132
250 132
246 130
234 125
218 117
201 109
181 99
158 87
132 78
113 66
89 54
70 44
54 35
44 35
33 35
0 15
1 0
21 0
35 9
46 29
58 37
76 35
99 41
123 58
144 78
166 93
187 99
207 103
224 111
238 121
248 130
255 134
257 130
253 126
248 126
238 125
222 121
207 111
185 101
164 91
142 80
119 70
97 58
76 44
58 35
42 29
31 21
17 17
23 15
23 13
29 17
39 21
54 29
72 37
91 46
113 56
11 68
160 82
173 91
201 101
220 111
236 119
242 126
3 125
257 134
257 134
251 132
179 128
226 121
210 113
191 105
169 93
148 82
125 72
105 64
87 58
60 44
35 21
27 5
25 3
23 9
23 15
25 13
35 13
54 21
70 35
87 50
109 60
130 66
154 76
175 87
195 101
214 111
230 117
242 119
253 125
257 130
255 134
251 132
244 125
232 121
216 117
197 109
175 99
154 83
130 72
107 62
85 50
64 39
50 33
39 25
29 19
21 15
23 15
27 17
35 21
46 25
62 31
82 41
103 52
125 64
146 74
169 83
191 97
210 107
228 115
242 123
250 128
255 130
257 134
253 134
246 130
236 125
220 117
201 109
181 99
160 89
140 83
119 80
87 60
60 29
46 9
41 11
33 21
25 23
21 15
23 7
33 11
46 25
58 41
76 46
95 46
117 50
142 68
164 85
185 97
205 103
222 107
238 117
248 126
253 134
257 134
255 130
250 126
238 125
224 121
207 113
187 101
164 89
142 78
119 66
97 56
78 46
58 37
42 29
33 21
25 17
21 15
25 15
31 19
39 23
54 29
70 37
91 46
113 56
134 68
158 78
179 89
201 101
220 111
234 121
246 126
253 130
257 134
257 134
251 132
242 128
228 123
214 117
199 113
171 101
140 80
115 56
99 44
82 39
64 37
46 31
33 21
27 13
25 15
25 19
29 25
37 25
48 25
66 31
85 42
107 56
128 66
152 74
175 83
195 95
214 109
230 119
244 125
251 126
257 130
257 134
253 134
244 130
232 123
216 115
197 107
175 97
154 87
130 74
109 60
87 50
68 41
52 35
39 25
29 19
23 15
23 15
25 15
33 19
46 25
62 33
80 41
99 50
125 60
148 74
169 87
189 95
210 105
228 115
242 125
251 128
255 132
257 134
255 132
248 130
236 128
226 128
205 123
173 95
150 68
132 56
117 60
95 60
72 48
52 31
42 17
33 19
25 25
21 25
23 19
31 15
41 19
56 31
74 42
93 48
117 56
140 66
162 80
185 93
205 107
222 113
238 119
248 125
255 132
257 134
255 134
250 130
240 123
226 119
207 113
187 103
164 89
144 78
121 70
99 58
76 48
60 37
44 29
33 23
25 17
21 15
23 15
29 17
39 21
52 27
70 37
89 46
111 56
134 68
158 80
179 91
199 101
218 111
234 119
246 126
253 130
259 134
261 140
259 146
238 132
216 111
205 95
193 91
173 89
148 83
125 70
103 54
83 44
68 42
48 39
35 29
27 21
23 13
23 15
25 17
35 23
48 27
64 31
83 39
105 48
130 64
152 78
173 87
195 95
214 107
230 119
244 126
250 128
255 130
257 132
253 132
244 130
232 123
216 115
199 105
177 97
154 85
132 74
111 62
87 50
68 42
50 33
39 25
29 19
23 15
23 15
25 17
33 19
44 25
62 31
80 41
101 50
123 62
146 74
167 83
189 95
210 107
226 117
242 123
250 128
261 138
263 146
250 136
234 113
230 101
224 105
207 111
183 105
160 87
138 70
119 60
95 58
74 54
56 42
41 27
31 17
23 15
21 17
21 17
31 17
42 19
56 25
74 37
93 48
117 60
138 68
162 80
183 91
205 105
222 113
236 119
248 125
255 128
257 134
255 134
250 132
240 126
226 119
208 111
189 103
166 91
144 80
123 70
99 58
80 46
60 39
44 29
33 21
27 17
21 17
21 15
29 15
39 19
54 27
70 37
87 44
111 56
134 68
158 80
179 91
199 103
220 113
240 128
248 134
244 126
246 117
253 117
251 123
244 128
228 123
212 109
197 101
175 93
152 87
126 78
103 64
83 46
66 39
50 33
35 29
25 19
23 13
21 9
27 13
35 21
48 27
64 33
83 41
105 50
128 64
150 76
173 87
195 97
212 107
228 117
242 125
251 130
257 132
257 132
251 130
244 126
234 123
218 117
199 109
177 97
158 85
134 76
111 64
89 52
70 42
52 33
39 25
29 21
23 15
23 15
27 15
33 19
44 25
60 31
80 41
99 52
121 62
144 74
167 83
189 97
214 115
226 125
230 115
240 105
253 113
261 128
257 138
246 134
236 121
222 111
207 109
185 109
162 99
138 80
117 62
95 50
74 44
56 39
41 27
31 17
25 11
21 13
23 17
29 17
41 19
58 27
74 39
93 50
115 60
138 70
162 80
183 91
203 101
220 113
236 121
248 125
253 128
257 130
255 132
250 132
240 126
226 119
210 111
189 103
167 93
146 82
123 68
101 58
80 46
60 37
46 31
35 23
25 19
21 15
23 15
29 17
39 23
52 29
68 35
89 44
111 56
136 72
162 91
173 93
187 89
210 91
232 107
246 121
253 130
255 130
255 128
253 128
244 128
232 128
214 121
195 107
173 93
152 83
128 74
105 64
83 48
66 37
48 27
37 23
27 19
23 15
21 13
27 15
35 21
46 27
64 35
82 42
103 52
126 62
148 74
171 85
193 95
212 105
228 115
242 125
251 130
257 132
257 132
253 132
246 128
234 125
216 117
201 107
179 97
158 87
134 76
111 62
91 52
72 42
52 33
39 27
31 21
25 17
21 15
25 15
33 17
44 25
60 33
76 41
103 56
125 74
136 74
154 66
179 72
208 93
228 117
238 128
246 125
253 123
259 126
257 138
250 140
238 132
222 117
207 107
185 101
162 93
138 82
117 64
95 50
76 41
58 37
42 29
31 23
25 17
21 13
23 15
31 21
41 25
54 29
72 35
93 46
115 58
136 70
160 80
181 89
203 99
220 111
234 121
246 126
255 130
250 132
255 132
250 128
242 126
226 121
210 113
191 103
169 93
148 82
123 70
101 60
80 48
62 39
46 31
35 25
25 19
23 15
23 15
29 19
39 25
58 39
68 42
78 39
97 39
126 48
156 70
177 87
195 97
214 105
234 113
248 125
253 136
257 138
255 134
253 130
244 126
230 123
212 115
195 105
175 91
152 80
128 72
107 62
87 52
66 41
50 33
37 25
27 21
23 19
21 15
25 15
33 15
46 25
64 35
82 42
103 52
125 62
148 74
171 87
191 99
210 107
228 115
242 123
251 128
255 132
257 134
253 134
246 128
234 123
220 117
201 109
179 97
160 85
136 78
115 68
91 54
72 44
54 33
41 27
31 23
25 19
21 17
27 17
39 31
42 35
46 23
66 17
95 29
123 56
142 78
164 85
185 87
208 97
226 115
238 128
248 134
255 134
257 130
253 130
248 130
238 128
222 121
205 107
185 97
164 87
142 80
119 70
97 56
76 42
58 35
44 29
33 23
25 17
21 13
23 13
31 17
39 23
54 29
72 37
89 44
113 54
136 68
160 82
181 91
201 101
220 109
236 121
246 128
253 132
257 132
255 132
251 132
242 128
228 121
210 111
193 103
171 93
148 82
125 72
103 60
82 50
62 41
46 31
37 25
33 25
29 27
17 17
15 5
29 1
50 13
68 31
85 44
105 52
130 60
156 74
177 91
197 105
216 115
230 119
244 123
251 126
255 134
255 134
251 130
244 125
230 119
216 113
197 107
175 95
154 83
132 74
109 64
87 54
66 42
52 31
39 25
27 19
23 15
21 13
27 15
35 19
46 23
62 31
80 41
101 50
125 60
146 72
169 83
191 97
210 109
228 117
240 121
250 126
257 130
257 134
253 134
246 128
236 125
220 119
203 111
181 101
160 89
138 78
115 66
91 54
72 44
56 37
44 33
33 33
17 15
9 0
17 0
33 7
44 25
58 35
72 37
95 39
121 54
144 78
164 93
185 99
205 101
222 107
238 119
248 130
253 136
255 130
255 126
250 126
238 126
224 123
207 113
187 99
166 87
142 80
119 70
99 58
78 46
58 35
42 25
31 21
27 19
23 17
23 15
29 15
39 21
54 29
72 39
89 44
113 54
134 66
158 78
179 89
201 101
218 111
234 119
246 125
253 130
257 134
255 132
251 130
242 126
228 123
212 115
193 105
171 93
150 83
126 74
107 66
89 60
62 44
39 23
25 7
23 3
23 7
23 13
25 17
35 17
50 21
68 35
85 48
107 60
128 68
152 74
173 85
195 99
214 111
228 117
242 119
251 123
257 130
257 134
251 132
246 128
234 121
216 115
197 105
177 99
156 87
132 74
109 62
87 50
68 41
52 33
37 25
27 19
23 15
21 15
25 15
33 19
44 25
62 31
80 41
99 50
123 62
146 74
167 85
189 95
208 105
228 115
242 123
250 128
255 132
257 132
255 132
248 130
236 126
220 119
205 109
183 101
162 91
140 82
121 78
91 60
64 33
46 11
39 9
33 19
25 21
21 17
23 9
33 11
44 25
58 39
74 46
93 48
117 54
140 66
162 83
181 93
203 101
222 107
238 117
248 125
253 132
257 134
255 132
250 128
238 125
226 121
207 113
189 103
166 89
144 76
123 68
99 60
78 48
60 37
44 27
33 19
25 19
21 15
23 15
29 15
39 21
52 27
70 37
89 44
111 54
132 66
156 76
179 89
199 101
216 109
234 119
246 126
253 132
257 134
257 134
251 132
242 130
230 123
214 117
199 113
175 105
144 83
117 58
99 42
83 39
66 37
46 31
33 21
27 11
25 13
25 17
27 21
33 21
48 25
66 33
83 44
103 54
126 64
150 72
173 83
193 95
212 105
230 117
244 123
251 126
255 130
255 132
253 132
244 128
232 125
216 115
199 107
177 97
156 87
132 74
111 62
89 50
68 41
50 31
39 25
29 21
23 17
21 15
25 15
33 19
44 25
60 33
78 39
99 48
123 60
144 72
167 83
189 95
208 105
226 115
240 123
250 128
255 132
257 134
255 134
248 132
236 126
226 125
207 123
175 97
150 68
136 56
121 58
97 60
72 48
54 31
42 17
35 17
27 25
21 25
23 19
31 15
41 17
54 29
72 41
93 50
115 54
136 64
160 76
183 91
203 105
220 111
236 117
248 125
255 132
257 136
255 134
250 130
240 126
226 121
207 113
189 101
167 91
144 80
123 68
99 58
80 46
62 37
44 29
33 23
25 17
23 17
23 17
27 17
37 21
50 27
68 35
89 46
109 56
132 66
156 78
177 89
199 101
216 109
234 119
246 126
251 130
257 134
259 138
257 144
240 134
218 115
205 97
195 91
175 91
150 85
125 70
105 54
87 46
66 41
50 37
37 31
29 21
21 15
21 13
25 17
35 21
46 25
64 29
82 39
103 50
126 64
150 76
171 85
193 95
212 105
230 117
242 125
251 128
255 130
257 132
253 132
244 128
234 121
220 117
201 109
179 97
156 85
134 76
111 64
89 52
70 42
52 33
39 27
29 21
23 17
21 15
25 15
31 17
44 23
58 31
78 39
99 48
121 60
142 72
166 83
189 95
207 105
224 113
240 123
251 130
259 138
263 148
251 136
238 115
230 103
222 105
207 111
185 105
162 87
140 70
119 62
97 58
76 54
58 42
42 27
31 17
25 15
21 17
21 17
29 15
39 15
56 25
74 37
91 48
115 58
138 68
162 78
183 91
201 103
220 113
236 119
248 125
253 130
255 132
255 134
251 132
240 126
226 119
210 111
191 103
167 93
146 80
123 68
101 56
80 48
62 39
46 31
35 25
25 19
21 15
23 15
29 17
37 21
50 27
68 35
87 42
109 54
130 66
154 78
177 89
199 101
218 113
238 128
246 134
244 126
248 117
253 117
253 123
244 126
228 121
214 109
199 101
177 95
154 89
130 80
107 66
85 48
66 39
50 33
35 25
25 17
21 11
23 11
27 15
35 21
46 27
62 33
83 41
103 52
125 64
148 76
169 85
193 95
210 105
226 115
240 123
251 128
255 132
255 132
253 130
248 128
236 125
218 119
201 107
179 97
158 85
134 76
113 64
91 52
72 42
54 35
39 27
29 21
23 17
21 13
25 15
31 17
44 23
58 31
76 41
97 50
119 60
142 72
166 85
187 97
212 115
224 123
228 115
238 95
1 111
251 125
257 138
185 134
236 119
224 109
208 109
187 109
164 99
140 80
121 62
97 52
76 46
56 39
42 27
33 17
25 13
21 13
23 17
29 19
41 21
54 27
70 35
91 46
113 56
136 68
160 80
181 89
201 101
220 111
234 121
246 125
253 128
255 130
255 130
251 132
242 128
226 121
210 113
191 103
169 93
148 82
125 72
101 60
80 48
62 39
48 31
35 25
25 17
23 15
23 13
29 17
37 21
50 27
5 35
80 46
109 56
9 70
156 83
171 91
185 89
207 91
232 103
248 121
1 130
255 130
255 126
255 128
238 130
232 128
214 121
197 105
175 93
152 83
128 76
105 62
85 48
62 37
50 27
37 23
27 19
23 15
23 13
27 15
33 19
46 25
62 33
82 41
101 50
125 60
146 74
169 85
191 95
210 105
228 115
242 123
250 126
255 130
250 132
255 134
246 130
234 125
220 117
203 109
181 99
158 87
136 76
115 64
93 54
72 44
54 35
41 27
31 21
25 19
21 15
25 15
33 19
42 25
58 33
76 41
99 54
123 72
136 72
152 64
179 70
207 91
226 117
238 126
248 125
255 123
259 126
257 136
250 140
238 132
224 117
207 107
187 101
164 93
142 82
119 66
97 52
76 41
58 37
44 31
33 25
25 15
21 13
23 13
31 19
39 25
54 29
70 35
91 44
111 56
134 66
158 80
181 91
201 101
218 109
234 119
248 126
253 130
257 132
255 132
251 130
242 126
228 123
212 113
191 103
171 91
148 82
125 72
103 60
83 48
64 39
48 29
35 23
25 17
23 17
25 17
27 19
37 23
56 37
68 42
74 39
95 37
125 46
154 66
175 87
193 97
212 103
232 111
246 123
255 134
257 138
257 136
251 130
244 126
232 123
214 117
197 105
175 91
154 83
130 72
109 62
87 52
68 41
50 33
31 27
27 21
23 17
21 15
17 15
33 19
44 25
60 31
80 41
101 50
123 60
144 72
169 83
191 95
210 107
226 115
240 121
250 126
257 130
257 134
253 134
246 130
236 125
222 119
203 111
181 101
160 89
138 78
115 66
91 54
72 44
56 35
41 27
31 21
23 17
23 17
27 19
39 31
41 33
46 21
64 15
91 29
119 54
142 76
162 85
183 87
205 95
224 113
240 128
248 136
253 132
257 128
255 128
248 130
238 128
222 119
208 107
189 97
166 89
142 82
121 70
99 56
78 44
60 37
44 29
33 23
25 17
21 13
21 11
29 15
39 21
52 29
70 37
89 44
111 54
134 68
158 80
179 91
199 101
218 109
234 119
246 126
253 128
257 130
257 132
251 132
242 126
228 119
214 113
195 107
171 95
150 82
126 72
105 62
83 50
64 41
48 31
37 25
33 25
27 27
17 15
15 3
29 1
48 13
66 31
83 44
103 50
128 58
154 72
175 89
195 105
212 113
230 117
244 123
251 128
255 134
255 134
251 130
244 125
232 119
216 115
197 107
177 97
156 83
132 74
109 64
87 54
68 44
52 33
39 25
27 19
23 15
21 15
25 15
33 17
44 21
60 29
80 41
99 52
121 62
144 72
167 83
189 95
207 105
226 115
240 123
250 128
255 132
257 132
253 132
248 130
238 126
220 117
203 109
183 99
162 89
138 80
117 66
95 54
74 44
58 37
44 35
37 37
17 19
9 0
17 0
33 5
44 25
56 35
72 35
93 37
111 52
17 74
162 91
183 97
203 99
220 107
236 119
248 130
1 132
257 130
255 128
250 128
238 126
224 121
208 111
189 103
164 91
144 80
123 70
99 60
80 46
52 35
44 27
33 21
25 17
21 13
23 13
29 15
39 21
52 27
68 35
89 44
111 54
132 66
156 78
177 87
199 99
216 107
232 117
246 125
253 130
257 134
255 132
251 130
244 128
230 123
214 115
195 107
173 95
152 83
128 74
109 64
91 60
64 46
39 25
25 7
23 1
25 7
23 15
25 15
35 15
48 19
66 31
85 46
105 60
126 66
150 74
173 83
193 97
212 109
228 117
242 121
251 125
255 128
255 132
253 132
246 128
234 123
216 115
199 107
179 99
156 87
134 74
111 62
89 52
70 41
52 33
39 27
29 21
23 17
21 15
25 15
33 19
44 23
60 31
78 39
99 48
121 60
144 72
166 83
187 93
207 105
226 115
240 123
250 128
255 130
257 134
253 134
248 130
236 125
222 117
207 111
185 103
162 91
142 82
123 80
93 64
62 33
46 11
41 9
35 19
25 25
19 17
21 7
33 9
44 23
56 39
72 46
93 48
115 52
136 64
160 82
181 95
201 101
220 107
236 115
248 125
253 134
257 136
255 132
250 128
240 126
226 123
208 115
189 103
167 89
146 80
123 70
99 60
80 48
62 37
46 29
33 23
25 17
23 15
25 15
29 17
37 21
48 25
68 35
89 44
109 54
130 66
154 76
177 89
197 101
214 111
232 117
246 125
253 128
257 130
257 132
253 132
244 128
232 125
216 117
201 115
177 107
144 85
117 58
101 42
85 39
66 37
48 33
35 21
29 13
25 13
23 17
27 23
33 23
46 25
64 31
82 42
103 54
125 64
148 72
171 82
193 93
212 107
228 117
242 123
251 126
257 128
257 132
253 134
246 130
234 123
218 113
201 105
179 99
158 89
134 76
113 62
91 52
70 42
52 35
41 27
29 19
23 15
21 13
25 15
33 17
44 23
58 29
76 39
97 48
119 58
142 70
167 83
189 95
207 107
224 113
240 121
250 126
255 132
257 134
255 134
250 130
238 126
228 128
208 123
177 97
152 70
136 56
121 58
99 60
74 50
56 33
44 19
35 17
27 21
23 23
25 19
29 15
39 17
54 27
72 41
91 48
113 54
136 62
160 74
181 91
201 105
218 111
236 115
248 125
253 130
255 134
255 134
250 130
240 125
226 121
210 113
191 105
169 93
146 80
125 68
103 58
82 50
62 39
46 29
35 21
27 19
23 17
23 17
27 17
37 19
50 27
66 35
85 42
107 54
130 64
154 76
175 87
197 99
216 111
232 119
244 125
251 128
250 132
259 136
259 142
242 134
220 115
207 99
187 91
175 89
152 85
128 72
107 56
87 46
68 41
52 39
37 33
27 23
23 13
21 13
25 17
33 21
44 25
62 29
82 37
101 48
123 62
148 74
171 83
193 95
210 107
228 117
240 125
251 130
257 132
257 132
251 132
246 128
234 123
218 115
201 107
181 97
160 87
136 78
113 64
91 52
72 42
54 33
41 27
29 19
23 13
21 13
25 15
31 19
42 23
58 29
76 39
97 48
119 58
142 72
166 83
187 93
207 105
224 113
238 123
250 130
257 136
263 146
251 138
238 117
230 103
222 103
210 111
187 107
162 89
140 70
121 58
101 60
80 58
58 46
41 29
33 17
15 15
21 17
21 19
19 17
39 15
54 21
7 33
89 46
113 58
11 66
158 76
179 89
201 103
220 113
234 121
246 123
3 126
255 130
255 132
251 132
242 128
228 121
212 113
191 105
171 95
148 82
125 70
103 58
82 48
62 39
46 31
35 21
27 17
23 15
23 15
27 17
37 21
50 27
66 35
85 44
107 54
128 64
152 74
177 85
197 101
216 113
236 128
246 134
244 126
248 119
251 117
253 123
246 128
230 123
214 111
199 101
179 93
156 89
132 80
107 66
87 50
68 41
50 33
37 27
27 19
21 13
21 9
25 11
35 19
46 27
62 35
80 41
101 50
125 62
148 76
169 87
189 95
208 103
226 113
240 123
250 128
255 132
257 132
255 130
246 128
236 125
220 117
203 109
181 99
160 87
136 76
113 64
93 54
74 44
54 35
41 25
31 21
25 17
21 15
23 13
31 17
42 23
56 31
74 39
95 46
119 60
142 72
164 83
185 95
210 115
224 125
228 115
236 105
251 111
259 126
257 138
246 132
238 121
226 111
210 113
189 111
158 99
126 82
113 64
97 52
76 46
58 39
42 29
31 17
23 11
21 11
23 17
29 21
39 21
52 27
70 35
89 46
113 60
134 68
158 76
179 85
201 99
218 111
234 121
246 126
253 130
257 132
255 134
251 132
242 130
228 121
212 113
193 103
171 93
148 83
126 72
103 60
83 46
64 39
48 31
35 23
27 17
23 17
23 15
27 17
37 21
50 27
66 35
85 44
107 56
132 70
158 87
169 91
183 87
205 89
230 103
244 121
250 128
255 130
257 128
255 128
248 132
232 130
216 121
197 107
177 95
156 85
130 76
107 64
87 50
68 37
50 29
37 25
29 21
23 17
21 13
25 13
33 17
44 25
60 33
80 41
99 48
123 60
144 74
167 85
189 95
208 105
224 113
240 121
250 126
257 132
257 134
253 132
246 126
238 125
222 119
203 111
181 99
160 87
138 76
115 66
93 56
72 44
54 35
41 27
31 21
23 17
21 15
25 15
31 19
42 23
56 29
74 39
99 54
123 72
134 74
150 66
177 68
205 89
226 115
236 126
246 126
255 123
259 128
257 136
250 140
240 134
224 119
207 107
187 99
167 93
144 83
121 68
97 52
78 41
60 37
44 31
33 23
25 15
23 13
23 15
27 21
39 23
52 27
70 33
87 44
109 54
132 68
158 80
177 89
197 99
218 109
234 119
246 126
253 130
255 130
257 132
251 132
242 128
228 123
212 113
193 103
173 95
150 85
128 72
105 60
83 48
66 39
48 33
37 25
27 21
23 17
23 15
27 17
39 25
56 39
66 41
74 37
95 37
123 46
152 68
173 85
193 97
212 103
230 111
244 123
253 134
257 140
257 138
251 130
246 125
234 125
218 119
197 109
177 93
156 82
134 72
111 64
87 52
68 41
52 31
39 25
29 19
23 17
21 15
25 17
33 17
44 23
60 31
78 39
99 50
121 62
142 72
167 82
189 93
208 105
224 115
238 123
250 126
255 130
255 132
253 132
248 130
238 125
222 117
203 109
183 101
162 89
140 80
117 66
93 54
76 44
56 35
41 27
31 21
25 17
23 17
25 19
35 29
42 31
46 23
62 17
91 29
119 54
140 74
160 83
181 87
205 95
224 111
238 128
246 134
253 132
257 128
257 130
250 132
240 128
224 119
208 107
189 95
167 89
146 82
123 72
101 58
80 46
60 37
46 31
33 27
25 19
21 13
21 11
29 15
39 21
52 29
68 35
87 42
109 52
132 66
156 80
177 89
199 99
216 109
232 119
244 125
251 128
257 132
257 134
251 130
242 126
230 123
214 115
195 107
173 95
152 83
128 72
105 62
85 50
66 41
50 33
39 25
33 27
27 27
17 17
15 5
27 1
46 11
66 29
82 42
101 48
126 56
152 72
173 89
193 105
212 111
228 115
244 121
251 128
255 134
255 134
251 128
246 125
232 121
216 115
201 107
181 99
158 87
134 74
113 64
91 54
72 44
52 35
39 25
29 19
23 15
21 13
25 13
33 17
44 23
58 31
76 39
99 48
121 60
144 72
166 83
187 93
207 105
224 113
238 121
250 126
253 128
257 132
255 134
248 130
236 125
222 117
207 111
185 103
164 91
140 80
119 68
97 58
76 48
56 39
44 33
37 35
19 19
9 0
17 0
31 5
44 27
54 35
70 35
93 37
117 52
140 74
160 91
181 97
201 99
220 105
236 119
246 130
253 132
257 130
255 128
250 126
240 126
228 123
210 115
191 103
169 91
148 82
125 72
101 62
80 48
62 37
46 29
33 23
25 19
21 15
23 13
27 15
37 19
50 25
70 35
87 44
107 54
130 64
154 76
177 89
197 101
214 109
230 117
246 125
253 130
255 132
255 134
251 132
244 128
232 123
214 115
197 107
175 97
152 83
130 74
111 66
93 62
64 46
41 27
27 7
25 3
25 9
23 13
23 15
33 15
48 19
66 33
82 46
101 58
125 64
148 72
171 83
191 97
210 109
228 115
240 121
250 125
255 128
257 134
253 132
246 128
234 121
220 115
201 109
181 101
158 89
136 76
113 64
91 54
70 42
52 33
41 25
31 19
23 17
21 15
25 15
33 19
42 23
58 31
76 39
97 48
119 60
142 72
166 82
187 93
207 103
222 113
238 121
250 126
255 132
257 134
255 134
248 132
238 128
224 121
207 113
185 101
166 91
144 83
125 80
95 64
66 35
48 11
42 11
35 21
25 23
19 15
23 7
33 11
42 23
54 35
72 44
91 48
113 52
134 62
158 80
179 95
201 103
218 107
234 113
246 123
253 130
257 134
255 132
251 128
242 126
228 123
210 115
193 105
169 91
148 80
125 70
101 58
82 48
62 37
46 29
35 23
27 19
21 17
23 15
27 15
37 21
48 27
66 35
85 42
107 54
130 66
152 76
175 87
197 99
214 107
232 117
244 125
251 128
255 132
257 134
253 132
244 128
232 123
216 117
203 115
179 109
146 85
119 60
103 44
87 41
68 41
48 33
37 23
29 13
25 13
23 17
27 23
33 25
44 25
62 29
80 39
101 52
123 62
146 70
169 78
191 91
210 105
228 117
242 123
251 126
257 130
257 132
253 134
246 130
236 125
220 115
203 107
181 97
160 87
136 76
115 64
91 52
72 42
54 35
41 27
31 21
23 15
21 13
25 15
31 19
42 23
56 29
76 39
97 48
117 58
140 70
166 82
185 93
205 105
222 113
238 121
250 128
255 132
257 134
255 134
250 132
240 128
228 128
210 123
179 97
154 70
138 58
123 58
101 60
76 50
56 33
42 17
37 19
29 25
23 27
23 19
29 13
39 17
52 29
68 41
87 46
111 52
126 60
158 74
179 89
201 103
218 113
234 117
246 123
253 128
250 134
255 134
251 132
242 126
228 121
210 115
191 105
171 93
150 82
126 70
103 60
82 48
62 39
48 31
35 23
27 19
21 17
21 15
27 17
37 21
48 27
66 35
78 42
107 52
128 64
150 74
175 87
195 99
214 111
230 117
244 125
3 130
250 136
259 140
257 142
242 134
222 115
207 97
189 91
179 91
156 85
130 74
109 56
89 46
72 42
52 41
39 31
27 19
23 13
21 13
25 17
31 21
42 25
60 29
80 37
93 48
123 62
146 74
169 83
189 93
208 105
226 115
240 125
0 130
255 130
250 132
253 132
248 130
236 125
220 117
203 107
181 99
160 89
136 76
115 64
95 54
74 44
54 35
41 27
31 21
17 17
21 15
15 15
31 17
33 21
56 29
11 39
95 46
109 58
15 70
130 82
177 93
205 103
220 113
238 123
248 128
5 134
263 146
253 140
238 119
230 103
226 105
197 111
189 109
156 91
142 72
123 62
103 60
80 56
58 44
42 27
33 17
17 17
15 19
21 17
29 15
39 15
52 15
7 35
89 46
111 56
7 64
158 76
179 91
199 105
218 113
234 119
246 125
3 128
250 134
255 134
251 130
234 126
230 121
212 115
193 105
171 95
150 83
126 72
103 60
83 50
64 41
48 31
35 25
25 17
23 13
23 13
27 15
35 19
48 25
62 33
83 42
105 54
126 66
150 76
173 87
195 99
214 111
236 126
246 134
244 126
246 117
1 115
253 123
246 128
232 123
216 113
201 103
181 93
156 91
134 82
111 68
89 52
70 41
52 33
37 27
29 21
23 15
21 11
25 13
33 17
37 25
60 31
78 39
99 48
123 62
19 74
167 85
189 93
208 97
226 115
238 123
248 126
5 130
251 132
255 132
248 130
236 125
222 119
205 111
175 101
160 89
138 76
117 66
93 54
74 44
56 35
42 27
31 21
17 17
21 15
17 15
33 17
33 23
56 29
74 37
93 46
115 58
138 70
164 82
185 95
210 115
222 125
220 115
236 105
1 111
251 128
257 138
248 134
238 121
228 111
212 111
187 111
160 101
128 82
115 64
99 54
78 48
60 41
44 29
33 17
17 9
23 11
23 17
29 21
37 21
52 25
70 33
87 46
109 58
132 68
156 76
177 87
199 99
216 111
232 119
246 125
3 128
255 125
257 132
251 132
244 128
230 123
212 115
193 105
173 93
144 83
128 72
105 62
83 50
64 41
48 33
37 25
27 19
23 17
21 15
27 15
35 19
48 27
1 35
82 42
105 54
5 62
154 87
136 89
183 85
205 89
228 103
244 119
0 128
255 128
250 128
255 128
177 132
236 130
218 123
201 109
179 97
156 85
134 78
111 66
87 50
68 37
52 29
39 23
29 21
23 19
21 15
25 15
33 17
44 25
58 33
78 41
99 48
121 60
142 70
166 82
189 93
208 105
226 113
238 119
250 126
255 132
257 134
253 132
248 130
238 125
222 119
203 109
183 99
164 89
140 80
117 68
95 54
76 44
58 35
42 29
31 23
25 17
21 15
25 17
31 19
41 23
54 31
74 39
97 52
121 70
132 72
148 64
175 68
203 89
224 113
236 125
246 125
255 123
259 128
259 136
251 140
240 132
226 119
210 109
189 101
167 95
144 83
121 66
101 54
80 44
62 39
44 31
33 23
27 17
23 13
23 15
27 19
39 21
50 27
68 33
85 42
109 54
132 68
154 78
175 87
197 97
216 107
232 119
244 126
251 128
257 130
257 132
251 132
244 128
230 123
214 115
195 105
173 95
152 83
130 74
107 62
83 50
66 41
50 33
37 25
29 21
23 17
23 17
27 19
37 25
54 35
64 42
74 39
93 39
121 46
150 64
171 85
191 97
210 103
228 109
246 121
253 132
257 138
255 138
253 130
246 128
234 125
218 119
199 109
179 95
158 83
136 74
113 64
89 54
70 41
54 31
41 27
29 21
23 17
21 15
25 15
31 17
44 23
60 31
76 39
97 48
119 58
142 70
166 83
187 93
207 103
224 113
240 121
250 128
255 130
257 132
255 132
248 128
238 125
222 117
207 111
187 103
164 91
140 78
119 66
97 56
76 46
58 37
44 27
33 21
25 19
21 17
25 17
37 29
41 33
44 19
60 13
89 25
119 52
138 76
158 83
179 85
203 91
222 109
236 128
246 136
253 134
257 128
255 128
250 132
240 130
226 123
208 109
191 97
169 91
148 83
125 74
101 60
80 46
62 35
46 31
35 25
25 19
21 13
23 13
27 15
37 21
48 25
68 33
87 42
109 54
130 66
154 78
175 87
197 97
214 109
232 119
244 125
253 130
257 132
255 132
251 132
244 128
232 123
216 115
197 107
175 97
154 87
130 76
107 62
87 50
66 42
50 33
41 29
33 29
29 29
17 17
13 5
27 1
46 13
64 29
80 42
99 48
125 54
150 70
173 89
193 103
210 111
228 115
240 121
250 126
255 132
255 134
253 132
246 125
234 119
218 115
203 111
181 101
158 87
136 74
115 64
93 56
72 46
52 35
39 25
31 17
23 15
21 15
23 15
31 17
44 23
58 31
76 39
97 48
119 60
142 70
164 82
187 93
205 103
224 113
238 121
248 126
255 132
257 134
255 132
248 130
238 126
226 121
207 113
185 103
166 89
142 80
121 70
97 58
76 48
60 37
46 35
39 35
19 17
9 0
17 0
31 5
42 25
52 33
62 35
91 39
115 52
130 72
158 87
179 97
199 99
218 105
234 117
246 128
251 132
257 130
255 126
250 125
242 125
228 125
210 115
191 103
171 91
150 83
126 74
103 60
83 50
64 39
46 29
33 23
25 17
23 15
23 15
27 15
37 19
50 25
66 35
78 44
105 54
128 64
152 76
175 87
195 97
214 107
230 117
244 125
1 128
255 130
250 132
253 134
244 130
232 123
216 115
199 107
177 97
146 87
132 76
95 66
95 62
68 50
33 27
27 9
25 0
25 9
23 15
25 15
33 15
46 17
64 31
80 44
101 56
123 64
21 62
169 82
191 97
208 109
218 117
236 119
0 125
255 128
257 132
253 134
248 128
236 123
222 117
203 111
181 101
160 89
138 76
115 64
91 52
72 42
54 33
41 25
29 19
23 15
21 15
25 17
31 21
42 25
56 31
76 39
95 48
117 60
140 72
164 82
185 91
205 103
222 113
236 121
248 126
255 130
257 132
255 132
250 132
240 128
226 121
207 113
189 103
166 93
144 83
126 82
97 66
66 37
50 13
42 11
35 19
27 25
21 19
21 9
29 7
42 21
54 37
70 46
89 46
111 50
134 62
158 80
177 95
197 101
218 107
234 113
246 125
251 132
255 134
257 132
251 130
242 126
228 123
212 117
193 105
171 93
148 82
126 70
105 60
83 48
64 39
46 29
37 23
27 19
23 17
23 15
27 15
37 19
48 25
64 33
83 42
105 52
128 64
152 76
173 87
195 99
214 109
230 117
244 125
251 130
257 132
257 134
253 132
246 126
232 125
218 119
205 115
181 107
148 85
123 62
105 46
89 41
70 39
52 35
37 23
29 15
25 11
23 15
27 23
33 25
44 25
60 29
78 39
99 52
121 62
144 70
167 80
189 89
208 103
226 115
240 123
251 128
257 130
257 132
253 134
248 132
236 125
220 117
203 109
183 99
162 89
138 76
117 64
95 52
74 44
56 35
41 27
31 21
25 17
21 15
23 15
31 17
41 23
56 29
74 37
93 46
117 58
138 70
162 82
183 91
203 103
222 113
238 121
248 126
253 130
257 132
255 134
251 134
240 130
228 128
212 123
181 101
156 72
138 60
125 62
101 62
78 52
58 33
44 21
37 21
27 25
21 25
21 19
29 13
39 17
52 29
68 39
87 46
111 52
132 60
156 72
179 89
201 103
218 111
224 117
246 123
3 130
250 136
255 136
250 130
171 123
230 119
212 117
195 107
171 95
150 82
128 72
105 62
83 50
64 41
48 31
37 23
27 17
21 15
21 13
27 15
37 21
48 25
64 35
83 44
105 54
126 64
150 76
173 87
195 97
212 109
230 115
244 125
251 130
257 134
261 138
259 142
244 136
222 115
208 99
197 93
181 91
156 85
132 72
111 58
93 50
72 44
54 41
39 31
29 21
25 15
21 15
23 17
31 19
42 23
58 27
78 37
99 48
121 60
144 70
167 83
189 93
208 107
226 115
240 125
250 128
255 130
257 132
253 132
248 130
236 125
222 117
205 107
185 101
164 91
140 80
117 66
95 56
74 44
56 35
42 27
31 23
25 17
21 15
23 13
31 17
41 23
56 29
72 37
91 44
115 56
138 68
162 82
183 93
203 103
220 113
238 121
248 128
257 136
263 148
251 138
238 117
232 103
228 105
212 113
189 109
166 91
146 74
125 62
103 62
80 56
60 44
44 29
33 15
25 15
21 17
21 17
29 17
37 15
50 21
68 33
87 46
109 56
130 64
154 74
177 87
199 101
216 111
232 117
246 123
253 126
255 130
255 132
251 132
244 128
230 121
212 113
195 105
173 95
152 85
128 74
105 60
85 50
66 41
50 33
35 25
27 19
23 15
21 15
27 17
35 19
46 25
64 33
83 42
103 52
126 64
150 76
171 87
193 99
214 111
236 126
236 132
242 123
246 117
3 117
255 125
246 128
232 123
218 113
201 103
183 97
160 91
134 82
113 68
89 52
70 41
52 33
39 27
29 21
23 13
21 9
25 11
33 17
44 25
58 31
76 37
99 46
121 60
142 74
166 83
187 93
207 103
224 113
238 123
248 126
255 130
255 132
255 132
248 128
238 126
224 119
205 111
185 99
164 89
142 80
119 68
95 56
76 46
58 37
42 29
31 21
25 17
23 15
25 17
31 19
31 21
54 29
74 37
93 46
113 58
136 70
160 82
183 93
207 111
222 123
226 115
236 105
1 111
251 126
257 138
250 134
240 123
228 113
212 111
191 111
169 101
146 83
125 66
101 54
80 48
60 41
46 31
33 19
25 13
21 13
21 15
27 17
37 21
50 25
68 33
78 44
107 54
130 66
154 76
175 87
197 93
216 109
232 119
244 125
1 126
250 130
257 134
250 134
244 130
230 123
216 115
197 107
175 97
152 83
130 72
107 60
85 50
66 41
50 31
39 25
29 19
23 15
21 15
27 17
35 21
46 25
62 33
82 41
103 50
128 68
154 85
166 89
181 85
205 89
226 101
242 119
250 130
253 130
255 126
255 128
248 132
236 130
218 123
201 109
181 95
160 87
134 80
113 68
89 52
72 39
54 31
39 25
29 19
23 17
23 13
25 15
31 19
42 25
58 31
76 41
95 48
119 58
142 70
166 82
185 93
205 103
224 111
238 121
250 126
255 132
257 134
255 132
250 130
238 126
222 119
205 111
185 101
166 91
142 80
119 68
99 58
78 48
58 39
42 29
33 23
25 17
21 15
23 15
29 17
41 21
54 29
72 37
93 52
119 68
132 70
146 62
173 66
201 87
222 113
234 125
244 123
253 121
259 128
259 138
251 142
240 132
228 119
212 109
191 103
169 97
146 82
125 68
103 54
82 44
62 37
46 29
35 21
27 17
23 15
23 15
29 19
37 23
48 27
64 35
85 42
107 54
130 66
152 74
175 83
197 97
216 107
230 119
244 125
253 128
257 132
257 134
251 132
244 128
232 123
216 115
197 107
175 95
154 85
130 74
107 62
85 48
68 41
52 35
39 25
27 19
23 15
23 15
27 17
37 23
52 37
64 41
70 37
89 37
119 46
148 64
169 83
189 95
208 99
228 109
244 121
251 134
255 140
255 134
253 130
248 126
236 126
218 121
201 109
181 95
160 83
136 76
113 66
91 54
74 42
56 33
41 25
31 21
25 19
21 17
25 15
31 15
42 23
56 31
74 37
95 46
119 60
138 70
162 82
185 93
207 105
222 115
238 121
248 126
255 130
257 132
255 132
248 130
238 125
224 119
208 111
187 103
166 91
142 78
121 68
99 58
78 46
58 37
44 29
33 25
25 19
21 17
23 17
35 27
41 33
44 21
60 15
87 27
115 52
136 74
154 82
177 83
203 93
222 111
234 126
246 134
253 132
257 128
255 128
250 130
240 130
228 123
210 109
193 99
171 91
148 83
125 74
103 58
83 46
66 39
48 33
35 27
27 19
23 15
23 13
27 17
35 21
48 25
66 33
83 41
105 52
126 64
152 76
173 85
195 97
212 107
230 115
244 123
253 130
255 132
255 132
253 130
246 128
234 125
216 117
197 107
177 97
156 85
132 76
109 64
87 52
70 42
52 33
41 27
35 27
29 29
17 19
13 5
27 1
44 11
62 29
78 42
99 48
123 54
148 68
169 87
189 101
210 111
226 117
240 121
250 126
255 132
255 134
253 132
246 126
236 121
220 117
203 111
183 99
162 87
138 76
117 66
95 54
74 44
54 35
41 27
31 19
23 17
21 13
23 13
31 15
42 23
56 31
74 39
95 48
117 60
140 70
162 82
183 91
205 103
222 111
236 119
248 126
253 132
257 134
255 134
250 130
240 126
226 121
208 111
189 101
167 93
144 82
121 70
97 56
80 46
62 41
48 37
37 35
19 17
11 0
17 0
29 5
41 25
52 33
68 33
89 37
113 50
136 72
158 87
177 95
199 99
216 103
234 117
244 128
251 132
255 128
255 126
251 126
244 128
228 125
212 115
195 103
173 91
150 83
126 72
105 60
85 48
64 39
48 31
35 25
27 19
23 15
21 13
25 15
35 17
48 25
64 33
83 42
105 52
126 64
150 76
171 85
195 97
214 109
230 119
242 125
251 128
257 132
257 134
253 134
244 128
234 123
218 115
199 107
177 97
156 87
134 76
113 68
95 66
68 50
42 27
29 7
27 3
25 9
21 15
23 13
33 13
46 19
62 31
80 46
99 56
121 64
144 70
166 82
189 95
207 109
224 115
238 119
250 123
255 128
257 134
253 132
248 128
238 123
222 119
203 113
183 101
164 89
140 78
117 66
93 54
74 44
56 35
41 25
31 19
25 15
23 17
23 15
29 17
41 21
56 31
74 39
93 48
115 56
138 68
160 80
183 91
203 103
220 111
236 119
246 125
255 130
257 134
255 134
251 132
240 128
226 123
210 115
189 105
167 95
146 83
128 82
99 66
68 37
50 13
44 11
37 19
27 25
21 19
21 7
29 9
42 21
52 37
68 42
85 42
111 50
125 64
154 80
175 93
197 99
216 105
232 113
244 123
253 130
257 132
257 132
251 130
242 126
230 123
214 117
195 107
173 93
152 82
128 72
107 62
83 50
64 39
48 27
37 23
29 21
23 17
21 13
27 15
35 19
48 25
64 35
83 42
103 52
126 62
148 74
171 83
193 97
212 109
228 117
242 123
251 128
257 132
257 132
253 132
246 128
234 125
220 119
205 115
183 109
150 87
123 64
105 46
91 41
72 41
52 35
37 23
29 13
25 13
25 19
27 23
31 23
44 23
60 27
78 39
97 50
119 60
142 70
166 80
187 91
207 103
224 113
240 121
250 126
255 130
257 134
255 136
248 132
238 126
222 119
205 111
185 101
162 89
140 78
117 66
95 56
76 46
56 37
42 27
33 21
25 17
21 15
23 15
31 17
41 23
54 29
72 35
93 46
115 58
136 70
160 80
181 91
203 101
220 113
236 121
246 126
253 130
257 132
255 134
250 132
242 126
232 128
214 126
181 101
158 72
142 58
126 60
103 62
78 52
58 33
46 21
37 21
29 27
21 27
21 19
27 13
37 15
50 27
3 39
85 46
109 52
5 60
154 74
177 80
197 101
216 111
232 115
244 123
1 130
250 134
257 134
251 130
236 126
226 121
214 115
195 105
160 95
154 83
130 74
107 60
85 50
68 41
50 33
37 25
27 17
23 15
23 15
25 15
33 19
46 25
62 33
82 42
103 52
126 62
148 74
171 85
193 97
203 107
228 115
242 123
1 128
250 134
261 138
259 144
244 134
224 117
210 101
199 95
183 95
158 87
132 74
113 58
93 48
66 44
56 41
41 33
29 23
23 17
21 15
23 17
31 21
42 23
56 25
76 31
97 46
121 62
142 74
164 83
187 91
207 103
224 115
238 123
0 128
255 130
