550000 10000000 115343 18
27 21
17 11
19 9
39 17
70 33
111 52
152 72
193 93
226 111
251 126
263 136
259 138
242 130
212 115
173 97
134 78
91 60
56 39
31 23
17 13
17 11
35 17
64 31
101 48
144 70
185 89
220 109
248 125
261 134
259 138
246 130
218 119
183 103
140 82
99 60
62 41
35 25
19 15
17 11
31 15
58 27
95 44
136 66
177 85
214 107
248 132
263 146
253 134
238 113
220 99
193 99
152 91
105 68
66 41
41 21
23 15
17 19
27 25
50 29
85 39
128 56
169 80
207 103
238 121
257 128
259 130
253 130
232 126
197 113
156 91
115 66
76 46
42 31
23 19
15 13
25 13
46 21
78 35
121 56
164 80
203 99
234 117
253 128
263 134
257 136
236 130
203 115
164 93
123 72
82 52
48 35
25 21
15 11
21 9
41 17
74 35
113 54
154 76
195 95
230 115
251 126
263 136
259 136
240 130
210 115
173 97
134 80
97 68
54 42
19 13
7 0
17 0
39 11
66 31
103 48
148 66
191 87
226 111
250 130
261 140
259 138
244 130
216 119
179 103
138 83
95 60
58 37
33 19
17 11
17 11
31 15
60 25
99 44
140 66
181 89
216 109
244 123
261 132
261 136
248 132
220 121
187 103
146 83
103 62
64 41
37 25
21 17
17 11
29 15
52 25
89 41
134 64
173 87
210 105
240 121
259 132
263 136
251 134
228 125
195 107
154 87
111 66
72 46
41 29
21 17
17 11
27 15
50 25
83 42
125 62
171 91
207 111
228 111
246 109
259 117
257 128
236 130
201 115
160 87
121 64
82 50
48 39
25 27
15 13
23 7
44 17
76 37
115 58
156 76
197 93
230 109
253 126
263 138
257 138
238 126
208 111
169 95
126 76
85 56
52 37
27 19
15 9
21 11
39 19
70 33
107 50
150 70
191 91
226 111
250 126
263 134
261 136
244 130
214 117
177 99
134 80
93 58
56 39
31 23
17 13
19 11
35 17
64 29
101 46
142 66
183 89
222 111
248 126
261 136
261 138
250 134
224 126
191 119
138 87
89 52
54 23
33 9
19 9
17 11
29 15
56 21
95 39
138 64
177 91
214 111
244 125
259 130
261 134
250 134
224 125
189 105
150 83
107 62
70 42
39 27
21 15
17 11
27 13
50 23
85 39
128 62
169 83
207 103
236 117
257 128
263 136
253 136
230 125
197 107
160 89
117 70
76 50
42 31
25 17
17 11
23 13
44 23
78 37
119 56
162 78
201 99
234 117
255 130
263 136
255 136
236 125
203 111
167 95
125 76
82 54
48 33
27 21
19 15
21 15
42 25
78 46
109 58
142 60
185 70
226 97
255 126
263 142
257 138
240 123
212 111
177 101
132 87
87 64
54 37
29 17
17 9
17 13
35 19
64 29
103 42
146 64
187 89
222 113
250 126
261 134
259 134
244 130
218 123
181 105
138 82
97 58
60 39
33 25
17 15
15 11
31 13
60 27
97 44
138 66
179 85
216 107
246 125
261 134
261 136
248 132
224 121
187 105
146 83
105 64
66 44
37 27
19 15
17 11
29 15
54 27
89 42
130 62
173 83
210 105
240 121
261 134
267 146
257 146
222 125
183 93
148 70
115 58
74 46
41 31
19 13
17 3
29 11
50 27
82 44
123 62
166 80
205 99
234 117
253 130
261 134
255 134
234 125
201 111
162 91
121 72
80 52
46 33
25 19
17 13
23 13
42 21
74 35
115 54
158 74
197 97
230 113
253 126
263 134
257 134
238 126
208 113
169 95
126 76
87 54
52 35
27 21
17 13
19 13
37 19
68 31
107 48
150 68
189 91
226 111
251 126
261 134
259 136
244 130
214 119
177 101
136 80
93 58
56 37
33 25
23 23
23 27
27 19
50 11
93 23
17 56
185 91
218 115
238 123
11 125
263 130
250 136
220 130
185 111
142 83
93 56
62 41
31 29
17 19
15 9
27 7
56 19
93 42
9 68
175 80
212 103
244 119
9 132
261 138
250 136
226 123
191 105
134 85
109 66
62 46
41 29
21 13
17 9
27 13
50 25
85 41
1 60
167 80
207 93
238 119
7 132
261 136
253 132
169 125
199 111
158 91
117 70
78 48
46 33
25 19
15 11
23 13
46 23
78 39
119 58
162 80
203 103
240 126
255 138
253 132
246 119
232 111
207 103
166 91
123 72
83 50
50 31
29 21
17 17
21 19
39 23
72 33
111 50
152 74
193 95
226 113
250 125
261 132
259 132
242 128
210 117
173 97
132 76
91 56
56 39
29 23
17 13
19 11
35 17
64 31
103 48
144 70
185 89
220 107
248 123
261 134
261 138
246 132
216 119
181 101
140 82
99 60
62 42
33 25
19 13
17 11
33 15
58 27
95 44
138 66
179 85
214 105
244 121
261 132
261 136
248 132
224 121
189 107
148 87
105 68
70 50
42 39
15 15
3 0
21 0
54 13
91 44
128 68
169 80
208 93
242 117
259 138
263 146
251 138
230 123
197 105
156 89
113 72
72 48
42 27
23 13
15 9
25 15
46 25
82 39
123 58
164 78
203 99
234 119
255 130
263 136
255 132
234 125
203 113
164 93
121 74
80 48
46 31
25 17
17 11
23 13
42 21
74 33
115 54
158 76
197 97
230 115
253 126
261 134
257 136
240 130
208 117
171 97
128 74
87 54
52 37
29 23
17 15
19 11
39 19
70 35
109 54
156 83
189 99
214 105
240 111
257 119
261 128
246 130
214 117
177 95
138 72
97 58
62 46
33 33
17 17
17 11
35 15
60 31
97 48
138 68
181 85
218 103
246 121
259 132
261 136
248 130
220 119
185 101
146 85
103 66
66 44
35 27
19 13
17 11
31 17
54 29
89 42
132 62
175 83
212 105
242 123
259 132
261 136
251 132
226 123
193 105
154 89
111 68
72 46
41 29
21 17
17 13
27 13
48 25
83 41
125 60
167 80
205 101
234 119
7 130
263 136
255 136
232 126
201 113
166 101
119 80
68 42
35 9
21 0
19 7
25 19
42 25
76 31
119 46
162 74
201 103
232 125
253 132
263 132
255 130
236 126
207 117
167 97
125 72
83 46
48 29
29 21
17 15
21 13
39 17
70 31
111 52
152 76
191 95
226 111
250 125
261 132
259 136
244 130
212 117
175 97
132 78
91 56
56 39
31 23
17 11
17 9
35 17
66 33
101 50
142 70
185 89
222 109
248 126
261 136
259 136
248 130
220 121
183 103
140 83
99 60
62 42
35 25
19 15
17 13
35 21
64 39
91 48
125 54
169 68
214 93
246 119
9 134
259 134
250 126
218 117
189 109
142 93
107 72
68 46
31 25
17 15
15 13
27 17
50 23
85 37
3 56
169 80
208 95
238 119
7 128
261 132
253 134
230 128
197 113
156 89
115 68
68 46
42 31
23 19
15 13
25 13
46 21
80 37
119 56
158 76
203 99
234 117
3 128
263 136
257 136
236 128
203 113
156 95
123 72
82 52
46 33
25 17
17 11
23 13
42 21
72 35
113 54
156 76
195 95
230 113
253 128
263 138
259 140
246 142
208 123
162 87
121 54
87 39
56 33
31 27
15 13
19 5
31 11
70 33
107 58
146 80
187 91
224 105
250 123
261 136
259 140
242 128
216 113
181 97
138 80
95 60
60 41
33 23
19 13
17 11
31 17
60 31
97 48
138 66
181 87
216 107
244 123
261 134
261 138
246 132
222 121
187 105
146 85
103 64
62 42
37 25
19 15
17 11
29 15
54 25
89 42
132 62
173 83
210 103
242 121
259 132
261 136
251 132
228 123
195 107
154 89
111 68
72 46
44 31
27 25
21 23
21 17
37 13
76 21
123 44
167 76
205 101
234 117
255 125
265 130
257 136
236 134
201 117
160 91
119 68
80 48
46 35
23 23
13 11
21 9
44 15
76 35
117 56
158 78
199 97
232 113
253 128
263 136
257 138
238 130
207 113
167 93
126 74
85 54
50 37
27 19
17 11
19 9
39 19
68 35
107 50
152 70
193 93
226 113
250 128
261 134
259 136
242 128
212 117
175 99
134 80
93 58
56 39
31 23
17 13
19 13
35 17
64 29
101 48
144 70
183 91
218 107
251 128
267 150
257 142
234 117
212 95
185 87
146 85
99 68
60 39
33 15
23 7
19 15
33 27
56 35
93 44
134 58
177 82
212 107
242 125
259 130
261 130
250 126
224 121
191 109
150 89
107 64
68 41
41 25
21 19
17 15
25 15
50 21
85 37
126 60
169 82
207 101
238 117
257 128
263 136
253 134
230 126
199 109
158 89
117 68
76 48
42 31
25 19
17 11
23 11
44 19
80 37
121 58
162 78
201 99
234 117
255 130
263 136
255 136
236 128
205 115
166 97
125 76
87 60
52 44
19 21
5 1
15 0
41 7
74 33
111 54
152 70
193 87
230 109
255 130
263 144
259 142
240 130
212 113
173 97
130 80
87 58
52 35
29 17
17 9
19 11
37 19
66 33
103 46
146 66
187 91
222 111
248 126
261 132
261 134
246 130
216 119
179 101
140 82
97 60
60 41
33 25
17 13
17 13
33 17
60 29
95 44
138 64
179 87
218 107
246 125
259 132
261 136
250 132
224 123
187 105
146 85
105 62
68 42
37 27
19 15
19 13
31 17
54 27
89 42
132 62
179 93
214 117
232 121
248 113
257 113
253 123
230 126
195 113
154 85
115 58
76 44
44 35
23 27
15 19
25 11
46 17
82 37
121 58
164 82
203 97
236 113
255 126
263 136
255 138
234 126
203 111
164 91
121 72
80 52
46 35
25 19
17 11
21 11
42 21
76 35
117 54
156 76
197 95
230 111
253 126
263 136
257 136
238 128
208 115
171 97
128 76
85 56
52 35
27 19
17 11
19 11
39 19
68 33
107 52
150 72
189 91
224 111
251 126
261 136
259 134
244 128
218 121
185 113
136 89
85 54
48 23
27 7
19 5
17 11
31 17
60 25
101 42
144 68
185 95
220 115
246 128
261 132
259 134
248 132
220 123
183 105
142 80
101 56
64 39
37 27
19 17
17 11
31 13
56 25
93 42
134 64
175 85
212 103
242 119
259 130
263 136
251 134
226 123
191 107
150 85
109 66
70 46
39 29
21 15
17 9
27 15
50 25
83 41
126 60
169 82
207 101
236 119
257 132
263 136
253 134
232 125
199 109
158 89
117 70
76 48
44 31
25 19
17 15
25 15
44 23
82 44
123 68
152 76
187 78
226 91
257 119
265 140
255 142
234 125
207 105
169 91
126 80
83 62
46 37
27 17
17 9
21 13
39 25
70 35
111 48
152 68
193 91
226 113
251 128
263 134
259 134
242 128
212 117
173 101
132 80
91 56
54 35
29 21
17 15
17 13
35 17
64 27
103 46
144 68
185 91
222 111
248 125
11 134
259 136
246 130
218 119
181 101
140 80
97 58
60 41
35 27
19 15
17 13
31 15
60 29
95 46
136 68
179 87
214 105
246 123
261 134
265 142
255 144
224 130
179 99
138 70
103 48
70 37
39 29
17 15
15 5
29 7
56 25
23 46
5 68
171 85
210 103
236 119
7 132
261 138
251 132
228 121
193 103
156 85
115 62
74 48
42 31
23 15
17 9
25 13
48 25
78 39
121 56
164 76
203 99
234 117
5 130
263 134
255 132
234 125
203 113
162 93
121 72
82 50
46 31
25 17
17 11
23 13
42 23
74 35
113 52
158 74
197 97
230 117
251 128
261 134
259 136
240 130
208 117
169 97
128 76
89 56
54 39
29 25
17 15
27 23
39 31
58 25
93 25
146 50
193 87
226 117
248 128
261 128
261 128
246 130
216 125
179 109
136 82
95 54
58 35
31 23
17 17
17 13
31 11
60 23
99 44
140 68
183 91
218 107
246 121
261 132
261 136
248 134
220 123
185 103
144 83
103 62
64 42
37 27
21 15
17 13
29 15
54 25
91 42
134 64
173 85
212 105
242 121
259 132
263 136
251 134
226 123
193 107
154 87
111 68
70 46
41 29
21 17
17 11
27 13
50 23
83 41
125 60
167 82
207 101
240 125
263 142
259 142
244 125
224 107
199 95
162 87
117 72
76 48
44 27
27 13
17 11
23 17
44 27
78 37
119 54
160 76
199 97
232 117
253 128
261 132
255 130
238 126
207 115
167 97
125 74
85 52
50 33
27 21
15 13
19 11
41 19
72 35
109 52
150 72
193 93
226 111
251 126
261 134
259 136
242 128
212 117
175 99
132 78
91 58
56 39
31 21
17 13
19 11
35 17
64 31
101 48
144 68
185 89
220 109
248 125
261 134
261 138
246 130
218 119
183 103
142 83
99 64
62 42
41 37
19 23
7 3
21 0
54 7
97 39
138 70
177 89
214 99
244 113
263 132
263 144
250 142
158 125
189 101
150 80
107 66
68 48
37 29
19 11
17 7
27 13
52 27
87 42
3 60
171 80
208 93
238 119
7 132
263 138
251 132
228 121
197 109
158 91
115 62
74 48
42 29
23 15
17 11
25 15
46 25
80 37
113 56
164 78
203 99
234 117
5 128
255 134
255 134
234 126
203 115
156 93
123 72
82 50
48 33
27 21
17 15
21 13
41 19
74 35
115 56
160 82
191 105
224 117
242 117
5 119
257 123
242 125
210 115
171 95
130 72
89 52
56 39
31 29
17 19
19 11
37 15
66 29
105 50
146 72
187 89
224 107
248 121
261 132
259 136
244 130
216 117
179 99
136 78
97 60
60 42
33 27
17 13
17 9
33 15
60 29
97 46
138 66
181 85
218 107
246 125
259 134
261 136
250 130
222 121
187 105
144 85
103 64
66 42
37 27
19 15
15 11
29 15
56 27
89 44
130 62
173 83
212 105
242 123
257 132
263 136
251 134
228 126
195 109
156 93
117 82
68 54
29 15
11 0
15 0
29 13
48 31
82 41
123 52
167 74
207 103
236 126
5 136
263 136
255 130
162 125
199 113
160 95
119 70
78 46
44 29
25 17
15 13
23 15
42 21
76 35
117 54
158 78
199 99
230 115
253 126
263 134
257 136
236 128
207 113
169 93
128 74
85 54
50 35
27 21
17 13
19 13
39 19
70 33
109 52
150 72
191 93
224 111
251 126
263 136
259 136
242 128
214 117
177 99
134 80
93 60
56 39
31 23
17 15
19 13
35 19
70 39
107 60
136 70
173 76
214 91
248 115
263 132
259 136
244 128
220 113
185 99
144 87
101 68
64 46
35 25
19 13
15 11
29 17
56 27
93 42
134 60
175 80
214 103
244 123
259 134
261 136
250 130
226 121
191 107
150 87
107 66
68 44
39 27
21 15
15 11
27 15
50 25
85 39
126 58
169 82
208 103
238 121
257 130
263 136
253 134
230 125
197 109
156 89
117 68
76 48
44 31
23 17
15 11
25 13
46 21
80 39
121 58
162 78
201 99
234 117
255 130
263 136
257 136
242 136
208 126
160 95
113 54
76 29
50 23
29 21
15 17
19 9
41 11
74 29
115 56
156 83
193 101
228 111
250 123
263 134
257 140
240 132
210 113
171 91
130 72
89 56
54 39
29 23
17 11
19 9
37 17
66 35
105 52
146 70
187 87
222 107
248 125
261 136
259 138
244 130
216 117
181 101
138 82
97 60
60 39
33 21
19 13
17 13
31 15
60 29
97 46
140 66
179 87
216 107
246 123
261 134
261 138
248 132
222 121
187 105
148 85
105 64
66 44
39 29
23 19
23 21
29 23
44 23
78 25
126 44
175 76
212 103
240 123
257 128
263 130
255 132
230 128
195 117
154 91
113 66
72 42
41 29
21 19
15 13
23 11
48 19
82 35
115 58
39 80
205 101
236 117
1 130
261 136
253 134
234 126
203 113
162 93
119 72
80 50
46 33
25 21
15 11
21 11
41 17
76 35
115 56
158 76
197 97
230 113
253 128
261 136
257 134
240 128
208 113
169 95
126 74
87 52
52 35
27 19
17 13
21 13
39 21
68 35
107 50
150 72
191 95
224 115
250 128
267 144
263 148
234 126
203 95
173 78
138 72
97 64
56 44
29 19
17 5
21 9
35 23
62 39
99 50
140 62
181 82
220 109
246 128
259 134
259 134
248 126
220 117
183 105
142 85
103 62
64 41
35 23
19 15
17 15
31 17
56 25
91 41
134 62
175 85
212 107
240 121
259 130
263 134
250 132
224 123
193 107
152 87
111 66
70 44
39 29
21 17
17 11
27 13
50 23
85 39
126 60
167 83
207 103
238 119
257 130
263 136
253 136
230 126
199 109
160 91
119 72
80 54
52 42
21 25
7 5
15 0
42 7
80 31
121 58
160 78
199 93
234 111
257 128
263 140
255 140
236 128
207 111
167 95
123 76
82 54
48 33
27 17
15 9
19 11
39 17
72 35
111 52
154 74
193 93
228 113
251 128
261 134
259 134
242 128
212 117
173 99
130 76
91 54
56 37
29 23
17 13
19 13
35 17
64 31
103 48
144 70
187 89
222 109
248 125
261 134
259 136
246 130
218 121
181 101
138 80
99 60
62 41
35 27
17 15
17 11
31 15
60 29
95 46
138 68
181 91
222 119
242 130
250 121
251 111
250 115
226 119
191 111
146 85
105 58
70 37
41 29
21 25
15 19
27 15
52 21
89 39
128 64
169 87
208 103
240 115
257 126
263 134
251 136
230 126
195 107
156 85
115 68
74 50
42 33
23 19
17 11
25 11
46 21
82 39
123 58
166 80
203 99
234 115
255 128
263 138
255 136
234 126
203 111
164 91
123 72
80 52
46 33
25 19
17 11
23 13
42 21
74 35
115 54
158 74
197 95
230 115
253 128
263 136
259 136
240 130
203 117
175 103
134 87
78 58
41 25
21 3
17 1
21 9
37 17
66 29
107 46
150 68
191 95
224 117
250 130
261 136
259 134
242 128
216 119
177 101
136 80
93 54
58 35
31 21
17 15
17 11
33 13
62 29
99 46
140 70
181 89
218 109
246 123
11 134
261 136
246 132
222 119
187 103
125 83
93 62
64 42
37 27
19 17
15 11
29 13
56 27
91 44
132 66
173 83
205 103
242 121
9 132
263 138
251 136
226 125
193 107
152 87
111 68
64 48
41 29
21 19
15 13
27 15
50 27
87 46
5 74
162 83
193 83
222 95
7 117
265 138
255 140
162 125
199 103
162 78
119 74
80 60
44 41
7 17
15 7
23 9
39 23
13 39
117 54
31 64
199 91
232 115
3 130
255 136
257 134
156 125
207 113
160 95
126 76
85 54
46 33
19 19
17 13
21 13
39 19
7 31
111 50
19 74
193 95
226 115
251 126
263 134
259 136
242 130
212 115
175 97
132 78
91 58
56 39
29 23
17 13
17 9
35 15
64 31
103 48
144 70
185 91
222 109
240 126
11 136
263 140
251 142
220 128
173 99
130 68
93 44
64 31
35 23
17 15
17 7
33 9
60 25
35 48
3 72
162 91
214 103
244 119
9 132
261 138
248 132
224 119
189 101
150 82
107 64
66 44
39 27
21 13
17 11
27 15
50 27
87 42
130 62
169 82
208 93
240 119
7 132
263 136
251 132
226 123
197 109
156 91
115 62
76 46
42 29
23 19
15 13
25 13
46 23
80 37
113 56
37 76
187 99
236 119
1 130
263 136
255 134
236 128
205 113
164 95
123 72
82 52
48 35
27 23
15 15
25 21
44 33
66 31
103 33
9 54
134 87
228 119
1 132
261 130
259 126
242 126
212 123
173 109
125 82
82 52
54 33
29 23
15 17
17 13
35 15
66 27
105 44
7 70
189 93
224 111
0 125
261 132
261 136
246 132
216 121
179 99
136 78
95 58
60 41
31 25
17 13
19 11
33 15
60 29
99 46
140 68
173 89
216 109
244 123
9 132
261 138
248 132
220 121
185 103
144 83
95 62
66 42
37 27
19 15
17 11
29 15
54 27
89 42
132 62
175 83
207 107
244 126
15 144
251 142
242 126
218 107
191 93
156 83
111 66
62 44
41 23
25 13
19 13
27 21
48 29
83 33
125 58
166 80
205 103
234 119
1 130
253 132
253 130
224 125
201 111
162 93
119 70
78 48
46 31
25 21
17 15
15 13
42 21
76 35
117 54
158 78
191 97
232 115
3 128
255 134
257 134
220 126
208 115
162 95
126 76
85 54
50 35
27 21
17 13
21 13
37 17
62 31
111 52
142 74
191 93
226 111
251 126
261 134
259 136
244 130
214 117
177 101
134 80
93 60
58 42
37 37
17 23
9 1
23 0
62 11
105 44
144 72
183 91
220 103
248 117
263 134
261 144
246 138
220 121
183 99
142 80
99 62
62 44
33 25
17 11
17 5
31 13
58 27
93 46
136 64
177 83
214 105
244 123
259 132
261 136
250 130
226 121
191 107
150 87
109 66
70 44
39 29
21 15
17 11
29 13
50 23
85 41
126 60
169 82
208 101
240 121
257 132
263 136
253 134
230 125
199 109
158 89
115 70
76 48
44 31
23 17
17 11
25 13
44 23
80 39
123 58
167 85
205 109
228 117
244 117
257 121
257 125
236 125
203 113
164 91
125 68
83 50
50 37
27 25
17 17
21 13
41 17
72 33
111 54
154 76
193 95
228 111
251 125
261 132
257 134
240 128
210 115
173 97
132 78
89 58
54 39
29 23
17 13
19 11
35 17
66 31
103 48
146 70
187 89
222 109
248 125
261 134
259 136
244 130
216 119
181 103
138 82
95 60
60 39
33 25
15 17
17 13
33 15
60 27
97 44
13 66
179 87
216 107
246 123
261 132
261 138
248 132
224 123
189 107
152 93
109 78
62 44
25 9
13 0
17 0
31 17
52 31
87 41
132 54
175 80
212 109
240 130
257 136
263 134
251 128
228 123
195 111
154 91
111 64
72 41
41 25
21 17
15 13
25 15
48 21
82 37
123 58
166 82
205 101
236 117
255 128
263 134
255 136
234 128
201 111
162 91
121 70
80 50
46 35
23 19
15 11
23 13
42 21
76 37
115 54
158 76
199 97
230 115
251 128
263 134
257 136
240 130
207 115
169 95
128 74
87 54
52 37
27 21
17 13
21 13
41 23
76 42
109 60
140 68
179 76
220 95
251 117
263 132
257 134
242 125
216 113
179 99
136 85
95 64
58 42
31 23
17 11
17 13
33 19
60 29
97 41
142 62
183 87
220 111
246 126
261 132
261 134
248 130
220 123
185 105
144 83
101 60
62 41
35 25
19 15
17 13
29 15
56 25
91 41
134 62
177 85
212 105
242 121
257 130
263 136
251 134
226 125
193 109
150 87
109 64
70 44
41 29
21 17
15 13
27 13
50 23
85 41
126 62
167 82
207 101
238 119
257 130
263 138
255 138
238 138
201 123
150 85
107 48
74 29
48 27
25 25
15 17
21 0
46 13
82 35
113 64
35 80
199 101
232 111
5 125
263 136
255 138
220 128
205 109
158 87
123 68
83 54
50 39
27 21
15 9
21 1
41 21
9 37
111 54
27 72
193 91
228 113
1 128
253 136
259 134
126 128
203 113
173 97
125 78
91 58
56 39
31 21
17 11
19 11
35 17
1 31
95 48
17 62
187 91
222 111
240 126
11 134
261 136
246 132
218 121
181 101
140 82
99 60
62 41
31 27
23 19
25 23
29 23
48 19
78 27
134 50
181 82
214 107
242 121
11 128
263 132
251 134
226 128
189 113
140 87
101 64
68 42
37 27
19 17
15 11
27 11
52 21
87 39
130 62
171 83
210 103
238 117
257 128
263 138
253 136
228 126
195 107
156 87
113 68
74 48
42 29
21 17
15 9
25 11
48 23
82 39
123 58
164 78
203 99
234 117
255 132
263 136
255 134
234 125
205 111
164 93
121 72
80 50
46 33
25 19
17 13
21 13
42 21
74 35
115 54
158 76
197 97
230 115
255 132
269 148
255 144
226 117
201 91
171 82
132 76
87 60
50 37
27 13
19 5
21 13
39 27
68 39
107 50
148 66
189 87
224 113
250 128
259 134
257 130
244 125
216 117
177 101
134 80
97 58
60 39
31 25
17 17
17 13
33 17
62 29
97 46
140 66
181 89
218 109
246 123
259 132
259 134
248 132
220 123
185 105
142 83
103 60
66 42
37 27
19 17
17 13
31 15
56 27
91 42
132 62
175 83
212 105
242 121
259 130
261 136
251 132
228 125
195 109
152 89
113 70
76 52
46 41
15 21
3 1
19 0
48 9
87 35
125 60
166 80
205 95
240 113
259 130
265 142
253 142
232 128
199 109
160 89
117 72
76 52
44 31
23 15
15 7
23 11
44 23
76 39
117 56
160 76
201 97
232 117
253 130
263 136
255 134
238 126
207 113
167 95
125 74
83 52
50 33
27 19
17 13
21 13
39 19
70 31
111 50
152 72
193 95
226 111
251 126
263 134
259 136
242 130
212 115
175 97
134 80
93 58
54 39
29 21
19 13
21 13
35 19
64 31
103 50
144 72
189 95
226 123
244 128
250 117
253 113
246 119
222 123
183 111
138 82
99 52
64 35
37 29
21 27
17 21
29 15
58 21
95 42
136 68
177 89
214 105
242 115
259 126
261 136
250 136
224 125
189 103
148 83
107 64
68 46
39 29
19 15
15 9
29 13
52 27
87 44
126 62
169 78
208 99
240 121
257 134
261 138
253 134
230 125
197 107
156 89
113 70
74 48
42 31
23 17
15 11
25 15
46 23
80 37
121 56
162 76
203 99
236 119
255 130
263 134
257 134
236 128
205 115
169 103
125 82
74 50
37 19
19 3
17 1
23 13
41 21
70 31
113 44
158 72
199 101
230 121
251 130
261 134
259 134
240 130
208 119
169 99
128 74
87 50
54 35
29 23
17 15
19 11
37 15
66 29
105 48
148 72
189 93
222 111
248 123
261 132
261 136
244 132
216 117
179 99
138 80
97 60
58 41
33 23
17 13
17 9
33 17
62 31
97 46
138 66
181 87
218 107
246 125
261 134
261 136
248 132
222 121
187 105
144 85
103 64
64 41
37 25
21 17
17 15
29 17
54 29
95 50
134 76
166 83
199 83
236 99
261 123
265 140
248 136
226 119
197 99
156 85
113 74
70 54
41 31
23 13
17 9
25 13
46 27
82 41
123 56
166 74
205 97
236 119
257 132
263 136
253 132
234 125
201 113
162 95
119 72
78 48
44 29
25 17
15 13
23 15
44 21
76 35
117 54
158 76
199 97
232 117
253 128
261 134
257 134
238 128
207 115
169 95
125 74
85 52
52 35
27 21
15 13
21 9
41 19
70 35
109 54
150 74
191 93
226 113
251 128
261 138
263 140
251 140
212 123
166 93
125 62
89 42
58 33
31 23
15 13
17 7
37 11
66 31
103 52
144 76
185 93
220 109
246 123
259 134
261 138
246 132
218 117
181 97
142 78
101 62
64 42
33 27
19 13
17 11
31 17
58 31
93 44
134 62
177 82
214 105
242 123
259 132
261 136
250 130
226 123
189 105
150 87
109 66
70 44
39 27
21 15
17 13
27 15
50 23
87 41
128 60
169 83
207 103
238 117
259 130
263 138
253 136
230 125
199 109
158 91
115 72
76 50
42 31
25 19
17 15
29 25
44 31
70 29
111 35
160 58
205 93
236 123
255 132
261 130
257 128
238 126
207 121
166 103
123 76
82 46
48 29
25 21
15 15
19 11
41 13
74 29
113 52
154 78
193 97
228 113
253 126
263 134
257 136
240 128
212 115
173 97
130 76
87 54
54 37
31 23
17 13
19 11
37 17
66 31
103 48
146 70
187 89
224 109
250 126
263 134
259 136
244 130
218 119
181 101
138 82
97 60
60 41
33 23
17 13
17 11
33 15
60 29
97 46
138 66
181 87
218 111
250 130
267 148
257 140
238 121
216 105
187 93
148 82
103 64
66 41
37 21
21 13
19 13
31 21
54 33
89 42
130 60
173 83
210 105
240 123
257 130
261 132
251 130
228 123
195 109
154 89
113 66
72 44
41 29
21 17
17 13
25 15
48 23
82 37
123 56
166 80
203 99
236 117
255 128
263 136
255 134
234 126
201 111
162 91
121 70
80 50
46 31
25 19
17 13
21 13
42 19
74 33
117 54
158 76
197 99
230 115
253 126
263 136
257 136
238 128
208 115
169 95
128 76
85 56
54 41
33 35
15 21
7 0
29 0
66 15
111 48
152 80
189 95
224 105
251 119
265 136
259 144
242 138
214 119
177 97
126 76
93 60
56 41
31 23
17 9
17 7
33 13
62 31
93 48
17 68
183 85
218 105
246 123
261 136
261 138
246 130
220 119
185 103
144 83
101 62
64 41
35 25
19 13
17 11
29 15
56 27
93 42
134 62
175 83
214 105
242 123
259 134
261 136
250 132
226 123
191 107
152 87
107 66
72 46
41 29
21 19
15 13
27 15
52 25
85 42
128 64
171 87
212 111
232 121
246 119
255 119
253 123
232 123
197 111
158 87
117 64
80 46
48 35
25 25
15 15
25 11
46 21
78 37
117 58
160 78
199 97
232 113
253 126
263 136
257 136
236 126
205 111
166 91
125 74
83 56
48 37
25 21
17 11
21 11
41 21
70 33
109 50
154 72
195 95
228 115
251 128
261 134
259 134
242 128
210 117
173 99
132 78
91 56
54 37
29 21
17 13
19 11
37 17
66 31
103 48
146 70
187 91
222 109
248 125
261 134
261 138
246 132
218 119
181 103
142 87
103 74
56 44
21 7
11 0
19 0
35 19
58 35
93 42
136 56
183 82
218 111
244 132
259 140
261 134
250 128
222 119
187 109
146 87
105 60
66 37
39 23
21 17
17 15
27 15
52 23
87 39
130 62
171 85
208 105
240 119
257 128
263 134
251 134
228 126
195 109
156 87
113 66
72 48
42 31
23 19
15 11
23 11
48 21
82 39
123 60
164 80
203 99
236 117
255 130
263 138
255 134
234 125
203 111
162 93
119 72
82 52
48 35
25 21
15 13
23 13
44 25
82 46
117 66
148 74
185 80
226 97
253 119
263 134
255 136
238 125
210 109
173 95
130 82
87 62
52 41
27 19
17 11
19 11
37 21
66 33
105 48
148 66
189 89
224 111
250 128
261 134
259 134
244 130
214 119
177 101
136 80
95 58
58 39
31 23
17 13
19 11
35 17
60 29
99 46
140 66
183 87
218 107
246 123
261 134
263 136
248 132
220 121
185 103
144 83
103 64
64 42
35 27
19 13
17 9
29 15
56 25
91 42
134 64
175 85
212 105
242 123
259 134
263 140
251 136
230 130
195 119
146 87
99 48
66 25
42 19
25 21
15 17
23 13
48 15
87 35
128 64
167 89
205 107
236 115
257 126
263 134
253 138
230 126
199 107
160 85
117 66
78 48
44 33
25 19
17 11
23 11
42 19
76 35
119 56
160 78
199 97
232 115
253 128
263 136
257 136
236 128
205 113
167 93
125 74
83 52
50 35
27 19
17 13
21 11
39 19
70 31
109 50
152 72
193 93
228 115
251 126
261 136
259 136
244 130
212 119
175 101
132 80
91 56
56 39
31 25
21 19
25 23
35 25
54 25
91 31
140 52
187 83
222 109
246 125
261 128
261 130
250 132
220 126
183 111
140 85
99 60
62 41
33 27
17 17
15 11
31 13
58 23
93 42
134 66
179 87
216 107
244 121
259 132
263 136
250 132
224 123
191 107
148 85
107 64
68 44
39 27
21 15
17 11
27 13
52 25
87 41
130 60
171 83
208 103
240 121
257 130
263 136
253 134
230 125
195 109
156 87
115 68
74 48
42 31
23 17
17 11
25 13
46 21
80 37
121 56
164 78
203 101
234 119
255 132
269 148
257 146
224 121
193 89
162 72
126 68
83 58
46 37
23 13
19 5
25 13
44 29
72 44
113 56
154 70
197 91
228 115
251 132
261 136
259 132
240 125
210 115
171 99
130 78
89 54
52 35
29 21
17 13
19 13
37 19
66 31
105 48
148 70
189 93
222 111
250 125
261 132
259 134
244 130
216 119
179 101
136 80
95 58
60 39
33 25
19 17
19 13
33 15
60 29
97 46
138 66
181 87
216 107
246 123
261 134
261 136
248 132
222 123
187 105
146 85
103 64
70 48
44 39
17 21
5 3
19 0
52 9
93 37
132 64
171 83
210 99
244 117
261 132
263 144
251 140
228 125
195 105
154 87
111 68
70 48
41 29
21 13
15 7
25 13
48 25
83 41
123 58
166 76
205 101
238 121
255 132
261 136
255 132
234 125
201 111
160 93
119 70
78 46
46 29
25 17
15 13
23 15
44 21
76 35
117 54
160 76
199 97
230 115
251 126
263 134
257 136
238 130
207 115
160 95
126 74
85 54
50 37
27 21
17 13
21 11
39 17
70 33
111 52
154 76
195 99
232 125
248 132
251 123
251 115
234 115
216 115
177 105
132 78
93 50
58 33
33 25
19 21
17 19
35 17
62 25
101 44
128 70
185 93
218 111
246 121
11 130
261 136
246 134
218 121
183 101
142 80
93 60
62 42
33 25
15 15
19 11
31 15
56 27
93 44
136 66
177 78
212 105
242 121
9 132
261 136
250 132
224 121
191 105
150 85
107 64
68 44
39 29
21 17
17 13
27 15
52 25
87 41
126 60
169 82
207 93
238 119
9 132
263 138
253 134
232 125
199 111
162 97
113 80
70 50
33 19
15 0
17 0
27 11
46 25
78 37
119 50
41 74
205 101
236 125
0 134
263 136
255 132
236 126
205 115
164 97
123 72
82 48
48 29
25 19
15 13
21 11
41 15
74 33
115 54
154 76
193 97
228 113
253 126
261 134
257 136
240 130
210 117
171 97
130 76
89 56
54 37
29 21
17 13
19 11
37 19
66 31
103 46
146 68
189 91
224 111
248 128
259 134
261 136
246 132
216 121
179 103
138 80
97 60
60 41
33 25
17 15
19 13
33 17
60 31
101 52
144 80
175 91
205 91
236 97
259 117
265 138
250 140
220 121
187 95
150 78
107 68
66 56
35 33
19 13
17 5
29 13
52 29
87 46
130 60
171 78
208 99
240 121
259 136
263 138
253 132
228 121
195 107
154 91
113 70
72 48
41 27
21 15
15 11
25 13
48 23
82 39
123 56
166 80
205 101
236 119
255 130
263 136
255 134
232 126
201 113
162 93
119 72
78 48
48 31
27 21
17 15
23 15
42 21
76 35
117 54
158 78
197 97
232 115
255 128
265 138
259 138
244 138
212 125
164 95
117 62
80 37
52 25
29 19
15 11
19 7
39 13
72 31
111 54
150 78
191 95
226 111
250 125
261 134
257 138
242 130
214 115
177 97
134 76
93 56
58 39
31 23
17 13
19 11
35 17
62 31
101 48
140 66
183 85
220 109
246 125
259 134
261 136
248 130
220 121
185 103
142 83
101 62
64 41
35 25
19 13
17 11
31 15
56 27
93 44
134 64
175 85
214 107
242 121
259 132
261 136
251 132
226 123
193 107
152 87
109 66
70 44
41 29
21 19
17 15
29 21
54 39
78 39
115 41
162 58
208 89
242 123
257 136
261 134
253 126
234 123
201 117
160 103
117 76
76 48
42 25
21 15
17 15
23 17
44 21
76 31
119 50
162 78
201 101
232 117
253 126
263 134
257 134
236 130
205 115
166 93
125 72
83 52
48 37
27 21
17 13
21 11
41 19
70 33
111 50
154 72
195 95
228 113
251 126
261 134
259 136
242 130
210 117
173 99
130 78
91 56
54 37
29 21
17 13
19 11
35 17
64 29
105 48
146 70
187 91
222 109
251 126
271 146
261 146
234 126
208 103
179 85
142 74
97 60
58 41
31 17
21 9
21 11
33 23
58 35
95 48
138 64
179 83
214 107
242 125
257 132
259 130
250 126
224 121
189 105
146 85
105 64
68 42
39 27
21 17
17 13
29 15
54 23
87 41
130 62
171 83
208 103
240 119
259 130
263 136
251 134
228 125
197 109
156 89
113 68
74 48
42 31
23 17
15 11
25 13
48 23
82 39
123 56
164 78
203 99
236 119
255 130
261 132
257 134
236 128
203 115
162 95
121 74
82 52
48 35
29 29
19 25
13 9
31 0
70 11
115 44
158 80
197 101
228 111
253 119
265 132
259 144
240 140
208 121
169 93
128 72
87 54
52 37
25 21
15 7
21 7
39 17
66 35
107 52
150 72
191 91
224 111
250 126
261 136
259 138
244 130
214 117
177 99
136 78
95 58
60 39
31 21
19 11
19 11
33 17
62 29
99 46
140 66
181 87
218 107
246 123
261 134
261 136
248 132
220 119
185 103
144 83
101 62
64 41
37 27
21 17
17 13
29 15
56 27
91 44
134 66
177 89
218 117
240 126
248 126
253 121
248 119
228 117
193 107
152 87
107 62
72 39
44 29
25 25
17 21
25 17
50 21
85 37
125 60
166 82
205 99
236 115
257 126
263 134
253 134
232 126
201 111
160 89
117 68
78 50
44 33
25 19
15 11
23 11
44 21
78 39
117 56
160 78
199 97
232 115
253 128
263 136
257 134
238 126
207 113
167 97
125 74
83 52
50 33
27 19
17 13
21 15
39 21
70 33
111 50
152 72
193 95
226 113
251 128
261 136
259 136
242 130
212 119
175 101
134 82
97 68
56 46
19 13
7 0
17 0
39 15
66 37
101 50
144 62
187 82
224 109
248 132
259 142
261 138
246 126
218 117
181 103
140 85
99 62
60 37
33 17
19 13
17 13
31 19
58 27
95 42
138 64
179 89
214 109
244 125
259 132
261 134
250 130
224 123
189 107
150 87
107 64
68 42
39 27
21 17
17 15
27 15
52 25
87 41
128 62
171 83
208 103
238 119
257 128
263 134
253 134
228 125
197 109
156 87
115 68
76 48
42 31
23 19
17 13
25 15
46 25
83 44
128 70
160 83
191 89
226 99
255 115
265 132
255 134
232 123
205 107
167 89
126 76
83 58
48 39
25 21
17 11
21 13
41 23
72 37
113 52
154 70
195 91
230 111
253 128
263 136
257 134
240 126
210 115
173 99
130 80
87 56
54 35
29 21
17 13
19 13
37 17
66 29
107 48
148 70
187 91
224 111
250 126
261 134
259 136
244 128
216 119
179 103
136 82
95 58
60 39
33 25
17 13
17 11
33 17
60 29
97 44
138 66
183 87
218 109
246 125
259 134
261 138
250 134
224 126
193 119
142 91
93 50
56 19
35 9
21 13
19 17
29 17
52 21
91 37
134 64
177 93
203 113
240 123
7 126
263 132
251 134
226 126
191 107
152 82
111 60
74 44
42 33
21 19
17 11
27 11
48 23
78 33
125 60
166 80
205 99
236 117
1 130
255 136
253 134
232 126
199 109
160 89
119 70
80 52
46 33
25 19
15 11
23 13
42 23
76 37
117 54
160 76
199 95
230 115
253 128
263 134
257 134
238 126
207 113
167 93
128 76
87 56
52 37
27 23
19 15
25 19
44 31
64 35
97 41
144 54
191 80
226 107
250 126
259 134
259 130
244 125
216 119
177 105
134 83
93 58
58 37
31 23
17 15
17 13
33 17
62 25
101 44
144 68
183 91
220 109
248 123
261 132
261 136
246 132
220 121
183 103
140 82
99 60
62 41
37 27
19 15
17 11
29 13
58 25
95 44
136 64
175 85
214 105
242 121
259 132
261 136
250 134
226 123
191 107
150 85
107 66
70 44
39 29
21 17
17 13
27 15
52 27
87 42
128 62
169 83
208 103
240 121
257 132
265 140
259 148
228 130
185 95
148 66
115 54
78 48
44 35
21 17
17 5
27 9
48 27
80 48
119 64
164 78
203 95
232 115
253 132
261 138
255 134
236 121
203 107
164 91
123 74
83 54
50 33
27 19
15 11
21 13
41 23
72 35
111 50
154 72
195 93
228 113
251 126
263 134
257 134
242 128
210 117
173 99
130 78
89 56
54 37
29 21
17 13
19 11
37 17
66 29
105 46
146 70
187 91
222 111
250 125
263 134
261 136
244 130
216 121
181 103
140 83
97 62
60 42
39 31
23 25
13 13
19 3
52 9
97 33
140 64
179 89
214 105
246 117
263 128
263 138
248 136
222 126
189 105
146 83
103 64
64 44
37 29
19 15
15 9
27 11
54 23
89 41
130 64
171 82
210 99
242 119
259 134
261 138
251 134
228 123
195 109
154 91
111 70
72 46
42 27
23 15
15 11
25 13
48 23
83 37
123 58
164 78
205 99
238 119
255 132
261 136
255 134
234 126
203 113
162 95
119 72
80 50
46 31
25 17
17 13
21 13
42 21
76 37
117 56
158 80
197 99
236 123
259 142
257 138
246 119
232 105
208 103
171 99
126 82
83 52
52 27
31 17
19 19
21 23
39 27
68 31
107 44
150 70
189 95
224 115
250 125
261 130
259 132
244 130
214 121
177 101
136 78
95 54
58 39
31 25
17 15
17 11
35 17
62 29
99 46
142 66
185 89
220 109
246 123
261 132
261 136
248 132
220 121
183 103
144 82
103 62
64 44
35 25
19 15
17 11
31 17
56 27
91 44
134 64
175 83
214 105
242 121
259 132
263 136
251 134
226 125
193 109
154 91
115 76
72 54
31 27
9 3
11 0
27 5
52 21
85 41
125 56
169 76
208 99
240 121
257 136
263 140
253 136
230 126
199 111
158 91
115 72
76 48
44 29
23 15
17 11
23 13
44 21
78 37
119 56
162 78
201 97
232 115
255 128
263 134
257 136
236 128
205 113
166 95
125 74
83 52
48 35
27 19
17 11
21 11
41 17
72 33
113 52
154 74
193 93
226 111
251 126
263 136
259 138
240 130
212 117
173 97
132 78
89 56
54 37
29 21
17 11
19 13
37 21
66 35
103 50
150 78
189 103
214 107
238 107
257 113
263 126
248 134
218 125
179 99
140 74
101 58
64 46
33 35
17 19
15 7
31 9
58 27
95 50
136 68
179 83
216 101
244 119
259 132
261 138
250 134
224 121
189 103
146 85
107 66
68 46
37 27
19 13
17 11
29 17
52 27
87 41
130 60
171 82
210 103
240 121
257 132
263 136
253 132
230 125
195 109
156 89
113 68
74 46
42 27
23 19
17 13
25 15
46 23
82 37
123 58
166 80
203 101
234 119
255 130
263 136
255 136
236 130
208 123
164 99
111 66
70 35
42 15
25 9
19 13
21 13
41 17
74 27
117 50
160 80
197 105
230 119
251 126
263 132
257 136
238 130
208 117
169 95
128 72
87 52
52 35
27 21
17 13
21 11
39 19
68 33
107 52
148 74
189 93
224 111
250 125
261 134
259 134
244 130
216 117
177 101
136 82
95 58
58 39
33 23
19 13
17 11
33 15
62 29
99 46
140 68
181 87
218 107
248 123
261 134
261 136
248 130
220 121
185 103
144 83
103 62
64 42
37 27
19 15
17 11
31 17
62 39
95 58
125 60
164 64
208 83
246 115
261 138
261 140
250 126
228 115
195 105
154 95
109 76
70 48
41 25
21 11
15 11
25 15
50 25
83 39
125 54
166 76
207 101
238 123
257 132
261 134
253 132
232 126
199 113
160 93
117 70
78 48
44 31
23 17
15 11
23 13
46 21
76 35
117 54
160 76
201 97
232 115
253 128
261 134
257 134
238 128
205 113
166 93
126 72
85 52
50 35
27 21
17 13
21 13
41 21
70 33
109 50
152 74
193 95
228 115
251 128
263 140
265 146
242 136
203 111
166 83
130 64
93 50
56 39
29 23
17 9
21 7
39 17
66 35
103 54
144 72
185 89
220 107
248 125
261 136
259 136
244 128
218 115
183 101
142 83
99 64
62 41
35 21
19 13
17 13
31 17
58 27
95 44
136 64
177 85
214 105
244 123
9 132
261 134
248 130
224 121
191 107
148 85
107 64
68 44
39 29
21 19
17 13
27 15
52 25
87 41
125 62
169 83
208 93
240 119
7 130
263 136
251 134
226 125
197 109
158 89
115 62
76 48
44 33
23 21
21 21
17 23
33 15
62 15
117 37
166 72
189 105
234 121
5 125
255 128
257 134
156 136
203 121
164 97
121 66
82 46
48 35
25 25
15 13
21 9
42 13
74 33
113 54
156 76
195 95
230 111
251 125
261 134
259 138
240 130
210 115
171 95
128 76
89 56
54 39
27 21
17 11
21 11
37 19
66 33
105 50
148 70
189 91
224 111
250 126
261 134
259 136
244 128
216 117
179 101
138 82
95 60
60 41
33 23
17 13
17 13
33 17
62 29
99 46
140 68
181 91
222 115
251 134
257 138
250 128
240 115
220 107
187 99
144 83
99 60
64 37
39 23
23 17
19 19
29 21
54 27
91 41
132 62
173 85
210 107
240 121
257 126
261 132
251 130
220 125
195 109
154 87
111 66
64 46
41 31
21 19
17 11
25 13
48 21
83 37
125 58
166 80
205 99
236 115
255 126
263 134
255 136
232 128
199 113
162 91
119 72
78 50
46 33
25 19
15 11
23 13
42 21
76 35
117 54
160 76
199 97
232 115
253 128
263 136
257 134
238 128
208 115
169 97
128 78
87 58
56 48
27 31
5 3
9 0
37 0
74 29
111 56
150 74
191 87
228 103
253 126
263 142
259 144
242 130
214 113
175 97
132 80
91 60
56 39
31 21
17 11
17 9
33 17
64 31
101 48
144 66
185 89
220 109
248 126
259 134
259 134
248 130
220 121
183 105
140 83
99 60
64 41
35 25
19 15
17 11
31 15
58 27
93 44
134 64
177 85
214 107
244 123
259 132
261 134
250 132
226 125
191 109
148 87
109 64
70 44
41 29
19 19
17 13
27 15
52 25
87 42
132 68
175 93
205 105
228 109
250 113
261 123
255 130
230 125
195 107
158 85
117 66
78 50
44 37
23 23
17 13
25 13
44 23
78 37
119 58
162 76
201 95
232 113
253 126
263 136
255 134
236 125
205 111
166 93
123 74
82 54
48 33
25 19
17 11
21 13
41 21
72 33
113 50
154 72
197 95
228 115
251 128
263 136
257 134
240 128
210 115
173 99
130 80
89 56
54 37
29 21
17 13
19 13
35 19
64 31
105 48
148 70
187 91
222 111
250 125
261 134
259 134
246 132
218 121
183 107
144 95
93 66
48 27
25 1
19 0
21 11
33 23
58 29
97 39
140 60
183 89
218 117
244 130
259 134
261 132
248 130
222 125
185 107
146 85
103 60
66 41
37 27
19 17
17 11
31 15
54 25
89 42
130 64
173 83
210 105
240 121
257 130
261 136
251 132
228 123
195 107
154 87
111 66
74 46
42 31
21 17
15 11
25 13
48 23
83 39
123 58
164 78
205 99
236 119
255 130
261 136
255 134
234 126
201 111
160 93
121 72
80 50
46 31
25 17
17 13
25 17
48 31
80 46
109 56
146 64
191 80
230 105
255 126
261 136
255 132
240 123
210 113
169 97
128 80
87 58
52 37
27 19
15 11
19 13
39 21
68 33
107 46
150 70
191 91
224 113
250 126
261 134
261 134
244 130
214 119
177 101
136 80
93 58
56 37
31 21
17 13
19 13
35 19
62 29
99 44
144 68
185 91
220 111
246 125
261 134
261 136
248 132
220 121
185 103
144 83
101 62
64 42
35 25
19 15
17 11
31 15
56 25
93 42
136 64
177 85
214 105
244 123
261 134
263 140
253 140
232 136
187 111
140 72
101 42
70 31
42 29
21 23
13 11
25 7
52 17
89 42
128 70
167 87
205 99
238 113
259 128
261 140
251 136
230 123
199 105
160 87
115 70
76 52
44 33
25 17
15 9
23 13
44 23
78 39
119 56
160 74
199 95
234 117
255 132
263 136
255 132
238 125
207 113
166 95
123 76
83 52
50 33
25 17
17 11
21 13
41 21
72 33
111 52
154 72
195 95
228 113
250 126
261 132
259 136
244 132
212 119
173 99
132 78
91 58
56 41
31 27
23 21
23 21
29 17
54 17
97 31
146 58
189 89
222 111
246 123
261 128
263 134
248 136
218 126
179 105
138 80
99 58
60 41
33 27
15 15
17 7
33 13
60 25
95 44
136 66
181 87
216 105
244 123
259 132
261 138
250 134
224 123
187 105
148 85
105 64
66 44
37 27
19 15
17 11
29 15
52 25
87 41
130 62
173 83
208 105
240 121
259 132
263 136
251 134
228 125
195 109
156 89
113 68
74 46
41 31
23 17
17 11
25 15
46 21
82 39
123 58
166 82
205 103
236 119
261 138
269 150
250 138
222 109
195 89
166 82
125 76
80 56
44 31
27 11
19 7
25 17
42 31
74 41
113 50
156 68
197 93
230 119
251 130
261 134
257 130
240 125
208 115
162 99
128 76
87 52
52 33
29 21
17 15
19 13
37 17
68 31
107 48
148 72
189 93
222 109
251 126
263 134
259 138
244 130
216 119
179 101
136 80
93 58
58 39
31 23
17 15
17 11
33 15
62 27
101 46
142 68
181 87
220 109
248 125
11 134
261 136
248 132
222 121
185 105
144 85
103 66
72 52
39 37
11 13
5 0
25 0
56 17
91 42
132 64
173 83
207 101
244 121
9 136
263 144
251 136
226 125
193 105
152 87
109 68
62 46
39 27
21 13
15 9
25 13
50 23
83 31
1 58
167 80
207 95
236 121
5 130
255 136
255 134
232 126
197 111
156 91
119 70
78 48
44 31
23 17
17 11
23 13
44 21
78 37
119 54
160 76
199 99
232 117
253 128
263 136
257 134
236 128
207 113
166 95
126 76
85 54
50 35
27 21
17 13
21 13
39 21
70 35
111 54
154 76
199 103
230 126
244 125
250 115
253 113
244 121
216 123
175 105
132 74
91 48
58 33
33 27
17 23
17 15
35 15
64 27
101 46
144 72
185 91
220 107
248 119
261 130
259 136
246 132
218 121
181 99
140 80
99 62
62 42
35 27
19 15
17 9
31 13
58 27
95 44
136 66
177 85
214 105
244 123
259 134
261 138
250 134
224 123
189 105
148 85
107 66
68 44
39 29
19 17
17 11
29 15
54 27
87 42
128 60
169 82
210 103
240 123
259 134
263 138
253 134
232 126
199 115
162 101
115 78
66 42
33 13
19 1
15 1
25 11
46 23
80 35
121 52
166 78
207 105
236 125
255 134
261 134
255 132
234 126
203 115
162 93
121 68
80 44
48 29
27 19
17 15
23 13
42 19
74 33
113 54
156 78
197 97
228 113
251 125
263 134
257 136
240 130
208 115
169 95
130 74
87 54
52 37
29 21
17 13
19 13
37 17
68 31
107 50
148 72
189 93
224 111
250 125
261 134
259 136
244 132
216 119
179 99
138 82
95 60
58 39
33 25
19 15
19 15
33 19
62 31
103 54
144 80
173 85
205 85
240 99
263 125
265 142
246 136
220 117
187 95
150 82
105 72
64 52
35 29
19 9
19 7
29 17
52 31
89 44
132 58
173 78
212 101
240 121
259 134
263 136
251 130
228 121
193 109
154 89
109 68
72 44
41 27
21 17
15 13
25 15
48 23
83 37
125 56
166 78
205 99
238 119
257 130
263 136
253 134
234 126
201 113
160 93
119 70
78 48
46 31
25 19
15 13
23 11
44 21
78 35
117 54
158 76
199 95
232 113
255 128
265 140
259 142
246 140
207 121
158 89
115 60
82 39
52 27
27 19
15 11
19 7
41 15
74 33
111 56
152 78
191 95
226 111
251 126
261 136
257 136
240 128
210 113
175 95
134 78
91 60
56 39
31 23
17 11
17 11
35 21
64 33
101 48
144 68
185 89
220 109
248 125
261 132
261 136
248 130
220 121
183 103
142 82
99 60
62 39
35 23
19 15
19 15
31 19
58 27
93 44
136 64
177 87
214 107
244 121
259 132
263 136
250 134
224 123
191 107
150 85
109 66
70 44
39 29
21 17
17 13
33 25
52 35
76 33
119 39
167 62
210 97
240 125
257 134
261 132
255 126
162 125
199 117
158 97
115 62
76 44
42 25
23 19
15 15
23 15
44 19
80 33
119 54
33 80
193 101
234 115
5 125
263 134
255 136
236 130
205 115
166 93
123 72
82 52
48 35
27 21
17 13
21 11
41 17
72 33
113 52
156 74
193 95
228 113
251 126
263 136
257 136
238 126
210 115
173 97
130 78
87 56
54 37
31 23
17 13
19 11
37 17
66 31
105 48
146 68
189 91
226 115
253 134
267 144
250 140
234 123
210 103
179 89
140 78
95 60
58 37
33 19
19 9
19 11
35 23
60 35
97 48
138 64
181 87
216 109
244 126
257 132
259 130
250 128
222 121
187 105
146 85
105 62
66 41
37 27
19 15
17 13
29 17
54 27
89 42
130 62
173 83
210 105
240 121
257 130
261 134
251 134
228 125
195 109
154 87
111 66
72 46
41 29
21 17
17 11
25 13
48 25
82 41
123 60
166 80
205 101
236 117
255 130
263 136
255 134
234 126
201 111
162 93
121 74
80 52
46 35
31 31
17 23
11 5
31 0
72 15
119 50
160 83
197 101
230 109
255 121
265 134
257 144
238 136
208 117
169 91
126 70
85 54
50 41
27 23
15 9
19 7
37 17
68 33
109 52
150 72
191 89
224 109
251 126
263 138
259 138
242 128
214 115
177 99
134 80
93 58
56 39
31 21
17 13
17 9
35 17
64 31
101 46
142 68
183 89
220 109
248 125
261 134
259 136
246 130
220 119
185 103
142 83
99 60
64 41
37 27
19 17
17 13
31 15
58 29
93 44
134 66
179 91
220 119
240 125
248 123
255 119
250 121
228 121
191 107
150 85
109 60
72 41
42 31
23 25
17 19
27 15
50 21
85 39
125 60
166 82
207 101
238 115
250 126
261 134
253 134
232 126
199 109
158 87
115 68
76 50
44 31
23 17
17 11
25 13
44 23
78 37
119 56
162 76
201 99
234 117
253 128
261 134
257 134
236 126
205 113
166 95
123 74
83 52
48 33
27 21
17 15
21 15
41 21
72 33
111 52
154 74
195 95
226 113
251 126
263 136
259 138
242 130
212 117
173 99
134 82
97 70
52 44
17 7
9 0
19 0
39 17
66 39
101 50
146 62
189 83
224 113
248 134
261 142
259 136
246 126
216 117
181 103
138 85
97 60
58 35
31 17
21 13
19 17
31 19
58 27
97 41
138 64
179 89
214 109
244 123
259 130
261 134
250 132
222 123
187 105
148 83
107 62
68 44
37 27
21 17
17 13
27 15
54 25
87 41
130 62
171 83
208 103
240 119
257 128
263 136
253 136
228 126
195 111
156 89
113 68
72 48
42 33
23 19
15 11
25 13
50 25
87 46
128 72
160 82
191 87
228 97
257 117
265 134
253 136
232 123
203 105
166 89
123 76
80 58
46 39
25 19
17 9
23 11
42 23
74 37
113 52
156 70
197 91
228 113
253 128
263 136
257 134
240 126
208 115
169 99
126 78
87 56
52 35
27 21
17 13
19 13
37 19
68 31
107 48
148 70
189 93
224 111
248 125
11 132
261 136
244 132
214 121
177 93
136 80
95 60
58 41
31 25
17 13
19 11
33 17
62 31
99 46
142 68
183 89
218 109
248 125
261 134
261 138
248 134
224 128
191 119
140 89
89 48
56 17
37 11
23 15
17 19
27 15
54 19
93 37
136 66
177 95
212 115
240 121
259 126
261 132
251 136
226 126
191 105
150 82
109 60
72 44
39 31
21 17
17 11
25 11
48 23
85 41
126 60
167 82
205 99
236 115
257 128
263 136
253 136
232 125
199 109
160 91
117 72
76 52
44 31
25 17
17 11
23 13
44 21
78 37
119 56
160 76
199 97
232 117
253 128
263 136
255 134
236 126
207 115
167 99
125 76
83 52
50 35
29 21
19 15
25 21
42 29
64 33
99 39
144 54
191 82
228 109
251 128
261 134
259 132
244 126
216 119
175 107
132 83
91 56
54 35
29 23
17 15
17 11
35 15
64 27
103 44
144 68
185 91
222 111
248 125
261 134
261 136
246 132
218 121
181 103
140 80
97 58
62 41
35 25
17 13
17 9
31 15
58 29
95 46
136 66
177 87
216 107
244 125
259 134
261 136
250 130
226 123
189 107
148 85
107 64
68 44
39 27
19 15
17 11
29 17
54 27
87 41
128 60
171 83
210 105
240 123
259 132
267 142
257 148
224 128
183 93
148 64
115 54
78 48
42 37
19 17
15 1
29 7
50 29
82 50
121 64
164 78
205 95
234 117
253 132
261 138
255 132
234 121
203 107
164 93
123 76
82 52
48 31
25 15
17 11
23 15
41 23
72 33
115 50
156 74
197 95
230 115
253 128
263 134
257 134
240 128
208 115
171 97
130 76
87 54
52 35
29 21
17 15
19 13
37 17
66 31
105 48
148 70
189 93
224 111
248 126
263 134
261 138
244 132
216 119
179 101
138 80
95 60
60 42
39 33
23 25
11 9
21 1
54 9
99 35
142 66
179 89
216 105
246 117
263 130
263 140
248 138
222 126
187 105
146 83
101 62
64 44
35 29
17 15
15 7
29 11
56 25
91 44
132 64
173 82
212 103
242 121
259 134
261 138
250 132
228 121
195 107
152 89
109 68
72 46
42 29
21 19
15 13
25 15
48 23
83 39
125 58
166 78
207 99
238 119
257 132
261 136
253 132
234 125
201 111
160 93
117 72
78 48
46 31
25 19
15 13
23 13
44 21
78 37
117 54
160 78
199 99
236 125
257 140
255 134
246 119
234 107
208 105
169 99
126 80
83 52
52 27
29 17
19 17
21 21
39 25
68 31
109 46
152 70
191 95
224 115
250 123
261 130
259 132
242 128
214 119
175 99
134 78
93 56
56 39
31 25
17 15
19 11
35 15
62 29
101 46
144 70
185 89
220 107
246 123
261 132
261 138
246 132
218 121
183 101
142 82
99 60
64 42
37 27
19 15
17 11
31 15
58 27
95 44
136 64
177 85
214 105
244 121
261 132
263 136
250 132
224 123
191 107
152 91
113 74
70 52
31 25
11 1
11 0
29 5
52 21
85 41
128 58
169 78
208 99
242 123
259 138
263 142
251 134
230 121
197 109
156 93
113 70
74 46
42 27
21 15
15 13
23 15
46 23
80 37
121 56
162 78
201 99
234 117
253 128
263 134
255 134
236 128
203 113
164 93
123 72
82 50
48 33
27 19
15 13
21 13
41 19
72 35
113 52
154 74
195 95
228 113
251 126
261 132
257 134
242 128
210 117
171 97
130 76
89 54
54 37
29 23
17 15
21 13
37 19
66 33
105 50
152 80
193 105
214 111
236 105
255 111
263 128
248 138
214 126
179 97
138 70
99 58
62 48
33 35
17 17
17 7
33 11
58 27
95 48
138 70
181 85
216 103
244 119
261 132
263 138
250 134
222 121
187 103
146 83
105 66
66 44
37 25
19 13
17 9
29 15
54 27
89 41
132 60
173 82
210 103
240 121
259 130
263 136
251 132
228 123
193 107
154 89
111 68
72 44
41 27
21 17
17 13
25 15
48 25
83 39
125 60
166 80
205 101
236 119
257 130
263 138
255 136
236 128
208 123
162 101
111 68
68 35
42 15
25 11
17 13
19 13
41 15
78 29
119 54
160 83
189 103
232 119
253 126
263 134
257 136
236 130
207 115
169 93
126 72
85 50
52 35
29 23
17 13
21 11
39 19
68 33
107 52
150 72
187 93
226 113
250 126
261 134
259 134
244 130
214 119
177 99
126 80
93 56
58 39
31 25
17 15
17 11
35 17
62 29
99 46
142 68
183 87
220 107
248 125
11 136
261 138
248 132
220 121
185 103
142 83
99 62
64 42
37 27
19 17
17 15
31 19
62 37
95 56
125 60
164 64
210 83
246 115
261 136
261 140
251 128
228 117
193 105
152 93
109 74
70 48
39 25
21 11
15 11
27 17
50 25
83 37
126 54
169 78
208 103
238 121
257 130
263 132
255 132
232 126
197 113
158 91
117 68
76 48
44 29
23 17
15 13
25 13
44 21
78 35
119 56
162 78
201 99
232 115
253 126
263 136
255 134
236 128
205 113
158 93
125 74
83 52
48 35
25 19
17 13
21 11
41 19
72 31
111 52
154 74
195 95
228 113
253 128
265 140
265 148
240 136
201 109
166 83
130 64
91 50
54 37
29 21
17 9
21 9
39 19
66 37
105 54
144 72
187 89
222 109
248 126
261 136
259 136
244 126
216 115
181 99
140 82
99 62
60 41
33 25
17 15
19 13
31 17
58 27
97 44
138 66
179 85
216 105
244 123
259 132
261 134
248 130
224 121
187 103
146 83
97 64
68 44
37 29
19 17
17 11
29 13
54 27
89 42
130 62
169 80
210 101
242 121
257 132
263 136
253 134
230 126
195 111
154 91
113 70
74 48
44 33
23 21
21 23
27 25
39 15
70 15
119 37
167 72
207 105
234 121
253 125
263 125
259 134
234 136
203 125
162 97
121 66
80 46
46 35
23 23
15 13
21 9
42 15
74 31
115 54
158 78
197 95
230 113
1 126
263 136
257 138
238 130
208 115
171 95
128 76
87 56
52 37
27 21
17 11
19 11
37 19
68 33
107 50
150 70
191 91
224 111
250 126
263 134
259 136
244 130
214 119
177 99
128 80
95 58
58 39
31 23
17 13
19 11
33 17
62 29
101 48
142 68
183 91
222 113
253 134
259 140
250 128
238 115
220 105
187 99
144 85
99 62
62 39
37 21
15 15
19 19
31 23
54 29
91 41
134 62
175 87
212 109
240 123
9 128
261 132
250 132
226 123
193 109
152 87
109 64
62 42
41 27
23 19
17 13
27 13
50 21
78 39
126 60
167 82
205 101
238 117
7 128
261 134
253 134
232 126
199 111
160 91
117 70
78 50
46 33
25 19
15 11
21 11
44 21
78 37
109 54
156 76
201 97
234 117
0 130
263 136
255 134
238 126
208 115
160 97
125 76
85 56
56 44
29 31
7 5
9 0
37 0
3 29
113 58
25 76
191 87
230 105
5 128
255 146
259 146
242 130
212 111
173 93
125 78
89 60
54 39
31 19
17 0
15 1
35 19
1 33
95 46
15 66
177 87
220 109
248 126
11 134
261 136
246 130
218 119
181 103
140 83
99 60
62 39
33 23
19 13
17 11
31 15
58 27
95 44
138 66
177 87
214 105
244 123
11 134
261 138
248 134
224 123
189 105
148 85
105 64
66 42
39 27
21 15
17 11
29 15
52 25
87 41
134 68
179 97
205 109
220 111
0 113
255 123
255 130
220 126
195 107
156 83
109 64
78 48
37 35
23 23
17 13
25 11
46 21
80 39
121 58
162 76
201 93
236 115
255 130
263 138
255 136
234 125
205 111
156 93
121 74
80 52
48 33
25 19
15 13
21 13
41 21
74 35
115 54
156 74
195 95
228 113
251 126
263 136
259 138
240 130
208 117
171 99
130 76
87 56
52 37
29 23
17 13
19 11
37 17
68 31
107 50
148 72
189 91
224 111
250 126
261 134
261 138
244 130
218 119
181 105
142 93
95 66
48 27
23 1
15 0
21 9
35 23
58 31
97 41
142 58
185 87
220 117
246 132
259 134
261 130
248 128
222 125
185 111
144 85
103 58
66 39
37 25
19 19
15 13
29 15
54 23
91 39
132 64
175 87
212 105
242 121
257 130
261 136
251 134
228 125
193 109
154 87
111 66
72 46
41 31
21 17
17 11
27 13
48 25
83 39
125 60
167 80
207 101
236 117
257 128
263 136
253 134
232 125
201 109
162 93
119 72
78 50
46 33
25 19
17 15
25 17
48 29
80 44
113 56
148 64
191 80
230 103
255 125
263 136
255 132
236 123
208 109
169 97
128 82
85 60
50 37
27 19
15 11
21 13
39 21
68 33
109 48
150 68
193 91
224 113
251 126
261 134
259 134
242 128
212 117
175 101
132 78
93 56
56 37
31 23
17 13
19 13
35 17
64 29
101 48
144 68
185 89
220 109
248 125
261 134
261 136
246 132
220 121
183 103
140 82
101 60
64 42
35 27
17 15
17 11
31 15
58 27
95 46
136 66
177 87
214 105
244 123
259 134
261 138
251 138
232 134
187 111
136 72
99 41
70 29
42 29
21 23
13 11
27 5
54 19
89 44
128 72
169 89
208 101
240 115
250 128
261 138
251 136
230 123
197 105
156 83
115 66
76 48
44 33
23 17
15 9
25 11
46 23
80 39
119 56
162 76
201 97
234 115
253 128
263 136
257 134
236 126
205 113
156 93
123 72
82 52
50 35
27 21
15 13
21 11
41 21
72 35
113 54
154 74
195 95
228 113
251 126
263 136
259 136
240 130
210 115
171 97
130 76
89 56
56 39
29 25
23 21
25 25
31 21
54 19
99 31
146 58
191 89
222 111
246 123
261 128
263 132
248 134
216 125
179 105
138 80
95 56
60 39
33 27
17 15
17 11
31 13
60 25
97 44
138 68
179 87
216 103
244 121
261 132
263 138
250 136
222 123
187 105
130 83
105 64
66 42
37 25
19 15
17 9
29 13
52 25
89 41
130 60
173 83
210 103
240 121
259 132
261 136
251 134
228 125
195 109
152 87
111 66
72 46
42 29
23 19
15 13
25 13
48 23
82 39
125 60
167 83
205 103
236 119
261 136
269 150
250 138
220 111
195 87
162 78
123 72
80 56
44 33
25 11
19 5
23 15
44 31
76 42
115 54
158 70
199 95
230 119
251 132
261 134
257 130
238 123
207 115
162 99
126 76
85 52
52 33
27 21
15 15
21 13
39 17
70 31
107 50
150 74
191 93
226 111
250 126
261 134
259 134
242 128
214 119
177 99
126 78
93 58
58 39
31 23
17 13
19 11
33 17
62 29
99 44
126 66
185 89
220 109
246 125
11 134
261 136
248 132
220 123
185 105
142 83
95 64
70 50
39 37
11 15
7 0
25 0
56 15
95 42
134 64
171 83
214 101
244 119
7 136
263 144
250 138
224 123
191 103
152 85
109 68
68 46
31 27
19 11
17 9
27 15
50 25
85 41
126 58
167 80
208 93
238 121
7 132
261 136
253 132
232 125
199 111
158 93
115 62
76 48
44 29
25 17
15 13
23 13
44 21
80 35
111 56
33 78
193 99
234 117
5 128
253 134
255 134
236 126
203 115
158 97
123 74
83 52
50 35
27 21
17 15
21 13
41 19
72 33
113 54
154 76
199 103
234 126
246 128
250 117
251 113
242 117
214 119
173 105
130 76
87 46
58 33
33 29
17 25
17 17
35 15
66 25
103 46
144 72
185 93
222 109
248 119
261 128
259 134
246 132
218 119
183 101
140 80
97 60
60 42
33 27
19 15
17 11
31 15
60 29
95 46
136 64
181 83
218 107
244 125
259 132
261 134
250 130
224 123
189 107
146 87
105 64
68 44
37 27
19 17
15 13
29 15
54 25
87 41
130 60
173 83
210 103
240 121
257 130
263 134
253 134
230 126
197 113
160 97
115 76
66 46
31 17
15 1
17 1
27 11
46 23
80 35
123 50
169 78
207 105
236 125
255 134
263 134
255 132
232 126
201 113
162 93
119 70
80 48
46 29
25 19
15 13
21 11
42 19
74 35
115 54
158 76
199 97
230 115
253 126
263 134
257 136
238 128
208 115
169 95
128 76
87 54
52 35
27 19
17 11
19 11
39 19
68 33
107 52
150 72
189 91
224 111
250 126
261 136
259 138
242 128
214 117
179 99
136 82
93 60
58 39
33 23
19 15
19 13
33 17
62 31
103 54
146 82
175 87
207 89
242 101
263 123
263 140
246 136
218 117
185 95
146 80
103 68
64 52
35 31
17 11
17 5
31 15
56 31
91 46
132 60
175 78
212 101
242 123
259 136
261 136
251 130
228 121
193 109
150 89
109 66
70 42
41 27
21 17
15 13
27 15
50 25
83 39
126 58
167 80
207 103
236 119
257 128
261 132
255 134
232 126
199 111
158 89
117 68
76 46
46 33
25 21
15 13
23 13
46 21
78 39
119 58
160 78
201 97
234 117
253 128
263 136
259 140
244 138
207 123
158 89
115 58
82 37
52 25
27 19
15 13
21 9
41 15
74 33
113 56
154 80
193 97
226 113
251 123
261 134
259 138
240 130
210 113
173 93
134 76
91 56
56 39
29 21
19 11
19 11
35 19
64 31
103 48
144 68
185 89
222 109
248 125
261 134
261 134
246 130
218 119
181 103
140 82
99 60
62 41
33 25
17 15
17 13
31 15
58 27
95 42
138 64
179 85
216 107
244 125
261 134
261 136
250 134
224 123
189 107
148 87
105 64
68 44
41 29
21 17
17 13
33 23
56 37
80 39
117 41
167 60
212 95
242 125
257 138
261 132
253 125
232 123
199 117
156 101
113 74
74 44
42 25
21 17
15 15
23 15
46 19
80 33
121 52
162 76
203 101
236 119
255 130
263 134
255 132
236 128
203 115
164 95
121 72
80 50
48 33
25 19
15 13
21 11
42 19
74 35
115 54
156 76
195 95
230 113
253 128
263 136
257 138
240 128
208 113
171 97
128 78
87 56
52 37
29 21
17 13
19 13
37 19
66 33
107 50
148 70
189 91
224 113
253 130
269 146
261 144
234 126
207 103
175 85
138 74
97 60
56 39
29 17
19 7
21 11
35 21
62 35
97 48
140 66
183 85
216 107
246 125
261 134
259 134
248 130
220 119
185 103
144 85
103 62
66 41
37 25
19 15
17 13
29 17
54 25
89 42
132 62
175 83
210 105
240 121
259 128
261 132
253 134
228 125
193 109
146 87
111 66
64 46
41 29
21 17
15 11
27 13
48 23
83 39
126 60
166 82
205 101
236 119
257 130
263 138
253 136
232 126
201 111
162 93
119 72
80 52
46 35
31 29
19 23
13 9
31 0
72 15
121 48
162 82
197 101
230 109
253 119
267 134
259 144
238 138
207 117
167 93
126 72
83 54
50 39
25 21
15 9
19 5
39 15
70 35
109 54
152 74
193 89
226 111
251 126
263 136
259 138
242 130
212 117
175 99
132 80
91 58
56 39
31 21
17 13
19 11
35 19
64 31
101 48
142 68
185 87
220 109
248 125
261 134
261 136
246 132
218 121
183 103
140 83
99 62
62 42
35 27
19 15
17 13
33 17
58 29
95 46
136 66
179 89
222 117
244 130
250 126
251 119
248 117
226 117
191 107
148 87
107 60
70 39
42 29
21 21
17 19
27 17
50 23
85 37
126 60
171 85
208 103
238 117
257 126
263 134
253 134
230 126
197 109
158 87
115 68
76 50
42 33
23 17
15 9
25 13
46 23
78 39
119 54
164 78
203 99
234 117
0 130
263 136
257 134
234 126
203 113
158 93
123 72
82 52
48 31
25 17
15 11
23 13
41 21
72 35
113 52
156 74
195 97
228 115
3 128
263 134
257 134
236 128
205 119
173 101
130 80
95 66
46 46
19 13
5 0
17 0
33 13
70 37
103 54
17 64
189 83
226 109
251 132
261 144
259 138
244 125
216 115
179 103
136 83
93 58
58 33
33 17
19 11
15 11
31 17
62 29
99 46
138 66
179 87
218 109
246 125
259 132
261 134
248 130
222 121
187 105
144 83
103 60
64 39
39 27
21 19
17 13
29 15
54 25
89 42
130 64
173 85
210 103
242 119
257 130
263 136
251 134
228 125
195 107
152 85
113 66
74 48
42 33
21 19
15 11
27 13
50 27
87 46
130 70
164 85
195 91
228 101
255 117
263 130
253 134
232 123
201 105
164 87
123 74
80 58
46 41
25 21
17 11
23 11
42 23
74 37
115 52
158 72
199 93
230 113
251 128
263 136
257 134
238 126
207 113
169 97
128 78
85 56
50 35
27 19
17 11
21 13
37 21
68 31
107 48
152 70
191 93
226 113
251 126
263 134
259 136
242 128
214 117
177 103
134 82
91 58
56 39
31 21
19 13
19 13
33 17
62 29
101 46
142 68
183 91
220 109
248 123
261 134
261 136
246 132
222 123
191 115
142 91
89 52
52 19
33 7
23 13
19 19
29 19
56 21
95 35
138 64
177 93
212 115
242 125
259 128
263 132
250 134
224 125
191 107
152 83
109 62
68 42
39 29
23 19
17 11
25 11
52 23
85 41
128 64
169 82
207 101
238 117
257 130
261 138
253 134
230 123
199 109
158 89
115 70
76 50
46 33
23 19
15 11
23 13
46 21
80 39
119 56
162 76
201 95
234 115
255 130
263 136
255 134
236 126
205 115
166 95
123 74
82 52
50 35
27 21
15 15
25 19
48 33
70 41
99 44
144 56
193 80
230 109
251 128
259 132
257 128
244 123
214 117
173 103
130 82
91 58
54 37
29 21
15 13
19 13
35 19
64 29
103 44
146 68
187 91
222 111
248 123
261 132
261 136
246 130
216 121
181 103
140 82
97 60
60 41
33 25
17 13
17 11
31 15
58 27
95 44
138 66
181 87
216 107
244 123
261 132
261 136
248 134
220 121
187 103
150 85
105 66
66 44
37 27
21 15
17 13
29 17
52 27
89 42
130 60
173 83
210 105
240 123
259 134
265 140
257 146
226 130
183 95
146 66
113 52
76 44
42 35
21 19
15 5
27 5
50 23
83 48
123 68
164 80
203 95
236 115
255 132
261 140
253 134
232 121
201 105
164 91
121 74
80 52
46 31
27 17
17 11
21 15
42 23
74 37
115 52
158 74
195 95
230 115
251 126
263 134
257 134
240 128
208 115
171 97
128 76
85 52
54 37
29 23
17 15
19 11
39 17
68 33
107 50
148 72
189 91
226 111
250 125
261 134
259 136
244 130
214 119
177 101
134 80
93 58
60 41
37 31
23 25
15 15
21 7
54 11
99 33
142 64
183 89
218 107
246 117
263 128
263 138
248 138
220 126
185 103
142 80
101 60
64 44
35 29
17 15
15 7
29 11
56 25
91 44
132 64
175 83
212 103
242 121
259 132
263 138
251 136
226 123
191 105
152 85
111 68
70 48
39 29
21 15
17 11
27 15
50 27
83 41
126 58
167 80
207 101
236 119
255 128
263 134
255 134
232 126
199 111
160 91
119 70
78 50
44 33
23 17
15 11
23 13
44 21
76 37
119 56
162 80
201 99
234 119
259 140
261 142
246 123
228 105
205 97
171 93
126 80
82 54
48 27
29 13
21 15
21 23
39 27
70 33
111 46
154 70
193 97
226 117
250 126
261 130
257 130
242 126
212 119
175 101
132 78
91 56
56 37
31 25
17 15
17 11
35 15
66 29
103 48
144 70
185 89
222 109
248 123
261 132
259 136
244 130
216 117
183 101
140 83
99 62
62 41
35 25
19 15
17 11
29 15
60 27
95 44
138 66
177 87
214 105
246 123
259 132
261 136
250 132
226 123
191 109
150 89
111 70
74 56
33 31
9 5
7 0
27 0
54 21
87 41
126 60
171 76
212 99
242 123
257 138
261 140
253 132
232 125
195 111
154 91
113 68
74 46
42 29
21 15
15 11
25 13
48 21
80 37
121 56
164 78
203 99
236 119
255 128
263 136
255 134
236 126
203 111
164 91
123 72
80 50
46 31
25 19
17 13
23 15
41 21
74 35
113 52
158 76
197 95
228 113
251 126
263 134
257 134
240 128
208 115
171 97
130 76
89 56
52 35
27 21
17 13
21 13
37 21
68 33
107 52
152 78
195 107
220 117
238 111
253 111
261 121
248 130
214 125
177 99
136 72
97 52
62 42
33 33
17 21
17 13
33 11
60 27
97 48
138 72
179 87
216 101
246 119
261 134
261 140
248 134
222 119
187 101
144 83
101 64
64 44
37 27
19 15
17 11
29 15
54 27
91 42
132 64
173 83
210 103
242 121
259 132
261 134
251 132
228 123
193 109
152 87
109 66
72 46
41 31
21 19
17 13
25 13
50 23
83 39
125 60
166 80
205 99
238 119
257 132
263 138
253 136
234 128
205 117
164 101
113 72
66 39
39 15
23 7
19 7
21 11
42 19
78 33
119 52
162 80
199 103
232 121
253 130
263 134
257 134
236 128
207 115
167 95
125 72
85 52
50 35
27 21
17 13
21 13
39 19
70 33
109 52
152 72
193 93
226 111
251 125
263 134
259 136
242 130
212 117
175 97
132 76
93 58
56 41
29 23
17 11
19 11
35 17
64 31
101 48
144 66
185 89
222 109
248 125
261 134
261 136
246 130
218 119
183 101
142 82
101 62
64 42
35 27
19 15
17 13
31 19
60 35
99 58
132 66
166 70
207 82
244 107
263 134
261 142
248 132
224 115
191 101
152 89
109 76
68 52
37 27
19 11
17 9
27 19
50 29
85 39
126 54
171 76
208 101
238 121
257 132
263 134
253 130
230 125
197 111
158 91
115 68
76 46
44 29
23 19
15 13
23 15
46 21
80 37
121 58
162 80
201 99
234 115
255 128
263 138
255 138
236 128
205 113
166 93
123 72
82 54
48 35
27 19
15 13
21 13
41 19
74 35
113 52
154 74
197 97
230 117
253 130
263 140
263 144
246 140
205 115
162 83
125 58
87 42
56 33
29 21
15 9
21 7
39 15
68 35
105 56
148 76
189 91
224 109
248 126
261 136
259 136
244 128
216 115
179 97
138 78
95 60
60 41
33 25
19 13
19 13
33 17
60 29
97 44
138 64
181 87
216 107
246 125
259 134
261 136
248 132
222 123
187 105
144 83
103 64
66 42
37 27
19 15
17 11
29 15
54 27
89 41
130 60
175 83
212 105
242 123
259 132
263 136
251 134
228 126
195 109
154 87
111 68
72 46
42 29
23 17
21 21
31 27
42 25
70 21
115 33
169 68
208 105
236 125
253 128
263 126
257 130
236 132
201 123
160 97
119 68
80 44
46 31
23 21
15 15
21 11
42 13
74 29
115 52
158 76
199 99
232 115
253 126
263 134
257 138
238 130
207 115
169 93
126 74
85 52
50 35
27 21
17 11
21 11
39 17
68 33
109 52
150 72
189 91
226 111
251 128
261 136
257 134
242 128
216 117
177 99
134 80
91 58
56 37
33 23
19 13
19 13
33 17
64 29
103 46
142 70
183 89
222 111
253 134
263 144
251 134
236 117
216 103
185 93
142 82
99 62
62 39
37 19
21 13
19 15
33 23
58 33
93 44
134 62
175 83
212 107
242 125
257 132
261 132
250 128
224 121
191 107
150 85
109 64
70 44
39 29
21 19
15 13
27 13
50 25
85 41
126 60
169 82
208 101
238 117
257 128
261 134
253 134
230 125
199 111
158 91
115 68
76 48
44 31
23 19
15 11
23 13
44 21
78 37
119 56
162 78
201 99
234 117
253 128
263 134
257 134
238 130
205 117
166 97
125 74
83 54
50 41
29 35
9 13
9 0
35 0
74 21
115 56
154 80
193 91
228 105
253 123
265 140
259 146
240 134
210 113
173 91
132 76
89 60
54 41
29 19
17 7
19 9
37 19
64 33
103 50
146 68
187 87
222 109
248 126
261 136
261 136
246 130
216 119
181 101
138 82
97 60
60 37
33 21
21 15
19 13
31 19
58 27
97 44
138 64
179 87
216 107
244 123
261 132
261 134
248 132
222 123
189 107
148 85
105 62
66 42
39 29
21 17
17 13
29 15
54 25
89 42
134 66
179 93
210 111
230 115
248 115
259 121
253 126
230 125
193 107
154 85
113 62
76 46
44 35
23 25
15 17
25 13
48 21
82 39
123 60
164 80
203 97
234 113
255 126
263 136
255 134
236 126
203 111
162 91
119 72
80 50
48 33
27 21
17 13
21 13
42 21
76 35
115 54
156 74
197 95
230 115
253 128
263 134
257 134
236 128
208 115
162 95
126 74
85 52
52 33
29 23
17 15
21 13
39 19
68 31
107 48
150 72
187 95
224 113
0 126
253 134
259 136
244 132
214 121
177 93
140 89
97 72
50 37
19 5
5 0
21 3
37 21
52 35
97 44
1 58
185 85
220 115
238 134
9 138
261 132
185 126
218 119
179 107
144 85
101 60
62 35
35 19
19 15
17 15
31 17
56 25
91 41
134 62
175 87
212 107
242 121
259 130
261 134
250 134
226 125
193 107
152 83
109 64
70 44
41 27
21 19
17 13
25 13
50 21
85 41
126 62
167 83
207 101
238 117
257 128
263 136
253 134
232 125
201 111
160 91
117 72
76 50
44 31
25 21
17 13
25 15
46 25
85 46
121 66
150 72
189 82
230 99
257 123
263 136
253 134
236 121
208 107
169 95
126 80
83 60
50 37
27 19
17 11
19 13
37 21
70 31
111 48
152 70
193 93
228 113
251 128
263 134
257 134
242 130
212 119
175 101
132 78
89 56
54 37
31 21
17 15
19 11
35 17
64 29
103 46
144 68
187 91
222 111
248 125
261 132
259 136
246 132
218 121
181 103
140 80
97 58
62 39
35 25
19 13
19 11
31 15
58 29
95 44
136 64
179 85
218 109
244 125
259 134
263 138
250 134
228 130
191 119
138 82
95 44
62 21
41 19
21 21
15 17
27 11
54 15
91 37
132 68
171 93
208 109
238 117
257 125
263 136
251 138
228 126
195 105
156 82
115 64
74 48
42 33
23 17
17 9
25 11
46 23
80 39
123 58
166 80
203 99
234 117
255 128
263 136
255 136
234 126
203 111
164 91
123 74
80 52
46 33
25 17
15 11
23 13
42 21
74 35
113 52
158 74
197 97
230 115
251 128
263 134
257 134
240 128
208 117
171 99
128 76
87 54
54 37
31 23
19 17
27 25
37 25
58 25
97 33
144 54
189 83
224 111
248 125
261 130
261 130
246 130
216 125
179 107
136 83
95 58
58 37
33 23
17 17
15 11
31 11
62 25
99 44
140 68
181 87
218 107
246 123
261 134
261 138
248 132
220 121
185 103
142 80
103 60
66 44
37 29
19 15
17 9
29 13
56 27
91 44
132 64
173 82
212 103
240 121
257 130
263 136
251 134
228 125
193 107
152 87
111 68
72 46
41 29
21 17
15 11
27 13
50 25
83 41
123 58
167 80
208 103
238 121
255 134
267 146
257 146
224 121
189 89
156 70
121 62
80 54
44 35
21 13
17 3
27 11
46 29
78 46
115 58
158 72
201 93
232 117
251 132
261 134
257 130
238 123
207 113
167 97
126 76
85 52
50 33
27 19
17 13
21 15
39 21
68 31
109 48
152 70
193 95
226 115
250 126
261 132
259 134
242 130
212 117
175 99
132 78
91 54
56 37
31 23
17 15
19 13
35 17
64 29
101 48
144 70
185 91
220 109
246 121
263 132
261 138
246 132
218 121
183 103
142 83
101 62
64 46
41 37
17 21
7 3
21 0
54 11
95 37
138 64
175 85
212 99
244 115
263 132
263 144
250 140
224 125
191 105
150 85
107 66
66 46
37 27
19 13
15 7
27 13
50 25
87 42
128 60
171 80
208 101
240 119
257 132
261 136
253 132
232 125
197 111
156 91
115 70
76 46
44 29
25 19
15 11
23 13
46 21
80 37
121 56
162 78
203 99
234 117
255 128
261 134
255 134
236 128
205 115
164 95
123 72
83 52
48 37
25 23
15 13
21 13
42 21
74 35
113 56
154 76
197 97
236 125
253 138
251 128
248 113
238 109
214 111
175 105
128 80
87 50
56 29
33 21
17 23
19 21
35 21
66 27
105 42
146 70
187 97
222 113
248 123
261 128
259 134
244 132
216 121
179 101
138 80
95 56
60 41
33 27
17 15
17 9
33 15
60 27
97 44
138 66
181 87
216 107
244 121
259 132
261 136
246 130
222 121
187 105
146 85
103 64
66 42
37 27
21 15
17 11
29 15
54 25
89 41
132 60
173 83
212 105
242 121
259 132
261 136
251 134
228 126
197 111
158 95
119 80
70 52
31 21
11 0
13 0
29 7
50 23
82 39
123 54
167 76
207 101
238 123
257 136
263 138
253 132
232 123
201 113
162 95
119 74
78 48
46 29
25 17
15 13
23 15
44 21
76 33
117 54
158 76
197 99
230 115
253 126
263 134
255 134
238 128
208 117
169 97
126 76
83 54
52 35
27 23
17 13
19 11
39 19
70 31
109 50
142 72
187 93
226 113
251 126
261 134
259 136
242 128
214 117
177 101
134 80
91 56
58 39
33 25
17 15
19 13
35 19
64 31
101 50
148 80
183 99
208 101
236 101
259 115
263 132
248 138
218 123
183 97
144 76
103 62
64 50
35 35
19 17
17 7
31 11
54 27
91 44
132 64
177 80
212 99
242 119
259 134
261 138
250 134
226 121
191 105
150 87
109 68
62 46
39 27
19 15
15 9
27 13
50 25
83 39
128 56
169 80
208 103
238 121
257 130
263 134
253 134
230 126
199 109
160 89
117 70
76 48
42 31
25 17
17 13
25 15
44 21
78 35
119 54
164 78
201 101
234 119
253 130
263 134
257 136
240 132
210 123
164 99
113 64
74 33
48 17
29 13
17 15
21 13
39 13
74 29
115 54
156 82
193 101
228 115
251 125
263 134
257 136
238 132
210 117
173 95
130 74
89 54
52 37
29 23
17 13
19 11
35 17
66 31
105 50
146 70
187 91
222 107
250 125
261 136
259 138
244 130
218 117
181 101
138 82
97 60
60 39
33 23
19 13
17 11
31 17
60 27
95 44
138 66
179 85
216 105
246 125
261 134
261 136
248 132
224 121
189 105
146 85
105 64
68 42
39 29
19 17
17 13
31 17
60 37
89 50
119 52
162 58
208 83
244 115
259 138
261 140
250 128
230 117
199 109
156 99
111 76
72 48
41 25
21 13
15 11
23 17
46 23
80 33
123 52
166 78
205 103
236 121
255 128
261 130
257 134
234 130
201 115
162 91
121 70
82 48
46 33
25 19
15 11
23 11
44 21
76 35
115 54
158 76
197 97
230 115
253 126
263 134
257 134
234 128
208 115
162 95
128 76
87 54
52 37
27 21
17 13
19 13
39 19
68 33
107 48
150 70
191 93
226 115
1 128
265 140
267 148
240 126
205 111
162 83
134 66
95 54
56 39
29 23
17 9
15 7
35 17
64 37
99 54
142 70
183 87
218 107
246 125
9 136
259 136
246 128
220 115
185 101
144 83
93 62
64 41
31 23
19 13
17 11
31 17
56 27
91 42
134 64
171 85
212 105
242 123
9 132
263 136
250 132
226 123
193 107
152 87
109 66
70 44
39 27
21 15
17 13
27 15
50 25
85 39
126 60
167 82
207 93
238 119
7 130
263 134
253 134
232 126
201 113
158 91
117 70
78 50
46 35
27 25
21 27
21 21
35 1
5 13
117 39
33 76
201 105
232 117
3 121
263 126
259 136
238 136
205 121
167 95
125 70
83 50
48 37
25 23
15 13
21 9
41 15
70 33
111 54
152 74
195 93
228 111
251 126
261 136
257 136
242 128
212 117
173 99
132 78
91 56
56 39
29 23
17 13
19 11
35 17
64 29
103 46
146 68
187 91
222 111
248 125
261 132
261 134
246 130
218 119
181 103
140 82
99 60
62 42
33 25
19 15
17 13
33 17
58 29
95 44
138 66
181 89
220 113
248 132
255 134
251 125
242 115
222 109
191 103
150 89
105 64
68 39
41 23
23 19
17 19
27 21
52 25
87 37
128 58
169 83
208 105
238 119
257 126
263 132
251 132
228 125
195 107
158 87
115 68
74 48
41 29
23 17
17 13
25 15
46 23
80 37
121 56
164 78
203 99
234 115
255 128
263 136
255 136
234 126
203 111
164 93
121 72
80 50
46 31
25 19
17 13
21 15
41 21
74 35
115 54
156 76
195 95
230 115
253 128
263 136
257 134
240 128
210 115
171 97
130 78
91 58
58 48
27 29
5 1
9 0
37 0
70 29
107 56
148 74
187 85
226 103
251 126
263 144
259 144
242 130
216 113
177 97
136 82
93 60
58 39
31 19
17 9
17 9
33 17
60 31
99 44
140 64
183 87
218 109
246 126
261 134
261 134
248 130
220 121
185 105
144 85
103 62
64 41
35 25
19 15
17 13
29 17
54 27
91 42
132 62
175 85
212 107
240 123
259 130
263 136
251 132
226 125
193 107
154 87
111 68
70 46
41 31
21 17
17 13
27 13
50 23
85 41
130 66
171 93
201 103
226 105
250 111
263 125
255 132
230 126
197 107
162 83
121 68
80 54
44 39
25 25
17 13
23 13
42 21
76 37
117 56
160 76
199 93
230 111
253 126
263 136
257 136
238 126
207 113
167 95
126 76
83 54
50 35
29 21
17 13
21 13
39 21
70 33
111 52
152 72
191 93
226 113
251 126
261 136
259 136
240 128
212 115
177 99
126 80
91 58
54 37
31 23
19 15
19 13
33 19
64 29
103 46
144 68
183 89
220 109
248 125
261 134
261 136
246 132
220 123
185 109
148 95
95 66
50 27
25 0
19 0
21 11
31 23
56 29
93 39
138 60
181 89
216 117
242 130
9 132
261 130
250 130
224 125
189 109
148 85
105 58
68 39
39 27
21 19
17 13
27 13
52 23
87 41
125 64
169 83
208 103
238 119
7 128
261 134
253 134
230 126
197 109
156 87
115 66
68 48
44 31
23 17
15 9
25 13
46 23
17 39
121 56
39 78
203 97
234 117
1 130
255 136
255 134
220 126
203 113
156 93
123 74
82 54
48 35
17 21
17 13
23 15
46 29
78 46
99 54
19 62
191 80
222 103
3 126
253 136
255 132
224 125
205 111
173 99
125 83
89 62
54 39
29 19
17 13
19 13
35 19
1 31
95 46
148 66
189 89
222 111
240 125
11 130
261 134
246 132
216 121
179 103
138 82
97 58
