530000 10000000 111149 18
33 23
19 17
17 15
31 15
56 25
91 41
132 64
171 87
208 103
238 117
257 128
261 136
253 136
234 126
205 111
166 93
125 72
87 54
52 37
29 21
19 13
19 11
35 19
62 31
97 46
136 66
177 83
212 105
242 123
257 132
261 136
253 132
232 125
201 111
162 93
123 72
83 52
50 35
29 21
19 15
25 19
42 31
60 35
91 37
134 48
181 74
218 103
244 123
257 130
261 130
253 128
230 126
197 115
156 95
115 72
78 46
46 31
25 19
15 15
21 13
39 15
70 27
107 48
148 70
187 91
222 109
248 121
261 132
261 138
248 134
224 123
191 107
152 87
109 66
72 46
42 31
23 17
17 11
23 13
42 21
74 35
113 52
152 74
191 93
226 111
248 125
259 132
259 134
246 132
218 121
185 103
146 83
107 66
70 46
41 29
21 17
17 11
27 13
48 23
78 39
117 56
160 78
197 99
230 117
255 138
259 140
248 123
236 107
214 103
183 101
140 87
99 64
64 37
37 19
23 17
19 21
27 23
50 27
83 35
123 56
164 82
199 101
230 115
251 123
263 130
257 134
240 130
212 119
175 97
136 78
95 58
60 41
35 27
19 15
17 11
29 13
54 25
87 41
125 60
169 82
205 99
236 117
5 128
261 134
255 134
238 128
208 115
169 97
128 76
89 56
56 39
31 23
17 13
17 11
33 17
58 27
93 42
132 64
173 83
208 103
240 121
257 132
261 138
253 134
236 126
208 119
169 105
121 78
74 44
44 17
29 7
19 9
19 11
33 15
62 23
101 41
0 66
171 93
214 113
242 123
9 130
263 136
251 134
228 126
197 109
156 80
119 62
80 50
48 35
21 21
17 11
21 11
39 19
66 33
103 50
144 70
183 87
216 107
246 123
259 132
261 138
250 132
226 123
193 105
154 87
115 70
78 50
46 33
25 19
17 13
23 13
41 21
70 35
109 50
150 70
189 91
222 111
248 125
259 132
259 134
248 130
224 121
189 107
150 87
109 66
74 46
42 31
23 21
19 17
31 27
42 27
64 23
105 29
154 58
197 93
226 119
248 126
261 126
261 128
246 132
220 128
185 111
144 83
103 60
66 41
39 29
21 21
15 11
25 9
46 17
80 37
121 60
160 82
197 97
230 111
251 126
263 136
257 138
242 130
216 115
179 99
138 80
99 60
64 42
37 27
21 15
17 11
29 13
52 25
85 41
125 58
164 78
203 99
234 117
0 128
253 134
257 134
220 128
203 117
173 99
125 76
95 58
60 41
33 25
15 15
19 13
31 17
56 29
89 44
5 64
175 89
212 115
230 121
244 117
1 117
257 123
113 125
203 115
160 91
130 70
93 54
58 42
31 31
17 19
19 13
33 15
58 27
93 46
1 64
173 82
203 99
240 117
7 130
261 138
253 134
232 123
203 109
156 95
123 74
83 52
50 35
29 21
17 13
19 13
35 17
64 29
101 46
140 66
171 87
214 105
242 121
9 132
261 136
251 134
228 125
197 109
158 91
119 70
80 50
48 33
27 21
15 11
21 11
39 19
68 33
105 50
146 68
185 91
220 111
244 125
9 134
261 138
250 134
228 128
197 121
150 93
101 54
66 25
44 15
27 17
19 19
21 13
41 13
74 27
113 54
27 83
189 103
222 111
248 121
261 130
259 138
246 136
220 121
187 99
148 80
107 64
70 48
42 31
23 15
15 7
25 11
46 23
78 41
115 56
156 74
195 91
228 113
250 128
261 136
257 134
244 126
218 115
181 101
142 83
103 62
68 42
39 27
21 15
17 13
27 15
50 25
82 39
121 56
160 76
201 97
232 117
253 128
261 134
257 134
242 130
212 117
177 99
138 82
99 60
64 44
41 35
25 29
11 15
19 3
46 7
85 27
128 56
166 82
203 97
234 111
257 125
265 138
257 142
238 134
208 115
173 95
132 76
91 58
56 39
33 23
19 11
17 9
31 15
56 27
91 42
132 62
171 83
208 103
238 121
257 132
263 136
253 134
234 125
205 113
167 95
126 74
85 52
54 35
31 21
19 13
19 13
33 17
62 29
97 46
136 66
175 85
212 105
240 121
257 130
263 136
251 134
232 126
201 111
162 91
123 72
83 52
50 35
29 21
17 13
19 15
37 21
66 33
101 50
144 74
187 101
212 113
232 109
250 107
263 121
253 134
228 130
195 109
158 82
119 62
80 52
48 41
27 29
17 15
21 9
41 17
68 33
107 52
146 70
185 85
220 103
248 123
259 134
261 138
248 130
224 119
191 105
152 87
111 70
72 46
44 29
25 17
17 13
23 13
42 21
74 35
111 52
152 74
191 93
224 113
250 126
261 134
259 136
246 130
220 121
187 105
146 85
107 64
70 44
41 29
23 17
15 11
27 15
46 25
78 39
117 56
158 76
197 97
228 115
251 130
263 136
265 142
248 140
210 121
169 89
134 64
101 50
66 41
37 27
19 11
17 5
31 11
52 29
83 46
121 62
164 78
201 97
232 117
251 130
261 136
257 132
240 125
210 113
175 99
136 80
95 58
60 39
35 25
21 15
17 13
29 15
54 25
89 41
128 62
167 82
205 99
236 117
255 128
261 132
255 134
238 126
208 115
171 97
130 76
91 56
58 39
33 25
17 15
17 11
31 15
58 27
91 42
132 64
173 85
208 103
238 121
257 130
261 136
253 134
234 126
205 115
166 95
126 74
87 54
56 41
35 35
15 17
7 0
25 0
62 15
103 48
138 74
175 87
212 97
244 115
261 134
263 146
251 140
230 123
199 103
160 87
121 74
82 56
48 33
27 13
17 7
21 13
37 21
64 33
103 46
144 68
183 89
216 109
244 125
259 132
261 134
250 130
226 121
193 107
158 89
117 70
76 48
46 31
27 19
17 13
21 13
41 19
70 33
107 50
148 70
187 91
222 109
248 125
259 134
261 136
248 132
224 123
189 105
150 87
111 66
72 48
42 31
23 19
17 13
25 17
46 25
80 44
117 64
146 72
181 80
220 95
250 115
263 132
259 136
244 128
220 115
187 99
148 87
107 72
68 50
39 29
21 13
17 11
25 17
46 25
78 37
119 52
158 72
197 95
228 113
251 126
263 134
259 136
242 130
214 119
181 101
140 82
99 60
62 41
37 25
21 15
17 11
29 15
52 23
85 39
125 58
164 78
203 99
232 117
253 128
263 134
255 134
238 128
210 115
175 99
134 78
95 58
60 39
35 25
19 15
17 11
31 15
54 27
89 44
130 62
169 82
207 101
238 119
257 134
267 144
261 148
232 130
195 97
162 72
130 64
93 56
56 42
29 21
17 5
21 5
35 21
60 41
93 52
134 64
173 80
210 101
238 121
255 132
261 136
253 130
232 123
203 111
166 95
125 76
85 52
50 33
29 21
19 15
19 13
35 17
62 27
99 44
140 68
179 89
214 107
242 119
259 130
261 136
250 132
228 123
199 109
160 91
119 72
80 50
48 33
27 21
17 13
21 13
39 19
68 31
103 48
144 68
183 87
220 109
246 126
257 134
261 136
250 132
228 125
193 111
154 91
119 76
80 58
39 31
13 5
9 0
23 1
42 17
70 33
107 46
152 66
193 91
224 117
248 132
259 138
261 138
248 132
222 121
187 107
148 87
107 64
70 42
41 25
23 15
17 13
25 13
44 21
76 35
115 54
156 74
195 97
226 115
250 126
261 134
259 136
244 130
218 121
183 103
144 82
103 60
66 42
39 27
21 17
17 13
25 13
48 23
82 39
121 58
160 78
199 97
232 113
251 126
261 134
257 134
242 128
214 117
179 101
138 80
99 60
62 42
37 27
19 17
17 13
31 17
48 31
29 54
121 62
29 62
195 76
218 103
1 130
253 140
255 126
162 121
212 111
171 95
134 87
93 64
50 39
33 19
19 13
17 15
29 19
54 25
85 37
130 56
169 82
207 95
238 121
7 130
261 134
255 134
234 128
205 113
162 95
128 76
87 54
54 37
31 23
19 15
19 11
33 17
60 27
95 44
136 66
175 85
212 103
242 121
257 132
261 136
251 134
232 126
201 111
164 93
123 72
82 52
52 35
29 21
17 13
21 13
37 19
66 33
101 48
140 68
181 89
218 111
250 132
263 144
253 134
240 119
224 105
197 97
158 87
115 68
78 46
48 27
29 17
19 15
23 19
41 25
68 33
105 48
146 70
185 93
218 111
244 123
259 128
261 132
248 132
224 123
191 105
152 83
113 64
76 48
44 33
25 21
17 13
23 13
42 19
72 35
111 52
152 72
191 91
222 109
248 125
261 134
259 138
246 132
220 121
187 105
146 85
107 66
70 44
42 29
23 17
15 11
25 13
46 23
78 37
117 54
156 74
195 95
228 115
250 128
261 134
259 134
244 130
218 121
183 105
146 89
107 76
62 44
27 9
13 0
17 0
31 17
50 29
80 39
119 48
166 72
205 103
232 126
251 134
261 132
257 130
240 128
212 121
175 103
136 78
95 52
60 37
35 25
19 17
17 13
29 15
54 23
87 41
126 62
167 83
203 99
234 115
255 126
263 134
257 136
238 130
208 115
171 97
132 76
91 58
56 39
33 23
19 13
17 11
31 17
58 27
93 44
132 62
171 83
208 103
238 119
257 130
263 136
253 134
234 126
205 113
166 93
126 72
89 54
54 39
31 25
19 17
25 21
39 29
54 31
85 33
130 46
179 74
214 103
238 119
257 126
263 130
255 132
234 128
201 117
162 95
121 72
82 50
48 31
27 19
17 13
19 11
35 15
64 27
103 46
142 68
183 89
216 107
244 121
259 132
261 136
250 134
226 123
195 107
156 89
115 70
78 50
46 33
25 19
17 13
21 13
41 19
70 33
107 52
148 72
187 91
220 109
248 125
261 134
261 138
248 132
224 121
191 105
150 85
111 66
72 46
44 31
25 19
17 13
23 13
44 23
76 37
113 54
29 74
193 95
232 121
3 138
255 134
185 117
240 107
222 109
187 107
144 89
103 60
70 37
42 25
25 23
17 23
25 21
46 21
78 33
119 54
158 80
195 99
228 113
250 121
261 130
259 136
244 132
216 119
181 99
142 80
101 62
64 44
37 27
21 13
17 11
29 15
50 25
83 41
125 58
164 78
201 99
232 115
253 128
263 136
257 134
240 126
212 115
175 99
134 80
95 58
60 39
35 25
19 15
17 13
29 15
54 27
91 42
130 64
167 83
207 101
236 119
257 130
263 138
255 136
240 132
214 125
173 107
121 74
80 41
50 19
35 13
19 13
17 13
31 13
60 23
97 42
136 68
175 91
208 107
238 117
257 126
261 136
253 136
232 126
201 109
166 89
125 70
85 54
52 37
29 21
17 9
21 11
35 19
62 31
99 48
140 66
177 83
214 105
240 121
257 130
263 134
251 132
230 123
197 109
160 91
121 72
82 52
48 35
27 21
17 13
21 13
37 19
66 31
103 48
144 68
175 89
218 109
246 123
9 132
261 136
250 132
226 123
195 107
138 89
115 68
78 50
48 35
25 21
19 17
29 25
35 21
58 15
103 29
150 60
128 95
222 117
246 123
9 125
263 130
251 138
224 132
187 111
142 83
109 60
72 44
41 33
1 19
17 9
25 7
44 17
11 35
113 54
29 72
195 91
228 111
0 126
250 138
259 138
183 130
218 119
183 103
144 83
64 64
62 42
39 27
21 15
17 13
25 15
46 21
80 35
121 56
160 80
189 99
230 117
1 128
261 134
259 134
242 130
216 119
179 101
138 82
99 60
64 42
37 27
21 17
17 11
29 13
52 25
85 41
126 64
171 89
205 109
224 113
236 113
7 119
257 125
240 126
208 117
173 93
134 72
93 56
62 44
35 33
17 19
17 11
31 15
54 27
89 44
128 62
169 80
207 97
236 117
255 130
263 136
255 134
238 126
205 111
167 95
128 76
89 58
54 37
31 21
17 13
19 11
33 17
60 29
95 44
134 64
175 83
203 103
240 119
257 130
263 134
253 134
232 126
201 111
164 93
123 74
82 50
52 35
29 23
17 13
19 11
37 17
64 31
101 48
140 68
179 87
214 107
244 123
259 134
261 136
251 134
232 130
201 121
152 89
107 50
74 27
48 21
29 23
17 19
19 11
39 11
70 29
107 54
146 78
185 95
218 107
246 119
259 130
259 138
248 134
224 119
191 101
154 82
113 66
76 48
44 33
25 17
15 9
23 13
42 25
72 37
111 52
152 72
189 91
222 111
248 125
261 134
261 134
246 130
220 121
187 105
148 85
109 66
70 46
41 29
23 19
17 13
25 13
44 21
78 37
117 56
156 76
195 95
226 113
250 126
263 134
259 138
244 132
218 119
183 103
142 83
103 66
70 46
44 39
23 25
7 9
15 0
44 7
83 29
121 56
160 78
197 93
230 109
255 126
263 140
259 142
242 134
214 117
177 99
138 80
97 62
60 42
35 23
19 11
17 9
29 13
52 25
85 41
126 58
167 78
205 101
234 119
253 130
263 134
255 134
238 126
208 115
173 99
132 78
91 58
56 39
33 23
19 15
17 13
31 17
56 27
91 44
130 64
171 83
207 103
238 119
255 130
263 136
253 136
234 126
205 113
167 95
126 76
87 56
54 37
29 23
19 15
19 13
35 19
62 31
97 48
142 76
179 99
205 103
230 101
253 109
263 126
255 138
230 130
199 107
162 83
125 68
85 58
50 44
27 25
17 9
21 7
37 17
64 33
99 48
142 64
181 82
216 103
244 123
259 134
261 136
251 132
228 123
195 109
158 91
117 72
78 48
46 31
27 17
17 13
21 13
39 19
68 31
107 48
148 70
187 91
220 109
246 123
259 130
261 134
250 132
224 123
191 107
152 87
111 66
74 46
44 31
23 17
17 11
23 13
42 19
74 35
111 52
154 74
191 93
224 113
250 126
263 138
267 148
248 140
210 117
175 87
142 68
107 56
72 44
39 29
21 13
17 5
29 13
48 29
78 44
117 58
158 74
197 93
228 113
250 128
259 134
259 132
244 126
216 115
181 101
140 83
101 62
66 42
37 25
21 17
17 13
27 15
48 21
83 37
125 58
164 80
201 99
232 115
253 126
263 134
257 136
240 128
212 115
175 99
136 80
95 60
60 41
35 25
21 15
17 11
29 15
54 25
87 42
128 60
167 82
203 99
236 117
257 130
261 136
255 134
238 128
208 115
171 99
130 78
91 58
62 46
35 35
9 11
5 0
27 0
60 21
95 50
130 70
171 80
210 95
242 119
259 138
261 146
253 136
232 121
205 107
166 95
125 80
85 56
52 33
29 17
17 11
19 15
35 21
62 31
97 42
138 62
177 85
214 107
242 125
259 130
261 134
251 132
230 125
199 111
162 91
121 70
82 50
48 33
27 19
17 13
21 11
37 17
66 29
103 48
144 70
183 91
216 107
244 123
259 132
261 136
250 132
226 123
195 107
156 89
115 70
76 48
46 33
27 21
17 13
23 15
44 25
80 46
107 58
136 64
177 74
220 95
250 121
259 134
257 134
248 126
226 119
193 107
152 93
109 72
72 46
41 25
25 17
17 15
23 17
42 23
74 33
113 48
154 72
193 95
226 113
250 125
261 132
259 134
244 130
218 121
185 103
146 83
105 62
68 44
39 29
21 17
17 11
25 13
48 21
80 37
119 56
160 76
197 95
228 113
250 126
261 134
259 136
242 128
216 117
179 101
138 80
99 58
64 41
39 27
23 17
17 13
27 15
52 25
85 41
125 60
164 80
201 99
234 117
255 130
267 146
257 146
228 121
201 93
171 78
138 74
97 64
58 42
33 19
21 7
21 11
33 25
54 35
87 42
128 56
169 78
207 103
234 123
255 130
261 132
255 130
236 126
207 115
167 95
130 74
91 54
56 37
31 25
17 15
19 13
33 17
58 27
93 44
134 64
173 83
208 103
238 117
257 128
263 136
253 134
232 126
203 111
166 93
125 76
83 54
52 35
29 21
17 13
19 13
35 17
62 29
99 46
140 66
179 87
216 107
244 123
259 134
261 136
251 132
230 123
199 111
164 97
126 85
78 56
39 25
19 3
15 0
23 9
39 21
66 31
103 44
146 62
187 91
220 115
246 130
259 134
261 132
250 130
226 125
191 109
152 87
113 64
76 44
44 29
23 17
17 13
23 13
42 19
72 33
109 52
150 74
189 95
222 111
248 123
261 132
259 134
248 130
222 121
189 105
150 85
109 66
72 46
41 29
23 17
17 13
25 13
44 21
76 35
115 52
156 74
193 95
226 113
250 125
261 134
259 136
244 130
218 119
183 103
144 83
95 64
68 44
39 27
23 17
17 13
27 17
56 37
80 46
109 46
150 54
197 80
234 113
251 132
259 134
259 128
244 125
216 121
179 111
138 87
97 62
62 39
35 23
19 17
15 13
27 13
52 21
85 35
125 56
167 82
203 103
234 117
253 126
263 134
257 136
240 132
210 117
173 97
132 76
93 56
58 39
33 25
19 13
19 11
31 15
56 27
91 44
130 62
171 82
207 99
236 117
257 130
263 138
255 134
236 126
207 113
169 95
126 78
87 54
54 35
31 21
19 15
19 13
33 17
60 29
97 46
136 68
177 87
216 111
246 132
253 134
251 125
246 117
232 113
201 107
162 95
121 70
83 46
52 31
31 25
19 21
19 17
37 19
66 29
101 46
140 68
179 89
216 105
244 119
259 128
261 134
251 134
228 125
197 109
158 89
117 70
78 50
46 33
25 17
17 13
23 13
39 21
68 33
105 48
146 70
185 91
220 109
246 123
261 132
261 134
250 132
224 123
191 105
152 87
113 68
74 48
44 31
25 17
17 13
23 13
42 19
74 33
111 52
150 72
189 91
224 111
250 128
261 136
261 138
248 132
222 123
191 111
152 99
101 68
58 29
33 5
23 3
19 13
25 19
44 21
78 29
119 48
160 80
197 105
228 121
250 126
261 128
257 132
242 132
216 123
181 103
140 78
93 58
66 42
37 31
21 17
17 11
27 13
50 23
82 41
121 58
162 78
201 97
232 113
251 128
263 136
257 136
240 128
212 115
175 97
136 78
97 60
62 42
35 25
21 15
17 11
29 17
52 27
87 42
126 60
167 80
205 99
234 115
255 130
263 136
257 136
238 126
208 115
173 97
132 80
91 58
58 41
35 27
25 23
21 23
23 15
46 11
85 23
134 52
173 82
208 103
236 115
259 125
265 134
255 140
236 134
205 117
167 95
126 72
85 54
52 39
29 23
17 11
19 7
35 15
62 29
97 46
136 64
177 83
214 105
240 121
257 132
261 136
251 132
230 123
199 109
162 91
121 74
82 52
48 35
27 19
17 13
21 13
37 19
66 29
103 48
17 68
173 89
216 109
244 123
9 130
261 136
250 132
228 123
195 107
156 89
117 68
76 48
46 31
27 19
17 13
23 15
41 21
70 33
109 52
15 74
191 99
224 123
240 123
250 115
255 115
250 123
226 126
189 111
150 82
111 56
76 42
44 37
23 29
15 15
23 9
42 15
74 35
113 56
152 76
191 91
224 107
248 123
259 134
259 138
246 132
220 119
185 101
146 83
97 66
68 46
41 29
21 15
17 11
27 15
46 25
78 37
117 54
158 76
197 95
228 113
250 126
263 134
259 136
244 130
214 119
179 101
142 82
93 62
64 41
37 25
21 15
19 13
27 15
50 25
83 39
123 60
164 80
201 101
232 117
253 130
263 138
259 138
246 140
210 125
166 91
126 62
91 42
62 33
35 25
17 15
17 7
31 9
58 27
89 46
128 68
167 83
205 99
236 117
255 130
261 136
255 132
236 125
207 111
169 93
128 74
89 54
56 37
33 23
19 13
19 13
33 19
58 29
93 42
134 62
173 83
203 103
234 119
5 128
255 134
253 132
218 125
203 111
166 93
125 74
85 54
52 35
29 21
19 13
19 13
35 19
60 29
99 44
138 66
179 87
214 107
242 121
259 132
263 136
251 134
230 126
199 111
160 91
119 72
82 54
50 39
33 33
19 25
11 5
27 0
64 11
107 44
146 76
181 93
216 103
246 115
261 132
261 142
251 140
226 126
193 105
154 85
113 68
76 52
44 33
23 17
15 7
23 9
41 21
72 37
109 52
148 68
189 89
222 111
248 126
259 134
261 136
248 130
222 121
187 105
150 85
109 66
72 44
42 29
23 17
17 13
23 13
44 21
76 35
115 54
156 76
193 95
226 113
250 125
261 134
259 136
244 130
218 119
185 103
144 83
103 64
68 44
39 29
23 17
17 13
27 17
48 25
83 42
125 66
158 82
187 89
222 99
251 115
263 130
257 136
240 126
214 111
181 97
142 83
99 68
64 48
37 29
21 15
17 11
27 17
52 27
83 41
125 56
164 76
203 97
234 117
253 128
261 132
257 132
240 128
210 117
173 99
134 78
95 56
60 39
33 25
17 15
17 13
31 15
56 27
89 42
130 62
169 83
207 103
236 119
255 130
263 136
255 134
236 126
207 113
169 97
128 78
87 54
54 35
33 21
19 15
19 13
33 17
58 27
95 44
134 66
175 85
210 103
240 121
257 132
263 140
259 148
230 132
191 99
156 68
123 56
87 52
52 41
27 23
15 5
21 3
39 19
64 39
101 56
140 68
179 83
214 103
242 125
257 134
259 134
251 128
230 121
197 109
158 93
111 72
80 50
48 31
19 19
17 13
21 13
39 19
68 31
105 48
21 68
185 89
218 107
244 121
9 130
261 136
250 134
220 123
191 107
154 87
113 68
68 48
44 31
23 19
17 11
23 13
42 21
72 35
111 52
152 72
189 91
222 111
248 125
261 134
261 138
248 132
220 121
189 105
150 87
113 74
74 58
35 31
11 5
9 0
25 1
48 19
76 37
113 52
156 70
197 91
230 117
251 134
261 140
259 134
244 126
218 117
181 105
142 83
101 60
66 39
39 23
21 15
17 13
27 15
48 25
82 39
121 58
162 80
199 99
230 115
251 128
261 134
257 134
242 130
214 117
177 99
138 80
97 60
62 41
35 25
19 13
17 11
29 15
52 27
85 41
125 58
166 80
205 101
234 119
255 130
261 134
257 136
238 128
208 115
173 97
132 78
93 58
58 39
33 25
19 15
19 13
31 19
62 37
97 56
126 64
160 66
201 78
240 107
259 132
263 142
253 132
236 119
207 109
169 101
128 85
87 60
54 35
31 17
17 13
17 15
33 19
60 27
97 41
134 60
177 85
212 109
242 123
257 130
261 134
253 134
232 128
201 115
162 93
121 70
83 50
50 35
27 21
17 13
21 11
37 17
64 29
101 48
142 68
181 87
216 107
244 123
259 132
261 136
251 134
228 125
195 107
158 89
117 70
78 50
46 33
25 19
17 13
23 13
39 21
68 33
107 50
148 72
187 93
222 113
253 134
261 144
251 134
238 117
218 103
193 99
154 87
109 68
72 41
44 23
27 17
19 19
23 21
42 23
74 33
113 50
152 74
189 95
224 111
248 123
259 130
259 132
246 130
220 121
185 103
146 82
107 62
70 44
39 29
23 19
17 13
25 13
46 21
78 37
117 56
158 76
195 95
228 113
251 126
261 132
259 136
244 130
216 119
179 101
142 82
101 62
66 42
37 25
21 15
15 11
29 15
50 25
82 39
123 58
164 78
201 99
232 117
253 128
263 136
257 136
224 130
205 117
177 93
142 89
97 70
50 37
17 3
15 0
21 5
31 21
52 33
80 39
125 52
171 80
207 107
234 126
5 132
263 132
255 130
236 126
207 117
171 99
130 74
91 50
56 35
31 23
19 17
19 11
33 15
58 27
93 44
132 64
173 85
210 103
234 119
5 130
253 134
253 134
234 125
201 111
164 91
126 74
87 56
52 37
29 21
17 13
19 11
35 19
62 31
97 44
138 64
177 83
212 103
242 121
259 132
263 136
251 134
230 125
199 111
162 93
121 74
82 52
48 33
29 21
21 19
27 25
35 27
54 23
93 31
140 52
185 83
216 109
244 123
259 128
263 132
251 134
228 130
193 115
156 91
115 66
76 46
44 33
25 21
15 13
21 9
41 15
70 31
107 52
148 72
187 89
222 107
248 123
259 134
261 134
248 134
224 123
189 105
150 85
109 66
72 46
42 29
23 17
17 11
23 13
44 23
76 37
113 54
154 74
193 93
226 111
250 126
261 134
259 136
246 130
218 119
185 103
146 83
105 62
68 44
41 29
21 17
17 13
25 15
48 23
80 39
119 58
160 80
199 101
234 126
250 134
251 125
250 113
242 113
218 115
181 107
138 82
99 54
66 35
41 29
21 27
17 21
27 13
52 19
85 37
123 62
162 82
201 97
232 111
253 125
261 134
257 136
240 130
210 115
175 95
134 78
95 60
60 42
33 25
19 13
17 9
31 15
56 27
89 42
128 60
167 80
207 99
238 119
257 132
263 136
255 134
236 126
207 115
162 97
130 78
82 56
56 37
31 21
19 13
19 13
33 19
58 27
93 42
134 64
175 85
210 105
238 121
257 132
263 136
255 134
236 132
208 123
160 95
113 62
78 35
52 23
31 19
17 15
17 11
35 11
66 25
101 50
140 76
179 93
214 107
242 119
259 130
259 138
250 134
230 123
199 107
160 87
119 68
80 50
48 33
29 21
17 13
21 13
39 19
68 33
105 50
19 70
183 89
218 109
238 125
9 132
261 136
250 132
226 123
193 107
154 87
113 68
68 48
44 33
23 19
17 11
23 13
41 19
72 31
111 50
19 72
189 91
222 111
248 125
11 132
261 136
248 132
222 123
187 105
150 87
109 66
64 48
42 31
27 25
23 25
15 15
33 3
68 11
117 41
156 76
193 101
224 109
0 117
265 128
255 142
246 142
216 125
183 101
144 78
95 60
66 46
37 31
21 15
15 5
17 9
48 23
82 41
121 58
160 74
199 93
232 115
251 130
263 138
257 136
242 128
214 117
177 101
138 82
99 60
62 41
35 25
19 13
17 11
29 15
52 25
85 41
125 60
166 80
205 101
234 117
253 128
261 134
257 134
238 128
208 115
173 97
134 78
93 58
58 39
33 23
19 15
19 13
31 17
56 29
91 44
138 74
173 93
197 99
224 101
253 113
265 128
255 134
232 128
205 109
169 89
130 74
89 60
54 42
31 25
19 13
19 11
33 17
58 31
95 46
136 62
175 82
212 101
240 119
257 130
261 136
253 132
232 125
201 111
164 93
123 74
83 52
50 35
27 21
17 13
19 11
37 17
64 29
101 46
140 66
181 85
218 107
244 123
259 132
261 136
251 132
228 125
197 109
158 89
117 68
80 50
46 35
25 21
17 13
23 13
41 19
68 33
105 50
146 70
185 91
220 109
246 125
259 134
261 138
253 142
220 132
183 101
142 66
109 46
78 41
46 35
15 21
15 7
23 3
44 17
76 41
111 62
150 76
191 89
224 107
248 126
259 138
259 138
244 128
220 115
187 101
146 85
107 66
70 44
41 25
23 15
17 13
25 17
46 25
78 37
115 52
156 74
195 95
228 115
250 125
261 134
259 134
244 130
216 119
181 103
142 82
101 62
66 42
37 27
21 15
17 11
27 15
48 25
82 39
121 58
164 78
201 99
232 115
251 128
263 136
257 136
242 130
212 117
177 99
138 82
101 66
66 52
31 29
9 7
9 0
27 1
56 21
87 42
125 60
167 76
191 95
236 117
7 136
263 142
255 136
238 126
208 113
171 99
130 80
91 56
56 35
33 19
19 13
19 15
31 17
56 25
93 42
132 64
171 85
208 105
238 121
257 130
261 134
253 132
234 126
205 113
158 93
126 72
87 54
54 37
29 23
17 13
19 11
35 17
62 31
97 46
136 64
177 83
214 105
242 123
257 132
261 134
253 132
232 126
199 111
162 91
123 72
82 52
50 35
27 21
17 13
21 13
39 19
68 37
109 60
140 76
171 76
208 83
244 105
263 132
261 142
248 132
228 115
197 103
156 91
117 80
78 58
44 33
27 15
17 9
21 15
39 23
70 33
107 44
146 64
185 89
222 111
248 126
261 134
261 132
248 130
224 123
191 109
150 89
109 64
74 44
42 31
23 17
15 11
25 11
44 21
74 37
113 54
152 74
191 93
224 111
248 125
261 134
259 136
246 132
220 121
185 103
146 83
105 64
68 46
41 29
21 17
17 11
27 15
48 23
80 39
119 56
158 78
197 97
230 117
255 134
265 146
251 136
232 117
208 99
181 87
142 80
99 64
62 39
37 19
23 13
21 17
29 25
50 31
83 39
123 54
164 78
199 101
230 117
251 126
261 130
255 130
240 126
212 117
175 99
134 78
95 56
60 41
35 25
19 15
19 13
29 15
54 27
87 42
128 60
167 82
205 99
236 117
1 128
253 134
255 134
236 126
203 113
162 97
130 76
89 54
56 37
33 23
19 15
19 13
33 17
58 29
93 44
132 62
175 83
210 105
240 121
255 130
263 136
255 134
234 128
203 113
166 95
126 80
89 66
46 37
15 3
11 0
21 1
39 21
62 35
97 44
138 58
181 82
216 111
242 130
257 136
261 132
251 128
230 123
197 113
158 93
119 68
82 46
48 31
27 21
17 15
21 13
39 17
62 31
95 50
19 64
183 91
218 107
244 123
259 132
261 136
250 132
226 123
193 107
154 87
115 66
78 48
46 33
25 19
17 11
23 11
41 21
70 35
107 52
148 70
189 91
222 109
248 125
261 134
261 136
248 130
222 121
187 105
150 87
111 68
72 48
42 31
23 19
19 17
31 27
44 31
66 31
103 37
152 56
197 87
228 115
248 126
259 128
261 130
248 130
220 125
183 111
144 87
103 62
68 41
39 27
21 19
15 13
25 9
46 17
80 35
121 56
160 80
197 97
230 113
251 125
261 134
259 136
242 128
214 117
179 99
138 82
99 60
64 42
37 27
21 15
17 11
29 13
52 25
85 41
125 58
166 80
203 99
234 117
253 130
261 134
257 134
240 128
210 117
173 99
132 76
95 58
60 41
33 25
19 15
19 11
31 17
56 29
89 44
130 62
171 83
208 105
242 130
255 140
251 126
246 111
234 109
208 111
169 103
126 78
87 50
56 29
33 23
19 23
17 21
31 17
60 23
95 41
134 66
173 89
210 105
240 115
257 126
261 134
253 136
232 126
201 111
164 91
123 72
83 54
52 37
29 21
17 11
19 11
35 17
64 31
101 48
140 66
179 85
214 103
244 123
259 134
261 138
251 134
228 125
199 109
158 91
117 72
80 52
48 33
27 21
17 11
21 11
39 19
68 33
105 48
146 68
185 91
220 111
246 125
259 134
261 136
250 134
228 128
197 117
150 91
103 58
66 31
44 17
27 15
17 13
21 13
41 15
74 29
113 52
152 80
189 99
222 111
248 123
261 132
259 138
246 134
218 119
187 101
148 82
107 64
68 46
41 27
23 15
17 11
25 13
44 23
78 37
117 56
156 76
195 95
228 113
251 126
261 134
259 134
244 128
216 117
183 101
142 83
101 62
66 42
39 27
21 17
15 13
27 13
48 23
82 37
119 54
162 76
201 97
232 117
253 130
261 134
257 136
242 130
214 119
177 101
138 80
99 60
62 42
35 27
23 21
23 25
25 21
41 11
78 17
126 46
169 82
205 109
232 117
253 121
263 128
259 138
240 140
207 123
171 95
132 72
91 54
56 42
31 27
17 13
19 7
31 11
56 25
91 44
130 64
173 83
208 99
236 117
7 130
263 140
253 136
218 125
205 111
156 95
126 76
87 54
54 35
31 21
17 13
19 13
33 17
60 27
97 44
11 66
177 80
212 105
240 121
7 132
261 134
251 134
226 126
201 111
162 93
123 72
83 52
50 35
19 21
17 13
21 11
37 19
64 31
95 46
23 78
185 101
208 107
232 109
3 115
255 126
251 132
226 125
195 105
158 83
111 68
80 54
46 41
25 23
17 11
23 11
39 19
5 35
97 50
21 68
177 87
220 107
246 123
9 132
261 134
250 132
158 121
191 107
152 89
111 68
66 46
44 29
23 17
17 13
23 11
42 19
11 33
113 54
27 74
191 91
224 111
0 126
253 134
259 136
246 130
220 119
185 103
146 83
97 62
70 44
41 31
5 17
15 11
25 13
46 23
78 39
117 56
158 76
197 95
228 115
1 128
261 136
259 136
248 138
218 130
171 97
130 60
97 41
68 35
33 31
19 19
15 7
29 5
54 23
83 46
123 70
162 83
201 95
232 111
251 128
259 138
255 136
240 125
212 109
177 95
136 82
95 62
60 41
35 21
19 13
17 13
29 17
54 27
87 41
126 58
166 78
205 103
236 119
255 130
261 134
255 132
238 126
208 117
171 99
130 76
91 54
56 37
31 23
19 15
19 13
33 17
58 27
93 44
132 64
173 85
210 103
238 121
255 132
261 134
253 132
234 126
205 115
167 95
126 76
89 58
60 48
27 29
7 7
9 0
33 1
64 23
97 44
136 66
175 82
214 101
244 123
259 138
263 142
251 136
230 123
199 109
160 91
119 72
80 48
48 27
29 17
17 13
19 15
37 19
66 31
105 46
144 68
183 91
216 109
244 123
259 130
261 136
250 132
226 123
195 107
156 89
115 68
76 46
46 31
27 19
17 13
21 13
41 19
70 33
109 50
148 72
187 93
222 109
248 125
261 134
259 136
248 132
222 123
189 105
150 85
109 64
74 46
44 31
23 19
17 11
25 13
44 23
78 41
119 66
152 82
181 82
216 87
248 109
263 130
261 142
244 132
218 113
185 95
148 85
107 74
68 52
39 29
21 11
17 7
25 15
46 27
78 37
119 50
160 72
197 95
228 117
251 128
263 134
259 134
242 130
214 119
179 101
140 82
99 60
62 41
37 27
21 17
17 13
27 13
50 23
83 39
123 58
164 78
203 99
234 117
253 128
263 134
257 134
240 128
210 117
173 99
134 78
95 58
60 39
33 25
19 15
17 11
31 15
56 27
89 44
128 62
169 83
207 103
238 121
259 138
265 146
248 134
224 115
201 97
169 85
130 76
89 56
54 35
31 17
19 11
21 17
33 25
58 33
93 44
134 60
175 83
210 105
238 121
257 128
261 132
253 130
232 126
203 113
166 93
123 72
83 50
52 35
29 23
17 15
19 13
35 17
62 29
99 46
140 68
179 87
214 105
242 119
259 130
261 136
251 132
230 125
199 109
160 93
111 72
80 50
48 33
27 19
17 13
19 13
37 17
66 29
105 50
144 70
183 91
220 109
246 123
259 132
261 136
250 134
226 125
193 109
154 89
115 74
80 62
39 33
13 1
9 0
25 1
44 25
72 41
107 50
150 64
193 87
224 115
248 134
261 140
261 134
248 128
220 121
187 107
148 89
109 64
70 41
41 25
23 17
17 13
25 15
44 21
76 33
115 54
156 76
193 97
226 113
250 125
261 132
259 134
244 130
216 117
183 101
144 82
103 64
66 42
39 27
23 15
17 11
27 13
48 23
82 39
121 56
160 76
197 95
230 113
253 130
263 136
257 136
242 128
216 117
179 103
138 83
99 62
62 41
37 25
21 17
19 15
37 27
52 33
76 33
115 42
164 64
205 93
234 119
251 128
261 130
259 130
242 128
210 121
173 105
134 80
93 56
58 37
33 23
17 15
17 11
31 13
54 23
89 41
5 62
171 83
207 99
236 115
0 130
263 138
255 136
218 128
207 113
162 95
128 76
87 56
54 35
29 21
19 13
19 11
33 17
60 29
95 44
11 64
175 83
203 105
242 121
7 130
261 136
253 132
232 125
201 111
164 93
123 72
83 52
50 35
29 21
17 13
19 13
37 19
64 31
101 48
140 66
181 89
218 111
248 134
259 142
251 126
242 111
226 105
199 107
160 95
115 72
78 42
48 25
29 19
17 19
23 21
39 23
68 29
105 46
146 70
185 95
218 111
244 121
259 126
261 134
248 134
224 123
191 107
152 85
113 66
74 48
44 31
25 19
17 11
23 13
41 21
72 35
111 52
152 72
189 91
224 109
250 126
261 134
261 136
246 130
220 121
187 105
146 85
107 64
70 44
41 29
23 17
17 11
25 13
46 21
78 37
117 54
156 76
195 95
228 115
251 126
261 134
259 136
244 130
220 123
187 111
138 85
89 52
58 25
37 13
23 11
17 13
25 13
48 17
83 33
125 58
164 85
199 105
230 117
3 125
263 134
257 136
162 125
210 117
171 95
136 76
97 58
60 41
33 25
21 13
19 11
29 17
52 27
87 42
128 62
167 82
203 99
234 117
255 128
263 136
255 134
236 126
208 113
171 97
130 78
91 56
56 37
33 23
19 15
17 11
29 15
56 27
91 42
132 64
171 85
208 103
238 119
257 130
263 136
253 134
236 126
205 113
167 95
126 74
87 56
54 37
31 23
21 19
25 25
31 21
50 13
89 23
138 50
181 87
214 113
238 121
257 123
263 128
255 138
232 136
199 119
160 89
123 66
82 48
48 37
25 23
15 9
19 5
37 15
64 31
103 50
142 70
183 87
216 105
244 121
259 134
263 138
251 134
226 121
195 105
156 89
115 70
76 50
44 31
25 17
17 11
23 13
39 19
68 31
109 50
150 72
187 91
220 111
248 125
261 132
261 136
248 132
224 123
191 107
150 87
111 66
74 46
42 29
23 17
17 11
25 15
44 23
76 37
115 56
160 83
187 105
216 109
238 111
0 117
261 126
246 130
218 121
183 99
148 76
109 62
70 48
41 35
21 21
17 11
25 11
46 23
78 39
117 56
158 72
197 91
228 111
250 125
261 134
259 136
244 130
216 117
179 101
140 83
93 64
62 41
37 25
21 15
17 13
27 15
50 23
21 31
0 58
164 80
201 99
232 115
253 128
263 134
257 134
240 128
212 115
175 97
136 78
95 58
60 41
35 25
19 15
17 11
29 15
54 29
87 42
128 62
167 82
207 101
236 119
255 132
263 138
255 136
242 138
208 126
160 91
119 54
85 33
60 31
35 29
17 19
15 7
33 5
62 25
97 52
132 74
173 87
210 99
240 115
255 130
261 140
253 136
232 123
203 105
166 89
125 74
85 56
52 35
29 19
17 11
21 13
35 21
62 33
99 46
138 64
177 85
214 105
242 121
259 132
263 136
251 132
230 125
199 109
160 91
121 70
82 50
48 33
27 19
17 13
19 11
37 19
66 31
103 48
144 70
183 89
218 107
246 123
259 134
261 138
250 132
226 123
193 107
156 91
115 72
80 54
52 44
23 25
5 5
13 0
39 7
74 29
109 52
146 70
187 87
224 107
250 126
261 140
261 142
248 132
222 119
189 103
150 87
109 68
70 46
41 25
23 13
17 11
25 15
44 25
76 35
115 52
154 74
193 97
226 115
250 126
261 132
259 134
244 130
216 119
183 103
144 83
105 62
66 42
39 27
23 17
17 13
25 13
46 21
80 37
121 58
160 80
197 97
230 115
251 126
261 136
257 136
242 128
214 119
179 101
138 82
97 62
64 42
37 27
21 17
17 13
29 17
52 27
87 44
130 74
162 85
191 85
224 91
253 113
265 136
257 144
238 130
210 107
175 91
136 80
95 68
58 46
33 25
19 9
17 9
29 19
54 29
89 41
130 56
169 78
207 101
236 121
255 130
263 134
255 132
236 128
205 115
167 97
128 76
89 54
54 35
29 21
17 13
19 11
33 15
58 27
95 42
134 62
175 85
210 105
240 121
257 130
263 136
253 134
232 125
201 111
164 91
123 72
83 52
52 35
29 21
17 13
19 11
35 17
64 31
101 48
140 68
179 89
216 107
244 123
265 140
265 146
236 132
218 111
191 93
160 80
119 68
78 50
46 29
27 15
19 11
23 17
41 27
68 37
105 48
144 66
185 89
218 111
244 125
259 130
261 132
248 130
224 123
191 107
152 87
115 64
76 48
44 33
23 19
17 13
23 13
42 21
72 35
109 52
152 72
189 91
224 109
248 125
261 134
261 138
246 132
220 121
187 105
150 85
107 66
70 46
41 29
23 17
17 11
23 13
46 23
78 37
117 56
156 76
195 95
228 113
251 126
261 136
259 136
244 130
218 119
183 105
142 85
105 70
70 56
31 25
9 0
11 0
29 5
52 29
82 44
119 54
160 68
203 93
234 121
253 138
261 140
257 130
242 125
214 117
177 105
136 83
97 56
62 33
35 21
19 15
17 15
29 15
52 23
85 39
126 60
166 83
205 103
234 117
253 126
263 134
255 136
236 128
208 113
173 95
132 78
91 58
56 39
33 23
19 13
19 11
31 15
56 25
91 41
132 62
169 83
208 103
238 119
257 130
261 136
253 134
234 126
205 113
167 95
126 76
87 56
54 37
31 23
19 17
21 17
41 29
60 33
87 39
126 48
173 72
214 99
242 123
255 132
261 132
255 128
234 125
201 115
162 97
121 74
83 50
50 33
27 21
15 15
19 11
35 13
64 27
101 46
142 68
181 87
216 105
244 121
259 132
261 136
250 134
228 123
195 107
158 87
117 68
78 50
46 33
25 19
17 11
21 13
39 21
70 33
107 48
148 70
187 91
220 109
246 125
259 134
261 136
248 130
222 119
191 105
154 87
111 68
74 46
44 29
23 17
17 13
23 15
44 23
76 37
113 54
152 74
191 93
226 115
255 138
259 142
248 125
236 107
220 103
189 103
146 91
105 64
68 37
42 19
25 17
19 23
25 25
46 25
78 33
117 50
156 76
195 101
228 115
250 121
259 128
259 132
244 130
216 121
181 99
142 78
101 60
64 44
37 29
19 15
19 9
29 13
50 25
82 39
123 56
164 76
201 97
230 115
251 128
261 134
257 134
240 128
210 117
175 99
136 80
95 58
60 39
35 25
21 17
17 13
29 15
54 27
87 41
125 60
167 82
205 101
236 119
1 130
253 134
255 136
240 130
214 125
175 109
125 78
80 44
50 21
31 11
21 13
17 13
31 13
58 21
95 41
134 66
173 91
210 109
238 119
7 128
261 134
253 136
234 128
203 111
158 89
125 68
85 50
54 37
29 23
17 13
19 9
35 17
62 31
97 48
128 66
177 85
214 103
240 121
257 130
261 136
251 132
230 123
199 109
160 91
121 72
80 50
48 33
29 21
17 13
19 13
37 17
66 31
103 50
144 70
181 89
216 107
244 123
259 132
261 136
250 132
226 123
195 107
156 91
115 70
76 50
46 33
27 21
19 19
27 27
35 19
58 13
101 27
150 60
189 95
220 115
246 123
261 126
263 132
250 136
224 132
189 111
148 83
111 60
72 44
42 35
21 21
15 9
25 7
44 17
74 37
113 56
154 74
193 91
226 109
248 125
261 134
261 138
246 132
218 119
183 101
144 83
105 66
68 44
39 27
21 15
17 11
25 13
46 23
80 37
119 56
160 76
197 97
228 115
251 126
263 134
259 136
242 130
214 117
179 99
140 82
99 62
64 42
37 27
21 15
17 13
27 15
50 25
85 42
126 64
171 91
201 107
222 111
244 113
259 121
257 128
240 128
208 115
173 93
134 74
97 56
60 44
35 33
19 17
17 11
31 13
54 27
87 44
128 60
169 78
205 95
236 115
255 130
263 136
255 134
236 125
207 113
162 97
128 80
89 56
56 37
31 21
17 13
19 13
33 17
58 27
93 42
134 62
175 85
210 105
240 121
257 130
263 136
253 134
232 125
203 111
166 93
125 76
83 54
50 35
29 21
19 13
21 13
35 17
62 29
101 46
140 68
179 87
214 107
242 123
259 132
261 136
253 134
220 136
199 121
148 82
109 46
78 31
50 29
27 27
15 15
19 5
33 9
70 31
107 58
144 80
175 91
218 103
244 121
9 134
259 138
248 132
224 119
193 101
154 85
113 70
76 50
44 31
25 15
17 11
23 13
41 23
70 35
109 50
142 70
189 93
222 111
246 125
261 130
261 134
248 132
220 123
187 105
150 83
109 64
72 44
42 29
23 17
17 11
25 13
44 21
76 35
117 54
156 74
193 95
226 113
250 126
261 134
259 136
244 132
218 119
183 103
144 83
105 66
72 50
44 39
15 19
5 0
19 0
48 9
83 35
121 58
158 76
199 89
232 109
255 130
263 142
257 142
242 130
214 115
177 99
136 82
97 60
62 41
35 23
19 11
17 9
29 15
52 27
85 41
125 58
166 80
203 93
234 119
253 130
261 134
257 134
238 126
208 117
173 99
134 78
93 56
58 39
33 25
19 13
19 9
33 15
56 27
89 42
130 62
171 82
208 101
238 119
257 130
263 136
255 134
236 125
207 113
167 95
128 76
87 56
54 37
31 23
19 15
19 13
33 19
60 29
101 52
140 78
169 85
201 87
234 97
259 121
265 140
251 140
230 123
203 103
166 89
125 78
83 62
50 41
27 19
17 7
19 9
35 19
64 33
99 46
140 60
181 83
216 107
244 126
259 134
261 136
251 132
228 125
197 111
158 91
117 70
80 48
46 31
25 19
17 11
21 11
39 19
68 29
107 48
148 70
185 93
220 109
246 123
261 132
261 136
248 132
224 123
191 105
152 85
113 68
66 48
42 31
25 17
17 13
23 13
42 19
72 33
109 52
146 76
191 95
224 113
250 128
269 146
253 146
236 128
210 105
183 89
148 78
107 66
68 44
39 25
23 11
19 11
27 17
46 29
78 39
117 54
156 74
195 97
228 117
250 128
261 132
257 130
244 128
216 119
181 101
142 82
95 62
66 42
37 27
21 17
17 13
27 13
50 23
83 39
121 58
162 78
201 99
230 115
251 126
261 134
257 136
240 130
212 117
177 97
136 80
97 60
60 41
35 25
19 13
19 11
29 17
54 27
87 41
126 60
167 82
205 101
234 117
255 130
263 136
257 134
238 128
208 115
173 99
132 80
97 68
58 48
23 17
7 0
15 0
35 11
60 35
89 48
130 56
173 74
212 101
240 130
257 142
261 138
253 128
234 121
205 115
166 99
125 76
85 48
54 29
29 19
17 15
19 15
35 19
62 27
97 44
136 66
177 87
214 107
240 119
257 128
261 132
251 132
232 125
199 111
160 91
121 70
83 52
50 35
27 21
17 13
21 13
37 19
64 31
103 48
142 66
181 87
216 107
244 123
259 132
261 136
250 132
226 125
195 109
156 89
117 68
78 48
46 33
27 21
19 15
25 19
44 29
68 37
97 41
140 54
185 78
224 105
248 125
257 132
259 130
250 126
226 123
191 113
152 93
109 66
72 44
42 29
25 21
15 15
21 13
44 17
74 31
111 50
152 74
193 95
226 113
248 125
261 132
259 134
246 132
220 121
185 103
144 82
105 62
70 44
39 29
21 15
17 9
27 13
48 23
78 39
117 54
158 74
197 97
230 115
1 126
250 134
257 134
244 125
216 119
181 103
140 82
99 60
64 41
37 27
21 17
17 13
27 15
50 25
83 39
123 60
164 82
201 99
236 121
9 142
257 140
246 121
232 105
197 103
179 101
134 85
91 56
58 31
37 19
23 21
17 25
29 23
54 25
89 37
128 60
167 85
205 105
234 115
255 125
261 130
255 132
238 130
207 115
169 93
130 72
91 54
56 41
31 25
17 15
19 11
33 15
58 29
91 44
134 64
175 83
210 101
238 119
257 130
263 136
253 134
234 126
203 111
164 93
125 76
85 54
52 35
29 21
17 13
19 13
35 19
62 29
99 46
140 66
179 87
214 107
242 121
259 130
263 138
253 136
230 128
205 117
164 99
113 70
70 37
44 17
29 11
19 11
19 13
37 15
68 25
107 48
146 74
183 95
218 111
246 123
259 130
261 136
248 134
226 123
193 105
154 83
113 66
78 48
46 35
25 19
15 11
23 11
42 21
72 35
109 52
148 70
189 89
222 109
248 125
259 134
261 134
248 128
222 119
189 105
150 87
109 66
72 46
42 29
23 15
17 11
25 15
44 25
76 37
115 52
154 74
193 95
226 113
250 126
261 134
259 136
244 130
218 121
185 103
144 83
105 64
68 44
39 29
23 19
23 25
29 27
39 17
68 15
115 35
162 70
201 101
228 119
251 123
263 126
259 132
244 136
216 126
177 105
138 78
99 54
62 42
37 31
19 17
17 9
27 9
50 21
85 42
125 62
166 80
203 97
234 113
253 128
263 138
257 138
240 128
210 115
173 97
134 78
93 60
60 41
33 23
19 11
19 9
29 15
56 25
91 42
130 62
171 83
207 103
236 119
255 128
263 134
255 134
236 128
205 115
167 95
128 76
89 56
54 39
31 21
19 13
19 11
33 17
60 27
97 46
140 72
183 101
207 109
228 111
251 115
261 123
255 130
232 126
201 109
164 87
125 68
85 54
52 41
29 27
17 15
21 11
35 17
62 33
99 50
138 68
179 83
214 101
244 121
259 134
261 138
251 132
230 123
199 109
158 91
117 72
80 50
48 31
27 19
15 11
21 11
39 19
68 31
105 48
146 68
185 89
218 111
246 125
259 132
261 134
250 132
226 123
193 109
154 89
113 68
76 48
44 31
25 17
17 13
23 13
42 21
72 33
111 52
152 72
189 93
224 111
248 126
263 136
261 138
250 138
226 134
183 109
136 72
99 42
70 31
44 27
25 23
15 13
23 7
46 15
80 39
119 66
156 83
193 95
226 107
250 123
261 136
257 138
242 128
218 115
183 97
142 82
103 64
66 44
39 25
21 13
17 11
27 15
48 27
82 39
121 56
162 76
201 99
230 117
251 128
261 134
259 134
242 128
212 117
177 101
136 78
99 58
62 41
35 25
19 15
17 11
29 13
52 25
85 41
126 60
166 82
205 101
234 117
253 128
263 134
257 136
240 128
208 115
173 97
134 78
95 62
64 48
35 35
11 13
7 0
25 0
56 17
91 41
130 64
169 82
208 97
240 117
257 134
263 144
253 138
234 126
205 111
167 95
125 76
87 54
54 35
29 19
17 11
19 11
33 17
62 29
97 44
136 64
175 85
212 107
242 123
257 132
261 134
251 132
232 125
199 111
162 93
121 72
83 50
50 33
27 21
17 13
19 9
37 17
66 31
103 50
142 70
181 89
216 107
244 123
259 132
261 136
250 134
226 125
195 109
158 89
117 70
78 50
46 33
27 19
17 13
23 13
41 23
70 35
113 60
150 82
177 85
208 87
244 103
263 128
263 142
248 136
222 117
193 97
154 85
113 76
74 56
42 33
23 13
15 7
21 11
41 23
74 37
111 52
152 70
191 89
224 111
250 128
261 136
259 134
246 130
220 119
185 105
146 87
105 64
70 42
41 27
21 17
15 13
25 13
46 21
80 35
117 56
158 78
197 97
228 115
251 126
261 134
259 136
244 130
216 119
181 101
142 80
93 62
64 44
37 27
19 13
19 11
29 15
50 27
83 41
123 58
164 80
201 99
232 117
257 134
269 146
253 142
228 121
203 97
175 85
138 76
95 60
58 39
35 19
21 9
21 15
31 23
52 33
17 42
3 58
167 80
203 103
234 119
1 128
253 132
255 130
236 125
207 113
171 99
130 78
91 54
56 37
33 23
19 17
19 15
33 17
58 27
93 42
132 64
173 83
203 103
238 119
257 130
263 136
255 136
234 126
203 113
158 93
126 74
85 54
52 37
29 21
19 15
19 13
35 17
62 29
99 46
138 66
179 87
214 107
242 121
257 130
263 136
253 134
230 126
199 113
162 93
123 76
87 64
46 41
15 7
7 0
21 0
41 19
66 39
101 50
144 62
185 83
220 111
246 132
259 140
261 136
250 128
226 119
193 109
154 91
113 70
76 44
46 27
25 17
17 15
21 15
41 19
72 31
109 50
150 74
187 93
222 111
246 123
259 130
261 136
248 132
222 123
189 105
150 83
109 64
74 48
42 33
23 19
17 11
25 13
44 21
76 37
113 54
152 72
193 93
226 113
250 126
261 134
259 136
246 130
220 121
183 105
144 85
105 64
68 44
39 29
23 17
21 15
33 25
50 35
72 35
107 41
156 60
199 87
230 113
250 126
261 130
259 130
244 128
216 121
181 107
140 87
99 60
62 39
37 27
21 19
15 13
27 13
50 21
85 37
125 58
164 80
201 99
234 115
253 126
261 136
257 138
240 130
210 115
175 97
134 78
93 58
60 41
33 25
19 13
17 11
29 15
54 25
91 42
130 64
169 82
207 101
236 119
255 130
263 136
255 134
236 126
207 113
169 95
128 76
89 56
56 37
31 23
17 13
19 13
33 19
60 29
95 44
134 64
175 87
210 107
242 128
259 142
255 132
244 115
228 105
205 105
167 99
123 78
83 48
52 27
31 17
21 21
21 23
35 23
0 27
99 42
13 68
179 91
214 109
242 119
7 126
261 132
251 134
226 126
199 111
160 89
119 68
80 50
50 37
19 23
17 13
21 11
39 17
5 33
97 52
19 64
183 87
218 107
246 123
9 134
257 138
250 132
226 123
193 107
154 89
113 68
68 48
46 31
17 19
15 11
23 13
42 21
9 37
109 54
25 74
189 93
224 111
248 125
9 132
261 136
248 134
224 128
193 115
140 91
97 58
62 31
39 15
25 11
17 13
23 13
44 17
78 31
119 56
158 82
193 101
226 115
251 125
261 134
259 138
244 130
216 117
183 99
142 80
103 62
66 42
39 27
21 15
17 11
27 13
48 25
82 41
121 58
160 76
197 95
230 113
253 128
263 136
257 134
242 126
214 115
179 101
138 82
97 60
62 41
37 25
21 17
17 13
29 15
52 27
85 41
0 58
166 80
203 101
234 117
255 128
263 134
257 134
240 128
210 117
173 99
132 78
93 58
58 41
33 25
21 19
25 27
29 23
44 15
82 17
130 46
173 82
208 109
236 119
255 123
265 130
257 136
236 136
205 121
167 95
128 70
87 52
54 39
29 25
17 13
19 7
33 11
58 27
97 46
136 68
177 85
212 103
240 119
259 132
263 138
253 134
232 125
201 111
164 91
123 74
82 52
50 33
29 21
17 13
19 11
37 17
64 31
101 46
140 66
181 87
216 109
242 123
257 130
261 134
251 132
228 125
195 111
158 89
119 70
80 48
46 33
25 21
17 15
21 13
41 21
7 35
107 52
27 78
189 101
212 109
234 109
5 109
261 126
250 130
222 123
189 103
148 80
117 66
76 54
44 39
23 25
17 13
25 11
42 21
70 35
111 54
152 72
189 89
222 109
248 125
11 136
261 136
246 130
220 119
187 103
148 87
107 66
68 44
41 27
23 17
15 11
23 13
46 23
80 37
117 56
156 76
195 95
228 115
251 128
261 134
257 134
244 130
216 119
181 103
140 82
101 60
64 41
39 29
21 17
17 13
27 13
50 25
83 41
123 60
162 80
201 99
232 115
253 128
261 134
259 138
246 140
216 130
169 95
125 60
91 39
64 33
37 29
19 19
17 7
31 7
56 23
89 48
126 70
166 85
205 95
236 111
255 130
263 140
255 138
236 125
208 109
171 95
132 78
89 58
56 39
33 21
19 11
17 11
31 17
58 29
91 44
132 62
171 83
208 103
238 123
255 132
261 134
253 132
234 125
205 113
167 95
126 76
85 54
54 35
31 23
19 17
19 15
35 19
62 29
97 46
136 66
177 87
214 105
242 121
257 132
261 136
253 134
232 126
201 113
162 93
123 74
85 58
56 46
23 25
7 5
13 0
35 5
68 27
103 48
140 68
181 83
218 103
246 125
261 138
261 142
250 136
226 123
195 107
156 89
115 72
78 48
44 29
25 15
17 11
23 15
41 21
70 31
109 48
148 70
187 93
220 113
246 126
261 132
259 134
248 130
224 121
189 107
152 85
109 64
72 44
44 29
25 19
17 13
23 13
42 21
74 37
113 54
154 74
191 93
226 113
250 125
259 132
259 134
248 130
220 121
185 105
146 83
105 64
70 44
41 29
21 17
17 13
25 15
48 25
82 42
125 70
156 83
185 83
220 89
250 111
265 134
259 142
242 130
216 111
181 95
142 83
99 70
64 48
37 27
21 11
17 9
27 17
50 29
83 39
123 54
164 74
201 97
232 117
253 130
261 134
257 132
240 126
212 117
175 101
134 80
95 58
58 39
35 25
19 15
17 13
29 13
54 25
91 42
128 64
167 83
207 101
236 119
255 130
263 136
255 134
236 126
207 113
169 95
128 76
91 56
56 39
31 23
19 13
19 11
33 17
60 29
93 46
134 64
173 83
210 105
240 123
261 138
267 148
248 134
222 113
197 95
166 82
126 72
83 54
50 33
29 15
21 9
21 17
35 27
62 35
99 46
138 64
179 85
214 107
240 123
257 130
261 132
251 130
228 123
199 109
162 93
121 72
80 50
48 33
29 21
17 15
21 13
37 19
66 31
105 48
144 70
183 89
218 107
246 123
259 132
261 136
250 132
226 123
193 107
156 89
113 70
76 48
44 31
25 19
17 13
23 13
41 23
72 35
109 52
150 72
189 91
222 111
248 126
261 134
259 134
248 132
224 123
189 107
150 87
115 76
76 58
35 29
11 0
11 0
27 3
48 25
74 41
111 48
156 66
197 91
228 119
250 136
261 138
259 134
244 126
218 119
183 105
144 85
103 60
66 39
37 23
21 17
17 15
27 15
48 21
80 35
119 56
160 80
197 99
230 115
250 125
259 132
259 136
244 132
214 119
179 101
138 80
99 60
64 42
37 27
21 17
17 11
27 13
52 25
85 42
125 60
164 78
201 97
234 117
255 132
261 138
257 136
240 126
210 117
173 99
132 80
93 58
60 39
33 23
19 15
21 15
39 29
54 35
80 35
119 44
169 66
208 97
236 119
251 128
261 130
257 130
238 128
207 121
169 101
128 78
89 54
54 35
29 23
17 17
19 13
33 15
58 25
95 42
136 66
175 87
210 103
240 119
257 128
263 136
253 136
232 126
201 111
164 91
123 74
83 54
50 37
29 21
17 13
21 13
35 19
64 29
101 46
140 68
179 87
214 107
244 123
259 132
261 136
250 132
228 125
197 109
158 91
117 70
80 52
48 33
27 21
15 13
21 11
39 19
68 33
105 50
146 70
185 91
220 113
251 136
257 138
251 125
242 109
224 105
195 105
154 93
111 68
74 41
46 23
27 19
19 21
23 21
41 21
72 29
109 48
150 74
189 95
222 111
248 121
261 130
259 134
248 134
220 123
187 105
148 82
109 64
72 46
42 31
23 17
17 11
25 13
44 23
76 39
115 56
156 76
193 93
226 111
251 126
261 136
259 136
244 128
216 117
183 103
142 83
103 62
66 42
39 27
21 17
15 11
25 13
50 25
83 41
121 58
162 78
201 99
232 117
253 130
261 136
259 136
244 132
218 126
181 111
130 80
85 46
56 23
35 13
21 13
17 13
27 13
54 21
89 37
128 64
167 85
203 103
234 119
255 128
261 136
255 136
238 128
208 113
171 93
132 74
91 56
58 39
31 23
19 13
19 9
31 17
56 31
91 44
132 64
171 83
208 95
238 121
255 132
261 136
253 132
234 125
205 113
167 97
126 76
87 54
54 37
31 23
17 15
17 13
33 15
62 27
97 44
136 66
175 87
212 105
242 121
257 132
261 136
253 134
232 126
201 111
162 91
121 72
83 54
52 39
29 25
21 21
25 25
31 19
52 13
95 25
142 56
185 91
216 113
242 121
259 125
263 132
253 138
228 134
195 113
156 87
117 64
78 48
46 35
23 21
17 9
23 7
41 17
68 33
107 52
148 72
187 91
220 109
246 125
261 136
261 138
248 132
222 121
191 105
152 87
111 68
74 46
42 29
23 15
17 13
23 15
42 23
74 35
113 52
152 72
191 91
224 111
250 126
261 134
261 136
246 132
220 121
187 105
146 85
105 64
68 44
41 27
23 19
17 13
25 15
48 25
80 39
121 60
166 89
195 105
218 109
240 109
259 119
259 126
244 128
214 119
181 97
142 76
103 62
66 48
37 35
19 21
17 11
29 13
50 25
82 41
123 56
162 76
201 95
232 113
251 126
261 134
257 134
240 126
212 115
175 99
136 82
95 60
60 41
35 25
19 15
17 15
29 15
54 25
87 41
128 60
167 82
205 101
234 117
255 128
263 136
255 134
236 126
208 115
171 99
130 78
89 56
56 39
33 25
19 15
19 11
31 17
58 27
93 44
132 64
171 82
210 103
240 123
257 134
261 138
255 136
240 138
203 121
154 83
115 50
83 35
56 33
31 27
15 15
19 7
37 9
64 29
99 54
140 76
177 89
212 103
242 117
257 130
261 140
250 134
230 123
197 105
160 89
121 72
82 54
48 33
27 19
17 9
21 13
37 21
66 31
103 48
144 68
183 89
218 109
244 123
259 132
261 134
250 130
226 123
195 107
156 89
115 68
76 48
46 31
25 21
17 13
21 13
41 19
70 33
109 52
148 74
187 91
222 109
248 125
261 136
261 138
248 132
224 123
189 107
150 87
111 70
78 52
48 41
17 21
3 0
17 0
44 9
78 33
113 54
150 70
193 87
230 111
251 130
261 142
259 140
246 132
220 119
183 103
144 85
103 64
68 42
39 23
21 13
17 11
27 15
48 23
80 37
119 54
160 76
199 99
228 115
251 126
261 132
257 134
242 130
214 119
179 101
140 82
99 60
62 42
37 27
21 15
17 11
27 13
50 23
85 41
125 60
164 80
201 99
234 115
255 128
263 136
255 134
240 126
212 117
175 101
134 80
93 58
60 39
35 25
19 15
17 13
29 15
56 27
95 50
134 76
164 83
195 83
230 93
257 117
265 138
255 140
234 125
207 105
171 91
130 80
89 64
56 44
31 23
17 9
19 11
33 21
58 33
93 42
132 58
175 80
210 103
240 123
257 130
261 134
255 132
234 126
201 113
164 93
125 72
85 52
52 35
29 21
19 13
21 13
35 17
62 29
99 44
140 66
179 87
214 105
244 121
259 132
263 138
251 134
228 125
199 109
158 91
119 70
80 50
48 33
27 19
17 13
21 13
39 19
68 33
105 50
144 70
185 89
220 109
248 128
267 144
261 144
240 126
216 107
189 91
156 82
115 68
74 46
44 27
27 15
19 13
25 19
42 29
72 37
109 50
150 70
189 91
222 113
248 125
259 130
261 132
246 128
222 121
187 107
150 85
107 64
70 44
42 31
23 19
17 15
25 15
44 21
76 35
115 54
156 76
193 95
226 111
250 125
261 134
259 136
244 130
216 121
183 103
144 83
103 64
66 44
39 29
21 17
17 11
25 13
48 23
82 39
121 58
162 78
197 97
230 115
251 128
261 134
259 138
242 132
214 119
177 101
138 82
103 70
64 52
27 19
9 0
13 0
33 9
56 31
83 44
123 54
166 70
207 97
236 125
253 140
261 140
257 130
240 125
208 115
171 99
132 80
93 54
58 33
33 21
19 15
19 13
31 17
56 25
89 39
132 60
171 83
208 103
236 119
255 128
261 134
253 134
236 126
205 113
167 93
128 74
87 54
54 37
31 23
17 13
19 11
33 15
60 29
95 46
136 66
175 83
210 103
242 119
259 132
263 138
251 134
230 125
201 111
164 93
123 74
83 54
50 35
29 21
17 13
23 17
44 29
64 37
89 41
132 50
179 72
218 103
244 125
257 132
259 130
253 128
232 125
197 115
158 95
117 70
80 48
48 31
25 21
13 13
19 11
41 17
70 31
105 48
146 70
187 91
220 109
246 123
259 132
261 138
248 132
224 123
191 103
152 85
113 68
74 46
44 31
25 17
17 11
23 13
42 21
74 35
111 52
152 72
189 91
224 111
250 125
261 134
259 136
246 130
220 119
187 103
146 85
107 64
70 44
41 29
23 17
17 13
25 13
46 21
80 37
119 56
158 78
195 99
230 117
255 138
259 140
248 123
236 107
216 105
185 103
142 89
99 62
64 37
39 21
23 19
17 21
27 23
50 25
82 35
121 54
162 80
201 101
230 115
251 123
261 128
257 132
242 132
214 119
175 99
138 76
97 58
62 42
35 29
19 17
17 11
29 13
52 25
85 41
126 60
167 80
205 99
234 117
255 128
261 136
257 134
238 128
208 113
171 97
130 78
91 56
58 39
33 25
19 15
17 13
31 17
58 27
91 44
132 64
173 83
208 103
238 119
257 132
263 136
253 136
236 128
208 121
169 105
119 76
76 42
48 19
31 11
19 11
17 11
33 13
62 23
101 42
140 70
177 93
214 109
242 121
257 130
261 136
251 134
230 126
199 109
160 87
121 68
82 50
50 35
27 21
17 11
21 11
39 21
66 35
101 48
142 68
183 85
216 103
244 123
259 134
261 136
250 132
228 123
195 107
156 89
115 62
76 48
46 29
27 19
17 13
21 15
33 21
70 33
109 50
15 70
187 91
220 111
248 123
9 132
261 136
248 134
224 123
191 107
152 87
111 66
74 48
44 33
25 21
19 17
29 27
37 21
62 15
99 31
154 60
195 95
224 117
248 125
11 126
261 132
248 136
220 130
185 109
144 80
64 56
70 42
41 33
21 21
15 9
25 9
46 19
80 39
117 58
158 76
197 93
228 111
251 126
261 136
259 138
244 130
214 115
179 99
140 82
101 62
64 42
37 25
21 15
17 11
29 15
50 25
83 41
125 58
164 78
201 99
232 115
253 126
263 134
257 136
240 128
210 117
177 99
136 80
95 60
60 41
33 23
21 15
19 13
31 15
54 27
89 42
130 66
175 93
205 109
226 115
246 113
257 119
257 126
238 126
205 115
169 91
130 70
93 54
58 42
31 31
17 17
19 9
33 13
58 29
91 46
132 64
173 80
210 99
238 117
255 130
261 136
253 130
234 123
205 111
166 95
125 76
85 54
52 35
29 21
17 13
19 13
35 17
62 29
99 44
138 64
179 87
214 107
240 121
257 130
261 134
253 134
230 126
199 113
160 91
119 72
80 50
48 33
29 21
17 15
21 13
37 17
66 31
103 50
144 72
183 91
218 107
246 123
261 134
261 138
250 134
232 132
193 117
146 82
103 48
74 29
48 27
27 25
15 17
21 7
41 11
74 31
111 60
150 82
187 95
222 107
248 121
259 134
259 138
246 132
222 117
187 99
148 82
109 66
72 48
42 29
23 15
17 9
25 15
44 25
74 37
113 52
154 72
195 95
226 113
248 126
261 132
261 134
246 130
218 121
183 103
144 83
105 62
68 42
39 27
21 17
17 13
27 15
48 23
80 37
119 56
160 76
199 95
230 113
253 126
261 134
257 134
242 128
214 117
179 101
138 83
99 62
66 46
44 39
17 19
5 1
19 0
50 9
87 37
125 60
162 78
203 93
236 111
257 130
263 144
257 142
238 130
210 115
173 97
132 80
93 60
58 39
33 21
17 9
17 9
31 17
54 27
89 41
130 60
171 82
207 103
236 121
255 130
261 134
255 134
236 128
205 115
167 95
128 74
89 54
56 37
29 23
17 13
19 11
33 15
58 29
95 44
136 64
175 85
210 103
238 117
255 126
263 136
253 136
232 126
203 111
164 93
125 74
83 54
52 37
29 21
17 13
21 11
35 17
64 31
103 52
146 80
177 93
203 91
234 99
259 117
265 136
250 138
228 123
199 103
162 85
121 74
80 60
48 41
27 21
17 9
21 11
39 21
66 35
103 48
144 62
185 83
220 109
246 126
259 134
261 134
250 130
226 123
191 109
152 89
113 68
76 46
44 29
23 19
15 11
23 13
42 19
72 33
111 52
152 74
189 95
222 111
248 125
261 134
261 136
246 132
220 121
187 103
148 83
107 64
70 44
41 29
23 17
17 13
23 13
44 19
78 35
117 56
158 78
195 97
228 115
251 130
269 144
261 146
236 130
207 105
177 83
142 72
103 60
64 42
37 23
21 9
19 7
29 17
50 29
80 41
121 56
162 76
199 97
230 117
251 128
261 132
257 130
240 125
214 115
177 101
138 80
97 58
62 41
35 25
19 17
17 13
29 15
52 23
85 39
126 60
167 82
205 101
234 117
255 126
263 134
257 136
238 128
208 115
171 95
132 76
91 58
58 39
33 25
19 13
17 11
31 15
56 25
93 44
132 66
171 85
207 103
238 119
257 130
263 138
253 136
234 126
205 113
167 95
126 76
89 60
58 48
25 23
5 0
11 0
35 5
64 33
97 54
9 64
171 76
216 99
244 126
7 142
257 142
251 128
232 117
201 109
162 95
121 74
82 48
50 29
27 15
17 13
19 13
39 17
66 31
95 46
17 68
173 91
218 109
236 123
9 130
261 134
250 132
228 125
195 107
158 87
117 68
78 48
46 33
25 19
17 11
23 13
41 19
70 33
107 50
148 72
187 93
220 111
246 123
261 132
261 136
248 130
222 121
191 107
154 89
111 70
74 48
44 31
25 21
17 15
27 19
50 33
76 44
103 48
140 56
187 76
228 105
250 126
259 134
259 130
248 125
224 119
189 111
146 93
105 68
70 42
41 27
23 19
15 15
23 13
46 19
80 35
117 54
158 76
197 95
228 113
251 126
261 134
259 134
244 130
216 119
181 101
140 80
93 62
64 44
37 27
19 13
15 7
29 13
52 27
83 41
123 58
164 78
201 99
232 117
251 130
261 136
257 134
236 128
212 115
175 99
128 80
95 60
60 39
35 23
19 13
19 13
31 19
54 29
89 42
128 62
169 83
205 103
236 119
261 140
265 148
246 128
226 105
205 93
173 91
132 83
89 60
56 33
33 15
21 13
19 19
31 25
56 31
93 41
132 60
171 83
208 107
238 121
257 126
261 130
253 130
234 126
203 115
158 93
125 70
87 52
54 37
29 23
17 13
19 11
35 17
62 29
97 46
5 66
179 87
214 107
242 121
257 130
263 136
253 134
230 125
199 109
160 91
121 72
82 50
48 33
27 19
19 13
21 13
37 19
66 31
103 48
144 68
183 91
218 109
244 123
261 132
261 136
251 134
226 125
197 113
162 99
113 74
66 41
37 13
23 3
19 7
23 13
39 19
70 29
111 46
152 72
189 97
222 117
248 126
261 132
259 134
248 132
222 125
189 107
148 83
109 60
72 44
42 31
23 19
17 11
23 11
44 21
74 37
113 54
154 74
193 95
224 113
248 126
261 134
259 136
246 130
218 119
183 101
144 82
105 62
68 44
39 29
21 17
17 11
25 13
48 23
80 39
119 58
160 78
189 97
230 113
1 126
263 134
259 136
242 128
214 115
179 101
140 82
99 62
64 42
37 25
21 17
17 15
33 27
50 33
74 29
113 35
164 62
205 97
234 123
253 130
261 128
259 128
242 130
212 126
173 107
132 78
93 52
60 37
33 27
17 19
15 11
31 11
56 23
89 42
128 64
169 83
207 101
236 115
255 128
261 136
255 138
236 128
207 113
167 95
128 76
89 56
54 37
31 21
17 11
19 11
33 19
58 29
93 44
134 64
175 83
210 105
240 121
257 130
263 134
253 132
232 125
203 111
166 93
125 74
85 54
52 37
29 23
17 15
21 13
35 19
62 31
101 48
140 70
183 93
220 119
236 123
248 119
255 119
251 121
230 121
197 111
158 89
119 64
82 46
50 37
29 27
17 17
21 11
39 17
68 31
105 52
144 72
183 87
218 103
246 121
259 134
261 138
250 132
226 121
193 107
154 89
113 70
76 48
46 31
23 17
15 11
23 13
41 21
72 35
109 52
150 72
189 91
222 111
248 125
259 132
261 136
248 132
222 123
187 105
148 85
109 66
70 46
41 29
23 17
17 11
25 13
44 21
76 35
115 54
156 74
195 95
228 115
1 128
255 136
259 138
246 132
222 125
189 117
138 87
91 46
58 17
39 11
25 17
17 19
17 15
48 15
83 31
0 60
162 89
197 105
230 115
3 123
263 132
257 138
224 125
212 115
177 95
130 76
97 60
62 42
37 29
21 13
17 9
29 13
52 27
87 42
0 60
166 78
203 95
234 117
1 130
255 136
257 134
125 126
203 113
171 97
125 78
93 58
58 39
33 23
19 15
19 13
31 17
56 27
89 41
132 62
171 85
207 105
236 119
255 128
263 134
255 136
236 128
205 115
167 95
128 76
89 56
56 41
37 33
23 25
11 11
21 1
54 11
97 35
138 64
175 85
208 99
242 113
261 128
265 142
253 140
230 130
203 111
164 91
123 72
82 52
50 35
29 19
17 9
19 9
37 19
64 33
101 48
142 66
181 85
216 105
244 123
259 134
261 138
251 132
228 123
197 109
158 89
117 70
80 48
46 31
27 19
17 13
21 13
39 21
68 31
105 48
146 70
187 91
220 109
244 123
261 132
261 136
248 132
224 123
191 107
154 87
113 68
74 48
44 31
25 19
17 13
25 15
42 23
74 35
113 54
156 78
195 105
216 109
238 107
255 111
263 125
250 136
220 126
185 103
148 78
109 60
72 50
41 39
21 23
17 9
25 9
44 19
76 39
117 58
156 76
195 91
228 109
251 126
261 138
259 138
244 128
216 115
181 101
142 83
101 62
66 42
37 25
19 13
17 9
29 17
50 27
82 41
121 56
162 78
201 99
232 117
251 128
261 134
257 134
240 128
212 117
175 99
136 80
97 58
60 41
35 25
19 15
17 11
31 15
54 27
87 42
128 62
167 82
205 101
234 119
255 132
265 140
263 146
238 134
199 109
162 80
128 60
93 50
58 39
31 23
17 9
19 5
35 15
60 33
93 52
130 68
173 83
208 101
238 119
255 132
259 136
251 128
234 123
205 111
166 97
126 76
87 54
54 35
31 21
17 15
17 13
35 17
62 29
97 46
136 66
177 87
214 107
242 121
257 130
261 136
251 132
230 125
199 109
162 91
123 72
82 52
50 33
27 21
17 11
21 13
39 21
66 33
101 50
142 68
183 89
216 109
244 123
259 132
261 136
250 134
226 123
195 109
158 89
117 70
78 50
50 41
29 31
9 9
9 0
35 0
74 25
111 56
148 76
185 87
220 99
250 121
263 140
261 146
246 134
224 117
191 101
150 87
109 70
70 46
42 27
23 13
17 9
23 13
44 23
76 37
113 52
154 72
191 95
226 115
250 126
261 134
259 134
246 130
220 121
185 103
144 82
105 60
70 42
41 29
21 19
17 11
25 13
48 21
80 37
117 56
160 76
197 95
228 113
251 126
261 134
259 136
242 128
216 117
181 103
140 83
101 62
64 44
37 27
21 17
17 13
29 17
54 29
89 48
123 64
154 72
193 83
230 101
255 123
263 136
255 134
238 123
214 111
177 99
136 83
95 64
58 41
35 21
21 15
17 13
29 17
54 25
89 39
128 58
167 80
205 101
236 117
255 126
263 134
255 134
236 128
207 117
169 97
128 76
89 54
58 39
33 25
17 15
17 9
33 17
58 29
93 44
132 64
173 83
203 101
240 119
257 130
261 136
253 134
232 125
203 111
158 93
125 74
85 54
52 35
29 21
19 15
19 15
35 19
62 31
99 46
140 66
179 87
214 107
242 123
259 134
265 148
251 142
218 115
187 85
160 72
123 68
82 58
44 33
25 13
21 5
25 15
39 29
66 41
103 50
144 64
183 85
216 109
244 126
259 134
261 130
248 126
226 121
195 109
156 91
113 68
76 46
46 29
27 21
15 15
21 11
42 19
72 33
109 52
140 72
189 91
222 111
248 125
259 134
261 136
248 132
222 121
189 105
148 83
109 66
72 46
42 31
23 17
17 9
23 13
44 23
76 37
113 54
156 74
195 95
226 113
250 126
261 134
261 136
244 132
218 121
185 105
148 89
109 72
62 46
27 17
13 0
17 0
27 9
46 23
80 37
121 52
162 74
201 97
232 121
253 134
261 138
257 132
242 128
214 117
179 103
138 82
97 58
62 37
37 25
19 17
17 13
29 15
52 23
85 41
125 60
166 80
203 99
234 117
253 128
261 134
255 132
240 128
210 115
173 99
125 78
95 58
60 39
33 25
17 15
19 11
31 15
56 29
89 42
128 62
169 82
208 101
236 121
255 130
263 136
255 134
236 128
205 115
167 93
128 76
89 56
56 39
31 23
19 15
19 15
37 23
66 42
91 50
123 50
167 60
210 87
242 119
259 138
261 136
253 126
234 121
205 115
166 103
123 82
82 52
52 31
29 21
17 17
17 17
35 17
64 25
99 42
140 66
179 89
216 107
244 121
259 130
261 136
250 132
230 126
199 111
158 89
117 68
80 48
48 33
27 21
17 13
21 11
39 19
68 33
107 50
144 70
185 89
220 107
246 123
259 132
261 136
250 132
224 123
191 105
152 85
115 68
76 50
44 31
23 17
17 11
25 15
44 23
72 37
111 52
152 74
193 95
228 121
251 136
253 132
250 123
240 113
220 109
189 101
148 85
105 62
70 41
42 25
25 21
17 21
25 19
44 21
76 33
117 52
156 78
193 97
226 111
250 123
261 132
259 136
242 132
218 121
183 101
144 82
103 62
66 44
37 29
21 17
17 13
27 15
48 23
82 39
121 58
160 76
199 97
232 115
251 130
261 136
257 136
242 128
214 117
177 101
136 80
97 58
62 39
35 25
19 17
17 13
29 15
52 23
87 41
126 60
167 82
205 103
236 117
255 130
263 136
257 136
238 130
208 117
177 103
136 87
87 58
48 23
25 1
21 3
23 15
33 23
56 27
91 37
134 58
173 87
208 111
236 125
257 128
263 130
253 132
232 128
205 115
160 93
126 72
87 52
54 37
31 25
15 15
19 11
33 15
60 29
97 46
136 66
175 85
212 105
240 119
257 132
261 136
251 134
232 125
199 109
162 89
123 72
83 52
50 35
27 19
17 13
21 13
37 21
64 33
101 46
142 66
183 89
216 109
244 123
257 132
261 134
251 132
228 125
195 109
158 89
117 70
78 50
48 35
29 23
23 23
23 21
31 17
58 17
103 33
150 62
187 91
218 111
244 119
261 126
263 136
250 138
224 128
191 109
152 85
111 64
72 46
42 31
23 19
15 9
23 11
42 17
74 35
113 54
152 72
191 91
226 111
250 126
261 136
259 136
246 130
220 119
185 103
146 85
105 64
70 44
41 27
21 15
15 13
27 15
46 23
78 37
117 54
158 74
197 97
230 117
251 128
261 134
259 134
244 130
216 119
179 103
140 82
101 62
64 42
39 27
19 15
17 13
29 15
50 25
83 41
123 60
164 82
205 107
234 126
246 125
251 115
253 115
242 121
214 121
175 103
134 76
95 50
62 37
37 31
19 25
17 15
29 13
54 21
87 41
126 64
166 82
205 97
236 111
255 126
263 138
255 138
238 126
208 113
171 97
130 80
89 58
56 39
33 21
19 13
17 11
31 17
58 29
93 42
132 62
173 83
208 101
238 119
257 130
263 136
253 134
234 125
205 113
166 95
125 76
85 54
54 37
29 23
17 13
19 13
35 17
62 29
97 46
138 64
179 87
214 107
242 121
259 130
265 136
255 140
238 138
197 117
152 85
111 54
78 37
50 29
27 19
15 11
21 7
39 13
68 31
107 54
144 76
183 91
216 105
244 119
259 132
261 138
250 134
224 121
193 103
156 87
115 70
76 50
46 31
27 17
17 11
21 15
41 23
72 35
109 52
150 72
187 91
222 111
246 125
259 132
259 134
248 132
224 123
189 109
150 87
109 66
74 48
42 31
23 19
17 11
25 13
44 21
76 37
113 54
154 74
193 93
226 111
250 125
259 134
259 134
246 130
220 121
183 105
144 83
105 64
70 46
39 31
27 27
17 21
17 7
37 1
76 17
121 50
162 83
197 101
228 109
253 119
265 134
259 144
242 138
214 119
179 97
140 80
99 62
62 44
35 27
21 13
17 7
27 13
50 25
83 42
125 58
164 76
203 97
234 117
253 132
263 136
257 134
240 126
210 115
173 99
132 78
93 56
60 37
35 25
19 17
17 13
31 15
56 27
89 42
130 62
169 80
207 101
238 117
255 130
261 136
255 136
236 126
205 113
169 97
130 76
89 56
54 39
31 23
19 15
19 13
33 19
60 31
99 50
142 78
171 89
199 95
230 103
255 115
263 130
253 134
232 126
201 107
166 89
128 74
87 60
52 42
29 25
17 11
21 11
35 19
60 31
99 48
138 64
179 83
214 103
242 121
259 132
263 136
253 132
230 125
197 111
160 91
119 72
80 50
48 33
27 21
17 13
21 13
39 17
68 31
105 48
144 70
183 89
220 107
246 123
259 132
261 136
250 130
226 123
193 107
154 87
113 66
76 48
46 33
25 21
17 13
25 13
42 21
72 37
109 52
150 72
189 91
224 111
248 126
261 134
263 140
253 144
220 128
175 91
138 62
107 48
74 44
42 35
21 19
17 3
29 7
46 25
76 44
115 62
156 76
195 91
226 111
0 128
261 138
259 136
244 126
216 115
183 101
142 83
95 64
62 33
39 25
21 15
17 13
27 15
48 25
82 39
121 56
162 78
199 97
230 115
251 126
261 132
257 132
242 128
214 119
177 101
138 80
97 58
64 41
37 27
19 17
17 11
29 13
52 25
87 42
126 62
166 82
203 99
234 117
253 130
261 138
257 136
240 128
210 117
173 97
134 80
97 66
64 50
27 25
7 1
11 0
33 5
58 25
89 42
128 58
169 76
210 101
240 123
257 138
261 140
255 134
236 125
205 113
167 97
126 76
85 50
54 31
31 19
17 13
19 11
35 17
62 29
95 44
136 66
177 87
212 107
240 121
257 132
261 136
253 134
232 126
201 111
164 93
123 72
83 50
50 33
27 19
17 11
21 13
37 21
64 33
101 48
140 68
181 89
216 107
244 123
259 132
261 134
251 132
228 123
197 109
158 89
117 68
80 48
48 33
27 21
17 11
23 13
41 21
74 39
113 64
142 74
175 74
212 85
248 111
263 134
261 142
246 130
224 113
193 101
156 91
113 78
74 54
42 29
25 13
17 11
21 17
41 23
72 33
111 48
152 68
191 93
224 115
250 128
261 132
259 134
246 130
220 123
187 107
148 85
107 64
68 42
41 29
23 17
17 11
25 13
46 21
78 35
117 54
158 78
195 97
228 113
250 125
263 134
259 136
244 132
216 119
181 101
142 82
101 62
66 42
37 27
21 15
17 11
27 15
50 25
83 41
123 58
164 80
201 99
232 119
257 136
265 144
250 134
230 117
207 101
177 89
138 78
95 60
60 37
35 19
23 13
21 17
29 23
52 31
85 41
126 58
167 80
203 103
232 117
253 126
261 130
255 130
238 126
208 115
173 99
132 76
91 56
56 39
33 25
19 15
17 13
31 15
58 27
91 42
132 64
171 83
208 101
238 119
257 130
263 136
255 134
234 126
205 113
166 93
125 74
87 52
54 35
31 23
19 15
19 13
35 17
62 29
97 44
136 66
177 85
214 107
242 121
257 130
263 136
253 134
232 128
199 113
160 91
126 78
87 66
42 37
15 3
11 0
23 0
41 23
66 39
99 44
142 58
187 85
220 115
244 134
259 138
261 132
251 128
226 123
193 111
156 91
117 68
78 44
44 29
25 19
17 15
23 15
41 19
70 31
109 50
148 74
187 91
220 107
248 123
261 134
261 138
248 132
222 121
191 105
152 87
109 66
72 46
44 31
25 19
17 13
23 13
44 21
76 37
113 54
152 74
193 93
226 113
250 126
259 134
259 134
246 130
220 121
185 105
146 85
107 64
70 44
41 29
21 19
19 15
33 25
48 33
70 33
107 39
156 58
199 87
230 115
248 126
261 128
261 130
246 128
216 123
181 109
140 85
101 60
64 41
35 27
19 17
17 13
27 13
50 21
83 35
123 58
164 80
201 99
232 115
253 126
263 136
257 136
240 130
210 115
175 97
126 78
93 58
60 39
33 23
19 15
19 13
31 17
54 27
89 42
128 62
169 82
205 101
236 117
255 128
263 136
255 134
236 126
208 115
169 97
128 78
89 56
56 39
31 23
17 13
19 13
35 17
60 31
95 46
134 64
175 85
212 107
246 130
259 142
253 130
242 111
230 105
205 105
166 99
123 74
83 48
54 29
31 21
19 21
19 23
35 21
62 27
97 41
136 64
179 89
214 109
242 119
257 126
261 132
253 134
230 126
197 111
160 89
119 70
80 52
48 35
27 23
17 13
21 11
39 17
66 33
105 50
144 70
183 87
216 105
244 121
259 132
261 134
250 132
226 123
193 107
154 87
115 70
78 50
46 33
25 19
17 11
23 11
42 21
72 33
109 52
142 70
191 91
224 113
248 126
261 134
261 136
250 134
226 126
195 117
146 91
99 56
64 29
41 17
23 13
17 13
23 13
44 17
78 31
117 54
158 82
193 101
226 115
250 125
261 132
259 136
244 132
216 119
183 99
144 80
103 62
66 44
37 29
21 13
17 9
27 13
48 25
80 39
121 56
160 76
199 95
228 113
251 128
261 136
259 134
242 128
214 115
177 99
140 80
99 62
62 41
35 25
21 15
17 13
29 15
52 25
85 41
125 58
164 78
203 99
234 117
253 128
261 134
255 132
240 128
212 117
173 99
132 80
95 58
60 41
33 27
19 19
23 23
31 25
46 17
80 21
126 42
173 80
208 109
236 123
255 123
263 128
257 136
236 136
205 121
167 95
128 70
89 52
54 39
29 25
17 13
19 9
33 11
58 27
95 46
136 66
175 83
210 101
240 119
257 132
263 138
253 136
232 125
201 109
164 93
123 76
82 52
50 33
29 19
17 13
19 11
37 19
64 31
101 46
140 66
181 87
216 107
244 123
259 132
261 134
251 132
228 123
197 111
158 91
117 70
80 50
48 33
27 21
17 13
21 13
41 21
70 33
107 50
150 74
189 99
216 113
236 115
251 117
259 123
251 128
224 125
189 103
152 80
115 64
78 50
44 39
23 23
15 13
23 11
42 19
72 35
109 54
150 70
189 87
222 107
248 125
261 136
259 138
246 130
220 119
187 103
148 85
107 66
70 44
41 25
21 15
17 11
25 15
44 23
76 35
115 52
156 74
195 95
226 115
250 126
261 134
259 134
244 128
216 117
183 103
142 83
101 62
66 42
39 27
21 17
17 13
27 15
48 25
82 39
121 58
160 76
199 97
232 117
253 130
263 136
257 136
244 134
218 130
175 107
125 66
87 33
62 23
41 25
21 23
15 11
29 7
56 19
89 44
126 70
166 89
205 99
234 111
253 126
261 138
255 138
236 126
208 109
173 93
125 78
91 60
58 41
33 21
19 11
19 11
33 19
56 31
91 42
132 60
171 82
208 103
236 119
257 130
263 134
253 132
234 125
205 113
167 97
126 76
85 54
54 37
31 23
17 17
19 13
33 17
62 27
95 44
136 64
177 87
214 107
242 123
257 132
263 136
253 134
232 126
201 113
162 93
123 72
83 54
56 42
33 33
11 13
9 0
29 0
66 19
103 46
140 68
179 85
216 101
246 121
261 136
261 142
251 138
228 125
195 107
156 89
115 72
78 50
46 31
25 15
17 9
21 11
39 21
70 33
107 48
146 68
187 91
220 111
248 125
261 134
261 136
248 132
224 121
191 107
152 87
111 68
72 46
42 29
23 17
17 13
23 13
44 21
74 35
113 54
154 74
191 91
226 111
250 126
261 134
259 136
246 130
220 121
185 105
146 85
105 64
70 44
41 29
23 19
17 13
25 15
46 23
80 39
121 62
164 87
191 99
216 99
244 105
263 123
261 138
242 134
214 115
181 93
144 76
103 66
66 52
37 33
19 15
17 7
27 13
48 27
82 41
121 54
164 72
201 95
232 115
251 130
263 134
257 134
240 126
212 115
175 99
136 80
95 58
60 37
33 21
21 15
19 13
29 17
52 23
87 39
128 60
169 83
205 103
236 117
255 128
263 136
255 136
236 128
207 115
171 95
130 76
91 56
56 37
31 23
19 13
19 11
31 15
58 25
95 44
134 64
173 85
208 105
240 121
259 134
269 146
255 144
226 123
193 97
162 78
126 64
87 52
52 35
27 17
17 7
21 9
37 21
64 37
97 50
138 66
179 83
214 105
240 123
255 130
261 134
251 130
230 123
197 109
160 91
121 72
82 50
48 33
27 19
17 13
21 15
37 21
66 31
103 48
142 68
183 89
216 107
244 123
259 132
261 136
250 132
226 123
193 105
154 87
115 68
78 50
44 33
25 19
17 11
23 15
41 21
70 33
109 50
150 70
187 91
222 109
248 125
261 134
261 138
248 130
222 123
189 107
152 89
109 68
76 54
46 42
15 15
5 0
17 0
48 11
80 41
113 60
152 70
193 85
230 109
251 134
261 144
259 140
246 128
218 115
183 103
142 87
103 66
66 41
39 21
21 11
17 11
25 15
48 25
80 37
119 54
160 78
197 99
230 117
251 126
261 132
259 134
242 130
214 117
179 99
140 80
99 60
64 41
37 25
21 15
17 11
27 13
52 25
85 39
125 58
164 80
203 99
234 117
255 130
263 136
257 134
238 126
210 115
173 99
132 78
93 56
60 39
35 25
19 17
19 15
33 19
64 37
89 50
119 56
160 66
205 85
238 111
255 130
259 136
253 128
238 121
210 115
171 103
128 83
89 58
56 35
31 21
17 15
17 13
33 17
60 25
93 41
134 62
173 85
210 105
240 119
257 128
263 134
253 134
234 128
201 111
164 91
125 72
85 52
52 37
29 23
17 13
19 11
35 17
62 31
99 48
140 66
179 85
214 105
242 121
259 132
263 136
251 134
228 123
197 109
156 91
119 72
80 50
48 33
19 21
17 13
21 13
39 17
5 29
105 50
21 64
185 91
218 109
246 126
15 146
251 146
238 123
214 97
193 87
158 83
115 74
74 50
44 23
27 11
19 11
25 23
42 31
72 35
109 46
150 68
189 93
220 113
246 123
261 128
259 130
248 130
222 123
187 107
148 85
109 64
72 44
42 31
23 19
17 11
25 11
44 19
76 35
115 54
156 74
195 93
226 111
250 125
261 134
259 136
244 130
216 117
183 101
144 83
103 64
