780000 10000000 163577 12
19 17
5 5
27 9
76 31
140 62
201 97
248 123
271 140
263 142
228 128
173 109
111 80
44 39
3 1
1 0
33 1
87 33
150 68
208 99
253 121
273 136
261 142
218 130
158 101
95 62
42 31
11 11
9 9
41 19
95 41
162 70
220 103
259 128
269 140
253 138
208 119
146 89
83 56
35 29
9 11
13 7
50 19
107 46
173 80
228 111
263 132
269 140
248 134
199 115
134 83
74 50
27 23
9 9
19 9
58 25
119 52
185 85
238 117
267 136
267 140
240 130
187 107
125 76
64 44
21 19
7 7
25 11
68 29
130 56
197 91
246 123
271 142
265 142
236 134
183 119
109 76
42 25
7 0
7 0
33 13
80 39
140 64
205 87
253 119
273 144
261 148
222 130
166 97
101 60
46 33
11 15
9 9
37 15
87 35
154 66
214 103
257 132
271 142
255 136
214 117
156 91
91 62
39 33
9 11
13 5
44 17
101 44
166 78
222 107
261 130
271 140
251 136
205 117
142 89
80 54
31 25
7 7
15 5
54 23
113 52
175 82
232 113
265 134
269 142
244 134
193 113
132 82
70 48
25 21
7 7
21 9
64 27
125 56
189 89
242 121
275 148
269 152
228 128
171 91
115 56
62 33
19 17
3 5
25 7
74 25
138 60
201 99
246 126
271 142
263 140
228 128
171 101
107 70
52 39
13 13
7 1
31 9
83 35
148 66
208 99
253 123
271 138
259 140
218 123
162 97
99 62
42 33
11 11
9 7
41 17
93 41
160 72
218 105
257 128
271 140
253 136
210 119
150 89
87 56
37 29
9 9
13 7
46 19
105 44
169 78
226 109
261 132
269 140
250 136
201 115
138 85
76 52
31 25
9 9
17 9
56 25
117 52
181 85
240 123
267 148
259 138
230 111
187 87
130 70
68 52
23 25
5 3
23 1
68 25
130 62
193 101
242 125
267 134
265 134
234 128
179 109
115 76
56 39
17 11
7 1
27 11
76 33
140 64
205 95
250 123
269 138
261 142
226 126
169 101
105 68
48 35
13 13
9 7
35 13
85 35
152 68
214 103
255 128
271 140
250 138
216 121
158 95
93 62
41 33
9 11
11 5
42 17
99 42
162 74
220 107
259 128
271 142
251 138
207 119
146 89
83 56
33 29
7 11
15 9
54 25
119 60
173 87
220 105
253 117
267 126
248 126
197 113
132 82
70 44
27 17
9 7
21 15
60 33
121 56
185 83
238 115
265 138
265 144
236 130
185 103
123 72
64 42
21 19
5 5
17 9
72 27
134 58
197 93
244 123
19 138
263 138
230 126
175 95
111 72
48 33
15 15
0 5
31 11
1 35
19 64
207 97
251 125
271 140
261 140
222 125
164 97
101 64
44 35
11 11
9 5
39 15
91 41
156 72
216 103
257 128
271 140
255 138
212 121
152 91
89 58
39 31
9 11
11 7
52 29
103 54
158 70
214 85
257 111
273 136
251 142
201 119
138 80
80 46
35 27
9 19
15 17
52 25
115 44
179 80
232 115
263 138
267 142
244 128
193 107
128 78
68 48
25 23
7 5
21 7
64 23
125 54
191 91
242 121
267 136
265 138
236 128
181 105
119 76
60 42
19 17
7 5
25 9
74 31
138 60
201 93
248 123
269 138
263 140
228 126
171 101
107 68
48 35
15 13
9 7
33 15
83 37
150 68
210 101
253 126
271 140
257 138
218 123
162 95
99 66
46 39
17 25
7 11
29 7
87 23
160 60
220 103
257 132
269 138
253 130
210 113
152 91
87 64
33 33
7 9
15 3
48 19
107 48
169 82
226 109
261 130
269 138
246 132
199 115
138 85
76 50
27 21
7 7
19 9
58 27
117 54
183 83
236 115
267 134
267 142
240 130
189 107
126 76
64 44
21 19
5 7
23 9
68 29
130 58
193 91
244 121
269 138
265 140
230 126
177 101
117 72
56 42
17 17
5 5
29 11
80 33
142 64
203 97
250 123
271 138
261 140
224 126
167 101
105 72
54 48
11 19
0 0
27 0
87 21
156 70
214 109
253 128
269 132
259 132
218 125
156 103
91 68
39 31
9 5
11 3
42 19
99 46
156 74
220 99
261 125
271 140
251 138
205 119
144 87
82 52
33 27
7 11
13 9
50 19
113 46
177 82
222 113
13 134
269 142
238 132
195 111
132 80
70 48
27 23
7 7
0 0
60 23
123 52
187 87
236 119
17 136
265 140
234 125
187 109
121 78
60 44
21 17
0 5
25 11
70 31
134 60
199 93
246 123
269 138
265 142
236 136
177 113
103 70
41 25
9 0
7 0
35 11
80 37
144 62
208 91
255 123
273 144
259 146
220 128
164 97
99 60
44 33
11 13
9 5
39 15
91 37
158 68
216 103
257 128
271 140
255 138
212 121
152 91
87 60
37 31
9 11
13 7
46 19
103 44
169 76
226 107
261 132
269 140
248 134
201 115
140 85
78 52
29 25
7 9
15 7
56 23
115 50
179 83
234 115
265 134
267 140
242 130
191 109
130 80
68 48
23 21
5 7
23 9
66 27
126 58
191 89
244 121
269 140
271 150
240 144
175 107
105 58
50 19
19 5
9 7
29 15
74 29
138 54
203 89
250 126
273 150
261 148
224 125
169 95
107 66
48 41
11 17
5 3
35 7
85 33
150 68
210 103
255 128
273 138
257 136
216 123
158 95
95 62
33 33
9 9
9 3
41 15
93 41
162 74
220 105
9 130
271 140
251 136
208 117
146 87
85 56
33 29
7 9
13 5
50 21
109 48
173 80
228 111
263 132
269 142
246 134
199 113
134 83
74 50
27 25
7 7
19 7
60 25
121 54
187 91
244 126
267 146
251 140
230 119
183 91
125 68
64 42
19 17
5 1
25 3
72 27
134 64
197 99
244 125
17 136
265 138
230 128
175 105
113 72
54 39
15 13
7 3
29 11
80 35
144 64
205 95
251 123
271 138
261 140
224 126
166 99
101 64
46 35
13 13
9 5
35 13
89 35
156 70
214 103
5 128
271 140
255 138
214 123
154 93
89 60
39 31
9 9
11 5
44 17
101 42
167 74
224 107
261 130
269 140
251 136
205 119
144 87
80 54
31 25
7 9
15 7
54 25
115 52
173 91
236 126
5 130
255 121
240 111
189 105
132 85
70 54
23 17
7 0
25 7
62 35
125 66
187 93
240 115
17 132
265 140
234 132
181 109
119 72
54 37
19 15
5 5
17 13
74 31
11 58
199 91
248 123
21 142
253 142
228 125
173 99
109 62
52 33
13 15
7 3
33 9
83 35
148 68
208 101
253 126
271 138
259 138
218 125
162 97
97 64
42 33
11 13
9 5
41 17
95 41
158 72
216 103
257 128
271 142
253 140
208 119
152 89
87 58
37 31
9 11
13 11
56 31
42 54
37 72
216 93
9 117
271 134
248 134
197 111
138 78
80 48
31 27
9 15
17 15
56 25
117 50
181 83
234 115
263 134
267 140
242 130
189 107
126 76
66 46
23 21
5 7
21 7
68 29
130 58
193 93
242 121
269 138
267 140
234 128
179 105
115 72
56 41
19 15
7 5
27 11
76 33
140 62
203 95
248 123
269 138
263 140
226 126
167 99
103 66
48 37
13 15
9 7
35 15
87 37
152 68
212 101
255 128
269 140
257 138
216 123
158 95
93 62
41 33
11 15
17 19
44 31
87 35
154 52
220 87
263 126
273 146
250 140
207 113
148 82
85 54
35 35
7 19
13 9
50 17
109 42
175 82
230 117
263 134
267 136
244 126
199 111
134 85
72 52
27 21
7 5
19 5
60 25
121 56
187 87
238 115
267 134
267 140
238 132
187 109
123 78
62 42
19 17
7 5
25 11
70 31
132 58
197 91
246 121
269 138
263 142
230 128
175 103
111 70
52 39
15 15
7 7
31 13
80 35
144 66
207 99
251 126
271 142
259 140
222 125
166 99
103 72
50 46
7 17
0 0
29 0
89 25
158 68
216 105
255 126
269 134
257 132
216 123
154 97
89 66
37 31
7 7
13 3
46 19
101 46
166 76
222 103
261 126
271 138
250 136
203 117
142 83
80 50
31 23
7 9
15 9
56 23
115 50
179 83
232 113
265 134
269 142
242 132
193 109
130 78
68 46
23 21
7 5
21 7
64 27
126 56
191 89
240 119
269 138
267 142
234 128
181 105
119 74
58 42
19 19
7 7
27 11
74 31
138 62
199 95
248 125
271 140
263 142
228 128
173 105
113 80
50 46
3 3
0 0
31 0
87 31
150 74
208 103
253 121
273 134
261 140
220 132
160 105
95 64
42 29
11 9
9 9
39 19
95 41
160 68
220 101
259 128
271 142
253 138
210 119
150 89
85 56
35 29
7 11
13 5
50 17
109 46
173 80
228 113
263 134
269 140
248 134
199 115
136 83
74 52
29 23
7 7
17 7
58 25
119 52
183 85
236 115
265 136
267 142
240 132
189 111
126 78
64 44
21 19
7 7
25 11
68 31
130 58
195 91
246 121
271 142
269 148
238 142
171 107
103 60
48 21
17 3
9 3
29 13
76 33
142 58
207 93
253 126
271 146
259 144
224 125
167 95
103 64
46 39
11 17
7 5
35 11
87 35
154 68
214 103
255 128
271 138
255 136
214 121
156 95
91 62
39 31
9 9
11 3
44 17
99 44
164 76
222 107
261 130
271 142
250 136
205 117
144 87
82 54
33 27
7 9
15 7
52 21
113 48
175 82
232 113
265 134
269 142
244 134
195 111
134 82
72 50
25 23
5 5
19 5
64 27
125 56
187 89
240 119
273 142
273 154
234 136
171 93
113 52
62 29
23 19
5 13
21 9
72 21
138 54
201 97
246 130
269 146
263 138
228 121
173 101
109 74
50 42
13 15
7 1
31 7
82 33
146 70
208 101
251 123
271 138
259 138
220 125
164 99
99 64
44 33
11 11
9 5
39 15
93 41
158 72
216 103
257 126
271 142
255 138
212 121
152 91
87 56
37 29
9 11
13 7
46 19
105 44
169 78
226 109
261 132
269 140
250 134
203 117
140 87
78 54
29 25
7 9
17 7
56 25
119 54
187 93
238 125
257 134
257 126
238 115
193 101
130 78
66 46
21 17
7 1
25 7
68 31
128 62
191 93
242 121
269 136
265 140
234 130
181 107
115 74
56 37
17 13
7 5
27 13
76 33
138 62
203 95
250 123
269 140
261 138
226 125
171 101
105 68
48 37
13 15
9 5
35 13
85 37
150 66
212 99
255 126
271 140
257 138
216 121
158 93
95 62
42 33
9 11
11 5
42 17
97 42
162 74
220 105
259 128
271 140
251 136
208 119
148 89
83 56
33 29
9 9
13 7
50 23
115 56
177 93
222 111
251 113
265 119
248 125
201 117
136 89
74 48
29 17
9 3
21 13
60 35
119 58
183 83
236 111
267 134
267 144
238 134
185 105
123 72
64 42
21 21
5 9
23 9
70 27
132 56
195 91
244 123
269 140
263 142
230 126
175 103
113 72
54 41
15 15
7 3
29 11
80 33
144 64
205 97
250 125
271 140
261 140
224 126
166 99
101 66
46 37
11 13
9 5
37 13
91 39
156 70
214 103
257 128
271 142
255 138
214 121
154 93
91 60
39 33
11 15
19 15
46 27
93 41
156 62
220 91
263 121
271 138
248 136
203 113
142 80
82 52
35 33
9 17
15 11
52 21
113 46
177 83
230 117
263 134
267 138
244 128
193 109
132 82
70 50
25 21
7 5
21 7
62 27
123 56
189 89
242 119
267 136
265 140
236 130
183 107
119 76
60 42
19 15
7 5
25 11
72 31
136 58
201 93
248 123
269 140
263 140
228 126
173 101
109 70
50 39
15 15
7 3
33 11
83 37
148 68
208 101
251 126
271 140
259 140
220 125
162 99
97 66
42 35
15 19
13 19
33 15
82 19
154 48
220 95
261 134
269 146
251 132
210 109
154 85
87 62
37 39
9 13
13 3
48 15
105 42
169 82
226 113
261 130
269 136
248 130
201 115
138 87
76 54
27 21
5 3
17 7
58 25
117 54
181 83
236 113
265 134
267 140
242 134
191 111
126 78
66 44
23 19
5 7
23 9
68 29
128 56
191 91
242 119
269 138
265 140
234 128
179 103
117 74
56 41
17 17
7 5
29 11
76 33
140 62
205 95
250 125
271 142
261 142
224 126
171 103
113 80
48 46
3 9
0 0
31 0
89 31
152 70
210 101
253 123
273 134
259 138
218 128
158 101
93 64
41 31
9 9
9 5
42 19
99 44
164 74
220 103
9 125
271 142
251 138
207 119
146 87
83 54
33 27
7 11
15 9
50 21
111 46
175 80
232 113
263 134
269 142
246 134
197 113
134 82
72 50
25 23
7 7
19 7
60 25
121 54
185 87
238 117
267 136
267 142
238 130
185 109
123 76
62 44
21 19
5 7
23 11
70 31
134 60
197 93
246 123
269 138
265 142
230 128
181 115
113 83
44 33
5 0
3 0
35 0
3 42
19 62
205 93
1 117
273 138
261 148
222 134
164 101
99 60
44 29
11 13
9 9
33 17
21 35
31 64
208 99
7 130
271 144
253 136
150 117
154 89
89 60
37 33
1 11
13 5
46 17
95 44
167 78
224 111
3 132
253 140
177 132
203 113
142 87
80 56
29 25
7 5
15 5
48 23
111 52
46 83
234 113
15 126
265 142
173 134
189 113
130 82
68 48
15 21
7 7
5 11
66 29
1 56
189 89
242 121
21 142
265 152
234 138
171 99
109 58
58 29
21 13
7 7
25 11
74 27
140 58
203 95
250 128
271 144
263 142
228 125
171 97
107 68
50 41
13 13
5 0
33 9
87 37
150 70
208 103
253 125
271 138
259 138
218 125
158 95
95 62
41 31
11 9
9 5
41 15
95 42
162 74
218 105
257 126
271 140
253 138
208 119
148 89
85 56
35 29
9 9
13 7
50 21
109 46
171 78
228 109
263 132
269 142
248 134
199 113
136 83
76 52
29 25
7 9
17 7
58 25
119 54
183 87
238 119
271 146
267 148
230 123
179 87
123 62
68 44
25 27
5 9
21 3
68 21
132 58
197 99
244 128
267 138
265 136
232 125
177 107
113 76
54 41
15 11
5 0
29 9
78 35
142 66
205 97
250 121
269 138
261 140
224 128
167 101
103 64
46 33
13 13
9 7
35 15
87 37
154 68
214 103
255 128
269 140
255 136
216 119
158 95
93 64
39 31
9 9
11 5
44 17
99 42
164 76
222 107
261 130
269 140
251 136
207 117
144 89
82 56
33 25
7 9
17 9
54 25
115 56
181 91
226 115
253 125
261 125
244 121
197 109
132 83
70 48
25 15
9 3
23 9
64 33
123 60
187 87
240 115
267 134
265 142
236 132
183 105
121 72
60 41
19 15
5 3
25 9
74 29
136 60
197 93
248 123
271 140
263 142
228 126
173 101
109 68
52 39
15 15
7 5
31 11
82 35
146 68
208 99
251 125
271 140
259 138
220 125
164 95
99 64
44 33
9 9
9 5
41 17
93 42
158 72
216 103
259 128
271 140
253 138
210 121
150 91
87 58
37 31
9 11
13 7
50 23
111 58
166 83
214 95
253 109
271 126
251 136
203 121
138 83
76 42
31 17
11 11
19 19
54 33
115 50
181 80
234 111
265 138
267 146
240 132
191 105
128 74
68 44
23 23
7 9
21 7
66 25
128 56
191 91
242 123
267 138
265 138
234 128
179 105
117 72
58 42
19 19
7 5
27 11
76 33
140 64
203 97
248 123
269 136
263 138
226 126
169 101
105 68
50 37
15 15
7 5
35 13
85 37
152 68
212 103
253 126
271 140
257 136
216 121
160 95
95 64
42 35
17 21
15 17
35 17
85 29
156 58
222 95
261 128
269 140
250 134
208 113
150 87
85 60
35 35
7 15
13 7
50 21
107 46
173 82
228 113
261 130
267 136
246 130
199 115
136 85
74 52
27 23
7 7
19 9
60 29
119 54
183 85
238 115
267 136
267 142
238 132
187 109
125 76
64 44
21 19
7 7
25 9
70 29
130 58
195 91
244 119
271 138
265 142
230 130
175 103
113 72
56 41
15 17
7 5
31 11
80 33
142 64
205 97
251 126
271 142
261 140
222 125
166 99
103 68
48 41
17 27
3 5
25 0
83 15
156 58
218 107
257 136
269 140
255 130
216 115
158 97
91 70
37 37
9 7
11 0
44 15
99 46
166 80
222 105
261 125
271 136
250 136
203 119
142 87
82 52
31 25
7 7
13 7
54 23
115 50
179 82
232 113
265 134
269 142
244 132
193 111
130 80
70 46
25 21
5 5
19 5
64 25
125 56
189 89
240 119
267 136
267 142
236 130
183 107
119 76
60 42
19 17
5 5
25 9
74 31
136 62
199 95
246 123
271 138
265 142
232 132
179 113
109 76
42 33
3 0
3 0
35 5
85 35
148 68
208 95
253 119
273 136
261 144
220 130
162 101
95 62
42 31
11 11
9 9
39 17
93 39
160 68
218 101
257 128
269 142
253 136
210 119
150 89
85 58
35 31
9 11
13 7
48 19
105 44
171 78
226 109
263 130
269 140
248 134
201 115
138 83
76 50
29 25
7 9
17 9
56 25
117 50
181 85
236 117
265 136
267 140
240 130
191 109
126 80
66 46
21 21
7 5
23 9
68 29
128 56
195 91
244 121
269 140
265 142
238 138
181 117
107 68
44 21
13 0
9 0
31 17
76 37
138 58
205 87
253 121
271 146
261 150
222 126
167 95
105 62
48 37
11 17
7 7
35 9
87 31
152 66
212 103
255 130
271 140
257 136
216 119
156 95
93 64
39 33
9 9
9 3
42 17
99 44
164 76
222 105
259 128
271 138
251 138
205 119
146 87
82 54
33 25
7 5
13 3
52 21
111 50
175 82
230 111
263 132
269 140
246 134
197 113
134 83
72 50
27 23
7 7
19 9
62 25
123 54
187 89
242 121
273 146
265 146
228 123
177 89
121 60
64 39
19 19
3 3
23 3
74 25
136 62
197 99
246 128
269 140
263 138
230 126
173 103
109 72
52 39
15 11
5 1
29 11
82 35
146 66
207 97
251 123
271 138
259 140
222 126
164 97
99 62
44 31
11 13
9 7
37 15
91 39
158 70
216 103
255 128
271 140
255 136
212 121
152 91
87 58
37 29
9 11
11 7
46 19
103 44
167 78
224 109
261 132
269 142
250 136
203 117
140 85
78 52
31 27
9 9
15 7
54 23
115 50
181 87
240 128
263 144
255 128
232 109
193 95
132 80
70 54
21 21
5 0
23 1
68 29
126 64
191 97
240 119
267 132
265 136
234 130
181 111
117 76
58 39
17 11
7 3
27 13
74 33
138 60
201 91
248 121
269 138
263 142
226 128
171 101
107 68
48 37
13 15
7 5
33 13
85 37
148 66
210 101
253 126
271 140
257 136
218 121
160 95
95 64
41 33
11 11
11 3
41 17
95 42
160 74
220 105
259 130
271 142
251 136
208 119
148 91
85 58
35 29
7 11
15 9
56 29
113 58
166 82
216 97
257 113
271 130
248 132
197 115
134 82
76 44
29 19
9 11
19 15
58 29
119 52
183 82
236 113
267 136
265 142
238 130
187 105
125 72
64 44
21 21
5 7
23 7
68 27
130 56
193 91
242 119
271 136
267 140
232 128
177 103
115 72
56 41
17 15
5 5
29 11
78 33
142 64
203 95
250 123
271 140
261 140
222 126
167 97
103 66
48 37
13 15
7 7
35 13
89 37
154 70
212 103
255 128
271 142
257 138
214 123
156 93
91 62
41 33
9 13
15 13
48 31
95 44
154 60
216 85
261 119
273 142
251 142
203 115
144 78
83 46
35 31
9 21
13 15
52 19
111 42
177 80
232 117
263 138
269 140
244 126
195 107
132 82
70 52
25 25
7 5
21 7
62 25
123 56
187 89
240 119
267 134
265 140
236 130
183 107
123 76
60 44
19 17
5 7
25 11
72 31
134 60
199 93
246 121
269 138
263 140
230 126
173 101
109 70
52 39
15 13
7 5
33 13
82 35
146 66
208 99
253 126
271 138
259 138
222 125
164 99
101 70
50 44
13 21
1 3
29 1
87 23
158 62
218 103
255 128
269 136
255 130
214 119
154 95
87 66
35 33
7 9
13 5
46 19
103 48
167 80
224 105
261 126
271 138
248 134
201 117
140 85
78 52
29 25
7 9
17 9
56 23
115 48
179 82
236 115
265 136
267 142
242 132
191 109
128 80
68 48
23 21
5 7
21 7
66 27
126 56
191 89
244 119
269 136
265 140
234 128
179 105
117 74
58 42
17 17
5 5
29 9
76 33
138 64
201 95
248 125
271 140
263 140
226 126
169 101
111 78
52 48
5 9
0 0
29 0
89 29
154 76
210 107
251 123
271 130
261 136
220 130
158 105
93 66
41 29
11 7
9 5
41 19
97 42
162 72
220 99
259 126
271 140
253 140
207 119
146 85
83 54
33 29
7 11
13 7
50 17
111 46
175 80
228 113
263 134
269 140
246 132
197 113
134 83
74 50
25 21
7 5
19 7
60 25
121 52
185 85
238 115
267 134
267 140
240 132
187 109
123 76
64 44
21 19
5 5
25 11
70 29
132 58
197 91
246 123
271 140
267 146
236 140
173 109
101 62
44 21
13 1
9 1
31 13
78 33
142 58
208 93
255 126
271 146
261 146
222 126
166 95
99 60
46 33
11 15
9 7
37 13
89 35
156 68
216 105
255 130
271 142
255 136
214 119
154 93
89 60
37 31
9 9
13 5
46 17
101 44
167 76
224 109
261 130
269 140
250 134
203 115
142 87
80 54
31 27
7 9
15 7
54 23
113 50
177 82
232 113
265 134
267 140
242 130
195 111
132 82
70 48
25 21
7 5
21 9
64 27
125 56
189 89
242 119
271 140
273 154
234 136
173 95
111 52
60 27
23 17
7 11
25 13
72 25
138 54
201 95
248 128
269 146
261 140
226 123
171 97
107 70
50 41
13 13
7 0
33 7
83 35
148 68
208 101
251 123
271 136
261 140
220 126
160 99
97 64
44 31
11 11
9 5
39 17
95 41
160 70
218 103
257 128
271 140
253 136
210 119
150 91
85 58
37 29
9 11
13 7
48 21
105 46
171 80
226 109
261 130
269 138
248 134
201 115
138 85
76 52
29 25
7 9
19 9
58 25
119 54
187 91
240 125
259 134
257 128
236 115
191 99
126 76
64 46
19 17
7 1
25 7
70 31
130 64
193 95
244 121
269 134
265 140
232 130
177 107
113 70
56 37
17 15
7 5
27 13
76 33
142 62
205 95
250 125
269 140
261 140
224 126
167 97
103 64
48 35
13 15
7 5
35 13
87 35
154 68
214 103
255 128
269 140
257 136
216 121
158 95
93 62
39 31
9 9
11 5
42 17
97 42
164 76
222 107
259 130
271 140
251 136
207 117
146 87
83 56
33 27
7 11
15 9
52 23
111 54
179 95
224 113
251 115
263 119
246 123
199 117
134 87
70 46
25 13
9 1
23 13
62 37
121 60
185 85
238 111
267 134
265 144
236 132
185 105
123 72
62 41
19 19
7 9
25 11
72 29
134 56
195 89
246 121
269 140
263 140
230 125
173 101
111 70
52 41
13 15
7 3
31 11
82 33
144 66
207 97
251 125
269 138
261 140
222 125
164 97
99 64
44 33
13 13
9 7
39 15
91 39
156 70
216 103
257 128
271 140
255 138
212 121
152 91
89 60
39 31
11 15
19 17
46 27
93 41
158 60
220 91
265 125
271 142
248 136
201 111
142 80
82 54
31 33
7 15
15 9
54 19
115 48
179 83
232 117
263 134
267 136
242 126
193 109
128 82
68 50
25 21
7 5
21 7
64 27
126 58
191 91
240 119
267 134
267 140
236 130
181 107
117 74
58 41
19 17
7 5
27 11
74 31
138 60
201 95
248 123
269 138
261 140
228 126
169 101
107 68
50 37
13 13
7 5
35 13
85 37
150 68
210 101
253 125
271 138
259 140
218 125
160 97
95 62
42 33
15 23
11 17
31 9
85 17
158 52
222 101
261 136
269 144
251 130
210 109
150 89
85 64
33 35
9 11
15 3
48 15
107 46
171 82
228 113
263 130
269 136
246 130
199 115
136 85
74 50
27 21
7 5
17 7
58 25
117 52
183 83
238 115
267 134
267 142
238 132
189 107
125 76
64 44
21 19
7 7
23 9
68 29
130 56
195 91
244 119
269 138
263 140
232 126
177 103
115 72
56 41
15 15
7 5
29 11
78 33
142 62
205 97
250 125
271 140
261 140
224 126
169 103
109 76
42 41
0 3
0 0
35 0
91 33
154 70
212 101
255 123
273 134
259 140
216 126
156 99
91 62
39 29
9 9
9 7
42 19
99 42
164 72
222 103
259 128
271 142
250 136
205 115
144 87
82 56
33 29
7 9
15 7
52 21
113 48
177 82
232 113
263 132
269 140
244 132
195 111
130 80
70 46
25 21
5 7
19 7
64 27
125 56
187 89
238 119
267 136
267 140
238 130
183 107
121 74
62 42
21 19
5 7
25 11
72 31
136 60
199 93
246 123
269 140
263 142
232 132
179 115
105 74
41 23
7 0
7 0
35 11
83 41
146 66
208 93
253 119
273 142
259 150
220 132
162 97
97 58
42 29
11 15
9 9
37 15
91 35
158 68
216 103
257 132
271 142
253 134
210 117
150 91
87 58
35 29
9 9
13 5
48 19
105 44
169 78
226 111
263 132
269 142
248 134
201 115
140 85
76 52
29 23
7 7
17 7
56 23
115 50
173 83
234 113
265 134
267 140
240 130
191 109
128 78
68 46
23 21
7 9
21 11
68 29
128 58
193 93
244 123
275 148
267 150
220 125
169 89
113 56
58 33
19 15
5 5
27 7
78 27
142 60
205 99
250 130
269 142
253 138
224 123
169 97
105 70
48 37
11 11
7 1
35 9
87 37
150 70
212 101
5 125
271 138
257 138
216 125
158 97
93 64
41 33
9 9
9 7
42 17
97 42
162 74
220 105
259 130
271 140
251 136
207 117
146 89
83 56
33 29
7 9
13 5
52 21
111 48
173 80
228 111
263 132
269 142
246 134
197 113
134 82
74 50
27 23
7 7
17 7
60 27
121 56
185 89
242 125
19 148
259 136
228 111
183 87
126 70
66 50
19 25
5 1
25 0
72 27
134 66
195 101
244 123
269 134
265 134
230 126
175 107
111 72
54 37
15 9
7 1
29 13
80 37
144 66
207 95
0 123
269 138
261 142
222 126
158 93
99 62
46 33
3 13
9 7
33 13
27 35
156 68
208 103
5 130
271 140
255 136
214 121
154 93
89 60
37 31
1 11
11 5
44 17
39 44
41 78
224 107
11 130
271 140
251 136
126 117
142 87
80 54
31 27
7 11
17 11
58 27
121 60
175 87
222 105
255 117
267 126
246 128
193 111
128 80
68 42
27 15
9 7
21 13
62 33
125 56
189 87
242 119
267 138
265 142
234 128
183 103
119 72
58 41
19 17
7 5
27 9
72 29
136 60
201 95
248 123
269 138
263 138
228 125
171 101
107 70
50 37
13 13
7 3
33 13
83 35
148 68
210 101
253 126
271 140
259 138
218 123
162 97
97 62
41 31
11 9
11 5
41 17
95 41
160 74
218 105
259 128
271 142
253 138
210 119
150 89
87 58
35 29
7 11
15 9
56 33
107 54
160 68
218 85
263 115
275 140
248 142
197 115
138 76
78 44
31 27
7 17
17 15
56 23
117 46
181 82
234 117
265 138
267 140
240 128
189 105
125 76
66 48
23 21
5 5
23 7
68 27
130 60
193 93
242 119
269 134
265 138
232 128
177 105
115 72
56 39
17 13
5 3
27 9
76 31
142 64
203 97
250 123
269 138
261 140
224 126
167 99
103 66
48 35
13 13
7 3
35 13
89 37
154 70
212 103
255 128
271 140
250 138
216 123
158 97
93 64
37 41
13 21
3 5
31 3
93 25
41 64
218 105
7 128
269 128
253 130
208 115
146 91
82 60
33 31
0 9
15 5
50 21
109 48
175 82
222 109
13 130
267 136
244 132
197 113
132 82
72 48
25 21
7 7
19 9
60 25
121 52
187 85
238 117
267 134
265 138
238 130
185 107
121 76
62 44
19 17
0 7
25 9
72 29
134 58
197 93
246 121
269 136
263 140
230 126
175 103
111 70
52 39
15 15
7 5
31 11
80 33
146 66
208 99
253 126
271 140
259 140
222 125
164 99
105 76
48 46
3 11
0 0
33 0
93 31
158 74
216 107
255 126
271 132
257 134
214 125
152 101
87 64
37 25
7 1
13 3
46 21
103 48
166 76
224 103
263 128
269 142
248 138
203 115
140 83
78 50
29 25
7 9
17 9
54 23
115 48
179 82
232 115
265 136
269 142
242 132
193 109
128 80
68 48
23 19
7 5
21 9
64 27
126 56
191 91
242 119
269 136
267 140
236 130
181 105
119 74
58 42
17 17
5 5
27 11
76 33
138 62
201 95
248 123
271 140
265 144
234 138
167 107
95 60
41 19
13 0
9 0
33 13
83 37
150 64
212 95
255 126
271 144
257 144
216 125
158 91
95 60
41 33
9 13
9 5
41 13
97 39
162 72
220 105
257 130
271 140
253 134
208 117
148 89
85 58
35 29
7 9
13 5
48 19
109 48
173 82
228 111
261 130
269 140
248 134
199 115
136 83
74 50
27 23
7 7
17 7
58 23
119 52
183 85
238 117
267 136
267 140
240 130
189 109
125 78
64 46
21 21
7 7
25 11
68 29
130 58
195 93
244 123
271 140
271 152
230 136
167 91
103 48
52 21
21 11
9 11
29 15
78 27
144 56
208 97
251 132
269 146
259 138
224 121
166 95
101 66
44 39
13 13
7 1
37 11
87 37
154 70
214 103
255 126
271 138
255 136
214 121
156 95
91 62
39 29
9 9
11 5
44 17
101 44
164 74
222 105
259 128
271 140
250 136
205 117
144 87
80 54
33 25
7 9
15 7
52 21
113 48
177 82
224 113
15 134
265 140
236 132
195 111
132 82
70 52
25 23
7 7
21 9
64 27
125 56
191 93
244 126
263 136
255 128
230 115
185 95
123 74
60 44
17 17
5 0
27 7
74 35
136 68
199 97
246 121
269 136
263 138
228 128
171 103
109 68
52 35
15 11
7 3
31 13
82 35
148 66
208 99
253 126
271 140
259 140
220 125
162 95
97 64
42 33
11 13
9 5
39 15
93 39
158 72
216 103
257 126
271 142
255 138
210 121
150 91
87 58
37 29
9 11
11 7
46 17
105 44
169 78
226 109
261 130
271 142
250 136
201 115
140 85
78 52
29 27
7 9
17 9
56 25
121 56
187 97
228 115
253 115
261 117
244 119
195 113
128 85
64 44
23 13
9 1
25 15
66 37
126 62
193 89
242 115
267 136
265 142
232 132
179 103
117 68
56 37
17 15
7 7
29 13
76 31
140 60
203 95
248 125
269 138
261 140
226 126
169 99
105 68
48 37
13 13
7 5
35 13
85 37
150 66
212 101
255 126
271 140
257 138
216 121
158 95
93 62
41 31
9 9
9 5
42 17
97 42
164 74
220 107
259 128
271 140
251 138
207 119
146 89
83 56
35 29
11 11
21 19
52 29
99 42
164 62
226 95
265 126
265 140
173 132
197 107
136 76
76 50
29 29
7 13
19 1
60 23
121 50
183 83
236 117
17 136
265 138
238 126
187 105
125 76
64 46
21 19
0 5
25 9
70 29
132 60
195 93
244 121
19 136
263 140
230 126
175 95
113 70
54 41
15 15
5 5
31 11
80 33
142 62
205 97
1 126
271 142
251 140
218 125
158 97
101 66
46 37
3 13
9 5
39 13
91 41
156 72
216 103
7 128
255 140
255 138
212 121
154 93
91 60
41 35
13 23
11 15
35 9
91 21
166 58
228 107
263 138
269 144
250 128
205 109
144 85
80 62
31 33
5 9
15 1
54 17
113 50
177 85
230 113
263 128
269 134
244 130
193 113
130 82
70 46
25 17
5 3
21 9
64 29
125 58
189 89
240 117
267 134
265 140
236 130
183 107
119 74
60 41
19 17
7 5
25 11
72 29
136 60
199 95
248 123
269 138
263 140
228 126
171 99
107 68
50 37
17 15
9 7
33 15
83 35
148 68
210 101
253 126
271 142
259 138
220 125
166 103
101 76
37 37
0 1
1 0
39 3
95 37
160 74
216 103
257 123
273 136
255 138
210 125
150 95
87 60
35 27
7 9
13 7
48 21
105 44
171 76
228 107
263 132
269 142
248 134
199 113
138 83
76 52
29 23
7 7
17 7
58 23
117 50
181 83
236 115
265 134
267 140
240 128
189 107
126 78
66 46
21 19
5 5
23 7
68 29
128 58
193 91
244 119
269 138
265 142
232 128
179 103
115 72
56 41
15 17
7 5
29 11
78 33
142 64
203 97
250 125
271 140
261 140
228 132
173 115
97 70
37 21
5 0
9 0
39 15
89 44
150 68
212 93
257 121
273 144
257 148
216 126
156 91
91 54
41 29
9 15
9 7
42 13
99 37
164 70
220 105
259 130
271 142
251 136
207 117
144 87
82 56
33 29
7 9
13 5
50 19
111 48
175 82
230 111
263 132
269 140
246 132
195 111
132 80
72 48
27 23
7 7
19 7
60 25
123 54
187 89
238 117
267 136
267 140
238 130
183 107
123 76
62 44
21 17
7 7
25 11
72 31
134 62
199 95
248 126
277 148
263 148
220 123
164 85
105 52
54 29
17 13
7 5
29 9
82 29
150 64
210 103
251 132
269 144
259 138
222 123
164 97
97 64
42 33
11 9
9 1
37 13
91 39
158 72
216 105
257 128
269 140
255 136
210 121
152 91
89 60
37 29
9 9
11 5
46 19
103 44
167 78
224 109
261 132
269 142
248 134
203 115
140 85
78 52
29 25
7 7
17 7
56 23
115 50
179 83
234 115
265 134
267 140
242 132
193 111
130 82
68 48
23 21
7 7
21 9
66 31
126 58
191 91
246 128
269 148
255 134
224 107
179 85
121 70
60 48
17 19
5 0
29 3
78 33
138 72
201 105
248 125
269 134
261 134
226 126
169 105
105 70
48 33
13 7
7 3
33 15
85 41
150 68
210 97
255 125
271 140
257 140
216 123
160 91
95 60
41 31
9 11
11 5
42 17
97 41
162 72
218 103
259 126
273 142
253 138
208 119
146 87
85 56
35 29
7 9
13 5
50 19
109 46
173 78
228 111
263 132
269 140
246 134
199 115
136 83
74 52
29 25
7 9
19 9
62 29
123 62
181 89
226 105
259 117
267 126
242 128
187 109
123 76
64 41
23 15
9 9
23 15
68 35
130 60
195 89
244 119
269 140
263 142
230 126
175 99
113 66
54 39
15 17
5 5
29 9
80 31
144 66
205 99
250 126
269 138
261 136
224 125
166 99
101 66
46 35
13 13
9 5
35 13
89 39
154 70
214 103
255 128
271 140
255 138
214 121
154 93
91 58
37 29
9 7
11 5
44 17
101 44
166 78
224 109
261 132
269 142
251 136
205 117
144 87
80 54
33 27
7 11
19 13
60 35
107 52
166 66
224 89
265 121
271 144
244 140
193 111
132 72
72 42
27 25
9 17
19 17
62 27
123 50
189 85
240 121
267 140
265 140
236 125
185 101
121 76
60 44
19 17
7 3
27 9
72 31
134 62
199 95
248 123
269 138
263 140
228 126
171 101
109 68
52 39
15 15
7 5
33 13
83 37
146 68
208 99
251 125
271 140
259 138
220 123
164 95
99 62
44 33
11 11
9 5
41 15
93 41
158 72
218 105
259 130
271 142
253 136
210 119
152 91
91 62
42 41
11 19
3 3
37 3
101 29
171 68
226 107
261 132
269 136
250 128
203 113
140 89
78 60
29 29
7 7
17 5
58 23
115 54
179 85
234 113
263 128
267 136
242 132
191 111
126 80
68 46
23 19
7 7
21 11
66 29
128 56
191 89
242 117
267 138
265 140
234 128
181 105
117 74
58 42
17 17
7 5
27 9
76 31
140 64
201 97
250 123
271 138
263 140
226 126
169 101
103 68
48 35
13 11
9 5
37 15
87 39
152 68
212 101
255 126
271 140
250 140
216 125
158 97
99 72
42 42
1 5
0 0
37 0
93 37
167 82
220 113
257 125
271 130
255 134
210 128
146 101
82 60
33 23
7 5
13 7
50 25
107 48
173 76
230 105
263 130
269 142
246 136
197 113
134 80
74 48
27 25
7 11
19 11
60 25
121 52
185 85
238 119
267 136
267 140
238 128
187 107
123 76
62 46
21 19
7 5
25 9
70 29
132 58
197 91
246 121
271 138
263 140
230 128
175 103
111 70
54 39
17 17
7 7
31 13
80 35
144 66
207 99
251 126
271 142
263 144
230 138
162 101
89 56
37 17
11 0
11 1
39 15
89 39
156 66
218 97
259 130
271 148
253 142
212 121
154 91
89 60
37 31
7 11
11 5
44 15
101 41
167 76
224 109
263 132
271 140
250 134
203 117
142 87
80 54
31 25
7 7
15 5
54 21
115 50
177 83
232 113
265 132
267 140
244 134
193 113
130 80
70 48
25 21
5 7
21 9
64 27
125 56
189 87
240 117
269 136
267 142
236 130
181 105
119 74
60 42
19 17
5 5
27 11
76 33
138 62
199 95
246 123
273 144
269 156
224 132
158 85
99 42
52 21
19 15
9 13
31 13
83 27
152 60
212 103
255 134
269 146
257 138
218 119
160 93
95 64
42 35
9 11
9 1
39 11
93 37
160 74
220 107
259 128
271 138
253 134
210 121
150 91
83 56
35 27
9 9
13 7
48 21
107 46
171 78
228 109
263 132
269 142
248 134
199 115
136 83
76 50
29 25
7 7
17 7
56 23
119 52
183 85
236 117
265 136
267 140
240 132
189 111
126 80
64 46
23 19
7 7
23 11
68 29
130 60
201 101
246 128
259 134
253 125
228 111
179 95
117 72
54 42
15 11
7 0
31 7
80 37
142 72
203 101
250 123
271 136
261 138
222 126
166 99
103 64
46 31
13 9
9 5
35 15
87 37
152 68
212 101
255 128
269 142
255 138
216 123
156 93
91 60
39 31
9 9
11 5
44 19
99 42
164 74
222 107
259 130
269 140
251 136
207 117
146 89
82 56
33 27
7 9
15 7
52 21
111 48
175 80
230 113
265 134
269 142
244 134
195 113
134 82
72 48
27 23
7 9
21 9
62 29
128 64
189 99
228 113
255 115
263 121
240 123
187 111
121 80
60 41
21 9
9 5
27 17
72 41
132 64
195 87
246 115
269 138
263 144
228 128
171 97
109 62
54 37
15 19
7 9
31 11
83 31
148 64
207 99
251 126
271 140
259 138
220 123
164 95
99 66
44 35
11 11
9 3
39 13
91 39
156 72
216 103
257 128
271 140
255 138
212 121
152 91
87 58
37 29
9 11
11 7
44 17
105 42
169 78
226 111
261 134
269 142
250 134
203 117
140 87
78 54
31 27
11 13
23 17
52 27
105 41
156 66
232 97
1 128
267 142
240 125
191 105
130 76
70 48
25 29
5 13
21 11
64 25
126 54
187 91
240 121
15 136
265 136
234 125
181 105
117 76
58 42
17 17
5 3
29 9
76 33
13 64
201 97
248 123
19 138
261 140
164 128
169 103
105 68
48 35
13 11
7 5
33 13
85 37
150 68
212 101
253 128
271 142
257 138
218 123
160 95
95 62
41 31
11 11
11 7
42 19
95 42
162 74
220 105
259 130
271 142
251 138
208 119
148 89
83 58
37 33
15 23
11 13
39 7
99 23
173 64
232 113
263 142
267 142
246 126
201 105
138 85
74 60
27 29
7 7
19 3
58 23
119 54
183 89
236 117
267 130
267 136
238 130
187 111
125 80
64 44
21 17
5 5
23 11
70 31
130 60
193 91
244 119
269 138
265 140
230 128
175 101
115 70
56 41
17 17
5 5
29 11
80 33
142 64
205 99
250 125
255 130
261 138
222 125
158 93
101 66
31 37
5 13
9 5
37 15
21 39
29 72
214 103
7 128
271 140
255 138
216 125
162 95
95 70
31 29
0 0
5 0
37 7
103 42
41 78
218 105
11 125
273 138
251 140
205 125
144 91
80 54
31 23
7 7
13 9
52 23
113 46
177 78
230 107
263 130
269 142
246 134
195 113
130 80
70 48
25 23
7 9
19 9
62 25
123 54
189 87
240 119
267 136
265 140
236 128
183 107
121 76
60 42
19 17
7 7
25 11
72 31
136 60
199 93
244 119
271 136
265 140
228 128
171 101
109 68
50 37
15 15
7 7
33 15
15 35
21 66
203 101
0 128
271 142
251 142
158 125
166 109
89 60
31 13
7 0
13 0
41 21
91 44
158 68
220 97
3 128
273 148
250 146
203 123
150 87
85 54
31 29
7 11
11 7
46 15
33 39
44 72
228 111
13 136
253 142
238 132
201 113
138 85
78 54
29 25
5 7
17 5
48 21
117 52
183 85
234 115
17 134
267 140
234 132
187 111
126 80
62 48
15 19
7 7
23 11
66 31
3 58
191 89
242 119
15 138
265 140
234 128
171 105
117 74
56 42
17 17
0 5
29 11
78 35
15 66
203 99
1 128
269 150
259 146
152 119
160 83
95 54
50 31
13 13
5 3
35 9
89 33
154 72
212 107
5 125
255 142
250 136
216 121
156 95
91 62
41 29
9 9
11 3
42 15
99 42
164 76
220 107
11 130
271 140
251 136
207 119
146 89
83 56
33 25
7 7
13 7
52 21
109 48
173 80
218 111
13 132
253 140
238 134
197 109
134 82
72 48
27 23
7 7
15 9
60 25
121 52
185 85
238 113
15 134
267 142
240 125
187 109
123 78
64 44
21 21
0 7
25 11
70 29
134 60
199 97
0 134
265 142
253 125
222 105
175 87
115 72
54 46
13 17
7 0
33 5
82 37
146 76
205 107
250 126
269 134
259 136
222 126
164 101
99 64
44 29
13 7
9 3
37 17
91 41
158 72
216 103
257 128
271 142
255 138
212 123
154 91
89 56
37 29
9 9
11 5
44 17
101 42
167 76
226 109
261 132
269 140
248 134
203 115
142 87
80 56
29 25
7 7
15 5
54 21
115 50
179 83
234 115
265 134
269 140
244 132
193 113
130 82
68 48
23 21
7 7
23 13
70 37
128 66
181 87
230 103
263 119
267 130
236 128
181 107
117 72
60 37
21 15
7 7
27 15
74 37
138 62
199 91
246 121
269 138
261 140
226 125
169 97
107 64
50 37
13 15
7 5
33 13
83 35
148 68
208 99
253 126
271 140
259 138
218 123
160 95
97 64
42 33
9 11
9 3
41 17
95 42
160 74
218 105
259 130
271 142
253 138
208 119
150 89
85 56
35 29
7 11
13 7
48 19
107 46
171 78
228 111
263 134
271 144
248 136
201 115
138 83
76 52
29 25
9 9
21 17
62 35
111 48
171 64
232 95
269 128
269 146
240 136
187 105
126 70
68 44
25 27
7 17
21 13
68 25
130 52
193 91
242 123
267 140
263 136
232 123
177 101
115 72
56 42
17 17
7 5
29 9
78 31
142 66
205 101
250 125
269 136
261 138
224 126
167 101
101 66
46 35
13 11
9 5
35 15
89 39
154 70
214 103
255 126
269 140
255 136
216 121
158 95
91 62
39 31
11 11
11 7
44 19
99 44
166 76
222 109
261 132
271 142
251 138
207 119
146 91
83 60
37 37
5 13
3 0
44 3
109 35
177 76
232 113
261 132
267 134
248 130
199 115
134 89
72 56
25 23
7 5
19 7
60 27
121 54
187 85
240 115
267 132
265 140
238 130
185 109
123 76
62 42
19 17
7 7
25 11
72 31
134 60
197 91
246 121
269 138
263 142
228 126
173 101
111 70
52 37
15 15
7 5
33 13
82 35
146 66
207 99
251 126
271 140
259 140
220 123
164 95
99 64
44 35
11 13
9 5
39 15
93 39
158 72
216 107
259 130
271 142
255 138
212 121
154 97
95 72
33 35
0 0
3 0
46 1
109 46
169 85
224 111
261 125
273 134
251 138
203 123
140 91
78 52
29 21
7 5
15 7
54 25
115 50
179 80
232 111
265 134
269 144
242 136
191 111
128 78
68 46
23 23
5 9
21 9
66 27
126 54
191 89
240 119
269 136
267 140
234 128
181 105
117 74
58 41
19 17
7 7
27 11
74 31
140 62
201 95
248 123
269 138
263 140
226 126
169 99
107 68
50 37
15 15
9 7
33 15
85 37
152 70
212 103
253 128
271 142
265 148
220 132
150 93
82 46
37 15
13 3
11 5
41 17
95 39
164 68
222 105
261 134
269 148
253 140
208 117
148 87
83 56
33 29
7 9
13 5
48 17
107 44
173 78
228 111
263 132
271 140
248 134
199 115
134 85
74 52
27 23
7 7
17 7
58 23
119 52
185 83
238 115
267 136
267 140
240 130
187 109
125 78
64 44
21 19
5 7
23 9
68 29
130 56
195 91
246 121
269 138
263 140
232 128
177 103
113 74
54 41
15 17
7 5
31 11
78 33
144 66
207 99
251 126
275 148
263 150
214 121
154 78
97 44
48 29
13 17
7 9
35 9
89 31
158 68
218 109
257 138
271 144
255 134
214 115
154 93
89 64
37 33
7 5
11 0
44 15
101 44
166 80
222 109
261 128
271 138
250 136
205 119
142 87
80 54
31 25
5 5
13 5
54 21
115 50
177 83
230 113
265 134
269 142
244 134
193 113
130 80
70 48
25 21
5 7
19 7
64 25
125 54
189 87
240 117
267 136
267 142
238 130
183 107
121 76
60 44
19 19
5 5
25 11
76 33
140 68
205 107
242 126
259 130
255 125
228 115
173 97
107 70
48 35
15 9
9 3
33 15
83 41
148 72
208 101
251 125
271 138
259 140
218 125
162 93
95 58
42 29
11 9
11 7
41 17
95 39
160 70
218 105
257 130
271 142
253 138
210 119
150 89
85 58
35 29
9 9
13 5
46 19
105 44
171 80
226 111
261 130
269 140
248 134
201 115
138 85
76 50
29 23
9 9
17 9
56 23
117 50
181 83
234 115
265 134
267 140
240 130
191 109
126 80
66 48
23 21
7 7
23 11
68 33
134 70
189 95
230 105
259 115
265 126
236 130
179 111
113 72
56 33
21 11
9 9
29 23
76 41
138 62
203 91
250 121
269 140
259 140
224 125
169 95
103 64
46 35
13 15
9 5
35 13
87 35
152 68
212 101
255 128
271 140
255 134
216 121
158 95
93 62
39 31
9 9
11 3
42 15
97 42
162 76
220 105
259 130
271 140
251 136
207 119
146 89
82 56
33 27
7 7
13 7
52 21
111 48
173 80
230 109
265 134
271 144
246 136
197 113
136 83
74 52
29 27
13 17
21 19
52 23
109 39
179 68
240 107
269 134
265 142
236 128
187 101
126 76
66 48
21 27
5 9
23 7
70 27
132 60
195 95
244 123
19 136
263 136
230 125
175 95
111 74
54 39
17 13
7 3
31 13
80 35
19 66
207 97
1 125
269 138
259 138
222 125
156 97
99 64
44 33
11 13
7 5
37 13
93 41
156 72
216 105
5 128
271 140
255 138
212 121
152 93
89 58
37 29
9 7
13 5
46 19
33 44
167 78
226 109
11 132
255 142
250 136
189 117
142 87
80 54
31 35
1 19
7 1
44 1
111 29
56 76
236 121
15 140
267 128
244 125
197 109
130 87
68 56
23 25
5 3
21 5
64 27
125 58
189 89
240 115
267 130
265 136
236 130
183 111
119 76
58 41
19 15
7 7
27 13
74 33
11 60
138 91
248 121
19 138
261 140
226 126
171 101
107 66
50 35
15 15
1 7
33 13
83 37
15 68
210 101
0 126
271 142
250 140
218 123
160 95
95 64
42 33
11 13
9 7
41 17
95 42
162 74
220 107
259 132
271 142
253 138
212 125
154 101
83 62
23 19
0 0
11 0
52 15
99 48
169 78
226 103
0 126
273 142
248 142
199 119
136 83
76 50
29 25
5 11
17 9
58 25
117 48
181 82
236 113
267 136
267 142
240 130
189 107
126 78
64 46
23 21
5 7
23 7
68 27
128 58
193 91
244 121
19 138
265 140
224 128
177 95
115 74
56 42
15 17
0 5
29 11
78 33
142 64
203 97
248 123
21 138
259 138
224 126
167 99
103 68
46 37
13 15
7 5
37 13
89 37
154 70
214 103
5 128
271 142
251 144
220 136
152 99
80 46
31 7
9 0
15 5
44 23
97 42
164 68
224 101
263 132
271 152
251 144
205 117
144 83
82 52
33 29
5 11
13 5
52 15
113 44
175 82
222 115
13 134
271 140
238 132
195 115
132 83
72 46
25 23
7 7
0 0
60 23
123 54
187 87
238 117
267 134
267 140
238 130
185 109
121 76
60 42
19 17
5 5
25 11
72 31
134 60
197 93
246 123
269 138
263 140
230 128
173 103
111 70
52 39
15 15
7 5
31 13
82 35
146 66
210 101
259 136
273 150
251 136
148 109
156 80
99 54
44 31
11 11
9 1
41 11
95 39
31 76
218 113
0 134
251 140
253 126
212 119
150 93
85 60
35 27
7 5
13 3
46 17
31 44
169 78
226 107
13 130
271 142
240 136
201 115
140 85
78 52
29 25
5 7
15 5
48 23
117 50
179 83
234 115
15 134
267 140
234 132
187 111
128 80
68 46
23 21
5 5
21 9
66 27
126 58
191 89
242 119
15 136
265 140
234 128
181 105
119 76
58 44
19 17
5 5
27 13
76 35
138 66
207 105
0 132
261 132
251 119
93 105
156 93
109 74
48 41
11 7
9 0
39 13
89 44
150 80
210 105
253 123
271 134
255 138
216 126
158 97
93 58
41 27
11 9
9 7
42 19
97 42
162 72
220 103
259 130
271 142
251 138
208 117
146 85
83 54
35 27
7 9
13 5
50 19
109 44
173 80
228 111
263 132
271 142
246 134
197 113
134 82
74 50
27 23
7 9
17 7
58 23
119 52
185 85
238 117
267 136
267 142
240 132
189 109
125 78
64 46
23 21
7 7
27 15
76 39
128 64
183 83
236 103
269 125
267 136
232 128
175 101
113 66
56 35
19 17
0 13
29 19
80 35
144 62
205 97
250 126
269 142
251 138
222 121
166 93
101 64
46 35
13 15
9 7
37 13
89 39
156 72
214 105
5 128
271 140
255 136
214 121
154 93
89 60
37 29
9 9
13 5
44 17
101 44
166 76
224 107
11 130
269 140
250 134
205 115
144 80
80 56
31 27
7 7
1 7
54 23
113 50
177 82
232 111
265 132
269 140
244 132
195 113
130 83
70 48
25 23
9 13
27 23
60 33
113 42
179 62
240 101
271 138
267 148
234 126
185 97
123 70
62 48
19 29
5 13
25 9
72 27
134 58
197 95
246 125
269 138
263 134
226 121
171 99
109 70
52 41
15 13
7 3
33 11
83 37
148 70
207 97
253 123
271 138
259 140
218 125
162 95
97 62
44 33
11 11
9 7
41 17
95 41
160 72
218 105
257 130
271 142
253 138
210 119
150 89
87 56
37 29
9 9
13 5
48 19
107 46
169 80
226 109
263 132
271 142
248 136
201 117
140 87
82 62
33 35
0 7
5 0
50 3
119 41
185 83
234 117
263 132
269 134
244 130
193 115
126 85
66 50
23 19
5 3
21 7
64 29
128 58
191 89
242 117
267 134
265 140
234 130
179 107
115 74
56 41
17 17
7 7
29 13
76 33
140 62
203 95
248 123
269 138
261 138
226 125
167 97
103 66
48 35
13 13
7 3
35 13
87 39
152 72
212 103
255 126
271 140
257 138
216 123
156 95
93 62
39 31
9 11
11 7
42 19
99 42
164 76
222 109
261 132
271 142
251 138
207 119
152 99
85 68
23 23
0 0
11 0
56 15
113 54
173 85
228 107
265 125
273 140
246 142
197 123
134 85
72 46
27 17
7 7
19 13
60 27
121 50
185 80
238 113
267 138
267 144
238 130
187 105
123 76
62 46
19 19
7 7
25 9
72 29
132 60
195 93
246 123
269 138
263 140
228 126
175 103
111 72
54 41
15 15
7 5
31 11
82 35
144 66
207 99
251 125
271 140
259 140
222 125
164 95
101 62
46 35
13 15
9 7
39 15
91 41
156 72
216 107
259 132
275 148
263 152
208 125
142 82
82 42
37 15
11 5
11 5
44 17
103 41
169 74
228 111
263 138
271 148
248 136
203 113
140 82
80 56
31 29
5 7
15 3
54 17
115 48
177 85
232 115
265 132
267 138
244 132
193 113
128 82
70 48
23 21
7 5
21 9
64 27
126 56
189 89
240 117
269 136
265 140
236 128
183 107
119 74
60 42
19 19
5 7
27 11
74 33
138 62
201 95
246 123
269 136
263 138
228 126
171 103
107 70
50 37
15 13
9 7
33 15
85 37
150 70
210 101
255 130
275 152
253 142
208 109
152 72
95 48
46 33
11 17
7 7
41 9
97 35
164 76
220 115
257 138
269 140
253 130
208 115
148 93
83 60
33 27
7 3
13 1
50 19
107 48
171 82
228 109
263 130
271 142
246 136
199 117
136 83
74 50
27 21
7 7
17 9
58 25
117 50
183 82
236 115
267 136
267 140
240 130
189 109
125 78
64 46
21 19
7 7
23 9
68 29
128 56
193 89
244 121
269 138
265 140
232 128
177 103
115 74
56 41
17 17
7 7
31 13
80 37
148 74
205 107
242 121
259 125
255 123
224 115
167 97
101 66
46 33
13 9
11 3
37 17
89 44
154 74
214 103
255 126
271 140
255 140
214 121
154 91
91 56
39 29
9 9
11 5
44 17
101 42
166 74
222 107
261 132
271 142
250 136
205 115
144 87
82 56
33 29
7 9
15 5
52 21
113 50
175 83
230 113
265 132
269 140
244 132
195 113
132 80
70 48
25 21
7 7
21 9
62 27
123 56
187 89
238 117
267 136
267 140
238 130
185 107
123 76
62 44
21 19
7 7
25 13
78 41
136 72
189 87
234 99
267 117
267 134
232 132
173 105
109 64
54 29
17 13
9 13
31 21
82 39
146 62
207 93
251 125
271 142
259 140
220 121
162 91
99 62
44 35
11 15
9 7
39 13
93 37
158 72
216 107
255 130
269 140
255 136
210 119
150 91
87 58
37 29
9 9
13 5
46 19
105 44
169 78
226 109
261 132
269 142
248 134
203 115
140 85
76 52
29 25
7 7
17 5
56 23
115 48
181 83
234 115
265 134
267 140
242 132
193 113
130 82
68 48
27 25
15 19
19 13
54 17
119 39
191 76
244 115
267 138
263 140
234 123
183 101
121 76
58 48
17 23
7 7
29 9
76 31
138 64
201 97
248 123
269 136
261 136
226 125
169 101
105 70
48 37
13 11
9 3
35 17
87 41
150 68
210 99
255 125
271 140
257 140
216 123
158 95
95 62
41 31
9 11
11 7
42 17
97 41
162 74
220 107
259 130
271 142
251 136
207 117
146 89
83 56
33 27
9 9
15 7
50 21
109 48
173 80
230 111
263 132
269 142
246 134
197 115
136 83
78 56
33 37
3 11
7 0
52 0
121 37
189 85
238 123
265 136
267 134
242 125
189 111
125 85
64 52
21 17
5 1
23 5
70 31
130 62
195 91
244 115
269 132
263 138
232 130
175 105
113 70
54 37
17 15
7 7
29 13
80 35
144 64
205 95
250 125
271 140
261 140
222 123
164 95
101 64
46 37
13 15
7 5
37 13
91 37
156 72
214 105
255 128
271 140
255 136
214 119
154 91
91 60
39 31
9 11
11 5
44 19
101 44
167 78
224 109
261 132
271 142
253 140
210 126
144 95
72 50
21 11
3 0
17 0
54 21
111 50
175 80
234 107
267 132
271 146
244 140
195 115
130 80
70 44
25 21
5 7
19 9
62 25
123 50
189 85
242 119
267 138
265 140
236 128
183 105
119 76
58 44
19 17
7 5
27 9
72 29
136 60
199 93
248 123
269 138
263 140
228 126
173 101
109 70
50 39
13 13
7 3
33 11
83 35
148 66
208 101
253 126
271 138
257 138
220 125
162 97
95 64
42 33
11 11
11 5
41 17
95 42
160 74
218 107
259 132
271 144
259 148
212 128
140 83
76 37
31 7
9 3
15 11
46 23
105 42
171 72
230 109
265 142
269 152
246 138
199 111
138 80
76 52
27 27
5 7
17 3
56 17
117 48
181 85
236 117
265 134
267 140
240 130
189 111
128 82
66 48
21 21
5 3
23 7
68 31
128 60
191 91
242 117
269 134
265 140
232 130
177 105
117 72
56 41
17 17
7 7
27 13
76 33
140 62
203 95
248 123
271 140
261 140
226 125
167 99
103 66
48 35
15 15
9 9
35 15
87 39
154 72
216 109
259 138
265 144
246 126
208 105
156 80
95 58
41 33
9 9
11 1
44 13
101 44
166 82
220 113
259 132
271 138
251 134
207 119
144 89
82 52
33 23
7 5
13 5
50 21
111 48
177 82
230 111
263 132
269 142
246 134
197 113
132 82
72 48
27 21
7 7
19 9
60 25
123 52
185 85
238 115
267 134
267 140
238 130
185 107
123 76
62 44
21 19
7 7
25 11
70 29
134 58
197 91
246 121
269 136
263 138
230 126
175 103
111 72
52 39
17 17
9 7
33 15
82 37
148 72
212 113
246 128
257 123
251 115
224 113
167 101
99 72
42 33
13 3
11 1
41 21
91 48
156 76
216 101
257 125
271 140
253 140
212 123
152 91
89 54
37 25
9 9
13 9
46 19
103 42
167 74
224 107
261 132
271 144
250 136
203 115
140 83
78 52
31 27
7 9
15 7
54 21
115 48
179 82
234 115
265 134
269 142
242 132
193 111
130 80
68 48
23 21
5 5
21 5
66 25
126 56
189 89
240 119
269 138
267 142
236 130
181 105
119 76
60 42
19 19
7 9
35 21
76 41
128 58
189 80
244 105
271 130
263 140
224 126
169 97
107 62
54 37
15 19
7 13
33 15
83 35
150 64
210 101
251 128
269 140
257 136
218 119
160 91
95 62
41 33
11 11
11 5
41 15
95 42
162 76
220 107
257 130
271 140
253 136
208 119
148 91
85 56
35 27
7 9
11 5
48 17
109 46
173 80
228 111
261 132
269 140
248 134
199 115
136 83
74 52
29 23
7 7
17 7
58 23
119 52
183 85
236 115
265 134
267 142
240 134
189 111
125 78
66 46
23 23
11 17
23 21
58 21
121 35
191 72
246 115
271 144
263 144
232 123
179 97
117 72
56 48
17 25
5 7
29 9
78 29
142 66
203 101
248 125
269 134
259 134
224 123
167 101
103 70
46 35
13 11
9 3
37 15
89 41
154 70
214 101
255 126
269 138
255 136
216 123
156 93
91 60
39 29
9 11
11 7
44 19
99 44
166 76
222 107
259 130
271 142
251 138
205 117
144 87
82 54
33 27
7 9
15 7
52 21
111 48
177 82
232 113
265 134
269 142
244 134
197 113
136 89
76 60
21 27
0 0
11 0
62 13
125 50
185 87
236 113
269 130
271 138
240 134
185 113
123 82
62 44
19 17
5 5
25 11
72 31
134 58
197 87
246 117
269 136
263 140
228 126
173 99
109 68
52 39
15 15
7 5
33 13
82 33
146 66
208 101
251 126
271 140
259 138
220 123
162 95
99 64
44 35
11 13
7 3
39 15
93 41
158 72
218 105
257 128
271 140
253 138
210 121
150 91
87 58
37 29
9 9
11 5
46 17
107 46
171 80
226 111
261 132
271 142
250 138
205 123
144 99
72 56
17 7
0 0
17 0
60 25
117 58
179 83
234 105
267 128
271 146
244 144
191 117
126 78
66 41
23 17
5 9
21 11
64 25
128 50
191 85
242 119
267 140
265 140
234 128
181 103
117 72
58 42
17 19
7 7
27 9
76 29
140 62
201 97
248 125
269 138
261 138
226 125
169 101
105 68
48 35
15 13
9 7
35 15
85 37
152 68
212 101
253 126
269 140
257 138
218 123
158 95
95 62
39 31
11 11
11 7
42 19
97 44
162 76
222 109
263 134
279 152
251 144
197 113
136 74
80 41
35 21
9 9
13 7
50 17
109 42
175 80
230 117
263 140
269 144
246 132
197 113
134 83
72 52
25 23
5 5
17 3
60 23
121 54
185 87
238 117
265 134
267 140
240 132
187 111
123 78
64 44
21 19
7 7
23 11
70 31
130 60
195 91
244 119
269 138
263 140
232 128
177 103
113 70
54 41
15 17
7 5
31 13
80 35
142 64
205 95
251 123
271 140
259 140
222 125
166 97
103 64
46 37
11 13
9 5
37 15
91 41
156 72
216 107
261 138
271 150
244 128
205 97
152 74
93 58
41 39
7 15
9 0
48 11
103 44
167 83
222 115
261 134
271 138
250 132
203 117
140 89
80 54
31 23
7 5
15 5
52 23
115 52
177 82
232 111
265 132
269 142
244 136
193 113
130 80
70 46
25 21
7 7
19 9
62 25
125 52
189 87
240 119
267 136
267 140
236 130
183 107
119 76
60 44
19 19
7 5
25 9
72 29
136 60
199 93
248 123
269 138
263 140
228 128
173 103
109 70
52 39
15 17
9 9
33 17
87 42
154 78
205 103
244 117
263 125
259 126
220 121
162 97
95 60
42 27
13 7
13 9
41 23
93 46
160 72
218 101
259 128
271 142
251 138
208 117
148 85
87 52
35 27
7 11
13 7
48 19
107 44
171 78
228 113
263 134
269 142
248 132
201 113
138 85
76 52
27 23
7 7
17 7
58 23
117 52
181 85
236 115
265 134
267 140
240 130
191 111
128 80
66 46
21 19
7 5
23 9
66 29
128 56
193 91
242 121
269 138
265 142
232 130
179 105
117 74
56 42
17 17
7 7
33 19
82 46
134 64
191 78
244 101
271 126
263 142
226 130
167 99
105 60
50 31
15 19
9 15
35 21
87 37
152 64
212 99
253 130
269 144
255 136
214 115
158 89
93 60
41 35
9 11
11 3
44 15
101 44
164 78
220 107
259 128
271 138
253 136
207 119
144 89
82 54
33 25
7 7
13 5
50 21
111 48
173 82
230 111
263 134
269 142
246 134
197 113
134 82
72 50
27 23
7 7
19 7
60 25
123 54
185 87
238 117
267 138
267 142
238 132
187 107
123 76
64 48
29 31
7 17
15 7
60 13
130 42
199 85
246 123
267 138
263 136
232 123
179 103
113 76
52 46
15 19
7 5
31 9
80 33
144 66
207 101
251 125
269 134
259 134
222 125
164 97
99 64
44 33
11 11
9 5
39 17
91 41
156 72
216 103
257 128
271 140
255 136
212 119
152 89
89 58
37 29
9 11
11 5
44 17
103 42
169 78
226 111
261 132
269 140
250 134
203 117
142 87
78 54
31 25
7 7
17 7
56 23
115 50
179 83
234 115
265 134
269 142
242 134
193 113
130 83
74 60
23 29
0 0
11 0
64 9
128 52
191 95
240 121
267 130
267 132
238 128
183 115
119 83
58 44
17 13
7 1
27 13
74 35
136 62
201 89
248 117
269 136
261 142
226 128
171 101
107 66
50 35
5 13
9 9
31 17
83 37
15 66
210 99
3 128
269 142
250 138
218 121
160 93
95 64
33 33
11 13
9 5
42 15
97 41
35 74
218 105
9 130
271 142
251 138
130 119
148 89
85 56
31 29
9 11
13 7
50 21
109 48
171 82
228 111
263 134
271 144
251 140
203 125
130 85
64 39
5 5
0 0
19 3
50 25
117 52
58 82
240 113
19 130
269 148
238 136
189 109
126 76
64 44
5 21
5 7
21 7
68 23
130 52
195 91
244 121
269 138
265 140
232 126
177 105
113 74
56 42
17 17
7 5
29 11
78 33
142 64
205 97
250 123
269 136
261 138
224 126
167 101
103 66
46 35
13 13
9 7
35 17
89 39
154 70
214 101
253 126
269 140
255 136
216 123
156 93
91 60
39 31
9 11
11 7
44 21
101 46
166 80
222 109
259 132
273 146
255 148
201 119
132 70
74 31
33 15
11 11
15 13
50 21
111 41
179 76
234 117
263 144
267 148
244 132
195 107
130 80
68 50
23 23
7 5
19 3
62 21
123 52
189 89
240 119
269 136
265 138
236 130
185 109
121 78
60 42
19 15
0 5
25 11
72 31
9 62
199 93
248 121
19 138
263 140
228 126
173 93
111 70
52 41
13 17
7 7
33 13
68 35
21 66
208 99
3 126
271 140
251 138
220 123
164 95
93 64
44 33
11 13
9 5
41 17
95 42
160 78
224 117
7 136
261 134
244 121
207 103
152 82
89 58
35 31
0 5
15 1
52 19
99 52
169 87
226 113
261 130
271 138
248 134
201 117
138 85
78 50
29 21
5 5
17 7
56 25
115 52
173 83
234 113
265 134
267 142
240 132
191 111
128 80
66 46
23 21
7 7
21 9
66 27
128 56
191 89
242 119
269 136
265 140
234 128
181 105
117 74
58 42
19 17
7 7
27 11
76 33
140 64
201 95
248 123
269 138
263 140
226 126
169 101
105 68
50 39
15 15
9 7
35 17
87 41
158 82
210 109
244 117
261 117
257 121
220 121
160 101
93 64
41 25
13 3
13 7
42 27
99 50
162 76
220 101
257 125
271 142
251 140
207 121
146 85
83 50
35 27
7 11
13 9
50 19
109 44
173 78
222 113
13 134
253 140
175 130
197 111
134 82
72 50
27 23
7 7
19 7
58 23
119 52
185 85
238 115
267 134
267 140
238 130
187 109
125 78
62 44
21 19
7 5
25 9
70 29
130 58
195 91
246 121
271 138
265 140
232 128
177 105
113 74
54 42
17 19
11 15
35 23
72 35
132 50
201 80
251 115
271 138
259 138
220 123
166 93
103 64
48 39
13 21
9 11
37 15
91 37
154 70
214 105
255 128
271 138
255 134
212 117
154 91
89 62
39 31
9 9
11 3
46 17
103 44
167 80
224 111
261 132
271 140
250 136
205 117
142 87
80 54
31 25
7 7
15 7
54 23
113 50
177 82
232 113
265 134
269 142
244 134
193 111
130 80
70 48
23 21
5 5
21 7
64 27
125 56
189 89
240 119
269 138
267 142
236 130
183 107
121 76
60 44
21 23
9 17
21 11
62 13
130 39
201 83
250 126
269 144
261 138
228 119
173 97
111 74
50 46
13 19
7 3
33 7
83 33
148 68
208 101
251 123
271 134
259 134
218 123
162 97
97 64
37 31
11 11
9 5
41 17
95 42
35 74
218 103
7 128
255 140
253 138
193 119
148 87
85 54
31 29
9 13
13 7
48 21
99 46
171 80
220 113
13 134
253 140
177 132
201 115
136 83
74 50
29 23
7 9
17 7
56 23
119 52
183 85
236 117
265 136
267 142
242 134
193 115
132 89
64 52
13 15
0 0
19 0
68 21
130 58
191 91
242 117
269 132
267 140
234 132
179 111
117 76
56 41
17 15
7 5
27 13
76 33
140 60
205 93
250 123
269 138
261 140
226 125
169 99
103 66
46 37
13 15
9 5
35 15
87 37
152 68
212 103
255 128
271 140
257 136
216 121
156 93
91 60
39 31
9 9
13 7
44 19
99 44
164 76
222 107
259 130
269 140
251 136
207 117
144 89
82 54
33 27
7 9
15 9
52 21
111 48
175 82
232 113
265 136
269 142
246 136
203 125
132 89
60 39
15 0
5 0
23 7
62 33
121 58
185 80
240 111
271 138
269 152
236 140
185 107
123 72
62 41
19 19
5 9
23 9
72 25
132 54
195 89
246 123
271 142
263 140
228 126
173 101
111 70
54 41
15 17
7 5
31 11
82 33
146 66
207 99
251 125
271 138
259 138
220 125
164 97
99 66
44 35
11 13
9 5
39 15
91 41
156 72
216 103
257 128
271 140
255 138
210 119
152 91
89 58
39 31
9 11
11 7
46 19
103 44
169 80
226 113
267 140
273 152
242 136
191 103
134 68
78 42
33 23
5 7
15 3
56 17
119 48
183 87
234 121
265 138
267 140
242 128
193 111
128 83
68 48
23 19
5 1
21 5
64 25
126 56
191 89
242 117
267 136
265 140
236 130
181 107
119 74
58 41
19 17
5 5
27 11
74 31
138 62
201 95
248 123
269 138
263 140
228 128
169 101
105 68
50 37
15 13
9 5
33 15
83 37
150 66
210 99
253 126
271 140
257 138
218 123
160 95
95 64
42 33
11 11
11 7
41 19
97 44
162 74
224 115
263 144
263 140
240 117
205 95
150 80
87 62
33 33
7 7
15 0
52 17
109 52
171 89
228 117
263 130
269 136
246 132
197 117
136 85
74 48
27 19
7 3
17 7
58 27
119 52
183 83
238 115
267 136
267 144
240 132
189 109
125 76
64 44
21 19
5 5
23 9
68 29
130 58
193 91
244 121
269 138
265 140
232 128
177 103
115 72
56 42
17 17
5 3
29 9
80 33
142 68
203 99
250 125
271 138
261 140
224 126
166 99
103 66
48 37
13 13
9 7
39 19
97 50
152 78
203 95
248 111
269 125
257 132
214 123
152 91
91 56
41 25
11 9
13 11
44 25
101 46
166 76
222 105
259 132
269 142
250 136
205 115
144 83
80 52
31 27
7 9
15 5
52 21
113 48
177 83
232 115
263 134
269 140
244 132
195 111
130 82
70 48
27 19
7 7
19 9
62 27
123 54
189 87
240 117
267 136
267 140
238 130
185 107
121 76
62 44
21 19
5 7
25 9
72 29
136 60
199 95
244 123
267 136
265 140
230 128
173 105
109 72
52 39
17 15
9 9
37 25
80 42
136 54
199 74
251 109
273 140
261 146
218 125
162 89
99 56
46 35
13 21
9 15
39 17
93 35
158 68
216 107
255 130
271 140
253 134
210 117
150 89
87 60
37 31
9 9
13 5
48 19
105 46
169 78
228 109
13 132
271 142
248 134
201 117
140 85
76 52
29 23
7 7
17 7
56 23
115 50
173 83
236 115
267 136
267 142
240 125
191 111
128 80
66 48
21 21
0 7
23 9
62 27
1 56
125 89
242 119
15 138
265 142
234 130
173 107
119 78
62 50
21 29
0 5
15 0
62 13
1 52
205 95
248 126
17 136
263 134
228 123
171 103
107 76
48 41
13 13
9 1
31 11
85 39
150 70
210 99
253 123
271 136
257 138
216 123
158 95
93 60
41 29
9 9
9 5
42 17
99 44
162 74
218 105
259 130
271 142
251 138
207 119
146 87
83 54
33 27
7 7
13 7
50 21
111 48
173 80
230 111
263 132
269 142
246 134
197 113
134 82
72 48
27 23
5 5
19 7
60 25
121 54
185 87
238 117
267 136
267 144
240 132
187 111
126 83
68 56
13 17
0 0
19 0
72 19
136 64
195 97
244 117
19 128
267 136
234 134
171 113
109 74
54 35
19 11
7 7
29 17
78 37
144 62
207 93
250 123
269 140
259 142
222 125
166 97
101 64
46 35
13 15
9 7
37 15
89 37
156 70
216 105
257 128
271 140
255 136
212 119
152 91
89 60
39 31
9 9
11 5
44 17
101 44
167 78
224 109
261 132
269 138
250 134
205 115
142 89
80 56
31 25
7 7
17 7
54 25
113 52
177 83
234 115
267 136
271 146
248 142
193 119
121 74
60 33
21 7
9 1
21 9
62 27
125 50
189 83
244 119
269 142
265 148
236 132
183 105
119 74
58 44
17 19
5 5
25 7
74 27
136 60
199 95
246 121
271 136
265 140
228 126
171 103
109 70
52 39
15 15
7 5
33 13
83 35
148 66
208 97
253 126
271 140
257 138
218 123
162 93
97 62
42 33
11 13
9 5
41 17
95 41
160 72
216 103
259 128
271 142
253 138
208 119
150 89
87 58
35 29
7 11
11 7
48 21
107 46
171 78
228 111
265 138
277 156
244 140
189 101
130 60
76 37
31 25
7 13
15 7
56 15
121 44
187 87
238 126
265 144
267 142
240 126
189 107
125 80
64 50
21 19
5 1
21 3
68 25
128 60
193 93
244 119
269 134
265 140
232 132
179 107
115 72
56 39
17 15
5 5
27 9
78 31
142 64
203 97
250 125
269 138
263 140
226 126
167 99
103 66
46 35
13 13
9 5
35 15
87 37
152 70
212 101
255 126
271 140
257 140
216 125
156 95
93 60
41 31
11 13
11 7
44 19
101 44
171 83
224 117
253 130
259 128
248 121
208 107
146 85
80 54
31 23
9 3
17 5
54 27
111 56
175 85
230 113
263 132
251 140
236 134
197 115
132 82
72 46
25 19
7 5
19 1
62 27
123 52
187 85
234 117
19 138
267 142
234 130
185 107
123 76
60 44
19 19
0 5
23 9
70 29
132 58
197 91
246 121
21 140
255 142
230 126
173 101
111 70
52 39
15 17
7 5
31 13
82 35
146 66
207 99
251 126
271 140
259 138
222 123
164 97
99 66
44 37
11 13
9 7
39 17
97 48
160 83
208 99
246 107
267 121
257 130
214 125
152 95
87 56
39 21
11 7
13 13
46 27
103 48
167 74
224 103
261 132
269 146
248 136
201 111
140 80
78 50
29 27
7 9
15 5
54 19
115 48
179 83
234 117
265 136
267 140
242 130
191 111
128 82
68 48
23 21
5 5
21 7
64 27
126 56
191 89
242 117
269 136
265 140
236 130
181 107
117 74
58 41
19 17
5 5
27 9
76 31
140 64
201 95
248 123
269 138
263 140
228 126
169 103
107 68
52 39
17 19
13 17
31 19
74 27
140 48
210 85
255 121
271 140
257 136
216 119
162 89
97 62
42 39
9 17
11 7
42 15
97 41
160 76
218 107
257 128
269 136
251 132
208 117
148 89
83 56
35 25
9 7
13 5
48 21
109 48
173 80
230 109
263 132
269 142
246 134
199 113
136 83
74 48
27 21
9 7
17 9
58 25
119 52
183 83
238 117
267 136
267 142
240 130
189 107
125 78
64 46
21 19
7 7
23 9
68 29
130 58
195 91
244 121
269 138
265 142
232 128
177 105
113 72
58 44
23 29
3 11
17 0
70 7
142 46
208 99
251 134
267 140
259 130
226 117
169 103
103 76
46 42
11 11
9 0
37 11
89 41
152 74
214 101
255 123
269 134
255 136
214 121
156 95
91 60
39 31
9 9
11 7
44 19
101 44
166 76
222 107
261 130
271 142
250 136
205 115
142 85
80 52
33 25
7 7
15 5
54 21
113 50
177 82
232 113
265 134
267 140
244 132
195 113
132 82
70 48
25 23
7 7
21 9
62 27
123 54
187 87
238 117
269 136
267 144
240 134
191 117
123 85
52 41
9 3
1 0
27 0
74 29
134 60
197 91
246 117
271 134
267 146
222 136
171 107
109 68
52 35
15 15
7 9
29 15
82 35
146 62
208 97
251 126
269 140
251 140
220 121
162 95
97 64
42 35
11 15
9 7
39 15
93 39
158 72
218 105
257 130
271 140
253 136
210 121
152 91
85 58
37 29
7 9
11 5
48 19
105 46
169 78
226 109
263 132
269 140
248 134
201 113
138 83
78 52
31 27
7 11
17 9
56 25
119 52
181 85
234 119
265 138
267 142
248 140
193 121
119 76
54 27
19 0
11 0
25 13
64 33
126 52
193 82
246 117
269 144
265 150
234 132
179 101
115 68
56 39
17 21
5 7
27 9
76 25
140 58
203 97
248 125
269 138
261 136
226 123
169 101
105 70
48 39
13 13
9 3
35 13
85 37
150 68
212 101
255 125
269 138
255 136
216 121
160 95
93 62
39 31
9 9
11 7
42 19
97 42
162 74
220 105
259 130
271 142
251 136
207 117
146 87
83 54
33 29
7 9
15 9
52 23
111 50
175 83
234 117
271 146
265 144
236 125
189 97
134 70
76 46
27 25
3 5
19 3
62 21
123 54
187 93
238 121
267 136
267 138
238 128
185 109
123 78
62 42
19 15
5 1
23 7
70 31
132 60
195 91
244 119
271 138
265 142
232 130
175 103
113 70
54 41
15 17
5 7
29 11
80 33
144 62
207 97
251 125
271 140
259 138
222 125
166 97
101 66
46 35
11 13
9 5
37 13
91 39
156 72
216 103
257 128
271 140
255 138
212 121
154 93
89 62
39 31
9 11
11 7
46 19
103 46
171 83
230 123
255 134
259 125
242 111
205 103
144 89
80 60
29 25
7 0
17 1
56 25
115 58
179 89
232 115
263 130
267 140
244 136
193 115
128 80
68 42
25 15
7 5
21 11
64 27
125 54
189 85
240 117
267 138
265 142
236 130
183 105
119 74
58 42
19 17
0 5
25 9
74 29
138 60
201 95
248 123
269 138
263 138
228 126
171 103
107 70
50 39
13 13
7 3
33 13
83 39
148 68
210 99
253 126
271 140
250 140
218 125
162 97
97 64
42 33
11 11
11 9
48 27
97 52
142 70
208 89
255 113
265 132
253 136
208 119
148 85
87 52
37 27
9 15
13 13
48 23
107 44
171 76
228 111
11 134
269 142
246 132
199 111
136 80
76 50
27 23
7 7
19 7
58 23
119 52
181 85
236 117
265 136
267 140
240 130
189 109
126 78
66 44
21 19
5 5
23 7
68 27
130 56
193 91
244 119
269 138
265 140
232 128
177 103
115 72
56 41
17 19
5 7
29 11
78 33
142 64
203 97
250 125
271 140
261 140
224 125
167 99
105 70
48 39
13 17
13 15
37 25
80 33
142 48
210 82
259 123
273 146
253 140
212 115
158 85
95 60
42 41
9 19
9 9
44 13
99 39
164 78
220 111
257 130
269 136
251 130
205 115
144 89
82 58
33 27
9 7
13 5
52 21
111 50
175 82
230 111
261 128
269 138
246 134
197 115
132 83
72 46
27 21
7 7
19 11
60 27
123 54
187 85
238 117
267 136
267 142
238 130
185 107
123 76
60 44
19 19
7 5
25 11
72 31
134 60
197 93
246 123
269 138
265 142
230 128
175 105
115 76
56 48
11 17
0 0
23 0
80 21
148 62
207 99
250 125
271 136
261 136
224 126
166 103
99 70
42 35
11 9
9 3
39 17
91 41
156 70
216 101
257 125
271 138
253 138
212 121
152 91
89 58
37 29
9 11
13 7
46 19
103 44
167 76
226 109
261 132
271 142
248 134
203 115
140 83
76 52
31 25
7 9
17 7
54 23
115 50
179 83
236 115
265 136
267 142
242 130
193 111
130 80
68 48
23 21
7 5
21 9
66 29
126 56
189 89
242 119
15 138
267 144
234 132
185 111
125 85
54 46
5 3
0 0
27 0
80 33
138 70
199 95
248 115
273 132
265 142
226 136
169 107
105 68
50 33
13 11
5 5
33 15
85 37
150 64
208 95
253 125
271 142
257 138
218 121
160 93
95 62
42 33
11 13
9 5
41 15
97 41
162 74
218 105
259 130
271 138
251 134
208 119
148 89
85 56
35 27
7 9
13 5
48 21
109 46
173 82
228 111
263 130
271 140
248 134
199 115
134 83
74 50
29 23
7 9
19 9
60 27
121 54
185 85
238 117
269 138
275 152
240 140
179 103
115 60
60 29
23 13
7 5
21 9
66 23
132 52
197 89
246 125
269 144
265 144
232 128
177 101
113 72
54 42
15 17
5 3
27 7
78 29
142 64
205 99
250 125
271 138
261 138
224 125
166 99
103 68
46 37
13 13
9 5
37 15
89 39
154 70
214 103
257 128
269 140
255 136
214 121
156 93
91 62
39 31
9 11
11 5
44 19
101 42
166 76
224 107
261 132
271 140
250 134
205 117
144 87
80 54
31 25
7 7
15 7
52 23
113 48
179 83
234 117
269 144
269 150
234 125
185 91
130 62
72 46
25 27
5 9
19 1
64 17
126 54
189 95
240 125
267 138
267 136
236 126
183 107
121 80
60 44
17 13
5 0
25 7
74 33
134 64
197 95
248 121
271 138
263 142
166 130
173 95
109 68
50 37
5 13
7 5
33 13
83 35
21 64
207 95
3 125
271 140
251 140
220 123
162 95
97 64
44 33
9 11
9 5
41 15
93 41
158 72
218 105
9 128
271 140
253 136
210 119
150 91
87 58
37 29
9 9
13 7
50 21
111 54
171 91
220 115
0 123
263 125
248 123
201 111
138 85
74 48
29 19
11 5
17 9
56 29
117 54
183 85
236 115
15 134
267 142
240 125
189 109
126 76
66 44
23 21
5 7
23 9
62 25
128 56
193 89
242 121
269 138
265 140
234 128
179 103
115 72
58 41
17 17
5 5
27 9
76 31
140 62
203 95
248 123
269 138
261 138
226 126
169 99
105 68
48 37
13 13
7 5
35 15
87 39
152 68
212 101
5 128
271 142
250 138
216 123
158 95
93 62
33 33
11 13
11 7
31 25
103 52
158 76
210 91
253 109
271 128
255 138
208 123
144 87
82 48
35 21
11 15
15 17
50 29
107 44
173 74
230 109
263 138
267 144
244 132
197 107
134 80
72 50
25 25
7 9
19 7
60 23
121 52
185 87
238 119
267 136
267 138
238 128
187 109
123 78
62 44
19 17
5 3
25 9
72 31
132 60
197 93
246 121
269 138
263 140
230 128
175 103
111 70
54 39
15 15
9 5
31 13
80 35
144 66
205 97
251 125
271 140
259 140
222 125
166 97
101 66
48 39
19 25
11 15
29 13
80 23
152 54
216 95
257 128
269 140
253 132
214 113
156 91
91 64
37 37
7 13
13 5
46 17
103 44
166 80
222 109
261 128
269 136
250 132
203 115
140 85
80 52
31 23
7 7
15 9
54 25
115 50
179 82
232 113
263 134
267 140
244 132
193 111
130 80
68 48
25 21
7 7
21 9
64 27
126 56
189 89
240 119
267 136
267 140
236 130
181 105
119 72
60 42
19 19
7 7
25 11
74 31
138 62
199 95
246 123
269 138
263 140
228 128
171 103
109 72
56 50
15 25
0 0
23 0
82 17
152 64
210 107
250 126
269 132
259 128
222 123
162 105
95 72
42 35
11 7
9 3
39 17
93 44
160 74
218 101
257 125
271 138
253 138
208 121
150 89
85 54
35 27
9 11
13 11
48 21
107 44
171 78
226 109
261 132
269 138
248 134
201 113
136 83
74 52
27 25
7 9
17 7
58 23
117 50
183 83
236 117
267 136
267 140
240 130
191 109
126 80
66 46
21 21
7 5
23 9
68 27
128 56
193 91
244 121
271 140
267 144
238 136
183 115
109 74
44 29
9 0
5 0
31 9
76 33
138 60
203 89
251 121
273 142
261 146
224 128
167 99
103 64
48 35
11 15
7 5
35 11
87 33
152 66
214 103
255 130
271 142
250 136
216 119
156 93
91 62
39 33
9 11
11 3
44 17
99 42
164 76
222 107
259 130
269 140
251 136
207 117
144 87
82 56
33 27
7 7
13 5
52 21
111 48
177 82
230 113
263 132
269 140
246 132
195 113
132 82
72 50
25 21
7 7
21 9
62 27
123 56
187 89
240 119
267 138
269 146
242 144
179 107
109 56
56 19
21 7
9 11
23 15
68 27
134 50
201 89
248 128
271 150
263 146
228 125
173 97
109 70
52 42
13 17
5 3
31 5
82 29
146 66
207 101
251 126
271 138
259 138
220 125
164 99
99 64
44 33
11 11
9 3
37 15
93 42
158 72
216 103
257 126
271 140
255 138
212 121
152 91
87 56
37 27
9 9
13 7
46 19
105 44
169 78
226 109
261 132
269 142
248 134
203 115
142 85
78 54
29 25
9 9
17 9
56 23
115 52
183 89
242 126
263 142
255 134
232 115
191 95
130 74
68 48
21 19
5 1
23 5
68 27
126 62
191 95
242 121
269 134
265 138
234 128
181 107
117 76
56 41
17 13
7 3
29 11
76 33
138 62
201 93
248 123
269 140
253 140
226 126
169 101
105 68
48 37
13 13
7 5
35 15
78 37
23 66
212 99
5 126
271 140
250 138
218 123
160 95
95 62
33 33
9 11
9 5
42 17
35 42
37 74
220 107
9 130
271 140
251 136
208 117
148 89
85 58
35 29
7 9
13 7
50 21
111 50
46 93
228 121
3 123
259 117
117 117
201 111
138 89
72 52
25 15
9 0
21 0
60 35
56 60
58 85
236 109
267 132
267 144
238 136
187 107
125 72
64 41
21 19
5 9
23 9
70 27
132 56
195 91
244 123
269 138
265 142
232 128
175 103
113 72
54 41
15 15
7 3
29 9
80 33
142 64
205 97
250 123
271 138
261 138
222 125
166 99
101 66
46 35
13 11
7 3
35 13
89 39
156 72
214 103
255 128
271 142
257 138
214 123
154 93
91 60
39 31
11 13
17 15
48 29
95 44
156 64
216 89
261 119
271 138
250 136
203 115
142 80
82 50
33 27
9 17
15 13
52 21
113 46
177 82
224 115
13 136
251 140
173 125
195 107
130 80
68 46
17 21
7 5
21 0
62 27
0 56
189 89
240 119
17 136
265 140
236 130
183 107
121 74
60 41
19 17
7 7
25 11
72 31
136 60
136 93
248 123
19 138
263 140
166 125
171 93
109 70
52 31
15 15
0 7
33 13
3 37
21 66
208 99
3 126
271 140
250 138
220 123
164 97
97 64
37 35
15 19
15 19
33 15
82 23
152 50
220 95
261 132
271 146
251 132
210 109
154 85
89 64
37 39
7 15
13 3
48 15
105 44
169 82
224 111
261 128
269 134
248 130
201 117
138 87
78 54
29 23
7 5
17 7
56 27
117 54
181 83
234 113
265 134
267 142
240 132
191 109
128 80
66 46
23 21
5 7
23 9
66 29
128 56
191 89
242 117
269 138
267 142
234 128
179 103
117 72
58 42
17 17
5 5
29 11
78 31
140 64
203 95
248 123
271 140
261 140
226 128
171 105
113 80
48 42
3 7
0 0
31 0
89 31
152 70
208 99
253 121
273 134
257 138
218 128
158 101
93 64
41 31
11 9
9 7
41 19
97 41
162 70
220 103
259 128
271 142
251 136
207 117
146 87
83 54
35 29
7 11
13 7
50 19
109 44
175 82
230 115
263 134
269 140
246 132
197 113
134 83
72 50
27 23
7 7
19 7
60 25
121 52
185 85
238 115
267 136
267 142
238 130
187 109
123 76
62 42
21 19
7 7
25 11
70 29
132 60
197 93
246 123
269 140
265 142
232 130
181 115
109 78
42 29
5 0
5 0
33 11
82 41
142 66
205 91
253 119
273 142
261 148
222 132
164 97
99 60
44 29
13 15
9 9
37 15
89 33
158 66
216 103
257 132
271 142
255 136
214 117
154 91
89 62
37 31
9 11
11 3
44 17
103 42
166 78
224 109
261 130
269 138
250 134
203 117
142 87
80 54
31 25
7 7
17 7
54 23
113 50
177 82
232 113
265 134
267 142
242 132
193 111
130 80
70 48
25 21
5 7
21 7
66 27
126 56
189 89
242 121
273 144
271 152
228 130
169 93
113 58
60 31
21 15
5 5
25 9
74 25
140 58
201 99
248 128
269 142
263 140
228 125
171 101
107 70
50 39
13 13
7 1
33 9
83 35
148 66
210 99
253 125
271 140
257 138
218 125
160 95
97 62
41 31
11 11
9 5
41 17
95 41
160 72
218 105
257 128
271 140
253 136
208 119
148 89
85 56
35 29
7 11
11 5
48 17
109 46
173 82
226 113
261 132
269 140
248 134
199 115
136 85
76 52
29 25
7 9
17 9
58 25
119 54
183 87
240 125
269 148
259 138
228 113
185 87
128 68
68 50
21 27
3 1
23 0
72 25
132 66
195 103
242 125
267 134
265 136
234 128
177 109
113 74
54 37
17 9
7 1
29 13
78 35
142 64
205 93
250 123
269 140
261 140
224 126
167 99
103 64
46 33
11 13
9 7
37 17
87 37
154 68
214 103
255 128
271 140
255 136
216 121
158 93
91 60
39 31
9 11
11 5
44 17
99 42
166 74
222 109
261 130
269 142
251 136
207 117
144 87
82 56
33 27
9 9
17 9
56 27
119 60
173 87
220 105
255 117
267 126
246 126
195 113
130 82
72 44
27 17
9 7
21 13
62 33
123 56
185 83
240 113
267 138
265 142
236 128
185 103
123 72
62 44
19 19
5 5
25 9
72 29
134 58
197 93
246 123
269 138
263 140
228 126
175 101
111 72
52 39
15 13
7 3
31 11
82 35
146 66
207 99
251 125
271 138
259 138
220 125
162 97
99 64
44 33
11 13
9 5
39 15
91 39
158 72
216 103
257 130
271 142
255 138
212 121
152 91
87 60
37 31
9 11
15 9
52 31
101 50
158 64
216 83
261 115
275 142
250 144
199 117
138 78
80 46
33 29
7 19
15 15
54 23
117 46
179 82
232 117
263 138
267 140
242 128
191 105
128 78
68 48
25 23
5 5
21 5
66 25
128 58
191 93
240 121
267 134
267 138
236 128
181 107
117 76
58 42
17 15
5 5
27 11
76 33
140 62
201 95
248 123
269 138
263 140
226 126
169 101
105 68
48 37
13 13
7 5
35 13
85 37
152 68
210 101
253 126
271 140
259 138
218 125
160 97
95 64
44 39
13 19
5 5
31 5
91 25
164 64
222 105
257 132
267 138
251 130
210 115
150 93
83 62
33 31
7 7
15 5
50 21
107 48
171 82
228 109
263 130
269 138
246 134
199 115
134 83
