710000 10000000 148897 14
269 138
251 136
212 123
160 95
103 66
58 46
23 29
3 5
13 0
60 5
123 44
181 87
226 117
257 126
269 130
255 130
218 126
164 105
107 72
56 37
21 13
7 5
23 13
60 29
115 52
173 76
222 105
255 128
269 142
255 138
218 121
169 97
113 70
60 44
23 23
9 9
21 9
58 25
109 48
158 78
218 105
255 126
269 138
257 136
224 125
175 93
117 72
62 42
9 19
11 9
21 11
54 25
103 46
164 76
214 103
251 126
267 138
259 136
228 125
179 103
123 76
68 46
29 23
11 9
19 11
50 23
103 48
166 85
210 109
234 119
7 119
257 123
109 121
183 107
125 76
72 44
33 19
13 9
17 13
48 27
95 46
152 70
207 97
246 123
265 138
261 138
234 126
187 103
132 78
78 52
35 27
11 11
15 7
42 17
91 41
148 72
203 99
244 121
265 134
265 138
238 130
193 111
136 82
82 52
37 27
13 11
13 7
41 17
85 37
142 64
199 93
242 121
265 136
265 140
240 130
197 111
140 83
83 54
41 31
13 13
11 7
35 13
82 35
138 64
195 95
238 119
263 134
267 140
246 134
203 117
152 99
89 68
35 25
3 0
7 0
37 9
80 41
132 66
189 85
236 107
265 130
269 148
248 142
205 119
150 83
93 54
46 33
17 19
9 9
31 9
72 25
128 54
183 87
232 117
261 132
267 136
248 132
208 117
158 95
101 66
50 35
17 13
11 7
29 15
68 33
123 56
179 82
228 111
259 130
267 142
251 136
212 119
162 93
103 64
54 39
19 19
9 9
25 11
64 27
117 52
175 82
224 109
259 128
267 138
253 136
218 121
167 99
109 70
58 42
23 21
11 13
27 17
66 39
109 54
160 68
214 89
253 115
269 132
255 138
220 121
171 95
115 68
64 44
27 29
9 15
19 11
56 21
107 44
166 80
216 109
251 126
267 134
259 134
224 125
175 103
119 74
66 44
27 21
11 9
19 9
52 23
103 46
160 72
214 103
251 126
267 140
259 138
228 126
179 103
123 76
68 46
27 21
11 9
19 9
48 23
97 44
156 72
210 101
250 125
267 138
261 140
232 126
185 105
128 78
74 50
33 25
11 11
17 7
44 19
93 42
150 70
207 101
248 123
267 138
265 142
242 140
187 113
123 68
70 29
35 11
15 11
15 15
41 21
87 33
148 62
205 99
244 130
263 142
263 138
240 126
193 107
136 83
82 56
37 27
13 7
13 1
37 13
85 37
142 66
195 93
240 115
265 132
265 140
242 134
199 115
142 83
87 56
41 31
13 15
11 9
35 13
80 33
136 60
191 91
236 117
263 134
267 140
244 132
201 113
148 87
93 60
44 33
17 15
11 9
33 17
76 33
130 60
187 87
234 115
263 132
251 140
177 134
208 117
154 91
97 64
48 39
23 23
15 17
15 13
58 17
117 37
60 74
234 113
1 134
250 136
251 126
140 115
160 97
93 72
31 42
19 17
3 5
27 11
66 31
119 56
173 83
218 107
7 126
267 138
251 136
214 121
164 93
105 64
56 39
23 21
9 11
25 13
62 27
117 52
173 82
222 111
255 128
267 138
255 134
218 121
167 97
111 70
60 41
23 19
9 7
21 7
60 25
111 52
160 80
218 107
255 126
267 138
255 136
224 125
173 101
117 72
64 42
25 21
11 9
21 11
54 25
105 46
164 76
216 107
253 132
271 152
251 138
214 107
171 80
123 66
70 48
27 27
9 5
19 0
54 17
103 50
160 83
210 109
250 125
267 132
261 136
230 128
181 107
125 74
70 41
31 19
11 9
17 9
48 21
97 33
13 70
207 99
246 125
267 138
261 138
232 125
187 103
130 80
76 52
33 29
11 11
15 7
44 17
91 41
148 70
203 97
244 119
265 134
263 138
238 128
193 109
136 82
80 52
37 27
13 11
15 9
41 17
87 39
144 66
199 95
242 119
265 136
265 140
242 132
197 113
142 89
91 66
41 39
3 7
3 0
33 0
82 27
140 62
193 93
238 115
265 128
267 138
246 138
201 121
144 91
89 58
42 31
13 15
11 11
33 17
76 31
132 56
191 87
236 117
261 134
265 138
246 130
207 115
152 91
93 64
46 35
17 15
11 5
31 13
74 33
128 60
185 87
232 113
261 130
267 140
248 134
208 117
156 89
99 62
50 37
17 17
11 9
27 13
68 29
123 56
179 83
228 111
261 130
269 140
251 136
212 119
160 93
105 66
54 39
19 17
9 7
27 13
66 29
119 56
181 93
226 121
248 123
255 115
251 115
220 115
167 103
107 72
56 37
23 9
13 5
25 17
60 37
113 54
171 76
222 105
255 130
267 142
253 138
220 119
169 93
113 68
60 42
23 23
11 9
21 7
56 23
109 48
167 80
218 107
253 126
267 136
257 136
224 125
173 101
117 70
66 44
27 21
9 9
19 9
54 23
105 48
162 76
214 105
251 126
269 138
259 138
228 126
179 103
123 76
70 48
29 25
11 11
17 9
50 21
99 44
156 74
210 103
248 125
267 136
261 138
236 132
191 117
126 83
62 41
23 7
9 0
17 3
46 21
93 41
150 64
208 93
250 123
267 144
261 144
234 128
191 105
134 80
78 54
33 29
11 11
15 3
42 13
89 37
146 66
203 95
246 121
265 136
263 138
238 130
195 113
138 85
82 54
37 27
13 11
13 9
39 19
83 37
142 64
197 93
240 119
265 134
265 138
242 132
197 113
142 83
87 54
41 31
13 15
11 9
35 15
80 37
138 64
191 91
236 117
265 134
267 140
246 134
201 115
148 89
91 60
44 35
17 17
11 11
35 19
82 46
130 68
175 76
224 91
261 117
271 140
248 140
203 117
154 82
99 54
50 39
17 25
11 17
31 13
72 27
126 54
181 85
230 115
259 130
267 134
250 128
210 117
158 93
101 66
50 37
19 15
11 7
27 15
66 31
121 54
179 82
228 111
259 132
267 140
251 134
216 119
164 95
105 68
54 39
21 17
11 7
25 11
62 27
117 52
173 83
224 111
257 128
267 138
253 134
220 123
167 99
109 70
58 41
23 21
11 9
23 13
58 25
113 48
169 78
222 109
255 130
273 146
261 148
216 125
162 89
109 54
62 33
27 17
9 9
19 5
56 19
111 46
166 80
216 111
251 130
267 138
259 136
224 123
175 103
119 76
66 44
25 19
9 5
19 9
52 25
101 46
160 74
212 101
251 125
267 138
259 140
230 125
181 103
125 76
70 48
29 23
11 9
17 9
48 21
97 44
154 72
208 101
248 123
265 136
261 136
234 128
187 109
130 80
74 48
33 25
13 11
15 11
44 19
91 41
150 66
205 97
246 123
265 136
263 138
238 128
191 109
134 83
80 54
37 29
15 17
19 21
35 19
76 21
138 44
201 83
244 123
265 142
263 138
240 123
197 107
142 87
85 64
39 35
13 11
11 3
39 13
82 39
138 66
193 91
240 113
265 130
265 138
242 132
199 111
146 83
89 56
42 33
13 15
11 11
35 15
78 33
134 60
189 89
236 117
263 132
267 138
246 132
205 115
150 91
93 60
44 33
17 13
11 7
33 13
72 31
130 58
187 87
234 117
261 132
267 138
250 134
208 117
154 93
97 62
48 35
17 15
11 7
29 13
70 33
125 58
183 87
236 123
263 142
259 140
240 123
207 101
160 82
103 62
50 37
17 13
11 1
29 9
70 33
121 62
177 89
226 111
259 128
267 140
251 140
214 123
164 93
107 62
56 37
21 19
9 9
25 11
62 25
115 50
171 80
222 109
257 130
267 140
255 138
220 121
169 99
113 72
60 42
23 19
9 7
23 9
56 23
109 48
166 76
218 105
255 128
267 138
257 138
224 125
173 101
117 72
64 42
27 21
11 11
21 11
54 23
105 46
164 76
214 105
251 126
267 138
259 138
228 126
179 105
123 78
74 58
33 37
3 9
5 0
44 0
103 35
162 78
210 109
246 121
267 126
265 134
234 136
183 119
126 83
72 46
33 19
11 11
15 13
44 21
95 39
27 64
207 95
238 123
17 140
263 140
234 126
187 105
132 80
78 54
35 29
11 11
15 7
44 19
91 41
146 70
201 95
244 119
265 134
263 140
238 130
193 109
136 82
82 54
37 29
13 11
13 7
41 17
87 39
142 66
197 93
242 119
267 136
265 142
240 132
197 111
142 85
87 56
41 31
15 13
13 9
37 17
83 39
146 74
193 101
228 113
253 117
263 123
248 126
203 115
144 87
89 52
46 27
19 13
13 13
33 21
76 37
134 58
189 87
234 115
261 132
265 138
246 130
205 113
150 87
95 60
46 35
17 15
3 7
31 13
72 31
0 60
185 89
232 115
9 132
251 138
250 134
126 119
156 91
99 62
50 37
19 15
3 7
29 11
68 29
123 54
179 83
228 111
9 132
251 138
253 134
214 121
162 95
97 66
54 39
19 15
1 7
27 13
64 29
117 54
46 82
224 111
1 130
267 142
253 138
218 123
171 107
111 80
48 33
13 0
9 0
25 5
62 33
111 54
167 76
222 101
259 126
269 146
255 146
220 126
169 95
115 66
62 44
23 25
9 11
19 5
54 17
107 44
166 78
216 105
253 125
269 136
259 136
224 126
175 105
119 74
66 44
27 21
9 9
17 9
52 23
103 44
160 74
212 103
251 125
267 138
259 138
228 125
181 103
125 76
70 48
29 25
11 9
19 9
48 21
97 42
156 72
208 101
250 125
265 138
259 138
232 125
187 105
130 80
74 52
33 27
13 11
19 15
50 31
89 46
138 58
197 80
244 107
267 132
263 138
234 126
191 103
136 78
80 54
37 33
13 17
15 9
42 17
87 39
15 68
191 97
242 121
265 132
263 134
238 128
195 111
138 83
82 52
39 27
15 11
13 11
37 19
83 39
142 64
197 91
240 117
265 134
265 140
242 132
199 113
144 85
87 58
42 33
15 15
11 7
35 15
80 35
134 62
191 89
236 115
263 132
267 140
246 134
203 115
150 89
93 60
44 35
17 15
11 9
33 13
76 33
130 58
187 87
234 115
263 136
269 146
253 146
207 125
142 80
87 41
48 19
21 15
11 13
29 15
70 25
126 50
185 87
232 121
9 140
267 138
250 128
140 113
160 95
93 68
50 37
19 11
11 3
27 11
66 29
121 56
177 82
218 107
7 128
267 140
253 138
216 123
164 95
105 66
56 39
21 19
1 11
23 11
60 25
115 50
173 82
222 111
255 128
267 136
255 134
220 123
167 101
111 72
60 42
23 19
9 7
21 9
58 25
111 48
169 78
218 107
255 128
267 140
250 138
224 125
173 101
117 74
64 48
29 29
15 21
17 13
42 13
97 29
164 62
218 101
251 126
267 136
257 132
230 121
181 105
123 82
68 52
27 23
11 7
19 9
50 25
99 48
158 72
210 99
250 121
265 136
259 136
230 126
185 105
126 78
72 48
31 25
11 11
17 9
46 19
95 41
154 70
207 101
246 123
265 136
263 138
234 126
187 107
130 80
76 48
33 23
13 9
15 9
44 19
91 42
148 70
203 97
244 123
265 136
263 138
238 128
191 109
136 82
80 54
37 29
13 11
13 7
41 19
87 39
144 68
201 97
246 126
271 150
261 144
228 115
189 89
142 72
87 56
39 37
11 11
13 0
41 11
85 41
138 72
193 97
238 115
265 130
265 138
242 134
201 117
144 85
89 52
42 29
15 15
11 11
33 17
78 33
134 58
189 89
234 117
261 134
267 138
248 132
207 117
150 91
93 62
46 33
17 13
11 7
31 13
72 33
128 58
185 87
232 115
261 132
267 140
250 134
208 117
156 91
97 62
50 37
19 17
11 9
27 13
68 31
125 56
181 85
228 113
259 132
269 138
251 136
214 121
162 99
109 76
58 48
11 15
0 0
21 0
64 17
119 50
175 83
224 107
259 125
271 138
255 140
218 128
166 101
109 68
56 39
21 19
7 11
23 13
58 25
113 46
169 76
222 107
255 128
267 138
255 134
220 121
171 99
115 72
62 44
23 21
9 7
21 9
56 25
107 48
166 76
218 105
253 126
267 136
259 136
226 126
175 103
117 74
64 44
29 21
11 9
19 9
52 23
103 44
162 74
214 103
251 126
267 136
261 136
230 126
179 105
123 76
70 48
31 25
11 11
17 9
48 23
99 46
158 78
214 115
242 123
255 119
255 117
234 117
187 109
126 82
72 46
33 19
13 7
17 15
46 29
95 48
150 68
205 93
246 121
265 140
261 142
234 126
189 103
132 76
78 52
35 29
11 11
15 5
42 17
89 41
146 68
203 97
244 121
267 134
263 138
238 128
195 111
138 83
82 54
37 29
13 11
13 7
39 17
83 37
142 64
197 93
240 119
263 134
265 138
242 132
199 113
142 85
87 56
42 31
15 15
11 9
35 15
80 35
138 62
193 93
238 119
263 134
267 140
248 136
208 126
148 97
82 54
35 17
13 0
13 0
35 13
74 33
130 54
189 83
236 115
263 138
267 146
246 136
207 115
154 87
97 64
46 39
17 17
9 3
29 7
72 29
125 56
181 83
232 111
263 130
269 140
250 134
210 119
158 93
101 64
50 37
19 15
9 7
27 11
66 29
121 54
179 83
228 111
259 130
267 138
251 134
214 119
162 95
107 66
54 39
21 19
9 9
25 11
62 27
117 52
173 82
222 109
257 128
269 138
255 136
220 123
167 99
111 70
60 42
25 21
9 9
23 11
64 35
115 64
160 76
208 85
250 105
273 132
259 144
220 128
169 95
117 62
66 41
27 31
9 21
19 13
54 17
107 42
164 76
214 107
251 126
267 134
259 130
224 121
175 101
121 76
68 48
29 21
9 7
19 9
50 23
103 46
158 74
210 101
250 123
267 138
261 140
228 126
181 105
125 76
72 48
29 25
11 11
17 9
48 21
95 42
154 72
208 101
248 125
267 136
261 136
234 126
187 109
130 82
74 50
33 27
13 11
15 9
44 21
91 41
150 70
205 99
246 123
269 140
269 150
236 136
181 103
125 66
78 37
39 19
13 11
13 9
39 15
87 35
148 66
201 101
242 126
265 138
265 136
240 128
195 111
138 83
83 54
39 25
13 7
13 3
39 17
82 39
138 66
195 91
240 119
265 136
265 142
242 134
199 111
146 85
87 56
42 33
15 13
11 5
33 13
78 33
134 62
191 91
236 117
263 134
267 138
246 132
205 115
150 89
95 62
46 33
15 15
11 9
31 15
74 33
128 58
185 87
232 115
261 132
267 140
248 134
208 117
156 93
99 66
50 37
19 19
17 19
29 25
58 23
113 33
46 64
232 107
11 138
251 144
250 130
207 111
162 93
95 74
54 48
19 19
1 1
25 5
66 29
119 58
175 83
224 105
7 123
267 136
253 138
216 123
166 95
109 64
56 39
23 19
9 11
25 13
60 25
115 50
171 80
218 109
5 130
267 140
255 134
218 119
171 99
113 64
60 44
23 19
9 7
23 11
56 25
109 48
31 78
218 105
3 126
267 140
250 138
224 125
175 95
117 74
64 44
27 21
11 9
21 11
54 23
103 46
164 76
220 111
3 142
263 142
248 128
220 107
177 91
125 72
68 46
27 21
9 3
19 5
52 23
101 50
158 80
210 103
248 121
267 134
261 138
230 128
183 105
126 74
74 44
31 23
9 11
15 7
46 19
95 41
152 70
207 101
246 125
17 138
263 138
234 128
187 109
125 80
78 52
35 27
11 11
13 7
42 19
91 41
148 68
201 97
244 121
265 136
263 138
238 128
193 109
138 83
82 54
37 29
13 11
13 9
41 17
85 39
142 66
189 93
240 117
13 134
265 138
242 132
199 115
142 87
87 60
46 42
13 21
1 0
27 0
80 17
140 60
195 99
236 121
261 126
267 128
248 132
205 125
146 99
89 60
44 27
15 11
11 11
31 19
74 33
130 54
189 83
234 115
253 136
267 142
248 134
207 115
152 89
95 62
46 37
17 15
11 7
31 11
72 31
126 58
183 87
232 113
261 130
269 138
250 134
210 119
158 93
101 64
50 37
19 17
9 7
29 13
68 29
123 54
177 83
228 109
261 130
269 142
251 136
214 121
162 95
107 66
54 41
19 19
9 9
27 11
66 29
121 60
179 93
218 111
246 117
261 121
253 123
220 119
166 99
107 66
58 35
25 17
13 11
23 17
60 33
113 52
169 78
220 107
253 130
267 140
255 134
222 119
171 97
115 70
62 42
25 21
11 9
19 9
56 23
107 48
166 78
216 105
251 125
267 136
259 140
226 128
175 103
119 72
66 44
29 23
9 11
17 9
52 21
103 44
160 74
212 103
250 125
267 138
259 138
230 126
181 103
125 76
72 48
29 25
9 7
17 7
50 21
99 44
156 74
208 99
250 123
267 138
261 142
232 130
189 111
128 91
72 54
21 11
3 0
17 0
48 21
93 46
15 68
205 91
248 115
267 138
263 148
236 138
189 109
134 80
80 50
35 29
11 15
13 9
41 13
87 33
146 66
201 97
242 123
265 134
263 136
240 130
195 113
140 85
83 56
39 29
13 11
13 7
37 17
83 37
15 64
187 93
240 119
13 134
251 140
236 132
199 115
142 85
87 56
39 31
15 13
11 7
35 13
80 33
128 60
191 91
236 117
13 130
267 138
246 134
203 117
150 89
93 60
44 33
17 17
13 13
39 25
78 42
123 56
175 74
228 97
263 123
267 138
246 132
207 111
156 85
101 62
50 41
19 23
11 11
29 13
70 29
125 56
181 87
228 113
259 128
267 134
250 130
212 119
156 95
103 66
52 37
19 15
11 7
27 13
64 31
119 54
177 80
228 109
257 130
267 140
253 136
216 121
164 95
107 68
56 39
21 17
9 7
25 11
62 27
115 52
171 80
222 107
257 128
267 140
255 138
220 123
169 99
113 70
60 42
25 21
9 9
21 9
58 25
111 50
167 80
218 107
255 128
269 140
259 144
228 138
167 101
105 54
56 19
27 9
13 13
21 17
52 23
105 39
166 70
218 109
253 138
265 144
257 134
228 119
179 101
121 78
66 50
27 21
9 3
19 5
50 21
99 46
158 74
212 101
0 123
267 138
259 140
132 128
185 105
126 78
72 48
31 25
11 11
17 9
46 19
95 41
152 70
207 99
248 123
267 136
263 138
234 128
187 109
132 80
76 50
33 25
11 11
15 9
42 19
91 41
148 68
203 97
244 123
267 136
265 140
238 130
191 111
136 82
82 52
39 31
21 23
15 19
31 15
76 23
138 48
201 85
242 121
263 136
263 134
242 125
199 111
142 89
85 64
41 35
13 11
11 1
37 15
82 41
136 66
193 89
238 113
265 130
265 138
244 134
201 113
146 85
91 56
42 33
15 15
11 11
33 15
78 33
132 60
189 91
236 117
261 132
267 138
248 132
207 117
152 91
95 64
46 35
17 15
11 9
29 13
72 31
128 60
185 87
232 115
261 132
267 140
250 136
208 119
156 91
99 62
50 37
19 17
11 9
29 13
68 29
125 56
181 87
228 115
263 140
271 152
244 130
203 99
156 74
107 58
56 42
19 21
9 3
27 3
68 27
121 60
175 91
224 113
257 126
267 134
251 134
216 123
166 99
109 64
58 35
23 17
9 9
23 13
60 27
113 50
171 78
220 107
255 130
267 140
255 136
220 121
171 99
113 72
60 42
25 19
9 7
21 9
56 25
107 48
166 76
218 105
253 126
267 138
257 136
226 123
177 103
119 74
64 44
27 21
11 9
19 11
52 23
103 44
162 74
214 103
251 125
267 138
259 140
230 128
181 105
126 80
78 58
29 31
1 3
7 0
46 3
101 37
156 72
207 99
248 119
269 132
265 138
232 132
185 111
128 80
74 48
33 25
9 13
15 11
44 19
93 37
150 64
205 95
246 121
265 136
263 138
236 126
189 107
134 83
78 54
35 27
11 9
15 7
42 19
89 41
146 66
201 93
244 119
265 136
263 140
240 130
195 111
138 83
83 54
37 29
13 13
13 9
39 17
83 37
140 64
197 93
240 119
263 134
265 138
242 130
199 113
144 87
87 58
42 33
15 15
13 9
35 17
80 39
136 66
197 103
238 126
253 125
255 117
244 113
205 111
150 93
91 62
42 29
17 5
13 7
35 21
74 41
130 64
187 87
234 111
261 134
265 142
248 134
207 113
152 85
95 60
48 37
17 17
9 9
31 11
70 31
0 58
181 87
226 113
9 130
267 136
250 134
212 121
158 95
93 64
46 37
19 17
3 9
27 15
66 31
121 52
177 82
218 109
9 130
267 140
251 136
216 121
164 95
107 68
56 41
21 19
1 9
25 11
62 27
115 50
173 82
224 109
255 128
269 138
257 140
222 130
175 113
99 74
33 33
15 1
1 0
23 5
58 25
111 46
169 74
222 103
255 128
269 146
257 144
222 125
171 99
115 70
62 44
25 23
9 7
19 5
54 21
107 46
164 76
214 103
253 125
269 136
259 138
226 125
177 103
121 74
66 44
27 21
9 7
19 9
52 23
101 46
158 72
212 101
251 125
267 138
259 138
230 125
183 105
126 78
72 48
31 23
11 9
17 9
46 21
95 42
154 70
207 99
248 123
267 138
261 138
234 126
187 107
132 82
76 52
33 29
13 13
17 11
44 25
97 54
146 76
191 85
236 95
265 119
267 138
238 138
189 109
134 74
82 44
39 31
13 21
13 17
39 17
87 33
144 62
199 97
240 123
263 134
265 134
240 126
197 111
140 87
85 58
41 31
13 11
11 7
39 17
83 39
138 64
193 91
238 115
265 134
265 142
242 134
199 113
146 85
89 56
42 33
15 15
13 7
35 13
78 33
134 60
191 89
236 117
263 132
267 138
246 132
205 115
150 89
93 58
46 33
17 15
11 9
31 15
74 33
128 58
187 89
232 117
263 134
271 146
253 146
205 119
144 80
91 44
48 23
21 13
9 11
25 13
68 25
126 52
185 87
230 121
259 136
267 138
251 130
214 119
160 97
101 68
52 37
19 15
9 5
25 11
64 29
119 54
177 82
226 109
257 130
267 140
253 138
216 121
166 93
107 66
58 41
21 19
9 7
23 9
60 25
113 50
169 80
222 107
257 128
269 140
255 138
220 123
169 99
113 70
60 42
25 21
9 9
21 9
56 25
109 48
166 76
218 105
253 126
267 138
257 136
224 125
175 103
119 74
64 44
27 21
15 15
27 23
48 27
91 29
154 48
214 89
255 128
267 144
257 136
228 117
181 97
126 80
70 56
29 31
9 9
17 3
48 19
99 48
158 78
208 103
248 121
267 132
261 138
232 130
183 109
126 76
74 46
33 25
11 13
15 11
46 21
95 39
152 68
205 97
246 121
267 136
263 140
236 128
187 107
132 80
78 52
35 29
13 11
15 7
42 17
89 39
146 68
201 97
244 121
267 136
263 138
238 128
193 109
138 83
82 54
37 29
13 13
13 9
39 17
85 39
142 68
199 99
248 128
267 144
257 136
230 117
193 95
144 76
87 56
39 29
13 9
13 1
39 13
82 41
136 70
193 95
238 117
263 132
265 138
244 134
201 115
146 85
91 54
42 29
17 15
11 11
33 15
76 31
132 56
189 89
236 119
261 134
267 140
248 132
207 115
152 91
95 62
48 35
17 13
11 5
29 11
72 31
126 58
183 85
230 111
261 130
267 140
250 132
208 117
158 91
101 64
52 39
19 17
9 9
27 13
68 31
123 56
177 83
228 111
259 130
267 140
251 136
214 121
164 97
105 68
60 46
25 31
1 7
13 0
58 5
119 44
177 87
222 115
255 125
269 130
257 132
220 128
167 107
109 74
58 39
23 15
9 7
21 15
58 29
111 46
169 74
220 103
253 128
267 140
257 136
222 123
171 99
115 72
62 44
25 23
9 9
19 7
54 21
109 48
166 78
214 107
251 125
267 136
259 140
226 128
175 105
121 72
68 44
29 23
9 9
17 9
50 21
101 44
160 72
212 101
250 126
267 138
261 138
230 126
181 103
125 78
72 50
31 25
9 9
17 7
48 21
101 48
162 83
207 107
236 117
257 121
259 123
234 123
187 107
128 78
74 44
33 21
13 11
17 15
44 27
91 44
148 66
205 95
246 125
265 140
261 140
236 125
191 103
134 78
80 52
35 29
13 11
15 5
33 17
87 39
15 68
193 97
242 121
15 134
263 138
240 130
195 111
140 83
82 52
31 27
13 11
13 9
39 17
21 35
15 62
187 93
240 119
13 134
250 138
244 132
199 115
144 87
89 58
42 31
15 15
3 7
35 15
80 35
1 62
191 89
236 117
13 134
267 140
246 134
205 117
156 101
93 72
35 25
5 0
9 0
35 11
76 41
128 62
183 82
236 105
265 132
269 148
248 142
207 119
154 87
99 58
48 37
15 19
9 7
29 9
70 27
125 54
181 85
228 113
261 130
269 138
250 134
212 119
160 95
103 66
52 37
19 15
9 9
27 13
64 29
119 52
177 82
226 109
259 130
267 138
253 136
216 121
164 95
107 66
58 41
21 19
9 7
23 9
62 25
117 52
171 82
222 109
255 128
269 138
255 138
218 123
169 99
113 72
60 44
25 23
11 13
25 17
62 35
105 52
156 68
210 87
253 113
269 134
257 138
220 123
173 95
119 68
68 46
29 29
9 15
19 11
54 21
105 46
162 76
214 105
251 125
267 134
257 132
226 123
179 103
123 76
68 46
29 21
11 9
17 11
50 23
99 44
158 72
212 101
250 125
267 138
261 138
232 128
183 105
126 78
72 50
31 25
11 11
15 7
46 19
95 41
152 70
207 99
248 123
265 136
263 138
234 128
187 109
125 80
78 50
35 27
13 13
13 9
41 17
91 41
150 70
203 99
244 123
267 138
267 146
244 144
189 115
125 68
74 29
39 13
17 13
13 15
37 17
87 31
146 60
201 97
242 130
265 142
265 138
240 125
197 109
140 85
83 58
39 29
13 9
13 5
37 15
82 39
136 64
193 89
238 115
265 134
265 140
244 132
203 115
148 87
89 58
42 33
15 15
11 9
33 15
76 31
132 58
187 89
236 115
263 132
265 138
248 132
207 117
152 91
95 62
46 35
17 15
11 9
29 15
72 31
126 58
185 85
232 115
259 132
269 140
250 134
210 119
158 93
99 64
54 41
25 27
13 19
19 13
56 15
117 37
181 74
230 111
257 132
267 136
251 130
216 117
164 97
105 74
54 42
21 17
11 5
25 11
62 31
117 54
173 80
224 105
257 126
267 138
253 136
218 121
167 95
111 68
58 41
21 19
9 7
23 11
60 27
113 50
169 80
222 107
5 128
267 138
255 136
220 123
171 99
115 62
62 42
25 21
9 9
1 11
56 25
41 48
41 76
216 103
3 126
267 138
259 138
226 126
171 95
121 74
66 44
27 23
11 11
19 11
50 23
103 44
164 76
214 107
255 136
269 150
251 136
218 107
175 82
126 68
74 50
29 29
9 5
17 0
50 17
93 48
156 80
208 105
248 121
267 134
261 140
232 130
183 107
128 74
74 44
33 23
11 11
15 9
46 19
95 41
150 70
205 99
246 125
267 138
263 138
236 128
189 107
134 82
80 52
35 25
11 9
15 7
42 19
87 41
144 66
201 95
244 121
265 136
263 140
240 130
187 111
138 83
83 54
39 29
13 13
15 9
39 17
83 37
140 62
189 93
242 119
15 136
265 138
242 132
199 113
148 91
66 72
41 41
5 9
1 0
33 0
82 29
136 62
189 91
234 113
265 128
269 138
248 140
203 123
148 91
93 58
44 31
15 15
9 9
31 13
74 29
130 54
187 85
232 113
263 132
269 140
248 132
207 115
154 91
97 64
48 37
17 17
9 7
29 13
70 31
125 56
181 85
230 113
261 132
267 140
250 134
210 119
158 93
101 64
52 37
19 17
9 7
27 11
66 29
121 54
177 83
228 109
259 130
267 140
251 136
216 121
164 97
107 68
56 39
21 19
11 9
25 13
62 29
117 54
179 93
224 117
246 121
257 115
253 117
222 119
169 105
109 70
60 33
27 13
13 13
23 23
56 35
111 50
169 74
218 105
253 130
267 142
255 136
222 119
173 95
117 70
64 46
27 25
9 9
19 7
54 23
107 48
164 78
214 105
251 125
267 134
259 138
228 128
177 103
121 74
68 44
29 23
9 9
17 9
50 21
101 42
158 72
210 101
250 125
269 138
261 140
230 126
183 105
126 78
72 50
31 25
11 9
17 7
46 19
95 41
152 68
208 101
248 125
267 138
263 140
238 134
193 121
126 83
64 41
25 9
11 0
17 5
42 19
87 37
150 62
205 93
248 125
267 144
263 144
238 130
193 107
136 82
80 54
31 29
11 9
13 3
41 13
9 37
17 66
191 97
242 119
15 134
265 140
177 132
195 113
140 83
78 54
41 29
13 13
11 9
37 15
82 35
5 62
195 93
238 119
15 136
265 140
236 132
199 113
144 85
91 58
44 33
15 15
11 7
35 15
78 35
134 62
189 89
236 117
263 134
265 138
246 132
205 115
152 91
95 62
46 35
17 15
13 9
35 21
80 46
123 62
173 70
224 87
261 117
271 142
250 142
207 117
156 83
101 58
52 41
19 27
11 15
29 11
68 25
123 52
181 87
228 117
257 130
267 134
251 130
214 119
160 97
103 66
54 37
21 15
9 7
25 13
64 27
121 54
177 83
224 111
255 130
267 140
253 136
216 123
166 97
109 68
58 41
21 19
9 7
23 11
60 25
113 50
171 80
220 107
255 126
267 138
257 136
220 123
169 99
113 72
62 42
25 21
9 9
21 11
56 25
107 48
166 76
218 105
257 132
275 150
259 148
216 123
166 85
115 56
68 37
27 23
9 11
17 5
54 17
107 44
164 80
214 111
250 128
269 136
259 136
228 126
179 107
123 78
68 44
29 19
11 7
17 9
48 23
99 42
158 70
210 99
250 125
267 138
261 138
232 126
185 105
128 78
74 48
31 25
11 9
15 5
44 19
95 42
152 72
205 99
246 121
267 136
263 140
234 130
189 109
132 80
78 52
35 29
11 11
13 7
42 17
89 39
146 68
201 95
244 121
267 136
265 140
238 130
193 111
138 83
83 56
39 33
19 25
15 21
31 13
72 17
136 44
199 87
244 125
263 140
263 134
242 123
201 111
146 93
87 68
41 35
13 7
13 3
37 17
78 41
134 64
193 89
238 111
263 130
263 140
246 136
203 117
148 87
91 56
44 35
17 17
11 9
31 15
76 31
130 58
187 89
234 117
261 134
267 138
248 132
207 117
154 91
95 62
48 35
17 15
11 7
29 13
72 31
126 56
185 85
230 113
259 132
267 138
250 134
212 119
158 93
101 66
52 37
19 17
9 7
27 13
68 31
123 58
181 89
232 121
255 134
257 130
244 119
212 105
166 91
107 68
52 39
19 13
11 1
29 13
64 35
117 60
173 82
224 105
257 126
267 140
251 138
216 121
167 93
111 66
58 39
23 19
9 9
21 9
60 23
113 48
169 82
220 109
255 128
267 138
255 134
222 123
171 99
115 74
62 42
25 21
11 7
21 9
54 25
107 48
164 76
216 103
251 125
269 138
259 138
226 125
177 103
119 74
68 44
29 23
11 9
17 9
50 23
101 46
160 74
212 103
250 125
269 138
261 140
230 128
181 105
128 80
78 62
29 33
0 0
7 0
46 3
101 42
156 78
205 101
248 115
269 130
263 140
234 138
185 115
130 80
76 46
33 25
11 13
13 13
42 19
91 37
150 64
203 97
246 125
267 138
263 138
236 126
191 109
136 83
80 54
35 27
13 9
13 5
41 17
87 39
144 66
201 95
242 119
265 136
263 140
240 130
195 111
140 85
83 54
39 29
15 13
13 9
37 17
82 35
140 64
195 93
240 119
263 134
265 140
244 132
199 113
144 87
89 58
44 33
15 15
11 9
35 17
83 42
138 72
183 91
224 103
257 117
267 128
246 130
205 117
150 87
93 54
46 31
19 19
11 17
31 19
74 33
128 56
185 87
232 117
259 134
265 138
248 130
208 113
156 91
99 64
48 37
17 15
11 7
29 13
70 31
123 56
181 83
230 113
259 132
267 140
250 134
212 119
160 93
103 64
52 37
19 17
9 7
27 11
64 27
119 52
177 83
226 109
257 130
267 138
253 134
216 121
166 97
107 68
56 41
21 19
11 9
23 11
60 27
113 52
171 80
222 107
255 128
269 140
257 138
226 134
173 113
105 68
48 23
19 0
13 1
25 15
58 31
109 46
167 70
220 103
255 132
267 148
257 142
224 123
173 97
117 72
64 48
25 25
7 7
19 3
54 19
105 48
162 78
214 103
251 125
267 136
259 138
228 128
179 105
123 74
68 44
29 23
11 9
17 9
50 21
99 42
158 72
210 101
250 125
267 138
261 138
232 128
183 105
126 78
72 48
31 25
11 9
15 7
46 19
95 41
152 70
207 99
248 123
267 136
263 138
234 128
189 109
132 82
78 52
37 29
15 17
23 21
41 25
80 33
138 50
199 82
246 115
265 136
261 138
238 125
195 105
140 83
83 60
37 35
13 15
13 7
41 15
85 39
17 68
189 95
240 117
15 130
265 136
242 130
197 113
142 85
87 56
41 31
13 13
13 9
37 17
80 35
136 60
193 89
238 117
263 134
265 138
244 130
203 113
148 87
91 58
44 33
15 13
11 7
33 15
5 35
7 60
187 87
236 115
5 134
251 142
240 134
207 117
152 91
95 62
46 35
17 17
3 7
31 13
72 31
126 58
185 89
232 115
13 136
275 152
250 142
191 107
130 68
97 42
54 35
21 23
7 11
25 5
70 21
126 56
181 93
228 121
259 132
267 134
251 130
214 121
160 99
95 66
54 35
19 13
9 7
25 13
64 29
119 52
173 80
224 107
257 130
267 142
253 138
216 119
166 95
111 68
58 44
21 21
1 7
23 9
60 25
113 52
162 80
220 107
255 126
269 138
255 138
222 125
171 99
115 72
62 42
25 21
11 9
21 11
56 25
107 46
164 76
216 105
253 126
269 138
259 138
226 126
177 103
121 76
70 52
33 35
5 11
7 0
44 5
101 33
162 70
212 105
248 125
267 132
263 134
232 130
181 111
123 82
70 48
29 21
9 7
15 9
48 23
97 44
154 70
208 97
248 123
267 138
261 140
232 126
185 105
130 78
76 52
33 29
11 13
15 7
44 17
93 41
150 70
203 99
246 121
267 136
263 138
236 130
189 109
134 82
78 50
37 27
13 11
15 9
41 19
87 39
146 66
201 95
244 121
265 136
263 138
240 130
197 111
138 85
83 56
39 29
13 13
13 9
39 19
83 39
140 64
201 101
246 132
257 136
253 119
236 107
203 103
146 91
87 64
41 29
15 3
15 3
37 21
80 44
134 66
191 87
236 111
1 132
250 142
244 136
203 113
148 83
91 56
44 33
17 17
11 9
31 11
76 29
130 58
187 91
234 119
261 134
267 138
248 132
208 117
154 91
97 64
48 35
17 13
9 5
29 13
70 31
125 56
181 83
230 111
261 132
267 140
250 136
210 117
158 91
103 64
52 39
19 17
11 9
27 11
66 29
121 56
177 83
226 111
259 130
267 138
251 136
218 125
171 109
109 76
46 37
11 3
7 0
27 3
1 27
113 52
46 5
224 103
9 125
269 142
255 140
220 125
169 99
111 68
58 42
23 23
9 11
21 9
56 23
109 46
35 78
218 107
3 128
267 138
259 136
224 125
173 103
117 72
64 44
27 21
11 9
19 9
54 23
105 44
164 74
216 103
251 126
267 138
259 138
228 126
177 103
123 74
68 48
29 25
9 9
17 7
50 21
93 44
158 74
210 101
250 125
267 138
261 140
230 126
183 105
128 78
72 48
31 25
13 11
19 11
48 25
101 54
29 80
197 89
238 99
265 117
265 134
236 134
185 111
130 74
78 42
37 25
15 19
15 17
42 23
91 35
148 62
203 97
244 125
263 138
263 134
236 123
193 107
136 83
82 56
37 29
13 9
13 5
39 19
85 41
144 68
197 93
240 117
265 134
265 140
240 132
195 111
140 83
85 54
41 31
13 15
11 9
37 15
82 35
138 64
193 93
236 117
263 132
267 140
244 134
201 115
146 87
91 58
44 33
15 15
11 9
35 17
78 35
134 62
189 89
236 117
265 136
271 146
251 142
201 117
140 80
87 44
46 21
19 11
9 7
29 11
72 25
130 54
187 91
232 121
261 138
267 140
250 132
210 117
156 93
97 64
48 33
17 11
9 3
29 11
68 31
123 56
181 85
228 111
259 130
267 140
251 138
212 121
160 93
103 62
54 37
21 19
9 9
25 11
64 25
119 52
175 83
224 111
257 130
267 138
253 136
216 121
166 97
109 68
58 41
23 21
9 9
23 11
60 27
113 50
171 80
220 107
255 128
267 138
255 136
222 123
171 101
115 74
62 44
25 23
13 17
27 25
52 29
95 33
158 52
218 91
7 128
267 146
255 136
224 117
177 97
121 78
66 56
27 29
9 7
15 3
52 19
93 46
160 76
214 103
1 123
267 125
259 136
228 128
181 105
123 76
70 44
29 23
11 11
17 11
48 21
97 41
158 70
210 101
248 125
265 138
261 138
232 126
185 107
128 80
74 50
31 25
11 9
15 7
44 19
95 42
152 70
205 97
246 123
267 136
263 140
236 130
189 109
132 80
78 52
35 29
11 13
15 7
42 17
89 41
146 70
203 101
250 130
267 146
255 136
228 115
189 91
140 74
85 54
37 31
11 9
15 1
41 15
85 42
140 72
197 97
240 117
263 132
265 140
240 132
197 113
142 83
85 52
41 29
13 13
13 9
37 17
80 35
136 60
191 89
238 117
265 134
267 140
244 132
203 115
148 87
91 60
44 33
15 15
11 7
33 13
74 33
132 60
187 89
234 113
261 132
267 138
248 134
207 117
152 91
95 60
46 33
19 15
11 9
29 13
70 29
126 56
183 87
230 115
261 132
267 140
250 134
210 117
158 93
103 66
58 50
21 29
0 1
15 0
64 7
125 50
181 91
226 115
257 125
269 130
255 134
216 128
162 103
107 70
56 37
21 13
9 9
25 17
62 29
115 50
171 76
222 105
257 130
267 140
255 136
218 119
167 95
111 70
58 44
23 21
9 7
23 9
58 25
111 50
167 80
218 103
255 126
267 138
257 138
222 125
173 101
117 72
64 44
25 23
11 9
21 11
54 23
107 46
164 76
216 105
251 126
267 138
259 136
228 125
177 103
121 76
68 46
29 25
11 11
17 11
52 25
107 52
166 85
207 105
238 115
259 121
259 125
232 123
181 105
123 74
72 42
33 21
13 13
17 15
48 27
97 44
154 70
207 97
248 125
265 138
261 138
232 125
185 103
130 78
76 52
33 27
11 11
15 7
44 17
91 41
150 70
205 99
246 123
265 136
263 138
238 130
191 111
134 82
80 52
35 27
13 11
15 7
41 17
87 39
144 66
201 95
242 121
265 134
263 136
242 130
197 113
140 85
83 56
39 29
15 13
13 9
37 19
82 37
140 64
195 93
240 119
263 136
267 140
244 134
203 119
150 99
85 60
33 17
7 0
11 0
37 17
78 41
132 60
189 83
238 111
265 138
267 150
246 140
203 115
150 85
93 58
44 37
15 17
9 5
31 9
74 29
128 58
185 91
232 115
261 130
267 138
250 134
208 119
156 95
99 64
48 35
17 13
11 7
29 15
70 31
123 54
179 82
230 109
261 132
267 142
250 134
214 119
160 93
103 66
52 39
19 19
9 7
27 11
64 27
119 52
177 83
226 111
259 130
267 138
253 134
216 121
166 97
109 70
58 42
23 21
13 13
31 21
62 37
107 50
160 66
216 91
257 119
269 138
255 138
218 119
171 93
115 68
62 46
23 25
11 13
21 9
58 25
109 48
156 78
216 107
3 126
267 134
257 134
224 125
173 101
119 74
66 44
27 21
9 9
15 9
54 25
105 46
162 76
212 103
251 125
267 138
259 138
228 125
179 103
123 76
70 46
29 23
11 7
17 7
50 23
99 46
156 74
210 101
250 123
267 136
261 138
232 128
185 107
128 78
72 48
31 25
11 11
17 9
46 19
95 42
152 70
207 99
248 125
267 138
267 148
238 140
179 103
121 58
74 31
39 21
13 19
13 13
41 13
91 31
150 66
203 105
244 130
265 138
263 134
238 125
193 109
136 85
82 54
37 25
13 7
13 5
39 17
85 41
142 66
197 93
240 117
265 134
265 142
242 134
197 113
142 83
87 54
41 31
15 15
11 9
37 15
82 35
136 62
193 91
238 119
265 134
265 138
244 132
203 115
148 87
91 60
42 31
15 11
11 7
35 15
78 37
130 60
189 89
236 117
263 134
267 142
248 134
207 115
154 89
97 64
50 41
25 29
9 15
19 5
62 13
125 44
187 82
230 115
259 130
267 132
251 128
205 119
158 99
99 62
52 31
21 17
3 9
25 15
66 31
123 54
179 82
226 109
257 128
267 140
251 136
214 119
162 93
105 66
56 41
21 19
9 9
25 11
62 27
117 52
173 80
224 107
257 128
269 140
253 136
218 123
167 97
111 70
58 42
23 21
9 7
23 11
60 25
113 50
37 78
220 107
5 128
267 138
257 136
222 123
173 99
115 64
64 42
25 21
9 9
21 11
56 25
107 48
166 78
220 109
1 140
263 142
246 123
218 101
177 87
123 74
66 50
27 21
11 3
21 3
54 25
103 54
160 80
212 101
250 121
267 134
259 140
228 128
181 103
123 72
70 42
31 25
11 13
17 11
48 19
99 41
156 72
208 103
248 125
267 136
261 136
234 126
185 107
130 80
76 50
33 25
11 9
15 7
44 19
93 41
150 68
203 97
244 119
267 134
263 140
238 130
191 111
134 82
80 52
37 29
13 13
13 9
41 17
87 39
144 66
199 95
244 121
265 136
265 140
240 132
197 115
146 95
87 66
31 29
3 0
7 0
39 7
85 35
138 64
195 89
242 115
267 134
267 144
244 138
201 117
144 85
87 56
41 31
13 13
11 7
35 13
78 31
126 60
191 89
236 117
13 132
251 138
246 132
205 115
148 89
93 60
46 33
15 13
11 7
33 15
74 33
130 58
187 87
232 113
261 132
267 140
248 134
208 117
154 89
97 62
48 37
17 17
9 7
29 11
70 31
125 56
181 85
230 113
259 132
267 140
250 134
212 119
162 95
103 68
52 41
19 17
11 9
29 15
66 33
123 64
179 95
218 105
248 109
263 119
255 128
218 125
164 101
107 64
56 33
25 17
13 15
25 21
60 31
113 48
173 76
222 107
255 130
267 138
255 134
220 117
169 95
113 70
60 42
25 19
11 7
21 7
56 23
111 50
167 80
218 107
253 126
267 136
257 136
224 125
173 101
117 72
64 42
27 21
11 9
19 9
52 21
107 46
164 76
214 105
251 126
269 138
259 138
228 126
177 105
123 76
68 46
29 23
11 9
17 9
50 23
101 46
158 74
210 101
250 126
269 140
265 144
236 136
179 111
117 68
64 31
29 9
13 5
17 11
44 21
93 37
154 66
210 101
248 130
267 144
261 138
234 126
189 107
130 82
76 54
33 25
11 7
15 5
42 17
89 41
148 68
203 97
244 121
265 134
263 138
238 130
193 111
136 82
80 52
37 29
13 13
13 9
39 17
85 37
142 64
197 93
242 119
265 136
265 140
242 132
197 111
142 83
85 56
41 31
15 13
11 7
37 15
82 35
138 64
195 93
238 119
265 134
267 140
244 134
201 115
146 87
91 60
42 33
15 15
13 13
41 29
11 41
121 48
54 66
234 99
15 126
267 148
244 134
205 107
154 83
97 64
46 42
17 21
3 9
31 11
72 31
126 60
183 89
232 115
11 128
251 136
248 132
210 119
156 93
101 62
50 33
19 15
3 9
29 15
68 31
123 54
179 83
228 111
7 130
265 138
253 136
214 121
162 95
105 68
54 39
21 17
1 9
25 13
64 27
119 52
175 82
224 109
0 128
267 136
255 136
218 123
166 99
109 68
58 41
25 19
11 9
23 11
60 25
113 50
171 80
224 111
3 138
255 150
248 136
210 109
166 78
115 62
62 42
23 21
9 5
21 3
60 21
111 52
158 83
216 109
253 126
267 136
257 136
224 126
175 103
119 72
64 41
25 17
9 7
19 11
52 23
103 44
160 74
214 103
251 126
267 140
251 138
228 125
179 103
123 76
68 48
29 23
11 7
17 7
48 21
97 44
156 72
208 101
248 125
267 138
261 140
232 128
185 107
128 78
74 50
33 27
11 11
15 9
44 19
95 42
152 70
205 99
246 123
267 136
263 138
236 130
189 109
134 82
80 54
41 37
17 25
7 5
31 0
83 17
148 58
203 101
242 125
263 130
265 130
242 128
195 119
138 95
83 60
39 27
13 9
13 7
37 21
83 39
140 60
195 87
240 115
263 136
265 142
242 130
199 111
144 85
87 58
41 33
15 15
11 7
35 13
78 33
134 60
193 91
238 119
263 134
265 138
246 132
203 117
148 89
91 60
44 31
17 13
11 7
33 15
76 33
132 58
187 87
234 115
261 132
267 138
248 134
208 119
154 91
95 60
48 33
19 17
11 11
29 15
72 33
130 62
189 97
228 119
250 123
257 121
250 119
212 113
158 93
99 62
52 33
23 11
13 9
29 17
66 35
121 56
177 83
226 109
257 130
265 140
251 134
216 119
164 93
107 66
54 39
21 19
9 7
25 11
62 27
115 54
173 83
224 109
257 130
269 138
255 138
218 123
167 99
111 70
58 41
23 19
9 9
21 11
58 25
111 48
169 78
220 107
255 128
267 140
257 138
224 125
173 103
117 72
62 44
25 21
11 9
19 9
54 23
107 46
164 76
216 103
251 126
267 138
259 138
228 126
179 107
126 87
66 52
17 9
1 0
17 0
54 21
103 52
158 76
212 93
251 117
271 138
263 150
230 134
181 105
126 72
72 44
31 25
11 13
17 9
46 17
95 39
154 70
208 101
248 125
267 138
261 136
232 126
187 109
132 83
76 54
33 27
11 9
15 7
44 21
91 42
148 68
203 97
244 121
265 136
263 140
238 128
193 109
136 82
80 54
37 29
13 13
15 7
41 17
85 37
144 64
201 95
242 123
263 136
265 138
242 130
199 115
140 87
83 56
41 31
15 13
15 11
42 25
85 48
132 64
183 80
234 101
265 125
267 138
242 132
199 111
146 80
91 54
44 37
15 21
11 11
35 13
80 33
134 62
189 91
234 117
261 130
267 134
246 130
205 117
150 89
95 60
46 33
15 13
11 7
31 15
74 33
130 60
185 87
232 115
261 132
267 140
248 132
208 117
156 93
99 64
50 35
17 15
11 7
29 15
68 31
125 54
181 83
228 111
259 130
267 140
251 134
214 119
162 93
103 66
54 39
21 17
11 9
27 13
64 27
117 52
177 83
218 113
259 132
269 142
259 146
220 134
158 95
97 50
52 19
25 11
13 13
23 17
58 23
115 42
173 76
224 113
255 138
267 142
255 134
222 119
169 99
111 74
60 42
23 17
9 3
21 7
56 25
109 52
167 78
218 103
253 126
269 140
257 140
224 125
173 99
119 70
64 44
27 23
9 11
19 9
54 21
103 44
162 74
214 103
251 126
267 138
259 138
228 125
179 103
125 78
70 50
29 23
9 9
19 9
50 21
99 44
156 72
210 99
250 123
267 136
261 138
232 128
185 107
128 80
74 50
35 31
19 23
15 17
35 13
83 25
150 54
208 91
246 123
265 136
263 134
238 125
191 109
134 87
76 56
35 29
13 9
13 7
41 19
87 41
146 68
201 93
242 117
263 132
263 138
240 130
193 109
138 82
82 54
39 31
13 15
13 7
39 15
85 37
142 66
197 95
240 119
265 134
265 138
242 132
197 113
142 85
87 56
41 31
15 13
11 7
37 15
80 37
136 62
193 91
238 117
263 132
267 140
244 132
203 115
148 89
91 58
42 33
17 15
13 9
33 17
76 35
130 60
189 91
236 119
267 148
265 148
236 121
197 91
152 74
99 62
48 42
15 17
11 1
31 7
74 33
126 66
183 95
230 115
261 126
267 134
250 134
210 123
158 93
99 60
52 31
19 15
9 9
27 15
68 29
123 52
179 83
228 113
259 132
267 140
251 134
214 119
162 93
105 66
54 39
21 17
9 7
25 9
62 27
117 54
173 82
224 109
259 130
269 140
253 138
218 123
167 99
111 68
60 41
23 19
9 7
23 9
58 25
113 50
169 78
220 107
255 128
267 140
257 136
222 125
175 103
123 82
68 56
17 21
0 0
15 0
56 13
109 48
164 78
214 103
253 121
271 138
259 142
228 132
177 107
121 74
66 44
27 21
9 11
17 11
50 21
101 41
160 72
212 101
250 126
267 138
261 136
230 126
181 105
125 78
72 50
31 27
11 11
17 7
46 19
97 42
154 72
208 101
248 123
267 136
261 138
234 130
187 107
130 80
76 50
33 27
11 11
15 9
44 19
93 41
150 68
203 97
246 121
267 136
263 140
236 130
191 109
134 82
80 54
37 29
13 13
13 9
42 19
87 41
150 76
203 109
234 119
253 117
259 117
242 123
199 117
138 89
83 52
41 23
17 11
15 15
37 27
82 41
140 60
195 89
240 119
263 138
263 140
242 128
199 109
144 85
87 58
42 33
15 13
13 5
35 13
78 35
134 62
191 91
236 117
261 132
265 138
246 132
203 115
150 89
93 60
44 33
17 15
11 9
31 15
74 33
130 58
185 87
232 113
261 132
267 140
248 134
208 117
154 91
99 62
50 37
17 17
9 9
29 13
70 31
125 56
181 85
228 113
261 132
271 142
253 142
220 132
158 101
93 58
44 23
17 1
11 1
27 11
64 29
119 48
177 78
228 111
261 136
267 146
253 138
216 119
166 95
107 68
54 41
19 17
9 5
23 7
60 23
115 50
173 82
222 109
255 128
267 138
255 136
220 125
169 99
113 70
60 41
23 21
11 9
21 11
56 25
111 46
167 76
218 107
253 128
267 138
257 138
224 125
173 101
117 72
64 42
27 21
11 11
19 11
52 23
105 46
162 76
214 103
251 126
267 138
259 138
228 126
179 105
123 78
70 48
29 25
11 13
19 13
56 35
99 52
146 62
201 76
248 107
271 136
261 144
228 126
183 97
130 72
76 52
33 35
9 19
17 9
46 17
95 39
152 72
205 103
246 123
15 132
261 132
218 126
189 109
125 82
78 50
35 25
13 11
15 9
42 19
89 41
146 66
203 95
246 123
265 138
263 140
238 128
193 111
138 83
80 54
37 29
13 11
13 7
39 17
85 37
142 66
197 95
242 119
265 134
265 138
242 132
197 113
142 85
87 56
41 31
13 13
13 9
37 17
82 37
138 64
195 93
240 121
269 142
269 150
236 132
189 99
140 68
91 48
46 33
13 15
9 5
35 9
80 33
136 66
189 97
234 121
263 132
267 138
246 132
205 115
152 91
95 62
46 33
15 13
11 7
31 15
72 33
126 56
183 85
232 113
261 132
267 142
250 134
210 117
158 91
99 64
50 37
19 17
11 9
29 13
68 31
121 54
179 83
228 111
259 130
267 140
251 136
214 121
162 95
105 66
54 39
21 19
9 11
25 13
62 27
119 52
175 82
224 111
257 132
269 138
255 136
218 123
167 99
109 70
60 42
29 31
13 23
15 11
46 5
109 27
173 70
224 113
255 134
267 136
257 128
224 121
173 107
115 82
62 48
25 17
11 5
19 9
56 29
107 50
164 74
216 99
251 123
267 140
257 140
226 125
177 101
119 70
66 44
29 25
11 11
19 9
52 21
103 44
160 74
212 103
251 126
267 136
259 136
230 125
181 105
125 78
70 46
29 21
11 9
17 9
48 23
97 44
156 72
208 99
248 123
265 134
263 138
234 128
185 109
128 80
76 50
33 27
11 13
15 11
44 21
95 42
154 72
212 111
244 130
255 130
253 123
234 115
193 103
134 82
78 52
35 23
15 7
17 7
42 23
87 44
144 70
201 95
244 119
265 136
263 142
238 132
195 109
138 80
83 52
39 31
13 13
11 5
39 15
85 37
140 66
195 95
240 119
265 134
265 138
242 132
197 113
144 85
89 56
42 31
15 13
11 9
35 17
80 35
136 62
191 91
238 117
263 134
267 138
244 130
205 115
150 89
93 60
44 33
17 15
11 7
33 15
74 33
130 60
187 87
234 115
261 132
267 138
250 134
210 119
156 97
103 76
48 42
7 5
1 0
27 0
74 27
126 64
181 87
230 107
261 123
271 140
251 144
212 126
158 95
101 60
52 35
19 19
9 13
25 13
64 23
121 48
177 82
226 113
257 132
269 140
253 134
216 121
164 97
107 68
56 39
21 17
9 5
23 9
62 27
115 52
173 80
222 107
257 128
267 138
255 138
220 123
169 99
111 70
58 41
23 19
11 9
23 11
58 25
111 50
167 78
220 107
255 128
267 138
257 136
224 125
173 101
117 74
64 44
25 23
11 11
21 13
60 31
109 56
156 76
205 91
246 109
267 126
259 134
226 125
175 99
121 68
70 44
31 29
13 19
17 15
50 21
101 42
158 74
210 105
248 126
265 136
259 134
230 125
181 105
125 78
72 48
33 23
11 9
15 7
46 21
97 44
152 70
207 97
248 123
269 138
261 140
234 128
187 107
132 80
78 50
33 29
11 11
15 9
44 17
91 41
146 70
201 97
246 121
267 136
263 140
238 130
193 111
136 83
82 54
37 29
11 11
13 5
41 19
87 41
142 68
199 95
242 121
265 138
265 142
246 140
201 125
134 83
72 37
33 7
17 3
15 13
37 23
80 33
138 56
197 89
242 125
263 146
265 144
244 128
201 109
144 85
89 60
42 35
15 11
11 3
35 11
76 35
134 64
191 91
234 115
263 130
267 140
246 136
205 119
150 89
95 58
46 33
17 15
11 9
31 13
74 31
128 56
185 87
232 115
259 132
267 140
250 134
208 119
156 91
99 64
50 37
17 17
11 9
27 13
70 31
123 54
179 83
228 111
259 130
267 138
251 134
214 121
162 95
105 68
54 41
23 23
17 21
25 21
52 21
107 35
173 66
228 103
257 132
265 138
253 130
220 115
167 97
111 76
58 48
23 21
9 7
23 9
60 27
113 52
169 80
220 105
255 123
267 136
255 136
222 125
171 99
113 68
62 41
25 19
11 11
21 11
56 23
109 46
166 78
216 107
251 128
267 138
257 136
224 125
175 101
119 74
66 44
27 23
9 9
19 9
52 23
103 46
160 74
212 103
251 126
267 138
259 136
230 126
181 105
125 76
70 46
29 25
11 11
19 9
48 23
99 44
156 72
208 101
251 126
275 150
259 146
220 115
175 80
128 62
78 50
33 35
9 13
15 1
46 11
95 42
152 78
205 105
246 123
267 132
261 136
236 130
189 113
132 82
78 48
35 21
13 9
13 11
42 19
89 37
146 64
201 95
244 121
265 138
263 140
238 128
193 109
136 82
83 54
39 31
13 13
13 9
39 17
85 37
140 64
197 95
240 121
265 134
265 140
242 132
197 113
142 85
87 56
41 31
15 13
11 7
37 15
80 35
136 62
193 91
236 117
263 134
267 140
246 134
205 117
150 93
97 68
48 44
9 15
0 0
27 0
76 23
132 56
187 89
232 111
263 128
269 136
250 138
208 123
154 97
95 62
48 33
17 15
11 9
29 17
70 31
125 52
181 82
232 113
261 134
267 140
251 134
212 117
158 95
93 66
52 31
19 17
1 5
27 11
66 29
121 54
52 83
220 111
9 128
267 138
251 136
216 121
164 95
105 66
56 39
21 17
1 7
25 11
62 29
117 52
173 82
222 109
257 128
269 138
255 138
218 123
167 97
111 70
60 42
25 21
9 9
23 11
60 27
111 52
173 89
222 119
248 126
255 119
251 115
224 113
173 103
117 78
62 42
27 13
11 5
23 15
56 33
105 52
164 74
216 99
251 126
267 142
257 140
226 123
177 97
121 70
66 46
27 25
9 9
19 7
52 21
101 44
158 76
212 103
250 125
267 134
261 136
230 128
181 107
125 76
70 46
31 23
11 11
17 11
46 21
97 41
154 70
208 101
248 125
267 136
261 138
234 128
187 109
130 80
76 50
35 27
11 11
15 9
42 19
91 41
150 70
205 99
246 123
267 138
263 140
240 132
199 121
134 89
70 48
27 11
9 0
15 1
42 17
85 39
142 62
201 89
246 119
267 142
265 146
240 132
197 109
140 82
83 56
37 31
13 13
13 5
37 13
82 35
138 64
195 93
240 119
265 134
265 138
242 132
201 115
146 87
89 58
42 31
15 13
11 7
33 15
76 33
136 60
191 89
236 117
263 134
265 138
246 132
205 113
152 89
93 60
44 33
17 13
11 7
31 13
74 33
128 58
185 87
232 115
261 132
267 138
250 134
208 119
156 93
97 62
50 37
19 17
9 9
31 17
76 42
123 64
169 74
218 87
259 113
273 140
251 144
210 121
160 85
105 56
56 41
21 29
9 17
25 11
66 23
119 50
175 83
224 113
257 130
267 134
253 130
216 119
166 99
107 70
56 41
21 17
9 7
23 13
60 29
115 52
171 80
222 107
255 128
267 140
255 138
220 123
169 99
113 70
60 42
23 19
9 9
21 9
56 23
109 48
166 78
218 105
253 126
267 138
257 140
224 125
173 101
117 72
66 46
27 23
9 11
19 11
52 21
105 46
162 76
214 105
253 126
273 144
263 146
222 125
169 91
117 58
68 37
31 21
9 11
15 7
48 17
103 41
160 76
210 107
248 128
267 136
261 136
232 128
183 107
126 80
72 48
31 21
11 7
15 9
46 21
95 42
152 68
207 97
248 123
267 138
263 140
234 128
189 107
132 80
78 52
33 27
11 9
15 7
44 19
91 41
146 68
203 95
244 121
265 138
263 140
238 130
193 111
138 83
82 54
37 27
13 11
13 7
39 17
85 37
142 64
199 95
240 119
263 134
265 136
242 130
199 115
142 87
87 60
41 33
19 25
15 21
29 15
68 15
132 39
195 80
240 121
263 140
265 136
246 125
205 111
150 95
91 68
44 39
15 11
11 3
33 15
76 37
130 62
187 85
234 107
263 128
267 142
246 136
205 117
152 87
95 60
46 35
17 17
1 7
31 13
72 29
126 58
183 87
232 115
11 132
251 138
250 134
210 119
158 95
93 66
50 37
17 15
1 7
27 11
5 31
123 56
54 83
228 111
9 130
251 138
251 134
148 121
162 95
97 66
54 39
21 19
3 9
25 13
64 27
119 54
48 87
230 123
5 136
255 130
175 119
216 107
169 91
109 68
48 39
23 15
13 5
25 13
60 31
113 56
44 82
220 105
3 125
267 138
255 138
220 123
169 97
113 66
62 41
25 23
9 11
21 9
56 23
107 46
164 78
216 107
1 128
267 136
257 134
220 123
177 95
121 76
66 46
27 21
9 9
15 9
52 23
101 46
158 72
212 99
1 125
267 138
259 138
230 126
181 103
125 76
70 48
29 25
11 9
17 9
48 21
97 44
154 72
208 101
248 123
19 138
263 140
234 130
187 109
125 83
82 64
31 33
0 0
5 0
42 1
95 39
27 76
203 101
244 115
17 128
265 140
238 138
191 117
134 82
78 46
35 23
11 13
11 11
41 19
87 35
146 62
199 93
242 123
265 138
265 140
240 128
187 109
140 83
83 56
39 29
13 11
13 5
39 15
83 39
140 66
195 93
240 117
265 132
265 140
242 132
199 113
144 85
89 56
42 33
15 15
11 9
35 15
80 35
134 62
191 91
236 117
263 132
267 140
246 132
205 115
150 89
93 62
46 33
17 15
11 9
33 17
80 41
132 68
179 87
220 101
255 115
269 128
250 132
207 119
152 87
99 56
52 33
21 21
11 15
29 17
68 29
125 52
181 83
228 115
259 132
267 136
250 130
212 115
158 93
101 66
52 39
21 17
9 5
25 9
66 29
121 56
177 85
224 111
250 128
269 138
253 136
216 121
164 95
107 66
56 39
21 19
1 9
25 11
62 27
115 50
171 80
222 109
257 128
267 138
255 138
220 123
169 99
111 70
60 41
23 19
9 9
23 11
56 25
111 48
167 76
220 107
255 128
269 140
257 138
228 128
177 113
111 72
52 27
21 0
13 0
25 15
52 31
103 44
164 66
218 99
253 132
267 150
257 142
226 121
179 97
123 74
66 50
27 25
11 7
17 3
50 17
99 44
158 76
210 103
250 123
267 134
261 138
232 128
183 107
126 78
72 48
31 25
11 11
15 9
44 17
95 41
154 70
207 101
248 125
267 138
263 140
234 130
187 109
130 82
76 52
35 27
11 9
13 7
42 19
91 41
148 68
203 97
244 121
267 136
263 140
238 130
193 111
136 82
82 54
39 31
17 17
19 19
37 23
76 29
132 48
197 80
244 115
265 134
263 136
240 125
201 105
144 85
85 62
41 37
15 15
13 7
37 15
80 37
136 64
193 93
238 113
263 128
265 136
244 132
201 115
146 87
91 56
44 31
17 15
11 9
33 17
76 33
132 58
189 89
234 117
261 134
267 138
248 132
205 115
150 89
95 62
46 35
17 15
11 7
29 13
72 31
128 58
185 87
230 113
261 132
269 140
250 136
208 119
156 93
101 64
50 37
17 17
9 7
27 13
68 29
123 56
181 87
228 113
261 136
273 154
248 142
203 105
152 70
105 50
56 39
19 23
9 9
25 5
66 23
121 56
175 91
224 119
257 130
267 134
253 132
216 125
166 101
109 68
56 35
21 13
9 5
25 13
60 29
113 50
169 76
222 107
255 130
267 140
255 136
220 121
171 97
115 70
62 44
25 21
9 9
21 7
56 23
107 48
166 78
216 105
253 125
267 138
257 138
224 126
175 103
119 72
66 44
27 23
9 9
19 11
52 23
103 46
160 74
212 103
251 125
269 138
259 138
228 128
181 107
126 80
76 58
33 37
3 9
5 0
42 3
99 33
158 72
208 101
248 121
267 130
263 136
234 130
185 113
128 83
74 50
33 23
11 9
13 9
44 19
93 39
150 64
203 95
246 121
265 136
263 138
236 128
189 107
134 80
78 52
35 27
13 11
13 9
41 17
87 37
146 66
201 97
242 121
265 134
263 138
238 130
193 111
138 83
82 52
39 29
15 13
13 9
37 17
83 37
142 64
197 93
240 119
263 134
265 138
242 130
199 113
142 85
87 58
42 33
15 13
11 7
35 17
80 39
136 66
195 99
240 128
255 128
253 117
242 111
205 107
150 93
91 62
42 29
17 7
13 5
35 21
76 42
130 62
185 83
234 111
261 132
265 144
246 134
207 113
154 83
97 60
48 37
17 17
11 9
29 11
70 29
125 54
183 87
232 115
259 132
267 138
250 132
212 119
158 95
101 64
52 35
19 13
9 7
27 13
66 29
121 52
177 82
228 109
259 132
267 140
251 136
216 121
164 95
105 66
54 39
21 17
9 7
25 11
62 27
115 52
173 83
224 109
257 130
269 140
255 140
222 128
173 107
107 72
50 35
15 3
9 0
23 3
58 25
109 50
167 76
220 103
257 128
269 144
255 144
220 125
171 97
117 70
62 44
25 23
9 9
19 7
54 21
105 46
162 76
214 103
253 126
267 136
257 136
226 125
177 103
121 76
68 44
27 21
9 9
17 9
50 21
93 42
160 72
212 101
250 125
267 138
259 136
230 126
183 105
125 78
70 48
31 25
11 9
17 9
46 19
95 41
154 72
208 99
248 123
265 134
263 138
236 128
187 109
130 80
76 48
33 25
13 13
15 11
46 25
97 52
146 72
191 83
236 97
265 121
267 138
238 134
189 107
136 72
83 48
39 33
13 21
13 15
39 17
87 33
142 62
197 97
240 123
265 134
263 134
238 125
197 111
142 87
85 58
39 31
13 11
13 7
39 17
82 41
138 66
193 91
240 117
265 134
265 140
242 132
201 113
146 83
89 56
42 31
15 13
11 7
33 15
78 33
126 60
189 91
236 117
263 132
267 138
246 132
205 117
150 91
95 60
46 33
17 15
11 9
31 13
72 31
128 58
185 89
234 117
13 136
273 150
251 144
193 115
144 78
93 46
50 29
19 15
0 9
25 9
70 23
126 54
183 91
228 119
9 134
267 138
251 134
212 121
158 95
103 66
52 37
19 13
9 5
25 13
64 29
119 54
177 82
224 109
0 130
269 140
253 138
216 121
166 95
107 66
56 39
23 19
9 9
23 11
60 27
113 50
171 80
218 109
5 130
267 140
255 136
220 123
169 99
113 62
60 42
25 21
9 7
21 1
56 25
109 48
31 78
218 107
3 128
267 138
257 136
224 125
175 95
119 76
64 46
27 23
17 19
15 21
44 17
91 23
158 52
208 95
3 130
265 142
250 132
230 117
181 101
125 82
68 56
29 29
11 7
17 5
48 21
97 46
156 74
208 99
248 119
267 134
261 138
232 130
183 107
126 76
74 48
33 25
11 11
15 9
46 19
95 41
152 68
205 99
246 123
267 138
263 138
234 126
189 107
132 82
78 52
35 25
11 7
15 7
44 19
89 41
146 66
201 95
244 119
265 136
263 140
240 130
193 109
138 82
82 54
37 29
13 13
15 9
39 17
85 37
142 66
201 101
248 132
261 140
253 128
234 115
197 99
144 82
87 58
39 29
13 7
13 3
39 17
82 42
136 68
193 93
238 115
263 130
265 140
244 134
201 115
146 83
91 54
44 31
15 13
11 7
33 13
76 33
132 60
187 89
232 115
263 134
267 140
248 134
205 115
152 89
97 62
48 35
17 15
9 7
31 13
72 31
126 56
183 85
232 113
261 132
267 140
250 134
210 119
158 93
101 64
50 37
19 15
1 7
27 11
68 29
123 54
179 83
228 111
259 130
269 140
251 134
216 121
164 97
109 72
60 50
17 21
0 0
17 0
62 13
121 52
175 87
222 109
0 123
269 125
257 138
220 130
167 105
93 66
58 35
23 17
9 11
21 13
56 23
111 44
169 74
218 107
3 130
267 138
257 134
218 121
171 99
115 74
64 46
25 23
9 7
15 7
54 23
107 46
166 76
216 103
3 126
267 138
257 138
226 125
177 95
121 74
68 46
27 23
9 7
0 7
52 23
101 46
31 74
212 101
1 125
267 138
259 138
230 126
183 105
125 76
72 48
29 25
11 11
19 9
50 25
103 54
156 82
191 97
238 109
5 121
263 130
234 126
185 105
128 74
76 44
37 25
13 17
15 17
35 23
91 39
150 66
205 99
236 125
15 136
261 136
220 125
189 105
134 80
80 54
37 29
13 11
13 7
41 19
87 41
140 68
191 97
242 119
15 134
265 138
240 130
187 111
138 82
85 54
41 29
13 13
13 9
37 17
83 37
130 62
193 93
238 117
265 134
265 140
244 134
199 113
146 87
89 58
42 33
15 15
11 9
35 15
78 35
126 60
191 91
236 117
263 134
267 140
246 134
210 126
152 101
83 54
35 11
11 0
13 0
35 19
64 37
126 52
187 80
236 113
263 140
267 148
248 136
208 113
154 87
97 64
46 39
17 15
11 3
29 7
68 29
125 58
181 87
230 115
259 130
269 138
251 136
212 123
160 95
101 64
52 35
19 15
11 9
27 13
66 27
119 52
177 82
226 111
257 132
267 140
253 134
216 119
164 95
107 68
56 41
21 19
9 9
23 9
62 27
115 52
171 82
222 109
255 128
267 138
253 136
220 123
171 101
113 74
60 44
25 23
13 15
29 23
54 31
97 41
158 60
216 91
257 123
267 140
255 136
222 117
177 97
121 74
66 50
25 29
11 11
19 9
54 23
103 48
160 76
212 103
251 123
267 134
259 136
226 126
179 103
123 74
68 44
29 23
11 11
17 9
48 21
101 42
158 72
210 103
250 125
267 136
261 136
232 128
183 107
126 78
72 48
31 25
11 11
15 9
44 19
97 42
154 70
207 99
246 123
267 136
263 138
236 130
187 109
132 82
78 52
35 27
11 13
13 9
42 19
91 41
148 68
203 97
244 123
269 142
271 152
234 132
179 93
130 60
83 42
41 29
13 17
13 9
41 11
87 33
146 70
199 105
240 126
265 134
265 134
240 128
197 115
140 87
85 54
39 25
15 9
13 7
37 19
82 37
130 62
195 89
238 117
13 136
250 140
244 132
201 113
148 89
89 60
42 33
15 13
11 7
33 13
76 33
132 58
189 87
236 117
263 134
267 140
177 134
207 117
152 89
64 60
46 35
17 15
1 9
31 13
72 31
1 58
185 83
232 115
11 132
253 140
250 134
210 119
158 93
95 68
58 48
21 27
1 3
15 0
64 11
0 46
173 85
226 111
9 126
265 125
253 134
216 125
162 93
105 68
52 37
21 15
1 9
25 15
62 31
117 52
173 76
224 107
7 130
267 142
250 136
218 119
167 97
109 68
58 42
23 21
9 9
23 11
58 25
113 50
162 80
220 107
5 126
267 136
257 136
222 125
171 101
115 72
62 41
25 21
9 11
21 11
56 25
107 46
166 76
216 105
251 126
269 138
259 138
226 126
175 103
119 74
66 46
27 23
11 11
19 9
52 23
103 46
162 76
218 115
251 136
257 130
250 115
218 107
183 99
126 83
62 52
29 17
11 1
21 7
50 29
97 52
156 74
208 95
248 119
267 138
259 142
230 128
185 103
130 74
74 46
31 25
11 11
17 7
46 17
93 41
150 70
205 99
246 123
267 136
261 136
220 128
189 109
126 82
78 52
35 27
13 11
15 9
41 19
87 39
146 66
201 95
242 123
265 136
263 138
238 128
187 111
138 85
82 56
39 29
15 13
13 7
39 17
83 37
140 64
197 93
240 119
263 134
265 140
242 132
205 119
148 97
83 60
31 21
0 0
11 0
37 11
80 37
125 60
191 83
238 111
267 134
269 148
246 140
203 117
150 85
93 58
44 37
13 17
9 7
33 11
74 29
130 58
187 89
234 115
255 132
267 138
248 134
208 119
154 93
97 64
48 35
17 15
9 7
29 13
70 31
125 56
183 85
230 113
259 132
267 140
250 134
212 119
156 95
101 66
50 37
19 17
3 7
27 13
66 29
121 54
177 82
226 111
257 130
267 140
253 136
216 121
164 95
105 66
58 41
23 21
11 11
25 13
66 33
121 66
167 85
210 93
250 105
269 125
259 138
220 128
166 95
111 60
64 37
27 27
11 21
21 17
58 23
111 44
167 78
216 109
251 128
267 134
257 130
224 121
173 99
117 74
64 44
27 21
9 7
19 9
54 25
105 48
162 76
214 101
251 125
267 138
257 140
226 126
177 101
121 72
68 44
27 25
11 9
17 9
50 21
99 42
158 72
210 101
250 126
267 138
261 138
232 126
183 107
126 80
72 50
31 25
11 9
17 7
46 21
95 42
154 72
207 101
248 123
269 140
269 150
236 136
177 105
121 64
72 33
35 17
13 9
13 9
41 15
91 35
152 66
205 103
246 130
265 140
263 140
236 128
191 109
134 83
80 54
35 25
11 7
13 5
41 19
87 41
144 68
199 93
242 119
265 136
265 142
240 132
195 111
142 83
85 56
39 31
13 13
13 7
37 15
82 37
138 64
193 93
240 117
265 134
265 140
244 132
201 115
146 87
89 58
42 33
15 13
11 9
35 15
78 35
132 60
189 89
236 115
263 134
267 140
248 134
207 117
152 91
95 62
46 37
17 19
17 19
31 23
62 21
117 33
183 68
236 111
261 140
265 142
250 128
210 111
160 93
99 72
50 44
19 17
9 3
27 7
68 31
123 60
179 87
226 109
259 125
269 136
251 136
212 123
160 95
105 62
54 37
21 19
9 11
25 11
64 27
119 52
175 82
224 111
257 130
267 138
253 134
218 121
166 99
109 70
58 41
23 19
9 7
23 11
60 27
113 50
169 78
222 107
255 128
267 140
255 136
220 123
171 99
115 72
62 44
25 21
11 9
21 11
56 25
107 48
167 80
224 115
259 142
261 142
246 126
218 107
175 89
121 72
64 46
25 21
9 3
21 5
54 25
105 52
162 80
214 103
251 123
267 136
259 140
228 128
179 103
123 72
68 42
29 23
9 9
17 9
48 21
99 42
156 72
210 103
248 126
267 138
261 138
232 126
183 105
128 78
74 50
33 27
11 11
15 7
46 19
95 42
150 70
205 97
248 123
267 138
263 140
234 128
189 107
134 80
80 54
35 29
11 13
15 7
42 19
89 41
146 68
201 95
244 121
265 136
265 140
240 130
187 111
138 85
87 62
42 42
9 15
1 0
31 0
85 23
144 68
197 101
238 119
263 125
267 134
246 136
199 125
142 91
85 54
41 25
15 13
13 11
33 19
78 33
136 56
193 87
238 117
263 136
267 140
246 130
203 113
148 87
91 62
44 35
15 13
11 7
31 13
74 31
132 60
189 89
234 115
261 130
267 140
248 134
207 119
152 91
97 62
48 35
17 15
9 7
29 13
72 33
126 58
183 85
230 113
259 130
269 138
251 134
210 119
158 93
101 64
52 37
19 17
11 9
29 15
70 35
128 66
177 91
218 105
250 115
265 125
253 128
216 119
162 95
105 62
56 35
23 19
13 15
25 19
62 31
115 50
173 80
222 109
255 130
267 138
253 132
218 117
167 97
111 70
58 42
23 19
9 7
23 9
58 27
111 52
169 82
220 107
253 126
267 138
257 138
222 125
171 99
115 70
62 41
25 21
11 11
19 11
54 23
107 46
164 76
214 103
251 125
269 138
259 138
226 126
177 103
121 74
68 46
27 23
9 9
17 9
52 23
103 44
160 74
212 103
251 126
267 138
261 140
230 128
189 117
126 87
60 41
19 1
7 0
19 5
48 27
95 46
152 66
210 91
251 123
269 146
261 150
232 130
187 103
130 76
74 52
31 29
11 13
15 5
42 13
91 37
150 70
205 101
246 123
265 134
263 136
238 130
191 111
134 83
78 50
37 25
13 13
13 9
39 19
87 37
144 64
201 95
244 123
263 136
265 140
240 130
197 113
140 85
85 56
39 31
13 13
13 7
37 17
83 37
140 64
195 93
238 117
263 134
265 140
244 134
201 115
146 89
89 60
44 33
17 17
17 17
39 29
72 37
123 48
181 70
238 105
265 132
265 142
244 130
205 107
154 85
95 64
46 42
15 21
11 9
31 13
74 31
126 60
183 87
234 115
261 130
267 136
248 132
208 117
156 93
99 62
48 35
19 15
11 9
29 15
70 31
125 54
181 83
228 113
259 132
267 140
251 134
212 117
160 93
103 66
52 39
19 19
11 9
27 13
66 29
119 54
177 83
224 109
257 128
267 138
253 136
216 123
164 97
109 68
58 41
21 19
9 9
23 11
62 25
115 52
171 80
222 109
257 130
271 144
259 150
214 123
158 80
107 48
62 33
27 23
9 13
19 5
58 15
113 44
169 83
218 115
253 132
267 136
257 132
224 123
173 105
117 76
64 42
25 15
9 1
21 9
54 27
105 48
162 74
214 101
251 126
267 140
259 140
228 126
179 101
121 74
68 46
29 25
11 11
19 7
50 19
99 42
158 74
210 103
248 125
267 138
261 138
232 128
183 105
126 78
74 50
33 27
11 11
15 9
46 21
95 42
152 72
207 99
246 123
267 136
263 138
236 130
189 111
132 82
80 56
42 39
13 17
5 3
33 3
87 23
150 62
203 97
242 121
263 130
267 134
242 130
195 117
138 89
82 58
39 29
13 11
11 9
39 19
83 39
140 62
197 89
240 117
265 134
265 140
234 130
197 111
140 83
78 58
41 33
0 15
5 7
35 13
80 35
138 64
193 93
238 119
263 134
265 138
244 132
203 117
146 89
91 58
44 31
17 13
11 7
33 15
76 33
132 60
189 89
236 117
13 134
251 140
177 134
207 115
144 89
64 60
46 35
19 17
3 11
31 15
1 33
0 60
125 91
238 126
259 140
257 128
240 111
208 99
160 89
101 70
48 39
17 11
11 1
31 13
70 39
123 66
177 87
228 107
259 126
267 140
250 138
212 121
162 91
105 62
54 37
21 19
9 11
27 11
64 25
117 52
173 82
224 111
257 130
267 138
253 136
218 123
167 99
111 70
58 41
23 19
9 7
23 11
60 29
111 50
169 78
222 107
255 130
267 140
255 138
222 123
171 99
115 72
62 42
25 21
11 9
21 9
56 23
107 46
166 78
216 107
253 126
269 138
259 140
228 128
181 111
123 83
60 44
15 9
3 0
19 0
54 19
103 46
158 72
212 97
253 121
271 142
261 146
228 132
181 105
125 74
70 46
31 25
9 13
15 7
48 17
97 41
154 72
208 101
248 125
267 136
261 138
232 126
185 107
128 80
76 52
33 27
11 11
15 7
44 21
93 42
150 70
205 97
246 123
267 136
263 138
158 128
191 109
126 78
78 52
35 27
11 11
0 7
42 19
87 39
21 68
193 95
242 119
15 134
265 138
242 132
195 113
140 83
83 56
39 31
15 15
13 11
37 19
80 42
144 76
189 91
228 99
259 113
267 130
246 136
199 119
142 83
89 50
44 29
17 21
13 19
33 19
78 31
134 56
187 89
236 119
263 134
265 136
246 126
203 113
150 89
93 62
44 35
17 13
9 5
33 13
76 35
130 60
187 87
232 113
263 132
267 140
248 134
207 117
154 89
99 62
48 37
17 17
3 7
29 13
70 31
125 58
181 87
226 113
11 132
267 138
250 134
212 119
160 95
103 66
52 37
19 17
11 9
27 13
66 31
121 54
177 83
226 111
259 132
271 144
259 148
216 128
154 89
97 52
52 25
23 13
11 9
23 11
60 23
117 46
175 80
224 115
255 136
267 140
255 136
220 121
167 99
111 72
60 41
25 17
9 5
21 9
56 25
111 50
167 80
218 107
253 126
269 138
257 140
224 126
173 101
117 72
64 42
25 23
9 9
19 9
54 23
107 46
164 76
214 105
251 128
267 138
259 138
226 126
177 103
123 76
68 46
29 23
11 9
17 9
50 23
99 44
158 72
212 101
250 126
267 138
259 138
232 126
185 105
126 78
72 50
31 27
13 13
23 21
46 29
83 31
142 46
207 82
251 123
267 144
259 140
232 121
191 101
134 82
78 60
35 35
11 11
15 5
42 17
89 42
148 72
203 97
244 117
265 130
263 138
238 132
193 113
136 82
82 50
37 27
13 15
13 11
41 17
85 37
144 64
197 93
242 121
265 136
265 140
240 130
197 111
142 85
85 56
41 31
13 13
13 7
37 17
82 37
138 64
193 91
240 117
265 134
267 140
244 132
201 115
146 87
91 58
42 33
15 15
11 5
35 15
78 35
134 62
191 93
242 125
267 144
259 140
234 119
201 99
152 80
95 60
44 35
15 11
11 3
35 13
74 37
128 64
185 91
232 115
261 130
267 138
248 136
208 119
154 89
99 60
48 33
17 15
11 9
29 15
68 31
123 56
181 85
228 113
259 132
267 138
251 136
214 119
160 95
105 66
54 39
21 17
9 9
25 11
64 29
119 54
175 83
224 109
257 128
269 138
255 136
216 123
166 95
109 68
58 41
23 19
9 7
23 9
60 25
113 50
169 80
220 107
255 128
267 138
257 136
222 123
171 101
115 74
66 54
29 33
3 7
9 0
50 1
111 39
169 82
216 113
251 125
269 130
261 134
228 130
175 113
117 78
64 42
27 17
11 7
17 13
52 25
103 42
160 68
214 99
251 126
267 140
259 138
228 125
179 103
123 76
68 48
31 27
11 11
17 9
46 19
99 44
156 74
208 103
248 123
267 136
261 138
232 128
185 107
128 78
74 48
33 25
11 11
15 9
44 19
93 41
150 68
205 97
246 123
267 136
263 138
236 128
191 109
134 83
78 54
35 29
13 11
15 9
42 21
91 46
152 80
199 101
232 113
255 117
263 125
240 125
193 111
138 83
83 50
41 27
15 13
15 15
39 25
83 39
140 62
197 91
238 119
265 138
265 140
240 128
199 109
144 83
87 56
41 33
15 13
13 7
35 15
80 35
136 62
193 91
236 117
263 134
265 138
244 132
203 117
148 87
91 58
46 33
15 15
11 9
31 15
76 33
130 58
187 89
234 117
261 132
267 138
248 134
207 117
154 91
97 62
48 37
17 17
9 7
29 13
72 31
126 58
183 87
230 111
261 132
269 142
251 138
212 123
164 105
99 72
41 25
9 0
9 0
31 11
68 35
119 56
171 76
230 103
263 132
269 150
251 144
214 121
164 91
107 64
54 41
19 21
3 9
25 7
62 21
115 48
173 82
224 113
0 130
267 136
255 134
220 123
169 101
111 72
58 41
23 17
9 7
21 9
58 25
111 48
162 78
220 107
253 128
267 140
250 138
224 125
173 101
115 72
62 42
25 21
9 9
21 11
54 23
107 46
164 76
216 105
251 126
267 136
259 138
226 126
177 103
121 76
68 46
29 25
11 13
23 17
54 33
93 44
148 60
205 83
251 115
269 136
259 138
228 123
183 97
130 76
74 54
31 33
9 13
17 9
48 19
95 42
154 74
207 101
246 121
15 132
261 136
232 128
187 109
130 80
68 48
33 25
11 9
15 9
44 21
91 42
148 68
205 97
244 123
15 136
263 138
222 130
191 109
126 78
80 52
37 29
13 13
13 9
39 17
85 39
15 66
191 95
242 121
15 134
265 138
240 130
189 111
142 83
78 56
41 29
13 13
13 7
37 13
68 35
15 64
187 95
234 121
13 136
255 148
246 144
193 109
126 66
85 37
46 25
15 19
1 13
33 11
80 27
136 58
191 97
236 126
5 138
251 136
246 128
205 115
142 91
93 62
44 31
17 9
11 5
31 15
66 35
128 60
185 87
232 113
11 132
267 142
248 134
208 117
156 89
99 62
48 37
17 17
3 7
29 11
68 27
123 52
181 85
230 113
9 132
267 138
250 132
212 119
162 95
103 68
52 39
19 17
11 7
27 13
64 29
119 54
175 82
224 109
250 130
267 140
253 136
218 123
166 97
109 70
60 46
29 31
7 15
13 3
52 9
113 37
173 76
222 109
5 126
267 134
259 132
218 125
171 105
113 76
60 42
25 21
9 9
21 11
56 25
107 48
166 74
216 101
3 125
267 138
257 138
224 123
175 99
119 72
62 44
27 23
9 9
15 9
52 21
97 46
162 74
214 103
251 125
267 136
259 138
228 126
179 103
123 74
70 46
29 23
11 9
17 9
46 23
99 44
158 72
210 101
0 123
267 136
261 138
232 128
185 107
126 78
72 48
33 25
13 11
17 11
44 21
95 42
152 72
208 105
251 136
261 142
251 125
218 105
189 93
136 80
80 58
33 27
11 3
17 1
44 21
91 50
146 76
201 95
242 115
15 132
263 142
236 132
193 109
130 78
83 50
37 29
13 13
13 9
41 15
85 37
140 64
189 95
242 121
15 134
265 138
240 130
189 113
142 87
87 58
41 31
13 11
13 5
37 17
82 37
3 62
193 91
238 117
13 134
250 140
236 134
203 113
140 87
91 58
44 33
0 15
3 9
33 15
5 33
7 60
126 89
236 117
261 134
267 138
248 132
208 119
158 99
99 72
39 33
7 1
5 0
31 3
72 29
126 58
181 83
232 107
263 128
271 144
251 142
210 123
158 93
101 62
50 37
17 19
9 9
25 11
68 25
123 52
177 82
226 109
259 130
269 138
251 134
214 121
162 97
107 68
54 41
19 19
9 7
25 11
62 25
117 52
173 82
224 109
257 130
267 138
255 136
218 121
167 97
111 70
58 42
23 19
9 7
23 9
58 25
113 50
169 80
220 107
255 128
269 140
255 138
222 125
171 101
115 72
62 42
25 21
11 9
21 11
56 27
111 56
167 87
207 99
242 105
263 117
261 132
228 130
175 107
117 68
68 35
33 21
13 19
19 21
50 27
101 41
160 70
212 103
248 130
265 138
259 134
228 121
181 101
125 78
70 50
31 25
11 7
17 7
48 21
97 44
154 74
208 99
248 121
267 134
261 138
234 130
185 107
130 78
76 48
33 27
11 13
15 9
44 19
93 41
150 68
203 95
246 123
267 138
263 138
236 128
191 109
134 83
80 54
37 29
11 11
15 7
41 17
87 39
144 66
201 97
244 123
267 138
267 146
248 144
193 117
130 76
76 39
39 15
15 7
13 9
37 15
82 31
142 58
199 95
242 125
263 140
265 140
244 130
201 113
144 89
85 58
41 31
15 9
13 5
33 15
78 35
136 62
191 89
236 117
263 134
267 140
246 132
205 115
150 87
93 60
46 35
15 17
9 7
33 13
74 31
130 58
185 89
232 115
261 132
267 140
248 132
208 117
156 93
99 64
48 37
17 15
11 5
29 13
70 31
125 58
181 85
230 113
259 130
267 138
251 134
212 119
160 95
103 66
52 41
19 19
13 15
33 27
62 33
107 39
169 58
226 95
261 130
269 146
251 136
216 113
167 89
111 72
56 50
21 25
9 7
23 5
60 23
113 52
171 83
220 107
255 123
267 134
255 136
220 125
169 101
113 68
60 39
25 21
9 11
21 11
56 23
111 46
167 78
218 107
253 126
267 138
259 136
224 125
173 101
117 72
64 44
25 21
9 9
19 9
54 23
105 46
162 76
214 103
251 126
269 138
259 140
226 126
179 103
123 74
68 46
29 25
11 11
17 9
50 23
101 44
158 76
212 107
255 134
269 146
251 134
218 111
179 85
130 70
74 50
29 25
9 5
19 3
50 19
97 46
152 78
207 103
246 123
267 134
259 136
234 128
187 109
132 80
76 46
33 25
13 11
15 11
42 21
89 41
148 66
203 97
244 123
265 136
263 138
238 130
193 109
136 83
80 52
37 27
13 11
13 9
39 19
85 37
142 64
199 93
242 119
265 136
263 140
242 130
197 113
140 85
85 56
41 31
15 13
11 7
37 15
82 35
138 64
193 91
238 119
263 134
265 140
244 132
203 115
148 89
91 62
48 42
17 25
1 1
23 0
72 13
136 54
191 95
234 119
261 126
267 130
248 132
207 123
152 99
93 62
46 29
17 11
11 9
29 17
72 33
126 52
183 80
230 109
261 134
267 142
250 134
210 115
158 89
99 64
50 39
19 19
11 7
27 9
66 27
123 54
179 83
228 113
257 128
267 136
251 134
214 121
162 95
105 64
54 37
21 17
9 7
25 11
64 27
119 52
175 82
222 107
257 128
269 140
255 138
218 123
166 97
109 68
58 42
23 21
9 9
23 11
60 27
117 56
173 89
214 109
244 117
261 121
255 125
222 119
169 101
113 70
62 37
27 17
13 11
23 17
56 31
107 48
166 74
216 103
253 128
267 140
255 134
224 119
175 97
119 72
64 46
27 23
9 7
19 7
52 23
101 48
160 76
212 103
251 125
267 136
259 136
230 126
181 105
125 76
68 46
29 23
11 9
17 9
46 19
97 42
156 72
210 101
248 125
267 138
261 138
232 128
185 105
128 78
74 50
33 27
11 11
15 9
44 19
93 41
150 70
205 97
246 121
267 138
263 142
236 130
193 115
140 95
74 56
23 11
3 0
15 0
46 21
89 46
144 66
199 87
246 115
269 140
265 150
238 138
193 109
138 78
83 52
37 31
11 15
11 5
39 11
85 33
140 64
197 95
240 119
265 134
265 138
242 130
199 115
144 87
87 56
41 29
15 11
11 7
35 15
78 33
134 58
193 89
238 117
263 136
265 140
246 132
203 113
148 87
91 60
46 35
17 15
11 9
33 13
76 31
130 60
187 89
234 115
263 132
267 138
250 134
208 119
154 91
97 62
50 37
19 17
13 13
37 25
72 41
117 52
171 68
226 95
261 123
269 138
250 136
210 115
160 87
105 62
54 42
21 25
9 11
27 11
66 27
121 54
175 85
224 111
257 128
267 134
251 132
214 119
164 97
107 66
56 39
21 17
9 9
25 13
62 27
115 48
173 78
224 109
257 130
267 138
253 134
220 121
169 99
111 70
58 42
23 19
11 7
23 11
56 25
111 50
167 78
218 105
253 126
267 140
257 138
224 125
173 103
115 72
64 42
25 21
11 9
21 11
54 25
105 48
164 78
216 105
251 128
269 140
265 150
228 136
167 95
111 52
66 27
33 19
13 17
17 13
48 15
103 35
162 72
212 111
250 134
267 140
259 134
230 123
181 105
125 80
72 48
31 21
9 3
17 5
48 21
97 46
154 72
207 97
248 121
267 138
263 140
232 128
187 107
130 78
76 48
33 27
11 11
15 7
42 17
91 41
148 68
203 97
244 123
265 136
263 138
238 128
193 111
134 82
80 52
37 27
13 13
13 9
39 17
85 39
144 66
201 95
242 121
265 136
265 138
242 132
197 113
140 85
87 58
44 39
21 27
7 13
25 5
74 17
138 50
197 89
238 119
261 132
267 132
246 128
203 117
146 93
89 64
42 33
15 13
11 7
33 17
76 35
132 60
189 85
234 111
261 130
265 140
248 134
205 115
152 89
95 62
46 35
17 15
11 9
31 13
72 31
128 58
185 87
232 115
261 132
267 138
248 132
208 117
156 93
99 64
50 37
17 15
11 9
29 13
68 31
121 54
181 83
230 113
9 134
267 140
251 134
214 119
160 95
103 66
52 37
21 17
3 7
27 11
64 29
119 54
177 83
222 119
13 144
261 140
242 119
210 99
166 85
111 70
58 46
21 17
1 0
25 5
64 33
115 62
44 87
220 105
255 123
267 136
255 140
218 126
169 97
113 64
62 39
25 21
9 11
21 11
56 23
109 46
158 78
216 107
