330000 10000000 69206 30
85 48
109 58
132 66
156 76
179 89
201 103
220 113
236 119
248 121
255 128
257 132
255 134
246 130
236 123
218 115
199 107
175 97
152 83
128 72
103 58
80 46
62 39
44 31
33 23
25 15
21 11
23 15
31 19
42 25
58 31
78 37
101 48
125 62
150 76
173 87
197 97
216 109
232 117
244 125
255 130
259 134
255 132
250 130
240 126
224 121
205 111
183 101
160 87
136 78
111 66
87 54
72 50
52 44
29 21
15 0
15 0
23 3
31 19
39 27
52 25
72 29
95 44
121 66
142 82
166 89
187 91
210 99
228 115
240 126
250 130
257 128
257 128
251 128
242 128
228 123
210 113
189 101
167 89
142 80
119 70
95 58
74 44
54 33
39 25
29 21
23 17
21 15
25 13
35 17
48 25
66 35
85 42
111 54
134 66
158 78
181 91
203 103
222 113
240 123
250 128
255 130
257 132
255 132
246 128
234 123
216 117
199 109
173 97
150 83
126 72
103 60
82 50
64 42
50 39
31 27
13 9
11 0
21 0
35 11
44 25
58 31
80 37
105 46
130 64
152 82
173 95
195 101
216 107
234 117
246 126
251 130
255 132
255 130
250 126
236 123
222 119
205 111
183 101
158 87
132 74
109 62
87 54
66 42
48 31
35 21
25 17
21 15
23 15
29 17
41 21
54 29
74 37
93 46
119 58
144 70
167 83
191 95
210 107
228 117
244 125
253 130
257 134
257 134
251 132
242 126
226 121
208 113
189 103
166 91
140 80
117 66
95 56
72 44
54 35
39 25
29 21
29 29
23 25
15 7
25 0
48 7
72 33
89 52
109 58
134 60
162 72
187 93
207 113
224 123
238 121
250 123
255 126
255 134
251 134
246 128
232 119
214 111
195 103
173 97
148 83
125 70
99 54
78 44
58 39
42 29
31 21
23 15
21 13
25 15
33 19
44 25
60 31
82 41
103 50
128 64
154 78
177 89
199 101
218 109
234 119
248 126
255 130
257 132
255 132
248 130
236 126
220 119
201 109
179 97
156 85
132 76
107 64
83 52
64 41
48 31
35 25
27 21
27 23
29 27
23 19
29 9
48 9
76 25
99 46
119 60
142 68
169 78
193 91
216 111
232 125
244 132
253 130
257 130
255 132
250 132
240 130
224 121
207 107
185 95
164 87
140 80
115 68
91 52
72 41
52 31
37 25
25 19
23 15
23 15
27 15
35 19
50 27
70 35
91 46
113 56
136 68
162 80
185 91
207 103
224 113
240 123
251 128
257 132
257 134
253 132
244 128
230 123
214 113
193 103
171 95
146 83
123 70
99 58
78 44
58 37
41 29
31 21
23 17
23 15
25 17
37 25
50 39
58 35
72 23
99 29
130 52
158 78
179 95
199 101
220 105
238 117
250 130
257 140
257 140
255 132
248 126
236 123
218 121
199 111
177 95
154 80
130 70
105 60
82 50
62 39
46 27
33 19
25 19
21 17
23 17
31 17
42 21
56 29
76 39
99 50
123 62
146 72
169 83
195 97
214 111
230 119
244 125
253 128
257 132
255 134
250 132
238 125
224 117
207 109
187 103
162 91
136 78
113 64
91 52
70 42
50 33
37 25
27 19
23 17
23 15
29 17
39 25
60 39
72 44
83 42
105 42
134 52
166 72
187 91
207 105
226 113
242 119
253 128
259 138
257 142
251 136
244 128
230 119
210 113
193 107
169 95
144 78
119 64
95 54
76 44
56 37
41 27
29 19
23 13
23 13
25 17
33 21
48 25
64 33
83 41
109 52
132 66
156 78
179 87
201 97
220 109
238 121
250 128
253 130
257 130
255 132
248 130
234 126
218 119
199 107
175 95
152 83
126 72
103 58
82 48
62 41
44 31
33 23
25 19
23 15
23 17
31 19
42 23
60 31
80 41
105 58
126 74
140 70
162 64
191 76
218 101
234 123
244 128
253 126
259 125
259 132
251 138
240 134
222 121
205 107
183 97
160 89
132 78
111 64
87 48
66 37
48 29
35 25
27 19
23 15
23 13
27 15
39 21
52 29
72 37
93 46
117 58
140 70
166 82
189 95
210 105
228 115
242 123
251 128
257 132
257 134
253 130
244 126
228 123
210 113
189 103
167 93
142 80
117 68
95 54
74 44
56 35
39 25
29 19
23 17
23 17
27 17
35 19
48 25
68 35
87 46
113 60
140 78
156 83
171 83
195 85
220 95
240 113
251 128
255 130
255 128
255 126
250 130
234 130
216 123
195 107
175 93
150 82
125 72
99 60
80 46
60 35
44 25
31 19
23 17
21 15
25 15
33 17
42 21
60 31
82 42
103 52
126 64
150 74
175 87
197 99
216 111
232 117
246 125
255 128
257 134
255 132
250 130
238 125
222 119
203 111
181 101
158 87
134 76
109 64
85 50
66 41
48 33
35 25
25 17
21 13
23 15
29 17
39 23
54 29
74 37
95 48
119 60
144 72
169 85
199 109
210 117
218 107
232 101
251 113
261 130
257 140
250 132
240 119
230 113
212 113
189 111
164 99
140 80
117 62
93 52
70 44
52 37
37 25
27 15
23 11
21 13
27 19
37 23
50 25
68 33
89 42
111 56
134 68
160 78
183 89
205 101
224 115
238 123
250 128
255 130
257 132
253 132
244 128
232 123
216 117
195 107
171 95
146 82
125 70
101 58
78 46
58 35
42 27
31 21
23 15
21 13
25 15
33 17
44 25
62 33
82 42
105 52
128 64
154 76
177 89
205 107
224 125
230 123
236 115
248 113
257 123
257 130
246 130
234 121
222 111
205 107
181 101
156 91
132 80
109 62
83 48
62 39
44 31
35 25
25 17
19 13
21 11
29 15
41 23
56 31
76 39
97 46
121 60
146 72
169 85
193 97
205 107
228 115
244 125
1 130
250 134
255 132
250 128
240 125
220 121
208 113
177 101
164 89
140 76
115 66
91 56
70 42
52 33
31 23
29 19
21 17
21 15
27 15
37 19
50 27
70 37
89 46
113 56
13 68
164 82
185 95
208 107
226 117
246 128
255 142
251 136
246 119
246 109
246 115
234 123
214 119
191 103
169 85
150 78
125 74
99 68
76 54
56 35
41 21
29 17
23 21
19 17
23 13
33 11
46 19
64 33
83 44
105 54
130 62
154 74
179 89
201 105
220 115
236 119
248 123
255 128
257 134
255 134
248 130
236 123
218 115
201 107
177 99
154 85
128 72
105 58
83 46
64 41
46 33
33 23
25 17
21 13
23 15
31 19
42 23
58 29
76 37
99 48
123 62
148 74
169 83
195 95
214 107
234 119
248 130
259 142
259 142
248 130
240 117
236 111
226 111
207 109
183 99
160 85
138 72
115 62
91 58
70 48
50 37
37 23
27 17
23 17
21 17
25 17
35 15
52 21
72 35
91 48
115 58
140 68
166 80
187 95
208 105
226 115
242 123
251 128
257 132
255 132
251 132
244 128
230 123
212 113
191 103
169 91
144 80
119 68
95 54
76 44
54 35
41 27
31 21
23 17
21 15
25 15
35 19
48 25
64 35
85 42
107 54
132 64
158 78
181 89
201 101
222 113
240 121
250 128
255 132
257 134
259 142
251 144
226 123
207 97
193 83
179 87
156 89
126 78
101 54
82 39
64 35
46 37
33 33
23 23
21 11
25 9
31 17
41 27
56 33
78 35
101 44
125 58
148 74
173 89
197 99
216 107
232 115
246 125
253 132
257 134
255 132
250 128
240 126
224 121
205 113
181 99
160 85
134 74
111 62
87 54
66 42
48 31
37 23
27 19
21 17
21 15
29 17
39 21
52 27
72 37
93 48
117 58
142 70
166 82
189 95
210 107
228 115
242 123
251 128
257 134
257 136
255 138
250 140
228 128
201 107
179 89
164 78
144 74
119 68
93 54
72 41
56 29
42 27
31 25
23 23
21 17
27 15
35 19
48 27
64 35
85 42
111 52
134 64
158 78
181 91
203 101
224 113
240 121
250 128
255 130
257 134
255 134
246 130
232 123
216 115
197 107
173 95
150 83
126 70
101 58
80 46
60 35
42 27
31 21
23 17
21 15
23 15
33 17
44 23
60 31
80 41
103 52
126 64
152 76
175 87
199 99
218 111
234 119
246 125
255 128
259 134
257 134
250 132
238 126
222 121
208 121
181 109
146 78
123 50
107 44
89 48
66 46
46 33
33 15
27 9
25 17
25 25
29 27
39 25
54 23
74 33
95 48
119 64
142 72
167 80
189 89
210 105
230 119
244 126
1 128
250 130
257 132
251 132
240 128
220 121
208 113
187 101
164 89
140 78
117 68
93 54
70 42
52 31
31 25
31 21
15 17
21 13
25 13
37 17
50 27
68 35
80 44
113 56
11 68
162 80
177 93
205 103
220 113
240 121
0 128
255 125
257 132
250 132
183 128
232 125
216 117
199 113
177 105
144 85
111 58
93 41
78 35
60 33
41 29
29 19
23 11
23 11
27 17
33 23
44 29
62 33
82 41
103 52
128 66
152 78
175 87
199 95
218 107
236 119
248 126
253 130
257 130
255 132
250 130
236 126
220 119
201 107
179 97
154 85
130 72
107 60
85 50
64 39
46 29
33 19
27 17
23 17
23 15
29 17
41 21
56 27
76 39
97 48
121 58
146 72
171 83
193 97
212 107
230 117
244 125
253 130
257 132
257 134
251 132
240 126
226 121
207 111
187 101
164 91
140 82
121 80
89 58
60 29
42 9
37 9
31 19
23 23
21 17
25 9
39 13
54 27
72 44
89 54
113 56
138 64
164 80
185 95
205 109
224 113
240 117
250 123
255 130
257 136
253 134
244 128
232 121
212 115
193 105
169 95
146 82
121 68
97 54
76 44
58 37
42 29
29 21
23 15
21 13
25 15
33 19
46 25
64 31
83 41
105 52
128 64
156 78
181 91
201 101
220 111
236 121
250 128
255 132
257 134
253 132
248 128
236 125
220 119
201 109
177 99
156 87
132 76
111 70
85 60
56 39
35 13
27 3
25 5
21 11
23 17
29 17
42 17
60 27
80 42
101 58
123 66
146 74
171 83
187 97
214 109
230 119
244 123
253 125
257 128
255 132
250 132
240 128
224 119
207 111
185 101
162 89
136 78
113 66
89 52
68 41
50 31
37 25
29 21
21 15
21 13
27 15
39 21
52 27
70 37
91 44
117 56
140 70
164 82
187 95
208 107
226 115
242 123
1 128
255 132
255 132
253 132
244 128
230 123
212 115
191 105
167 91
144 82
113 70
97 58
74 46
56 39
44 39
23 21
11 0
15 0
27 3
39 23
48 33
62 31
78 35
113 48
1 72
156 87
179 95
203 101
218 109
236 121
248 128
3 125
257 130
255 128
175 126
234 125
218 119
199 107
175 95
152 82
128 72
103 60
82 48
60 37
44 27
33 21
23 17
21 15
23 13
31 15
42 21
60 31
80 41
101 52
125 62
150 74
173 85
195 97
216 109
234 119
246 125
253 130
257 132
255 134
250 130
238 126
222 117
203 109
183 99
160 89
134 76
111 64
89 52
68 42
50 33
44 35
29 29
13 13
11 0
25 0
41 13
54 29
70 37
91 42
119 52
144 70
169 89
189 101
210 109
228 115
242 121
251 128
255 134
255 134
251 128
242 123
228 117
212 113
191 107
166 93
142 78
119 64
95 56
74 46
54 35
39 25
29 19
23 15
21 15
25 17
35 19
48 25
66 33
85 42
109 54
134 68
162 80
183 91
203 101
222 111
240 121
250 128
255 132
257 132
255 132
246 130
232 125
214 115
197 107
173 95
142 83
125 72
101 58
80 48
60 41
44 33
31 23
25 19
27 27
25 27
21 11
33 1
56 11
83 35
105 58
125 68
150 70
177 80
201 97
220 119
234 128
246 128
253 126
257 128
255 134
248 134
236 126
220 113
203 103
181 97
158 89
132 76
109 62
85 48
66 39
48 31
33 25
27 19
23 15
23 15
29 17
39 21
54 27
74 35
95 46
121 58
144 72
167 85
191 97
210 107
230 117
244 125
251 130
257 132
255 130
251 130
242 126
226 121
208 111
189 101
166 91
140 80
115 66
93 52
64 44
54 37
39 27
27 21
23 17
25 19
33 27
33 25
39 15
60 15
89 29
115 50
3 70
160 80
183 87
207 97
218 115
242 128
1 134
255 134
257 132
253 130
236 130
230 126
214 115
193 101
171 89
148 80
123 70
99 60
78 44
58 35
42 29
31 23
23 17
21 13
25 13
33 17
44 25
62 33
82 42
105 52
128 64
154 76
175 87
201 101
218 113
234 121
248 126
5 130
250 132
255 134
248 130
236 125
220 119
201 109
177 97
156 85
132 74
107 60
82 48
64 39
48 31
35 25
25 19
21 15
23 17
31 19
42 27
62 41
76 46
87 39
111 39
144 54
173 82
187 103
212 109
230 109
246 115
7 130
259 142
255 142
250 132
240 121
226 117
207 113
185 105
162 89
138 74
115 60
91 50
70 44
50 35
37 25
27 17
23 13
23 15
27 19
37 23
50 27
68 33
91 44
115 58
138 68
162 80
185 91
208 103
226 115
240 123
1 128
250 132
259 134
250 132
244 128
230 123
214 115
193 103
169 91
146 82
123 70
99 58
74 46
56 35
42 27
31 21
15 17
21 13
25 15
35 21
48 29
68 41
89 52
103 54
121 52
148 60
179 76
203 97
220 111
234 117
248 121
257 128
261 136
255 140
246 134
234 125
220 115
201 109
173 97
152 85
128 72
107 60
82 48
62 37
44 29
33 23
25 17
21 13
23 13
31 17
42 23
58 29
78 39
99 48
123 62
148 74
171 85
195 97
214 107
232 117
246 123
253 128
259 134
257 134
250 132
240 126
224 119
207 111
183 101
160 89
136 76
113 64
89 52
68 42
50 31
37 23
27 17
23 15
21 15
27 17
39 21
52 29
70 35
93 48
121 66
146 85
160 85
175 78
201 82
228 103
244 126
251 136
255 130
250 125
255 126
246 134
228 132
210 119
189 101
167 87
144 82
117 72
93 58
74 42
56 31
39 23
29 21
23 19
21 15
25 13
33 15
48 25
66 37
85 46
107 52
132 64
158 78
181 91
203 103
222 113
238 119
250 126
255 130
255 132
255 132
248 130
234 125
216 115
197 107
177 97
152 87
126 74
103 60
82 46
60 37
44 29
33 23
25 19
21 15
25 15
31 17
42 23
60 31
82 41
103 52
126 66
156 83
175 95
187 95
205 95
230 101
248 117
255 130
255 132
253 128
251 126
242 125
224 125
205 117
183 103
158 87
134 76
111 64
87 54
66 42
48 29
35 19
17 15
21 15
23 15
29 17
39 19
54 27
74 37
93 48
117 60
142 70
167 82
189 93
210 107
228 115
242 123
3 128
250 132
257 132
251 132
242 128
228 121
208 111
191 103
167 91
142 82
109 66
93 52
66 44
54 37
39 27
29 21
23 15
23 13
27 17
35 21
48 27
68 35
80 44
111 56
134 68
160 82
183 93
208 111
218 125
230 119
238 107
251 111
261 126
255 138
246 134
232 119
218 107
199 103
175 103
150 93
125 74
101 54
78 42
60 37
42 31
31 23
23 11
21 9
25 11
33 19
44 25
60 31
82 39
103 50
126 64
150 76
177 87
199 99
216 109
234 117
246 126
5 130
250 134
255 132
248 128
238 125
222 119
203 111
171 99
158 85
132 74
109 64
85 52
64 39
48 29
35 23
25 19
21 13
23 13
29 15
41 21
56 29
74 37
97 48
113 60
19 74
167 85
193 97
214 113
236 128
242 130
242 123
248 115
255 119
253 125
242 126
224 119
208 107
189 95
167 89
142 83
117 74
91 56
70 41
54 31
39 29
27 23
21 15
21 9
27 11
35 17
50 27
68 35
89 44
113 54
136 66
162 80
183 93
207 103
224 113
240 123
250 126
257 132
257 132
253 132
244 126
232 123
214 115
193 103
171 93
148 82
123 72
99 58
78 46
58 37
42 29
31 21
23 17
21 13
25 15
33 19
46 25
62 33
82 42
105 52
130 64
154 76
177 87
201 101
220 113
236 123
248 130
259 142
259 142
246 125
238 109
234 107
224 115
203 115
177 101
154 80
132 68
109 62
85 58
62 46
46 29
33 17
25 15
21 17
21 17
29 17
41 17
56 25
74 37
97 50
123 62
146 72
169 82
193 95
214 111
230 119
244 125
253 128
257 132
257 134
250 134
240 126
224 117
207 109
185 99
162 89
138 78
115 66
91 54
70 42
50 33
37 25
27 19
23 17
21 15
25 17
37 19
52 27
70 37
91 46
115 56
138 68
164 82
187 95
207 105
226 115
242 125
251 130
261 138
263 146
248 136
232 119
224 103
212 99
195 101
169 93
144 80
121 62
99 52
78 46
58 41
41 33
29 21
23 13
21 13
25 17
33 21
46 23
64 29
83 39
107 50
130 64
156 76
181 89
201 101
220 111
238 121
250 128
255 132
257 132
255 132
248 130
234 125
218 117
199 107
177 95
154 83
130 72
105 60
82 48
62 39
46 29
33 23
25 19
21 15
25 15
31 17
42 21
58 31
78 39
101 50
125 60
148 74
173 85
195 97
214 107
232 117
246 126
255 132
257 136
255 134
253 136
246 140
220 123
193 95
177 76
162 76
140 80
111 72
87 52
68 35
52 27
39 29
27 29
21 21
23 15
29 13
37 19
52 31
70 39
91 42
117 52
140 64
166 82
187 97
208 105
228 113
244 121
251 130
255 134
257 134
251 130
244 126
228 121
210 115
189 103
167 91
144 80
119 66
95 54
74 44
56 35
41 25
29 19
23 15
23 15
27 17
35 21
46 25
66 31
87 42
109 54
132 66
158 78
181 89
203 103
222 113
236 121
250 126
257 132
257 134
253 134
248 132
242 134
220 128
189 105
164 82
146 66
128 62
105 58
80 48
60 35
44 23
35 19
27 21
21 21
23 19
31 17
42 21
58 29
78 41
101 52
125 60
150 70
173 83
197 97
218 111
234 119
246 125
255 128
257 132
255 134
248 130
240 126
224 119
203 111
181 99
158 87
134 76
111 64
87 52
66 41
48 31
37 23
27 19
21 15
21 13
29 17
39 21
54 29
72 37
95 48
119 60
142 72
166 82
189 93
210 105
230 117
242 125
1 130
250 132
257 134
251 134
242 128
228 123
210 115
193 113
160 103
132 76
107 48
89 35
74 37
56 39
37 31
27 15
23 7
25 13
29 23
37 29
48 29
66 29
87 39
111 56
134 70
158 80
181 87
205 97
224 109
238 123
0 128
250 130
257 130
253 130
238 130
232 125
216 117
197 105
158 93
140 82
125 72
101 60
78 46
50 35
42 27
31 19
17 17
21 15
15 15
31 17
37 23
0 31
80 33
101 52
3 62
144 76
175 87
199 99
218 111
234 119
248 126
253 130
257 132
255 132
250 132
236 126
222 119
205 111
183 103
162 97
130 80
99 54
78 35
62 27
48 25
31 23
25 19
21 13
23 11
31 17
42 27
56 35
74 41
95 46
121 58
144 74
167 85
189 95
210 101
230 113
244 125
251 130
255 132
255 132
251 128
242 128
226 123
208 115
187 101
164 89
140 78
115 66
91 54
72 42
52 33
37 25
27 19
23 15
21 15
27 15
37 19
50 25
68 35
89 44
113 54
136 68
162 80
183 91
205 103
226 115
240 123
251 128
255 132
257 132
253 132
246 130
232 125
214 115
195 105
171 95
148 85
125 74
105 72
76 54
46 23
33 3
29 3
29 17
23 23
23 17
31 9
46 15
66 33
85 52
105 62
128 64
154 70
179 85
199 103
216 115
234 119
248 119
253 125
255 128
255 134
248 134
236 125
220 115
201 105
179 99
154 89
130 74
107 60
83 48
62 39
46 31
33 21
25 17
23 15
23 15
29 17
41 21
56 29
76 39
99 48
123 60
146 72
171 83
193 97
212 107
230 117
244 125
253 130
257 134
255 134
250 130
240 125
226 121
207 113
185 101
164 89
140 80
115 70
95 62
72 54
44 33
25 11
21 0
23 3
25 13
27 17
35 17
52 21
72 33
95 50
115 66
138 74
164 80
187 89
207 103
224 117
240 125
250 128
255 130
257 130
253 132
244 130
230 125
212 113
191 101
169 91
146 82
121 70
97 56
76 44
56 35
41 27
29 21
21 17
21 13
25 13
33 17
46 25
62 31
83 41
109 52
132 66
156 78
179 89
203 101
220 111
236 119
248 126
255 130
257 132
253 132
248 128
236 125
218 117
199 107
175 95
154 83
130 74
105 62
82 50
62 41
50 37
37 35
17 15
9 0
17 0
33 9
44 29
58 37
76 37
101 42
126 58
150 80
171 97
193 101
216 105
232 113
244 125
253 134
255 134
255 130
250 126
240 123
224 119
205 113
183 101
160 85
134 72
113 64
89 54
68 44
48 31
35 23
25 17
21 15
23 15
29 17
39 19
52 25
70 35
93 46
117 58
140 70
166 82
189 93
210 105
228 117
242 123
251 128
257 132
257 132
251 130
242 126
230 121
212 115
191 105
166 93
144 80
121 70
97 58
74 46
56 37
42 31
37 31
23 23
11 9
15 0
31 3
50 17
66 33
83 42
109 50
134 60
162 80
183 97
203 109
220 115
238 121
250 126
255 132
255 136
253 132
246 126
234 121
216 115
197 107
173 95
148 82
126 70
103 60
80 50
60 39
44 29
33 21
25 17
21 15
23 15
31 17
42 21
58 29
78 37
103 50
126 64
150 76
173 87
197 97
216 109
234 119
246 126
253 130
257 132
257 132
250 132
238 126
222 119
203 109
183 99
160 87
134 76
109 64
87 52
66 42
48 33
35 23
27 19
25 21
29 29
29 27
29 11
44 5
72 19
97 44
119 66
142 74
166 76
191 85
212 105
230 125
244 132
251 130
257 126
257 128
251 132
240 132
226 121
208 107
189 97
164 89
142 82
119 70
95 56
72 41
54 31
39 27
27 23
23 17
21 13
25 13
35 17
48 25
68 35
89 44
111 54
136 66
160 78
183 91
205 103
224 111
240 119
250 126
255 132
255 132
253 132
248 130
234 125
216 117
195 105
173 95
150 83
125 72
101 60
80 48
60 37
42 29
31 21
23 17
23 17
29 21
37 29
39 25
46 19
66 25
103 41
125 62
152 78
173 85
197 91
220 105
240 123
248 134
3 136
257 132
255 130
250 130
236 128
218 121
201 105
179 91
156 82
125 74
109 64
85 52
64 39
48 29
35 23
25 21
21 17
15 15
29 15
39 19
54 27
74 39
97 48
121 60
19 64
169 83
191 97
205 107
230 117
244 125
0 128
250 132
255 132
251 130
171 128
226 123
207 113
187 101
164 89
140 80
115 66
91 52
72 44
54 35
39 27
27 21
23 17
23 15
27 17
5 15
56 37
11 48
83 46
93 39
1 44
164 68
187 95
207 111
222 111
240 113
253 125
259 138
257 144
251 138
244 126
230 117
214 113
193 109
169 97
146 78
123 64
99 54
76 48
58 39
42 29
31 19
23 15
21 13
25 17
33 19
44 23
62 29
83 39
105 52
128 66
154 76
179 87
201 99
218 111
234 119
248 126
5 130
250 132
255 132
248 130
236 126
220 119
201 109
177 97
154 83
130 74
107 62
83 48
62 39
46 29
33 21
25 17
21 15
25 15
31 19
35 23
58 33
21 48
99 56
113 56
11 58
166 70
195 89
214 107
230 119
244 121
5 125
251 132
257 138
251 138
224 128
224 119
207 111
177 103
160 91
136 78
113 62
89 50
70 41
31 33
37 27
27 19
21 13
21 13
29 17
39 23
50 29
70 35
91 44
115 58
138 70
162 82
187 93
208 103
226 115
240 123
250 128
257 132
257 132
251 132
244 128
230 123
212 115
193 105
169 93
144 80
121 68
97 56
76 46
56 37
41 27
31 21
25 17
21 15
25 17
35 19
46 25
64 35
85 44
109 56
138 78
156 87
169 80
193 78
220 91
242 117
250 134
253 132
257 126
257 125
250 130
236 132
216 125
199 109
177 93
152 82
126 74
103 64
82 50
60 35
44 23
33 19
25 19
21 15
23 13
31 13
42 21
58 31
78 42
99 50
125 60
148 72
173 85
195 97
216 109
232 117
246 123
253 128
257 132
255 132
250 132
240 126
224 119
205 111
183 101
160 89
136 76
111 62
89 50
68 42
48 31
35 23
27 17
23 15
23 15
29 17
39 21
54 29
72 37
93 46
117 58
146 76
171 95
183 99
197 95
220 97
242 111
253 126
255 134
255 132
253 126
246 123
230 125
210 119
191 109
167 91
144 78
119 66
95 58
72 46
52 33
39 21
29 15
23 15
21 15
25 15
35 17
50 25
66 35
85 44
109 56
134 66
158 78
181 91
203 103
222 111
238 121
250 126
255 130
255 132
253 132
246 130
234 125
216 115
197 107
175 95
150 85
126 72
103 60
80 46
60 35
44 29
31 21
25 19
23 17
25 17
31 19
42 25
60 33
80 42
103 52
126 64
150 76
175 89
203 107
222 123
228 119
234 107
248 107
259 123
257 136
250 136
236 125
222 111
205 103
185 105
160 99
132 83
109 62
85 46
66 39
48 35
35 27
25 17
21 9
21 9
27 15
39 23
54 29
74 37
95 46
119 60
142 74
167 85
189 97
210 105
228 115
242 123
251 128
255 130
257 132
251 132
242 128
228 123
210 113
189 101
166 91
142 80
117 68
93 54
72 44
54 33
39 25
29 19
23 15
23 13
27 15
35 21
48 25
68 33
89 44
113 58
136 70
160 80
185 91
207 105
232 125
240 130
240 123
246 117
255 117
255 125
246 128
230 123
214 111
197 99
175 93
150 89
125 80
101 62
78 44
60 35
42 29
29 23
23 17
21 11
25 11
31 15
44 23
60 31
82 41
105 50
128 62
152 76
175 89
199 101
218 111
234 119
246 126
255 130
257 132
253 130
248 130
238 126
220 119
203 111
179 99
156 85
132 74
109 62
85 52
64 41
48 31
35 23
25 19
21 15
23 15
29 17
41 21
56 29
74 37
97 48
121 60
146 72
169 83
193 97
212 109
230 119
244 126
257 140
257 142
246 125
240 109
238 107
230 117
210 119
185 105
162 83
140 68
119 66
95 64
70 52
50 35
37 19
27 15
23 17
21 19
25 17
37 15
50 21
68 31
89 44
113 58
138 70
162 78
185 89
207 103
224 115
240 123
251 126
255 132
257 134
253 132
244 128
232 123
214 115
193 105
169 93
146 82
123 70
99 58
78 46
56 37
42 27
31 19
23 15
21 15
25 15
33 19
46 25
62 33
82 42
105 52
132 66
156 78
177 89
201 101
220 111
238 123
250 130
259 138
263 146
251 134
236 119
228 107
220 105
203 105
177 97
152 82
128 66
109 58
85 52
64 46
44 35
33 23
25 15
21 15
23 17
29 19
41 21
56 25
76 35
99 48
123 62
146 74
171 83
195 95
214 107
232 119
246 126
253 130
257 130
257 130
251 130
240 128
224 119
207 111
185 99
162 89
136 76
113 64
91 52
70 42
50 33
37 23
29 19
23 17
21 15
27 15
37 19
52 27
72 37
91 46
115 56
138 68
164 82
185 93
207 103
228 115
242 125
251 130
257 132
257 134
257 138
248 140
224 125
201 97
185 82
169 80
148 83
121 76
95 56
76 39
58 31
44 31
31 31
23 23
21 13
25 11
33 17
46 27
62 35
83 41
107 48
132 60
156 76
179 91
201 101
220 109
238 117
251 126
255 134
257 136
253 132
248 126
236 123
216 119
197 109
177 97
154 83
128 72
103 60
82 50
62 39
44 29
33 21
23 15
21 15
23 15
31 17
42 21
60 29
78 39
99 50
125 62
150 74
173 87
195 99
214 109
234 119
248 126
253 132
257 134
255 134
251 134
246 138
224 128
195 105
173 83
156 72
136 68
113 64
85 52
66 39
50 27
39 23
27 23
21 21
23 19
29 15
39 19
52 27
72 37
93 48
117 56
140 66
166 80
189 93
208 105
228 115
242 123
253 128
257 134
257 134
251 132
242 128
228 123
210 113
189 103
167 91
142 80
117 66
93 54
74 44
54 35
41 27
27 19
23 13
23 15
27 17
35 21
48 25
66 33
87 44
111 56
132 68
158 78
183 89
205 101
222 113
236 121
250 126
257 132
259 134
253 134
248 130
234 126
218 119
203 119
173 107
140 76
117 48
99 41
82 44
62 44
42 31
31 17
25 9
25 15
25 23
31 29
42 27
58 25
80 35
103 52
125 66
150 76
175 83
189 93
216 107
234 121
246 128
3 130
250 130
255 130
248 130
238 126
222 121
203 109
179 97
158 85
134 76
109 64
85 52
66 39
48 29
35 23
27 19
21 15
21 13
29 17
41 23
54 31
11 39
95 46
111 60
19 64
167 83
189 95
203 105
230 115
244 125
251 128
257 132
257 134
251 132
242 128
228 123
212 115
193 109
169 103
136 80
105 54
85 37
70 29
56 29
39 27
27 19
23 11
23 11
29 17
37 27
50 31
66 37
87 41
111 52
134 68
160 82
181 91
205 99
224 111
240 121
250 128
255 132
257 132
253 130
246 128
232 125
214 117
195 107
173 95
148 83
123 70
101 58
78 46
58 37
41 25
31 19
23 17
21 15
23 15
33 17
44 25
62 33
82 41
103 52
128 64
152 76
175 89
199 99
218 111
234 119
246 126
253 130
259 132
257 134
250 130
236 125
220 119
203 111
181 103
156 89
136 82
113 74
80 52
52 23
41 7
35 9
29 21
23 21
21 13
29 7
42 15
60 33
76 48
95 54
119 56
144 66
169 82
191 101
210 111
230 115
244 119
253 125
257 132
255 136
251 132
242 125
224 117
208 111
187 103
164 91
138 78
115 62
91 52
72 44
52 35
37 25
27 17
23 13
21 13
27 15
37 21
52 29
70 35
89 44
113 56
138 70
162 82
185 91
207 103
226 113
240 123
250 128
255 132
257 132
253 130
246 128
230 123
212 115
195 105
171 95
148 85
125 76
105 68
76 52
48 29
33 11
27 5
25 9
21 13
23 15
31 15
46 21
64 31
85 46
107 60
130 68
154 76
179 87
199 101
218 113
234 121
248 125
253 126
257 130
253 130
248 130
236 125
218 117
201 107
179 99
154 89
130 76
105 62
83 48
64 39
46 31
33 23
23 15
21 13
23 13
29 17
41 21
58 29
78 39
99 48
123 60
146 74
171 87
193 97
214 107
232 117
244 125
255 130
257 134
257 132
250 132
240 126
224 121
205 113
185 101
162 89
138 78
113 66
89 54
70 44
58 44
37 33
17 9
11 0
21 0
31 13
41 27
50 29
70 31
93 37
119 56
142 78
166 91
187 97
207 99
226 111
240 123
250 132
255 134
255 130
251 126
244 125
230 125
212 117
191 105
169 91
146 80
121 70
97 60
74 46
56 35
41 25
29 21
23 17
21 15
25 13
33 17
48 25
64 33
85 44
107 54
132 64
156 76
181 89
203 101
220 113
238 119
248 125
255 130
250 132
255 134
246 130
234 123
218 117
197 107
175 97
152 83
128 72
107 62
82 52
62 41
50 37
31 35
19 21
1 5
15 0
31 5
44 17
58 31
76 37
101 44
126 58
150 76
173 93
187 103
216 111
232 117
246 125
3 130
255 125
255 130
250 128
240 123
222 119
205 111
171 101
160 87
136 76
95 64
80 52
66 42
50 31
35 23
25 17
21 15
21 15
21 17
39 21
54 27
72 37
95 46
119 58
140 70
166 82
189 91
210 105
230 117
242 125
251 128
257 132
257 134
253 132
242 130
228 123
210 115
191 103
166 93
142 80
119 68
95 56
74 44
54 35
41 27
29 23
27 23
27 29
19 17
23 1
41 1
66 21
89 46
111 62
132 66
158 70
185 85
207 107
224 125
236 128
248 125
255 125
257 130
253 134
244 132
232 121
216 109
197 101
173 95
150 85
126 72
103 58
80 46
58 37
42 29
31 23
25 17
21 15
23 13
31 17
44 25
60 33
80 41
101 50
126 62
152 76
175 87
197 97
218 107
234 119
248 126
253 130
257 132
255 132
250 130
238 126
222 119
203 109
181 99
156 87
132 74
111 64
87 52
66 42
48 31
35 25
27 21
25 21
29 27
29 23
29 13
44 11
72 21
97 41
119 58
142 72
167 80
193 89
214 107
232 123
244 130
251 132
255 130
255 130
251 132
242 130
226 123
208 111
189 97
166 89
140 80
115 68
93 54
72 42
54 31
37 25
29 21
23 17
21 15
27 15
35 19
50 27
68 35
87 42
111 54
136 66
160 80
183 91
205 103
224 113
240 123
251 128
255 132
257 134
253 132
246 128
232 125
214 115
195 105
171 95
148 82
123 70
99 58
80 46
58 37
42 29
31 21
25 17
23 17
25 19
33 23
50 35
62 39
72 31
95 31
126 46
156 74
179 95
197 103
218 105
236 113
251 126
255 138
257 140
253 134
248 126
236 123
220 119
199 111
179 97
156 83
132 70
107 60
83 50
64 41
46 29
33 19
25 15
23 17
25 19
29 19
41 21
56 27
76 39
97 50
121 60
144 70
169 82
193 95
212 107
230 117
244 125
253 128
257 132
255 134
251 132
242 128
226 121
207 111
185 101
162 89
138 76
115 66
91 54
70 42
52 33
39 25
27 19
23 15
23 15
29 17
39 21
56 33
72 44
83 46
103 44
130 50
162 70
187 89
207 105
224 111
240 117
253 126
259 136
257 140
251 134
246 128
232 123
212 115
193 107
169 93
146 78
121 66
97 54
76 44
58 37
41 27
31 21
23 15
21 15
25 17
33 21
46 25
62 31
83 42
107 54
130 66
156 76
177 87
199 97
218 109
238 121
248 128
5 130
250 132
255 132
248 130
236 126
220 119
201 107
177 95
154 83
130 74
105 62
82 48
62 37
46 29
33 23
25 19
21 15
17 15
33 19
35 25
58 33
78 41
105 58
128 76
125 74
160 66
189 74
216 99
234 123
244 130
1 126
251 125
259 130
251 136
162 136
226 125
187 109
177 97
160 80
136 80
111 66
80 48
64 37
50 29
37 25
27 21
21 15
15 13
27 15
39 21
52 29
72 37
91 46
115 56
15 68
156 83
187 93
208 105
228 113
242 123
0 128
250 132
257 134
250 132
242 126
230 121
212 113
193 105
169 93
126 80
109 66
97 56
76 46
54 37
41 27
31 19
15 15
21 17
15 17
0 19
48 25
0 35
78 46
111 58
15 78
156 85
169 83
193 83
220 95
234 115
240 126
3 130
250 128
255 128
250 130
236 130
218 123
199 111
177 95
144 83
126 72
103 62
82 48
60 35
42 25
31 19
15 17
21 15
15 15
31 17
37 21
60 31
78 41
101 50
125 60
150 74
173 87
195 99
216 109
234 119
246 125
3 130
250 132
255 132
251 130
238 126
222 119
205 111
171 99
160 80
134 76
95 62
87 52
68 42
50 33
35 23
27 19
23 15
21 15
29 15
39 21
56 31
9 39
93 46
111 58
17 72
164 87
195 109
207 113
208 101
234 99
1 113
251 132
257 138
251 132
242 119
226 115
212 117
187 113
158 99
126 80
109 62
93 52
64 44
54 39
39 27
27 15
23 11
21 13
25 19
35 21
48 25
0 31
80 41
111 54
9 68
158 80
173 89
203 101
220 111
238 121
250 128
255 132
257 132
253 130
246 130
234 125
214 117
197 105
175 95
150 83
125 72
101 60
80 46
60 37
44 29
31 21
23 17
21 15
25 15
33 17
44 23
60 33
82 41
103 52
126 64
152 76
177 91
205 109
220 121
224 117
236 111
0 115
251 125
255 125
246 128
238 123
224 115
205 109
175 103
158 93
125 80
109 62
78 48
64 41
48 33
33 25
25 15
21 11
21 13
29 17
39 23
54 29
74 37
95 46
111 58
19 64
167 85
191 97
203 107
228 115
244 123
1 130
250 132
255 132
250 130
242 126
228 121
210 113
189 101
166 89
140 78
117 66
93 54
72 44
54 35
39 25
29 19
21 17
21 15
27 15
37 19
50 25
68 35
89 44
113 56
136 68
160 80
185 93
207 105
224 115
244 128
253 140
248 130
246 113
250 111
248 121
234 128
214 121
193 101
173 85
152 80
126 76
99 66
76 48
58 33
42 25
31 21
21 19
21 15
25 13
33 15
44 21
60 31
82 42
105 52
128 62
154 76
177 89
199 103
218 113
236 119
246 125
255 130
257 134
255 134
248 130
236 123
220 117
201 107
179 99
156 87
130 74
107 62
83 50
64 39
46 31
33 23
25 17
21 13
21 13
31 17
41 23
56 29
76 37
99 48
123 62
146 74
167 83
193 97
214 109
232 121
248 130
257 140
255 136
246 125
242 115
238 113
228 115
207 113
185 99
162 83
140 74
117 66
93 60
70 48
50 35
39 23
29 19
21 17
19 15
25 15
37 15
50 23
70 33
89 46
115 58
138 70
164 80
185 91
207 105
224 115
242 123
250 126
257 130
257 132
253 132
244 128
230 121
214 113
193 103
169 93
146 82
121 68
99 56
76 46
56 35
41 25
31 19
23 19
21 17
25 15
33 19
46 25
64 35
83 44
107 52
130 66
156 78
179 89
201 101
220 113
236 121
250 128
255 132
259 138
261 146
244 134
224 111
210 93
201 93
179 97
154 91
128 74
105 54
85 44
64 42
46 41
33 31
25 17
21 9
23 13
29 19
41 25
56 29
76 35
99 44
123 60
148 76
171 87
193 95
214 105
232 117
246 126
253 132
255 132
257 130
251 130
240 128
222 123
207 111
185 99
160 87
136 76
111 64
91 54
70 42
50 33
35 25
27 17
23 17
21 15
27 15
39 19
52 27
72 35
93 46
115 56
140 68
164 82
187 93
208 107
228 117
242 125
251 130
257 134
259 136
259 142
179 138
220 121
201 99
187 85
169 83
146 80
119 68
95 52
76 39
58 33
42 33
29 27
23 19
21 13
25 13
33 17
46 27
64 35
85 42
107 50
132 62
158 78
181 91
203 103
220 111
238 119
250 128
255 132
257 134
253 132
248 128
234 125
216 117
197 107
175 97
152 83
126 72
103 58
80 46
60 37
44 27
33 21
25 17
21 15
23 15
31 17
42 23
60 31
78 39
101 50
125 62
150 74
173 85
197 99
216 109
234 119
246 126
253 130
257 134
255 134
250 132
240 128
228 130
207 121
173 91
148 66
132 56
113 58
89 58
66 44
48 27
37 17
29 17
23 23
23 23
27 19
39 17
52 23
72 37
93 50
117 60
140 68
166 78
189 91
210 107
228 117
244 123
253 126
257 130
257 134
251 134
244 130
228 123
208 113
189 101
166 91
142 82
119 68
93 54
72 42
54 33
39 27
29 21
23 15
21 13
27 15
35 21
48 25
66 33
87 44
111 54
134 66
158 78
183 91
205 105
224 115
238 123
250 128
257 134
257 136
253 134
244 128
236 125
220 123
203 119
167 101
138 74
119 54
101 46
80 42
58 37
42 25
31 15
27 11
23 15
25 21
31 23
44 25
62 29
82 41
103 52
126 66
150 74
175 83
197 95
216 109
234 119
246 126
253 126
257 130
257 134
250 132
238 126
222 119
203 109
181 99
156 87
132 74
109 62
85 50
64 39
46 29
35 21
27 19
23 17
23 15
29 17
41 21
56 29
74 39
95 48
119 60
144 72
167 83
191 95
212 107
230 117
244 123
251 128
257 132
257 132
251 132
242 126
228 123
210 115
187 105
167 97
146 91
113 70
82 39
64 19
52 19
41 27
29 25
19 13
21 5
29 9
39 23
50 37
68 42
87 44
113 52
136 66
160 83
183 95
205 101
224 107
240 117
250 128
255 134
257 134
255 132
246 128
230 123
214 117
195 107
171 95
146 80
123 68
99 60
78 46
58 37
41 25
31 19
25 17
21 15
23 15
33 17
46 23
62 31
80 39
105 50
130 66
154 78
177 89
199 99
218 111
236 121
248 128
253 130
257 132
255 132
248 130
236 126
220 119
203 109
181 99
158 89
138 85
109 70
76 46
54 23
42 13
35 13
27 15
21 15
23 13
29 11
42 21
58 33
76 46
97 54
121 60
146 70
169 83
191 99
210 107
230 115
244 121
251 128
255 132
255 134
251 130
240 126
218 121
207 111
187 103
162 91
138 76
115 64
91 52
70 44
52 33
37 23
27 17
23 15
21 15
27 17
37 21
52 27
70 35
91 46
113 56
138 68
164 82
187 93
207 105
224 115
242 123
251 128
255 132
257 132
251 130
244 126
232 123
214 117
193 105
169 93
148 83
123 72
99 60
82 56
58 46
31 19
19 0
21 0
25 9
27 21
33 23
44 19
66 25
87 42
109 62
130 74
156 80
179 85
201 97
218 111
236 123
248 128
255 128
257 126
255 130
248 130
234 126
218 117
199 105
177 95
152 85
128 74
105 62
83 48
62 37
46 29
33 23
23 17
21 15
23 15
31 17
42 21
56 29
78 39
99 48
125 62
148 74
171 87
195 97
216 109
232 117
246 125
253 130
257 132
255 132
250 130
240 125
224 119
205 111
185 99
160 87
138 78
113 66
91 54
72 48
56 44
31 27
13 5
15 0
23 3
31 15
37 21
50 25
72 31
95 42
119 60
140 76
164 85
189 95
208 103
226 115
240 123
250 128
255 130
257 130
251 128
242 126
230 125
212 115
191 103
166 89
144 78
121 70
97 60
74 46
56 33
41 25
29 21
21 17
21 15
25 15
35 17
46 23
64 31
85 42
109 54
132 66
158 78
181 89
203 101
222 115
238 121
248 126
255 130
257 132
253 130
248 128
234 125
218 117
199 107
175 97
152 85
128 74
103 62
80 50
60 39
44 31
37 31
29 31
15 17
11 0
25 0
44 11
62 35
80 46
99 48
125 52
152 70
175 91
197 107
216 117
234 119
246 121
253 128
257 134
255 136
248 130
238 121
222 115
205 109
181 101
158 87
134 74
111 62
87 52
66 44
48 33
37 25
27 17
21 15
21 15
29 17
39 21
54 27
72 35
95 44
119 60
142 72
166 83
189 93
210 105
228 117
242 125
251 128
257 130
257 132
251 130
242 128
228 121
210 113
189 103
167 91
142 78
117 66
95 54
74 46
54 35
41 25
33 23
31 27
21 23
15 11
25 3
46 9
68 27
87 44
109 56
134 62
162 74
185 91
205 109
222 121
238 125
250 126
255 130
257 134
253 134
244 128
232 121
216 113
197 105
173 95
148 83
125 70
103 58
80 48
60 39
42 29
31 21
25 17
21 13
23 15
31 17
44 23
62 31
80 41
103 52
126 64
152 76
175 87
197 99
216 109
236 119
248 128
253 132
257 132
257 132
250 130
238 126
220 119
201 109
181 97
158 85
132 76
109 62
85 50
66 41
48 33
35 25
25 19
23 17
25 19
35 31
39 31
44 17
64 13
93 29
123 56
146 80
167 87
191 89
212 97
234 117
246 134
251 138
255 134
255 128
251 126
242 128
224 126
207 113
187 97
166 83
140 78
115 68
93 54
72 42
52 31
39 23
27 19
21 17
23 17
27 15
35 17
50 25
68 37
89 44
113 56
136 68
162 82
185 93
207 105
224 113
240 121
251 128
255 132
257 134
253 132
246 128
232 123
214 115
193 105
171 95
148 82
123 70
99 56
78 46
60 37
42 29
31 21
23 17
23 17
27 19
39 27
48 35
56 33
72 29
99 35
128 52
156 74
177 89
197 99
218 103
238 115
251 130
255 140
257 138
253 132
248 126
236 125
220 119
199 111
177 95
154 82
130 70
107 60
83 50
64 39
46 29
35 21
25 15
21 15
23 15
31 17
41 21
56 27
76 39
99 50
121 60
144 72
169 82
193 93
214 107
230 117
244 123
255 130
257 134
255 134
250 130
240 125
226 119
208 113
185 103
162 89
138 76
115 64
89 54
70 42
50 33
39 25
27 19
21 15
21 15
29 17
37 23
50 29
74 46
95 58
107 54
128 50
158 60
189 85
210 109
224 121
240 121
251 121
259 128
259 140
253 142
244 132
230 119
214 109
193 105
167 95
144 82
121 66
97 52
76 42
56 37
41 31
31 23
23 15
21 11
25 13
35 21
46 27
62 33
83 41
107 52
132 66
156 78
179 89
201 99
220 111
236 119
248 128
255 130
250 132
255 132
246 128
234 125
218 117
201 107
177 97
152 83
128 72
103 60
82 48
62 39
46 31
33 23
25 19
21 15
25 15
33 19
42 25
58 33
80 42
107 62
123 68
138 66
162 70
191 82
216 101
232 117
244 125
3 125
251 126
259 134
251 138
238 125
224 121
207 109
177 101
160 91
134 78
109 62
80 48
64 31
50 31
35 25
27 19
21 13
21 11
29 13
39 21
54 31
72 37
91 42
117 54
142 70
166 83
187 95
208 103
228 113
242 123
250 128
255 130
257 132
253 132
242 128
228 123
212 113
191 105
167 93
144 82
119 68
97 56
76 44
56 37
39 27
29 19
23 17
21 15
25 15
33 17
48 25
66 35
87 46
109 56
136 72
164 91
177 97
191 89
212 87
238 103
253 126
257 138
255 134
253 125
250 123
236 126
218 126
197 115
175 97
152 78
125 68
103 60
80 50
60 37
42 21
33 15
25 15
21 17
23 17
31 15
44 21
60 31
80 42
101 54
125 62
150 72
173 85
197 99
214 111
234 119
246 125
253 128
257 132
255 132
250 130
238 125
222 119
205 109
181 99
158 87
134 76
111 62
87 50
66 41
50 33
35 25
27 19
21 15
23 15
29 17
39 21
54 29
74 39
95 48
119 60
144 74
173 93
193 105
203 105
216 101
238 107
253 121
257 130
253 132
251 128
244 123
230 121
210 119
189 109
166 95
142 80
117 66
93 54
72 44
52 35
37 25
27 15
21 11
21 13
27 17
35 21
48 25
68 33
87 44
111 56
134 68
160 78
183 89
205 103
222 115
238 123
250 128
257 130
257 134
253 132
246 128
232 125
216 115
195 105
173 93
150 83
125 72
101 58
78 46
58 37
44 29
31 21
23 17
21 13
25 15
31 19
44 23
62 31
82 42
103 54
128 64
152 76
177 89
199 103
222 121
236 130
238 121
244 109
253 113
257 126
250 136
236 128
220 113
205 101
183 97
160 95
132 85
107 66
85 46
64 33
48 31
33 29
25 21
21 13
23 9
31 15
41 23
54 31
74 37
97 44
121 56
144 72
167 87
191 97
212 105
230 115
244 123
251 130
257 134
255 134
250 128
242 125
226 119
208 113
185 101
164 89
140 78
115 66
91 56
70 42
52 33
39 25
29 21
23 15
21 13
27 15
37 19
50 27
68 35
89 44
113 56
136 68
162 82
185 93
208 107
228 121
248 134
246 132
246 123
251 117
253 121
246 125
232 123
214 113
195 101
173 91
150 83
125 76
99 62
76 46
56 35
42 27
29 23
23 19
19 13
23 11
33 15
44 23
62 33
82 41
105 52
130 64
154 76
177 87
201 101
220 113
234 119
248 125
255 130
257 134
255 134
248 130
236 123
220 117
201 107
179 97
154 85
130 72
107 60
83 50
62 39
46 29
33 23
25 19
21 15
23 13
29 15
41 21
58 31
78 41
99 50
123 62
148 74
171 85
193 97
214 109
232 119
244 126
257 136
263 146
251 136
240 117
232 103
226 107
210 113
185 107
160 89
138 68
115 58
93 56
70 52
50 39
37 23
29 13
23 13
21 17
27 19
37 21
50 23
70 33
91 44
115 58
138 70
164 80
185 89
208 103
226 117
242 126
250 128
255 130
257 132
253 132
244 130
230 123
212 111
191 101
169 91
144 80
121 68
99 56
76 46
56 35
41 27
31 21
23 17
21 13
25 15
35 19
46 25
64 33
83 42
107 54
132 66
156 78
179 91
201 101
220 111
238 121
251 130
257 136
263 144
255 140
238 125
224 109
214 101
201 101
177 95
152 83
126 68
105 54
85 48
64 44
46 35
31 25
25 17
23 13
23 15
29 21
41 23
58 27
76 33
99 46
125 62
150 76
173 87
195 97
216 107
232 119
246 128
253 132
255 132
255 132
250 130
240 126
224 121
205 109
183 99
160 87
136 78
111 64
89 52
68 41
50 31
35 23
27 17
23 17
23 15
29 15
37 19
54 25
72 37
93 46
117 58
140 70
166 82
189 93
208 107
226 113
242 123
253 130
257 134
257 136
253 134
250 138
230 132
201 105
179 80
166 72
146 76
121 74
93 58
74 39
58 27
42 27
31 29
23 25
21 17
25 13
35 15
46 25
64 35
85 44
109 52
132 60
158 76
181 91
203 105
222 111
238 117
250 125
255 132
257 136
253 134
246 126
234 123
218 117
197 109
173 97
152 83
126 70
103 58
80 48
60 39
44 29
33 21
23 15
21 13
25 15
31 19
42 23
60 29
80 41
103 50
125 64
150 74
173 85
197 99
216 109
234 119
248 126
255 132
257 134
255 134
250 134
244 134
228 130
197 113
171 87
152 68
134 64
111 60
85 52
64 39
48 25
39 21
29 21
23 23
23 21
29 17
39 19
52 27
72 37
93 48
119 60
142 68
166 80
189 95
210 107
228 119
242 123
251 128
257 132
257 134
251 134
242 128
228 121
210 111
189 103
166 91
142 80
119 66
93 54
72 44
54 35
39 27
29 19
21 13
21 13
29 17
35 23
48 27
68 35
87 44
111 56
136 68
160 80
183 89
205 101
224 113
240 123
248 128
257 132
257 134
253 134
246 130
234 126
216 117
199 113
177 107
140 82
115 52
95 37
80 37
60 41
42 33
31 19
25 9
23 9
25 19
33 27
44 29
60 29
80 35
103 48
128 66
152 80
175 87
197 93
218 107
234 119
248 130
253 130
257 130
255 128
250 130
236 128
220 121
203 109
179 97
156 85
132 76
107 64
85 50
64 39
46 29
35 21
25 17
21 15
23 15
29 15
41 21
54 29
74 39
97 48
121 60
146 72
167 83
191 95
212 107
232 117
244 126
253 130
257 132
257 134
251 132
242 128
226 123
208 113
189 107
171 103
138 85
105 60
83 39
68 27
54 27
39 25
27 19
21 11
23 9
29 15
37 25
50 33
68 39
89 44
113 54
136 68
160 82
183 93
205 101
224 111
240 119
250 126
255 132
257 132
253 130
244 126
232 123
216 117
195 109
171 95
146 82
123 70
99 58
78 46
56 37
41 27
29 17
23 13
21 13
25 17
33 19
46 23
62 31
83 41
105 54
130 64
154 76
177 89
199 99
220 109
236 119
248 126
255 132
257 132
255 132
248 130
236 125
220 119
201 111
179 99
156 89
132 78
113 72
83 58
52 31
37 7
33 5
29 15
23 21
21 19
29 13
42 15
60 29
78 48
97 58
121 62
146 68
171 82
193 97
212 111
230 117
244 121
253 126
257 130
255 134
251 134
240 126
226 119
207 109
185 101
162 91
136 78
113 64
89 50
70 41
50 35
37 25
27 17
21 13
23 13
29 17
37 21
50 27
70 35
91 44
115 58
138 70
164 82
187 93
208 105
226 115
242 123
251 128
257 132
257 132
253 132
244 128
230 123
212 115
193 105
169 93
146 83
123 72
103 66
78 56
50 35
29 13
23 1
23 5
23 13
25 17
31 17
46 19
68 29
85 44
109 60
130 72
156 78
179 87
203 101
220 113
236 121
248 126
255 128
257 130
253 130
248 130
234 125
218 117
199 107
175 95
152 85
128 72
105 60
82 48
62 39
44 29
33 23
25 17
21 13
23 13
31 17
42 21
58 31
78 39
101 50
125 62
148 74
173 87
195 99
214 109
232 117
246 125
255 130
257 134
255 134
250 130
240 125
224 121
205 113
183 101
160 89
136 76
113 66
89 56
68 44
54 39
39 37
19 17
9 0
17 0
31 9
42 27
52 33
70 33
93 37
119 54
144 78
166 93
187 99
208 101
228 111
242 123
251 134
255 134
255 130
251 126
242 123
228 123
212 117
191 105
166 89
144 76
119 66
95 58
72 46
54 33
39 23
29 19
23 17
21 15
25 15
35 17
48 25
66 33
85 42
111 54
134 66
158 78
181 91
205 103
222 113
238 121
248 126
255 132
257 134
253 134
246 128
234 123
216 115
199 107
173 97
150 83
126 72
103 60
82 48
62 41
48 35
37 33
21 21
9 3
15 0
31 5
46 19
60 33
78 39
101 44
128 58
154 78
175 93
197 105
216 111
234 117
246 125
253 130
255 134
255 132
250 126
236 123
222 117
203 111
181 101
158 85
132 72
109 60
87 50
68 42
48 33
35 23
27 17
21 15
21 13
29 17
41 21
54 29
74 37
95 46
119 58
142 72
167 85
189 95
210 107
228 117
244 125
251 128
255 132
257 132
251 132
242 126
228 121
210 113
189 105
166 93
140 80
117 66
95 54
74 44
54 37
39 27
29 21
25 21
29 29
23 23
23 5
41 1
68 19
91 44
111 60
134 66
160 72
185 85
207 107
224 123
238 128
250 126
255 128
257 132
251 134
244 132
232 123
214 111
195 101
173 95
148 83
125 72
101 56
78 44
58 35
42 29
31 23
25 17
21 13
25 13
33 17
44 25
62 33
82 41
103 50
126 60
152 74
177 87
199 101
218 111
234 117
248 125
255 132
257 134
255 134
248 130
238 125
220 119
201 109
179 99
156 87
132 74
107 62
85 50
66 39
46 29
35 23
27 19
25 19
31 25
31 27
31 19
44 13
70 21
97 39
121 58
142 72
167 80
193 91
214 105
232 121
244 130
253 134
257 132
255 132
251 130
240 128
224 121
207 109
187 97
164 89
138 80
115 66
91 52
72 41
54 33
37 27
27 21
21 15
21 13
27 17
37 21
50 27
70 35
89 46
113 54
136 66
162 80
185 93
207 105
224 115
240 121
250 128
257 130
257 134
253 134
246 128
232 123
214 115
195 107
169 95
146 83
123 70
99 56
76 44
58 37
42 29
31 23
23 17
23 15
25 17
35 23
52 37
64 42
74 35
95 29
125 42
156 70
181 95
201 105
218 107
236 111
251 125
257 138
257 144
253 136
248 126
236 121
218 119
199 113
175 97
154 82
130 68
105 58
83 50
62 41
46 29
33 21
25 17
21 15
23 13
31 17
42 23
58 29
76 39
99 48
123 62
146 74
169 83
193 95
214 107
232 117
244 125
253 128
257 132
255 134
250 132
240 126
224 121
207 111
185 101
160 89
138 78
113 66
89 52
68 41
52 33
37 27
29 21
21 17
23 15
29 17
39 25
56 35
74 46
87 48
103 44
132 52
164 70
189 89
208 105
224 113
240 117
253 125
259 134
259 140
251 138
244 128
230 119
212 113
193 107
167 95
144 80
121 64
97 52
74 44
56 37
41 27
31 19
23 15
21 15
25 17
31 19
48 25
64 33
83 42
107 54
132 66
156 78
171 89
201 99
220 111
236 119
248 125
5 130
251 134
251 134
185 130
234 125
218 117
199 109
175 99
144 85
128 70
105 58
82 48
60 39
44 29
33 23
25 17
21 15
23 15
31 19
44 25
60 33
78 41
105 56
128 74
142 74
162 68
189 76
216 99
236 121
246 130
251 128
257 125
259 128
251 136
238 134
222 123
205 109
183 95
160 89
134 80
109 66
87 50
68 37
48 29
35 23
27 21
23 17
21 13
27 13
41 21
54 31
72 41
93 46
117 56
142 70
166 83
189 95
208 105
228 115
242 123
251 128
257 132
257 134
253 132
244 128
228 123
210 113
191 105
167 93
142 80
117 66
93 52
74 42
56 35
41 29
29 21
23 17
21 15
27 17
35 21
48 27
68 35
87 44
113 58
140 78
158 87
171 85
193 85
218 95
240 113
250 126
255 132
255 128
255 128
248 128
236 130
216 121
197 109
175 95
152 83
125 72
101 60
80 46
60 35
42 25
31 19
23 15
21 13
25 13
33 17
42 25
60 31
82 41
103 52
126 62
150 74
175 87
197 99
216 111
234 119
246 125
253 130
257 132
253 130
250 128
240 126
222 121
203 111
181 99
158 87
134 76
109 64
85 50
66 41
48 31
35 23
25 17
21 15
23 13
29 17
39 21
54 29
76 37
95 48
119 60
144 72
169 87
197 109
210 117
218 107
234 101
251 111
261 130
257 140
250 132
240 121
230 115
212 115
189 113
166 99
140 80
117 62
93 52
70 44
52 37
37 25
29 15
23 11
21 13
27 19
37 21
50 25
68 33
89 42
111 58
134 70
160 80
185 89
205 103
222 113
238 121
250 126
257 130
257 132
253 132
244 130
234 123
216 115
195 105
171 93
148 82
125 70
101 58
78 48
58 37
42 27
33 21
25 17
21 15
25 15
33 19
44 25
60 31
82 42
105 52
128 66
154 78
177 91
205 109
222 123
228 121
236 113
250 115
259 123
255 130
248 128
236 123
222 113
205 107
181 103
158 93
132 80
107 62
85 48
62 39
46 33
33 25
25 17
21 11
23 11
29 15
41 23
56 29
76 37
97 46
121 60
144 72
167 85
193 95
212 107
230 117
244 125
251 130
257 132
257 132
251 130
240 126
226 121
208 111
187 101
164 91
138 78
115 66
91 54
70 42
52 33
39 27
29 21
21 17
21 15
27 15
37 21
50 27
68 35
91 44
115 56
138 70
162 82
185 93
208 107
226 117
246 134
253 142
250 130
246 113
248 111
246 121
232 126
212 119
191 101
171 83
150 78
125 76
99 68
76 50
56 33
41 19
29 17
23 21
19 17
23 11
33 11
46 21
64 35
82 44
107 52
130 62
156 74
179 89
201 103
220 113
236 119
248 125
253 130
257 134
255 134
248 130
236 123
220 115
201 107
177 99
154 85
128 72
107 60
83 50
62 41
46 29
33 21
25 17
21 15
23 15
29 17
41 21
58 29
78 41
97 50
123 60
148 74
171 87
195 99
214 109
234 121
250 130
259 142
253 138
246 125
244 113
240 113
226 115
205 111
183 99
160 83
140 72
115 66
89 58
68 48
50 33
37 21
27 17
21 17
21 17
25 15
37 15
52 23
70 35
91 48
115 58
140 68
164 80
187 91
208 105
228 117
242 123
251 128
257 130
257 134
253 134
244 130
230 123
212 113
193 103
169 93
144 82
119 70
97 56
76 44
56 37
41 27
29 21
23 17
21 15
25 15
33 19
46 25
64 33
85 42
109 56
132 68
156 78
181 91
203 103
220 113
238 123
250 128
255 132
259 138
261 146
244 136
222 111
208 91
199 89
181 97
154 93
126 74
103 52
83 41
64 41
46 41
31 29
25 15
23 9
23 13
31 21
41 25
58 29
78 35
101 44
125 60
150 76
173 89
197 97
216 107
232 115
246 125
255 130
259 134
255 132
250 130
240 125
224 121
205 111
183 99
160 87
134 76
111 64
87 50
68 39
52 31
37 25
25 19
21 15
23 13
29 17
39 21
52 29
72 37
93 46
117 58
140 70
166 82
189 93
210 107
228 115
242 123
253 130
259 136
257 138
257 140
246 136
220 121
201 99
185 87
167 82
144 78
117 68
93 52
72 39
58 33
42 31
29 27
21 19
21 13
25 11
35 19
48 29
64 35
85 41
111 50
134 64
158 80
181 91
205 103
222 111
238 121
250 128
255 134
257 134
253 132
246 126
234 123
216 117
197 107
173 95
150 82
126 70
103 60
80 48
58 37
44 27
31 21
23 15
21 13
25 15
33 19
42 23
60 31
80 41
103 52
126 62
150 76
175 87
197 99
218 111
234 119
246 126
255 130
259 134
255 134
250 132
238 126
228 128
205 121
171 93
146 66
130 54
113 56
89 58
64 44
46 27
37 15
29 17
23 23
23 25
27 21
39 17
54 23
72 37
93 52
119 62
142 68
167 78
191 91
212 107
228 119
244 125
251 125
257 130
257 134
251 134
240 126
228 121
210 113
187 103
164 91
140 80
117 66
93 54
72 42
52 33
39 25
29 19
23 17
21 15
27 15
37 21
50 27
68 35
87 44
111 56
136 68
162 80
183 91
205 103
224 113
240 123
250 130
257 132
257 134
255 134
246 130
232 126
218 121
201 117
169 99
136 74
117 52
101 44
80 44
58 39
41 25
31 15
27 13
25 17
25 23
33 25
44 25
62 29
82 39
105 54
128 66
152 76
175 83
199 95
218 109
236 121
248 126
255 130
257 130
255 132
248 132
236 128
220 117
201 107
179 97
156 87
130 76
107 62
83 48
64 39
46 29
33 21
25 17
23 15
23 13
29 15
41 23
56 31
76 39
95 48
121 60
146 70
169 83
193 97
212 107
230 117
244 125
253 130
257 132
257 134
251 132
242 126
226 121
208 113
187 103
167 97
144 91
111 70
80 39
64 19
54 21
41 27
29 25
19 15
21 5
29 9
39 23
52 37
70 42
89 44
113 52
138 68
162 83
185 97
205 103
224 109
240 117
250 128
257 134
255 132
251 130
246 126
232 123
212 117
193 107
171 93
146 80
121 68
97 58
76 44
56 35
41 25
29 19
23 15
21 15
25 15
33 19
44 23
64 33
83 42
107 52
128 64
156 76
179 89
201 101
220 113
238 121
248 126
255 132
257 134
255 132
248 130
236 125
218 119
199 109
177 97
156 89
136 83
107 70
74 44
52 23
42 13
35 15
25 17
21 15
21 11
31 13
44 21
58 33
78 46
99 54
123 60
146 70
171 83
193 99
212 111
230 115
244 119
253 126
257 134
255 136
250 130
240 125
224 119
205 111
183 101
162 89
138 78
113 64
87 52
68 41
50 33
37 25
27 17
21 13
21 13
29 15
37 19
52 25
72 37
93 48
117 58
140 70
164 82
189 95
208 107
226 115
240 123
251 128
257 132
257 134
251 132
244 128
230 121
212 113
193 103
169 95
146 83
121 72
97 60
80 56
56 44
31 19
19 0
21 0
25 9
29 21
33 23
46 19
66 25
87 42
111 64
132 76
156 80
181 85
203 97
222 113
236 123
246 126
255 126
257 128
253 132
246 132
234 126
218 115
199 105
175 95
152 85
128 74
103 60
80 46
60 35
44 29
33 23
25 17
21 13
23 13
33 17
42 25
58 33
78 41
101 48
125 58
150 74
173 87
195 99
216 109
232 117
246 125
253 132
257 134
257 134
250 130
238 125
224 119
205 111
183 101
160 89
136 76
113 66
89 56
72 48
54 41
29 25
15 7
15 0
21 1
29 11
41 23
52 27
72 33
95 44
121 62
144 78
166 89
189 95
210 103
228 115
242 125
251 130
255 130
257 128
251 126
242 126
228 123
210 115
189 103
167 91
142 80
119 70
95 56
72 44
54 33
41 27
29 21
23 17
21 15
25 15
35 19
48 27
66 35
87 44
109 52
134 64
160 78
183 91
205 103
224 113
240 121
250 126
255 132
257 134
253 134
246 128
232 123
216 115
197 105
175 97
150 85
125 72
103 60
80 48
60 39
44 31
37 31
29 31
15 15
11 0
25 0
46 11
64 35
80 46
99 48
126 52
154 72
177 93
197 109
216 115
234 115
246 119
253 126
255 132
255 136
248 130
236 121
222 115
203 109
181 103
158 91
132 74
109 60
87 50
66 42
48 33
35 25
27 17
21 13
23 15
29 17
39 21
54 29
74 37
95 46
119 58
144 72
167 82
191 95
212 107
230 117
244 126
251 130
257 132
255 132
251 132
242 128
226 121
207 111
189 101
166 91
140 80
115 68
93 54
72 44
54 35
39 29
31 25
29 27
21 21
15 7
25 1
48 9
72 29
89 46
109 54
134 62
164 74
187 93
207 111
224 119
240 123
251 125
255 130
257 134
251 134
244 128
232 121
214 111
193 103
171 95
148 83
125 70
99 56
78 44
58 35
42 27
31 21
25 17
21 15
23 15
33 19
44 25
62 33
82 41
105 52
128 62
154 76
177 87
201 101
218 111
234 119
248 125
255 132
257 134
255 134
248 130
238 125
220 119
201 109
177 97
158 87
132 76
107 64
83 50
66 41
48 33
35 25
25 21
21 17
25 19
35 29
39 27
44 15
66 15
97 33
125 60
146 80
169 85
193 89
216 101
232 119
244 134
251 138
255 132
257 128
251 130
240 130
224 125
207 111
185 97
162 85
138 78
115 68
91 54
70 41
52 31
37 25
27 19
21 17
21 13
29 15
37 19
50 27
70 35
91 44
115 56
136 68
162 80
187 93
208 107
224 115
240 121
251 126
257 132
257 136
253 132
244 126
232 121
214 115
193 105
169 95
146 80
123 68
99 56
76 46
56 35
42 27
29 19
23 17
23 15
29 19
39 29
48 35
54 31
72 27
101 37
130 56
156 76
177 89
201 97
222 107
240 119
250 130
255 136
257 136
255 134
248 128
236 125
218 119
199 109
175 95
152 80
130 70
105 62
82 50
62 39
46 27
35 21
25 19
21 17
23 15
31 15
42 21
58 29
76 39
99 48
123 60
148 72
171 83
187 97
214 109
232 119
244 125
253 128
257 132
255 132
251 132
240 126
224 119
205 109
185 99
162 89
136 78
113 64
89 52
68 41
50 31
37 25
27 21
23 17
21 13
29 17
39 23
54 31
76 46
93 58
107 52
128 48
162 60
191 87
210 109
226 119
242 119
251 123
259 130
259 142
253 142
244 132
228 119
212 109
191 105
167 95
142 80
119 64
95 50
74 41
54 35
41 29
31 21
23 15
21 13
25 15
35 21
46 25
64 33
85 41
109 54
132 68
158 80
181 89
203 101
222 111
238 121
250 128
255 132
257 132
255 132
248 130
234 125
216 117
199 107
175 95
152 83
126 72
103 60
82 48
60 39
44 29
31 21
27 17
23 17
23 15
31 15
44 23
62 33
83 46
105 62
121 64
138 64
166 70
195 85
218 105
234 117
244 123
253 125
257 128
257 134
251 138
238 132
222 121
205 107
183 97
158 89
134 80
109 64
87 48
68 37
48 31
35 25
27 19
21 13
23 13
29 15
39 21
54 29
72 39
93 46
117 56
142 68
160 82
189 97
203 107
228 115
244 123
1 128
250 132
255 132
253 132
244 128
228 123
210 113
189 103
167 91
142 80
109 68
95 54
74 44
54 35
39 27
29 19
23 17
23 15
27 17
35 21
48 27
68 35
80 46
111 56
13 74
164 91
177 93
191 85
216 87
240 109
1 132
255 138
255 130
255 125
250 126
236 130
208 126
195 111
173 93
142 80
125 70
99 62
78 48
50 35
44 23
31 17
15 15
21 15
25 15
33 17
44 21
60 31
80 41
103 54
126 64
152 74
175 85
199 99
216 111
234 119
248 125
255 130
257 132
255 132
250 130
238 126
222 119
203 109
179 97
158 87
134 76
109 64
85 50
66 41
48 31
35 25
25 19
21 15
23 15
31 19
39 21
54 29
76 39
97 48
121 62
146 76
175 95
191 105
203 103
218 101
240 107
255 121
259 132
255 132
250 126
244 123
230 121
210 119
187 109
164 93
140 76
117 64
93 54
70 44
52 33
37 21
29 15
23 15
21 15
27 17
37 21
50 25
68 33
89 46
113 58
136 68
160 78
183 89
207 103
224 117
240 123
250 126
255 130
257 132
253 134
244 128
232 123
214 115
195 105
171 93
148 83
125 72
99 58
78 46
58 37
42 29
31 23
23 17
21 13
25 13
33 17
44 23
62 33
83 42
105 52
128 64
154 78
179 91
201 105
224 125
236 128
238 117
246 107
257 117
257 130
250 136
234 126
220 111
203 101
181 99
156 95
130 83
107 64
83 46
64 35
46 31
33 27
23 19
19 9
21 7
31 15
41 25
56 33
76 39
99 46
123 58
146 74
169 87
193 97
214 107
230 115
244 125
253 130
257 132
257 134
251 130
240 126
226 121
207 113
185 103
162 89
138 76
115 64
91 52
70 42
52 33
39 25
27 19
23 15
23 15
27 17
37 21
50 27
70 35
91 44
115 56
138 70
164 83
187 93
208 107
232 123
246 132
244 128
246 119
251 115
253 121
246 128
228 125
210 111
195 99
173 91
148 85
121 76
99 60
76 46
56 33
41 27
29 21
23 17
21 13
23 11
33 15
46 25
64 35
83 42
107 52
132 64
156 78
179 91
201 103
220 111
236 119
248 125
255 130
257 134
255 134
248 128
236 123
218 117
199 107
177 97
154 85
130 72
105 60
82 50
62 41
46 29
33 21
25 17
21 15
23 15
29 17
42 23
58 31
78 41
99 48
123 60
150 76
173 89
195 99
214 109
232 119
246 128
259 140
261 146
248 130
238 111
236 103
226 111
208 115
183 105
158 85
136 68
115 60
91 58
68 52
50 37
37 21
27 15
21 15
21 17
27 17
37 17
52 23
72 35
91 48
117 60
140 70
166 80
187 93
208 105
226 117
242 125
1 128
250 132
255 132
251 132
244 130
230 123
210 113
191 103
169 93
128 82
111 70
93 54
74 42
56 35
41 29
29 21
23 17
21 15
27 17
35 19
46 25
0 33
80 42
109 54
7 66
158 78
173 91
203 103
218 113
238 123
1 130
251 138
250 146
251 138
220 121
224 107
216 99
201 101
160 97
142 83
126 66
97 54
83 48
62 44
44 35
31 23
25 13
21 13
23 15
29 19
42 23
58 27
80 35
93 48
125 62
148 74
173 85
197 97
216 109
232 119
246 126
5 125
257 134
251 132
250 130
240 126
222 121
203 109
175 99
160 80
134 76
93 64
80 52
68 33
35 31
35 25
27 19
21 15
23 15
29 17
39 21
52 29
72 39
95 46
117 58
142 70
167 83
191 97
210 107
228 117
244 125
253 130
257 134
255 134
253 136
250 142
226 126
199 99
181 80
166 76
146 80
119 74
91 56
72 37
56 27
42 29
29 29
21 23
19 13
27 9
35 17
48 29
64 37
87 42
111 50
134 62
158 78
183 93
205 105
224 113
238 119
250 126
257 134
257 136
255 134
246 126
232 121
216 117
195 109
173 95
148 80
126 70
103 60
78 48
58 37
42 27
33 21
23 15
21 13
25 15
33 19
44 23
60 31
80 41
105 52
128 64
152 78
175 87
199 99
218 111
234 119
248 126
255 130
257 132
255 132
251 134
244 136
224 128
193 107
169 83
152 70
134 66
111 62
85 52
64 37
46 23
37 21
29 21
23 23
21 19
29 15
41 17
56 29
72 39
95 48
119 58
142 66
167 78
191 95
212 109
230 117
244 123
253 126
257 132
257 136
251 134
242 126
226 119
208 111
187 103
164 93
138 80
117 64
93 52
70 42
52 35
39 25
29 19
23 15
21 13
27 15
37 19
50 25
70 35
91 46
113 56
136 70
162 80
185 93
207 105
224 115
240 123
250 128
255 132
257 134
253 134
246 130
232 126
216 117
201 117
173 107
138 78
111 48
97 37
82 41
60 42
41 31
29 15
25 7
25 15
25 25
33 29
44 29
64 29
82 39
105 52
128 68
152 78
177 83
199 93
218 107
236 123
248 130
255 130
257 130
255 130
248 132
236 126
220 119
201 107
179 95
154 83
130 72
107 60
85 48
62 39
46 29
33 23
25 19
21 15
23 15
29 15
41 21
56 29
76 39
99 48
121 58
146 72
169 85
193 97
212 107
232 117
246 125
253 130
257 132
255 132
251 130
242 128
226 125
208 117
189 109
167 101
134 82
103 54
83 37
68 29
52 29
37 25
25 15
21 9
25 11
29 19
39 27
52 33
70 39
91 44
115 56
136 70
162 82
185 93
207 101
226 109
242 121
251 130
257 134
257 132
253 130
244 130
230 125
212 117
193 105
169 91
144 80
121 68
97 58
76 46
56 35
41 27
29 21
23 17
21 15
27 15
33 17
46 23
64 31
83 42
107 52
132 64
156 78
179 89
201 103
220 113
236 121
250 128
255 132
257 134
255 132
248 128
236 125
218 117
199 107
177 97
154 87
134 82
109 74
76 50
50 21
31 5
33 9
29 19
21 21
23 15
31 11
44 17
60 35
80 50
101 58
123 62
148 68
171 82
187 101
214 113
230 117
244 119
250 126
257 132
255 136
250 132
240 126
224 119
207 111
183 101
160 91
136 78
111 62
87 50
68 42
50 35
35 27
27 17
21 13
23 15
29 17
37 21
50 27
70 33
95 44
117 60
140 72
164 83
189 93
210 105
228 115
242 123
251 128
257 132
257 132
253 130
244 128
228 123
212 113
191 105
167 95
146 83
123 74
103 68
74 52
44 31
31 11
27 5
25 9
21 13
25 15
33 15
48 21
68 33
87 48
109 62
132 70
158 78
181 87
203 101
220 113
236 121
248 125
5 128
250 132
253 134
246 130
234 125
218 115
191 107
160 97
142 83
126 72
103 60
80 48
52 37
42 29
33 21
17 19
21 15
15 13
31 17
44 23
58 31
80 41
103 50
126 62
150 74
173 87
197 97
216 111
234 119
246 126
253 130
259 132
257 134
250 130
238 125
222 119
205 111
183 99
158 87
134 76
111 64
87 52
68 44
54 41
37 31
17 9
11 0
19 0
33 13
42 27
52 31
72 31
95 39
123 58
144 80
166 91
189 97
210 101
228 113
242 125
250 134
255 134
255 130
251 128
242 126
228 123
210 115
189 101
167 91
142 78
119 68
95 58
72 44
52 35
39 25
29 19
23 17
21 17
25 15
35 17
48 25
66 33
87 44
111 56
134 66
160 80
183 91
205 103
224 113
240 121
250 126
255 130
257 132
255 134
246 130
232 123
216 115
197 107
173 97
150 85
125 72
101 58
82 48
62 41
48 37
35 31
17 17
11 3
17 0
31 7
46 21
62 33
80 39
103 46
130 60
154 78
175 93
199 105
218 111
236 119
246 126
253 132
255 134
253 132
248 126
236 123
220 117
201 109
181 99
158 87
132 74
109 62
85 52
66 41
48 31
35 23
25 17
23 15
23 15
29 15
39 19
56 27
74 37
97 50
121 60
144 74
169 85
191 97
212 109
230 119
244 125
253 128
257 132
255 132
251 132
242 128
226 121
208 113
187 103
166 91
140 80
115 68
91 56
72 44
52 35
39 29
29 23
27 25
25 27
19 13
25 0
44 3
72 25
93 50
111 62
134 64
162 72
187 91
208 109
224 123
240 126
251 126
257 128
257 134
251 134
244 130
232 121
212 111
193 99
171 93
148 85
123 72
99 56
78 44
58 37
42 31
31 23
23 17
21 13
25 13
33 17
44 25
62 33
82 41
105 52
128 64
154 76
177 91
201 101
218 111
234 119
248 125
255 130
257 134
255 132
248 130
236 126
220 119
201 111
177 99
156 87
130 74
107 62
82 48
64 41
46 31
35 25
25 19
25 19
29 25
29 23
29 13
46 11
74 23
101 44
123 62
144 70
169 80
197 93
216 109
232 125
244 130
253 132
257 132
257 132
250 132
240 128
224 119
207 107
185 97
162 87
136 76
115 66
91 54
70 41
50 33
39 27
27 21
21 15
21 13
27 13
37 19
52 27
70 37
91 44
115 56
138 68
164 82
187 93
207 105
226 113
240 121
251 126
255 132
257 134
253 132
244 126
232 123
214 115
193 105
169 93
144 80
123 68
97 56
76 44
56 33
42 27
31 21
23 15
23 15
27 17
37 25
52 39
60 39
72 29
99 29
130 50
158 78
179 97
201 101
220 105
240 115
251 130
257 142
257 140
253 134
248 125
234 121
216 119
199 111
175 97
152 80
128 66
105 60
82 50
62 41
44 29
33 19
25 17
21 15
23 15
31 17
42 23
58 29
76 37
101 48
125 64
150 76
171 85
195 97
216 109
232 119
246 126
253 130
257 132
257 132
250 130
238 125
224 119
207 111
183 101
160 89
136 76
113 66
89 54
68 42
50 33
37 23
27 19
23 17
21 15
29 19
41 25
60 39
74 46
83 42
107 44
136 54
167 74
189 93
207 105
226 111
244 119
253 128
259 138
257 140
251 136
244 126
228 121
210 115
189 105
166 91
142 76
119 64
95 54
74 44
54 35
39 25
29 17
23 15
23 15
25 17
33 19
48 25
66 33
85 42
109 54
132 66
158 78
181 89
203 101
222 111
238 121
250 126
255 132
257 132
253 132
246 128
234 125
218 117
197 107
173 97
150 83
126 72
103 62
80 50
60 39
44 29
33 21
25 17
21 17
23 17
31 19
44 23
60 33
80 42
107 62
126 72
140 68
164 66
195 80
220 105
236 125
244 130
253 125
259 125
259 130
251 138
240 136
222 123
203 107
183 95
158 89
134 82
109 64
85 48
68 35
48 29
35 25
25 19
21 15
23 13
29 15
39 21
54 29
74 37
95 46
117 58
142 70
167 83
189 95
210 105
230 115
244 125
251 130
257 132
257 134
251 132
242 128
228 123
208 113
189 101
166 91
142 80
117 68
93 54
72 44
54 33
39 27
29 21
23 15
23 15
27 17
35 21
48 27
68 35
89 44
117 62
140 82
154 83
171 80
199 85
224 101
240 119
250 130
253 130
257 126
255 128
248 132
234 130
214 123
195 107
173 91
148 83
125 74
99 60
78 44
58 33
42 25
31 19
25 17
21 15
25 15
33 17
44 23
62 33
82 42
105 52
126 64
152 76
175 87
199 101
218 111
234 119
246 125
255 130
257 134
255 134
248 130
238 125
222 119
201 109
179 99
156 85
132 72
109 62
85 52
64 41
48 31
35 23
27 19
21 17
23 15
29 17
41 21
56 29
76 39
97 50
121 62
144 74
173 91
197 111
207 107
216 97
238 101
255 119
259 136
255 138
248 126
244 119
230 117
210 121
187 113
162 93
138 76
115 62
91 54
68 46
50 35
37 21
27 13
21 13
23 15
27 17
37 21
50 25
68 33
89 44
113 58
138 70
162 80
183 89
207 101
226 115
240 123
250 126
257 128
257 130
253 132
244 128
232 123
216 115
195 105
171 95
146 82
123 70
99 58
76 46
56 35
41 27
31 21
23 17
21 15
25 15
33 17
46 23
62 33
83 44
107 54
130 66
156 80
181 93
208 113
218 119
224 113
238 111
251 115
259 126
255 134
246 130
234 119
222 113
203 111
179 105
154 93
128 74
107 58
83 48
62 41
44 31
33 23
25 15
21 13
23 13
29 17
42 23
58 29
76 39
97 48
123 62
146 74
171 85
193 97
214 107
230 117
244 125
251 128
257 132
257 134
251 132
240 126
224 119
207 111
185 101
162 91
138 78
115 64
91 52
68 42
50 31
37 25
27 19
21 15
23 13
29 15
39 21
52 29
70 37
91 44
115 56
140 70
164 82
185 95
207 105
228 117
248 134
250 136
244 123
248 111
253 115
248 126
230 128
210 115
191 97
171 85
148 82
121 78
97 64
76 46
56 29
41 23
29 23
23 19
21 15
25 11
33 13
48 23
64 33
83 42
109 52
132 64
156 78
179 91
201 105
222 113
238 121
248 126
255 130
257 132
255 132
248 128
234 123
218 115
199 107
177 97
154 85
128 72
103 60
82 48
62 39
46 31
33 21
25 17
21 15
25 17
31 21
41 25
58 31
78 39
101 50
125 64
148 76
173 87
195 99
216 109
234 119
251 134
259 142
250 132
244 119
246 115
240 119
224 121
203 111
181 95
162 82
138 74
113 68
89 60
68 46
50 33
37 21
25 17
21 17
21 17
27 15
37 17
52 25
72 37
93 48
117 58
140 68
166 82
189 95
208 107
226 117
242 123
251 128
257 132
255 132
251 130
242 125
230 121
212 115
189 103
167 93
144 80
119 68
95 56
74 44
56 37
41 27
29 21
23 13
21 13
25 17
35 19
48 25
66 33
85 44
109 56
132 68
158 78
181 91
203 103
222 113
238 123
251 130
257 134
261 142
257 146
238 126
222 103
212 95
199 99
175 99
150 87
125 66
103 50
82 44
64 44
44 39
31 27
23 13
21 9
25 15
31 23
42 25
58 27
80 33
103 46
126 64
150 78
175 87
197 97
218 107
234 119
246 126
255 132
257 134
255 132
248 128
238 125
222 119
203 109
181 97
158 85
134 76
109 64
87 52
66 41
48 31
35 23
25 17
21 13
23 15
29 17
39 21
54 29
74 37
95 48
119 60
142 72
167 82
191 95
212 107
228 117
242 125
253 130
259 134
261 138
259 146
238 132
216 113
203 97
187 89
167 87
140 78
115 64
93 50
76 41
56 35
41 31
29 25
23 17
21 13
25 15
35 21
48 29
66 33
87 39
111 50
128 66
160 82
183 93
205 103
224 113
240 123
250 130
255 132
257 134
253 130
236 126
232 123
216 117
195 107
171 95
148 82
125 70
101 60
78 48
58 37
42 27
31 21
23 17
21 15
23 15
33 17
46 23
62 31
82 41
105 52
128 64
152 76
177 87
199 99
218 109
234 119
248 126
5 132
257 134
255 134
250 132
162 125
226 132
197 109
167 82
148 62
132 60
111 62
85 56
62 39
46 23
37 17
29 21
23 27
21 23
29 17
41 17
56 25
7 39
95 50
121 60
19 68
162 80
191 95
205 109
230 119
244 125
0 128
255 125
257 134
251 134
158 126
218 117
205 111
187 103
158 91
138 76
99 64
93 52
62 44
50 35
37 25
29 19
23 15
21 15
27 17
37 21
50 25
68 33
89 44
113 56
138 70
162 82
187 91
207 103
226 115
240 123
251 130
255 132
257 132
255 132
246 130
232 126
220 125
195 111
162 89
136 68
119 56
99 50
78 46
56 37
41 25
31 15
27 15
23 19
25 23
33 21
46 23
62 29
82 41
105 54
128 64
154 74
177 85
199 97
220 111
236 121
248 125
255 128
257 132
255 134
248 132
236 126
220 117
201 107
177 97
154 85
130 74
105 60
83 46
62 39
46 31
33 23
25 17
21 13
23 13
31 17
41 23
58 31
78 39
99 48
121 60
146 72
171 85
195 99
212 109
230 117
246 125
253 130
257 134
255 134
250 132
240 126
226 121
207 113
185 103
167 101
138 87
103 56
80 29
66 21
54 29
39 31
25 21
21 9
23 7
29 15
39 27
52 37
70 39
91 42
115 52
138 70
164 85
185 97
207 103
226 109
242 119
251 130
257 136
257 134
251 130
244 126
230 123
212 117
191 107
169 93
144 78
121 68
97 58
74 46
54 33
42 25
31 21
23 17
21 15
25 15
35 19
46 25
64 33
83 42
107 52
132 64
156 78
179 91
203 103
220 113
236 119
250 125
255 132
257 136
253 134
248 128
236 125
218 117
199 109
177 101
158 93
132 83
99 62
70 37
54 19
46 17
35 19
25 17
19 11
23 7
33 15
44 27
58 37
78 44
101 50
125 60
148 74
171 87
195 99
216 107
232 115
244 121
253 126
257 132
257 134
250 130
238 125
224 117
205 113
183 103
160 89
136 76
111 62
87 52
66 42
48 33
35 25
27 19
21 15
21 15
29 19
39 23
54 29
72 37
93 48
117 60
140 70
166 82
189 95
210 107
228 115
242 125
251 128
257 132
257 134
251 132
242 128
228 123
212 115
191 105
167 93
142 80
119 70
97 62
78 56
48 35
29 9
23 0
25 7
25 19
25 21
33 17
48 17
70 31
89 48
111 64
132 70
158 78
181 85
203 101
220 117
238 123
248 125
255 125
257 128
253 134
246 132
234 125
218 113
197 105
173 95
150 85
126 74
103 60
78 46
58 35
44 27
33 23
25 17
21 15
23 13
31 17
44 23
60 35
80 42
101 50
126 62
152 76
175 89
197 101
216 109
234 119
246 125
253 130
257 132
255 134
250 132
238 126
220 119
203 109
183 101
160 89
134 78
109 66
89 56
74 54
46 39
25 17
17 1
19 0
25 7
29 17
37 21
54 23
76 33
97 46
121 64
142 76
167 85
191 95
210 105
228 117
242 125
251 128
255 126
257 130
251 132
242 128
226 121
210 111
189 101
166 91
140 80
117 66
93 54
72 42
52 33
39 27
29 21
23 15
21 13
25 13
35 17
50 27
68 37
87 44
111 54
136 66
162 80
183 93
205 103
224 113
238 121
250 126
257 132
257 134
253 134
246 130
232 123
214 117
195 107
173 95
148 83
123 70
101 58
80 48
60 39
44 33
37 33
21 21
11 1
15 0
31 1
48 23
64 39
80 42
103 46
130 56
156 78
179 97
199 109
218 111
234 115
248 123
253 132
255 136
253 132
248 125
236 119
220 117
201 111
179 99
156 85
132 74
107 62
85 52
64 42
48 33
35 23
25 17
21 15
21 15
29 19
39 21
56 27
76 39
97 48
121 60
146 72
169 83
193 95
212 107
230 117
244 125
253 130
255 130
255 130
251 132
242 128
226 121
208 111
185 101
164 91
140 80
115 68
89 52
72 42
54 35
39 29
33 29
25 27
13 13
17 3
31 3
52 17
70 35
89 46
111 54
138 62
164 78
187 97
208 111
224 119
240 123
251 125
257 132
257 136
251 134
244 126
230 119
214 111
193 103
169 93
146 82
123 68
99 56
76 46
58 37
42 29
31 21
23 17
21 13
23 13
33 19
44 23
64 33
83 42
107 54
130 66
154 78
179 89
201 101
218 113
236 121
248 126
255 130
257 132
255 134
248 128
236 125
220 117
201 109
177 97
156 85
130 74
107 62
82 50
62 39
46 29
35 25
27 21
21 17
29 25
33 29
33 19
44 9
72 17
101 42
125 66
146 76
169 82
195 89
218 107
234 125
244 134
253 132
257 128
255 130
250 132
238 128
224 121
205 107
183 95
162 85
138 80
113 68
89 54
70 41
52 31
37 25
27 23
21 17
21 13
27 15
37 19
52 27
70 37
91 44
117 56
140 68
164 82
187 93
208 105
226 115
242 123
250 128
257 130
257 134
253 132
244 128
230 123
212 115
193 105
169 95
144 82
121 68
97 56
76 44
56 35
41 27
31 21
23 17
23 17
29 21
41 31
44 29
54 23
76 25
107 41
134 62
156 78
177 87
203 95
224 107
240 125
250 134
255 136
257 134
255 130
246 128
234 125
216 117
197 103
175 91
152 82
126 72
105 60
82 48
60 37
44 27
33 21
25 17
21 15
23 13
31 15
42 21
60 31
80 41
101 50
125 60
150 72
173 85
197 99
216 111
232 119
244 125
253 130
257 132
255 134
250 132
238 126
222 119
205 109
183 99
160 89
134 76
111 64
89 52
68 41
48 31
35 23
27 19
23 19
23 17
29 17
39 23
58 35
78 52
87 50
105 41
134 44
167 68
193 97
208 113
224 115
242 115
255 123
259 136
257 144
251 138
242 126
228 117
210 111
189 105
166 93
142 78
119 62
95 52
74 44
54 37
39 27
29 17
23 13
21 13
25 17
33 19
48 25
62 33
85 44
109 54
134 66
160 80
181 91
203 101
222 111
240 123
250 128
255 132
257 132
255 132
246 128
234 125
216 117
197 107
173 95
150 82
126 72
103 60
80 48
60 37
44 29
31 23
25 17
21 15
25 17
31 19
44 23
62 35
80 52
103 60
115 56
142 56
173 72
195 93
216 111
232 119
246 121
5 126
251 134
251 140
250 136
238 128
222 117
203 109
171 99
158 89
132 76
109 58
85 46
66 39
48 31
35 25
25 17
23 13
23 15
29 19
39 25
54 29
74 37
95 48
119 60
142 72
167 83
191 95
210 107
228 115
242 123
251 128
250 132
257 134
251 132
242 128
226 123
210 113
187 103
166 91
140 78
115 64
93 54
72 44
54 35
39 27
29 19
21 15
23 15
27 17
35 21
48 27
68 35
89 46
113 58
142 80
156 87
173 82
187 80
218 95
234 119
1 134
255 132
257 126
250 123
248 128
236 125
214 125
195 107
156 89
150 80
125 74
97 64
76 46
58 31
42 23
31 21
23 19
21 17
25 15
33 17
44 23
62 33
82 42
105 52
128 64
152 74
177 87
199 101
218 111
236 119
248 125
255 130
257 134
255 134
248 130
236 125
220 119
201 109
179 99
156 85
132 74
107 62
83 50
64 39
48 31
35 25
25 19
21 17
23 15
31 17
41 23
56 31
76 39
99 50
123 64
150 82
173 95
187 97
203 95
224 99
244 113
253 126
257 132
255 130
251 126
242 123
228 123
208 119
187 107
164 89
138 76
115 66
91 56
70 44
50 31
37 21
27 15
23 13
21 15
25 15
39 19
52 27
70 37
91 46
115 58
138 70
162 80
185 91
207 105
226 115
240 123
250 126
257 130
257 134
253 134
244 130
230 123
214 115
193 105
169 93
146 82
123 70
99 58
76 46
58 37
42 27
31 21
23 17
21 15
25 15
33 17
46 25
64 33
83 42
107 54
130 64
156 78
171 91
205 111
224 125
220 119
234 107
250 109
251 125
257 138
248 136
234 121
220 107
203 105
179 105
154 97
128 78
105 56
82 44
62 39
44 33
33 25
25 15
21 9
23 9
29 17
42 25
58 31
78 39
99 46
123 62
148 74
171 85
195 97
214 107
232 117
244 125
253 128
257 130
257 132
250 130
240 126
224 119
207 111
185 101
162 89
136 78
113 64
89 52
70 42
50 33
37 25
27 19
23 15
23 15
27 17
37 19
52 27
72 37
93 48
115 60
140 70
166 83
189 95
210 111
232 126
240 128
242 121
248 115
255 119
255 126
244 130
228 121
210 107
193 97
173 95
146 89
121 74
95 58
74 44
56 35
39 27
29 23
23 17
21 11
25 11
33 15
48 25
64 33
85 42
107 52
132 64
158 80
181 91
203 103
220 111
238 119
0 126
255 132
257 134
250 132
246 128
234 123
218 117
197 109
175 97
152 83
128 72
103 60
82 48
60 39
46 29
33 21
15 15
21 15
17 17
31 19
35 23
