600000 10000000 125829 16
117 54
164 80
208 107
246 134
255 136
253 123
242 109
222 107
185 105
134 85
87 56
50 27
27 13
17 15
23 21
46 29
85 39
130 56
177 82
216 109
248 128
263 132
259 132
242 125
208 115
166 97
119 76
76 48
41 27
19 15
15 13
27 15
58 27
101 44
148 68
191 91
228 113
255 128
263 136
255 134
232 125
195 107
150 87
105 64
62 42
31 25
15 13
17 11
37 17
72 33
117 52
162 78
205 99
240 119
259 132
263 136
250 132
220 123
181 103
134 80
89 56
52 37
27 21
15 13
25 17
52 31
83 44
121 54
167 68
216 91
250 119
263 134
259 136
242 125
210 111
167 95
121 78
76 56
41 33
17 15
15 9
27 13
58 29
99 46
146 68
191 89
228 111
255 128
263 136
257 134
232 126
195 109
150 87
105 64
62 42
33 25
15 13
17 9
37 17
72 33
115 52
162 78
207 101
240 121
259 132
263 136
250 132
222 121
181 103
134 78
89 56
50 35
25 19
15 11
21 11
46 21
85 39
130 60
175 83
218 107
250 125
263 136
261 138
242 130
208 115
167 95
121 74
76 52
44 37
23 27
7 7
17 0
52 3
101 35
150 72
191 97
226 111
255 119
267 132
259 142
234 138
195 115
152 85
105 60
62 41
31 27
15 15
17 9
37 11
70 29
115 52
162 80
205 101
240 119
259 128
263 136
250 136
220 125
181 101
136 76
89 56
50 37
23 19
13 9
23 11
46 19
83 39
130 62
177 85
218 107
248 123
263 132
261 136
242 130
208 115
166 93
121 70
78 50
41 31
17 17
15 9
31 15
58 27
99 46
146 70
193 93
230 115
255 130
263 138
257 138
238 132
201 119
144 87
93 50
56 25
33 13
17 11
17 11
33 13
70 25
119 50
166 82
205 107
240 125
259 132
265 136
250 132
220 123
181 105
134 80
89 52
50 33
23 17
15 13
23 13
46 21
83 37
130 58
177 85
218 111
246 125
11 134
261 136
242 130
208 117
167 97
121 72
76 48
41 29
19 15
15 11
29 15
58 27
99 44
146 68
189 91
228 113
255 126
265 136
257 136
234 126
197 109
152 87
105 66
62 42
31 23
15 13
17 11
37 19
62 35
115 54
162 78
205 101
240 123
265 144
263 144
240 123
212 99
181 85
138 78
91 62
50 37
25 13
15 5
25 13
48 31
83 46
128 62
175 80
216 101
246 125
261 138
261 138
242 126
210 111
166 93
119 72
76 48
42 31
19 17
15 11
29 15
58 29
99 46
146 68
189 91
228 111
253 128
265 136
257 134
232 125
197 109
152 87
105 66
62 42
33 23
17 13
17 11
37 17
70 33
115 52
162 76
205 99
238 119
259 130
263 138
250 132
220 121
183 103
136 82
89 58
52 37
25 21
15 13
23 15
48 27
89 50
130 68
166 78
207 87
244 107
265 126
261 138
242 130
208 111
169 89
123 72
78 56
41 37
19 19
13 9
29 11
56 27
95 46
142 68
189 89
228 109
253 126
263 136
257 136
234 125
197 109
152 87
105 64
64 42
33 25
15 13
17 9
37 15
70 33
115 52
160 76
203 97
240 117
259 130
263 136
250 132
220 121
181 101
136 82
91 58
52 37
25 19
13 11
21 13
44 21
83 37
128 60
175 83
214 103
246 121
265 134
263 138
242 132
208 117
169 95
123 74
78 52
41 33
23 21
21 23
25 17
44 11
91 21
146 56
193 95
226 119
251 125
265 128
259 132
236 132
197 121
152 95
105 64
64 39
33 23
15 15
17 13
35 15
68 27
111 46
31 74
189 101
238 119
257 128
265 134
251 134
222 125
183 105
138 82
91 58
52 37
25 21
13 9
21 9
46 19
83 37
128 60
175 83
216 107
248 123
263 134
261 136
244 130
210 117
167 95
121 72
78 48
42 29
19 15
13 9
29 13
58 27
97 46
144 68
189 91
228 113
253 130
263 138
257 138
234 128
203 115
158 99
103 70
52 33
17 7
15 0
19 5
35 17
3 29
113 46
31 72
187 93
238 125
1 136
250 136
251 132
156 121
183 105
136 83
91 56
50 33
17 15
15 11
21 13
44 21
82 35
128 56
177 83
208 109
246 126
13 136
261 136
244 130
210 117
167 97
123 72
78 48
33 29
19 15
15 11
29 13
56 27
97 44
3 66
191 91
228 115
3 130
255 134
257 134
220 128
189 113
152 91
107 66
66 42
33 25
15 13
17 11
37 17
62 31
113 52
158 76
205 99
240 121
9 136
269 148
253 146
214 119
173 83
126 60
93 50
54 41
25 23
13 7
23 3
48 19
83 44
128 70
173 87
216 101
248 119
261 134
259 138
244 130
210 115
167 91
123 70
78 50
42 33
21 17
13 9
27 13
56 27
97 46
144 68
187 89
226 111
253 126
265 138
257 138
234 126
197 107
154 87
107 66
64 44
33 27
17 13
17 9
37 17
70 33
113 52
160 76
203 99
238 117
257 130
263 138
251 134
222 121
183 101
138 82
93 60
52 39
25 19
15 11
23 13
46 25
83 42
132 68
179 93
208 105
234 111
257 119
263 126
244 128
210 117
167 93
123 68
82 48
44 35
21 25
13 15
27 13
54 21
97 44
144 70
187 93
226 111
0 123
263 132
257 134
234 128
191 111
154 87
107 62
64 42
33 25
15 13
17 11
37 17
68 31
113 52
160 76
203 99
238 117
259 130
263 136
251 134
224 123
183 103
138 80
93 58
52 35
27 21
15 13
21 13
44 21
82 37
128 60
173 83
216 105
246 123
263 134
261 136
244 130
212 117
169 97
125 76
80 52
42 31
21 17
17 13
33 27
54 33
85 33
134 44
187 76
230 111
3 125
263 136
257 130
236 121
201 113
156 97
107 74
64 42
33 21
15 9
15 9
31 19
68 31
111 46
158 70
203 95
238 119
259 134
263 138
251 132
224 123
183 105
138 83
93 60
54 37
25 19
15 9
21 11
44 21
82 37
126 56
173 82
216 107
246 125
261 134
261 136
244 130
210 117
169 97
123 76
78 50
35 31
19 17
15 11
27 15
56 27
97 44
1 66
189 89
228 113
5 128
265 136
257 136
236 126
201 113
158 93
115 78
64 50
23 17
7 0
13 0
37 11
68 31
111 50
158 72
205 93
240 119
261 138
265 144
251 136
222 119
183 103
138 83
91 62
52 37
25 17
13 7
21 9
44 21
80 39
126 56
173 80
216 105
248 125
261 136
261 138
244 130
212 117
169 97
123 76
80 50
42 29
19 15
15 9
27 13
56 27
95 44
142 66
189 89
226 113
253 128
263 136
257 136
234 126
197 111
154 87
109 66
68 44
35 27
15 13
17 11
35 17
68 33
111 52
158 76
203 97
238 119
259 132
263 138
255 140
230 136
179 107
126 64
85 35
56 25
31 25
15 19
19 11
42 11
83 33
128 64
173 93
212 111
244 121
263 128
263 136
244 134
210 121
169 95
125 70
78 48
42 31
19 19
15 11
25 11
54 21
95 44
142 70
189 93
226 111
253 126
263 134
257 136
236 126
201 111
156 89
109 66
66 42
35 25
17 13
17 11
35 17
68 31
111 50
158 74
203 99
236 119
7 130
263 138
253 134
224 123
185 105
138 82
93 58
54 39
27 23
15 13
21 13
44 21
82 39
128 62
177 89
218 117
242 126
1 123
253 117
244 117
214 115
171 99
123 72
80 44
46 27
25 21
15 17
25 19
54 25
95 41
142 66
187 91
224 115
251 126
263 132
257 132
234 126
199 113
156 91
109 64
66 41
35 25
19 15
17 13
33 17
68 31
111 50
158 76
201 99
236 117
259 128
265 136
251 134
224 123
185 105
140 82
93 60
54 37
25 19
15 11
21 13
44 21
80 37
126 58
173 83
214 105
244 123
263 134
263 136
244 130
212 117
171 97
125 72
80 50
42 31
21 19
17 13
27 17
60 37
97 56
132 62
175 68
222 89
255 121
265 140
257 140
234 123
201 103
158 87
111 74
66 52
33 27
17 11
17 7
35 17
66 35
109 52
156 70
201 91
236 115
259 132
263 138
251 134
226 123
185 105
138 83
93 60
54 39
27 21
15 9
19 9
44 21
82 39
126 60
171 82
214 103
246 123
263 136
261 138
244 130
214 117
171 97
125 76
80 52
44 31
21 15
15 9
25 13
54 25
95 44
142 68
187 91
226 113
253 128
265 138
257 138
236 128
201 113
158 91
111 70
72 52
39 35
9 13
5 0
29 0
66 19
113 48
156 76
199 95
236 111
259 126
267 140
253 142
224 128
185 105
140 80
95 58
52 39
25 21
13 9
19 7
42 17
78 33
126 58
173 82
214 103
244 121
261 132
263 138
246 132
212 119
171 95
125 74
80 50
42 31
19 15
15 7
27 13
54 25
93 44
140 66
187 89
226 113
253 128
263 136
257 136
236 126
201 111
154 89
109 66
68 44
35 27
17 15
15 11
35 15
68 33
109 52
156 72
201 95
238 119
259 134
263 140
251 136
228 126
193 119
138 93
83 48
44 13
25 1
19 9
21 19
41 23
80 31
128 50
175 83
214 115
244 132
261 136
261 132
244 126
212 119
171 99
125 76
80 46
42 25
21 13
15 11
27 15
54 25
95 42
140 64
187 89
224 113
251 128
263 134
257 134
236 126
201 113
156 91
109 66
66 44
35 25
15 13
17 11
35 19
66 31
109 50
156 72
201 97
236 119
257 132
263 136
253 132
226 123
185 107
140 83
95 60
56 37
27 21
15 11
21 13
42 21
80 37
125 56
171 82
216 109
253 136
261 142
251 130
236 115
212 103
173 93
125 74
80 50
44 27
23 11
17 11
27 19
54 31
93 46
140 66
185 87
224 111
251 128
263 136
255 132
234 123
201 109
158 91
111 70
68 44
35 25
19 13
17 11
33 17
66 31
109 48
156 72
201 95
236 117
257 132
263 138
253 134
224 123
187 105
125 83
95 60
54 37
27 19
15 11
21 13
42 23
78 37
125 58
171 82
214 105
244 123
261 132
263 136
246 130
214 119
171 97
126 76
82 52
44 33
21 17
15 11
27 15
54 27
97 50
146 78
181 91
212 95
246 105
265 125
261 140
236 134
199 111
158 83
113 64
70 50
35 37
15 19
15 7
35 11
66 29
107 54
154 76
199 95
236 113
257 128
263 136
253 134
228 125
189 105
125 82
95 60
56 39
27 23
15 13
21 11
41 19
80 35
125 58
171 82
205 103
244 123
13 134
263 138
244 130
214 117
173 99
126 78
82 52
37 31
21 17
15 11
25 15
52 25
93 42
140 64
185 89
224 111
253 128
263 136
259 136
236 128
201 113
156 91
111 68
62 46
39 31
25 27
13 15
23 7
56 11
107 35
158 70
199 99
234 117
257 125
267 132
255 134
226 128
187 111
142 85
97 58
56 37
27 23
13 13
19 11
42 17
78 33
125 56
169 82
212 105
246 121
261 132
263 138
246 134
214 121
173 99
125 74
80 48
46 33
21 19
15 11
25 11
54 23
93 42
138 66
185 87
224 111
251 126
263 136
257 136
236 128
203 113
158 91
111 68
68 44
37 27
17 15
15 11
31 15
66 29
109 50
156 76
199 97
234 117
257 130
265 138
253 136
228 126
189 109
146 93
99 72
46 35
15 1
11 0
21 3
44 23
78 41
123 54
171 72
214 99
246 126
261 142
263 142
246 130
212 115
171 97
126 80
82 56
42 31
21 13
15 7
25 13
52 27
91 44
140 64
185 85
224 111
251 128
263 136
259 136
238 126
201 109
158 91
111 70
68 46
35 25
17 13
17 11
33 15
66 31
109 50
156 72
199 95
236 117
7 130
263 138
253 136
226 123
187 105
126 83
95 60
56 39
29 21
15 11
21 13
42 21
78 37
125 58
169 82
212 105
246 125
17 142
265 148
173 125
205 105
167 82
128 66
83 50
37 31
3 13
15 5
27 9
54 27
93 48
15 62
185 89
224 109
1 126
255 136
257 138
220 126
193 109
158 87
111 68
68 46
37 27
19 13
17 11
33 15
64 31
107 50
156 74
199 95
234 115
0 128
263 134
255 134
226 125
187 105
126 82
97 60
56 39
27 21
13 11
21 11
42 21
78 37
123 56
169 82
212 103
244 123
11 132
263 136
246 130
216 119
173 99
126 78
82 54
44 33
21 19
15 13
27 13
52 25
91 44
140 68
191 101
222 119
240 115
253 111
250 117
240 126
203 121
156 95
111 60
70 39
39 29
19 25
15 21
31 17
64 25
107 46
154 76
197 99
234 115
0 125
263 132
253 132
228 125
189 109
142 82
95 56
56 37
29 25
15 17
19 13
41 17
78 33
123 58
169 83
210 103
244 121
261 132
263 136
246 132
214 119
173 97
128 76
83 52
46 33
21 19
15 11
25 13
52 25
91 42
138 64
185 87
224 111
251 126
263 136
259 138
238 128
203 113
158 91
113 70
70 46
37 29
21 19
23 23
33 25
54 27
95 33
150 54
201 87
236 115
255 128
263 132
255 128
222 123
189 111
140 89
97 64
48 37
29 21
15 13
19 13
41 19
76 33
123 52
169 78
212 103
242 123
261 132
261 134
246 130
216 121
173 101
126 78
82 52
44 33
21 17
13 11
23 11
52 23
93 41
136 64
183 87
224 109
251 126
263 136
259 136
238 128
203 113
158 93
113 68
68 44
37 27
17 13
15 9
33 17
64 31
107 50
154 74
197 97
234 115
257 130
263 138
253 134
228 125
191 109
144 87
101 68
62 52
23 25
3 0
11 0
42 5
1 37
115 62
42 82
210 95
246 115
13 136
263 148
246 140
214 117
173 93
126 74
82 54
44 35
21 17
15 7
25 9
46 23
89 42
13 66
185 89
224 109
0 126
255 136
259 136
222 128
203 113
160 91
113 68
62 46
37 27
19 13
15 9
33 15
64 31
107 48
154 72
197 95
234 117
7 130
263 138
253 134
228 123
189 105
144 83
97 62
56 39
29 23
15 11
19 11
41 19
78 37
123 58
167 80
208 93
246 123
263 138
267 144
253 144
205 123
164 89
121 60
82 39
46 29
21 19
3 9
23 5
54 21
93 44
138 72
183 95
222 111
1 125
263 136
259 138
236 130
203 111
160 87
113 66
70 44
35 27
19 13
17 9
33 13
64 29
107 48
154 74
197 95
232 115
255 128
263 134
255 134
228 126
189 107
144 82
99 60
58 39
29 23
13 11
19 11
41 17
76 33
121 56
169 80
210 103
242 121
261 132
263 136
248 132
216 121
175 99
128 76
83 54
46 33
21 17
15 11
25 15
52 25
91 42
138 66
183 89
228 121
253 138
255 130
248 113
236 107
207 107
162 97
111 72
68 41
39 19
21 13
17 19
31 25
62 33
105 44
152 68
195 95
232 117
257 132
263 134
253 130
228 121
191 107
144 87
99 62
56 37
29 19
15 13
19 13
41 21
76 35
123 54
167 78
210 103
242 121
261 134
263 136
248 130
216 119
175 101
128 76
82 52
46 29
25 17
15 13
25 15
50 25
89 41
138 64
183 87
222 111
250 126
263 134
259 136
240 130
203 115
160 93
115 70
70 46
37 29
17 17
19 13
39 27
66 41
97 48
140 56
191 76
236 107
259 130
263 136
251 130
230 119
193 105
146 89
99 68
58 44
29 21
15 9
17 9
41 21
76 37
121 54
166 74
208 97
242 121
261 134
263 138
248 130
216 117
175 99
128 78
85 56
46 33
23 17
13 9
23 13
50 25
91 42
136 64
181 87
222 107
251 126
263 136
259 136
238 128
205 113
162 91
115 70
70 46
37 27
17 15
15 11
31 15
62 27
107 48
154 74
197 97
232 115
257 130
265 138
255 136
228 125
191 107
146 85
99 64
60 44
35 35
13 19
7 0
31 0
76 17
125 56
169 87
208 105
242 113
263 125
265 138
248 142
216 128
175 99
130 70
83 50
44 35
21 21
13 11
25 9
50 19
89 41
136 66
181 87
222 109
251 126
263 136
259 138
240 130
205 115
160 91
113 68
70 46
37 29
17 15
15 9
31 13
64 29
105 50
152 74
197 95
234 115
257 130
263 138
253 134
228 125
191 107
146 85
99 60
58 39
29 23
15 13
19 13
39 19
76 35
121 56
167 80
208 103
242 121
261 134
263 138
250 136
224 132
175 109
119 70
76 37
44 17
25 11
15 11
21 13
48 17
91 35
138 64
183 95
220 115
250 128
265 132
261 134
238 130
203 115
160 91
115 66
70 42
37 25
17 15
15 9
33 15
64 27
103 46
152 72
197 97
234 117
255 130
263 136
255 134
228 125
191 107
146 83
99 60
58 39
29 23
15 13
19 11
41 19
76 35
121 56
167 80
208 103
242 121
259 130
263 136
250 134
218 123
175 101
128 78
85 54
48 35
23 19
15 11
23 11
50 23
89 42
136 66
181 89
222 111
255 136
267 150
251 134
228 109
201 91
164 85
117 74
70 50
37 23
19 5
19 7
33 21
62 39
103 52
150 70
195 91
232 115
255 132
263 138
253 132
228 119
191 103
146 85
101 64
58 39
29 21
15 11
19 11
39 21
74 35
121 54
166 78
208 99
242 119
261 134
263 138
248 132
216 119
177 99
130 78
85 56
46 33
23 17
13 9
25 13
50 25
89 42
134 62
181 87
222 109
250 126
263 134
259 136
240 128
205 115
162 93
115 70
72 46
39 29
19 17
15 13
33 19
68 37
109 60
144 72
185 82
226 97
257 119
265 134
253 134
228 121
193 101
148 82
103 64
60 48
29 29
15 13
17 7
39 17
74 35
119 56
164 76
208 99
242 119
259 132
263 136
248 132
218 119
177 99
130 78
85 54
48 35
23 19
15 11
23 13
48 21
89 41
134 64
181 87
220 107
250 125
263 134
259 136
240 128
205 111
164 93
117 72
72 48
37 29
19 15
17 9
31 15
60 29
103 46
152 70
195 93
232 113
255 128
265 136
255 136
230 126
191 109
148 85
101 64
60 42
31 27
21 23
17 19
27 7
66 9
117 37
169 76
210 109
240 123
259 125
265 130
251 134
220 128
177 109
130 80
85 50
48 31
21 21
13 15
23 13
48 19
87 37
134 60
179 87
222 111
250 126
263 134
259 134
242 130
207 117
162 97
115 70
72 44
39 29
17 17
15 11
29 13
62 25
103 46
152 74
195 95
232 115
257 130
265 138
253 136
230 126
193 109
146 85
101 60
58 41
29 23
15 13
19 11
39 17
74 33
119 56
166 80
208 103
242 121
261 132
263 138
248 134
220 123
185 111
132 87
76 52
39 19
21 3
17 5
25 13
46 25
85 37
136 56
183 85
222 115
250 130
263 138
261 134
240 128
205 115
162 95
115 70
72 44
37 25
17 11
15 9
31 13
62 27
103 46
150 70
195 95
232 117
255 130
263 136
255 134
230 125
191 109
146 85
101 60
60 39
31 21
17 13
19 11
39 19
74 35
119 56
166 80
208 103
242 121
259 130
263 136
250 132
218 121
177 101
130 78
85 54
48 35
23 21
13 13
23 13
48 23
89 41
134 64
179 87
220 109
250 126
265 142
265 150
232 128
195 95
158 72
119 60
74 52
37 33
15 11
15 0
33 11
64 35
105 60
148 76
195 91
230 109
255 128
263 140
253 138
228 123
191 99
146 80
93 64
60 42
29 25
15 11
19 7
39 19
74 37
117 56
166 80
208 99
240 119
259 132
263 138
248 132
218 119
177 99
125 78
87 58
48 37
23 19
15 9
23 13
48 23
85 41
134 60
181 85
220 107
250 126
263 136
261 136
242 130
207 115
162 93
117 70
74 46
39 29
19 15
15 9
33 17
62 33
107 56
154 82
187 95
220 103
250 115
265 126
255 132
230 125
191 105
148 82
103 60
62 44
31 31
15 17
17 11
39 17
74 33
117 56
164 82
205 99
240 115
261 128
263 138
250 136
218 123
179 101
132 78
87 56
48 37
23 19
15 11
23 11
48 21
87 41
134 64
179 87
220 107
248 125
263 134
259 138
240 130
207 115
156 93
117 70
72 48
39 29
19 15
17 11
31 15
60 29
101 46
150 70
195 95
230 115
255 128
263 136
255 134
232 126
193 109
148 87
101 64
62 42
31 25
15 17
25 25
39 27
62 23
107 31
162 60
210 99
242 126
259 134
263 130
251 126
222 123
179 111
132 87
87 56
48 31
23 15
13 11
21 13
48 23
85 35
132 58
179 83
220 109
250 126
263 134
261 134
242 128
208 115
162 95
117 70
72 44
41 29
19 17
15 13
29 15
60 27
103 46
150 70
193 95
230 115
255 128
265 136
255 134
230 126
193 109
140 87
101 62
60 41
31 23
15 13
17 11
39 19
72 33
119 54
164 78
208 93
242 121
261 134
263 138
250 132
220 123
181 107
140 91
87 62
39 27
13 1
13 0
25 7
50 23
83 39
132 56
181 80
218 109
251 130
263 140
261 138
242 128
207 111
156 93
117 72
74 48
39 27
17 9
15 7
31 15
60 29
101 46
148 68
193 91
230 115
255 130
263 136
257 134
230 125
193 107
148 87
101 62
62 41
31 23
15 11
17 9
37 15
74 35
119 56
164 80
207 101
242 121
261 134
263 138
248 134
220 123
179 103
132 80
87 56
48 35
25 19
15 11
23 13
48 23
87 41
132 62
177 87
218 107
250 125
265 138
263 146
244 144
201 113
154 74
113 48
76 41
41 33
19 21
13 7
29 5
60 21
103 50
150 80
193 99
230 111
255 125
265 134
255 140
230 128
191 107
148 80
103 58
60 41
31 25
15 13
19 9
37 15
72 33
117 54
166 80
208 103
240 119
259 132
263 136
250 134
220 123
179 101
132 78
87 54
50 35
23 19
13 11
23 11
48 21
85 41
130 62
179 85
218 105
250 123
263 134
261 136
240 130
207 115
164 95
119 72
74 50
41 31
19 17
15 9
29 15
60 29
103 50
152 78
197 103
218 113
236 115
7 119
251 125
162 123
193 109
140 85
103 58
64 39
33 27
15 19
17 15
5 17
3 31
117 54
33 80
205 101
240 117
259 128
263 134
250 132
220 121
181 101
132 78
87 54
50 35
25 21
15 13
23 13
46 21
85 39
132 62
179 85
218 107
248 123
263 132
259 134
242 130
208 117
164 95
119 70
74 48
41 29
19 17
15 11
29 13
58 27
101 46
148 70
193 93
230 115
255 128
263 136
255 134
232 126
195 109
148 85
105 64
62 44
31 27
15 15
19 13
44 31
9 42
105 44
11 54
142 82
236 117
7 140
261 140
185 126
222 113
175 103
134 87
87 64
50 35
25 15
15 7
21 13
46 25
83 41
132 58
177 80
218 105
248 125
263 136
261 136
242 128
208 115
166 95
119 74
74 48
39 27
19 13
15 11
29 15
58 27
101 46
148 68
193 91
228 113
255 128
263 136
257 134
232 126
195 109
150 87
103 64
60 41
31 23
17 13
17 13
37 19
70 33
117 54
164 78
205 101
240 121
259 132
263 138
250 134
222 123
181 105
138 83
97 68
50 42
13 13
3 0
19 0
48 15
87 41
128 62
175 82
218 101
250 123
265 140
261 146
242 134
210 115
166 93
119 74
74 52
39 31
1 13
13 5
29 11
58 29
101 48
21 68
193 91
230 113
5 130
255 138
255 136
232 126
195 109
150 87
101 62
62 41
33 25
15 13
17 11
37 17
72 33
115 54
162 76
205 97
240 119
261 134
263 138
250 132
220 121
181 101
134 80
89 58
50 35
25 19
15 11
23 13
46 21
85 39
130 60
177 83
218 107
248 125
265 136
261 138
248 140
212 126
158 93
107 52
70 27
42 21
23 19
15 17
27 11
58 19
103 42
150 76
193 105
228 119
251 123
265 130
250 136
230 130
195 113
150 83
105 58
62 39
31 25
15 13
17 11
37 15
64 31
115 52
162 78
207 103
240 121
259 132
263 136
251 134
218 123
181 103
134 78
89 54
52 35
25 21
13 11
23 11
46 21
78 39
130 62
177 85
218 109
248 125
263 134
261 136
242 128
210 115
167 97
121 74
74 50
42 29
21 15
15 13
29 17
58 29
101 46
148 72
197 101
232 125
248 128
253 123
251 119
232 117
197 109
150 91
103 62
62 37
35 23
19 17
17 19
37 21
70 31
115 52
162 78
203 103
238 119
259 130
263 134
250 130
220 121
181 103
134 78
91 56
52 35
23 19
15 13
23 13
46 23
83 39
130 62
177 85
216 107
248 125
263 134
259 136
242 128
210 117
167 95
121 72
76 50
41 29
19 15
15 11
29 15
58 27
99 44
146 68
191 93
230 115
253 128
265 136
257 134
234 128
195 111
152 89
105 64
64 42
33 25
15 13
17 11
41 21
78 46
113 62
150 64
195 76
238 103
263 132
263 144
248 134
220 113
183 95
138 83
91 66
50 42
23 19
15 5
21 9
44 25
83 42
128 60
175 80
216 101
248 123
263 136
261 138
242 128
208 113
166 95
121 74
76 50
41 29
21 15
15 9
29 15
58 27
99 44
146 68
191 91
228 113
253 128
265 136
257 136
232 126
195 109
152 87
105 64
62 42
33 25
17 13
17 11
37 17
70 33
113 50
162 78
205 101
240 121
259 132
265 136
251 134
222 123
181 105
136 82
93 60
58 46
23 27
3 5
13 0
44 5
85 33
130 62
173 83
216 99
250 119
265 136
263 144
242 136
210 117
167 93
121 72
76 52
39 33
17 15
13 7
29 11
56 25
99 46
146 68
189 89
228 111
255 128
265 138
257 138
232 126
197 109
152 87
105 64
62 41
33 25
17 13
17 9
35 15
70 33
115 54
160 78
203 99
240 119
259 132
263 138
251 134
222 123
183 103
136 80
89 56
52 37
25 19
15 11
21 11
44 21
83 37
130 60
175 85
216 107
248 125
263 134
263 138
244 134
214 125
169 107
113 70
64 29
37 7
21 7
17 15
29 19
54 23
99 37
148 66
193 99
228 123
253 132
263 132
257 132
232 126
195 113
150 89
105 62
62 37
31 19
17 15
17 13
37 19
70 31
113 50
160 76
205 103
240 121
259 132
263 134
251 132
222 123
181 105
134 82
91 56
52 35
25 19
15 11
21 11
46 21
83 37
128 60
173 82
216 105
248 125
263 136
261 138
242 128
210 117
167 95
121 72
76 48
41 29
21 17
15 11
29 15
58 27
99 46
146 70
191 95
234 121
257 138
257 134
246 123
228 109
197 101
154 85
103 64
62 39
33 19
19 13
19 15
37 25
70 35
113 52
160 74
203 99
236 119
257 130
263 134
250 130
222 119
181 103
136 82
91 58
52 35
25 17
13 9
21 13
46 23
82 39
126 58
175 83
216 107
248 125
261 134
261 136
244 130
210 117
167 97
121 72
78 50
41 31
19 15
15 11
29 13
56 27
97 44
144 68
189 89
228 113
253 128
263 136
255 134
234 126
197 109
154 89
107 66
64 44
33 27
17 15
17 13
37 19
72 37
119 66
158 82
191 83
228 93
261 117
269 138
251 142
220 123
183 95
140 74
93 60
52 46
25 29
15 11
21 7
44 17
82 41
128 64
173 83
214 99
246 117
263 132
263 140
244 132
210 115
169 93
123 72
78 50
41 33
19 15
15 9
27 13
56 25
97 46
144 68
189 89
228 111
253 126
265 136
257 136
234 128
197 111
152 87
107 64
64 42
33 27
15 15
17 9
37 17
70 33
113 54
160 76
203 99
238 119
259 130
263 138
251 134
224 125
183 105
138 82
93 60
56 42
33 33
11 17
11 1
37 3
80 23
130 54
175 83
214 105
246 119
265 130
263 136
246 136
212 125
169 99
121 72
78 48
42 31
19 19
13 9
27 9
56 21
97 42
144 68
189 93
228 113
253 126
265 136
257 136
234 126
197 111
154 87
107 66
64 42
33 25
17 13
17 11
35 17
68 31
113 52
160 76
203 99
238 117
259 130
265 136
251 134
222 123
183 103
138 82
93 60
52 37
25 21
15 13
21 13
44 21
82 39
128 62
175 85
214 107
246 123
263 134
263 138
244 134
210 119
173 105
125 83
68 44
31 9
15 0
17 3
31 19
54 31
95 41
144 58
191 87
230 119
253 138
263 140
255 130
234 123
199 111
152 93
105 66
64 39
33 19
17 13
15 13
35 19
70 33
113 48
160 74
203 99
238 121
259 134
263 136
251 132
224 123
185 105
138 82
91 56
52 35
25 19
15 11
21 13
46 21
83 39
126 60
173 83
214 105
248 125
263 134
261 136
244 130
210 117
169 97
123 74
78 50
42 29
21 17
15 11
27 15
56 27
97 46
144 70
189 93
228 115
259 136
267 146
250 134
224 113
193 93
154 80
109 66
64 44
31 21
17 7
21 9
39 23
68 39
111 56
156 74
203 97
236 119
257 134
263 138
251 132
222 119
183 101
136 80
93 56
54 37
27 19
13 11
21 13
44 21
82 37
126 58
173 83
216 107
246 123
13 134
261 136
244 130
210 117
169 97
123 72
78 48
35 29
19 15
15 11
29 15
56 27
97 44
126 68
189 91
226 113
253 130
265 136
257 136
234 126
199 111
156 89
107 66
64 42
35 25
19 15
17 13
35 19
68 33
115 58
164 89
197 101
224 101
251 109
265 125
253 134
224 128
183 103
138 74
95 52
54 41
27 29
13 19
21 11
44 15
80 35
126 60
171 83
214 103
246 119
261 130
261 136
244 134
212 119
169 95
123 72
78 50
42 31
19 17
15 11
27 13
56 25
95 42
142 68
189 91
226 111
251 126
263 134
259 136
236 128
197 111
154 85
109 66
68 44
33 29
15 13
17 9
35 15
68 31
111 52
158 74
203 99
238 117
9 130
263 138
251 136
224 125
185 105
138 83
93 60
54 41
31 27
19 21
17 15
33 9
74 19
126 44
175 82
214 107
244 123
263 128
263 132
246 134
212 125
169 101
125 74
78 48
42 31
21 19
15 13
25 13
54 21
95 39
142 66
187 89
226 113
253 126
263 134
257 136
234 126
201 113
156 91
109 66
64 42
33 23
17 13
17 11
35 17
66 29
111 50
158 76
203 99
236 119
257 130
265 136
251 134
224 123
183 105
140 82
93 58
54 37
27 21
15 11
21 11
44 21
82 39
126 58
173 82
214 105
246 125
263 134
261 138
244 134
212 119
171 99
130 83
80 62
33 25
9 0
11 0
31 7
58 33
93 48
140 60
189 82
230 111
255 136
263 146
257 138
236 123
201 107
154 91
107 70
64 44
33 21
15 5
15 5
35 17
70 35
111 52
158 74
201 95
238 119
259 134
263 140
251 134
224 121
185 103
140 82
93 58
54 37
27 19
15 11
21 11
42 21
80 37
126 58
173 83
214 105
246 123
263 134
263 138
244 132
212 117
169 99
125 74
80 50
42 31
21 17
15 11
27 13
54 25
95 42
142 68
189 93
228 115
255 132
271 148
259 144
226 125
187 95
152 74
111 60
66 44
33 25
15 9
19 5
37 17
70 37
111 58
158 76
201 97
236 117
257 132
263 138
251 134
224 121
185 101
138 80
93 58
54 39
27 21
15 11
21 9
44 21
82 39
125 60
171 82
214 103
246 121
263 134
263 140
244 132
212 117
171 97
125 74
80 52
44 33
21 17
15 9
25 11
54 25
95 44
142 68
187 89
226 111
253 126
263 134
257 134
236 126
201 113
156 91
109 66
66 44
35 27
17 15
17 11
35 17
68 31
111 52
156 83
207 111
230 117
246 113
257 115
253 123
228 126
185 111
138 82
95 50
56 33
27 25
15 21
21 19
42 19
80 31
125 56
171 83
212 107
244 121
261 128
261 132
244 130
212 121
169 99
125 74
80 50
44 33
19 19
15 11
27 13
54 25
93 42
140 66
187 91
224 111
251 125
265 134
259 136
236 128
199 111
154 87
109 66
68 44
35 29
17 15
15 9
35 15
68 33
109 52
158 74
201 97
236 117
257 130
265 136
251 134
226 123
187 105
140 82
95 58
56 37
29 25
19 21
25 25
37 23
68 25
119 42
171 72
214 103
244 125
259 130
261 130
248 126
216 121
173 105
125 80
80 52
35 27
23 15
15 13
25 17
52 23
93 39
125 62
185 87
226 113
3 128
265 134
259 134
220 126
193 113
156 91
109 68
66 42
33 25
17 15
17 11
33 17
0 29
109 48
33 74
201 97
236 119
257 130
265 136
253 134
224 123
185 105
142 83
95 60
54 39
27 21
13 11
21 11
44 21
80 39
125 60
171 83
214 105
246 123
261 134
263 138
248 134
214 123
171 101
126 78
87 64
44 42
11 9
3 0
25 0
58 21
95 50
138 68
185 82
226 101
255 126
267 146
257 146
236 130
201 107
158 87
109 70
66 48
35 27
17 9
15 3
33 13
66 31
109 52
156 74
201 95
236 117
259 132
265 140
251 136
224 123
187 103
140 82
95 58
54 39
27 21
15 11
19 11
42 21
80 37
125 58
171 82
212 103
244 121
263 132
263 138
246 132
212 117
171 97
126 74
80 52
44 33
21 17
15 11
27 13
54 27
93 42
140 64
187 89
226 113
251 128
267 140
267 148
236 136
191 107
146 74
109 52
70 39
35 25
13 13
15 5
35 11
70 29
109 56
156 82
201 101
236 117
257 130
263 138
251 136
224 123
185 103
140 78
95 56
56 39
27 23
15 11
19 9
42 19
80 37
125 58
171 82
212 101
246 121
261 134
261 136
244 130
214 117
173 97
126 76
80 52
44 31
21 17
15 11
25 13
52 23
95 42
142 68
185 89
222 109
251 126
265 136
257 136
236 128
201 111
158 89
111 66
68 44
35 27
17 15
17 11
33 17
66 31
109 52
156 76
207 107
238 128
250 128
253 117
248 113
228 115
191 111
142 87
95 56
56 31
31 19
17 19
21 23
41 25
78 35
125 52
169 80
210 107
242 123
261 130
261 130
246 128
214 119
171 101
126 76
82 50
44 29
21 17
13 11
27 15
54 25
93 42
138 64
185 89
224 111
251 128
263 134
257 134
236 126
203 111
158 91
111 68
68 44
35 25
17 15
15 11
33 17
66 29
109 50
156 74
199 97
234 117
257 130
265 138
253 134
226 125
187 107
142 83
95 62
56 39
29 25
17 15
25 21
46 31
72 35
113 44
164 64
212 93
246 119
261 134
261 134
246 126
216 115
175 103
126 82
80 54
44 31
23 15
15 11
23 13
52 25
93 42
140 62
185 87
224 109
250 126
263 136
259 136
236 128
201 113
158 91
111 68
68 44
35 25
17 13
15 11
33 17
64 29
107 46
156 74
201 97
234 119
7 130
250 136
253 134
228 125
187 105
126 82
97 58
56 39
27 21
13 11
19 9
42 19
78 37
123 56
171 82
205 105
246 125
11 136
261 138
246 132
216 121
173 99
126 78
83 56
50 44
19 25
1 0
15 0
52 0
97 42
125 72
183 89
224 103
3 121
267 140
251 146
236 136
203 115
158 87
111 66
68 46
35 31
17 15
15 5
33 11
64 29
109 52
156 76
199 95
236 113
0 130
265 140
253 138
226 123
187 103
144 82
97 62
56 41
27 21
15 9
21 9
41 19
78 37
123 56
171 80
212 101
244 121
261 134
263 138
248 132
214 119
173 97
126 74
83 52
46 33
21 17
15 9
25 13
52 23
93 42
140 66
185 89
224 113
251 128
265 136
263 140
244 140
201 119
148 83
103 50
68 31
37 21
17 17
15 9
33 9
66 25
111 48
156 78
199 103
234 119
257 128
263 134
253 134
226 125
187 107
142 82
95 56
56 37
29 23
15 13
19 11
41 19
78 35
123 58
169 83
212 105
244 123
261 134
263 136
246 130
214 119
173 99
126 74
82 52
46 33
21 19
13 11
25 11
52 23
93 42
138 68
183 89
222 109
251 125
263 136
259 138
236 128
203 113
160 89
113 68
68 46
35 27
19 15
17 9
33 17
64 31
109 50
154 74
199 97
238 125
259 140
255 132
244 115
224 103
191 99
146 87
97 64
54 33
29 11
17 9
23 19
41 29
76 39
123 52
169 78
212 105
242 126
259 134
263 134
246 128
216 117
173 101
126 78
83 52
46 31
23 15
15 11
25 15
52 25
91 41
138 62
183 89
224 111
251 126
263 136
259 134
238 128
203 113
158 93
111 68
68 44
37 27
19 15
15 11
31 15
64 29
107 50
154 74
197 95
234 117
257 130
265 138
251 134
226 123
189 107
144 87
97 62
56 39
29 23
17 15
21 17
46 31
80 44
115 54
158 66
205 85
244 111
263 132
261 136
246 128
216 113
177 97
130 82
83 60
44 37
21 17
15 9
25 13
50 25
89 42
136 62
185 83
222 107
251 126
263 136
259 136
238 128
203 111
158 91
113 70
68 48
37 27
17 13
15 9
33 15
64 31
107 48
154 72
199 95
234 117
255 130
263 136
255 134
228 125
189 107
142 83
97 60
58 39
29 23
15 13
19 13
41 21
78 37
123 56
169 80
210 103
244 123
261 134
263 136
248 132
216 121
175 101
128 78
83 54
50 39
29 31
9 15
13 0
44 0
93 29
142 66
183 95
220 109
251 119
267 130
261 142
238 138
203 121
158 91
113 64
68 44
35 29
17 17
15 9
31 11
62 23
107 48
154 76
199 97
234 115
257 126
265 136
253 138
228 126
189 107
146 83
99 62
56 41
27 23
15 13
21 11
41 19
13 35
123 56
44 80
210 103
244 121
11 132
263 138
248 134
216 119
175 99
128 76
83 54
46 33
23 17
15 11
25 13
50 23
91 42
138 64
183 89
222 111
251 128
263 136
261 138
242 136
208 125
156 95
101 56
62 27
37 15
19 11
15 11
31 13
64 23
109 44
154 74
197 101
234 121
257 130
263 136
253 134
228 125
189 109
144 83
97 58
56 35
29 21
15 13
19 11
41 19
76 35
123 56
167 82
210 103
242 121
261 132
263 136
248 132
216 119
175 99
128 76
83 50
46 31
23 17
13 11
25 13
50 23
91 42
136 64
183 89
222 111
250 126
265 134
259 136
238 128
203 113
160 91
115 68
70 44
37 27
19 15
15 11
33 17
64 29
105 48
154 74
197 97
234 119
261 140
265 146
244 126
216 103
187 85
148 80
101 66
56 42
27 17
17 5
23 11
42 29
76 44
121 58
169 76
210 99
242 123
259 136
261 136
248 128
216 113
175 97
128 78
83 54
46 33
23 17
15 11
25 13
50 25
91 42
136 64
181 85
222 109
251 126
263 136
259 136
238 126
205 113
162 91
113 70
70 46
37 25
19 13
17 11
31 15
62 29
105 48
152 70
197 93
234 117
257 130
263 138
255 134
228 125
191 107
144 85
97 62
58 41
29 21
15 13
21 13
42 23
82 46
123 64
158 76
199 87
240 105
263 125
265 138
246 132
214 115
177 93
134 78
87 60
46 41
21 21
15 9
25 11
50 25
87 44
134 64
181 85
220 105
250 125
261 134
259 136
240 128
205 113
160 91
115 70
72 48
37 29
17 15
15 9
31 13
64 29
105 50
152 72
197 95
234 115
0 128
263 136
253 136
228 125
191 107
144 85
99 62
58 41
29 23
15 13
19 11
41 19
76 35
121 56
167 80
210 101
244 121
261 132
263 138
246 132
218 119
177 103
130 80
85 56
48 35
29 27
19 25
17 15
39 5
82 17
138 50
185 89
222 115
250 125
265 126
261 132
242 134
205 125
162 101
115 70
70 42
37 27
15 15
15 13
31 15
62 23
105 42
152 72
197 97
232 117
255 128
265 134
255 134
228 126
191 109
146 85
99 60
58 39
29 23
15 13
19 13
39 19
76 33
121 54
167 80
208 103
242 121
259 130
263 136
250 134
216 123
175 101
130 76
85 54
46 35
23 21
13 11
25 13
50 23
89 42
134 64
181 87
222 111
251 126
263 136
259 138
242 132
210 123
166 105
107 72
58 33
31 7
19 1
17 9
31 17
62 27
105 44
154 68
199 97
234 123
255 136
263 138
253 132
228 125
191 109
144 78
97 60
56 31
29 19
15 11
19 13
39 19
76 33
121 54
166 78
208 103
242 123
261 134
263 138
248 132
216 119
177 101
130 78
83 54
46 33
23 17
15 11
23 13
48 21
87 39
136 64
183 89
220 111
250 125
265 134
259 136
240 130
205 115
162 93
115 70
72 46
37 29
19 15
15 11
31 15
62 29
105 48
152 72
197 95
234 117
257 134
271 150
253 144
218 115
183 83
144 68
103 58
60 46
27 25
15 5
19 3
42 19
76 42
119 66
166 80
208 95
242 117
261 136
261 142
248 132
216 115
177 95
130 76
83 54
48 37
25 19
15 9
23 11
50 23
89 44
136 66
181 87
220 107
250 125
263 136
259 136
238 128
205 113
162 91
115 70
72 46
39 27
19 15
15 11
31 15
62 29
105 48
150 72
195 95
232 115
255 130
263 136
255 134
230 125
191 107
146 87
101 64
60 41
31 23
15 13
19 13
41 21
78 39
126 66
166 85
199 95
232 105
259 117
265 130
248 132
216 119
175 95
132 72
89 54
50 41
23 27
13 15
25 11
50 21
87 42
132 66
179 87
220 105
248 121
263 132
259 136
240 130
205 115
162 89
117 68
72 48
39 31
19 17
15 9
31 13
62 27
103 48
150 70
195 93
232 115
5 128
255 136
255 136
230 126
193 109
146 78
99 60
60 41
31 23
15 13
19 11
39 17
13 33
119 56
166 80
208 93
242 121
11 132
263 138
248 132
218 119
177 101
132 80
85 56
48 35
25 19
21 23
29 27
41 23
76 19
130 41
183 78
222 115
248 130
263 132
263 128
244 126
207 121
162 103
117 76
72 44
37 23
17 15
15 13
29 17
60 27
103 42
150 68
195 95
230 117
255 130
265 134
255 134
230 126
193 109
148 89
101 64
60 41
29 23
15 11
17 9
39 17
74 33
119 54
166 78
208 103
242 121
261 132
263 136
250 132
218 121
177 99
130 76
87 54
50 35
23 19
13 11
23 11
50 23
89 41
134 64
181 87
220 109
250 125
263 134
259 138
242 130
208 117
169 103
119 82
66 46
29 15
13 0
17 0
31 13
60 27
101 42
150 64
197 93
234 121
255 136
265 140
255 134
230 123
191 109
146 87
99 62
58 37
29 17
15 9
19 11
39 19
74 33
119 54
166 78
208 101
242 123
261 134
263 138
248 132
216 119
177 101
132 80
85 56
46 33
23 17
15 11
23 13
48 23
87 41
132 62
181 85
220 109
248 125
263 134
261 138
240 130
207 115
162 93
117 70
72 48
39 29
17 15
15 9
31 13
62 29
103 50
150 72
195 95
232 117
257 132
265 142
261 150
228 130
181 95
138 62
101 46
64 41
31 31
13 13
17 3
41 11
78 37
119 66
164 87
207 101
240 115
259 128
261 136
248 134
218 123
177 99
130 74
85 54
50 37
23 21
15 11
23 9
48 19
87 41
134 64
179 87
220 107
250 123
263 134
259 138
240 130
207 115
164 91
117 70
72 48
37 27
19 15
17 11
31 15
60 29
101 46
150 70
195 95
230 115
255 130
265 136
255 134
230 125
191 107
148 85
103 62
60 42
31 25
15 13
19 11
39 21
74 37
121 60
171 91
205 105
228 109
251 113
263 125
251 130
218 121
175 99
132 72
89 52
52 39
25 27
13 17
23 13
48 21
87 41
132 64
177 87
218 107
248 123
263 132
259 134
242 130
207 115
156 93
117 68
72 44
39 29
19 19
15 13
29 15
60 27
103 48
150 72
189 93
230 113
5 128
255 136
255 134
230 125
193 109
140 85
101 62
60 41
31 25
15 13
17 11
37 17
3 33
119 56
164 80
203 93
240 119
11 132
263 138
250 132
218 121
179 101
132 78
85 54
48 35
25 19
15 15
27 23
50 33
78 35
123 42
175 66
222 103
251 130
261 138
259 132
242 121
208 113
158 101
117 80
72 50
39 25
19 11
15 11
29 19
58 29
101 42
148 64
193 91
230 117
255 132
263 136
255 132
232 125
193 109
148 87
103 64
62 41
31 21
15 11
17 11
39 19
72 33
117 52
164 74
207 99
242 123
261 136
263 138
250 132
220 121
179 103
132 82
87 56
50 35
25 19
13 11
23 13
48 23
87 39
132 62
179 85
220 109
250 126
265 136
261 138
242 130
208 117
166 97
125 80
76 58
31 27
7 1
11 0
31 5
60 29
101 48
148 68
195 87
232 111
257 132
265 144
255 140
230 126
193 107
148 87
101 66
60 42
29 21
15 9
17 7
37 17
72 33
117 52
166 78
208 101
240 121
259 134
265 138
250 134
220 121
179 101
132 78
87 54
50 35
23 19
13 9
23 13
48 21
85 41
132 62
179 85
218 107
250 126
263 134
259 136
240 128
207 115
166 95
119 72
74 48
39 31
19 17
15 11
31 15
60 29
101 48
148 70
193 93
230 115
255 130
265 138
259 140
236 138
189 111
136 70
95 41
62 29
35 27
17 21
15 9
37 9
76 27
121 58
164 89
205 109
240 119
261 126
263 136
248 136
218 123
179 99
132 72
87 52
50 35
25 21
15 13
23 11
48 21
85 41
132 64
177 89
218 109
248 123
263 132
259 136
240 130
208 115
166 93
119 70
74 48
39 29
19 17
15 11
29 15
60 27
101 46
148 70
193 93
230 115
5 128
265 136
257 136
232 126
193 109
142 85
103 64
62 41
31 23
15 11
19 11
39 21
11 35
117 56
39 85
212 109
236 123
248 123
5 119
250 121
222 119
179 103
132 76
89 50
52 31
27 23
15 19
23 17
48 23
85 39
130 62
177 87
216 109
248 123
263 130
261 134
242 130
207 117
166 95
119 70
74 46
41 29
19 17
15 11
29 13
60 25
101 44
148 72
191 93
228 111
255 126
265 136
255 136
230 126
195 109
152 87
103 62
62 41
31 23
15 13
17 11
37 17
64 33
117 54
164 78
207 101
240 119
259 130
263 136
251 134
220 123
179 103
134 80
89 56
50 37
25 21
15 13
25 15
54 33
85 48
121 50
167 60
218 89
251 123
265 142
259 138
242 125
210 109
167 95
121 82
74 56
41 31
19 13
15 7
29 15
58 31
99 46
146 66
193 87
230 113
255 130
263 138
255 134
232 125
195 109
150 87
103 66
62 41
33 23
15 11
17 9
37 17
72 33
115 52
162 76
207 99
240 121
259 134
263 138
250 132
222 123
181 103
134 80
89 56
50 35
25 19
15 11
21 13
46 21
78 39
132 60
177 83
218 105
248 125
13 136
261 138
242 130
208 109
167 95
123 76
83 60
41 37
9 9
5 0
27 0
60 21
101 48
144 70
191 89
230 107
257 128
265 142
255 142
232 126
195 107
152 85
105 66
60 44
31 25
15 9
17 7
37 15
70 33
115 52
164 76
207 99
240 119
259 132
265 138
251 134
220 121
181 101
134 80
89 56
50 37
23 19
13 9
21 11
46 21
85 41
130 60
177 85
218 107
248 125
263 134
261 136
242 130
208 115
166 93
119 70
76 48
41 31
19 17
15 11
29 15
58 27
99 46
146 70
191 91
230 113
255 130
265 138
255 138
236 132
201 123
144 87
91 46
56 19
35 13
19 19
17 19
35 15
70 23
119 48
41 83
205 111
234 123
7 128
265 132
250 134
218 125
179 103
134 78
89 52
50 33
15 19
15 13
23 13
46 21
83 37
130 62
177 87
218 111
248 125
13 132
261 136
242 130
208 117
166 95
121 72
76 50
41 31
17 15
15 11
29 15
58 27
99 46
146 70
191 93
228 113
253 128
263 136
257 134
232 126
195 111
150 87
105 64
62 42
33 25
15 13
17 11
37 17
64 31
117 54
164 82
210 109
244 130
1 130
251 123
244 117
222 113
181 101
134 80
87 52
52 29
27 19
17 15
23 19
46 27
83 39
130 60
175 83
216 109
248 126
261 132
259 132
242 125
210 117
167 97
119 74
76 48
41 29
19 17
15 13
29 15
58 27
99 44
146 68
191 91
228 115
255 128
265 136
257 134
232 126
197 111
152 89
105 64
64 42
31 23
15 13
17 11
37 19
70 33
115 52
162 78
205 101
240 119
259 132
263 136
251 134
222 123
181 103
136 80
91 58
52 37
25 21
15 13
23 13
48 27
89 52
126 68
166 72
208 83
246 107
265 130
263 142
242 132
208 111
167 89
123 74
78 58
41 39
17 17
13 5
29 11
58 29
97 48
144 68
189 87
228 107
255 126
263 138
257 136
234 126
197 109
152 87
103 64
62 42
33 25
17 13
17 9
35 17
70 33
115 52
162 76
203 99
238 119
259 132
263 138
250 132
222 121
183 103
136 80
89 58
52 37
17 19
15 11
21 13
44 21
83 37
5 60
175 83
208 105
248 123
15 136
261 138
242 132
210 117
167 97
123 76
80 56
46 41
17 21
3 1
19 0
56 11
99 41
5 68
189 91
226 107
5 123
267 136
259 142
232 132
195 111
150 83
107 62
64 44
31 29
15 13
17 7
37 13
70 31
113 54
160 78
205 99
238 115
259 130
263 138
251 136
222 123
181 103
134 78
91 56
52 37
25 21
13 11
21 11
46 21
83 39
128 58
175 83
216 107
248 125
263 134
261 136
244 130
210 117
167 97
121 72
76 50
41 29
17 15
15 11
29 15
58 29
99 46
146 70
191 91
228 113
255 130
265 138
257 136
234 128
203 121
156 101
95 60
50 19
29 1
19 5
21 17
35 23
68 27
115 44
164 74
205 107
238 128
257 134
263 132
251 128
222 121
181 105
136 82
89 54
52 29
23 15
15 13
21 13
44 21
83 35
130 56
175 85
216 111
246 126
263 134
263 134
244 130
210 117
167 97
121 72
76 48
41 29
19 17
15 13
29 15
58 27
97 44
146 68
191 91
228 115
253 128
263 136
257 134
234 126
197 111
152 89
107 64
64 42
33 25
17 13
17 11
37 19
70 33
113 52
160 76
207 101
246 130
261 142
255 134
240 119
220 105
185 95
138 82
89 56
50 31
27 13
17 9
23 15
44 27
83 41
130 58
173 83
214 105
246 125
261 136
261 136
242 128
210 115
167 95
121 74
78 48
41 29
19 15
15 11
27 17
56 27
97 46
144 68
189 91
226 113
253 126
265 134
257 136
232 126
197 111
154 91
107 66
64 42
33 25
15 13
17 11
37 17
68 31
113 52
162 76
203 99
238 119
259 132
263 138
251 134
224 123
183 103
136 82
91 58
52 37
25 21
15 11
21 11
46 23
87 46
132 74
169 85
205 89
240 99
263 123
265 138
242 136
210 115
169 87
125 68
80 54
42 41
21 23
13 9
27 9
56 25
93 46
142 70
187 87
226 105
253 125
265 136
257 138
234 128
199 109
154 87
107 66
64 44
33 27
17 13
17 9
31 15
68 31
113 52
160 76
203 97
238 117
9 130
263 136
251 134
224 121
183 103
136 80
91 56
54 37
27 21
15 13
21 11
44 21
82 37
128 60
175 85
214 105
246 123
263 132
261 138
244 132
210 119
169 97
123 74
80 54
46 39
27 29
11 13
17 3
48 7
95 31
146 62
191 93
226 111
251 123
267 132
261 138
236 134
199 117
152 89
107 62
64 42
31 27
15 15
17 9
35 15
68 27
111 50
160 76
203 101
238 119
259 130
263 134
251 134
224 125
183 105
136 82
91 56
52 37
25 21
13 13
21 11
44 21
83 37
128 60
173 83
216 105
248 123
263 134
261 138
244 132
210 117
169 97
123 74
78 48
42 29
21 17
15 11
27 13
56 25
99 44
144 70
189 91
226 113
253 128
265 138
259 138
234 128
199 113
160 99
107 76
54 35
23 1
15 0
21 5
37 23
66 33
111 46
162 68
205 99
240 126
259 142
263 138
251 130
222 119
183 105
136 85
91 58
52 35
25 15
13 9
21 13
44 21
82 37
128 58
175 82
216 107
246 126
263 136
261 136
244 130
212 117
167 97
123 74
78 50
42 29
21 17
15 9
27 13
56 27
97 44
142 66
189 89
228 113
253 128
263 136
257 134
234 126
199 113
154 91
107 66
64 44
35 25
17 15
17 11
35 17
68 33
113 52
160 78
203 101
240 123
265 142
263 144
242 128
214 107
181 89
140 76
93 58
52 35
25 17
17 7
23 11
44 25
83 44
128 64
173 82
214 103
246 123
261 136
261 138
242 128
210 113
169 95
123 74
78 50
42 29
21 15
15 9
27 15
56 27
95 44
142 68
189 91
226 113
251 126
263 134
257 134
234 125
199 111
156 91
109 68
66 44
33 25
17 13
17 11
35 17
68 31
111 50
160 74
203 97
236 119
257 130
263 136
251 134
224 123
185 105
138 82
93 58
54 37
27 21
15 13
23 13
44 23
82 39
130 66
177 95
208 103
234 105
257 111
263 126
246 134
210 121
169 95
125 66
80 46
46 37
21 29
15 17
25 11
56 21
95 44
142 70
185 93
224 109
253 123
263 130
257 136
234 128
201 111
154 87
109 64
66 44
33 29
17 15
17 11
35 15
68 31
111 52
158 76
201 97
236 117
257 130
263 136
251 134
224 123
185 103
138 82
93 56
52 37
25 21
13 9
21 11
44 21
82 39
126 60
173 83
214 105
246 123
263 134
263 138
246 132
212 119
169 97
125 74
80 52
37 35
25 25
15 21
21 15
5 13
89 27
142 56
189 89
226 113
251 125
263 128
259 132
238 130
201 119
154 95
109 66
66 42
35 25
17 15
15 11
33 13
66 25
111 48
158 76
201 99
238 119
259 128
263 134
251 134
224 125
185 107
138 82
93 56
54 37
25 21
13 11
21 11
44 19
82 37
125 60
173 82
214 105
248 123
263 134
261 136
244 130
212 117
169 97
123 74
80 50
42 31
21 17
15 11
27 15
54 25
95 44
142 68
187 89
226 111
253 128
263 136
259 138
236 130
201 115
158 95
115 80
64 50
21 13
7 0
17 0
39 15
68 37
109 52
158 66
203 89
240 119
259 140
263 144
251 134
220 117
185 101
138 83
93 62
52 37
17 13
15 5
21 11
42 23
80 41
126 58
173 80
214 103
246 125
11 136
261 134
246 130
212 117
169 97
123 74
80 50
35 31
21 17
5 11
27 13
54 25
95 44
125 66
187 89
226 109
3 126
265 136
257 136
220 126
201 111
156 89
109 66
66 44
35 25
17 13
17 9
31 15
68 31
111 52
158 76
201 97
238 119
11 136
269 148
250 140
214 115
177 78
138 68
97 54
52 37
17 19
15 7
23 7
46 21
82 44
126 66
171 85
214 103
244 121
261 134
261 138
244 130
212 115
171 93
125 72
80 52
35 33
21 17
15 9
27 13
54 27
93 44
125 66
187 89
224 109
253 126
265 136
259 136
236 126
199 111
156 87
109 66
66 44
35 25
17 13
17 11
35 17
66 31
109 48
158 74
203 99
236 119
257 132
263 138
253 134
226 125
185 105
140 83
95 58
54 37
27 21
15 13
19 11
44 21
82 39
126 62
177 93
216 117
236 117
251 113
257 117
248 125
214 125
169 101
123 70
80 44
46 31
23 25
13 19
25 15
54 21
95 39
140 68
185 93
222 111
253 123
265 132
257 134
236 130
201 113
156 91
111 66
66 44
35 27
17 15
17 11
35 15
66 29
109 50
158 76
201 99
236 117
257 130
265 136
251 134
226 125
185 105
140 82
93 58
54 39
27 23
15 13
21 13
42 19
17 35
0 56
173 82
214 107
246 123
261 132
263 136
246 132
214 119
171 99
125 76
82 52
44 33
23 21
21 21
29 21
46 21
83 27
134 48
187 80
228 111
251 128
261 132
259 130
240 126
203 117
156 99
109 70
68 42
35 23
17 13
15 11
33 17
66 27
109 46
156 70
199 95
236 117
259 132
265 138
253 132
226 125
185 107
140 83
95 60
54 39
27 21
15 11
21 11
42 19
80 35
125 58
171 82
212 103
244 123
263 134
263 138
246 130
214 117
171 99
125 76
80 52
42 31
21 17
15 11
27 13
52 25
93 42
142 66
187 91
224 113
251 126
265 136
259 136
238 128
201 113
158 93
115 74
72 58
31 29
5 0
9 0
35 3
70 33
109 56
154 74
201 89
238 111
259 136
265 146
251 140
224 121
187 101
142 82
95 62
54 41
27 19
13 5
19 5
35 19
17 31
0 58
171 80
205 101
246 123
13 136
261 138
246 132
214 115
171 95
126 74
82 52
37 33
21 15
5 7
25 13
54 25
95 44
0 66
185 87
224 109
251 126
263 136
257 136
220 126
201 111
156 91
111 68
68 44
35 25
19 13
17 11
33 15
66 29
109 50
156 76
201 97
236 119
9 132
250 144
251 146
220 126
175 95
134 66
95 48
56 35
27 21
13 11
21 7
44 17
80 39
125 64
171 87
212 107
244 121
261 132
261 138
244 132
212 119
171 93
126 72
80 50
44 31
21 17
15 11
27 13
52 25
93 44
140 68
185 89
224 111
251 126
263 134
257 136
236 128
201 111
156 87
111 66
68 46
35 29
17 15
15 9
33 15
68 31
109 52
154 74
199 97
236 115
257 130
263 138
251 134
226 123
187 105
142 82
95 58
56 41
27 23
15 11
21 11
42 21
80 39
125 60
171 83
218 115
244 130
251 125
251 115
244 115
218 117
173 105
125 78
80 44
46 25
25 19
17 21
25 23
52 27
93 41
138 62
185 89
222 113
250 126
265 132
259 132
236 126
201 113
158 91
111 68
68 44
35 25
17 15
17 13
33 17
64 29
107 48
156 72
199 99
234 117
257 130
265 136
253 132
226 123
187 105
142 83
95 60
56 37
27 21
15 13
19 13
42 21
80 37
123 56
169 82
212 105
242 123
261 132
263 136
248 132
214 119
173 99
126 76
82 52
44 35
23 19
17 15
33 25
52 31
83 37
128 48
181 72
226 101
253 126
263 138
257 132
238 123
205 113
160 97
111 74
68 48
35 25
17 13
15 11
31 17
64 31
107 46
154 70
199 93
234 117
257 132
265 136
253 132
226 121
189 107
142 85
95 60
56 37
29 21
15 13
21 13
41 19
78 35
125 56
169 82
210 103
244 121
261 134
263 138
246 132
214 119
173 99
126 76
82 52
44 33
21 17
15 11
25 13
52 25
91 41
138 64
185 89
224 113
251 126
265 136
261 136
238 130
203 115
158 91
111 68
74 52
39 39
9 11
5 0
29 0
66 21
109 54
154 78
197 93
236 109
259 128
265 142
253 144
226 128
187 105
142 80
95 60
54 41
25 23
13 9
21 5
42 17
78 37
123 60
169 80
212 101
246 121
261 134
263 138
246 132
214 117
173 97
126 76
82 52
44 33
21 17
13 9
25 11
52 25
93 44
138 66
183 87
222 107
251 126
265 138
259 138
236 128
203 111
160 91
111 68
68 46
37 27
17 13
17 9
33 17
64 31
107 50
156 74
199 97
234 117
257 132
267 142
259 144
230 134
179 105
132 68
91 42
58 29
29 21
13 13
17 7
42 13
80 33
125 62
171 89
210 107
244 121
261 130
263 138
246 134
214 121
173 95
126 72
82 50
44 33
21 17
15 11
25 11
52 21
91 41
138 66
185 91
224 111
251 126
263 134
259 136
238 130
203 113
158 89
111 64
70 44
37 27
17 15
15 11
33 15
64 29
107 50
154 72
199 95
236 117
257 130
263 138
251 134
228 123
191 107
144 85
97 62
56 39
29 21
15 11
19 11
41 21
78 37
123 58
169 82
214 107
250 134
259 138
251 123
238 109
216 103
177 99
128 82
80 52
44 25
25 11
17 13
25 23
50 31
91 41
140 60
183 87
222 113
250 128
263 134
259 132
238 125
203 113
158 93
113 70
70 44
37 25
17 13
17 11
33 17
64 31
105 48
154 70
199 97
234 117
255 130
263 134
253 134
228 125
189 109
142 85
97 60
58 39
29 21
15 11
19 11
41 19
76 35
123 56
169 80
212 103
244 123
261 134
263 138
248 132
214 119
175 101
128 78
83 54
46 35
23 19
15 11
29 19
60 39
87 48
126 56
175 70
222 97
253 123
263 136
257 134
238 123
207 109
162 93
113 76
68 50
37 29
19 13
15 9
31 17
64 31
107 48
154 70
197 91
232 113
257 130
265 138
255 136
228 123
189 105
144 83
97 62
56 41
29 23
15 11
19 11
41 19
76 35
123 56
169 80
210 103
242 121
259 132
263 134
248 132
216 121
173 99
128 78
83 54
46 33
21 19
15 11
25 13
50 23
91 41
136 62
183 87
222 109
251 126
263 136
259 136
238 130
205 115
160 93
113 70
70 48
42 37
17 25
5 1
21 0
60 9
109 44
154 78
197 99
232 111
257 123
267 134
257 142
228 134
189 111
144 82
97 56
58 41
27 27
13 15
17 7
41 13
76 33
123 58
167 82
210 101
244 119
261 130
263 138
248 134
216 121
175 99
128 76
82 52
44 31
23 17
15 13
25 13
50 21
91 41
138 66
183 91
222 111
250 126
263 134
259 136
238 130
203 113
160 91
115 68
70 46
37 27
19 15
15 9
33 15
64 29
105 48
154 74
197 95
234 115
0 130
265 140
250 140
236 128
191 115
134 80
87 46
54 25
31 13
15 11
17 9
39 13
78 29
123 54
169 83
212 109
244 125
261 132
263 134
248 132
214 121
173 99
126 72
82 48
46 29
23 19
13 11
23 11
52 23
29 42
11 66
183 89
222 111
0 126
255 134
259 136
224 128
205 115
160 91
113 68
62 44
37 27
19 17
15 11
31 13
62 27
105 48
27 72
197 95
234 117
7 130
263 136
255 134
230 125
191 109
146 87
99 62
58 39
31 21
15 13
19 11
41 19
76 35
123 56
167 82
210 105
248 128
15 146
250 138
220 115
203 95
177 80
134 80
85 60
44 33
23 11
17 7
27 19
50 33
19 46
11 62
181 78
222 109
240 128
13 136
259 134
238 123
203 109
156 91
115 72
72 48
33 27
19 11
17 9
33 17
62 31
105 46
152 70
197 95
234 117
255 130
263 136
255 134
228 125
189 107
144 83
99 60
58 39
29 21
15 11
19 11
41 19
76 35
121 56
167 80
210 103
244 123
261 134
263 136
248 132
216 119
177 103
130 80
83 54
46 31
17 15
17 15
17 17
56 33
95 52
5 64
162 74
214 91
0 115
265 125
257 136
158 125
205 109
156 91
117 74
72 54
37 33
19 15
15 9
31 13
62 31
105 50
27 72
197 91
232 113
5 128
265 138
253 136
228 125
189 105
130 83
99 62
58 41
29 23
15 11
19 11
41 19
76 35
121 56
167 80
208 93
242 121
9 132
263 136
248 132
216 119
175 99
130 76
85 54
48 33
23 17
13 9
23 11
50 25
89 42
134 64
181 87
218 111
250 126
263 136
259 138
240 130
207 115
162 93
115 62
72 48
41 31
25 29
13 19
19 3
52 3
97 31
156 72
197 103
230 117
5 123
265 128
250 136
232 136
191 117
144 85
99 54
58 35
29 25
13 15
17 11
39 11
76 27
119 52
167 82
208 105
242 121
11 130
263 136
248 134
216 123
177 93
130 78
83 52
46 33
15 19
15 11
25 13
48 23
89 41
136 64
181 87
220 109
0 125
265 136
261 138
240 130
205 115
162 93
115 62
72 46
37 27
17 13
15 9
31 15
62 29
103 48
152 72
195 95
234 117
257 132
265 140
250 138
232 130
197 119
142 91
89 54
50 23
27 7
17 5
19 11
39 17
74 31
121 50
169 80
210 107
242 128
259 134
261 134
250 132
218 123
175 103
128 76
85 50
50 31
23 17
13 11
23 13
50 23
89 41
134 64
181 87
220 111
250 125
263 134
259 136
240 128
205 115
162 93
115 70
70 44
37 27
19 15
15 11
31 15
62 27
103 46
150 70
195 95
232 117
255 132
265 138
255 134
230 125
191 107
146 85
101 62
58 41
29 23
15 13
17 11
41 19
76 35
121 58
167 82
210 103
242 123
15 142
267 150
238 130
207 97
171 78
134 70
87 60
46 39
21 13
15 0
27 9
52 33
89 52
134 66
181 83
220 105
250 126
261 138
259 138
240 126
205 109
162 89
115 72
72 48
37 27
19 11
15 7
31 15
62 31
103 50
150 70
195 91
232 115
255 130
263 138
255 134
230 123
191 107
146 85
99 64
60 41
31 23
15 11
17 11
39 19
76 35
119 56
166 78
208 101
242 121
259 134
263 138
248 132
218 121
177 101
130 78
85 54
48 35
25 21
15 13
23 13
52 27
97 50
138 74
171 85
208 93
246 107
265 125
261 136
238 130
203 109
164 87
119 68
74 52
37 35
19 19
15 9
31 13
60 27
101 48
150 70
197 93
232 113
255 126
263 136
255 136
230 125
191 107
146 83
101 64
58 41
31 23
15 11
19 11
39 19
74 35
119 54
166 78
208 101
242 121
259 132
263 136
250 132
218 121
175 101
130 76
87 56
48 37
23 19
13 11
23 11
50 23
89 41
134 62
181 85
220 107
250 126
263 134
259 136
240 130
207 115
164 95
117 70
72 48
39 29
23 21
21 25
25 17
48 11
97 23
150 58
197 97
230 121
253 126
265 128
257 130
232 130
193 119
146 93
101 62
58 35
29 21
15 17
17 13
37 17
74 27
119 50
166 80
207 103
242 121
261 130
263 134
185 132
218 121
179 103
132 80
85 54
48 33
15 17
15 13
23 13
48 23
87 39
134 62
179 87
220 109
0 125
255 134
261 136
224 128
207 115
156 95
117 72
72 48
39 29
19 15
15 9
31 15
62 29
103 48
25 70
195 95
232 117
5 130
250 138
255 136
232 128
197 115
154 97
95 66
48 31
23 5
15 0
19 7
39 21
72 33
117 48
166 74
210 103
242 126
259 138
263 140
250 132
220 121
177 103
130 80
85 54
48 31
23 15
13 9
21 11
48 21
87 39
134 62
179 87
220 109
250 126
263 136
259 136
240 130
207 115
164 93
115 70
72 46
39 27
19 15
15 11
31 15
60 27
103 46
150 72
195 95
230 115
255 128
263 134
255 134
232 126
193 109
148 87
101 62
60 41
31 23
15 13
19 13
39 19
74 35
119 54
166 80
208 103
242 123
259 136
269 148
248 140
208 111
169 78
130 60
89 52
50 41
23 21
13 7
25 5
50 23
89 48
132 72
179 87
220 103
250 123
261 136
259 140
240 130
207 111
164 89
117 70
74 50
39 31
19 15
13 7
31 13
60 29
103 50
150 72
193 93
230 113
255 130
263 138
255 136
230 125
193 107
148 85
101 62
60 41
31 23
15 13
17 11
37 17
74 35
119 56
164 78
207 99
240 119
261 132
265 138
248 134
220 121
179 101
134 80
87 56
48 35
23 19
15 11
23 13
48 25
91 44
140 74
177 93
208 103
240 109
261 121
263 130
242 130
205 115
164 89
119 66
76 46
41 33
19 21
15 13
29 15
60 27
101 46
148 72
193 95
230 111
255 125
263 134
255 136
230 126
193 109
148 83
103 62
62 42
31 25
15 13
17 9
39 17
74 33
117 54
162 76
208 99
242 119
259 130
263 136
250 132
220 123
179 103
132 78
87 54
50 35
23 19
13 11
23 11
48 21
87 41
132 62
179 85
218 107
250 125
263 134
259 138
242 130
207 115
166 95
119 72
74 48
41 31
19 17
21 19
35 27
52 27
89 29
142 46
195 83
234 117
255 134
263 134
255 126
232 121
197 115
150 97
101 70
60 39
31 17
15 11
17 13
35 21
72 31
117 48
164 74
207 101
240 123
261 134
263 136
250 132
218 121
179 103
134 80
87 56
50 35
23 17
15 11
23 13
48 21
85 39
132 60
179 87
218 109
248 125
263 134
259 134
240 128
208 115
164 95
117 70
74 46
41 29
19 17
15 11
31 15
60 29
101 48
148 70
193 93
230 115
255 128
263 136
255 136
232 128
197 113
154 95
107 74
54 41
19 11
9 0
17 0
41 15
72 35
115 52
164 72
208 97
244 123
261 140
263 142
248 132
220 119
181 101
132 82
85 56
48 33
23 13
15 7
23 11
48 25
87 41
132 62
179 83
218 107
248 126
263 138
259 138
242 130
207 113
166 95
119 72
74 48
39 29
19 13
15 9
29 13
60 27
101 46
148 72
193 93
230 113
255 128
265 136
255 136
230 126
193 107
150 85
105 64
60 41
31 23
15 11
17 9
37 17
72 33
117 54
164 80
207 103
240 123
259 132
265 140
255 146
218 128
167 89
123 54
87 39
54 35
25 27
11 11
21 3
50 15
89 41
132 72
177 93
218 107
248 119
263 132
259 138
240 132
207 115
156 91
117 66
74 46
41 29
19 17
15 9
31 11
60 27
101 48
148 72
187 93
230 113
255 128
263 138
255 136
232 126
195 107
150 85
103 64
60 42
31 23
15 13
17 9
37 17
64 33
117 54
164 78
205 99
240 117
261 132
263 138
250 134
220 121
181 101
134 80
89 56
50 37
15 19
15 11
23 13
48 23
85 42
136 68
185 97
214 113
236 115
255 117
261 123
244 126
207 117
162 91
119 64
76 42
42 33
21 25
15 17
29 15
60 25
101 44
146 70
191 95
228 113
253 125
263 130
255 132
232 126
195 109
150 87
103 62
62 41
31 25
15 15
17 11
37 15
72 31
115 52
162 78
207 101
240 121
259 132
263 136
250 132
220 121
181 101
134 80
89 56
50 35
25 19
13 13
21 13
46 23
85 39
130 60
177 83
218 105
250 123
263 136
259 138
242 130
210 115
166 95
119 72
74 50
41 29
19 17
15 13
35 25
58 37
91 41
138 48
189 74
232 107
257 134
263 140
255 130
232 117
197 107
152 95
103 72
60 42
31 19
17 9
17 11
35 21
62 35
115 50
162 70
205 97
240 121
259 134
263 138
250 130
220 121
181 105
134 83
89 58
50 35
23 17
13 9
21 13
46 23
85 39
130 58
177 82
218 109
248 126
263 134
259 136
242 130
208 115
164 93
119 70
76 48
41 31
19 17
13 9
29 15
60 29
101 48
146 70
193 91
230 113
255 130
263 138
255 136
232 126
197 111
152 91
111 74
64 50
23 21
5 0
13 0
37 9
74 33
113 54
160 72
207 95
242 119
261 138
263 144
250 136
220 119
181 101
134 80
87 58
48 35
25 17
13 7
21 11
44 21
83 39
130 60
179 83
218 107
248 125
263 136
261 138
242 130
207 113
166 93
121 72
76 50
41 29
19 13
15 9
29 15
58 29
99 46
146 68
193 91
228 115
253 128
263 136
257 136
232 126
195 109
150 87
101 66
62 42
33 25
15 13
17 11
37 17
72 33
117 54
162 80
205 101
240 119
261 134
265 140
255 142
226 136
175 103
123 62
83 33
52 23
29 23
13 17
19 9
46 13
87 35
134 66
177 95
216 113
248 123
263 128
259 134
242 132
208 121
166 95
119 66
76 42
41 29
19 17
15 11
29 11
58 23
99 44
146 72
191 95
228 115
253 126
263 134
257 134
232 128
197 111
150 87
105 64
64 41
33 25
15 15
17 11
37 17
72 33
115 52
162 78
205 101
240 119
259 132
263 136
250 132
220 123
183 103
136 80
91 58
52 37
17 19
15 11
23 13
46 23
85 41
7 64
181 93
218 119
242 126
1 121
255 119
119 121
210 115
164 95
119 68
78 44
44 29
21 21
15 17
29 19
58 27
97 44
144 68
189 93
228 113
253 126
263 132
257 132
232 126
197 111
152 89
103 64
64 41
33 23
17 15
17 11
37 17
72 31
113 52
160 76
205 99
238 119
9 130
263 136
250 132
156 121
183 103
136 80
89 56
50 35
25 19
15 13
23 13
44 21
83 39
130 60
177 83
216 107
248 125
263 134
259 136
242 130
210 117
167 97
121 74
76 50
41 31
21 17
15 13
29 19
64 39
97 52
134 58
181 70
228 95
257 126
265 142
255 138
232 121
197 103
154 89
107 74
62 50
31 23
15 7
17 7
35 19
68 37
113 54
162 72
205 95
238 119
259 134
263 138
251 132
222 121
181 101
136 82
91 58
52 37
25 19
13 11
21 11
44 23
83 39
128 58
175 82
216 103
248 125
263 136
261 138
242 130
210 117
167 97
121 74
76 50
42 31
19 17
15 11
29 13
58 25
99 44
146 68
191 91
228 113
253 128
265 138
257 136
234 128
197 113
154 91
107 70
70 52
33 31
7 7
7 0
33 1
72 25
115 52
158 76
203 95
240 113
261 130
265 142
251 140
220 125
183 101
136 78
91 58
50 39
23 19
13 9
21 9
44 19
82 37
128 60
175 83
216 105
248 125
263 136
263 140
181 132
210 117
164 95
123 72
76 50
41 31
0 13
15 9
29 13
58 27
37 44
3 68
189 91
228 113
3 128
255 136
257 134
218 126
187 109
152 87
107 66
64 44
33 25
15 13
17 11
37 17
0 33
109 54
35 76
189 99
240 119
9 134
263 138
251 134
228 130
185 117
128 78
80 37
46 13
29 13
17 17
21 17
35 17
82 27
132 56
177 91
216 117
246 128
13 130
261 132
242 130
208 121
166 97
121 68
76 42
41 25
15 17
15 13
27 13
56 23
93 42
146 68
189 95
228 115
253 126
265 134
257 134
232 126
197 111
154 89
107 64
64 42
33 25
17 13
17 13
37 19
68 31
113 52
160 76
203 101
238 119
257 130
265 136
251 134
222 123
183 103
136 80
91 58
52 37
25 19
13 9
21 11
46 23
83 41
128 60
177 87
222 115
250 132
253 132
250 123
240 113
212 107
169 95
121 72
76 46
42 25
23 13
17 15
29 21
56 33
97 46
144 66
189 89
228 115
253 130
263 136
255 132
234 123
199 109
154 91
107 64
64 41
33 23
17 13
17 13
35 19
70 31
113 50
160 76
203 99
238 119
259 132
263 136
251 132
222 123
183 105
136 80
91 58
52 35
25 21
15 13
21 13
44 21
83 39
130 60
175 83
216 107
246 123
263 134
261 136
244 132
210 119
167 97
123 74
78 50
42 31
21 19
15 13
29 15
60 31
103 56
140 72
177 78
220 89
253 113
267 136
259 142
232 126
197 103
156 82
109 70
66 54
31 33
15 11
19 5
35 17
68 35
111 54
158 72
205 93
238 115
257 132
263 138
251 132
224 121
183 103
138 80
91 60
52 37
25 19
15 9
21 9
44 21
82 39
128 60
173 82
214 105
246 123
263 134
263 138
244 130
210 117
169 95
123 74
78 50
42 31
21 17
13 11
27 13
56 25
97 44
142 68
189 91
226 111
253 126
265 138
257 138
234 128
199 111
156 91
109 68
68 48
39 35
13 19
5 1
27 0
68 17
115 48
160 78
201 97
238 113
261 126
267 138
253 140
222 128
183 105
138 78
93 56
52 39
25 21
15 11
21 7
44 17
82 35
128 58
173 83
216 105
246 123
263 134
261 138
244 132
210 117
169 95
123 72
78 50
41 31
19 17
15 11
27 13
56 27
95 44
142 66
189 89
226 111
253 128
265 136
257 136
234 126
199 111
154 89
107 66
64 44
35 25
17 13
15 11
35 17
70 33
113 54
158 76
203 97
238 117
259 132
265 140
251 136
224 125
191 115
138 91
82 48
42 13
25 1
19 9
23 17
42 23
80 31
128 52
177 83
216 115
246 132
261 134
263 132
244 128
210 119
169 101
121 74
78 46
42 25
21 15
15 13
27 17
56 25
97 42
144 66
189 91
226 115
253 126
263 134
257 134
236 128
197 113
154 89
107 66
66 42
33 23
15 13
17 11
37 19
68 33
111 50
158 76
203 99
238 119
257 132
263 136
251 132
224 123
183 105
138 82
93 58
54 37
25 21
15 11
23 13
44 21
82 39
126 60
173 83
216 109
255 136
263 142
251 132
234 115
210 103
171 91
123 74
76 50
42 27
23 11
17 9
27 19
56 33
95 46
144 66
189 89
226 113
251 130
263 136
257 132
234 123
199 109
154 89
107 66
66 42
35 25
17 15
17 13
35 17
68 33
111 52
158 76
201 97
236 117
257 130
265 136
251 134
222 123
185 103
140 82
93 60
54 37
27 21
15 13
21 13
44 19
82 35
126 56
173 83
214 105
246 123
263 134
263 138
244 132
212 119
169 97
123 74
78 52
42 31
21 17
15 11
29 15
56 29
99 50
146 80
181 89
214 93
248 105
265 126
261 140
234 132
197 107
156 80
113 64
68 52
35 37
15 17
17 7
35 11
68 31
109 54
156 78
201 95
236 111
257 126
263 134
251 134
224 123
185 103
138 80
93 58
54 39
27 23
13 11
19 9
44 17
82 37
126 60
171 83
214 103
246 121
263 134
261 138
244 132
212 117
169 97
125 74
78 52
42 33
21 17
15 11
27 13
54 25
95 44
142 68
189 91
226 111
253 126
263 136
257 136
236 128
201 113
156 91
109 68
68 48
39 35
21 25
11 11
23 3
60 11
111 39
160 72
201 99
234 115
257 125
267 134
255 138
224 130
185 109
140 82
93 56
52 37
25 23
13 13
21 11
42 17
80 35
125 58
173 83
214 107
246 123
261 132
261 136
244 132
212 119
169 97
123 72
78 48
44 31
21 19
13 11
27 13
54 23
95 44
142 68
187 91
226 111
253 126
265 134
257 134
236 126
199 111
156 89
109 66
66 44
35 27
17 15
17 9
33 17
66 31
111 52
158 76
201 97
236 117
259 132
265 138
251 136
224 125
189 109
146 95
91 66
42 23
17 0
15 0
25 13
44 29
78 41
126 52
175 76
216 109
246 134
261 142
261 138
244 126
212 115
171 99
123 80
78 52
42 27
21 11
15 9
27 17
54 27
95 42
142 64
187 89
224 113
251 130
263 138
257 136
236 126
199 111
154 91
109 68
66 44
35 23
15 11
17 11
35 17
66 31
111 50
158 74
201 99
236 119
257 132
263 136
253 134
224 125
185 105
138 82
93 56
54 37
29 21
15 13
21 11
44 21
82 39
126 60
171 83
214 107
250 128
269 146
259 142
234 123
205 101
169 83
126 70
80 50
42 29
21 13
17 7
29 13
56 29
93 48
140 66
185 85
226 109
253 130
263 140
257 136
236 123
201 107
156 89
109 68
66 44
35 23
17 11
17 9
35 19
66 31
111 50
158 74
201 97
234 117
257 130
265 138
253 134
224 121
185 103
142 82
95 60
54 39
27 21
15 11
21 11
42 21
80 39
125 58
171 82
214 103
244 123
261 134
263 136
246 132
214 119
171 99
125 76
80 52
44 33
21 19
15 11
27 15
54 25
95 44
148 76
189 101
216 105
242 105
261 115
261 130
238 134
199 117
154 83
111 56
70 42
37 35
17 25
15 13
33 13
66 27
109 52
156 78
199 99
236 115
257 126
263 134
251 134
224 125
189 107
142 82
93 58
54 39
29 25
15 15
19 11
42 19
80 35
125 58
171 82
212 103
246 121
263 132
261 138
244 132
212 119
171 97
126 74
80 52
35 31
19 17
15 9
27 15
54 25
93 44
0 66
187 91
224 111
251 128
265 136
259 136
236 128
201 113
158 91
111 68
68 46
37 29
25 25
17 21
25 13
54 15
103 33
158 66
201 97
234 117
255 125
267 128
257 132
228 130
187 113
140 85
95 58
54 37
27 23
13 13
19 11
42 17
80 31
123 52
171 80
214 107
246 125
261 132
261 134
246 130
214 119
171 99
125 74
80 50
42 31
21 15
15 9
27 13
54 25
93 42
140 66
185 89
224 111
251 126
263 134
259 134
236 128
201 113
156 91
111 66
68 42
37 25
17 15
15 11
33 15
66 29
109 50
156 74
201 97
236 119
257 132
265 138
253 136
226 125
187 107
146 91
101 74
48 41
15 3
7 0
21 0
46 25
78 42
123 56
171 74
216 101
248 128
11 144
261 144
246 130
214 113
171 97
125 78
80 54
42 31
21 11
15 7
27 13
52 27
93 42
125 64
187 87
224 111
1 128
263 136
259 136
236 128
201 111
156 89
111 66
68 46
35 27
17 13
15 9
31 15
66 31
109 50
156 72
199 95
236 117
259 130
263 138
253 134
226 125
187 105
142 83
95 58
54 37
29 21
15 13
19 13
42 21
80 37
125 58
171 82
214 105
246 126
267 142
267 150
240 132
203 107
166 82
126 64
82 48
44 33
19 15
15 7
29 11
56 27
95 50
138 70
185 89
224 107
251 126
263 138
257 138
236 126
201 109
156 89
111 68
68 46
35 27
17 13
17 9
33 17
64 31
109 50
156 74
199 95
234 115
250 130
265 138
253 134
226 123
187 103
142 82
97 60
56 41
27 23
13 13
19 11
42 21
78 37
123 58
169 82
212 103
244 121
261 132
263 136
248 132
214 119
171 97
126 76
83 52
46 35
21 19
15 11
27 13
54 25
93 44
125 70
191 101
222 119
240 115
5 111
250 119
111 128
203 121
156 93
111 60
70 37
39 31
19 25
15 19
31 17
64 25
109 46
154 76
197 99
234 117
257 126
263 130
253 132
226 126
189 107
142 83
95 56
54 35
29 21
17 17
21 15
41 19
78 33
125 58
169 83
212 107
242 121
261 132
263 134
246 132
214 119
173 99
126 76
82 52
44 33
21 17
15 11
25 13
52 25
91 42
138 64
185 87
224 111
251 126
263 136
259 136
238 128
203 113
158 93
111 62
70 44
37 27
19 17
15 21
33 23
54 23
93 33
19 58
201 89
236 117
5 130
263 132
255 130
222 125
189 111
142 87
95 62
56 39
29 21
13 13
17 13
42 19
78 33
123 54
167 80
210 103
244 123
261 134
263 134
246 130
214 119
173 101
126 78
82 52
37 33
21 17
5 11
25 13
52 25
29 41
138 62
185 89
224 111
251 128
263 136
259 134
238 128
203 115
158 93
113 70
68 44
37 25
17 15
17 13
33 17
64 29
107 48
154 72
199 97
234 117
257 130
265 138
253 136
226 125
189 107
144 85
103 70
60 52
19 17
3 0
15 0
44 11
80 41
123 62
167 76
210 93
246 119
265 140
263 148
246 136
214 115
173 93
126 76
80 56
44 35
19 13
13 3
25 7
50 23
93 44
138 66
185 87
224 107
251 126
263 138
259 138
238 128
203 111
158 89
111 66
68 44
37 27
17 13
15 7
33 13
64 29
107 50
154 74
199 95
234 117
257 130
263 134
253 132
228 125
191 109
142 85
97 60
58 37
29 21
15 13
19 13
41 21
78 35
125 56
169 80
212 105
244 123
265 136
269 146
248 140
207 117
164 85
123 60
83 44
44 31
21 17
11 7
27 9
54 23
93 46
138 72
183 93
222 109
251 125
263 136
257 138
236 128
201 109
158 85
113 66
70 46
37 29
17 13
17 9
33 13
64 29
105 48
154 74
199 97
234 115
257 128
265 136
253 136
228 125
187 105
142 82
97 60
56 39
27 21
15 11
21 11
42 19
78 35
123 56
169 80
212 103
244 123
261 134
261 136
248 132
216 119
173 101
126 76
83 52
46 31
23 17
15 11
25 13
54 27
93 44
138 68
185 95
228 123
248 130
251 121
251 113
240 115
207 115
160 99
111 66
68 37
39 21
21 19
17 21
31 23
64 29
107 44
152 70
197 97
232 117
257 128
265 132
253 132
226 125
189 109
144 85
99 60
56 39
29 21
15 13
19 13
41 21
76 35
123 56
169 80
210 103
242 121
261 132
263 138
246 132
216 119
175 99
128 76
83 52
44 31
21 17
15 11
25 13
50 23
89 42
138 64
185 89
222 111
251 126
263 134
259 136
238 128
203 113
160 91
113 68
70 46
37 29
19 17
19 17
37 25
58 33
93 39
144 52
197 83
236 113
257 132
263 134
253 128
230 121
191 109
146 91
97 66
56 41
29 21
15 11
17 13
39 21
76 35
121 52
167 76
210 101
242 123
261 134
263 136
248 130
216 119
175 101
128 78
82 52
46 31
23 17
15 11
23 13
50 23
91 41
138 64
183 89
220 109
251 125
265 134
259 138
238 130
203 115
160 93
115 70
70 46
35 27
17 15
17 11
33 15
64 29
105 46
152 70
199 95
234 117
257 130
265 138
255 136
228 126
189 109
146 85
99 64
64 50
29 31
5 3
7 0
39 0
80 31
123 62
167 83
208 97
244 113
263 132
263 146
248 142
214 121
175 93
128 72
83 54
44 37
21 19
13 5
25 7
50 23
89 44
136 66
183 87
222 107
251 125
263 136
259 138
240 130
205 113
160 91
113 68
70 46
37 27
17 15
15 9
31 13
62 27
105 48
154 74
197 95
234 117
257 130
263 138
253 136
228 125
191 107
144 83
97 60
58 39
31 23
15 13
19 13
41 19
76 35
123 58
167 82
210 103
244 123
261 134
265 142
253 144
216 126
167 95
121 62
82 39
48 25
23 17
13 11
23 9
50 19
91 41
138 70
183 95
220 113
248 123
263 134
261 138
238 132
203 115
160 89
115 64
70 44
35 27
17 15
15 11
33 15
64 29
105 48
152 72
197 97
232 117
257 128
263 134
253 132
228 123
191 107
144 85
99 62
58 39
29 23
15 13
19 11
41 19
76 35
121 56
167 80
210 101
244 121
261 134
263 136
248 132
216 119
175 101
130 78
83 54
46 33
23 17
15 9
23 11
50 23
91 42
138 66
183 89
228 117
255 140
257 136
248 119
232 105
207 103
164 95
113 74
68 42
39 17
21 11
19 17
31 27
62 35
105 46
152 68
195 93
230 117
255 130
265 134
253 130
228 121
189 107
146 87
99 64
58 39
29 21
15 13
19 13
41 21
76 33
121 54
167 78
210 103
244 123
261 134
263 136
248 130
216 121
175 101
130 78
83 52
46 31
23 17
15 11
25 13
50 23
89 41
136 62
183 87
222 111
250 126
263 134
259 136
240 130
205 115
162 93
115 68
64 46
39 29
19 17
17 13
37 23
66 41
97 48
140 58
189 76
234 105
7 128
263 138
253 132
230 119
195 105
148 89
99 70
58 44
29 23
15 11
17 11
39 21
74 37
121 54
166 76
208 99
242 121
261 134
263 138
248 132
218 119
175 101
128 78
83 54
48 33
23 17
15 9
23 13
50 23
89 41
136 64
181 87
220 109
250 125
263 134
259 136
238 128
203 111
162 91
115 70
72 48
37 29
19 13
17 9
31 15
62 29
103 48
152 72
195 93
234 115
255 130
263 136
253 134
230 126
191 109
146 87
101 64
60 44
35 37
13 19
7 0
29 0
74 19
125 54
167 85
208 103
240 115
263 126
265 138
250 142
216 128
175 101
130 72
83 48
48 35
23 25
13 11
23 9
50 17
89 39
136 66
181 89
220 107
250 123
263 132
259 136
240 130
207 115
162 91
115 68
70 46
37 29
17 15
15 9
31 13
62 27
103 48
152 72
195 93
234 115
250 130
265 138
253 134
230 125
193 107
146 85
99 62
58 41
29 21
15 13
17 9
41 19
76 35
121 56
167 80
208 103
242 121
261 134
263 140
251 140
224 132
173 105
121 68
76 37
46 19
25 13
13 11
21 11
50 19
91 37
136 66
181 95
220 115
250 126
263 132
261 134
238 130
205 117
160 93
115 66
72 44
39 27
17 17
15 11
31 15
62 27
103 44
152 70
197 97
232 119
255 130
263 134
255 134
230 126
191 111
146 85
99 60
60 39
31 23
15 13
19 11
39 17
76 33
121 56
166 80
208 103
242 121
11 132
263 136
248 130
218 119
179 101
126 78
78 54
48 33
15 19
15 13
23 13
48 25
85 42
136 64
181 89
220 111
5 136
251 148
250 132
228 107
201 93
166 87
117 78
70 52
35 21
19 5
19 9
33 23
60 37
103 50
152 68
195 91
230 115
255 132
263 138
255 132
228 121
191 105
146 85
101 64
60 41
29 21
15 11
19 11
39 21
74 37
119 54
166 78
208 101
242 121
259 132
261 136
250 130
220 121
177 103
130 80
87 54
48 33
23 19
13 13
23 13
50 23
87 39
134 62
181 85
220 109
250 126
263 136
259 136
240 130
207 115
156 95
115 70
72 46
39 27
17 15
15 11
33 19
70 41
105 58
140 68
185 78
228 97
257 123
265 136
253 134
228 121
193 101
150 83
103 68
60 46
31 25
15 11
19 9
39 19
74 37
117 56
164 76
207 95
240 115
261 132
263 138
250 132
218 119
177 99
132 78
87 56
48 35
23 17
15 9
23 11
48 23
87 41
134 64
181 87
220 107
250 125
263 136
261 138
240 130
205 115
162 93
117 70
72 46
37 27
19 15
15 11
31 15
60 27
103 46
150 72
195 95
232 117
255 130
265 138
255 136
230 126
193 109
148 85
103 64
60 42
35 33
21 27
11 11
27 0
66 9
119 42
167 82
208 109
240 119
259 123
265 132
251 138
220 132
177 109
130 76
87 50
48 33
23 23
13 15
21 9
48 15
87 37
134 64
179 89
220 109
250 125
263 134
259 138
240 132
207 117
164 93
117 68
72 44
39 27
17 15
17 9
31 15
60 27
103 46
150 70
195 95
230 115
255 128
265 136
255 134
230 126
193 109
140 85
101 62
60 41
31 23
15 13
19 11
39 19
74 33
119 52
166 78
208 93
242 121
11 134
265 138
250 136
224 128
183 113
126 80
76 42
42 17
23 5
17 7
23 13
48 21
80 35
136 58
183 91
222 117
250 130
263 134
261 134
242 128
207 117
162 95
115 68
74 44
39 27
17 15
13 11
31 15
