510000 10000000 106954 19
175 78
214 91
246 113
261 132
259 136
250 128
228 117
201 107
166 97
125 82
85 58
52 37
31 21
19 13
19 13
31 17
56 25
87 39
125 56
164 78
203 99
232 117
251 128
261 132
259 134
244 130
218 121
185 105
146 85
109 64
74 46
44 31
25 19
17 11
23 11
41 19
68 33
103 48
140 68
179 85
212 103
240 121
257 132
263 136
253 134
236 126
207 113
171 97
132 78
93 58
60 39
37 23
23 17
19 15
27 17
50 25
82 39
119 58
156 78
193 97
230 121
251 136
251 130
248 115
244 109
228 113
197 113
156 95
115 66
82 42
52 31
31 29
19 25
19 19
35 17
60 23
93 44
132 66
169 85
207 99
234 113
253 125
261 136
255 138
240 128
212 115
179 99
142 83
103 66
68 46
39 27
23 15
17 13
25 15
42 23
72 35
109 50
148 70
185 91
218 109
244 123
259 132
261 134
251 132
230 126
201 113
164 93
125 74
87 54
56 37
31 23
19 13
19 11
33 17
54 27
85 42
125 60
164 80
201 99
230 117
251 128
263 138
267 146
244 136
208 113
177 87
148 68
113 58
74 46
44 31
27 17
19 9
25 15
41 25
66 37
101 52
140 66
177 83
210 103
240 123
255 130
259 132
253 130
236 125
208 115
173 99
134 76
97 56
64 41
37 27
21 17
19 13
27 15
48 23
78 39
115 54
154 74
191 93
224 111
246 125
259 130
261 134
250 132
226 125
195 107
158 87
121 72
83 54
50 37
29 21
19 13
21 13
33 19
58 29
91 42
130 62
169 82
205 101
234 117
253 128
263 136
257 134
242 128
214 117
183 105
148 95
105 72
58 37
33 7
21 0
21 9
27 19
41 23
70 29
109 44
148 70
185 99
216 117
244 125
257 128
261 132
251 136
230 128
201 113
166 91
128 70
89 52
58 39
35 25
21 15
19 11
29 15
52 27
83 42
123 60
162 78
197 95
228 113
250 126
261 134
259 136
244 130
220 119
189 105
152 87
111 66
78 48
48 33
27 23
17 17
21 13
37 19
64 31
97 48
128 68
175 85
210 103
238 119
255 130
261 136
255 134
238 128
210 117
173 99
136 80
101 62
70 50
42 39
17 21
5 1
19 0
44 9
78 31
113 54
152 72
189 87
224 105
248 126
261 140
261 142
250 134
228 121
197 107
160 91
119 72
83 50
52 33
29 19
19 13
19 13
33 17
58 27
91 42
128 62
167 82
203 101
232 117
251 126
261 132
257 134
242 128
216 119
183 101
144 82
99 64
70 44
42 29
25 17
17 13
25 13
41 21
68 33
105 50
144 68
181 87
214 107
242 123
257 132
261 136
253 134
234 126
205 113
169 95
130 76
91 56
58 39
37 27
21 19
17 15
31 19
58 37
80 44
107 42
150 52
195 80
230 113
250 130
259 134
259 128
250 125
226 125
191 117
152 93
115 66
80 44
48 29
27 23
17 15
21 13
37 13
62 25
95 44
134 66
173 85
208 103
236 117
255 128
263 136
255 136
238 128
210 113
177 97
138 80
99 60
64 41
39 25
23 15
19 13
25 15
44 23
74 37
113 52
150 74
187 93
220 111
246 123
259 132
261 136
251 132
228 125
199 109
162 93
123 72
87 52
54 37
31 21
19 15
21 13
33 19
56 29
89 44
132 70
169 91
193 99
220 101
246 111
261 125
259 134
242 130
216 115
185 97
150 83
109 70
72 54
42 35
25 19
19 11
23 15
39 23
66 33
103 46
142 66
179 85
212 105
240 123
257 130
261 134
253 130
234 126
207 115
169 97
132 76
93 56
60 39
35 25
19 15
17 11
29 15
50 25
80 39
119 54
158 76
195 95
224 113
248 126
261 132
259 136
248 132
222 119
193 105
158 89
117 72
80 50
48 33
29 21
17 15
19 13
35 19
60 29
95 44
134 66
171 85
207 103
236 119
257 136
267 150
248 136
228 111
208 93
181 91
142 87
101 68
66 41
41 19
25 13
21 19
17 27
44 29
72 33
109 46
148 70
185 93
218 111
242 121
257 125
261 130
251 134
230 128
201 111
166 89
126 72
87 54
54 41
31 25
19 13
19 11
31 15
54 27
85 42
125 60
164 78
201 97
230 115
251 128
261 136
257 134
244 128
220 121
187 105
148 87
109 66
74 46
46 31
27 19
17 15
23 15
39 19
66 31
101 48
140 68
177 87
212 105
240 121
255 130
263 136
257 140
244 140
208 123
162 91
125 62
91 42
64 35
37 25
19 15
17 7
29 9
50 23
80 42
117 62
154 76
191 91
224 109
248 126
259 136
259 138
248 128
226 117
195 105
158 91
119 72
82 50
52 31
29 19
17 15
19 13
33 19
60 27
93 42
130 62
169 83
205 101
234 115
255 128
263 136
257 138
242 130
214 117
181 101
142 83
105 64
68 44
41 29
23 15
17 11
25 13
42 21
72 33
109 50
146 70
183 89
218 109
244 123
259 134
261 138
251 134
232 125
203 113
167 97
128 80
95 66
58 48
25 19
9 0
13 0
31 9
56 31
85 44
121 54
162 68
201 93
232 121
251 138
259 138
259 132
246 126
222 123
187 109
150 89
111 64
76 42
46 29
27 23
17 17
21 15
39 17
66 29
99 48
138 68
175 87
210 103
238 117
255 128
261 136
255 136
236 126
208 113
175 97
136 82
97 62
62 41
39 25
21 15
17 13
27 17
46 25
78 37
115 54
154 74
189 93
222 113
246 125
259 132
261 136
250 134
228 125
197 111
160 91
121 72
85 54
54 39
33 27
23 23
17 17
23 9
48 11
87 27
130 54
169 82
203 101
230 113
255 123
265 136
259 142
242 136
216 121
183 99
144 82
105 66
68 46
41 29
23 15
17 9
23 13
41 21
70 33
107 48
146 62
183 89
216 107
242 123
7 132
261 134
253 132
234 126
205 113
167 93
128 74
91 54
58 39
33 23
19 13
19 11
31 17
50 27
83 41
121 58
160 78
197 97
226 113
248 126
259 134
259 136
246 132
222 123
191 107
154 87
113 68
78 48
48 33
29 21
19 15
21 15
37 21
64 33
103 60
134 74
162 76
199 80
236 101
259 128
261 142
253 134
238 119
214 107
179 101
140 89
99 70
66 44
39 23
23 13
17 13
25 17
44 23
74 31
111 48
150 70
189 93
222 111
246 123
259 130
261 134
251 134
228 125
197 109
162 89
123 70
85 54
54 39
31 23
19 13
19 11
31 15
56 27
89 42
126 62
166 80
201 97
232 115
251 128
261 134
259 134
244 130
218 121
185 105
146 85
107 66
72 46
42 29
25 17
17 13
23 13
41 21
68 35
105 52
142 70
185 95
220 119
236 125
246 119
253 117
253 121
236 123
205 115
167 93
132 70
97 54
62 42
35 33
21 21
17 13
29 13
48 23
80 41
119 58
156 76
193 91
224 109
248 125
261 136
259 138
248 130
224 121
193 107
156 91
115 70
80 50
48 33
29 21
17 13
19 13
35 19
62 29
95 44
132 62
171 82
208 103
236 119
255 130
261 134
257 136
240 130
212 117
177 99
140 80
101 62
68 44
41 29
21 17
17 13
25 15
44 23
72 35
111 52
150 72
187 93
218 111
234 125
9 134
250 142
255 148
224 128
189 95
156 70
125 60
89 56
56 42
29 23
19 5
21 5
35 21
56 39
87 50
125 60
164 72
199 93
230 117
251 132
259 134
257 128
244 125
220 119
185 107
148 87
109 64
74 44
46 31
25 21
17 15
23 13
39 17
66 31
101 48
140 70
177 87
212 105
240 119
257 130
261 136
253 136
234 126
207 113
173 97
125 80
95 60
60 41
37 25
21 15
17 13
27 15
48 25
80 37
109 54
156 76
193 95
224 115
248 126
259 132
261 136
250 134
226 128
201 119
160 101
111 70
70 39
44 19
29 11
19 11
19 13
31 13
60 23
95 42
134 68
171 89
205 107
236 117
253 126
263 134
257 138
240 130
212 113
179 95
142 80
103 62
68 44
41 29
25 17
19 13
23 15
42 23
74 35
109 52
146 70
185 89
218 109
244 125
259 132
259 134
251 132
232 125
203 111
166 95
126 74
89 54
56 37
33 23
19 15
17 11
31 15
54 25
85 41
123 60
162 78
199 97
230 115
250 126
261 136
259 136
246 130
220 119
187 103
152 87
113 68
76 50
48 37
31 33
11 13
9 0
31 0
66 19
103 50
138 74
173 85
210 95
242 115
259 136
261 148
253 140
238 125
210 111
173 99
134 83
95 60
62 39
37 21
21 11
17 11
27 17
48 23
78 35
115 52
154 74
191 95
222 113
246 125
259 130
259 134
181 130
226 123
197 109
156 89
121 70
83 52
52 35
31 21
19 15
19 11
33 15
58 27
93 46
5 64
160 82
203 99
234 117
0 130
253 136
257 136
242 128
216 117
183 103
144 83
105 64
70 44
44 31
25 19
19 17
31 25
44 29
62 31
95 35
140 52
185 80
216 107
242 123
257 130
263 130
257 134
234 130
203 121
167 99
128 76
91 54
56 37
33 25
19 15
19 11
29 13
52 21
83 39
121 58
160 78
197 95
228 113
250 126
261 134
259 136
248 132
222 121
189 105
152 87
115 68
78 48
48 33
27 19
17 11
21 11
37 19
62 31
97 46
136 64
175 85
210 105
238 121
255 130
261 134
255 134
238 128
208 115
175 97
136 78
99 60
66 44
39 31
23 17
17 13
27 17
46 25
76 39
113 56
156 82
191 103
212 105
236 103
255 113
263 130
251 138
228 126
197 105
162 83
125 72
85 60
52 44
31 27
19 13
19 9
31 15
56 31
89 44
126 60
166 76
201 95
232 117
253 130
261 134
257 134
242 128
218 119
183 105
146 85
107 64
72 44
42 29
23 17
17 13
23 11
41 17
70 33
105 52
142 70
181 89
214 105
242 121
257 130
261 136
253 132
234 125
205 111
169 95
130 78
91 58
60 39
35 25
19 15
17 11
29 15
52 27
83 41
119 58
158 76
197 99
230 119
255 140
257 140
248 126
238 113
222 105
195 101
154 89
115 68
78 44
50 29
31 21
19 19
21 19
35 21
62 29
95 42
134 66
171 85
207 101
236 113
255 126
261 134
255 136
240 126
212 115
179 99
140 82
99 64
66 44
41 27
23 17
17 11
25 13
44 21
74 35
111 52
150 70
187 91
220 111
244 125
259 132
261 134
251 132
230 126
201 111
164 93
125 72
87 54
54 37
31 23
19 13
19 13
33 17
56 27
87 42
125 60
166 80
199 99
230 115
253 128
263 136
259 138
244 134
224 130
185 113
138 78
99 42
70 29
46 25
27 25
17 15
21 7
41 11
70 33
105 58
140 78
177 89
212 101
240 117
255 132
259 138
251 132
234 123
207 109
171 95
132 80
95 60
62 41
37 25
21 15
17 13
27 17
50 25
82 37
117 54
156 74
193 95
226 113
248 125
261 132
261 134
248 132
224 123
193 107
156 87
117 68
82 52
50 35
29 21
17 13
21 11
35 17
60 29
95 46
132 64
169 82
205 99
234 117
255 130
261 136
257 134
240 128
214 119
181 105
146 89
107 72
64 46
31 19
15 1
15 0
27 9
44 21
70 33
109 46
140 66
187 91
220 115
236 128
7 132
263 134
251 132
230 125
199 111
164 91
126 72
87 52
56 37
33 25
19 15
17 13
31 15
54 25
85 42
125 62
162 80
197 97
230 113
251 126
261 136
257 136
244 130
220 119
189 105
150 87
111 68
76 46
46 31
25 19
17 13
23 15
39 21
66 33
101 48
138 66
177 85
212 105
240 123
255 130
261 134
255 134
238 128
208 117
173 99
136 80
97 60
62 41
37 27
23 21
25 27
25 23
37 11
70 13
115 39
158 74
191 101
220 111
246 117
261 126
263 138
250 142
226 130
195 109
158 85
119 68
82 52
50 37
27 21
17 9
19 7
33 15
60 31
93 46
130 64
167 80
205 99
234 119
253 130
259 134
257 132
242 126
214 117
181 101
142 83
105 62
70 42
42 27
23 17
17 13
25 13
42 21
70 35
107 50
144 68
185 89
216 107
242 123
257 132
261 136
251 134
232 125
205 111
156 95
128 76
89 56
58 39
35 25
21 17
19 15
31 19
58 33
89 50
115 58
148 64
191 78
228 103
251 126
259 136
257 132
246 125
224 119
191 109
152 93
113 72
78 48
46 29
25 19
17 15
21 15
37 19
62 27
97 42
136 64
173 85
208 103
238 117
255 128
263 136
255 136
160 130
203 115
175 97
128 80
97 60
64 41
39 25
17 15
17 11
25 13
46 23
78 37
113 54
27 72
189 91
222 111
246 123
9 132
259 136
250 132
228 123
197 111
156 93
123 72
85 52
52 37
31 23
17 13
19 13
31 17
58 27
91 42
128 62
167 83
207 107
238 130
248 130
250 119
251 113
244 119
218 121
183 107
142 80
107 54
76 42
44 37
25 29
17 19
23 11
41 15
70 31
103 52
142 70
179 85
214 99
242 117
257 130
261 136
253 132
234 123
207 113
169 97
130 78
93 58
60 39
35 23
19 15
17 11
29 17
50 25
80 37
119 54
158 76
195 97
226 115
248 125
261 132
259 136
248 132
222 123
191 105
154 85
115 66
80 50
48 35
27 21
17 13
21 11
37 19
62 31
97 48
134 66
173 83
208 101
238 121
257 132
269 144
257 144
230 125
201 101
173 83
140 72
101 60
64 42
37 23
23 9
19 7
27 17
46 31
76 41
109 52
142 70
187 91
220 113
234 126
7 130
261 130
250 130
220 123
199 111
162 91
125 72
87 52
54 37
31 23
19 15
19 13
31 15
54 25
87 42
126 60
164 78
201 97
232 115
251 128
261 136
257 136
244 130
218 121
185 103
146 85
107 64
72 44
44 31
25 21
17 13
23 13
41 19
68 33
103 50
140 68
179 87
214 105
240 121
255 130
261 134
255 134
238 128
207 115
175 103
136 89
87 56
48 21
31 3
15 7
21 17
19 21
46 21
80 29
121 52
160 82
193 105
224 115
248 123
9 128
259 136
246 134
222 123
193 101
156 83
111 68
82 52
48 37
29 21
17 13
21 11
35 17
60 31
95 46
125 62
171 80
207 101
234 119
250 130
261 132
255 134
240 126
212 117
179 101
140 82
95 62
66 44
39 27
23 17
19 15
25 17
42 23
72 33
109 50
148 72
185 91
218 107
244 121
259 130
261 134
251 134
232 126
201 113
166 95
126 76
89 60
64 48
31 31
9 9
7 0
27 0
56 19
85 41
121 58
162 74
201 93
232 115
251 132
261 142
259 138
246 130
220 117
187 105
148 87
109 66
74 44
44 27
25 17
17 11
23 13
39 21
66 31
101 46
140 68
177 89
210 105
238 117
257 128
263 136
255 136
234 128
208 113
173 97
134 80
95 60
62 41
37 25
21 15
17 13
27 15
48 25
80 39
115 54
154 74
191 93
224 111
248 125
259 134
259 134
250 130
226 123
195 109
158 91
121 72
82 54
50 37
31 23
19 15
21 15
39 31
60 39
82 35
119 37
167 62
208 97
234 125
251 130
261 128
259 128
244 130
216 126
181 111
142 83
103 58
68 39
42 29
23 23
17 15
23 11
42 15
72 31
107 52
146 74
183 89
218 105
244 121
257 132
261 138
251 132
232 123
203 111
158 93
126 76
89 56
58 37
33 21
19 13
19 11
29 15
52 23
85 41
123 60
160 80
191 97
228 115
250 126
261 134
259 136
246 130
220 119
189 103
152 85
113 68
76 48
46 31
27 17
19 13
23 15
37 21
66 33
95 52
142 76
169 89
199 93
230 101
5 115
253 130
253 132
236 125
210 111
177 95
138 80
99 66
64 46
37 27
19 13
17 9
25 15
46 25
76 35
111 50
152 70
189 91
220 111
244 123
259 130
263 134
250 134
228 125
197 111
160 91
123 70
83 52
52 35
31 23
19 13
19 11
33 17
56 27
89 42
128 62
167 82
203 99
232 115
253 128
263 134
257 136
242 128
216 117
183 101
144 83
107 64
72 46
42 31
25 21
15 13
23 15
41 21
70 35
105 52
144 70
183 89
216 109
244 126
263 144
257 140
242 121
226 103
205 97
171 95
130 82
89 56
58 29
35 15
23 17
19 23
27 23
50 23
83 33
121 54
158 80
195 99
226 111
248 121
261 128
259 134
246 132
222 121
191 103
154 85
115 68
78 50
48 35
27 21
17 11
19 11
35 17
62 29
97 46
136 64
173 83
208 103
236 119
255 130
261 134
255 134
238 128
212 117
175 99
138 80
101 60
66 42
39 27
21 17
19 13
25 15
44 23
74 37
113 54
150 72
187 91
220 107
248 123
261 134
263 140
255 142
232 134
191 111
152 80
117 56
85 42
54 35
29 23
17 11
19 5
35 15
58 31
89 48
126 66
166 80
203 97
232 115
251 128
259 134
257 132
242 125
218 117
185 103
146 85
107 66
74 44
44 31
25 19
17 13
23 15
39 19
68 31
103 46
142 68
179 87
212 105
242 121
257 130
261 136
253 134
234 126
207 113
171 97
130 76
91 56
58 39
37 25
21 15
17 13
27 15
50 23
82 39
119 56
33 76
193 95
224 113
240 126
11 134
259 136
248 132
224 123
193 109
156 89
123 78
83 64
42 33
17 1
11 0
23 1
39 21
60 35
93 42
134 56
175 82
210 109
236 128
253 134
261 132
255 130
238 128
212 119
177 101
140 78
101 56
66 39
39 27
23 19
17 13
25 11
44 19
74 35
109 54
148 72
185 89
220 107
244 123
257 132
259 136
251 132
230 123
201 109
164 93
125 74
87 54
56 35
33 21
19 13
19 11
29 15
54 27
87 41
125 58
164 78
199 99
230 115
251 126
261 132
257 134
246 130
220 121
187 105
150 85
111 66
76 50
48 37
33 31
17 21
11 7
27 1
62 15
103 41
140 68
175 85
210 99
242 115
259 130
263 142
253 140
236 128
207 111
171 93
132 76
95 60
60 41
35 23
21 11
17 9
27 15
48 27
80 39
115 54
156 74
193 95
224 113
248 126
259 132
259 134
248 132
224 125
193 107
158 89
119 70
82 50
50 35
29 21
17 13
21 13
35 19
60 29
93 44
130 64
169 82
205 101
234 117
253 128
261 134
257 132
240 128
214 117
181 101
140 80
103 62
70 44
42 31
25 21
17 15
25 15
44 25
78 46
107 62
134 60
173 66
216 87
246 117
259 136
261 140
251 128
234 117
205 111
167 101
126 83
87 58
56 33
33 19
19 15
17 15
29 17
52 21
83 35
123 56
162 80
199 101
228 115
250 125
261 132
259 136
244 132
220 123
189 105
150 87
111 66
76 48
46 33
27 21
17 13
21 11
39 19
66 31
99 46
138 64
177 85
210 103
238 119
255 128
263 134
255 134
236 128
208 115
173 97
138 78
97 60
64 41
37 27
21 15
19 11
27 15
46 25
78 39
117 56
158 80
195 103
216 113
236 113
253 115
251 123
250 130
218 123
195 105
160 83
123 68
85 54
52 42
31 27
19 15
19 9
33 15
58 31
89 44
128 58
166 76
203 95
232 115
253 130
261 134
257 134
242 128
216 117
183 103
144 83
107 64
70 44
41 27
23 15
19 13
25 15
41 21
68 31
107 48
144 68
181 89
214 107
242 123
257 132
261 136
251 132
232 126
205 113
167 95
128 76
91 56
58 37
35 25
21 15
17 13
29 15
52 25
83 39
121 56
160 80
197 99
228 115
250 128
265 140
265 150
242 136
210 105
183 82
154 72
117 68
78 54
44 31
25 11
19 7
23 17
37 29
62 37
95 44
136 60
175 83
208 107
234 121
253 126
263 130
255 130
238 128
210 117
177 99
138 78
99 58
64 42
39 29
23 19
17 13
25 13
46 21
76 37
111 54
150 72
189 91
220 109
246 125
259 132
261 136
250 132
228 123
197 107
162 91
123 74
85 54
52 37
31 23
19 13
19 13
33 17
56 27
89 41
128 60
166 80
203 99
232 117
1 128
261 136
259 136
244 132
224 128
187 113
138 83
95 50
66 29
44 19
27 17
17 15
21 11
41 15
72 29
107 54
142 76
179 91
214 105
240 119
257 130
259 138
251 134
232 123
205 109
169 93
130 76
93 58
60 39
35 21
21 13
19 13
29 17
48 25
80 37
119 54
158 76
195 97
224 113
248 125
261 132
259 134
246 132
224 121
191 105
154 87
117 70
80 50
48 33
29 21
17 13
21 11
35 17
62 29
95 46
134 64
171 83
207 101
236 119
255 130
261 136
255 134
240 126
214 117
179 103
140 82
101 62
72 50
42 41
13 15
5 0
19 0
46 13
78 41
109 56
146 68
187 82
222 107
246 130
259 142
261 140
250 128
230 119
199 109
164 97
125 78
85 52
54 31
31 19
19 15
19 15
31 17
54 25
87 39
125 60
164 82
199 101
230 115
251 126
261 132
257 136
244 130
218 117
187 101
134 85
109 66
64 46
44 31
27 19
17 13
21 13
39 19
68 31
93 48
140 66
171 87
212 105
240 121
255 130
261 134
253 134
236 126
207 113
171 95
126 78
95 60
62 42
37 29
25 21
25 23
25 23
37 17
62 21
115 41
158 68
191 93
222 109
248 119
261 128
263 136
250 138
226 128
195 111
158 89
119 68
80 50
50 35
27 21
17 9
19 7
35 13
60 27
91 42
132 62
171 82
207 101
234 119
253 130
261 134
257 134
240 128
212 117
179 101
142 82
95 62
68 44
41 29
23 15
17 11
23 13
42 21
72 33
109 50
146 70
183 89
216 107
244 123
259 134
261 136
251 132
232 125
203 111
166 95
126 76
87 54
56 37
33 23
19 15
17 13
31 17
54 27
87 44
130 72
160 85
187 85
220 91
250 111
263 132
259 142
244 130
222 113
189 99
152 87
113 76
76 56
44 33
25 13
17 9
21 15
37 21
62 29
99 42
138 62
175 85
212 107
238 121
5 128
255 132
255 134
236 128
208 115
173 97
134 76
97 58
62 41
37 27
21 17
17 11
27 13
48 23
78 39
115 56
154 74
191 91
222 109
246 125
259 134
259 134
250 132
226 123
195 109
158 91
119 72
83 52
52 35
29 21
17 13
19 11
35 19
58 31
91 44
130 62
171 83
210 109
236 128
246 128
250 121
251 117
242 119
216 117
181 103
142 80
107 58
72 41
44 33
25 25
17 19
23 13
41 17
70 31
105 50
144 72
181 87
216 103
244 119
257 130
261 136
251 134
166 125
189 111
156 95
128 76
91 56
56 37
35 23
19 15
17 13
29 17
52 25
21 39
121 56
35 78
189 93
226 113
248 125
11 130
261 134
246 132
222 123
189 105
154 87
115 68
78 50
46 33
19 21
17 13
21 13
37 17
62 31
99 46
3 66
175 85
208 95
238 119
5 132
263 138
257 140
242 140
203 115
162 78
125 54
103 50
68 48
37 33
19 13
17 3
29 11
48 31
76 48
111 58
150 70
189 87
220 111
244 128
257 134
261 132
250 126
228 121
197 109
162 93
123 74
83 52
52 33
31 21
19 15
21 15
33 17
56 25
89 41
128 60
166 82
201 99
232 115
251 126
261 134
257 134
242 130
216 117
185 103
146 83
107 66
72 46
44 31
25 17
17 11
23 13
41 19
68 31
103 48
140 68
173 89
214 107
242 121
7 130
261 136
253 136
218 128
208 117
177 107
130 83
82 50
48 23
31 9
21 7
19 11
25 15
48 21
83 35
123 56
160 82
195 103
226 115
248 123
261 130
261 136
246 134
222 123
191 103
156 83
115 66
80 48
48 33
29 19
17 11
19 11
35 19
62 33
95 48
132 64
171 82
208 101
236 119
255 128
261 134
255 134
238 128
212 115
177 99
140 82
101 62
66 42
39 27
23 15
17 13
25 15
42 21
74 33
111 52
148 70
187 89
218 109
246 123
259 134
261 136
250 132
228 123
201 113
164 95
125 76
85 54
56 39
37 35
19 25
7 3
21 0
52 7
91 37
126 66
164 83
201 93
232 107
253 126
263 142
259 146
244 132
218 115
185 99
148 85
109 70
72 48
42 27
23 11
17 7
23 15
41 23
66 33
103 46
142 66
179 89
212 109
240 123
7 130
261 134
253 134
218 126
203 113
171 95
125 76
95 56
60 41
37 27
21 17
17 13
27 13
48 23
80 39
119 58
156 78
193 95
224 111
240 125
9 134
259 136
248 132
224 123
193 107
156 89
117 70
82 52
50 35
29 21
19 13
25 19
41 31
54 33
82 33
125 44
169 70
207 99
234 117
253 126
263 130
259 132
242 130
214 125
179 107
142 83
103 60
68 42
41 29
21 17
17 9
23 9
42 17
72 33
109 52
148 70
185 89
218 107
244 121
257 132
261 136
251 132
232 123
203 111
166 95
126 76
87 54
56 37
33 23
19 15
19 13
31 17
54 27
85 41
123 60
162 80
199 97
228 115
250 125
261 134
259 136
246 132
220 119
187 103
150 85
111 66
76 46
46 31
27 21
17 15
23 15
39 21
66 33
101 50
142 74
181 99
207 107
226 103
250 107
263 123
257 136
236 132
207 113
173 89
136 74
99 66
64 52
37 33
19 15
17 5
27 11
46 27
78 41
113 52
154 68
191 87
224 111
246 126
259 134
261 134
250 130
226 123
195 109
160 91
121 72
82 50
50 33
29 21
19 15
19 13
33 15
58 27
93 42
130 62
169 82
203 97
236 117
253 130
261 136
255 134
242 126
216 119
181 103
142 83
105 62
70 44
42 29
23 19
17 13
25 13
42 21
70 33
107 50
146 70
185 91
218 111
250 134
257 140
251 130
242 117
230 109
205 105
167 95
126 76
89 52
58 33
37 23
23 21
19 19
29 19
52 23
83 37
123 58
158 80
195 95
226 111
250 123
261 132
259 136
246 132
222 119
189 103
152 85
113 66
78 50
46 33
27 19
17 11
21 11
37 19
64 33
97 48
136 64
175 83
210 103
238 121
255 130
261 134
255 134
238 128
210 117
175 99
136 80
99 60
64 42
37 27
21 15
19 13
27 15
46 23
76 37
113 54
152 74
189 93
222 111
246 125
259 134
261 138
251 136
234 134
199 121
150 85
111 48
80 31
56 29
33 29
17 19
17 7
33 7
60 27
91 50
128 72
167 83
203 97
232 113
251 128
259 136
257 136
242 126
216 113
183 99
144 83
107 66
72 44
42 27
25 17
17 13
23 15
41 21
68 31
105 48
144 68
181 91
214 107
240 121
257 130
263 136
253 136
232 126
205 111
169 95
130 76
91 58
58 39
35 25
21 15
17 11
29 15
52 25
82 41
121 58
158 76
195 95
226 115
248 126
259 134
261 134
250 132
224 125
191 109
158 93
121 78
74 54
37 25
17 3
15 0
23 5
37 17
60 29
97 41
136 62
177 87
208 111
236 125
255 132
261 134
255 132
238 128
210 117
175 97
138 78
99 56
64 39
41 27
23 19
17 13
25 13
46 21
76 37
113 54
150 72
187 89
220 107
244 123
257 132
261 134
251 130
230 123
199 109
162 91
123 74
85 52
54 35
31 21
19 13
19 13
33 19
56 29
87 42
126 60
166 80
201 99
230 115
251 126
261 134
257 134
244 130
218 119
185 103
148 85
109 66
74 48
44 33
29 27
23 27
19 17
27 3
60 7
103 35
144 70
179 93
212 105
240 115
259 126
263 140
255 144
234 132
207 113
169 91
132 74
95 60
60 44
35 25
19 11
17 9
27 13
50 27
80 41
119 54
156 74
193 93
224 115
248 126
261 132
259 132
248 130
226 123
193 109
156 91
117 70
80 48
50 33
29 21
17 13
19 13
35 17
60 29
95 44
132 66
169 83
207 101
236 119
255 130
261 136
255 134
240 126
214 117
179 101
140 82
95 62
68 44
41 31
23 19
17 15
27 19
50 33
5 44
99 48
3 56
181 74
220 99
236 123
7 132
259 132
250 128
234 125
203 115
166 99
126 78
89 54
54 35
31 23
17 15
19 13
29 15
52 23
85 37
125 58
164 80
199 97
230 115
251 125
261 134
259 138
246 132
220 121
187 105
132 85
111 66
68 48
46 31
17 19
17 11
21 11
39 19
66 31
93 46
15 66
177 80
212 105
238 121
7 130
261 134
255 134
220 128
208 115
173 97
126 78
93 58
62 41
37 25
21 15
19 11
27 15
48 25
80 39
117 56
154 76
197 105
226 123
238 119
250 113
257 117
251 126
228 128
195 111
158 85
119 62
83 48
54 42
29 31
17 17
15 0
35 13
60 29
91 48
3 64
160 78
205 95
234 115
3 130
253 136
257 134
242 126
214 115
181 101
140 85
105 66
68 44
41 27
23 17
17 13
25 15
41 21
72 29
109 48
21 64
183 91
216 109
244 123
9 132
261 136
251 134
232 125
203 111
158 93
126 74
87 54
58 37
35 25
21 17
17 13
29 15
54 27
85 42
123 60
162 80
189 97
230 117
3 132
269 148
255 140
234 121
212 103
187 91
154 82
113 68
66 46
46 27
29 15
19 13
23 17
37 25
64 33
99 46
5 66
175 80
208 107
236 119
1 126
253 132
253 132
236 126
210 115
175 97
128 78
97 60
64 42
39 29
21 19
17 13
27 13
46 23
78 37
113 54
150 72
189 89
222 111
248 126
9 134
261 136
250 132
228 123
197 109
160 91
121 72
83 52
52 35
31 23
19 15
19 13
33 17
58 29
91 42
128 62
167 82
203 101
232 115
253 128
263 138
257 138
242 132
218 123
189 117
140 87
93 50
62 21
42 13
29 17
19 19
23 13
41 13
72 29
107 54
144 80
181 97
214 107
242 117
257 128
259 138
251 136
232 125
203 107
166 87
130 74
93 60
60 42
35 25
19 13
19 11
29 19
52 29
82 41
121 54
160 74
195 95
226 115
248 126
259 132
259 134
246 130
222 123
191 107
154 89
115 68
78 48
46 33
27 21
19 17
21 15
37 19
62 29
97 48
134 66
173 85
208 103
238 119
255 128
261 136
255 134
240 128
212 119
177 101
138 83
105 72
68 52
31 27
11 3
11 0
27 3
46 21
74 37
111 50
152 68
191 91
222 113
246 130
259 136
261 136
250 132
228 123
197 111
156 91
123 70
85 50
52 33
31 21
19 15
19 13
33 17
56 25
89 41
126 62
166 82
201 97
232 113
251 126
261 136
257 138
244 130
218 119
185 101
146 83
107 64
72 46
44 29
25 17
17 11
23 13
41 21
68 33
103 48
142 68
181 87
214 107
240 121
257 130
261 134
253 132
234 126
207 113
171 97
132 78
95 58
60 41
35 27
21 19
25 23
29 27
41 19
70 15
115 35
158 68
195 99
226 117
248 121
261 126
263 134
250 138
224 132
191 111
154 85
117 64
80 50
50 37
27 23
17 9
21 5
37 15
62 31
95 48
0 64
173 82
207 93
236 119
0 130
253 136
257 134
220 126
205 117
177 99
140 83
95 62
66 42
39 25
23 15
17 11
25 15
44 23
72 31
111 52
17 72
185 93
218 109
244 123
9 132
261 136
251 132
230 123
201 111
164 91
125 74
87 54
56 37
33 25
15 15
19 13
33 17
58 33
95 54
121 62
27 70
193 82
222 103
1 125
251 136
257 132
242 125
222 115
189 105
150 91
111 72
74 48
44 29
25 17
17 13
21 13
39 19
66 29
101 46
140 66
177 87
212 107
238 119
7 128
263 134
255 136
234 128
207 115
173 97
126 78
95 58
62 41
37 25
21 15
17 11
27 13
48 23
80 39
117 56
154 74
193 93
224 111
248 125
9 134
259 134
250 132
226 123
193 107
156 87
121 70
82 52
50 33
29 21
19 13
21 13
35 19
60 29
93 44
132 64
171 85
207 107
240 130
250 132
250 119
250 111
240 115
218 119
183 107
140 82
95 54
70 39
44 33
25 27
15 19
23 13
42 17
72 33
107 54
146 74
183 89
216 103
242 119
257 130
261 138
251 134
232 125
201 109
166 91
128 76
89 58
56 39
33 23
19 13
19 13
29 17
52 27
83 39
123 54
162 78
199 99
228 117
250 126
261 134
259 136
246 132
220 121
189 105
152 87
111 66
76 48
46 33
27 19
17 13
21 13
37 19
64 31
99 48
136 66
177 85
212 105
240 123
257 134
267 144
257 144
230 125
199 101
169 82
136 70
99 58
62 39
37 21
23 13
21 11
29 19
48 31
78 41
113 54
154 72
189 93
222 113
246 123
259 130
259 130
248 128
228 121
197 109
160 91
121 72
83 52
52 37
31 25
19 17
19 13
33 17
58 27
91 42
130 62
167 80
203 99
234 115
251 126
261 134
257 134
242 130
216 119
181 101
144 82
107 64
70 48
42 31
23 19
17 11
25 13
42 21
70 35
105 50
146 68
183 89
216 107
242 123
257 132
263 136
253 134
234 128
205 115
173 105
132 87
82 52
46 15
31 1
23 5
21 15
29 19
50 21
83 31
123 54
162 83
195 105
228 115
250 125
261 130
259 134
246 134
222 123
191 103
152 82
113 64
78 48
48 33
27 19
17 11
21 11
37 19
62 31
97 46
136 64
173 82
210 103
236 121
255 130
261 134
255 134
238 128
210 117
177 99
138 80
99 60
64 42
39 27
23 19
17 13
25 15
44 21
76 33
113 52
152 74
187 93
220 109
246 123
259 132
261 138
251 136
228 125
199 111
162 93
125 76
87 60
60 50
29 27
7 5
9 0
31 1
58 23
89 42
125 60
166 74
205 95
234 117
253 134
261 142
257 136
242 126
216 115
183 103
146 87
107 66
70 44
42 27
25 17
17 13
23 13
41 21
5 31
95 48
17 62
181 89
214 107
242 121
7 130
261 136
253 132
234 125
207 111
169 95
130 76
91 56
60 37
37 25
21 17
17 13
27 15
50 25
82 39
119 56
158 76
195 95
226 113
248 126
259 134
261 136
248 132
224 121
191 107
156 87
117 68
80 50
48 33
29 23
19 17
23 19
41 33
56 35
83 31
126 42
171 70
210 103
236 123
253 130
261 128
257 128
242 132
214 126
177 109
140 82
101 56
66 41
41 29
21 19
15 11
25 7
44 15
74 33
111 54
148 72
187 89
220 107
246 125
259 136
259 138
251 134
230 123
199 109
162 91
125 74
87 54
56 37
31 23
19 13
19 13
31 17
54 27
85 41
126 58
166 80
201 99
230 115
251 126
261 134
257 134
244 128
220 121
187 105
148 85
109 66
74 46
46 31
27 21
17 15
21 15
41 21
70 37
107 60
142 78
169 85
203 89
236 103
257 121
261 134
251 132
234 123
208 109
173 95
134 82
95 64
62 44
37 27
21 15
17 13
27 17
48 25
78 35
117 50
156 72
193 93
224 111
248 125
259 132
259 134
248 132
224 123
195 107
158 89
119 70
82 50
50 33
29 21
17 13
19 11
35 15
60 29
95 46
130 64
169 82
207 99
234 119
253 128
261 134
257 134
242 128
214 117
179 101
140 82
103 62
68 44
41 29
23 17
17 13
25 15
42 21
72 35
109 52
148 74
185 93
218 111
250 132
259 144
253 130
242 113
228 103
205 103
167 99
125 76
87 50
58 31
37 23
23 23
19 23
31 19
54 23
87 37
123 60
160 80
189 97
228 111
250 121
259 130
259 136
246 132
222 121
187 103
150 85
111 66
76 50
46 33
25 19
15 11
21 11
39 19
64 33
99 46
138 64
177 83
203 105
240 121
255 130
261 134
255 132
236 126
208 115
173 99
126 80
93 58
62 41
39 27
21 17
17 13
27 15
46 23
78 37
115 56
154 76
191 95
224 111
248 126
261 136
265 142
255 144
224 128
185 99
150 74
117 56
83 46
52 37
29 23
17 9
21 7
37 19
60 35
91 50
128 64
169 80
203 99
232 119
251 128
261 134
257 130
242 125
216 117
181 103
144 83
105 64
70 44
41 27
25 17
17 13
23 11
42 19
72 35
107 52
144 72
181 89
216 107
244 123
257 132
261 134
251 132
234 125
203 111
167 95
128 76
91 54
58 37
35 25
21 15
17 13
29 15
52 25
83 39
121 56
160 78
197 99
228 117
250 128
259 134
259 136
248 132
222 123
189 107
154 93
119 82
74 54
35 17
19 0
17 0
25 15
37 25
60 31
97 39
138 58
177 87
210 113
236 126
253 128
261 130
255 132
238 130
208 119
175 99
136 74
99 54
64 41
39 29
21 19
17 11
25 11
46 21
76 39
113 56
152 72
189 91
220 107
246 125
259 134
261 136
250 132
228 123
197 107
160 89
123 70
85 54
54 37
29 23
19 15
21 13
33 19
56 27
89 42
128 60
167 80
203 99
232 115
253 128
261 134
259 134
242 130
218 119
185 105
146 85
107 66
74 50
48 39
27 27
7 9
11 0
37 3
70 23
105 48
142 68
179 83
216 99
244 121
259 134
261 142
253 136
234 125
205 111
169 97
130 78
91 56
58 37
35 21
21 13
17 13
29 17
50 25
82 37
111 54
31 76
195 99
226 115
248 125
11 132
259 136
246 132
222 123
191 105
154 87
115 68
78 50
48 35
29 21
17 13
19 13
37 17
62 29
95 46
126 64
171 83
208 93
236 117
0 128
261 134
259 136
240 130
212 117
177 99
140 80
93 62
66 44
39 29
23 17
17 13
27 15
50 33
76 48
101 48
138 50
183 70
222 103
246 128
257 138
259 130
251 125
232 121
201 117
164 101
125 76
85 50
52 33
31 23
19 17
17 15
31 13
54 21
87 39
125 60
164 82
199 97
232 113
253 126
261 136
257 138
244 132
220 121
185 103
146 83
109 66
74 48
44 31
23 17
15 9
23 13
41 21
66 33
103 46
140 66
179 87
212 107
240 121
257 130
261 134
253 134
234 126
207 113
171 97
132 78
95 58
60 41
37 25
21 17
17 13
27 15
50 23
82 41
123 62
164 89
189 99
214 103
240 109
259 121
261 130
248 130
222 119
193 99
160 83
121 72
82 58
50 41
29 23
17 11
19 11
35 19
58 31
91 42
130 60
171 80
205 99
234 117
255 128
263 134
257 134
240 128
212 119
179 101
142 83
95 62
66 42
41 27
23 19
17 11
23 13
42 21
74 33
109 52
148 72
185 91
218 109
244 123
257 132
259 134
251 132
232 125
201 111
164 93
126 74
89 54
56 37
33 23
19 15
17 11
31 15
54 27
85 41
125 60
164 80
201 99
230 117
3 132
251 148
255 140
234 117
212 95
187 87
154 85
113 64
74 48
44 23
29 11
21 17
15 25
37 29
64 31
99 42
138 64
175 89
210 107
238 119
5 125
261 130
253 132
236 128
208 115
173 97
126 76
95 58
62 41
37 27
23 17
17 11
27 13
48 23
78 39
115 56
154 74
191 91
224 111
246 125
259 134
261 136
250 132
226 123
195 107
158 89
121 70
83 54
52 35
29 21
19 13
21 13
33 17
58 25
93 42
130 64
169 83
205 101
234 117
255 128
263 136
259 138
248 138
218 126
173 99
132 68
99 44
70 35
42 27
23 19
15 9
23 7
44 19
74 39
107 58
144 74
183 87
216 103
242 121
257 134
259 138
251 130
232 121
203 109
158 95
125 78
89 56
56 37
33 21
19 15
19 15
21 17
52 25
83 37
123 58
160 78
197 97
228 113
250 125
261 132
259 134
244 130
220 119
187 105
154 87
113 68
68 48
48 33
27 19
17 13
21 13
37 19
64 31
99 46
128 66
175 83
203 103
238 119
255 130
261 134
257 134
234 128
210 117
175 99
138 82
103 70
66 54
29 21
9 0
13 0
29 7
48 27
76 41
111 50
154 66
193 89
224 117
246 134
259 136
261 132
250 128
226 123
195 113
160 93
121 68
83 46
52 33
31 23
19 15
19 11
31 13
58 25
91 44
3 64
158 78
203 97
232 115
251 126
261 136
257 136
242 128
216 117
183 101
144 83
107 66
72 46
42 29
23 17
17 13
23 15
41 21
68 33
105 48
142 66
181 87
216 107
242 123
257 130
261 134
253 134
234 126
205 113
169 95
130 76
91 58
60 41
39 29
29 29
15 17
17 5
42 7
80 25
123 52
158 78
193 95
226 107
250 121
263 134
261 142
248 138
224 125
191 105
154 85
115 68
78 50
48 33
27 17
17 9
21 9
37 19
62 31
95 44
134 62
173 83
208 103
236 119
253 130
261 134
255 134
238 128
210 115
177 99
138 80
99 60
66 42
39 27
23 17
17 11
25 13
44 21
76 35
111 54
150 72
187 91
220 109
246 123
259 132
261 134
250 132
230 123
199 111
162 93
123 74
85 52
54 37
31 23
19 17
21 15
33 19
58 33
93 54
123 64
154 64
193 76
230 101
253 126
261 138
257 134
244 123
220 113
187 105
132 93
109 64
72 46
42 23
25 15
17 15
21 17
31 19
66 27
103 41
126 66
171 89
214 107
240 119
7 128
261 134
253 136
234 128
207 113
162 93
130 74
93 56
60 41
35 25
19 15
17 9
27 15
50 25
80 39
117 56
156 74
193 93
218 111
248 126
9 134
259 136
248 132
224 123
193 107
156 89
117 68
80 50
50 33
29 21
17 15
21 13
35 19
60 29
95 46
134 68
177 93
208 111
226 115
244 115
257 119
257 125
240 125
212 117
179 97
142 78
105 60
70 48
41 35
23 23
17 13
25 11
42 21
72 37
109 52
146 68
185 85
218 105
244 123
257 132
261 136
251 132
230 123
201 111
164 95
126 76
87 54
56 35
33 23
19 15
19 13
29 15
54 25
85 39
125 60
164 80
199 99
228 115
251 126
261 134
257 134
244 130
220 119
187 103
150 85
111 66
74 46
46 31
27 19
17 13
21 11
39 19
66 33
101 50
138 68
177 85
214 107
240 123
255 132
267 146
257 146
226 123
197 93
167 76
138 72
99 64
60 44
35 19
21 7
21 9
29 21
48 33
78 39
115 50
154 70
191 93
222 115
248 126
259 130
259 130
248 128
226 123
195 111
158 89
119 68
82 48
50 33
29 23
17 15
19 13
35 15
58 27
93 42
130 64
169 82
205 99
234 113
253 128
261 136
255 134
242 128
216 117
179 101
142 83
103 64
70 44
41 29
23 17
17 11
25 15
42 21
72 33
107 50
146 70
185 89
218 109
242 123
259 132
263 136
253 136
236 132
210 123
164 97
117 64
80 37
56 23
35 19
19 15
15 11
29 9
54 21
87 41
123 64
160 83
197 97
228 111
250 125
261 134
257 136
246 130
220 117
187 101
150 85
111 68
76 48
46 33
27 19
17 13
21 13
39 19
64 31
99 46
136 64
175 85
210 105
238 121
255 130
261 134
255 134
236 126
208 115
175 99
136 80
97 60
64 41
39 25
23 17
17 13
25 13
46 21
78 37
113 56
152 74
189 91
224 111
248 126
259 134
259 136
250 132
228 123
197 111
160 93
121 72
87 58
58 48
25 27
5 0
11 0
33 1
60 29
91 48
126 62
167 74
205 93
236 119
253 136
261 140
257 134
242 126
214 117
181 103
144 85
105 62
70 41
41 23
25 17
17 15
23 15
41 19
70 31
105 50
144 72
181 91
214 107
242 119
255 130
261 136
253 134
232 125
203 111
167 93
130 76
91 58
60 41
35 25
19 13
17 11
29 15
50 27
83 39
119 56
160 76
197 95
228 113
250 126
261 132
259 134
248 132
222 123
191 107
152 85
115 68
80 48
48 35
29 25
25 25
23 21
27 15
50 15
91 29
136 56
175 83
207 101
234 113
257 123
265 134
257 140
238 134
212 119
177 99
138 80
99 62
64 44
37 27
21 13
15 7
25 11
44 21
76 37
111 54
150 70
189 91
220 111
246 125
259 134
261 136
250 130
228 123
199 109
162 91
123 72
85 52
54 35
31 21
19 15
19 13
31 17
56 25
87 41
128 60
166 82
201 101
230 115
253 126
261 134
257 136
242 130
218 117
185 101
148 83
107 64
72 46
44 31
25 19
17 13
23 13
41 21
68 35
109 60
144 80
171 82
203 82
238 99
259 125
263 142
253 138
232 121
208 105
173 95
134 85
93 68
58 44
35 21
21 9
17 13
27 19
48 27
80 35
119 50
156 72
193 95
224 115
248 126
261 132
259 134
246 132
224 123
193 109
156 89
117 68
78 48
48 35
29 23
17 13
19 11
35 15
62 27
95 46
132 64
169 82
208 101
236 119
253 130
261 136
257 134
240 128
212 117
177 101
140 82
101 60
68 41
41 27
23 19
17 15
25 15
44 23
74 35
111 52
150 74
191 99
224 121
240 125
248 123
253 119
251 119
232 121
199 111
162 91
125 68
89 50
58 39
33 29
19 21
19 13
29 11
54 23
87 42
125 62
162 80
199 93
230 111
251 125
261 136
257 136
244 130
220 117
185 103
148 85
111 66
74 46
44 31
25 17
17 11
23 13
39 19
66 31
101 46
140 66
177 85
212 105
240 121
255 130
261 134
255 134
236 126
208 113
171 97
132 78
95 56
60 39
37 25
21 15
17 11
27 13
48 23
80 39
117 56
156 74
191 95
224 113
248 126
259 134
263 142
253 144
222 125
183 91
150 68
119 56
85 52
52 33
27 21
17 5
15 5
37 21
52 39
91 50
130 62
169 78
205 99
232 119
1 130
261 134
257 130
240 123
212 115
181 103
142 83
95 60
68 41
41 27
25 19
17 15
23 13
42 19
72 31
107 50
146 72
183 89
218 107
242 119
257 130
261 136
251 134
232 125
203 111
166 93
126 74
89 56
56 37
33 23
19 15
17 11
29 15
54 25
85 41
123 58
162 78
199 97
228 115
250 128
261 134
259 136
246 132
222 123
195 115
152 95
103 62
66 33
41 15
27 11
19 13
21 13
35 15
64 25
103 46
138 70
175 91
210 107
240 119
255 128
261 134
253 136
236 128
208 113
173 93
134 76
97 58
64 41
37 27
21 15
17 11
27 13
48 25
78 39
113 54
152 74
189 93
222 111
246 125
259 130
259 132
250 130
228 123
197 109
160 91
121 72
83 52
52 35
29 21
19 15
19 13
33 15
56 27
91 42
130 62
167 82
203 101
232 117
3 128
253 136
257 136
242 130
216 117
181 101
146 83
107 68
70 48
48 39
25 29
7 5
11 0
37 0
72 27
107 54
142 70
181 83
218 99
246 123
257 138
261 144
253 136
234 123
203 109
166 95
128 78
91 56
56 35
33 17
19 9
19 13
31 19
50 25
83 37
123 56
160 78
197 99
226 115
250 126
261 132
259 134
246 130
222 123
191 105
152 87
115 66
76 48
48 33
27 21
17 13
19 1
37 17
64 31
97 48
1 64
173 83
208 93
238 119
5 130
253 134
255 134
238 126
203 115
175 99
130 80
99 60
66 41
39 27
23 21
21 19
31 25
42 25
64 25
103 35
152 60
191 89
220 111
244 123
259 126
263 132
253 134
228 130
199 115
162 91
123 68
83 50
52 37
29 23
17 13
17 9
31 13
56 25
87 42
126 62
166 80
203 97
232 115
251 128
261 134
259 136
244 130
216 119
183 101
146 83
109 64
72 46
42 31
25 17
17 13
23 13
41 19
68 33
103 48
142 68
181 87
214 107
240 121
257 130
261 136
253 134
234 126
205 111
169 95
132 78
93 60
58 41
35 25
21 17
19 13
27 15
50 25
83 41
123 64
162 89
189 97
214 95
242 103
11 121
263 136
248 138
222 119
193 99
158 83
111 74
80 60
48 39
27 17
17 7
21 11
35 23
60 33
95 42
134 58
173 80
207 103
234 121
253 130
261 132
257 132
240 128
212 117
177 101
140 80
101 60
66 41
39 25
23 17
19 13
25 13
42 19
74 33
111 52
148 74
185 91
218 107
246 123
259 132
261 136
251 134
230 125
201 111
164 91
125 72
87 54
56 37
33 23
19 13
19 13
33 17
56 29
87 42
126 60
166 80
203 103
236 125
253 134
253 130
250 121
240 115
220 111
187 103
146 83
109 62
74 42
46 31
27 23
17 19
21 15
39 19
66 31
101 48
138 70
177 87
212 101
240 115
255 128
261 134
253 132
234 123
208 111
171 97
132 80
95 60
62 41
37 25
21 17
17 3
27 15
48 25
80 37
109 54
31 74
193 93
224 113
240 125
9 132
261 136
185 132
224 121
193 107
158 91
119 70
80 50
48 33
31 21
19 15
19 13
33 17
60 29
95 44
132 64
169 83
205 101
236 117
5 128
263 136
257 138
246 140
214 126
169 93
130 60
99 42
72 39
42 35
23 21
15 5
25 3
44 19
76 42
109 62
146 74
183 85
218 103
244 123
257 134
259 136
251 130
222 121
201 109
166 95
126 76
89 54
56 31
31 21
19 15
19 13
31 17
52 25
85 39
123 56
162 78
197 95
228 111
251 125
261 134
259 136
246 130
220 119
189 105
150 87
111 68
76 48
46 31
25 19
17 13
21 13
39 17
66 31
99 46
138 66
177 85
210 103
240 119
257 130
261 136
255 134
238 128
212 119
177 107
140 91
91 62
52 31
29 7
21 3
19 9
27 15
44 19
76 29
119 50
158 78
191 103
222 117
246 125
259 132
261 136
248 134
224 123
195 107
158 85
119 68
82 48
52 35
31 23
19 13
19 11
33 17
58 29
91 46
130 64
167 82
205 101
234 117
253 128
261 134
257 134
242 128
214 117
181 103
142 82
105 64
70 42
42 29
25 19
17 13
23 15
42 21
70 33
107 50
144 70
183 89
216 107
242 121
259 132
261 136
253 134
232 125
205 111
167 95
128 78
91 58
58 39
39 33
25 29
11 13
15 0
46 1
85 29
125 62
160 83
195 95
228 105
251 123
263 140
259 144
246 136
222 119
189 101
152 87
113 70
76 52
46 31
25 13
17 7
21 11
37 21
62 31
97 44
136 62
173 83
210 105
238 123
255 132
261 134
255 132
238 126
210 117
175 99
136 80
99 60
64 39
39 25
23 17
17 13
25 13
46 21
76 35
115 54
152 74
189 91
222 109
246 125
259 134
259 134
250 130
222 123
199 111
160 91
123 72
85 52
54 37
31 25
19 17
21 17
41 29
58 35
80 37
117 44
164 64
205 91
232 115
250 126
259 130
259 130
246 130
218 125
183 109
144 85
107 62
72 44
44 31
23 21
17 13
21 9
41 15
68 31
105 50
142 70
179 85
216 103
242 119
257 132
261 138
253 132
234 125
205 111
169 95
130 78
91 56
58 39
33 23
19 13
17 11
29 15
52 25
82 41
119 56
158 76
195 95
226 113
248 126
259 134
259 134
246 130
222 121
191 105
156 89
117 70
80 50
48 33
29 21
17 15
21 15
35 19
62 31
97 46
134 68
179 95
208 113
226 111
244 107
259 117
259 132
240 134
210 119
177 93
140 72
103 60
68 52
39 37
21 17
17 7
25 9
44 23
72 39
109 52
148 68
187 85
220 107
244 125
257 132
263 134
251 132
230 125
199 111
162 93
125 74
85 52
54 35
31 21
19 13
19 11
31 15
54 25
87 41
126 60
164 80
201 99
232 115
251 128
261 134
257 136
244 130
218 119
185 103
148 83
109 66
74 46
44 31
25 17
17 11
23 13
41 21
68 33
103 48
142 68
179 87
214 107
246 128
261 142
255 136
244 121
228 109
207 101
173 93
130 78
91 54
62 35
37 21
23 17
19 19
29 21
48 25
80 35
117 54
156 76
191 97
222 111
248 121
259 130
259 134
248 132
224 123
193 107
158 87
117 70
80 50
50 35
29 21
17 13
19 11
35 17
58 27
93 42
132 64
171 83
207 103
236 117
253 128
261 134
257 134
240 130
212 117
179 99
142 82
95 62
68 44
39 29
23 17
17 13
25 15
42 23
72 35
111 52
140 72
185 91
218 109
244 123
259 134
263 138
251 136
234 130
207 125
158 95
113 56
82 33
56 25
35 25
19 21
15 9
31 5
58 23
89 48
125 70
162 85
199 97
230 111
250 126
259 138
257 136
244 126
220 113
187 99
150 85
111 70
76 48
46 31
25 17
19 13
23 15
39 21
64 31
99 44
138 64
177 87
212 107
238 119
255 128
261 134
253 132
236 126
207 113
173 95
136 78
97 60
62 41
37 25
23 15
19 13
27 17
46 25
80 39
117 54
154 74
191 93
224 111
248 125
259 132
261 136
250 132
228 125
197 111
162 95
126 82
82 58
41 29
19 3
17 0
23 5
35 17
56 29
91 41
132 58
173 82
207 107
234 125
253 130
261 132
257 134
240 130
214 119
181 101
142 80
103 58
68 42
42 29
23 19
17 13
23 13
42 21
70 35
107 52
146 72
183 89
216 107
242 123
257 132
261 136
251 132
232 126
203 111
166 93
126 74
89 54
56 39
33 25
19 15
19 11
29 15
52 25
83 41
123 58
160 78
197 95
228 113
248 125
261 132
261 136
246 132
220 121
191 107
154 89
113 70
78 50
48 33
29 23
25 25
21 21
25 7
52 7
97 29
140 62
177 91
208 107
238 113
250 123
265 136
255 144
236 136
208 117
175 93
136 76
97 62
62 46
37 27
21 11
17 7
25 13
46 25
76 39
113 52
19 70
189 91
222 113
236 126
9 132
261 134
250 132
228 125
197 109
156 91
123 72
83 52
52 35
31 21
19 15
21 13
33 17
56 27
91 42
128 62
167 82
203 99
232 115
253 126
261 134
257 134
242 130
216 119
183 103
144 83
97 64
72 46
44 33
25 21
17 13
25 15
46 27
74 42
99 52
125 58
173 72
214 93
244 121
255 134
259 134
253 128
236 123
207 117
169 103
130 82
91 58
58 37
33 23
19 17
17 13
27 13
50 21
82 35
119 56
158 78
195 95
226 109
250 125
261 134
259 138
246 132
224 121
191 105
154 87
115 68
78 50
48 33
27 19
17 13
19 13
37 19
62 31
95 46
134 62
173 83
210 105
236 121
253 130
261 134
257 134
240 128
210 117
175 99
138 82
101 62
64 42
39 27
23 17
17 13
25 15
46 23
74 35
113 54
150 74
193 99
224 123
238 121
248 113
5 113
253 125
162 128
199 115
162 89
123 64
87 48
56 41
31 33
19 21
17 11
31 11
56 27
89 46
126 64
164 78
201 93
230 111
251 128
261 136
257 136
244 128
218 117
185 103
146 85
109 68
74 46
44 29
25 17
17 13
23 13
39 19
66 29
103 46
142 68
179 89
214 107
240 121
257 130
261 136
253 136
234 126
207 113
171 95
132 78
93 58
60 41
35 25
21 15
19 13
27 15
50 27
82 41
119 58
156 76
193 95
226 113
251 130
267 146
257 142
238 125
216 105
191 93
158 83
117 70
78 50
48 27
29 15
21 13
23 19
35 27
60 31
95 42
7 62
171 85
205 105
234 117
0 126
253 130
255 125
222 128
205 115
181 101
142 80
93 60
68 44
41 29
23 19
17 13
25 13
42 21
74 35
109 52
140 72
185 89
218 107
244 123
9 132
259 136
251 132
230 125
201 111
166 95
126 76
87 56
56 37
33 23
19 15
19 13
31 17
54 27
87 41
125 58
164 80
199 99
230 115
251 128
261 134
259 136
244 132
220 123
195 117
148 93
99 54
64 23
44 13
31 19
19 21
19 17
37 11
68 23
105 48
140 78
175 95
210 105
240 115
257 126
259 138
253 138
236 126
207 109
171 91
134 76
95 60
62 42
37 27
21 15
17 11
27 15
48 27
80 39
115 54
154 72
193 93
224 113
246 125
259 132
261 134
248 132
226 123
195 109
158 89
119 70
82 50
50 33
29 21
19 15
19 13
33 17
58 27
93 44
130 62
169 82
205 99
236 119
0 130
253 136
257 136
242 130
216 119
181 103
144 85
109 70
72 54
35 29
13 5
11 0
25 1
44 19
70 35
105 48
146 64
187 87
220 111
244 130
257 136
261 134
251 130
232 125
201 115
166 97
126 74
89 50
56 35
33 23
19 17
17 13
29 15
52 23
85 39
123 60
162 82
197 97
228 113
250 125
261 134
259 136
246 130
222 119
189 105
150 85
111 66
76 48
48 33
27 21
17 13
21 13
37 19
64 29
97 46
138 66
175 85
210 105
238 121
255 130
261 136
255 136
236 130
208 115
175 97
136 78
99 60
64 42
37 29
23 19
21 19
21 27
41 19
66 17
109 33
21 64
193 99
222 115
236 121
11 126
263 132
251 138
228 132
197 113
160 87
121 68
82 52
52 31
29 25
17 11
17 5
33 13
58 29
91 46
128 62
167 78
205 99
234 119
0 132
261 136
257 134
242 128
216 119
181 103
140 83
99 64
70 44
42 29
23 17
17 13
25 13
41 21
70 33
107 50
144 70
183 89
214 107
242 121
257 130
261 134
253 134
234 126
205 113
167 95
130 76
91 58
58 41
35 25
21 17
19 15
29 17
54 31
27 50
119 64
23 68
187 80
226 99
251 121
259 134
257 134
246 126
226 117
193 107
154 93
115 74
80 52
48 33
27 19
17 15
21 15
35 19
62 27
95 42
136 62
173 83
208 105
236 119
255 128
261 134
255 136
238 130
210 117
177 99
138 78
99 60
66 42
39 27
21 15
17 11
25 13
46 23
76 37
113 52
150 72
189 91
220 109
246 125
259 134
261 134
251 130
228 123
199 111
162 93
123 72
85 52
54 37
31 23
19 15
19 13
33 17
56 27
87 42
128 62
167 83
205 107
236 130
250 132
250 121
250 113
242 115
220 117
187 109
146 83
107 56
74 41
46 33
27 29
17 21
21 13
39 15
68 31
103 52
140 72
177 87
214 101
240 115
257 130
261 138
255 136
236 126
207 111
169 95
132 78
93 60
60 41
35 25
19 13
17 11
27 15
50 17
80 39
119 54
158 76
195 95
226 113
248 125
9 130
261 136
248 134
224 125
193 107
156 87
117 70
80 52
48 35
29 21
17 13
21 13
35 17
60 29
95 46
134 64
171 83
207 101
238 121
257 134
269 146
259 146
232 126
203 101
173 82
140 70
103 60
66 44
39 25
23 11
19 9
27 17
44 29
74 41
109 52
148 68
185 89
218 109
244 125
257 130
261 130
251 130
230 123
201 111
164 93
126 74
87 52
54 37
31 23
19 15
21 13
31 17
54 25
87 41
125 60
164 80
199 97
230 115
253 126
261 132
259 134
244 128
220 119
187 105
150 85
109 66
74 46
46 31
25 19
17 13
23 13
39 19
66 31
99 46
138 64
179 87
212 107
240 123
257 130
263 136
255 136
236 130
208 119
177 107
136 89
87 54
50 19
33 3
23 7
21 17
27 19
46 19
80 31
119 52
158 83
193 105
222 115
246 121
259 126
261 136
248 136
224 125
195 103
158 83
119 66
82 52
50 37
29 21
17 9
19 9
35 17
60 33
93 48
130 62
169 80
205 101
234 119
253 130
261 134
257 132
242 126
214 117
179 99
142 82
105 64
70 44
41 29
23 17
19 13
25 15
42 23
72 33
109 50
146 70
185 91
216 109
244 121
259 132
261 136
251 134
232 125
203 113
166 95
128 78
91 60
64 50
29 27
11 7
9 0
29 3
56 21
85 41
121 58
160 74
201 95
232 115
251 132
261 138
259 136
246 128
220 119
187 105
150 87
111 66
76 44
46 29
25 17
17 13
21 13
37 17
64 29
101 46
138 68
177 87
210 105
238 119
255 128
261 136
253 136
236 126
208 113
173 95
134 76
97 58
64 42
39 27
21 17
17 11
27 15
48 23
78 39
115 56
154 74
189 91
222 109
248 125
259 134
261 136
250 132
228 125
197 109
160 91
121 72
83 52
52 37
31 23
19 15
23 19
39 31
54 33
80 29
121 37
169 68
207 103
232 125
251 128
261 126
259 128
244 132
214 125
183 109
146 83
105 60
70 44
42 33
25 23
17 13
23 9
41 15
70 31
107 52
144 72
181 89
216 105
244 121
257 132
261 138
251 134
234 125
203 111
167 95
128 76
91 56
58 37
35 23
21 15
19 13
29 17
50 25
83 39
121 58
160 78
197 97
228 115
250 125
259 132
259 136
248 132
222 121
191 105
154 87
115 70
78 50
46 33
27 21
19 13
21 13
37 19
66 33
107 58
138 76
166 82
199 87
234 103
257 123
261 136
253 134
236 123
212 109
177 97
140 83
101 68
64 46
39 27
23 13
17 13
25 17
44 25
74 35
111 48
150 68
187 91
220 109
246 123
259 132
261 136
250 134
228 126
199 111
162 91
123 72
83 52
54 35
31 21
19 15
19 13
33 17
56 27
89 42
128 60
166 80
201 99
232 115
253 128
261 136
257 138
244 130
218 119
185 105
146 85
107 64
72 46
44 31
25 19
17 13
23 13
41 21
68 33
95 48
15 68
183 91
214 109
246 134
9 144
251 130
236 111
230 107
208 107
173 103
130 82
91 52
60 31
37 23
23 23
19 23
27 19
50 19
82 33
119 56
156 80
193 97
226 109
250 121
261 132
259 136
248 134
224 121
193 105
156 87
115 70
80 52
48 33
29 21
19 13
19 11
37 17
62 31
95 46
125 64
173 83
208 103
236 119
255 130
261 136
255 134
240 128
212 117
177 99
140 82
93 62
66 42
39 27
23 17
17 13
25 13
44 21
76 37
111 54
150 74
187 93
220 109
246 125
261 136
265 142
255 142
224 126
189 99
156 76
123 60
87 50
54 37
29 19
19 9
21 9
35 21
56 35
87 48
125 60
164 78
201 97
230 117
251 130
259 134
257 132
244 126
218 119
185 105
148 85
111 64
74 44
44 29
25 21
17 15
23 13
39 21
66 31
101 46
142 68
179 87
212 105
240 119
257 130
261 136
253 134
236 126
208 115
171 97
132 78
93 56
62 41
37 27
21 19
17 13
27 13
48 25
80 39
117 56
156 76
193 93
224 113
248 126
259 136
261 138
250 134
226 125
195 109
160 95
123 83
76 52
39 19
21 0
17 1
23 13
35 25
58 29
93 37
134 58
173 87
207 111
234 123
253 126
261 130
255 132
238 130
212 119
179 99
142 80
103 58
68 42
41 31
23 19
17 11
25 11
44 21
74 37
109 54
146 72
185 89
218 107
244 123
257 132
259 136
251 132
232 123
201 111
166 95
126 76
89 54
56 37
33 23
15 13
19 13
31 17
46 27
85 41
123 58
37 78
191 97
230 115
0 126
253 134
261 136
246 132
220 123
189 107
150 87
109 68
78 52
52 42
27 29
7 9
11 0
33 1
68 21
93 46
13 68
173 82
205 99
242 119
7 136
261 142
255 136
238 125
208 113
173 99
126 80
93 60
62 39
37 23
21 13
17 11
27 15
48 23
78 37
115 52
146 74
191 93
224 111
248 125
9 132
259 136
250 132
226 123
195 107
158 89
121 68
83 52
52 35
31 23
19 15
19 13
33 17
58 29
91 44
130 64
167 82
203 99
234 117
253 128
261 134
257 134
242 128
216 117
181 103
142 83
97 64
70 44
42 31
23 19
17 13
25 17
48 33
70 44
95 41
134 46
181 70
220 105
244 130
255 134
261 128
253 126
234 125
205 121
167 103
128 78
89 52
58 35
33 25
19 19
17 13
27 11
50 19
83 37
121 60
160 78
197 95
228 111
250 126
261 136
259 138
246 132
222 121
189 105
152 87
113 68
78 48
46 31
27 19
17 13
21 11
37 17
64 29
99 46
136 66
175 85
210 103
240 119
255 130
261 136
255 134
238 128
210 115
175 99
138 80
99 60
64 42
39 27
23 17
19 15
27 17
46 25
78 39
117 62
158 87
185 95
210 99
240 105
259 121
261 132
248 130
228 121
199 105
164 89
125 76
85 60
54 41
29 23
19 11
19 11
33 19
48 29
89 42
126 56
166 76
203 99
232 117
253 128
261 132
259 134
244 130
218 119
183 105
144 83
107 62
72 44
42 31
23 19
17 13
23 13
41 19
68 33
103 50
144 70
181 89
214 105
242 121
257 132
261 136
253 134
234 125
205 113
169 95
130 78
91 56
60 39
35 25
21 17
17 13
29 15
52 27
83 42
119 60
158 78
195 97
226 115
253 136
265 148
253 136
236 113
218 97
193 95
158 91
115 76
76 48
48 25
31 17
21 19
21 23
35 25
60 27
95 41
134 62
171 85
205 105
236 115
255 126
261 132
255 136
238 130
212 117
177 97
140 80
101 64
66 46
39 31
23 17
17 11
25 13
44 23
11 37
111 52
17 70
187 89
220 109
236 125
9 132
259 134
251 130
222 125
199 111
162 93
125 74
87 52
56 37
31 23
19 15
19 13
31 15
56 27
87 41
126 62
166 82
201 99
230 115
251 126
263 136
259 140
251 142
218 126
175 97
138 68
105 48
74 39
46 31
23 19
15 9
23 7
42 19
70 39
103 56
140 72
179 85
214 103
240 121
255 132
259 134
253 130
234 121
207 111
169 97
132 78
95 58
62 39
35 25
19 15
19 13
29 15
50 25
80 39
117 56
158 76
193 95
224 111
248 123
261 134
259 136
248 132
224 123
193 107
158 89
117 70
80 52
48 33
29 19
19 13
21 13
35 19
60 29
93 44
132 62
171 83
207 103
236 119
253 130
263 136
257 134
242 130
214 119
179 103
142 83
109 74
68 52
29 19
13 0
15 0
29 11
44 29
72 39
107 46
148 62
189 91
220 119
242 132
257 132
263 132
253 132
230 128
199 115
164 93
126 70
87 48
56 35
33 25
19 15
19 11
31 15
54 25
87 42
125 62
162 80
199 95
230 113
251 126
261 134
257 134
244 128
220 117
187 101
150 85
111 68
76 48
46 31
25 19
17 13
21 15
37 19
66 31
101 46
138 66
177 87
212 105
240 121
255 130
263 134
255 134
236 126
208 115
173 97
136 80
97 60
64 42
41 31
25 25
13 13
15 3
41 5
80 27
119 52
154 76
189 91
224 105
250 123
261 134
259 140
248 136
228 123
197 107
158 89
117 72
82 52
50 33
29 17
17 9
19 11
35 19
58 29
91 42
130 60
171 82
205 103
234 121
253 128
261 132
257 134
242 130
214 119
181 101
142 82
105 62
68 44
41 29
25 17
17 13
25 13
42 21
70 33
107 50
146 70
183 91
216 109
242 123
259 132
261 136
251 132
232 126
203 113
167 95
126 74
89 54
58 39
35 27
21 17
17 13
31 17
58 35
89 54
115 58
148 58
191 74
230 103
251 130
259 138
257 132
248 125
224 117
191 111
152 97
113 74
76 46
46 27
27 19
17 15
21 15
37 17
62 25
97 42
138 66
175 87
210 103
238 117
255 128
261 136
255 136
236 126
208 113
175 95
138 80
99 62
62 42
39 27
23 15
17 13
27 15
46 25
76 37
113 54
152 72
189 91
222 111
246 125
259 132
261 136
250 132
228 125
197 109
160 91
121 72
83 52
52 35
29 21
19 15
21 15
33 19
56 29
91 44
132 68
175 95
201 107
220 109
244 111
259 119
259 128
242 128
214 117
183 97
146 80
109 66
72 52
44 37
25 21
17 11
23 11
41 21
68 33
103 48
144 66
181 85
214 105
242 123
257 132
261 136
253 132
234 126
205 113
167 95
130 78
93 56
58 39
33 25
19 15
19 13
29 15
50 25
82 39
119 58
158 78
195 97
224 111
248 123
263 134
261 138
246 132
222 121
191 105
154 87
115 70
78 50
48 33
27 19
17 13
21 13
35 19
62 31
97 46
134 64
173 83
208 103
238 121
257 134
267 148
253 142
228 115
203 93
177 82
142 80
101 68
64 42
39 19
23 9
21 15
27 25
44 31
74 37
111 46
150 68
187 95
220 115
244 125
259 126
261 130
251 130
228 126
199 111
162 91
123 70
85 52
54 35
31 25
21 17
19 13
31 15
56 25
87 42
126 62
164 80
201 99
232 115
251 126
261 136
257 134
244 130
218 119
185 105
146 85
109 66
74 46
44 31
25 19
17 13
23 13
39 19
66 31
103 48
142 70
181 89
214 107
242 121
257 132
263 138
255 138
240 136
208 123
164 93
121 62
87 41
60 29
37 23
19 15
17 7
27 9
52 23
83 42
119 64
156 80
193 93
224 109
248 125
259 136
259 138
246 130
224 119
193 103
156 89
115 70
80 50
50 33
29 19
17 11
21 15
37 21
60 31
95 44
132 62
171 82
207 103
236 119
253 126
261 132
257 132
240 128
212 117
179 99
142 82
101 62
66 44
41 29
23 17
17 13
25 13
42 21
72 35
111 50
148 70
185 91
218 109
244 123
259 132
261 136
251 132
232 126
201 113
166 93
125 76
91 62
58 48
25 19
9 0
13 0
33 7
58 31
87 46
123 56
164 70
203 95
232 121
250 136
259 136
259 132
246 128
218 121
185 107
150 87
111 64
74 42
44 29
25 19
17 13
21 13
39 17
64 29
101 48
140 70
177 89
212 105
240 119
7 130
261 136
253 134
220 125
207 111
173 95
126 78
95 60
62 41
37 25
21 15
17 13
27 15
48 25
78 37
109 54
29 76
193 95
224 113
248 125
9 132
259 136
250 134
226 125
195 109
158 89
121 72
83 54
52 37
33 27
25 25
17 17
23 9
50 11
91 29
132 58
169 83
203 99
232 109
257 125
265 138
257 142
240 134
216 119
183 101
142 82
103 64
68 46
41 27
23 15
17 9
23 11
42 23
72 35
109 52
146 68
183 89
218 109
244 125
257 132
259 134
251 132
232 125
203 111
166 95
126 76
89 54
56 37
33 23
21 15
19 13
29 15
52 25
83 41
123 58
162 78
197 97
228 113
250 125
261 134
259 138
246 132
220 121
189 105
152 87
111 68
76 48
48 31
29 21
19 15
21 15
39 21
68 37
105 60
134 74
164 72
203 82
240 105
259 130
261 142
253 134
238 121
212 109
177 101
136 87
99 66
64 41
37 23
21 15
17 13
25 17
46 21
76 33
115 50
152 72
191 95
222 113
246 125
259 132
261 136
248 132
226 125
197 109
160 89
121 70
83 52
52 35
31 21
19 13
19 11
33 15
58 27
91 42
128 62
167 80
203 99
234 117
253 128
261 136
257 134
242 128
216 117
181 103
144 83
105 64
72 44
42 29
25 19
17 11
23 13
41 21
70 33
107 52
146 74
189 101
216 117
232 119
248 117
257 119
253 125
232 123
203 111
167 93
130 72
93 56
60 42
35 31
21 21
19 13
27 15
50 25
82 41
121 58
158 74
195 91
226 109
250 125
261 134
259 136
248 130
224 119
191 107
152 89
113 66
78 48
48 33
27 21
15 11
21 11
39 19
64 31
97 46
134 64
173 83
210 103
236 119
253 130
261 134
255 134
238 128
210 115
177 99
138 80
99 60
66 42
39 27
23 17
17 11
25 13
46 23
76 37
113 54
152 74
189 93
220 111
246 125
259 136
265 146
251 144
220 117
187 87
158 72
125 66
87 58
52 41
31 19
19 7
21 11
35 25
56 37
87 44
125 56
166 76
203 99
230 119
251 128
259 130
259 130
244 128
216 121
183 105
146 83
109 62
72 44
42 31
25 21
17 13
23 13
39 19
68 31
103 50
142 70
179 89
214 105
240 119
257 130
263 136
253 136
234 126
205 113
169 95
132 78
93 58
60 41
35 25
21 15
17 11
27 15
50 25
82 31
119 56
33 74
195 95
226 113
250 126
261 134
261 136
250 134
228 128
197 115
152 91
107 60
72 33
48 19
29 17
19 15
19 11
35 13
62 25
97 46
134 70
171 87
207 103
236 117
255 128
261 136
253 136
238 126
212 113
177 97
140 80
101 62
66 42
41 27
21 15
17 11
25 15
13 23
11 35
109 52
148 70
185 91
218 109
244 125
257 130
261 134
250 132
164 123
199 111
162 93
126 72
87 54
54 37
31 21
19 13
21 13
31 17
46 27
87 41
1 60
164 80
195 99
228 113
3 126
255 136
259 138
244 132
220 121
187 105
134 87
109 68
78 54
50 44
21 23
5 0
13 0
39 5
70 33
103 54
13 68
177 80
207 101
242 125
7 142
261 142
253 132
236 123
207 111
171 99
125 80
95 56
60 35
37 21
21 13
17 15
27 17
48 23
80 35
109 52
156 76
193 97
222 111
246 123
11 132
261 136
248 132
224 123
195 107
158 87
119 70
80 50
50 35
29 21
17 13
19 11
33 17
60 31
93 44
132 64
169 82
205 101
236 119
250 130
261 136
257 134
240 128
214 117
181 103
142 83
97 64
68 44
42 29
25 21
25 23
25 23
35 17
62 17
103 35
148 62
185 91
216 109
242 119
259 126
265 136
253 138
232 132
201 115
166 91
126 72
87 56
54 37
33 23
21 13
17 9
29 13
52 25
85 41
123 58
162 78
199 95
228 113
250 128
261 136
259 134
246 130
220 121
187 105
150 85
111 66
76 46
46 31
25 17
17 13
23 13
37 19
64 31
99 46
140 68
175 87
210 105
238 119
255 130
261 136
255 136
236 128
208 113
173 97
126 80
93 60
62 41
39 27
21 17
19 13
27 15
48 23
78 41
117 66
154 83
179 83
212 85
244 103
263 128
261 144
248 134
226 117
199 101
162 91
121 80
82 60
52 37
31 19
17 11
19 13
33 21
58 29
91 41
128 56
167 80
205 103
232 119
253 126
261 132
257 134
242 128
216 119
183 103
144 83
105 62
70 44
42 29
25 19
17 13
23 13
41 19
70 33
107 50
146 70
181 89
216 107
242 121
257 130
261 136
251 132
232 125
205 111
167 93
128 76
91 56
58 39
35 25
19 17
17 13
29 17
52 27
83 41
121 60
162 80
201 103
234 125
244 128
250 123
251 119
246 119
224 117
189 105
152 83
115 64
80 46
50 35
27 27
17 19
19 13
37 15
64 29
97 48
134 68
173 83
208 99
236 117
255 130
259 136
255 134
238 125
212 115
175 99
138 82
99 62
66 42
39 27
21 17
17 13
27 15
46 23
76 37
113 54
25 72
189 91
222 109
246 123
9 132
261 136
251 132
228 125
197 111
162 91
123 72
85 54
52 37
31 23
19 15
19 13
33 17
56 27
89 42
128 62
158 82
203 99
232 115
3 128
263 136
263 144
248 142
212 121
173 85
140 62
109 54
76 50
42 37
23 17
17 3
25 7
42 23
70 42
103 54
142 66
181 83
214 105
240 125
257 134
261 134
253 128
234 123
205 113
169 97
130 76
93 54
60 37
35 25
21 19
17 15
29 15
50 25
82 31
119 58
33 76
195 95
226 111
250 125
261 134
259 136
248 132
224 121
193 107
156 89
115 68
78 48
48 31
29 21
19 15
21 13
35 17
62 29
95 46
134 64
171 83
208 103
236 119
253 130
261 134
257 134
240 130
214 121
185 111
140 87
91 56
56 29
35 11
23 9
19 11
23 13
42 15
76 27
115 52
152 78
187 99
218 113
244 121
259 130
261 138
250 134
228 123
199 105
164 87
125 72
85 54
54 37
33 21
19 13
19 11
31 17
56 29
89 42
126 60
164 78
199 97
232 117
253 130
261 134
259 134
244 130
220 119
185 105
148 85
109 64
66 46
44 31
25 19
17 11
23 13
41 21
68 33
95 48
140 68
171 87
212 107
240 121
7 130
261 136
253 134
234 125
208 113
173 97
125 80
95 60
62 42
42 39
21 27
7 3
17 0
46 3
83 35
111 62
29 78
191 87
226 103
251 126
261 142
259 144
248 132
226 117
195 103
156 91
115 72
78 48
50 29
31 17
17 13
19 13
35 19
60 29
95 42
132 64
171 85
207 103
234 117
253 126
261 132
257 134
240 130
214 117
181 99
142 82
103 62
68 44
41 29
23 17
17 11
23 13
42 21
74 37
109 52
148 70
185 89
218 109
244 123
257 132
261 136
251 132
232 125
201 113
164 93
126 74
89 56
58 39
33 25
21 19
25 19
35 27
48 27
74 29
117 41
162 66
199 93
228 115
250 125
261 128
261 132
248 134
220 126
187 109
150 87
113 64
74 46
44 33
25 19
17 11
21 9
37 15
64 27
101 48
138 66
177 85
212 103
240 119
255 130
261 136
253 132
238 126
210 115
173 99
134 80
95 58
64 41
37 25
21 17
17 11
27 13
48 21
78 35
115 54
154 76
191 95
222 113
246 125
259 132
261 136
250 132
226 123
195 107
158 87
121 72
83 54
52 37
29 23
19 15
21 13
35 19
58 29
93 44
134 70
173 95
197 99
220 97
248 105
263 125
261 140
240 134
214 115
183 93
146 80
107 70
70 54
41 33
23 15
17 7
23 13
41 25
70 37
105 48
144 64
183 85
216 109
242 125
257 132
261 132
253 130
232 126
203 115
166 95
128 74
89 54
58 37
33 23
19 15
17 13
29 15
52 23
83 39
121 56
160 78
197 97
228 113
250 126
261 134
259 138
246 132
222 121
191 107
152 87
113 68
78 48
48 33
27 21
17 13
21 13
37 19
64 33
99 48
136 66
175 87
212 107
244 130
253 136
251 128
248 119
236 113
212 109
175 99
134 78
97 54
66 37
41 27
23 23
17 19
25 15
46 21
76 35
113 54
150 78
187 95
220 107
246 123
259 132
259 136
250 134
226 123
197 107
160 87
123 72
83 54
52 37
31 21
19 13
19 11
31 17
56 29
89 44
128 60
166 80
203 99
232 117
253 128
261 134
257 134
244 130
216 119
183 101
146 83
107 64
72 48
42 31
25 19
17 11
23 13
41 21
68 33
105 50
144 70
181 89
214 107
240 123
257 132
263 138
255 138
240 138
203 119
158 83
121 54
91 41
62 37
37 31
19 17
19 7
31 11
54 27
83 48
119 66
158 78
195 91
226 109
248 126
259 136
257 134
248 126
222 117
191 105
154 89
115 70
78 48
48 29
27 19
19 15
21 15
37 19
60 29
95 42
134 64
173 87
207 103
236 117
255 126
261 134
255 134
238 128
210 115
177 97
130 80
99 62
66 44
39 29
23 17
17 13
25 13
46 23
76 37
111 54
150 72
187 91
220 109
244 125
261 134
261 138
251 134
230 125
201 113
167 101
126 83
80 54
44 23
25 5
19 3
21 9
31 17
54 25
87 37
128 56
167 83
201 107
230 121
251 126
261 132
259 134
242 132
216 119
185 101
148 82
109 62
72 46
44 31
25 19
17 11
23 13
39 19
68 33
103 48
142 68
179 85
212 105
240 121
257 130
261 134
253 132
234 123
207 113
171 97
132 78
93 56
60 37
37 25
21 17
17 13
27 15
48 23
80 39
117 56
156 76
193 95
224 111
248 125
261 132
261 136
248 132
224 123
195 107
158 89
119 72
82 52
50 37
33 29
21 25
13 9
21 0
56 5
97 37
136 70
169 89
205 97
236 109
257 126
263 142
257 146
240 134
212 115
179 97
140 83
101 66
66 46
41 25
23 13
17 9
25 15
44 25
72 35
109 50
146 68
185 89
220 111
244 126
257 134
261 134
251 132
230 125
201 113
164 95
126 74
87 52
56 37
33 25
15 17
19 13
31 17
46 25
87 41
0 60
162 78
199 97
230 113
251 128
261 134
257 134
244 128
222 119
187 105
150 87
111 66
68 46
46 31
19 21
17 17
17 19
44 29
64 37
82 41
3 50
175 64
214 99
240 121
3 128
253 130
257 130
240 128
208 121
173 103
134 80
93 56
64 41
37 29
19 19
17 11
27 11
46 19
68 33
117 54
154 76
191 93
222 109
248 123
9 134
259 138
248 132
226 121
195 107
158 89
119 72
78 52
52 33
31 21
17 13
19 11
33 17
60 29
93 44
130 62
169 82
205 101
234 117
253 128
261 134
257 134
242 128
216 119
181 101
142 82
105 62
70 44
41 29
25 19
17 13
25 15
42 23
72 37
107 54
148 76
189 101
214 111
232 109
251 109
261 121
255 134
232 130
201 111
167 87
130 70
91 60
58 46
33 29
19 13
19 9
29 13
52 27
83 42
121 58
160 72
197 91
228 113
250 128
261 134
259 134
246 128
222 119
189 107
152 91
113 68
76 48
46 31
25 19
17 15
23 15
37 19
64 29
97 44
138 66
175 87
210 105
238 119
5 128
253 134
255 134
222 126
203 115
177 99
136 80
97 60
64 42
39 27
23 17
17 13
27 15
46 23
78 37
115 54
152 74
189 95
224 115
253 134
261 142
251 132
238 117
224 107
199 99
160 89
119 70
83 48
54 31
35 23
19 21
21 21
33 21
58 27
89 42
128 62
166 83
203 99
224 113
1 123
261 132
257 134
242 128
216 117
183 99
146 82
99 66
70 48
42 31
25 17
17 11
23 11
41 19
70 35
105 52
142 70
181 87
216 105
242 123
257 132
261 136
251 132
232 125
205 113
169 97
130 78
91 58
60 39
35 25
19 15
17 13
29 15
52 25
83 41
119 56
158 76
197 97
228 115
250 128
261 134
261 138
248 134
228 132
193 119
144 82
95 46
76 29
52 27
31 27
17 19
19 7
37 9
66 27
99 54
134 76
171 87
207 99
238 113
253 130
259 138
253 134
240 125
212 111
177 97
138 82
101 64
66 44
39 27
21 15
17 11
25 15
46 23
74 35
111 52
17 70
187 91
220 111
236 125
257 132
261 134
250 132
228 125
199 109
162 89
123 70
87 54
54 37
31 23
19 13
19 11
33 17
56 27
89 42
126 62
166 80
201 97
232 115
253 128
261 136
257 136
244 130
220 119
187 107
152 91
113 76
68 50
33 19
17 1
15 0
23 7
41 21
66 33
103 44
142 62
183 89
216 113
242 126
255 132
261 132
255 132
234 128
205 115
169 95
132 74
93 54
60 39
35 27
21 17
19 13
29 13
48 23
17 31
117 56
33 76
195 95
224 113
240 126
9 134
257 136
248 132
224 123
193 107
156 89
117 68
80 48
48 33
29 21
19 15
19 13
35 17
60 31
95 46
125 64
171 83
207 101
236 119
250 128
261 134
257 134
242 130
212 117
177 99
140 82
95 64
68 46
41 31
25 23
23 25
19 17
33 5
64 11
111 39
152 74
185 97
216 107
244 115
261 126
263 140
251 144
220 130
201 109
164 87
125 72
87 58
54 41
31 21
19 1
19 7
31 15
54 29
87 42
125 58
164 76
199 97
230 117
251 130
261 134
259 134
246 128
220 119
187 105
148 85
111 64
74 46
44 29
25 17
17 13
25 15
39 21
66 31
101 48
140 68
179 87
212 105
238 119
257 128
261 134
253 134
236 126
207 115
173 97
134 78
95 58
62 41
37 27
23 19
19 15
29 17
56 33
80 44
107 50
144 60
189 78
226 103
248 126
259 134
259 130
250 126
228 121
197 113
158 97
117 72
82 48
52 33
29 23
17 15
19 11
33 15
60 25
91 42
130 64
169 83
205 99
234 117
253 126
261 134
257 136
242 130
214 117
181 99
144 82
103 64
68 44
41 29
23 15
17 11
23 13
42 21
72 35
107 50
146 70
183 89
216 107
244 123
257 132
261 134
251 132
232 126
203 111
167 95
126 76
89 56
58 39
33 25
19 15
19 13
31 17
54 27
85 41
123 60
162 82
205 109
228 125
238 119
251 111
257 117
248 126
220 126
187 107
152 80
115 60
78 48
48 41
27 29
17 15
21 9
37 15
62 31
99 50
136 68
175 82
210 97
238 117
255 132
261 136
255 132
238 126
210 115
173 99
136 82
97 62
64 41
37 25
21 15
17 13
27 15
46 25
76 37
113 52
154 74
191 95
222 111
246 123
259 130
261 134
250 132
226 125
195 109
160 91
123 72
83 52
52 37
31 23
19 15
19 13
33 17
58 27
91 42
130 62
169 83
203 101
234 119
259 134
267 148
251 138
230 119
210 101
183 89
146 80
66 64
68 42
42 25
27 13
19 15
17 19
41 27
70 35
105 48
19 68
173 91
214 107
240 119
5 126
261 132
253 132
232 126
203 113
162 93
130 74
91 56
58 41
33 25
21 15
19 11
29 13
50 25
82 31
121 56
35 76
197 95
226 113
250 126
261 134
259 136
246 132
222 121
191 105
154 87
115 70
78 50
48 33
27 21
19 13
21 13
37 19
64 31
97 46
134 64
173 85
210 103
238 121
255 130
263 136
255 136
240 128
214 123
181 113
132 80
87 42
58 19
39 15
27 19
19 19
23 13
44 13
78 31
115 58
152 83
187 99
218 107
246 117
259 130
259 138
248 136
226 121
199 103
162 87
123 74
83 56
54 37
33 21
19 13
19 13
31 19
56 29
89 42
126 60
166 80
201 99
232 117
253 128
261 134
257 134
244 130
218 119
185 103
146 83
109 64
72 46
42 29
25 17
19 13
23 15
41 21
68 33
103 48
142 68
179 87
214 105
242 121
257 132
261 136
253 134
234 126
207 115
171 97
134 82
101 68
60 48
25 19
11 0
13 0
29 5
50 25
80 39
117 52
158 70
197 95
228 119
248 132
259 136
259 132
248 130
224 125
191 111
154 87
115 64
80 46
50 33
27 21
17 13
21 11
37 15
62 29
95 46
134 66
171 83
208 103
236 117
255 128
261 136
255 134
240 128
212 113
177 99
140 80
99 60
68 44
41 29
23 17
17 13
25 13
44 23
74 35
111 52
140 72
185 91
220 109
244 123
9 132
261 136
251 132
230 125
201 111
164 95
126 76
87 56
56 41
33 25
15 17
25 25
31 25
44 17
76 17
123 41
167 78
203 105
228 117
250 121
263 126
263 136
246 140
218 126
185 103
148 80
111 64
74 50
42 35
25 19
17 9
21 7
39 17
66 35
101 50
140 66
179 83
212 103
240 121
257 132
261 136
253 134
236 125
207 115
171 99
132 80
95 58
62 39
37 25
21 15
17 13
27 15
48 25
80 39
117 54
156 76
193 93
222 111
248 125
261 134
259 138
250 134
226 123
195 107
158 89
119 70
82 52
50 33
29 21
19 13
21 13
37 21
66 39
97 56
125 64
158 70
199 83
236 107
255 126
259 134
255 130
242 123
216 115
183 105
142 89
103 68
68 44
41 27
23 17
15 13
23 13
42 19
72 31
107 48
146 68
185 91
218 109
244 123
257 130
261 136
251 134
230 126
201 111
166 93
128 76
87 56
56 37
33 21
19 13
19 13
29 17
52 25
85 39
123 56
162 78
199 99
228 115
250 126
261 134
257 136
246 130
220 121
189 105
150 87
111 66
76 46
48 33
27 21
17 13
21 13
39 19
66 33
99 48
138 68
177 87
216 115
242 132
248 128
250 117
251 113
240 119
212 119
173 101
134 74
97 50
66 39
39 33
21 27
15 15
27 11
46 19
76 37
113 58
150 74
191 89
222 105
246 121
259 134
261 136
250 132
226 121
197 107
160 91
119 74
82 52
52 35
31 21
19 15
19 13
33 17
58 27
91 42
130 60
167 82
203 101
232 115
253 128
261 134
257 136
242 130
216 117
181 101
144 82
105 62
70 44
41 29
25 17
17 13
23 13
41 21
70 33
107 50
146 72
183 91
216 109
244 123
261 136
269 146
251 140
222 119
195 95
166 82
130 70
91 56
56 39
33 19
21 11
21 13
31 21
52 33
83 42
121 58
160 76
195 95
228 115
250 126
259 132
257 130
246 128
222 121
189 107
152 85
113 66
78 46
48 33
27 21
17 13
21 13
37 17
62 29
97 46
136 64
173 83
208 103
236 117
255 128
261 134
257 134
238 128
210 115
175 99
138 80
99 60
64 42
39 27
23 15
17 11
25 13
46 21
76 37
113 54
150 72
189 91
220 111
246 125
259 132
261 136
251 134
228 125
201 113
167 105
121 80
74 41
44 13
29 5
21 11
21 19
31 17
56 19
91 35
130 62
167 91
201 109
230 117
253 125
261 132
257 136
240 132
214 117
185 97
146 80
97 62
72 46
44 31
25 19
17 11
21 11
41 21
7 35
105 50
17 68
171 85
214 105
242 123
7 132
261 136
253 132
218 125
205 113
162 95
130 78
93 56
60 39
35 25
19 13
19 13
29 17
50 25
82 31
119 56
158 76
195 97
226 113
248 125
11 134
259 136
248 130
224 123
193 109
156 91
119 74
83 58
52 44
23 21
7 1
13 0
35 5
62 25
95 46
125 64
171 80
210 99
240 123
255 136
261 140
255 134
240 126
212 115
175 101
136 82
99 58
68 41
41 27
21 17
17 13
25 15
46 21
74 35
109 52
148 72
187 91
220 109
244 123
259 130
261 136
251 134
228 123
199 107
164 91
126 74
87 56
54 37
31 23
19 13
19 13
31 19
54 27
87 42
126 60
166 80
201 97
230 115
251 128
261 134
257 134
244 130
218 121
185 105
148 83
109 64
76 46
46 33
27 21
17 15
29 25
44 33
60 31
89 29
134 44
181 78
216 109
238 126
253 126
263 126
257 132
238 134
207 123
169 99
132 74
95 54
60 41
33 29
19 17
17 9
27 9
48 19
80 37
119 58
156 76
193 93
224 109
240 125
11 136
261 138
185 130
224 119
193 105
156 89
117 72
82 52
50 35
29 19
17 13
21 13
35 19
60 29
93 44
132 62
169 82
205 101
236 119
0 128
253 134
257 134
158 128
207 117
179 101
140 82
95 62
68 44
41 29
23 17
17 13
25 15
44 23
76 39
117 64
21 78
173 83
207 89
242 107
261 126
261 138
250 134
230 119
205 105
167 95
128 82
80 62
56 39
33 21
19 15
17 13
29 17
52 25
85 37
123 54
162 76
199 97
230 115
251 126
261 132
259 134
246 130
220 123
187 105
150 85
111 64
76 46
44 31
27 19
17 13
21 13
39 19
66 31
93 46
