450000 10000000 94371 22
212 103
236 117
251 128
257 136
253 132
246 123
228 117
201 109
167 97
134 78
101 58
72 42
44 31
29 21
19 15
19 13
31 15
50 23
78 37
109 52
142 70
175 85
207 101
232 115
251 126
259 134
257 136
248 130
232 123
207 113
175 99
142 82
107 64
78 46
50 33
31 21
21 17
19 13
29 15
44 23
70 35
101 48
134 66
169 83
201 101
228 115
248 126
259 134
263 140
257 146
234 132
199 99
173 76
150 70
121 70
83 60
54 37
35 17
25 11
21 17
25 25
39 27
64 29
95 39
128 60
160 83
191 99
220 111
244 119
255 126
259 134
253 136
240 128
218 117
189 103
158 87
123 74
91 58
62 41
39 25
25 17
19 15
23 15
37 17
58 25
87 41
121 60
154 78
187 93
214 107
240 119
253 130
259 134
255 134
244 128
224 121
197 109
166 93
130 76
97 58
66 42
42 29
27 19
19 13
21 11
33 19
54 27
82 41
113 56
148 74
185 97
212 117
226 119
236 115
3 115
251 123
250 130
156 123
201 107
173 89
142 78
107 66
74 52
48 37
31 21
21 13
19 13
29 17
46 25
74 35
105 46
138 64
171 82
203 101
230 115
248 125
257 130
259 134
251 134
234 126
208 115
179 99
146 83
111 66
80 48
56 37
35 23
21 15
19 11
27 15
44 23
68 35
97 48
130 62
164 80
197 95
224 111
244 123
255 130
259 134
253 132
238 126
214 117
187 101
156 87
119 72
87 54
60 39
39 27
25 19
19 15
23 15
39 23
62 35
93 56
117 58
146 58
183 70
220 99
244 125
253 136
259 130
257 126
244 125
222 123
195 117
158 97
126 72
93 52
64 41
41 33
25 23
17 11
21 7
35 13
56 27
83 42
115 56
150 70
183 87
212 105
236 121
251 128
261 134
257 134
246 130
226 121
201 109
169 93
134 78
101 60
72 44
46 33
29 23
19 15
19 13
31 17
50 27
76 39
107 52
142 68
177 87
207 103
230 117
250 126
259 134
259 136
250 134
232 125
207 113
177 99
142 83
109 66
80 50
46 39
39 35
21 23
11 9
17 0
33 7
72 27
103 50
7 68
166 80
201 95
228 113
248 130
259 138
259 138
251 132
236 123
212 115
183 105
150 87
115 66
83 46
56 33
37 25
21 17
19 13
25 11
41 17
64 31
93 46
126 64
160 78
193 95
220 111
242 123
255 132
259 134
253 132
240 126
218 117
191 105
158 89
123 72
89 52
62 39
41 27
25 19
19 15
23 15
37 19
58 29
85 42
119 58
154 76
185 91
214 107
238 119
253 128
261 134
257 134
246 130
224 121
199 109
166 95
136 85
99 68
62 39
35 9
23 0
21 7
25 19
33 23
50 23
80 31
113 50
148 76
179 97
208 107
232 113
251 123
259 132
257 138
246 132
228 121
205 107
173 93
138 78
107 64
76 46
50 31
31 21
19 15
19 13
29 17
46 25
72 35
103 48
138 68
169 83
201 99
228 111
250 125
259 132
257 136
250 132
236 125
210 115
179 101
146 83
115 66
82 50
54 35
33 23
21 15
21 13
27 15
42 21
66 31
97 46
130 64
164 80
195 97
222 111
246 125
257 134
263 140
257 142
236 132
207 111
179 87
152 74
123 64
89 54
58 39
37 23
25 13
21 13
27 19
39 25
60 33
89 42
123 58
156 78
187 95
216 107
240 117
253 126
259 130
255 132
244 130
222 121
193 107
162 89
128 76
95 60
66 42
42 29
25 17
19 11
23 13
35 19
54 27
82 41
115 54
148 72
181 89
210 105
236 119
253 128
259 134
257 134
246 130
228 123
203 111
169 95
134 78
103 62
72 44
46 31
29 21
19 15
21 13
31 17
48 23
78 37
109 54
142 72
173 87
207 105
238 130
248 134
248 123
250 109
250 113
236 123
208 119
175 99
142 74
111 56
82 48
52 42
31 33
21 17
19 7
29 11
44 23
68 39
99 48
132 60
166 76
197 95
226 115
246 126
257 130
259 132
253 130
238 126
214 119
183 103
150 83
117 66
85 52
56 39
35 25
23 15
19 13
25 13
41 21
64 31
93 46
125 60
160 78
191 95
218 109
244 123
255 130
259 134
255 132
242 126
220 119
191 107
158 91
125 72
93 56
64 41
41 29
25 21
19 15
23 13
37 21
62 35
91 52
113 60
140 62
177 72
214 93
240 117
253 130
259 132
257 130
248 126
226 123
199 117
167 101
132 78
99 58
70 42
44 31
27 21
19 13
19 9
31 13
52 23
80 39
111 54
144 70
177 87
208 103
234 119
250 128
257 134
259 134
248 130
230 123
203 111
173 97
140 80
107 64
76 46
48 33
31 21
21 15
19 13
27 13
48 23
74 37
103 52
136 66
169 82
203 99
228 115
246 126
257 132
259 132
251 130
236 126
210 115
181 103
148 85
115 68
82 50
54 37
35 27
25 25
25 27
21 17
31 5
58 7
95 35
132 66
164 85
193 95
222 103
246 117
259 134
261 144
253 138
240 126
216 113
187 103
154 91
121 74
87 52
60 35
39 25
23 19
17 17
23 15
39 19
60 29
87 42
121 60
156 78
189 93
216 107
240 121
253 130
261 134
257 134
244 128
220 117
195 103
164 91
130 76
95 60
66 41
44 27
27 19
19 15
21 13
33 17
54 25
82 39
113 54
148 72
181 89
210 105
236 119
251 126
259 134
257 134
248 132
228 125
203 113
173 99
142 89
105 72
66 44
37 19
25 5
19 5
21 11
29 17
48 23
76 33
109 50
142 72
173 91
203 105
230 115
250 125
257 134
257 138
250 132
232 123
208 109
177 97
144 83
109 64
78 46
52 33
35 23
21 17
17 13
27 17
44 21
68 33
99 46
130 62
167 82
199 99
224 113
244 125
257 132
261 134
253 134
238 126
214 117
185 101
152 85
117 68
85 50
58 35
37 25
23 17
17 13
25 15
41 21
64 33
91 44
125 62
160 80
191 95
218 109
242 123
255 132
261 136
255 134
246 134
224 130
185 103
148 70
121 50
95 46
68 46
41 35
23 15
19 5
25 11
37 25
56 39
83 46
117 54
152 68
183 89
212 109
236 121
253 126
259 128
255 130
244 128
228 123
201 111
167 95
132 76
99 60
70 46
46 33
27 21
19 13
21 11
33 15
50 25
78 37
109 52
144 68
177 85
207 103
232 117
250 128
251 132
257 132
248 128
232 125
207 115
175 99
140 80
99 62
78 48
50 35
31 25
19 15
19 13
29 15
46 25
72 37
103 50
138 66
171 85
203 103
234 126
248 134
248 128
250 119
248 115
236 117
210 113
181 99
148 82
117 62
85 50
58 42
35 31
21 19
19 13
25 13
41 21
64 33
93 44
128 60
162 78
193 93
222 111
244 123
255 130
261 134
253 132
240 126
218 117
189 103
156 87
123 70
89 54
62 41
39 27
25 19
19 13
25 15
37 19
58 29
89 42
121 58
154 76
185 93
216 109
240 121
253 130
259 134
255 132
246 130
224 123
195 109
164 91
130 76
97 58
66 42
44 31
27 19
19 15
21 15
35 19
54 29
82 42
119 66
148 82
171 82
191 83
232 97
253 123
261 140
255 136
246 125
232 115
205 109
171 101
136 85
105 66
74 44
48 29
29 21
19 17
19 15
29 15
46 19
66 33
105 50
138 68
173 83
205 97
230 113
0 126
259 136
259 136
250 132
234 125
208 115
177 93
144 83
111 64
78 46
52 33
33 23
21 17
19 13
27 15
13 21
68 33
99 48
132 66
166 82
197 97
224 111
246 125
257 132
259 136
253 134
238 126
214 117
185 103
154 87
119 70
87 52
60 39
39 29
27 23
25 25
23 21
29 13
52 15
89 31
126 54
158 78
189 93
218 105
244 117
257 130
261 138
255 140
242 130
220 119
191 105
160 91
125 76
91 56
64 37
41 23
25 15
19 15
23 15
35 17
56 27
83 41
117 56
150 76
183 89
212 105
236 117
251 126
259 134
257 134
246 130
224 121
199 107
169 93
134 80
101 62
70 44
46 29
29 21
19 15
21 13
31 17
50 25
78 39
109 52
142 70
175 87
207 103
232 117
250 126
259 132
259 134
250 132
232 125
207 113
175 101
142 83
109 68
83 60
50 42
21 13
11 0
15 0
31 11
48 29
70 39
101 46
136 60
171 83
203 109
218 125
246 128
7 128
259 130
251 134
218 128
203 115
181 93
150 80
111 66
83 52
48 39
35 25
23 15
19 11
23 15
41 21
64 31
95 44
126 60
162 80
193 97
220 113
244 123
255 130
259 134
255 134
240 128
216 119
189 105
158 87
123 72
89 54
62 39
41 27
25 17
17 13
23 13
37 19
60 29
87 42
119 58
154 74
185 89
216 109
238 123
253 130
261 134
259 136
248 136
228 130
191 111
154 82
123 58
97 46
70 41
44 29
25 17
19 7
23 9
35 19
54 33
82 44
111 54
146 68
171 87
205 105
232 119
0 125
259 130
257 132
248 130
228 123
203 111
173 95
138 80
105 62
74 46
48 33
31 21
19 13
19 13
29 15
48 23
74 35
103 48
138 66
171 82
201 99
228 113
250 125
259 134
259 136
251 132
234 125
210 115
179 101
146 83
111 64
82 48
54 35
33 25
21 17
19 13
27 15
44 23
68 35
97 48
130 64
158 80
197 97
222 113
248 128
263 146
257 140
242 119
230 103
216 101
191 105
154 95
117 70
87 44
62 31
41 29
25 27
17 21
15 13
39 15
60 27
87 44
121 62
156 74
189 89
218 105
240 121
3 132
261 136
255 132
242 126
220 119
193 107
160 93
126 74
93 56
64 41
42 29
25 19
19 13
23 13
35 17
46 27
83 33
117 56
150 74
181 89
212 103
236 119
0 130
251 134
257 134
179 130
228 123
201 111
169 95
134 78
101 60
72 44
31 31
21 21
21 15
21 13
31 17
46 27
78 41
113 62
146 80
167 85
195 87
226 99
250 119
259 132
257 134
248 126
232 119
208 111
179 103
142 87
107 68
78 44
52 31
31 23
19 17
19 15
27 15
44 19
70 31
101 48
134 66
167 82
199 97
226 111
246 123
257 132
259 136
253 132
236 125
212 115
183 103
150 87
117 70
83 50
56 37
35 25
21 15
19 13
25 15
41 21
62 31
95 44
126 62
160 80
193 95
218 109
242 121
257 130
261 136
253 134
242 128
220 119
191 107
158 91
125 74
91 56
62 41
41 27
25 19
19 17
29 23
42 33
52 31
74 25
113 35
154 62
189 93
214 113
236 117
253 119
261 126
259 140
246 140
224 126
197 107
166 89
132 76
99 62
68 46
42 27
27 13
19 9
21 13
33 19
52 27
80 37
111 52
146 72
177 89
208 105
234 117
250 126
250 130
257 132
250 132
230 125
203 111
171 95
140 80
97 64
76 48
48 33
31 21
21 13
21 13
29 15
46 23
9 33
101 50
13 68
156 85
203 99
220 115
248 126
257 132
259 134
251 130
234 125
210 115
181 103
148 87
115 72
87 60
56 44
25 23
11 3
13 0
27 5
42 17
66 33
95 44
130 58
167 78
197 99
224 119
244 128
257 130
259 132
253 132
238 128
214 117
185 99
156 83
121 68
87 54
60 39
39 25
25 15
21 13
23 15
37 21
60 31
89 42
123 58
156 76
189 93
216 107
240 121
255 128
259 132
255 132
244 130
222 121
193 107
162 89
128 74
95 56
66 42
42 29
27 19
19 13
21 13
35 17
54 27
83 41
115 54
148 70
181 87
212 105
234 119
251 126
259 134
259 136
248 134
228 126
205 117
173 107
126 74
91 42
68 23
50 23
33 25
19 21
17 11
31 7
52 21
78 42
107 60
140 74
173 83
207 97
230 115
248 128
257 134
259 132
251 128
232 123
207 113
177 101
144 83
111 64
78 46
52 35
33 23
21 15
19 11
27 13
44 23
70 35
99 50
132 64
167 80
199 95
226 113
246 126
257 132
259 132
253 130
238 126
214 117
183 103
150 85
119 68
85 52
56 39
37 27
23 17
19 13
25 13
41 21
64 33
93 46
125 60
160 78
193 95
220 111
246 126
263 142
259 142
244 126
232 113
218 103
193 99
158 87
123 70
89 50
64 35
44 29
27 27
19 21
23 15
37 17
58 27
85 42
115 58
150 72
183 87
214 103
236 119
251 128
259 134
257 134
244 128
224 121
199 111
166 97
132 78
99 58
70 41
44 31
27 21
19 13
21 11
33 15
52 23
78 39
109 52
144 70
177 85
208 103
232 115
250 126
259 134
259 136
248 130
228 123
205 111
175 99
140 83
105 64
76 44
52 33
33 23
21 19
19 13
29 15
48 23
72 37
103 52
138 68
177 95
203 111
218 107
234 101
255 113
263 132
253 140
232 128
210 111
183 93
150 85
115 76
82 58
54 37
33 19
21 11
19 13
25 21
41 23
64 27
95 39
130 60
164 83
195 99
222 111
244 121
257 128
259 136
253 134
236 126
218 115
189 103
156 89
121 72
89 54
62 39
39 27
23 19
17 13
25 15
39 19
60 29
87 42
121 58
156 76
187 93
216 107
240 121
253 130
259 132
255 132
244 128
222 121
195 109
164 93
128 74
97 58
68 42
42 29
25 17
21 15
27 19
41 31
52 33
70 31
105 37
146 56
183 83
210 107
234 117
251 123
261 126
259 132
250 134
228 130
201 113
169 93
136 76
103 62
72 48
46 33
27 15
19 9
21 11
31 19
48 27
76 35
107 50
140 68
173 87
205 103
230 117
250 126
257 130
257 132
251 132
234 126
208 115
177 99
144 82
111 66
80 50
52 35
31 21
21 13
19 11
27 17
44 25
68 35
99 46
132 64
166 82
197 99
224 113
246 123
257 130
259 132
253 132
238 128
214 117
185 103
154 85
119 70
87 56
58 41
41 37
23 25
9 3
15 0
37 3
66 27
93 50
125 62
158 72
193 87
222 109
242 128
253 136
259 134
255 130
234 125
220 121
189 109
158 89
126 68
93 50
64 39
39 27
25 19
19 13
23 13
35 17
56 29
85 42
117 58
150 74
183 89
212 105
236 119
251 128
259 132
257 134
246 130
226 121
199 109
167 93
134 76
99 60
70 42
44 29
29 21
19 15
21 13
31 17
50 25
78 39
109 52
144 70
175 85
207 101
232 117
251 128
259 134
259 136
250 132
232 126
210 119
179 109
136 83
95 52
68 29
48 21
33 19
21 17
17 11
27 9
46 17
76 37
103 56
136 74
169 83
201 95
226 111
248 126
257 134
257 134
251 128
236 123
210 113
181 101
150 85
115 66
83 50
54 35
35 25
21 19
19 13
25 13
41 19
64 31
95 46
128 62
162 78
193 93
222 111
242 123
255 130
259 132
255 132
240 128
216 119
187 105
156 87
123 72
89 56
60 41
39 27
25 17
19 13
23 15
37 19
58 29
87 42
121 58
154 76
187 93
216 109
238 123
3 130
263 138
261 146
240 126
210 105
189 83
158 78
132 76
97 64
66 42
42 21
29 13
21 19
21 23
33 25
52 25
82 33
113 52
146 74
179 91
210 103
234 113
251 125
259 132
257 136
248 132
228 121
201 105
173 93
138 82
105 64
72 46
48 29
31 19
21 15
19 15
29 15
48 23
74 35
105 50
138 68
173 85
205 101
230 115
248 125
259 132
259 134
251 132
234 125
208 113
179 99
144 83
111 64
80 50
54 37
35 25
21 15
19 13
27 15
44 25
68 35
99 50
125 66
171 89
201 109
216 113
232 109
251 111
259 123
255 132
238 128
205 113
187 97
156 85
121 74
87 60
58 42
37 27
23 15
17 13
21 13
39 19
62 29
91 41
123 56
158 76
191 95
218 109
240 121
255 128
261 134
255 134
242 130
220 119
193 105
162 91
126 74
93 56
64 39
42 27
25 21
17 13
21 13
35 17
56 29
83 41
115 56
150 72
183 89
212 105
236 119
251 128
259 134
257 134
179 130
226 121
201 109
169 93
134 78
101 60
70 44
46 31
29 19
21 15
23 15
31 19
52 31
83 50
93 54
130 50
171 64
208 93
234 121
250 132
257 130
259 126
251 128
234 128
207 123
175 103
142 80
107 60
76 46
50 37
29 25
19 13
19 5
29 11
46 25
70 37
101 50
134 64
169 80
201 99
226 115
246 126
257 132
259 132
251 132
236 126
212 117
183 101
150 83
115 66
83 50
56 37
37 25
23 17
19 13
25 15
41 19
66 31
95 46
126 64
162 80
193 95
222 109
242 123
257 132
259 134
253 132
240 126
218 117
189 105
158 91
123 74
91 56
64 44
48 39
25 27
9 9
13 0
33 1
60 21
87 41
119 58
154 72
187 85
216 105
240 123
255 136
259 138
255 132
244 126
224 121
195 109
164 93
130 72
97 56
68 41
42 29
27 19
19 13
21 11
33 17
52 25
80 39
113 54
146 68
171 85
208 103
234 119
251 128
259 134
257 134
248 128
230 123
203 113
171 97
138 80
105 62
76 46
48 33
29 21
19 13
21 13
29 17
46 25
72 35
105 50
140 68
171 85
201 99
228 115
0 125
261 134
259 136
250 134
218 126
203 115
181 103
148 95
115 78
72 42
42 13
29 3
25 9
21 19
25 19
41 17
68 23
99 44
132 72
164 91
195 101
222 107
244 119
255 130
259 136
253 134
238 125
214 113
185 101
154 87
119 72
87 52
60 35
37 25
23 17
19 15
23 15
39 19
60 27
91 42
123 60
156 78
189 91
216 107
240 121
255 130
259 134
255 132
242 126
222 119
193 107
162 91
126 76
95 58
66 41
42 29
25 19
19 13
23 13
35 17
54 27
83 41
117 56
150 72
183 89
212 105
236 119
253 128
263 138
263 146
244 136
214 113
191 91
167 80
138 76
101 64
68 44
44 25
31 15
23 17
21 21
31 23
48 25
78 35
107 50
140 70
173 87
205 101
230 113
250 123
257 130
257 134
250 132
169 125
207 111
175 95
142 82
111 66
78 50
50 35
31 21
21 15
19 13
27 15
44 21
70 33
101 48
132 66
167 82
199 99
226 113
246 125
257 132
259 134
253 132
238 126
212 115
183 101
152 85
117 68
83 52
56 35
37 25
25 19
19 15
25 15
41 19
64 31
93 46
126 64
160 78
195 97
228 123
240 128
244 119
251 111
253 117
246 128
220 125
189 105
158 82
126 66
95 58
64 50
39 37
25 19
19 7
23 9
35 19
56 31
85 42
119 54
152 68
185 87
214 109
238 123
253 128
259 132
257 132
246 132
224 123
197 107
166 91
132 74
99 58
68 42
42 29
29 19
21 13
21 13
33 19
52 25
80 39
111 54
144 72
177 87
208 103
232 117
250 126
259 134
259 136
248 132
228 123
205 111
173 97
140 82
97 64
74 46
48 31
31 21
21 15
21 15
31 19
52 31
76 46
97 52
126 56
166 68
203 89
230 113
246 126
257 128
261 128
253 130
236 128
210 121
179 105
148 83
113 66
82 48
52 37
33 25
21 13
17 5
25 9
44 21
66 35
97 48
130 60
164 78
197 95
218 113
236 125
5 130
251 132
250 132
238 128
216 117
187 103
154 87
121 70
87 54
60 39
39 27
25 19
19 13
23 13
39 19
60 29
91 42
123 58
156 76
187 93
216 109
240 121
255 130
259 134
255 134
242 130
220 119
195 105
164 91
128 76
95 58
66 42
44 31
31 27
23 29
15 15
21 0
48 3
83 27
117 56
148 78
181 87
210 97
238 113
255 132
261 144
257 140
246 128
226 117
201 109
169 97
134 80
101 58
72 39
46 27
29 21
19 15
19 13
31 15
48 23
76 35
107 54
140 68
173 83
207 101
232 117
248 126
259 134
259 134
250 130
232 123
207 113
177 99
144 82
109 64
78 46
52 35
33 23
21 15
19 13
27 15
44 23
68 33
99 48
132 66
167 82
199 97
226 111
246 125
257 134
259 136
253 134
238 126
216 119
187 107
158 97
119 78
76 46
46 21
31 7
25 9
21 13
23 15
39 17
64 25
95 42
126 66
160 85
191 99
218 107
242 119
255 130
259 138
253 134
240 126
220 115
191 103
158 91
125 74
93 56
64 41
41 27
25 19
19 15
23 15
37 19
56 27
85 41
117 58
152 76
185 91
214 105
238 119
3 128
251 132
255 125
246 130
226 123
199 109
166 95
132 76
101 60
70 44
44 31
27 19
19 13
21 13
33 17
50 27
78 37
111 52
144 70
177 87
207 103
234 117
251 128
259 134
259 136
253 140
232 132
195 105
164 76
138 60
109 58
78 52
48 37
29 17
21 7
23 11
31 23
46 33
70 37
103 44
138 62
169 83
199 103
226 115
248 123
257 126
259 132
251 134
234 128
210 113
181 97
150 83
115 70
82 54
54 37
35 23
23 15
19 13
25 17
41 23
64 31
95 44
128 62
162 80
195 95
222 111
244 121
255 130
259 134
255 134
240 128
216 117
187 103
154 87
121 70
89 54
62 41
39 29
25 19
19 13
25 15
39 21
60 31
89 44
121 60
156 78
191 99
226 123
236 125
244 121
251 115
255 119
246 125
222 123
193 107
162 85
132 70
99 60
68 48
42 37
25 19
19 11
21 11
31 19
52 29
82 41
113 52
146 68
171 87
210 105
234 121
251 126
259 130
257 132
248 132
228 125
203 111
169 93
136 76
103 60
74 46
46 33
29 19
19 13
21 11
29 15
48 25
76 37
107 50
140 66
173 83
203 101
230 117
250 126
257 132
259 132
250 132
234 126
208 115
177 99
144 82
111 64
78 48
52 35
35 25
23 17
19 15
27 17
44 23
72 39
105 64
128 72
154 66
189 72
224 97
248 125
257 138
257 134
253 123
240 121
216 119
185 113
152 93
119 68
85 46
56 33
37 27
23 21
19 15
23 9
39 15
62 29
91 46
125 62
158 76
191 89
220 109
242 123
255 132
259 134
255 132
242 126
220 119
191 107
160 89
126 72
93 56
64 41
41 29
25 19
19 13
21 11
35 17
58 29
83 42
117 58
150 72
185 91
214 107
236 121
253 128
259 132
257 132
246 130
226 121
199 109
167 93
134 78
101 60
70 44
46 33
35 29
25 25
13 13
19 1
46 5
80 27
111 52
142 70
175 83
207 95
234 113
251 132
261 142
259 140
248 130
230 121
205 111
173 101
140 83
107 62
76 42
50 29
33 21
21 17
19 15
29 13
46 21
62 35
101 48
136 66
169 83
201 99
226 113
246 125
257 132
259 134
251 132
234 125
210 113
181 101
150 83
115 68
82 50
56 35
35 23
21 15
17 13
25 15
41 21
66 33
95 48
126 62
162 78
193 95
222 111
244 123
255 132
259 134
255 134
240 130
218 121
189 107
158 91
126 82
93 68
54 37
27 7
19 0
21 3
27 17
37 25
58 27
87 35
123 54
158 82
187 103
214 111
238 115
255 125
259 132
255 138
242 130
220 117
197 103
166 89
130 78
97 60
68 42
44 27
27 17
19 15
21 15
33 19
54 25
80 37
111 52
148 72
181 89
210 103
234 117
251 125
261 132
259 136
248 132
228 123
203 111
171 95
138 80
103 62
74 44
48 31
29 21
19 15
21 13
31 17
48 25
74 37
105 50
138 68
173 85
205 101
230 117
248 126
259 134
261 140
257 142
232 132
199 109
169 83
142 68
113 58
82 50
52 37
33 19
23 11
21 11
29 21
44 29
66 35
97 44
130 60
166 80
195 99
222 113
244 121
257 126
259 132
253 132
238 126
216 117
187 103
154 87
119 72
87 54
58 39
37 25
23 15
19 13
25 15
39 21
60 29
91 42
125 60
158 78
189 93
218 109
242 121
255 130
259 134
255 134
242 128
220 119
193 105
160 89
126 72
95 58
64 42
41 29
25 19
19 13
23 13
35 19
48 29
83 41
117 56
150 74
183 91
212 109
242 130
1 138
248 123
246 109
246 111
232 121
201 119
166 97
134 70
103 52
74 46
46 41
27 31
19 15
21 7
31 11
50 25
76 41
109 54
142 66
175 80
207 99
232 119
250 128
259 132
259 132
250 128
162 125
207 115
175 99
140 78
109 60
78 46
50 37
31 25
21 15
21 11
29 15
44 25
70 35
101 48
136 64
169 82
199 99
226 113
248 125
257 132
259 134
251 132
236 126
212 117
183 101
150 85
115 68
83 50
56 37
37 25
23 19
19 15
25 15
42 23
70 39
99 58
123 66
150 68
185 76
222 97
244 119
255 132
257 132
255 126
244 125
220 123
191 113
156 95
123 72
91 52
62 39
39 29
23 19
19 13
23 9
37 15
58 27
87 42
119 60
154 74
185 89
216 107
238 121
253 130
259 134
257 132
244 128
224 121
197 109
164 93
130 74
97 58
68 42
42 29
27 19
19 13
21 11
33 17
52 27
80 41
113 54
146 72
179 87
210 105
234 119
250 126
259 132
259 134
250 132
230 125
203 113
171 97
140 80
93 64
74 48
48 35
31 23
25 21
25 27
23 17
35 5
66 9
107 37
142 72
171 91
201 99
230 105
251 121
261 138
259 144
250 138
234 123
208 107
179 97
146 85
111 70
80 48
52 29
33 19
23 15
19 17
25 15
42 19
68 29
97 46
130 66
166 83
197 97
224 111
244 123
255 130
259 134
253 132
238 126
216 115
185 103
154 87
121 72
87 54
58 37
37 25
25 17
15 15
15 15
39 19
62 29
89 42
123 60
156 76
191 93
218 111
240 123
255 130
261 134
257 136
244 130
220 121
195 107
164 93
136 83
97 66
56 39
31 13
23 1
21 5
23 13
33 19
54 23
83 35
119 54
150 78
183 97
210 109
236 117
253 126
259 134
257 136
246 130
226 121
199 107
169 93
134 80
101 62
72 42
46 29
29 19
19 15
19 15
31 17
50 25
76 37
107 52
15 68
175 78
205 93
232 115
250 125
257 130
259 136
250 134
232 125
207 113
177 99
144 82
109 66
78 48
52 33
33 21
21 15
19 13
27 15
46 23
70 33
101 48
134 66
167 82
201 99
226 115
246 125
259 132
261 136
253 136
242 136
214 126
175 97
140 66
113 48
87 46
58 44
35 29
19 11
19 1
29 13
44 29
64 42
91 48
125 56
160 74
191 95
218 115
242 123
255 126
259 128
255 130
240 130
216 119
193 105
160 87
125 72
91 56
62 42
41 29
25 19
17 13
23 13
37 19
58 29
85 41
119 56
29 74
185 91
214 107
238 119
3 128
251 134
257 134
244 130
224 121
197 107
166 93
130 76
99 60
70 44
44 31
27 21
19 15
21 13
33 19
52 27
80 39
111 54
146 72
179 91
212 109
238 128
246 130
248 123
251 119
248 119
230 119
205 111
173 95
138 74
107 58
78 46
50 39
31 29
19 17
19 11
29 13
46 25
70 35
103 48
7 64
169 80
203 99
220 115
248 126
9 132
259 134
251 132
234 126
203 115
181 101
142 83
113 64
82 48
48 37
35 25
21 17
19 11
27 13
42 21
66 33
95 46
128 62
164 80
197 95
222 111
244 123
257 130
259 134
253 132
240 126
216 117
187 103
154 87
121 70
87 52
60 39
39 25
25 19
19 15
25 17
39 21
60 33
91 48
126 74
152 82
175 76
208 82
240 105
257 130
259 140
253 132
244 119
226 113
197 111
164 103
126 80
95 56
66 37
41 25
23 19
19 17
21 13
33 13
54 21
82 39
115 58
150 74
181 89
210 101
236 117
251 128
259 136
255 134
246 126
228 121
201 111
169 97
136 78
103 60
72 44
46 31
29 23
19 15
21 13
29 15
50 23
76 39
107 54
140 68
173 85
205 101
232 115
250 126
259 134
259 134
250 130
232 125
208 115
177 101
144 83
111 64
80 50
52 37
35 27
27 27
23 23
19 13
33 7
62 13
101 39
136 64
166 83
197 95
226 107
248 123
259 138
259 142
251 136
238 125
214 113
183 101
150 87
117 70
83 50
56 33
31 21
15 17
19 13
25 15
39 19
62 29
93 44
125 62
160 78
193 95
220 109
242 121
5 130
251 134
251 132
242 128
218 119
187 105
158 89
125 72
91 54
62 39
41 27
27 19
19 15
23 15
35 19
56 27
85 41
119 58
150 74
183 89
214 105
238 121
253 130
259 134
257 134
246 130
226 123
199 111
166 95
134 78
105 70
72 56
37 27
15 0
15 0
23 5
35 23
50 31
78 35
111 44
146 68
179 93
208 113
232 119
250 123
259 126
259 134
248 136
230 126
205 109
173 91
140 76
107 64
76 50
48 33
31 19
21 13
21 13
29 19
46 25
72 33
103 48
136 66
169 83
201 101
228 115
246 125
255 130
259 132
251 134
236 128
210 115
181 99
150 83
115 68
82 52
54 37
35 23
23 15
19 13
25 15
41 21
66 33
97 46
128 64
162 80
195 97
224 113
244 125
257 132
261 136
257 138
244 138
214 123
177 95
148 72
121 58
91 48
60 39
37 25
23 13
21 11
25 15
39 25
60 35
87 46
121 58
154 74
187 91
216 109
238 121
253 126
259 130
255 132
244 130
222 121
195 105
164 89
130 74
97 60
66 46
44 31
27 19
19 13
21 15
33 19
54 27
82 39
113 54
146 70
181 89
210 105
234 119
251 126
259 132
257 134
248 132
228 123
201 111
171 95
136 78
103 60
74 46
48 33
29 21
21 13
19 13
31 17
48 25
76 37
107 52
140 68
173 85
205 103
232 119
255 138
257 138
248 121
242 109
232 109
210 113
179 107
142 83
111 60
82 42
56 37
35 33
21 25
17 13
27 9
44 17
68 33
97 50
130 64
166 78
197 93
224 111
244 126
257 134
259 134
253 132
238 125
214 117
185 105
152 87
117 68
83 50
58 37
37 27
23 19
17 13
23 11
41 19
64 33
91 46
125 62
158 76
191 93
220 109
240 123
255 130
259 134
255 132
242 128
220 119
193 107
160 91
126 74
91 56
64 41
42 29
27 21
19 15
23 15
37 19
58 33
89 50
119 68
142 72
173 76
207 87
238 109
253 126
259 134
255 130
246 125
228 119
201 113
169 101
134 82
99 60
70 42
44 31
27 21
17 13
19 11
31 13
50 23
78 37
109 52
144 62
177 85
207 103
232 117
250 126
259 134
259 136
248 130
230 123
205 113
175 99
140 82
107 62
76 46
50 33
31 23
21 15
19 13
29 13
46 21
72 35
101 50
136 68
169 82
201 97
228 113
248 126
259 134
259 134
251 130
236 125
212 115
181 103
150 85
115 66
83 50
56 37
35 27
23 19
23 21
31 27
33 19
52 9
89 23
130 54
166 85
193 101
218 107
244 113
259 128
261 142
253 144
238 132
216 115
191 99
156 89
121 76
89 56
60 37
39 21
23 13
19 13
23 17
39 21
60 27
87 41
121 58
156 78
187 95
214 109
238 119
253 128
259 134
255 136
244 130
222 121
197 107
164 91
130 76
97 58
68 42
44 29
25 19
19 13
21 15
33 17
52 27
82 39
113 54
146 72
179 89
208 103
236 117
251 128
259 136
257 136
248 130
230 123
205 113
173 99
140 85
111 74
72 52
39 25
19 5
17 0
23 7
31 17
46 23
72 31
107 46
142 68
173 91
203 107
228 117
250 125
259 130
257 136
250 134
232 125
208 111
177 95
144 82
111 66
80 50
52 35
33 21
21 15
19 13
27 17
42 23
68 31
97 46
130 62
166 82
197 97
224 113
244 123
255 130
250 132
253 134
240 130
216 117
185 103
154 85
121 70
87 54
58 39
37 25
23 17
19 13
25 15
39 21
62 31
91 44
125 60
158 78
191 95
218 109
242 123
5 130
251 136
255 136
244 134
226 132
189 115
142 80
117 50
93 41
68 41
42 35
25 21
17 7
23 7
1 19
48 37
21 50
115 58
148 68
181 85
212 107
236 123
1 128
250 130
257 128
248 128
226 123
199 109
169 93
134 76
101 60
70 46
46 33
29 21
21 15
21 13
31 17
48 25
78 37
109 52
142 68
175 85
207 103
232 117
250 126
257 132
257 132
250 130
232 125
207 113
175 97
142 80
109 64
78 50
50 37
31 23
21 15
19 13
27 15
46 23
70 35
101 48
134 66
167 83
201 101
232 121
250 134
250 130
250 121
246 115
236 115
212 111
181 99
148 82
117 64
85 48
58 41
37 31
23 21
19 13
25 13
39 19
62 31
93 44
126 60
160 76
193 91
220 109
244 123
255 132
261 134
255 134
240 128
218 119
189 105
158 89
123 72
89 52
60 37
41 27
25 19
19 13
21 13
37 19
60 29
87 42
119 58
152 74
185 91
214 107
238 121
1 130
251 134
257 134
244 128
224 121
197 107
166 91
130 76
97 58
68 42
46 33
27 23
19 17
21 15
33 19
46 29
80 42
117 62
23 83
171 85
199 83
228 95
1 117
261 136
257 140
246 128
230 115
207 107
175 95
138 89
105 68
74 42
33 27
31 21
21 19
19 17
19 13
48 17
0 31
103 50
136 70
171 85
203 99
228 111
248 125
259 134
259 138
251 132
234 123
210 111
181 99
146 85
113 68
80 48
54 35
35 23
21 17
17 13
27 15
44 23
68 33
97 48
130 64
166 82
197 99
224 113
244 125
7 130
259 134
250 134
222 126
216 117
187 103
156 89
121 72
87 54
60 39
39 29
27 23
25 25
23 19
29 13
52 13
87 29
125 54
158 76
187 93
216 103
242 117
257 132
261 140
255 140
242 130
220 117
193 105
162 93
126 76
93 56
64 37
42 25
25 17
19 15
21 13
35 17
56 25
82 39
115 54
150 74
183 91
212 105
234 117
251 126
259 134
257 136
246 130
226 121
201 107
169 93
136 80
101 62
72 44
46 31
31 21
19 15
21 15
31 17
50 17
13 37
105 50
15 68
175 78
207 103
232 117
250 126
259 132
259 136
250 134
232 125
208 113
177 99
142 82
111 68
83 60
52 42
21 13
9 0
17 0
31 11
46 29
68 37
99 42
136 56
169 82
199 105
224 121
246 126
257 130
259 132
251 134
236 128
212 117
183 99
150 80
117 66
83 52
58 39
37 25
23 15
19 11
25 15
41 23
64 33
93 42
126 60
160 78
191 95
220 111
242 123
255 128
261 134
255 134
242 128
218 119
191 105
158 89
125 72
91 56
62 41
39 27
23 15
19 13
25 15
37 21
48 29
85 42
119 58
154 76
185 93
214 107
238 121
253 130
261 136
257 136
250 136
230 132
193 111
154 82
125 58
99 46
64 41
44 33
25 17
19 7
23 9
31 19
52 33
78 44
111 54
144 68
177 85
208 105
232 119
250 126
257 128
257 130
248 128
228 123
205 111
175 95
140 80
99 62
76 48
50 35
31 23
21 15
19 13
29 15
46 23
72 35
103 50
11 68
169 83
201 99
228 115
248 125
7 132
259 134
251 132
218 126
203 115
179 101
142 82
115 66
82 52
46 37
33 25
21 17
19 13
27 17
42 21
66 33
97 46
128 62
164 80
197 99
224 115
246 130
261 146
253 134
242 115
234 105
218 107
189 107
154 91
119 68
89 46
64 37
41 31
25 29
17 21
23 13
37 15
60 27
87 44
121 60
156 74
187 87
216 105
240 121
255 132
259 134
255 132
244 128
222 121
195 107
162 91
128 74
95 56
64 41
42 29
27 21
19 17
21 13
33 17
54 27
83 42
115 56
148 72
179 87
210 103
236 119
251 128
259 134
257 132
248 130
228 123
201 111
169 95
136 78
103 60
72 44
48 31
31 21
21 17
21 15
31 17
50 27
80 41
115 64
140 78
164 78
195 83
228 99
251 119
257 132
257 132
250 126
236 121
210 115
179 105
144 89
111 68
80 48
50 33
31 23
21 17
19 13
27 13
44 19
70 31
99 48
132 64
167 82
199 95
224 111
246 125
257 132
259 134
253 132
238 125
212 115
185 101
152 87
117 70
85 52
56 37
37 25
23 17
19 13
23 13
41 19
64 31
93 46
125 62
160 80
191 95
220 111
242 123
253 130
259 134
255 134
242 128
220 119
191 105
160 89
126 74
93 56
64 41
41 29
27 21
21 17
27 25
35 27
46 17
5 19
115 33
29 70
185 97
212 109
236 113
3 121
263 134
259 142
244 138
224 123
197 103
166 89
132 78
68 62
68 44
44 25
29 15
19 13
21 15
31 19
52 25
78 37
109 50
144 70
177 89
207 105
232 115
250 125
259 132
259 136
248 132
230 123
205 109
175 95
140 80
107 64
76 48
50 33
31 19
21 15
19 13
29 17
46 25
72 35
103 48
134 64
171 83
203 101
226 115
246 125
259 132
261 136
251 134
234 126
210 115
183 101
150 87
119 74
87 60
50 37
25 11
15 0
19 1
27 11
41 21
64 31
95 41
130 58
166 82
195 103
220 115
244 123
257 130
259 134
253 134
238 128
216 115
189 101
156 85
121 70
89 54
60 39
39 25
25 17
17 13
23 13
39 19
60 29
87 42
121 58
154 76
187 93
216 107
238 119
253 126
261 132
257 134
244 130
222 119
195 107
164 91
128 76
95 58
66 42
42 29
27 19
19 13
21 13
35 17
54 27
82 39
113 54
148 72
181 89
210 105
234 119
251 128
259 134
257 136
248 132
234 130
207 125
164 95
125 60
99 39
76 35
50 37
31 27
17 11
21 3
33 11
52 31
76 46
105 56
140 66
173 80
205 99
228 119
248 128
257 132
257 130
250 128
232 123
208 117
179 103
146 82
111 64
80 48
52 37
33 27
21 17
19 11
27 13
44 21
68 33
99 48
132 64
166 80
197 95
224 113
246 125
257 134
259 134
253 132
238 126
214 117
185 103
154 87
119 68
87 52
58 39
37 27
23 17
19 13
23 15
41 21
62 31
91 44
125 60
160 78
191 95
220 113
250 132
255 138
250 130
246 117
240 113
222 113
193 105
158 87
125 68
95 52
68 41
42 35
25 25
19 15
23 13
35 17
54 29
82 41
115 54
152 72
183 89
212 105
236 119
253 128
261 134
257 134
246 130
226 123
199 111
167 93
134 76
101 60
70 42
46 31
29 21
19 15
21 13
31 17
50 27
78 39
109 52
142 68
175 85
207 101
232 117
250 128
259 134
257 134
250 130
232 123
207 113
175 99
142 82
107 64
76 46
50 35
33 25
21 17
19 15
29 17
46 23
72 37
103 52
140 78
167 91
189 89
216 89
246 107
261 130
261 140
250 134
236 119
214 109
185 101
150 93
115 76
82 52
54 31
37 21
23 19
19 19
23 15
39 17
64 25
95 44
126 62
162 80
195 95
222 109
244 123
255 132
259 136
253 134
240 126
218 117
189 103
156 87
123 72
89 54
60 39
39 25
23 17
19 13
23 15
37 21
58 29
87 42
121 58
154 76
185 91
216 107
238 121
253 130
259 134
255 134
244 128
224 119
195 107
164 93
130 76
97 60
68 44
42 29
29 23
25 23
27 25
27 19
42 13
74 23
113 44
148 70
179 87
208 101
234 111
253 125
261 136
259 140
248 134
228 123
203 109
171 95
138 82
103 66
72 44
46 27
29 17
19 13
19 13
29 15
48 21
74 33
105 50
140 70
171 87
203 101
230 115
248 125
257 132
259 134
250 132
234 125
208 113
179 99
146 82
113 66
80 48
52 35
35 23
23 15
19 13
25 15
44 23
68 33
97 46
130 62
166 80
197 99
224 113
244 123
257 130
259 134
253 134
238 128
214 117
187 103
154 87
121 72
91 62
64 50
31 27
11 0
13 0
25 1
42 23
62 37
87 42
123 50
160 70
193 97
218 119
240 128
253 128
259 128
255 132
242 132
218 123
191 103
160 85
126 70
93 56
64 42
42 29
27 17
19 13
21 13
35 21
56 31
83 41
115 54
150 70
183 89
212 107
236 119
251 126
259 134
257 134
246 132
226 123
201 109
169 93
134 78
101 60
70 44
46 31
29 21
19 15
21 13
31 15
50 25
78 39
107 52
142 68
175 85
207 103
232 117
0 126
259 134
259 136
251 134
236 136
207 123
166 93
132 66
105 48
80 41
52 33
31 23
19 11
21 7
31 15
48 29
70 41
101 52
134 64
169 80
199 99
224 115
244 123
257 128
259 130
251 130
236 125
212 115
185 101
150 85
117 68
83 50
58 37
35 25
23 17
17 11
25 13
41 19
64 31
93 46
126 60
162 78
193 95
220 111
242 123
255 130
259 134
255 134
240 126
218 117
189 103
158 89
125 74
89 54
62 39
41 27
25 19
19 13
23 13
37 19
58 29
87 42
119 58
154 76
187 93
214 109
238 123
259 140
259 144
246 126
234 107
222 101
201 105
166 99
130 80
97 52
70 37
46 31
29 29
19 23
21 15
33 13
52 21
78 39
109 56
146 72
179 85
208 99
232 113
251 128
259 136
257 136
248 128
230 121
205 111
171 97
138 80
105 60
74 44
50 31
31 23
19 15
21 13
29 15
48 23
74 37
103 50
138 68
171 83
203 99
220 113
248 126
7 134
259 134
251 130
234 125
210 115
179 99
146 83
113 66
82 48
48 37
35 25
21 17
19 13
27 15
44 25
5 37
93 54
7 76
158 82
175 83
216 93
244 111
9 130
259 136
251 130
177 121
218 115
189 107
154 95
119 74
87 52
60 35
39 25
23 19
17 15
23 13
39 15
60 27
89 42
123 62
31 78
189 91
216 107
240 121
5 130
251 136
255 134
242 128
222 119
193 107
162 91
128 74
95 56
64 41
41 29
25 17
19 13
23 13
35 19
54 29
83 41
117 56
150 74
183 91
210 105
236 119
251 128
259 134
257 134
246 130
228 123
201 109
169 95
136 78
103 62
72 46
46 33
29 23
21 15
25 21
35 29
44 27
64 21
101 29
142 58
177 87
205 107
230 115
250 119
261 128
261 138
251 140
232 130
205 111
177 93
144 82
109 68
78 52
50 33
31 17
21 11
19 13
27 17
42 23
70 31
101 46
134 66
167 85
199 101
226 113
246 123
257 130
259 134
250 134
236 126
212 115
183 99
152 85
117 68
85 54
58 37
35 23
23 17
15 13
25 15
41 21
64 31
93 44
0 60
158 76
193 95
222 111
244 123
255 130
259 134
255 134
242 130
218 119
191 105
158 89
128 76
99 66
64 48
31 23
15 1
15 0
25 5
37 17
56 27
85 39
121 52
154 72
187 95
214 111
238 123
253 128
259 132
257 134
244 130
224 121
197 107
166 89
132 74
99 60
68 44
44 29
27 17
21 13
21 13
31 19
52 27
80 39
111 54
144 70
177 87
208 103
232 115
250 125
257 130
259 134
250 132
230 125
205 111
173 95
140 80
107 64
74 46
48 33
31 21
21 15
19 13
29 15
46 23
72 35
103 50
136 68
171 83
203 101
228 117
248 126
257 132
259 134
251 132
238 128
216 128
181 111
138 76
103 44
80 31
58 31
37 31
21 19
17 7
27 5
44 21
68 41
95 56
128 64
162 74
195 91
222 113
234 126
5 132
259 130
253 126
238 125
216 119
189 107
156 89
121 68
89 52
60 41
39 29
23 19
19 13
21 11
39 17
60 29
87 44
123 58
156 74
189 91
216 109
240 121
253 130
261 134
257 132
242 128
220 119
193 105
164 89
130 76
95 58
66 41
42 27
27 19
19 15
21 15
35 19
46 29
82 41
115 56
148 72
181 89
212 107
240 126
0 138
253 134
248 125
240 113
220 109
203 107
169 95
134 76
103 54
74 41
50 35
31 29
19 19
19 13
31 15
50 25
74 39
105 52
140 66
173 82
205 99
230 115
248 126
259 132
259 134
250 130
232 125
207 115
177 101
144 83
109 64
78 46
52 33
33 23
21 17
17 13
27 15
46 23
70 35
99 48
132 64
167 80
199 97
224 113
244 123
257 130
259 134
253 132
236 126
214 115
185 103
152 85
117 68
85 52
58 39
37 29
23 17
19 13
25 15
41 23
64 33
91 46
130 68
166 89
187 95
208 91
234 97
257 119
263 136
253 138
240 125
220 111
195 101
162 95
126 83
91 62
62 39
39 21
25 17
19 17
21 17
35 15
56 21
85 37
119 58
152 78
183 91
214 103
236 115
253 128
259 136
257 136
244 128
226 119
199 107
166 95
132 78
99 58
70 42
44 29
27 19
17 13
21 13
33 17
46 25
78 37
111 52
144 62
177 87
207 103
232 117
251 126
259 132
257 136
248 130
230 123
205 111
175 97
140 80
109 64
78 48
50 35
33 25
23 19
27 23
29 25
37 19
60 19
99 33
5 58
171 83
193 99
226 107
0 119
257 130
261 140
251 138
220 128
205 113
181 99
148 85
113 68
82 50
54 33
35 21
21 13
17 13
25 15
41 21
64 29
95 44
130 64
164 82
195 97
220 109
244 121
257 132
259 136
253 134
240 126
216 115
189 103
156 89
123 72
89 54
60 39
39 27
23 17
19 13
23 15
37 19
58 29
87 42
121 56
156 76
187 93
216 107
240 121
255 130
259 134
255 134
244 128
222 121
195 107
164 93
130 78
97 62
72 56
42 39
15 11
7 0
19 0
37 15
56 35
80 42
113 48
148 64
181 87
212 111
236 126
251 130
257 130
257 130
248 132
228 126
201 113
169 91
138 72
103 60
74 46
48 35
29 21
21 13
21 11
31 17
48 27
76 37
107 50
140 66
171 83
203 101
230 115
250 126
259 132
257 134
251 130
232 125
208 115
179 99
144 82
111 64
80 48
52 35
33 23
21 15
19 13
27 15
44 21
68 33
99 46
132 64
166 80
197 97
224 113
246 123
257 130
261 134
255 136
242 134
220 128
179 105
142 76
111 52
85 41
60 35
35 25
21 15
19 7
27 11
41 23
64 37
91 50
123 60
158 74
191 93
218 111
240 123
253 128
259 128
253 128
242 128
220 121
193 107
160 89
126 70
95 54
64 42
41 29
25 19
19 13
21 13
35 17
56 27
85 41
117 56
150 72
183 89
212 105
236 119
253 128
259 132
257 134
246 130
224 121
199 109
167 93
134 78
101 62
70 44
44 29
29 19
21 15
21 15
31 17
50 25
78 39
109 54
144 70
177 87
207 105
232 117
255 134
263 146
253 136
238 115
224 101
207 101
177 99
142 87
107 62
78 41
52 29
35 27
23 25
19 19
27 13
46 17
72 31
101 48
132 66
169 82
201 93
226 109
246 125
257 134
259 134
253 130
236 125
212 115
181 103
150 87
115 68
82 48
56 33
35 25
23 19
19 13
25 13
42 19
66 33
95 46
126 62
162 78
195 95
222 111
242 125
255 130
261 134
253 134
240 126
216 117
189 105
158 87
123 70
91 54
62 41
39 29
25 19
19 15
23 13
39 21
60 31
89 46
128 70
156 83
177 87
207 91
236 105
255 123
261 134
255 132
244 125
224 115
199 107
166 99
130 82
97 60
66 39
44 27
27 21
19 17
19 13
33 15
54 23
80 37
113 54
146 72
179 87
210 101
234 117
251 126
259 134
259 136
248 130
228 123
203 111
173 97
138 80
103 60
74 42
48 31
31 21
21 15
21 13
31 17
48 25
74 37
105 52
138 68
173 85
205 101
228 115
248 125
259 132
261 134
250 132
232 126
208 115
179 101
148 83
111 68
80 50
54 37
35 25
21 17
19 15
33 25
44 33
58 25
85 25
125 44
169 76
199 105
222 117
242 117
257 123
263 134
255 142
238 136
214 119
187 99
154 83
119 72
85 56
58 39
37 23
23 11
17 11
23 15
39 23
62 29
89 41
125 58
158 78
191 97
218 111
240 121
255 128
259 134
255 134
242 128
220 119
193 105
162 89
126 74
93 58
66 41
41 29
25 19
19 13
23 15
35 17
56 25
83 39
115 54
150 72
183 91
212 107
236 119
251 128
259 134
257 136
246 130
226 123
201 111
169 95
136 80
107 68
78 56
42 35
17 9
11 0
21 1
33 13
50 27
76 35
109 46
144 66
177 89
207 109
230 121
251 128
259 132
257 134
248 132
230 125
207 111
175 95
140 76
109 62
78 48
52 35
33 23
21 15
21 13
29 17
46 25
70 35
101 46
134 64
169 82
199 99
224 113
246 123
257 130
259 134
251 134
236 126
212 115
183 101
150 85
115 68
83 52
56 37
37 23
21 15
19 13
25 15
41 21
64 31
93 44
128 62
162 80
193 97
220 111
242 123
257 130
259 136
255 136
242 132
224 128
187 119
152 89
111 54
85 31
64 27
41 29
23 23
17 11
23 5
39 15
60 33
87 52
119 64
154 72
185 87
214 105
238 123
251 132
257 132
255 126
244 123
224 121
199 111
166 95
130 74
99 56
68 42
42 33
27 21
19 13
21 11
33 15
52 27
80 41
111 54
146 70
179 85
208 103
234 119
250 128
259 134
257 132
248 130
230 123
203 111
173 95
140 80
105 64
74 48
48 33
31 21
21 15
21 15
29 17
48 25
74 35
105 50
138 68
171 83
203 101
232 119
255 138
257 142
250 130
242 117
232 111
210 107
179 99
144 82
113 62
83 46
56 37
35 29
23 23
19 17
27 15
42 19
66 33
95 46
128 62
164 76
195 93
224 109
244 123
257 132
259 132
253 132
238 126
216 119
187 103
154 87
121 70
87 52
58 37
39 25
25 17
19 13
23 13
39 19
62 29
89 44
123 60
156 76
189 91
218 107
240 123
5 130
251 134
257 134
244 130
220 121
193 107
162 91
128 74
95 56
62 41
42 31
27 21
19 13
23 13
35 17
56 29
83 42
117 58
29 83
181 97
201 95
224 97
250 111
255 130
259 140
246 132
226 115
201 101
171 95
138 85
101 68
70 44
46 25
29 17
21 17
19 19
29 17
50 21
76 33
107 50
140 72
175 87
205 101
232 113
250 125
259 134
259 138
250 132
232 123
207 111
177 99
144 83
109 66
78 46
50 33
31 21
23 15
21 15
27 17
44 23
70 35
101 48
132 66
167 83
199 99
226 111
246 123
257 132
261 134
251 132
236 126
214 115
185 103
152 87
117 70
85 52
58 39
37 27
23 19
23 19
29 25
37 23
52 19
85 27
125 48
162 74
191 95
218 109
242 117
257 126
263 136
257 140
240 134
218 119
191 103
160 89
125 74
91 56
62 39
41 25
25 15
19 13
21 13
37 17
58 25
87 41
119 58
154 76
185 93
214 107
238 119
253 128
259 134
257 136
244 130
224 119
197 105
166 91
132 76
99 60
68 42
44 29
29 21
19 13
21 13
33 17
52 25
78 37
109 52
146 70
179 89
208 105
232 117
251 126
259 132
259 136
250 132
230 123
205 111
173 97
140 82
99 64
78 52
46 44
25 23
7 0
13 0
31 5
50 27
72 42
101 48
136 58
173 78
205 105
228 125
246 132
257 130
261 130
251 132
234 128
210 117
181 99
148 80
113 62
82 50
46 37
35 25
23 15
19 11
27 15
42 25
66 35
95 46
128 60
164 78
195 95
222 111
244 125
7 130
259 132
253 132
240 128
218 119
187 105
154 87
121 70
89 54
60 41
39 27
23 17
17 11
23 13
39 21
60 31
89 44
123 58
156 76
189 93
216 109
240 121
255 128
261 134
257 136
246 134
230 132
195 115
154 85
119 58
91 41
68 35
44 29
25 17
17 9
23 9
37 17
54 33
82 46
115 58
150 72
181 89
210 105
234 119
250 128
257 130
255 130
248 128
228 123
201 113
169 95
136 78
103 62
74 46
46 33
29 23
19 15
21 11
31 17
48 25
74 37
107 50
140 66
173 85
203 101
230 115
250 126
259 132
259 134
250 130
232 125
208 113
179 101
144 82
109 64
80 48
54 37
33 25
21 15
19 13
27 17
44 23
70 33
99 48
134 66
167 83
199 99
226 113
248 126
263 144
259 144
242 123
228 103
214 99
187 101
152 91
117 70
85 46
60 31
39 27
25 25
19 21
25 17
41 17
62 27
91 44
123 62
158 78
191 91
218 105
240 119
255 130
261 136
255 134
242 126
220 119
191 107
160 91
125 74
93 56
62 39
41 27
25 19
19 15
23 15
35 17
56 27
85 41
117 58
152 74
183 89
214 105
238 119
253 130
259 134
257 132
246 128
226 121
199 109
166 93
132 76
101 60
72 44
44 31
29 19
21 15
21 15
33 19
52 29
80 42
115 62
15 82
138 87
197 91
226 99
1 117
261 130
257 134
248 128
232 119
208 111
177 101
142 87
107 68
76 46
50 31
31 23
19 17
19 15
27 13
46 19
64 31
101 50
136 68
169 83
201 97
228 113
248 125
257 134
259 136
251 132
236 125
210 115
179 99
150 83
115 68
83 50
46 37
35 23
21 17
19 13
27 17
41 23
62 31
95 44
128 62
162 80
187 97
222 111
236 123
5 130
251 134
251 134
240 128
218 119
189 105
156 89
123 72
89 56
60 41
41 29
25 19
19 15
23 19
42 33
54 31
76 25
115 35
156 64
189 93
216 115
238 119
253 123
261 128
259 138
244 138
222 126
195 105
164 87
130 74
95 60
66 44
42 25
27 15
19 11
21 13
33 19
52 27
82 39
115 54
146 72
179 89
210 107
236 119
251 126
257 132
257 136
248 132
228 123
201 109
171 95
138 80
105 62
74 44
46 29
29 17
21 13
21 15
31 17
48 25
76 35
105 48
140 66
173 85
205 103
230 117
248 125
259 130
259 134
250 134
234 126
208 113
179 99
146 83
115 70
87 62
52 42
23 17
11 0
15 0
29 7
44 23
66 35
97 42
132 56
167 78
201 103
224 121
244 128
255 128
259 132
253 132
236 128
214 117
185 99
152 82
119 66
85 52
58 39
37 25
23 15
19 13
23 15
39 21
62 33
91 44
123 60
158 76
191 95
218 109
240 121
255 128
261 134
255 134
242 128
220 119
193 107
162 91
126 74
91 56
64 41
42 29
25 19
19 13
21 13
35 19
56 27
85 41
117 56
150 74
185 91
214 107
236 121
251 128
259 132
259 136
248 134
226 126
205 123
167 103
123 68
91 37
68 27
48 29
29 27
17 17
15 5
33 9
54 27
80 46
109 62
17 62
171 82
207 99
222 119
248 130
9 134
259 130
248 126
230 121
207 113
177 101
142 82
107 62
76 44
50 33
33 25
21 17
19 13
27 13
46 23
70 37
101 50
134 66
169 82
201 97
226 113
246 126
257 132
259 134
251 132
236 125
212 115
183 101
148 83
117 68
83 52
56 39
35 25
23 17
17 13
25 15
41 21
64 33
95 46
128 62
162 80
195 97
222 115
248 130
259 142
253 134
244 121
234 111
218 109
191 103
156 89
121 66
91 48
66 39
41 33
25 25
17 17
23 13
37 17
58 29
85 44
119 60
154 72
185 85
216 105
238 121
253 130
259 134
257 132
244 128
224 123
197 111
164 93
130 76
97 58
68 41
42 29
27 21
19 13
21 13
33 17
52 25
80 39
113 56
146 72
179 89
208 105
234 117
251 126
259 134
257 136
248 130
230 123
203 111
171 97
138 80
105 62
76 46
50 33
31 23
19 15
21 13
31 17
48 25
74 39
105 52
142 74
177 97
197 99
216 95
244 103
261 125
261 140
250 136
232 121
210 105
181 97
148 89
111 76
80 52
52 31
35 19
23 17
19 17
27 17
42 17
66 27
97 44
130 64
166 83
197 97
224 109
244 123
257 132
259 138
253 134
238 126
216 117
187 103
152 87
119 70
87 52
58 37
37 25
21 15
19 13
25 15
39 21
62 29
91 42
125 60
158 78
189 93
218 109
240 121
255 128
251 134
255 134
242 128
220 121
193 107
162 91
128 74
95 58
66 42
42 29
27 21
23 19
29 25
33 25
46 21
74 23
113 41
152 66
183 91
210 105
236 115
253 125
261 134
259 140
246 136
226 125
201 109
167 93
134 78
101 62
70 44
44 27
29 17
19 13
21 13
31 17
50 23
78 35
109 50
142 70
175 87
207 103
232 117
250 126
257 132
257 134
250 132
232 125
207 113
175 97
142 82
109 64
78 48
52 33
31 21
21 15
19 15
27 17
44 23
70 33
101 48
134 64
167 80
201 99
228 115
246 126
257 132
259 134
253 134
238 128
212 117
183 101
150 83
117 70
85 56
62 50
35 35
11 5
9 0
23 0
42 19
66 39
91 46
125 54
162 70
195 95
222 119
242 130
255 132
261 130
255 130
240 130
218 123
189 105
158 85
123 66
91 54
62 41
39 29
25 17
19 13
23 13
37 19
58 29
87 42
119 58
154 74
185 91
214 107
238 121
251 128
259 134
257 134
246 130
224 123
197 107
166 93
132 76
97 60
68 44
44 29
27 21
19 15
21 13
33 17
52 25
80 39
111 54
146 72
179 87
210 105
234 119
251 128
259 134
259 136
250 134
236 130
207 123
166 99
128 68
99 44
76 37
50 31
29 23
17 13
19 5
31 13
50 29
76 42
103 54
138 66
171 80
203 99
228 117
246 126
255 130
259 130
250 128
234 125
208 113
181 101
148 83
113 66
82 48
54 37
35 25
21 17
19 13
25 13
42 21
68 33
97 46
128 62
164 80
195 95
222 111
244 123
257 130
259 134
250 132
238 126
214 117
187 103
156 87
121 72
87 54
60 39
39 25
23 19
19 15
23 15
39 21
60 31
89 44
123 60
158 78
189 93
218 111
240 123
9 140
263 148
250 132
232 109
216 97
197 99
166 97
126 80
91 52
66 31
46 25
29 27
19 25
21 19
35 15
48 23
83 33
113 58
146 74
181 85
210 97
236 115
251 130
259 138
259 136
248 128
226 121
201 111
169 99
136 80
103 60
72 42
46 31
29 21
19 13
21 13
31 17
48 25
76 37
109 52
142 70
175 87
205 103
230 117
250 126
259 134
259 136
250 132
232 125
208 113
177 99
144 82
109 64
78 46
52 33
33 23
21 17
19 15
27 17
46 25
72 37
103 54
140 78
166 89
189 91
216 95
244 109
259 126
259 136
251 132
236 121
216 111
187 103
154 93
117 76
85 54
58 37
35 23
21 17
19 15
25 15
41 19
62 27
91 42
126 60
160 80
193 95
218 107
242 121
255 130
259 136
253 134
242 128
220 119
193 107
158 91
125 74
91 56
64 39
41 29
25 17
17 13
23 13
37 21
58 31
85 42
119 58
152 76
185 91
214 107
238 121
3 128
251 134
255 134
246 130
226 121
199 109
166 95
132 78
99 60
70 44
44 31
29 21
19 15
15 17
39 29
48 31
5 25
103 29
144 54
181 87
205 111
224 119
0 121
261 126
261 138
250 140
125 130
205 111
173 91
140 76
105 64
74 50
48 33
31 19
19 9
19 13
29 19
46 25
72 33
105 46
138 66
171 85
201 103
228 115
248 125
257 132
259 136
250 134
236 126
210 113
181 99
148 83
113 66
82 50
56 37
35 25
21 17
19 13
27 17
42 21
66 31
95 46
128 62
162 80
195 95
224 111
244 125
255 132
259 134
253 132
240 128
208 119
187 105
156 89
123 74
95 62
64 50
31 27
13 3
13 0
25 3
39 19
58 31
87 41
123 52
158 74
189 97
216 115
238 125
253 128
259 132
255 134
244 132
220 123
195 107
162 87
128 72
97 58
66 42
42 29
27 17
19 13
21 13
33 19
54 27
82 39
115 54
148 72
179 87
210 105
236 119
251 126
259 130
257 132
248 132
228 125
201 111
169 95
136 78
105 62
72 46
46 33
29 19
19 13
21 13
31 17
48 23
13 37
107 52
15 70
173 85
205 101
232 117
0 128
251 134
259 136
250 132
232 126
212 121
181 113
136 82
99 44
74 27
54 25
37 29
21 23
17 11
27 7
46 19
72 41
99 58
130 68
166 78
199 91
226 113
244 128
255 134
259 132
253 126
238 125
214 119
183 103
152 85
119 68
87 52
58 39
35 27
23 19
19 13
25 13
39 19
62 31
91 44
125 60
158 76
191 93
220 109
242 123
255 130
259 132
255 134
242 130
220 119
191 105
160 89
126 72
91 54
64 41
41 29
25 19
19 13
23 13
37 19
56 29
85 42
117 58
25 74
185 91
214 109
240 125
1 140
257 140
246 126
236 115
224 107
201 103
167 95
130 76
99 54
70 39
46 29
31 27
21 23
19 17
33 15
52 23
78 41
109 56
142 70
177 83
207 97
232 113
250 126
259 134
259 136
250 130
230 123
205 113
175 99
140 83
99 64
76 46
50 33
31 21
19 15
19 11
29 13
48 23
72 37
101 50
9 66
171 83
193 99
228 115
248 125
7 132
259 134
251 132
218 125
203 115
181 101
150 83
115 68
82 50
54 35
35 25
23 17
19 15
25 15
42 23
66 33
95 48
130 68
167 93
193 103
210 97
234 99
255 115
263 134
255 142
238 128
216 109
191 97
160 91
123 83
89 62
60 39
39 21
23 13
17 15
23 17
37 19
58 25
87 37
121 56
156 78
187 95
216 107
238 117
253 128
259 136
255 138
244 130
222 119
195 107
164 91
128 76
97 58
68 41
44 27
27 19
19 15
21 13
33 17
54 25
82 41
113 56
146 72
179 87
210 103
236 119
251 128
259 136
257 134
248 130
228 121
203 111
171 97
136 80
103 62
74 44
48 33
31 25
21 19
27 23
33 27
41 25
62 23
99 31
142 58
175 83
203 103
228 111
250 121
261 130
261 140
250 140
234 128
208 113
171 97
144 82
111 68
78 50
52 33
33 19
21 11
21 13
27 17
44 25
68 33
97 46
0 62
166 78
197 99
224 113
236 123
7 130
259 134
250 134
160 128
207 115
185 101
152 85
119 70
87 52
58 37
37 25
23 15
19 13
25 15
39 21
62 31
91 42
123 60
158 78
189 93
218 107
242 123
255 132
259 136
255 134
242 128
222 119
193 109
162 93
126 76
95 58
70 50
44 42
17 15
7 0
17 0
37 9
58 33
83 46
115 52
152 64
187 87
214 113
236 128
251 132
259 132
257 130
246 130
224 125
199 111
167 91
132 72
101 56
70 44
44 33
29 21
21 13
21 13
31 17
50 27
78 39
109 52
142 68
175 85
207 103
232 117
250 128
259 132
257 132
250 130
232 126
207 115
173 99
140 80
109 64
78 48
50 37
31 23
21 13
19 13
27 15
46 25
70 35
103 50
134 66
169 82
201 99
228 115
248 126
257 132
259 136
253 134
240 132
218 125
181 107
138 78
107 52
82 39
56 31
37 25
21 17
19 9
27 11
44 23
66 37
95 50
126 64
162 78
193 93
220 111
242 123
253 130
257 130
253 128
240 126
216 117
189 103
158 87
125 72
91 56
62 41
39 27
25 19
19 15
23 15
37 19
58 29
87 42
119 58
154 76
185 91
216 107
238 121
253 128
251 132
255 132
246 130
224 123
197 109
164 91
130 76
97 58
68 42
44 31
27 19
19 13
21 13
33 17
52 27
80 41
109 54
21 64
179 89
210 105
234 119
253 134
265 148
253 140
236 117
220 99
203 97
175 97
140 85
103 62
72 37
50 25
35 25
21 27
19 21
27 15
48 17
74 33
105 54
136 72
169 82
203 93
230 107
248 125
257 136
259 138
251 130
234 123
208 113
179 101
146 87
113 68
80 48
52 33
33 23
21 15
19 13
27 15
42 21
68 31
99 48
130 64
164 82
197 97
224 111
244 123
255 132
259 134
253 132
238 128
214 117
185 103
154 87
121 70
87 52
60 39
39 29
25 21
19 15
25 15
41 21
64 33
91 48
130 70
160 85
181 89
208 95
236 105
255 121
261 132
253 134
242 125
222 115
195 105
164 95
128 82
93 60
64 39
41 25
27 19
19 17
21 15
33 15
56 23
83 39
115 56
150 76
181 89
212 103
236 117
1 128
261 134
257 136
246 130
226 121
201 107
169 95
134 78
101 60
70 42
46 29
29 19
19 15
19 11
31 15
50 25
76 39
107 54
142 68
175 85
207 103
232 117
250 126
259 132
259 134
250 132
232 125
207 113
177 97
142 82
109 66
78 48
52 35
33 25
21 17
19 15
33 25
48 35
62 29
89 27
130 44
171 76
203 105
224 119
244 121
259 125
263 132
253 140
236 136
212 119
183 97
150 82
115 70
82 54
56 39
35 21
23 11
17 9
25 15
41 23
64 31
93 42
125 58
162 80
193 99
220 113
242 123
255 128
259 134
255 134
240 130
218 117
189 103
160 87
125 72
91 56
62 39
41 27
25 17
19 13
23 15
37 19
58 29
85 41
119 56
152 72
185 91
216 107
238 121
253 128
259 134
257 134
246 128
224 121
197 109
166 93
132 78
101 64
78 56
41 35
17 9
9 0
19 0
35 13
52 27
78 39
111 48
148 66
181 89
210 111
232 123
251 128
261 132
259 136
248 134
228 125
203 111
173 95
138 78
105 60
76 46
48 33
31 21
19 13
21 13
29 17
48 25
72 37
103 50
138 66
171 83
203 101
228 113
248 125
257 130
259 132
251 132
236 126
210 115
179 101
148 83
113 66
82 50
54 37
33 25
19 13
19 13
27 15
42 25
66 35
97 46
130 64
164 82
195 97
222 113
244 123
257 130
261 134
253 134
238 128
220 123
195 119
150 91
107 56
82 29
62 25
41 29
23 25
17 13
25 5
41 13
64 33
91 54
123 66
156 76
189 87
216 105
240 123
253 134
259 132
253 128
242 123
222 119
195 109
164 95
128 74
95 56
66 41
42 31
25 21
19 15
21 11
35 15
54 25
82 39
115 56
148 72
181 87
210 103
236 119
251 130
259 134
257 134
246 130
228 123
201 109
169 95
134 76
103 60
74 46
46 33
29 21
19 15
21 15
31 17
48 27
76 37
107 52
17 68
175 80
207 103
232 121
255 136
261 142
250 130
177 109
228 109
208 105
177 97
140 80
109 60
80 42
54 33
35 29
21 23
21 17
27 13
44 21
68 33
99 50
125 68
166 80
197 93
224 109
246 125
257 134
259 136
253 130
238 125
214 117
183 105
150 87
117 68
83 50
56 35
35 23
23 17
19 13
25 15
41 21
62 31
93 46
126 64
160 78
191 93
220 109
242 123
255 130
259 134
255 132
242 128
220 119
191 107
158 91
126 74
91 56
62 41
41 27
27 19
21 15
23 15
35 19
58 29
85 44
119 62
158 85
185 101
205 99
226 97
251 109
261 126
259 140
244 134
224 117
199 101
169 93
134 85
99 68
68 46
42 25
27 15
19 13
21 17
31 19
50 23
80 33
111 50
144 72
177 89
208 103
234 115
250 125
259 132
257 136
250 132
230 123
205 111
173 95
140 80
107 64
74 46
48 31
31 19
21 15
19 13
29 15
46 21
74 35
105 50
136 68
169 83
203 101
228 115
248 126
257 132
259 134
251 132
236 126
210 115
181 99
148 83
115 68
82 52
46 37
35 25
25 19
23 19
29 25
39 23
54 21
89 29
128 50
156 76
195 95
220 109
236 119
7 126
261 136
255 138
224 125
216 117
187 101
154 87
121 72
87 56
60 37
37 23
23 15
17 13
23 13
39 19
60 29
89 41
123 56
156 76
187 95
216 109
240 121
253 128
261 132
257 134
242 130
222 119
195 103
164 89
128 76
95 58
66 41
42 27
27 17
19 15
21 13
33 17
54 27
82 41
113 54
146 70
181 87
212 105
234 119
251 128
259 134
259 136
185 132
228 123
203 111
171 97
128 80
103 64
76 52
54 44
25 25
7 0
11 0
31 1
52 25
76 44
105 52
140 58
175 80
207 105
230 125
248 132
259 130
259 130
250 130
232 126
207 115
177 97
144 78
111 60
78 46
52 37
33 25
21 15
19 11
27 13
44 25
70 37
99 48
132 64
166 80
199 99
224 115
244 125
257 128
259 132
253 132
240 128
214 117
185 103
152 85
119 70
85 52
58 37
37 25
23 17
19 13
25 15
41 21
62 31
91 44
125 58
160 78
191 93
220 111
242 123
255 130
261 136
255 136
244 132
226 126
193 115
152 85
115 58
89 41
66 33
42 29
25 19
17 9
23 9
39 17
58 33
85 48
117 60
152 72
183 87
212 107
236 121
251 130
259 132
255 130
246 128
226 123
199 111
167 93
134 76
101 60
72 44
44 33
27 21
19 13
21 13
33 17
50 27
78 39
109 50
144 68
177 85
207 101
232 117
1 126
251 134
259 136
250 132
230 125
205 113
175 99
140 82
99 62
78 46
52 35
31 25
15 15
19 5
29 15
46 25
72 37
103 50
136 66
169 83
201 99
228 115
248 128
263 144
259 146
242 123
224 103
210 95
185 97
150 91
113 70
82 44
56 27
37 23
23 23
19 21
25 15
41 17
64 27
95 46
126 66
162 80
193 93
220 103
242 119
255 132
261 138
253 134
240 125
218 115
189 105
158 91
123 74
89 54
60 37
39 25
23 17
17 13
23 13
39 19
58 29
87 42
121 58
156 76
187 93
216 107
238 121
255 130
259 134
255 134
244 128
222 119
197 107
164 93
130 76
97 58
68 41
42 29
27 19
21 15
23 15
33 19
54 27
82 42
119 62
152 85
173 91
199 91
226 99
251 115
261 130
257 134
246 128
230 117
205 107
173 99
138 85
105 66
74 46
48 29
29 19
19 15
21 15
29 17
46 21
74 33
105 48
138 68
173 85
203 99
222 113
0 125
251 134
259 136
250 132
234 125
208 113
177 99
144 82
111 66
80 48
52 33
33 21
21 15
19 13
25 15
42 21
70 33
99 48
130 66
166 82
197 97
224 113
246 126
257 132
259 134
253 132
238 126
214 117
185 103
154 87
119 70
87 54
58 39
35 25
25 19
19 17
29 25
44 33
56 31
78 25
117 37
160 66
193 97
218 115
240 119
255 123
261 128
257 138
244 138
220 125
193 103
160 85
126 72
93 60
64 42
41 25
25 13
19 9
23 13
35 19
56 27
85 39
117 54
150 72
181 89
214 107
238 121
251 128
259 132
257 134
246 130
228 123
199 109
167 91
134 76
101 60
70 44
44 31
27 21
19 15
21 13
31 17
50 25
76 37
109 52
142 68
175 85
207 101
232 115
250 126
259 132
259 134
250 132
232 125
207 113
175 99
142 83
111 68
83 58
50 41
23 17
11 0
17 0
29 9
46 23
68 35
99 44
136 60
171 82
203 105
226 121
246 128
257 128
259 132
253 134
234 130
210 115
181 97
150 80
117 66
83 52
56 37
35 23
23 15
19 11
25 15
41 23
66 33
93 46
126 60
160 76
193 95
222 111
242 123
255 128
259 132
253 132
242 128
218 119
189 105
158 89
123 72
89 54
62 41
41 29
25 19
19 13
23 13
37 19
60 29
87 44
119 58
154 74
185 91
216 107
240 121
253 128
261 134
257 134
244 130
224 123
203 119
166 103
121 68
87 37
66 23
48 25
29 27
17 17
19 7
35 9
56 25
82 48
111 64
146 74
179 83
210 99
232 119
248 130
259 134
259 132
248 126
228 121
203 111
173 99
140 82
103 62
72 44
48 33
31 25
21 17
19 13
29 13
48 23
74 37
105 52
138 66
171 83
203 99
228 115
248 126
259 132
259 134
251 132
234 125
208 115
179 99
146 83
111 64
80 48
56 35
35 25
21 17
19 13
27 13
44 21
68 35
99 48
130 64
166 80
197 99
224 115
250 132
261 144
253 136
242 121
232 109
216 105
189 101
152 87
117 66
87 46
62 33
41 29
25 27
17 19
23 15
39 19
62 29
89 46
121 60
156 76
189 89
216 103
238 119
255 130
261 136
255 134
242 126
220 119
195 107
162 93
126 76
95 56
66 41
42 29
25 19
17 13
23 13
37 19
56 27
83 41
115 54
150 74
181 91
212 107
236 119
253 128
259 132
257 134
246 130
226 121
201 111
169 95
134 78
101 60
72 44
46 31
31 23
21 15
21 13
31 17
50 27
78 39
109 54
144 74
179 99
199 101
218 97
244 105
261 125
261 138
250 136
230 121
208 105
179 95
144 89
109 74
78 52
52 31
33 17
21 15
19 17
27 19
44 21
70 29
101 44
134 66
167 85
199 99
226 111
246 121
257 132
259 136
251 136
236 126
212 115
183 101
150 85
117 68
85 52
56 35
35 23
21 15
17 11
25 13
41 21
64 31
93 46
126 62
160 80
193 95
220 111
242 123
255 130
259 134
253 134
242 126
220 119
191 105
158 89
125 72
93 56
62 41
41 31
25 21
23 19
31 27
35 27
46 23
76 23
117 41
156 68
185 93
212 105
238 115
255 125
263 134
257 140
244 136
224 121
199 107
166 91
130 78
97 62
68 42
42 27
27 15
19 11
21 13
33 17
52 25
80 37
111 52
146 72
179 89
208 105
234 117
251 126
259 132
257 136
248 132
228 123
203 111
173 95
138 80
107 64
74 46
48 33
29 21
19 15
21 13
29 17
46 23
72 35
105 50
136 66
169 82
203 97
230 113
250 126
257 134
259 136
251 132
236 126
210 117
179 103
148 83
113 66
83 52
60 46
33 31
11 5
9 0
23 0
44 19
68 41
95 50
128 58
166 74
199 97
224 121
244 132
5 132
259 130
253 130
238 128
214 121
187 103
154 83
121 66
87 52
58 41
37 27
25 17
21 11
25 13
39 21
60 31
89 44
123 58
156 74
187 91
216 109
240 123
255 130
259 132
255 132
244 128
222 123
195 107
162 91
130 74
95 58
66 42
42 27
27 17
19 13
21 13
33 17
54 27
83 41
115 56
148 72
181 87
212 107
236 121
251 130
257 132
257 134
250 132
232 130
207 123
164 97
125 66
97 44
72 35
48 29
29 23
17 13
21 7
33 13
52 27
78 42
107 56
140 70
173 83
205 101
230 119
248 128
257 132
257 130
250 128
232 123
207 113
177 99
146 82
111 66
78 50
52 35
33 25
23 17
19 13
27 15
42 21
70 33
99 46
132 64
167 82
199 99
226 113
246 123
257 130
261 134
253 134
238 126
212 115
185 101
150 85
117 68
85 52
56 37
37 27
23 17
19 13
25 13
41 21
64 33
93 46
126 62
160 80
193 95
220 113
234 125
9 140
263 146
248 132
230 111
214 97
193 95
162 93
123 78
89 50
62 29
44 23
29 25
19 25
21 19
37 15
58 23
85 41
117 60
150 76
183 87
214 101
236 115
251 128
261 136
257 136
246 128
224 119
199 109
167 97
132 80
99 60
68 41
44 27
29 19
19 13
19 11
33 15
52 25
80 39
111 54
144 72
179 87
208 103
232 117
250 126
259 132
259 134
250 132
230 125
205 111
173 97
140 82
107 64
74 46
48 33
31 21
21 15
21 15
29 17
48 25
74 39
107 56
144 80
169 91
191 93
218 97
246 109
259 126
259 136
250 132
234 119
212 109
185 101
150 91
115 74
82 52
56 35
35 23
21 17
17 13
25 13
41 17
66 29
95 44
128 62
164 80
195 97
222 111
244 123
257 132
259 136
253 134
238 126
216 117
189 103
156 87
121 72
89 54
60 39
39 27
25 17
15 13
23 13
37 19
52 29
89 42
123 58
156 76
187 91
216 107
238 121
253 130
259 134
255 134
244 128
222 119
195 107
164 91
128 74
97 58
68 44
44 31
27 21
19 15
25 19
41 31
52 35
70 27
103 29
148 54
185 89
210 113
232 119
1 121
261 126
261 138
248 140
228 130
201 111
171 91
136 76
101 64
72 48
48 31
29 17
19 9
19 11
31 19
48 27
76 35
105 48
140 64
175 87
205 105
228 115
250 125
259 132
259 136
250 134
232 126
208 113
177 99
144 82
111 64
80 48
52 35
33 21
21 15
19 13
27 15
44 23
68 33
99 46
132 64
166 82
197 97
224 111
246 125
257 132
259 136
253 132
238 128
216 119
185 105
152 87
121 72
91 60
62 48
29 25
11 1
13 0
25 0
42 19
0 33
78 42
0 54
162 76
193 97
220 117
240 126
255 128
259 132
255 134
240 130
218 121
191 103
158 85
125 70
93 56
64 42
41 29
25 17
19 11
23 15
35 21
56 29
85 41
117 56
150 74
183 91
212 105
236 119
251 128
259 132
257 132
246 130
226 123
199 109
167 95
134 78
101 62
72 44
44 31
27 19
19 13
21 13
31 17
50 25
78 37
111 52
144 62
177 87
207 103
234 117
251 126
259 134
257 136
250 132
230 125
210 121
177 111
125 78
97 44
72 25
52 25
33 29
21 21
17 9
29 7
48 21
66 41
103 60
9 70
164 78
201 93
228 109
246 128
255 134
259 130
251 126
234 123
210 117
181 103
150 85
117 66
82 48
54 37
35 25
23 19
19 13
25 13
41 19
66 31
95 46
128 62
162 78
193 95
222 111
244 123
255 132
259 134
255 132
240 128
216 119
189 105
156 87
123 70
89 54
62 41
39 27
25 19
19 15
23 15
37 21
60 31
87 44
121 60
154 76
187 93
216 111
242 126
259 142
257 140
246 126
236 113
222 107
197 101
164 93
128 74
95 54
68 37
46 29
29 27
21 23
21 15
33 15
54 23
82 39
111 56
146 70
179 83
210 99
234 115
250 126
259 134
259 134
248 128
228 121
203 111
171 97
138 80
105 62
72 44
48 31
31 21
19 15
19 11
29 15
48 23
74 37
105 52
138 68
173 85
205 101
230 117
248 126
257 132
259 134
251 132
232 126
208 115
171 99
146 83
113 66
80 48
52 35
35 23
23 17
19 15
27 15
44 23
68 35
99 48
126 70
171 95
195 103
212 99
236 99
0 117
263 136
253 140
236 126
214 107
189 95
156 89
121 82
85 62
58 39
37 21
15 13
19 17
15 19
39 19
62 27
91 39
123 58
33 80
187 95
218 109
240 119
255 128
261 136
255 136
242 130
220 117
193 105
162 91
126 76
93 58
64 39
42 27
27 19
19 15
21 13
35 17
58 27
85 41
117 58
150 74
183 89
212 105
236 119
251 128
259 134
257 134
246 130
226 121
199 109
169 95
134 80
101 62
72 46
46 31
29 23
21 19
27 23
35 27
42 23
64 23
103 35
144 60
177 85
205 103
230 113
250 121
261 130
261 138
251 138
232 128
207 111
175 95
142 82
107 66
76 48
50 31
31 19
21 13
19 11
27 17
46 23
70 33
101 46
134 64
169 83
201 101
226 115
246 123
257 130
261 134
253 132
236 126
212 115
183 101
150 83
115 68
83 52
56 37
35 25
23 17
17 13
25 15
41 21
64 31
95 44
128 62
162 80
193 97
220 111
244 121
257 132
261 136
255 134
240 128
218 119
191 107
158 91
123 74
91 56
68 48
42 39
15 15
7 0
19 0
41 11
62 33
78 46
119 54
29 66
189 89
216 113
236 128
1 132
261 132
257 132
244 130
222 125
195 111
164 89
130 70
97 54
70 44
44 33
27 21
19 11
21 11
33 19
52 29
80 39
111 52
146 68
179 85
208 103
234 119
251 126
259 130
257 132
248 130
230 125
203 113
171 97
138 78
105 62
74 46
48 33
29 21
19 13
21 13
29 17
48 25
72 37
105 50
138 68
173 83
203 101
228 115
250 126
259 134
259 136
251 134
238 130
218 126
177 105
136 76
103 48
80 35
56 31
33 25
19 15
17 7
29 9
46 23
68 39
97 52
130 66
166 80
197 95
222 113
244 125
255 132
259 132
251 128
238 125
216 117
187 103
154 87
121 70
87 54
60 39
37 27
23 17
19 13
23 13
39 21
60 31
89 44
123 60
158 76
189 93
218 109
240 123
255 130
259 134
255 134
244 128
222 119
193 107
162 91
126 72
95 56
66 42
41 31
25 19
19 13
23 13
35 17
54 29
83 42
117 56
150 74
183 89
212 107
236 121
255 134
265 148
253 138
236 115
220 99
201 95
171 95
136 83
99 60
70 37
48 25
33 25
21 27
21 21
29 15
50 19
76 33
107 54
140 72
173 83
205 95
232 111
248 125
259 134
259 136
250 130
232 123
207 113
175 101
144 83
109 66
78 48
50 31
33 21
21 15
19 11
27 15
44 21
70 33
101 48
134 64
167 82
199 97
226 113
248 125
257 132
259 134
251 132
238 126
212 117
183 103
150 85
117 68
85 52
56 37
35 23
23 17
21 15
25 17
41 21
66 33
95 48
132 72
162 89
183 91
208 93
238 105
257 123
259 134
253 134
240 125
220 113
193 103
160 93
125 80
91 60
62 39
39 25
23 17
17 13
23 15
37 17
56 27
85 39
119 58
152 76
187 93
214 107
238 119
253 130
259 134
257 136
246 130
224 121
197 107
166 93
132 76
99 60
68 42
44 29
29 19
21 15
21 15
31 17
52 25
80 39
111 54
144 72
177 87
208 103
234 117
251 128
257 132
257 134
248 130
230 123
205 111
173 97
140 80
107 64
74 46
50 33
31 23
21 17
19 15
33 25
50 35
64 29
91 27
134 44
173 78
205 107
226 119
246 121
259 123
263 134
253 142
234 134
208 117
181 95
148 80
113 68
80 52
52 37
33 21
21 11
19 11
25 17
42 25
68 33
97 44
128 60
162 78
197 99
224 115
244 125
255 130
259 134
253 134
240 130
214 119
187 103
156 85
121 70
87 54
60 39
39 25
23 17
19 13
23 15
39 19
60 31
89 44
121 58
156 76
189 93
216 107
240 119
255 130
261 136
255 136
244 130
222 121
197 109
164 93
128 78
99 64
70 50
39 29
17 7
11 0
21 0
37 13
54 29
82 39
115 50
150 68
185 91
212 113
234 125
251 128
259 130
257 132
246 132
226 125
201 109
169 91
136 76
103 58
72 44
46 33
29 21
19 13
19 13
31 17
50 27
76 37
107 52
140 66
173 85
205 103
230 117
248 125
259 130
259 132
250 130
232 125
208 115
177 101
144 83
111 66
80 48
52 35
33 23
21 15
19 11
27 13
44 23
70 35
99 48
126 64
167 82
199 99
226 113
246 125
257 132
259 136
253 134
238 126
218 123
189 115
146 89
105 52
80 29
58 25
39 27
23 23
17 11
25 7
42 15
64 35
93 54
125 66
160 78
193 91
220 109
240 125
5 132
259 132
255 128
240 125
220 119
191 107
158 91
125 70
93 52
64 41
41 31
25 21
19 13
23 13
37 19
56 29
83 42
117 56
152 74
183 89
214 105
238 119
253 130
259 134
257 134
244 128
226 121
199 109
167 95
132 76
99 58
70 42
46 31
29 23
19 15
21 13
33 17
52 27
78 39
111 54
144 72
177 87
208 105
236 121
257 138
259 142
250 128
238 115
220 107
207 105
175 97
138 80
107 58
76 41
52 33
31 27
19 21
21 17
29 17
46 21
64 35
101 52
136 66
169 82
199 95
226 111
248 125
7 132
259 134
251 132
236 126
203 117
181 103
148 85
111 68
83 50
46 37
33 25
21 15
19 13
25 13
41 19
66 31
97 46
128 64
162 80
195 95
222 109
244 123
255 132
259 134
250 132
162 126
218 117
189 105
156 89
123 72
89 54
60 39
39 25
23 17
21 13
25 15
37 21
60 29
89 44
123 62
162 87
187 103
207 99
228 97
251 111
263 130
257 138
242 130
222 115
197 99
166 91
130 83
95 66
66 44
42 25
25 15
17 13
21 15
33 19
54 23
82 35
113 52
148 74
179 91
210 105
234 117
251 126
259 134
257 136
248 132
228 123
201 109
169 93
136 80
105 64
74 46
46 31
29 19
21 15
21 15
29 17
46 23
76 35
107 50
140 70
173 85
205 101
230 115
250 126
257 132
257 134
251 132
234 125
208 115
177 99
146 83
111 66
80 50
52 35
33 25
23 19
25 21
33 29
39 25
58 21
91 29
132 50
167 78
197 99
222 111
246 119
259 128
263 138
253 142
238 132
214 117
185 99
152 85
117 72
85 54
56 37
35 21
15 13
19 11
25 15
39 19
64 29
91 42
0 60
158 76
191 95
220 109
234 123
253 130
259 134
255 134
242 128
220 119
191 105
160 91
126 74
93 56
64 41
41 29
27 19
19 13
21 11
35 19
56 29
85 42
117 56
150 72
183 89
212 107
236 119
253 130
259 134
257 134
246 132
226 123
199 109
167 95
134 80
99 62
76 52
50 42
23 21
7 0
13 0
33 5
54 29
78 44
109 52
142 62
179 82
210 107
232 126
248 132
7 130
259 128
250 130
222 128
203 115
173 95
142 76
107 60
76 48
50 35
33 23
21 13
19 11
27 15
46 25
72 37
103 50
134 64
169 82
201 99
228 115
246 126
257 130
259 132
251 130
236 126
212 117
183 101
150 83
115 68
83 50
56 37
35 25
21 15
19 11
25 13
42 21
66 33
95 46
128 62
162 78
195 95
222 113
242 125
255 132
261 136
255 136
242 132
224 128
189 113
148 83
113 56
85 39
64 31
41 27
23 19
17 9
23 7
41 19
62 35
87 50
119 62
154 74
187 89
214 107
238 123
253 130
259 132
257 130
244 126
222 119
195 109
164 91
130 74
97 58
68 44
44 31
27 19
19 13
21 13
33 17
52 27
80 39
113 54
146 70
179 87
210 105
234 117
251 126
259 132
259 134
248 130
228 123
203 111
171 95
130 80
103 62
74 44
48 33
31 23
19 15
19 13
31 17
50 25
74 37
105 52
15 68
173 85
205 101
230 117
0 128
265 144
251 140
240 121
222 99
193 95
175 99
146 91
109 68
80 41
56 29
35 25
21 25
19 21
27 17
44 17
68 29
97 48
130 68
166 82
197 93
222 107
244 121
257 132
259 136
251 130
238 125
216 117
185 105
152 89
119 70
87 52
60 37
37 27
23 17
19 13
23 13
39 19
62 29
91 44
125 60
158 78
191 95
218 109
242 123
255 132
261 136
255 134
242 126
220 119
193 105
160 91
126 74
95 56
64 41
42 29
25 17
19 13
23 15
37 21
56 31
85 44
123 64
154 85
175 91
201 93
230 99
253 117
261 130
255 134
244 126
228 117
203 107
171 99
134 85
101 66
70 44
48 29
29 19
17 15
21 15
31 17
50 23
76 35
109 52
144 70
175 87
207 103
232 115
250 126
259 132
259 136
250 132
230 123
207 111
175 97
142 82
109 64
78 48
50 33
31 21
21 15
19 13
29 15
46 23
72 35
101 50
134 68
167 83
201 99
228 113
246 125
257 130
259 132
251 130
236 126
205 117
183 103
150 83
117 68
83 52
48 39
37 27
23 17
19 15
29 21
44 35
56 31
82 25
123 39
164 70
195 101
220 115
234 119
257 123
263 130
257 140
240 138
218 125
189 103
158 83
123 72
89 58
60 42
39 25
23 13
19 9
23 15
35 21
58 29
87 39
119 56
29 76
185 95
216 109
238 119
3 128
251 134
251 134
244 130
222 121
197 107
166 91
130 76
99 60
68 44
44 31
27 19
19 15
21 13
33 19
52 25
80 39
113 52
146 70
177 87
208 103
234 119
251 128
259 134
257 134
250 132
230 125
203 113
171 97
138 82
109 66
82 58
48 39
19 15
11 0
17 0
31 9
48 25
72 37
103 46
140 62
173 83
205 105
228 123
248 128
259 130
259 132
250 134
234 128
208 115
179 97
146 80
113 64
80 50
52 35
33 21
23 13
19 13
25 15
42 23
68 33
99 46
130 64
164 82
195 97
224 111
244 123
255 128
259 132
255 134
240 128
216 119
187 103
154 87
121 72
87 54
58 39
37 25
25 17
19 13
23 13
39 19
62 29
91 42
123 58
156 76
189 95
218 109
240 123
255 130
259 134
255 134
244 130
224 125
199 121
160 99
117 62
85 35
64 25
44 27
27 27
17 15
21 5
37 9
58 29
85 50
115 64
148 72
181 83
212 103
234 123
251 132
259 132
257 128
246 125
226 119
199 111
169 97
136 80
101 58
72 44
46 31
29 23
21 15
19 13
29 13
50 23
76 37
107 52
140 68
173 83
207 99
232 117
250 128
259 132
259 134
250 132
232 123
207 111
175 95
144 80
109 62
78 48
52 35
33 23
21 17
19 13
27 17
44 23
70 35
101 48
134 64
167 82
201 99
228 117
251 132
261 142
251 134
242 121
230 109
214 105
185 99
148 85
115 66
83 46
58 35
37 27
23 25
19 19
25 15
41 19
64 31
93 48
125 62
158 76
193 89
220 107
242 123
255 130
259 132
255 130
242 126
218 119
191 107
158 91
125 72
91 54
62 39
41 27
25 19
19 11
21 9
37 15
58 27
87 42
119 58
152 74
185 89
214 107
238 121
253 130
259 134
257 134
246 128
224 121
197 107
166 93
130 78
99 58
68 42
44 29
27 21
21 15
21 13
33 19
54 27
80 41
111 56
150 80
181 101
201 101
220 97
246 103
261 125
261 138
248 134
228 117
205 101
177 93
142 87
105 72
74 50
48 29
31 17
19 13
19 17
29 19
46 23
72 29
103 46
138 66
171 85
203 101
228 111
248 123
257 132
259 138
251 134
234 123
210 113
181 101
148 85
113 68
82 50
56 33
35 23
21 17
17 13
25 13
44 21
66 33
95 46
130 64
164 82
197 97
222 111
244 123
257 132
259 134
253 134
238 128
216 117
187 103
156 87
121 70
89 52
60 39
39 27
25 21
21 19
31 25
37 27
48 21
78 23
121 42
160 70
189 95
214 109
240 117
255 125
263 134
257 140
242 134
222 123
195 105
164 89
126 76
95 58
66 42
42 25
25 15
19 11
21 13
35 19
54 27
82 37
115 52
150 72
181 91
210 107
234 119
251 126
259 132
257 134
246 130
228 121
201 109
169 95
136 78
103 62
72 44
48 31
29 19
21 15
21 15
31 17
50 25
76 35
107 50
140 70
